33.510913,-111.924902,15,1,11
33.466077,-112.078974,15,4,64
33.465387,-111.918011,15,8,202
33.453876,-111.953305,15,3,368
33.6396167,-112.2508837,15,1,11
33.546,-111.96828,15,16,195
33.6265955062005,-112.011376619339,15,3,26
33.3497229,-111.8576517,15,3,239
33.3791106,-111.563513,15,1,7
33.4499,-112.0739,15,40,99
33.5806052,-112.2683946,15,1,48
33.5071469,-112.0744706,15,3,48
33.534184,-112.174034,15,5,11
33.422728,-111.951494,15,9,24
33.449188,-112.0772,15,34,6
33.6986501,-111.9174368,15,3,99
33.698837,-111.888302,15,4,118
33.461535,-112.0696678,15,1,57
33.4769682,-112.3585329,15,1,120
33.6319414,-111.9256509,15,2,35
33.670256,-112.117994,15,2,11
33.5066696,-111.9939817,15,3,136
33.598462,-111.92456,15,1,49
33.6397629,-112.0718046,15,2,7
33.5800094726177,-112.01339179649,15,3,11
33.6117897,-111.9783582,15,5,84
33.5817884,-111.92366,15,10,65
33.5056919,-112.040429,15,4,84
33.451818,-112.340391,15,5,11
33.2183331740449,-111.564445495605,15,1,11
33.477111,-112.074398,15,5,11
33.3939196,-111.8402948,15,3,11
33.640184,-112.354279,15,5,78
33.5238927,-112.0467816,15,6,175
33.421166,-111.910514,15,4,72
33.5341958,-112.2667095,15,1,6
33.6640037,-112.2027562,15,7,7
33.495981,-112.029012,15,6,65
33.5095996,-112.0916152,15,6,293
33.4352894,-111.9248982,15,1,11
33.4329724,-111.9043028,15,23,6
33.494435,-112.040837,15,1,297
33.31081,-111.772012,15,13,17
33.678615,-111.9746066,15,56,33
33.4345079248623,-111.823428869247,15,1,8
33.4508919,-112.3926148,15,3,78
33.377442,-111.787498,15,3,273
33.495024,-112.063756,15,2,11
33.385525,-111.698011,15,1,72
33.6556844,-111.9300279,15,27,265
33.5612361,-112.0737398,15,1,38
33.335942,-111.790625,15,6,11
33.65379,-112.23381,15,5,43
33.4160688,-111.5722283,15,1,43
33.378116,-111.756758,15,5,65
33.4499,-112.0739,15,40,177
33.4994191,-111.9276516,15,9,38
33.609866,-112.013801,15,5,58
33.4342595,-111.9252882,15,5,7
33.5577181,-111.8987131,15,4,11
33.604202,-112.285938,15,1,11
33.2937998,-111.7218861,15,3,27
33.4219892,-111.9321108,15,1,33
33.417356,-112.1201134,15,1,103
33.4499,-112.0739,15,40,24
33.306607,-111.998885,15,7,64
33.4661264,-111.9175425,15,8,27
33.422955,-111.7736106,15,1,96
33.4542695,-111.9094198,15,1,168
33.5538282,-112.0980631,15,6,9
33.306489,-112.052879,15,4,147
33.348109,-111.912238,15,5,336
33.4150496,-111.8328578,15,6,84
33.6462961,-111.9189477,15,4,38
33.5383991,-112.0450178,15,1,39
33.351349,-111.789981,15,2,6
33.076048,-112.026011,15,2,49
33.4161245,-112.0079201,15,3,17
33.4917397,-112.0744818,15,3,24
33.64085,-112.030411,15,2,6
33.582549,-112.272365,15,1,11
33.510036,-112.09716,15,6,13
33.4324361,-111.9343636,15,1,247
33.6387798,-112.1672471,15,2,120
33.638426,-112.1867882,15,3,72
33.3785626,-111.9181523,15,1,106
33.603587,-112.280938,15,1,99
33.553471,-112.099212,15,6,99
33.4384287,-112.3410882,15,2,99
33.541036974494,-112.262291908264,15,2,28
33.654933,-112.188766,15,1,65
33.771197,-111.979587,15,2,84
33.4652707845178,-111.928442716598,15,6,11
33.3015901,-111.7581975,15,1,195
33.5974329,-112.1686588,15,5,6
33.422453,-111.959114,15,2,32
33.21915,-111.536071,15,1,71
33.4329724,-111.9043028,15,23,36
33.6264142,-112.2026899,15,1,32
33.4801124,-112.0771796,15,5,24
33.5820312,-112.1348555,15,4,85
33.2918306030685,-111.980338096619,15,2,49
33.700485,-111.925064,15,3,83
33.407975,-111.910578,15,13,108
33.3059804,-111.887184,15,10,6
33.64115,-111.993511,15,4,11
33.3791269,-111.977079,15,5,44
33.4067245,-112.0999357,15,1,11
33.3790301,-111.8768819,15,4,24
33.618688,-111.902162,15,1,71
33.3067291,-111.7221904,15,3,76
33.3794698,-111.6878163,15,2,202
33.5025941,-111.9296765,15,72,21
33.34283,-111.879804,15,1,82
33.640246,-112.229329,15,4,26
33.3776129,-111.9369185,15,7,32
33.3318211,-111.9832027,15,3,7
33.7976401,-112.220156,15,1,48
33.2624818,-111.85757,15,3,65
33.423407,-111.980464,15,1,29
33.425711,-111.94047,15,56,7
33.5705669,-111.886606,15,8,65
33.4483919,-112.0718819,15,23,38
33.479705,-112.2579442,15,1,43
33.387875,-111.854202,15,3,28
33.4329724,-111.9043028,15,23,56
33.6196686,-111.907386,15,3,184
33.5666087,-112.0739659,15,4,57
33.4814299,-111.9089012,15,8,174
33.627028,-112.066286,15,2,79
33.537947,-112.064128,15,9,33
33.4783169,-111.9334769,15,1,79
33.5837556,-111.977774,15,25,11
33.442946,-111.92746,15,3,39
33.306407,-111.875936,15,5,8
33.4658258,-112.082614,15,16,84
33.5675047,-112.1708949,15,3,11
33.6032427,-112.5016551,15,1,49
33.3056888,-111.8973083,15,7,11
33.430535,-112.345359,15,11,7
33.464089,-112.347421,15,3,65
33.7110102,-112.1142778,15,19,6
33.798073,-111.926458,15,4,26
33.2917628,-111.8257882,15,1,26
33.5384434,-112.1830859,15,6,311
33.336569,-111.952224,15,1,228
33.5375264,-111.9082381,15,8,24
33.381217,-111.738853,15,1,44
33.466215,-112.063247,15,2,11
33.3497429,-111.966374,15,2,61
33.406546,-111.852939,15,1,287
33.538426,-111.88674,15,6,33
33.4588994,-112.0662616,15,6,186
33.3366831,-111.7539547,15,1,32
33.3778441,-112.034083,15,2,8
33.5084229,-111.6842402,15,1,49
33.520407,-112.179712,15,2,69
33.6695799,-111.9209958,15,4,7
33.2608498,-111.8813596,15,1,7
33.4523086,-111.8402583,15,3,72
33.3625565,-111.9127085,15,4,6
33.6239109,-111.9276273,15,9,6
33.4935985,-111.9176657,15,7,6
33.4514897,-111.8230889,15,1,73
33.678615,-111.9746066,15,56,6
33.4057578,-111.9787282,15,4,11
33.638671,-112.229527,15,4,96
33.42811,-111.957335,15,1,222
33.3126788,-111.8412211,15,2,421
33.4462721,-112.0893682,15,3,49
33.4657178,-111.9763038,15,1,1
33.6754706,-111.9253733,15,6,7
33.3022462,-111.897967,15,18,7
33.4949032,-112.0302201,15,6,44
33.4371562,-112.0136199,15,2,342
33.4923301,-111.924946,15,12,38
33.629168,-111.89157,15,4,99
33.555048,-112.221151,15,1,203
33.2475,-111.87918,15,8,65
33.2985428,-111.8932204,15,1,17
33.3788924,-111.9287009,15,3,192
33.5846317,-111.8307432,15,4,11
33.4261603,-111.939838,15,56,216
33.379486,-111.783085,15,2,65
33.439469,-112.426633,15,1,7
33.4989878,-112.0736999,15,4,134
33.615544,-111.954623,15,5,12
33.320492,-111.929856,15,6,11
33.3046171,-111.9019189,15,2,27
33.4368194,-112.0705197,15,2,11
33.533525,-111.965872,15,1,265
33.36136,-111.47115,15,1,11
33.4152007,-111.795294,15,2,28
33.4492272,-112.0722653,15,8,26
33.581154,-111.927268,15,16,6
33.525257,-112.111358,15,2,11
33.4516361,-111.9979602,15,1,29
33.511003,-112.028704,15,1,118
33.6101518,-111.9768512,15,3,27
33.587597858228,-111.83693455275,15,9,35
33.6388158,-112.1849973,15,6,8
33.633717,-111.924669,15,14,145
33.5836554,-111.9259129,15,22,20
33.408082,-111.916473,15,5,84
33.415041,-111.750557,15,2,39
33.6294318516418,-111.889625787735,15,3,44
33.4516715,-112.0733143,15,5,11
33.3827486,-111.7063156,15,1,49
33.6538701,-112.1862718,15,10,108
33.42183,-111.960264,15,8,11
33.476988,-111.940944,15,1,476
33.381521,-111.703205,15,1,54
33.509734,-112.025706,15,24,11
33.3312,-112.0494,15,2,24
33.406846,-111.907542,15,5,11
33.4938603,-112.279707,15,1,99
33.4150637,-111.8352744,15,6,13
33.683226,-112.092802,15,3,7
33.638672,-111.977264,15,1,44
33.5025941,-111.9296765,15,72,6
33.627158,-111.880694,15,1,278
33.683345,-112.084629,15,2,17
33.6401217,-112.1116606,15,3,99
33.7121,-112.111808,15,5,24
33.4948853,-112.0455993,15,3,11
33.3796242,-111.7559874,15,9,11
33.2856763,-111.7556765,15,2,48
33.306250083811,-111.760139465332,15,1,26
33.666702,-112.123307,15,2,112
33.4032259,-111.989234,15,1,17
33.6836554,-112.1080388,15,1,11
33.4556584,-112.0719926,15,9,38
33.547101,-112.047115,15,5,93
33.5823384,-111.6801411,15,2,18
33.2959935,-111.9971322,15,3,54
33.6110117,-112.1666618,15,2,26
33.5017349,-111.923346,15,15,11
33.501942,-111.9514404,15,8,49
33.3052816858981,-111.720539331436,15,2,11
33.5392574,-111.9207931,15,1,7
33.611161,-112.153974,15,2,11
33.506542,-112.033322,15,2,242
33.716871,-112.270633,15,3,72
33.42657,-111.839889,15,1,13
33.5806325,-111.9290581,15,5,256
33.5538702,-112.1342566,15,5,11
33.425207,-112.3566862,15,1,26
33.481049,-111.958129,15,1,178
33.6233879,-112.0996716,15,1,49
33.969064,-112.728991,15,5,185
33.247653,-111.613441,15,1,72
33.5825813,-112.0106833,15,5,202
33.416723,-111.698453,15,1,11
33.8319615,-111.9471619,15,1,119
33.5091313,-112.0283059,15,17,6
33.5746442,-111.8612171,15,2,11
33.45118,-111.80299,15,2,7
33.464303,-112.276376,15,4,99
33.4518574,-112.0254076,15,1,28
33.386417,-112.073079,15,2,11
32.879968,-111.725245,15,1,11
33.463543,-112.341878,15,4,126
33.6391152,-112.0308573,15,6,26
33.681691,-112.236716,15,4,11
33.3928392,-111.9402378,15,5,6
33.5014298,-111.9211921,15,8,40
33.401137,-111.970253,15,1,327
33.43475,-112.00644,15,4,33
33.4487652,-112.0714186,15,7,11
33.363742,-111.9268855,15,4,59
33.422756,-111.925685,15,9,142
33.6570846738415,-112.179572582245,15,1,50
33.451715,-112.091917,15,1,26
33.3824032,-111.7542367,15,6,116
33.6556844,-111.9300279,15,27,142
33.449799,-112.074714,15,40,177
33.6226304,-111.89677,15,7,133
33.612323,-111.918038,15,1,7
33.5981681,-112.0374366,15,7,59
33.5025941,-111.9296765,15,72,99
33.3804365,-111.7538753,15,9,27
33.3889305,-111.8558709,15,3,14
33.501055,-112.074334,15,3,25
33.4137291030984,-111.860400438309,15,1,6
33.579694,-112.239118,15,1,43
33.543559,-111.905301,15,5,79
33.4515068,-112.1247112,15,1,26
33.4226641,-111.935189,15,5,12
33.6177796,-111.9258843,15,9,12
33.640922,-111.995866,15,1,45
33.5896225,-111.8134299,15,2,66
33.678615,-111.9746066,15,56,11
33.5846317,-111.8307432,15,4,133
33.317906,-111.964138,15,21,6
33.865303,-112.110251,15,1,48
33.7129847,-112.1114555,15,7,11
33.3778288,-111.8585323,15,3,65
33.5874955,-111.8390112,15,4,6
33.9687756,-112.7210438,15,1,44
33.502346,-111.92752,15,25,13
33.597866,-111.97931,15,7,265
33.6369667,-111.9222616,15,5,182
33.3056508,-111.8777697,15,3,162
33.5277785,-111.9258643,15,14,26
33.4329724,-111.9043028,15,23,27
33.640149,-112.42085,15,2,78
33.574618,-111.903702,15,5,65
33.60912,-112.255836,15,2,24
33.705703,-112.150494,15,1,32
33.5704697,-112.2503239,15,2,433
33.4806043,-111.9081371,15,4,84
33.495263,-111.928554,15,26,26
33.58462,-112.011927,15,9,79
33.393199,-111.97627,15,2,11
33.495018,-111.975898,15,4,139
33.4331548,-112.3583813,15,1,142
33.69907,-111.917449,15,2,26
33.49495,-112.0318117,15,4,453
33.637417,-112.187539,15,4,11
33.38323,-111.8026941,15,9,7
33.5413231302034,-112.262291908264,15,2,17
33.3787809,-112.011111,15,4,82
33.6174068924455,-111.92587852478,15,9,40
33.5062078,-112.0739142,15,11,79
33.4656464,-111.9716369,15,4,39
33.304741,-111.996023,15,1,96
33.63938,-112.227777,15,4,28
33.308675,-111.7437065,15,7,6
33.675676,-111.979308,15,11,54
33.3057133,-111.901824,15,9,173
33.4658736,-112.0507475,15,2,11
33.4155338,-111.79015,15,1,168
33.6410722,-112.0826882,15,2,121
33.450327,-112.342703,15,3,183
33.6153,-111.86518,15,2,65
33.372578,-111.918074,15,1,17
33.381279,-111.724168,15,1,11
33.517587,-112.064795,15,10,35
33.7811799,-111.9258478,15,3,11
33.621564,-111.901343,15,2,71
33.5998037,-111.9869523,15,10,247
33.3056184,-111.8988203,15,20,6
33.349676,-111.947591,15,4,11
33.5403037,-111.8888855,15,2,11
33.581867,-112.241596,15,1,2
33.3799452,-111.7882587,15,3,7
33.474605,-112.065107,15,12,48
33.4949379,-111.9292967,15,26,6
33.436027,-111.9956337,15,3,99
33.623079,-112.178903,15,3,11
33.6026595,-112.0367284,15,2,11
33.494238,-111.977849,15,3,88
33.3060616,-111.8748501,15,11,133
33.6396979,-112.1369979,15,4,72
33.5100455,-112.01408,15,11,126
33.4152626,-111.8360987,15,9,11
33.4538553,-111.9534174,15,3,49
33.2563007,-111.6351724,15,3,44
33.4129013,-111.9400358,15,2,324
33.820937,-111.9228454,15,1,48
33.5685619,-111.8852437,15,1,238
33.5025941,-111.9296765,15,72,114
33.5092833,-112.0372177,15,15,6
33.680121906492,-112.226629257202,15,2,415
33.6235201,-112.330946,15,1,11
33.3813867,-111.8188949,15,1,72
33.458956,-112.080452,15,1,56
33.4527955,-112.0693177,15,19,44
33.5478355,-112.0474569,15,5,65
33.348763010086,-111.9443510501,15,3,24
33.492985,-112.286067,15,4,97
33.307001,-111.744785,15,7,15
33.4686515752834,-111.683309228582,15,4,142
33.4219147,-111.925242,15,18,11
33.4955035,-112.0836562,15,9,70
33.222722,-111.833235,15,1,178
32.974907,-112.090582,15,1,17
33.479889,-111.997771,15,9,117
33.3338729,-111.977793,15,1,11
33.4975676,-112.3625367,15,1,99
33.5752741,-112.1132975,15,1,49
33.5779821,-112.1185366,15,3,48
33.626292,-112.393742,15,4,65
33.48113,-111.925759,15,6,72
33.4724336,-112.0725189,15,4,11
33.5814906,-111.925857,15,16,64
33.3559111,-111.7898601,15,4,27
33.4628571,-112.3581953,15,6,105
33.5102068,-112.0272041,15,24,26
33.393387,-111.908599,15,23,36
33.5829091,-112.0144276,15,2,18
33.299739,-111.841909,15,8,24
33.552894,-111.896374,15,1,32
33.394443,-111.8241,15,2,72
33.5238909,-111.8979372,15,12,84
33.384163,-111.803119,15,9,126
33.489085,-112.0740504,15,3,11
33.511239,-112.046757,15,1,11
33.625158,-111.928823,15,5,6
33.31081,-111.772012,15,13,33
33.305436,-111.863217,15,1,99
33.4079742431641,-111.910575866699,15,13,133
33.4485155,-112.0301908,15,1,44
33.5945419,-111.88034,15,2,11
33.579699,-111.924068,15,6,100
33.5019817,-111.9276185,15,25,54
33.4952867,-112.3556173,15,2,11
33.383382,-111.806509,15,6,33
33.458736399286,-112.072479116296,15,5,56
33.4995106,-111.9272212,15,26,65
33.5219126,-111.9000474,15,2,6
33.581506,-111.92342,15,4,109
33.6222797,-112.1728283,15,2,32
33.3053111,-112.0535593,15,2,35
33.4509281,-112.1132951,15,1,11
33.3646967,-111.75751,15,1,7
33.6200301,-111.8739953,15,10,84
33.604856,-111.715082,15,2,48
33.665863,-112.187126,15,8,78
33.465503692627,-112.082405090332,15,16,11
33.3211423,-111.9104666,15,3,195
33.496767,-112.10151,15,1,208
33.4329528,-111.8449346,15,5,32
33.479852,-111.994039,15,9,11
33.4552907,-111.9878697,15,12,7
33.509578,-112.060185,15,8,63
32.877785,-111.712242,15,1,13
33.650923,-111.931629,15,4,32
33.5134849,-112.047693,15,1,11
33.5025941,-111.9296765,15,72,6
33.5667871934451,-111.924934387207,15,5,21
33.4342583,-112.034748,15,1,28
33.4483771,-112.0740373,15,58,139
33.5107018,-112.082365,15,5,6
33.4527955,-112.0693177,15,19,6
33.575606,-111.875064,15,2,161
33.5380763,-112.0464479,15,4,7
33.64077,-111.926797,15,2,17
33.3014001,-111.7435648,15,4,63
33.4165461,-111.836832,15,9,7
33.455036,-112.038676,15,2,323
33.6387561,-112.3891486,15,2,65
33.5102906,-112.0385046,15,10,103
33.49938,-111.923256,15,8,105
33.449528,-112.0477155,15,2,26
33.5086148,-112.0308173,15,10,9
33.3068088,-111.7571321,15,5,142
33.6106583,-112.1499898,15,4,15
33.5894645,-111.835573,15,4,84
33.494438,-112.0744,15,3,72
33.5674031,-112.1350865,15,2,11
33.3931628,-111.9080584,15,23,26
33.4255104,-111.9400054,15,56,3
33.306896,-111.752395,15,3,48
33.3075024,-111.6700435,15,1,11
33.6123561,-112.0995217,15,1,11
33.509748,-112.095645,15,6,215
33.473832,-112.01336,15,2,11
33.6084987642781,-111.720464229584,15,5,27
33.468392,-111.918478,15,2,54
33.5251,-112.204292,15,1,7
33.452835,-111.99018,15,1,11
33.5560778,-111.8986846,15,7,166
33.2624833,-111.8588587,15,3,224
33.3933063,-111.9082183,15,23,11
32.8795022,-111.7573521,15,2,7
33.6418481,-111.926136,15,1,32
33.746115,-111.8586077,15,1,49
33.595945,-111.985658,15,2,11
33.5304177,-111.9262005,15,9,6
33.5521462,-112.0738723,15,1,7
33.308771,-111.921403,15,1,6
33.5661398,-112.0565478,15,4,26
33.5097283,-111.9952353,15,4,7
33.3767277,-112.1386706,15,1,157
33.5531055,-112.2691369,15,1,161
33.6553583,-112.0153723,15,3,11
33.480692,-111.933454,15,2,72
33.441743,-111.687326,15,1,227
33.335548,-111.907832,15,9,59
33.4483771,-112.0740373,15,58,7
33.6403155,-112.0966146,15,2,11
33.612363,-112.184263,15,9,24
33.3478272,-111.9102573,15,2,224
33.5336234,-111.9652641,15,2,39
33.639419,-111.864038,15,5,11
33.5828369,-111.8722731,15,1,54
33.606046,-111.954065,15,1,197
33.233122,-111.850915,15,1,55
33.8673952,-112.1478576,15,1,27
33.637824,-111.896652,15,1,28
33.581877,-111.925123,15,10,11
33.414664,-111.555699,15,1,11
33.5093547,-112.0701553,15,4,27
33.4566960573784,-112.072327136993,15,9,119
33.6742113911059,-111.964073181152,15,3,7
33.4919036,-112.2901631,15,1,11
33.4322113,-112.0429513,15,5,28
33.5095501,-111.9857289,15,8,339
33.5561035,-112.1131396,15,1,29
