33.4655289,-112.0474126,13,3,11
33.380375,-111.60127,13,5,123
33.3045866,-111.9006511,13,2,99
33.4366655,-111.9403254,13,9,39
33.81574,-111.78416,13,3,11
33.498724,-111.927511,13,25,11
33.305116,-111.9967096,13,2,10
33.4030739,-111.962441,13,2,7
33.438128,-112.426629,13,2,30
33.4546194,-112.0863686,13,1,6
33.4494399,-112.0739764,13,40,54
32.879907,-111.732639,13,1,63
33.6380899,-112.2240142,13,7,6
33.5014298,-111.9211921,13,8,39
33.601973,-111.88792,13,3,59
33.479899,-112.118872,13,1,11
33.298078,-111.7459158,13,2,11
33.509702,-112.042514,13,5,26
33.411851,-111.88539,13,1,222
33.623381,-111.893789,13,2,30
33.4787843,-111.93804,13,1,222
32.8786089,-111.7157877,13,1,11
33.5385706,-111.8656928,13,8,65
33.581154,-111.927268,13,16,167
33.3088284,-111.7425488,13,6,11
33.6397913,-112.2245556,13,23,10
33.480692,-111.985722,13,8,11
33.499318,-111.927164,13,26,36
33.5090676,-112.047098,13,17,11
33.652101172709,-112.23368174504,13,3,7
33.5385959,-111.8656895,13,8,108
33.3637489,-111.9306612,13,3,189
33.3771939,-111.8126511,13,4,35
33.234537,-111.615091,13,1,203
33.302082,-111.898952,13,18,57
33.3405799,-111.8419339,13,3,11
33.4673423,-112.2209537,13,3,99
33.6669563,-112.2027563,13,3,24
33.4585263,-112.0675746,13,13,35
33.4764284,-111.9086193,13,1,337
33.4329724,-111.9043028,13,23,142
33.6153679,-111.892415,13,1,54
33.5382505,-112.0474843,13,2,154
33.627028,-111.85563,13,1,133
33.422274,-111.925947,13,9,64
33.450882,-112.059401,13,1,28
33.436867,-111.754101,13,1,55
33.5025941,-111.9296765,13,72,22
32.9953532,-111.5354811,13,1,102
33.6216076,-112.0310202,13,2,65
33.3778368,-112.0358954,13,4,65
33.6387206,-112.3933793,13,3,11
33.6402772,-112.041686,13,1,297
33.422948,-111.941693,13,4,7
33.6432491,-112.2204806,13,2,133
33.581787,-111.923672,13,10,104
33.5881614,-111.8378867,13,4,11
33.2853079,-111.841322,13,5,108
33.4828323,-111.9085693,13,8,135
33.4716326,-111.9263131,13,7,11
33.637051,-111.926161,13,6,7
33.510026,-112.024174,13,4,11
33.6378021,-112.2704632,13,2,11
33.582555,-111.930192,13,13,64
33.584081,-111.924837,13,2,54
33.491695,-111.925624,13,18,48
33.6254188,-111.9403265,13,13,7
33.3208915,-111.9686247,13,4,168
33.379155,-112.170192,13,2,7
33.4482331,-112.0737845,13,58,49
33.459022,-112.067721,13,4,7
33.4207679,-111.9334531,13,1,23
33.6283281,-112.013151,13,11,11
33.4803718,-112.0727251,13,4,17
33.6242682931909,-111.927230358124,13,19,13
33.407765,-111.682463,13,1,178
33.4558941,-112.1173964,13,1,370
33.450513,-111.48069,13,2,99
33.607346,-112.268858,13,1,11
33.5779592,-111.8847714,13,1,157
33.5236473,-112.0484992,13,11,35
33.5356713795255,-112.259674072266,13,5,11
33.4135276,-112.0088419,13,2,29
33.5841629,-111.927447,13,22,129
33.5094089,-112.0716011,13,10,11
33.4804267,-111.9996674,13,4,469
33.481701,-112.04713,13,2,101
33.7635354,-112.0714835,13,3,17
33.638658,-112.165073,13,1,242
33.4658141,-112.0798659,13,5,78
33.484487,-112.07643,13,2,143
33.3366819,-111.8589887,13,9,43
33.449711,-112.074211,13,40,63
33.4946672436253,-112.031021118164,13,4,38
33.454892,-112.069157,13,5,95
33.6657455,-112.1170653,13,3,324
33.4948559,-112.0300284,13,6,7
33.8170175,-111.8821577,13,1,49
33.584274,-111.8342047,13,3,339
33.614422,-111.913245,13,2,203
33.712991,-112.1107806,13,7,84
33.061657,-111.485528,13,1,11
33.5874955,-111.8390112,13,4,11
33.516464,-112.0823359,13,5,7
33.4504637,-112.1173907,13,1,11
33.3498648,-111.8766855,13,3,11
33.317906,-111.964138,13,21,11
33.5390978,-111.8847911,13,3,11
33.436051,-111.839288,13,1,44
33.539991,-112.065449,13,2,6
33.475302,-111.925588,13,8,11
33.704986,-112.272834,13,2,44
33.580975,-111.925697,13,16,35
33.498915,-111.928258,13,9,11
33.390352,-111.789837,13,2,11
33.4875935,-112.0825166,13,14,11
33.43401,-112.5563745,13,1,11
33.4203823,-111.9234617,13,1,38
33.4804266,-111.9967688,13,5,26
33.497134,-111.927398,13,21,38
33.628844,-111.976443,13,1,203
33.4499,-112.0739,13,40,127
33.3487055477927,-111.983256340027,13,10,11
33.4947892,-112.0328797,13,5,11
33.494718,-112.021252,13,1,35
33.3939663,-111.9091437,13,23,33
33.3252581524979,-111.690821596453,13,3,6
33.4588282,-112.0610433,13,1,120
33.508738,-112.027138,13,1,63
33.4643259,-111.9263529,13,4,7
33.4502598,-112.3436915,13,2,7
33.468226,-112.221156,13,3,224
33.3942618,-111.8741852,13,6,11
33.5097834,-111.9967049,13,12,6
33.303222,-111.957165,13,1,103
33.731871,-111.852863,13,2,11
33.4988393,-112.0829285,13,4,6
33.351358,-111.965949,13,1,17
33.4223387,-111.925234,13,18,173
33.4367249,-112.0359906,13,2,241
33.3050646,-111.9985862,13,7,63
33.4146753,-111.8583107,13,2,26
33.3052569,-112.0534109,13,4,11
33.507982,-112.035636,13,6,48
33.290743,-111.8414277,13,3,11
33.6729823,-111.8904749,13,4,97
33.5385806,-111.8656892,13,8,57
33.706685,-112.114738,13,1,17
33.3059385,-111.9471779,13,3,11
33.5025941,-111.9296765,13,72,292
33.509606,-112.013469,13,8,32
33.445899,-112.071313,13,5,57
33.471677,-111.926688,13,7,224
33.3698369,-111.823736,13,1,337
33.449181,-111.804759,13,3,27
33.447646,-112.0950937,13,2,49
33.4940321,-111.9218306,13,14,26
33.3340421,-111.8083119,13,1,8
33.6277676,-112.0254179,13,1,76
33.4145027,-111.9268353,13,7,99
33.62365,-111.978418,13,2,194
33.4646366,-112.2731278,13,5,7
33.530422,-112.261001,13,1,228
33.6239817,-112.4159659,13,3,11
33.3055979,-111.8998185,13,11,139
33.8335987,-111.9508672,13,5,72
33.3843141623149,-111.756711602211,13,1,12
33.3478272,-111.9102573,13,2,7
33.31081,-111.772012,13,13,57
33.494542,-112.031785,13,5,39
33.4519001,-111.6968052,13,1,265
33.2809096,-111.9613892,13,1,44
33.4959014,-112.512882,13,2,352
33.3950097,-111.6846403,13,3,11
33.3624072,-111.8763611,13,6,140
33.411473,-111.971545,13,2,17
33.519588,-111.909524,13,7,11
33.8333716,-111.9507042,13,5,49
33.6531,-112.16828,13,2,123
33.33657,-111.757073,13,4,142
33.7129908,-112.1130158,13,15,7
33.378124,-112.068671,13,1,96
33.3852846,-111.964558,13,18,22
33.509038,-112.0670453,13,6,44
33.5003089,-111.9176155,13,9,247
33.4916179,-111.9258402,13,18,11
33.406716,-111.926727,13,2,72
33.5092885,-112.0369084,13,15,191
33.5992866,-111.9800401,13,17,8
33.4950075,-112.1696984,13,1,44
33.322668,-111.822674,13,4,65
33.4592959416966,-112.395467777214,13,1,7
33.334583,-111.836109,13,3,82
33.726807,-111.8531068,13,1,265
33.5663196,-112.2528786,13,2,142
33.358339,-111.842748,13,1,35
33.5747610515277,-111.861827373505,13,8,128
33.3644109,-111.877044,13,2,108
33.3742118,-111.9193401,13,3,99
33.6163347492266,-111.954460144043,13,5,76
33.3061252,-111.8609857,13,5,131
33.538451,-112.1007665,13,1,35
33.3784612,-111.9075896,13,9,256
33.4329724,-111.9043028,13,23,24
33.3056593,-111.8976622,13,20,47
33.595632,-112.100106,13,1,72
33.597847,-112.120286,13,3,78
33.4949836,-111.9897452,13,9,65
33.6544591092295,-112.030313014984,13,2,65
33.6392934,-112.4254321,13,3,72
33.5068119,-112.082857,13,7,129
33.5092371,-112.0549979,13,1,71
33.486115,-111.938801,13,1,17
33.493753,-111.928103,13,5,105
33.3501369,-111.912932,13,5,78
33.4606143,-111.9477777,13,2,333
33.6396856,-111.8915244,13,3,11
33.6403191,-112.0477218,13,3,129
33.3490842,-111.9449183,13,6,11
33.3063357,-112.0565579,13,2,23
33.551606,-111.892139,13,1,408
33.6101788,-112.3591292,13,3,11
33.6556844,-111.9300279,13,27,11
33.30492,-111.934287,13,1,54
33.5094824,-112.0282825,13,17,113
33.4656138,-112.1672669,13,2,11
33.6455682097528,-111.917118430138,13,4,17
33.833659,-111.950347,13,5,232
33.4933743,-112.3579364,13,4,84
33.5870078,-111.8362931,13,9,84
33.5023189,-111.9179955,13,8,55
33.5291033,-111.9261874,13,9,63
33.387391,-111.876285,13,1,54
33.4586159,-112.0686873,13,13,197
33.311022581305,-111.744829739,13,1,6
33.6258545590971,-111.910674975519,13,1,11
33.6230412,-111.9197804,13,1,190
33.6108224,-112.1310283,13,3,35
33.4678903,-111.6837698,13,3,33
33.5080057,-112.0319425,13,1,33
33.6336856,-112.181927,13,1,198
33.5855145,-111.9262001,13,10,173
33.319395,-111.874965,13,14,11
33.308653617857,-111.74390364307,13,7,24
33.5318417,-112.0479816,13,3,98
33.5520548,-112.1864245,13,2,11
33.6391125,-112.1864708,13,6,11
33.4483606,-111.9866864,13,2,29
33.3929499,-111.9115003,13,7,133
33.439648,-112.026154,13,8,108
33.6382871,-112.134828,13,2,39
33.802965,-111.923193,13,1,161
33.217595,-111.514497,13,1,7
33.503223,-112.065449,13,5,6
33.392629,-111.9091281,13,5,7
33.322668,-111.822674,13,4,27
33.419657,-111.994616,13,1,71
33.4076218,-111.9160366,13,5,26
33.3794674449711,-111.752994060516,13,2,11
33.4070214,-111.9571866,13,3,44
33.461211,-111.699563,13,1,11
33.3490097,-111.9636082,13,4,63
33.3491893,-111.9594751,13,6,133
33.442131,-112.557111,13,2,154
33.4794961,-112.0469586,13,3,44
33.379421,-111.923529,13,2,6
33.709536,-112.27311,13,2,26
33.2612195,-111.8848787,13,1,109
33.4932811,-112.0302194,13,4,65
33.531725,-112.261226,13,4,38
33.4618027,-112.3447338,13,1,6
33.3780656,-111.8054825,13,1,133
33.425711,-111.94047,13,56,7
33.5514706,-112.2597702,13,4,30
33.449682,-112.0702972,13,12,18
33.3536799,-111.7896205,13,4,1
33.3780956,-111.9609788,13,3,11
33.2928195,-111.9630615,13,1,39
33.4669403,-111.8963193,13,1,8
33.3356118,-111.826674,13,2,105
33.711456,-112.092945,13,2,10
33.5790924,-111.8865461,13,9,6
33.50251,-111.922671,13,15,28
33.6774242,-112.030592,13,4,65
33.442375,-111.955643,13,6,11
33.6411297,-112.0263472,13,1,72
33.4272015,-111.940205,13,4,333
33.634678,-111.925155,13,14,6
33.7141485685604,-112.142043113708,13,2,193
33.6706548,-112.2029218,13,8,108
33.6123075,-112.0124654,13,5,145
33.3932261,-111.8696503,13,4,49
33.6182525,-111.8978162,13,5,11
33.634774,-111.917959,13,2,24
33.672242,-112.239633,13,1,11
33.5531987,-112.0571347,13,4,128
33.397832,-111.998062,13,1,418
33.4069948,-111.9266542,13,4,5
33.5686081,-112.0992734,13,2,127
33.41444,-111.873349,13,3,72
33.509172,-112.088808,13,1,224
33.314,-111.8412128,13,4,26
33.530322,-112.01424,13,4,65
33.597449,-112.150131,13,1,7
33.4862787,-111.9102055,13,3,124
33.6400224,-112.1113493,13,4,147
33.4150154,-111.8058402,13,4,11
33.482601,-112.077617,13,1,29
33.249525,-111.843544,13,1,231
33.61116,-112.185271,13,9,7
33.6691088,-112.2029357,13,8,63
33.5280302,-111.9264729,13,14,6
33.3345061,-111.9676661,13,2,168
33.378216,-111.9382251,13,4,13
33.3852846,-111.964558,13,18,11
33.6123075,-112.0124654,13,5,32
33.501575,-111.9233627,13,15,136
33.3803902,-111.8034518,13,2,6
33.5792084,-111.8865712,13,9,11
33.511132,-112.02476,13,1,17
33.393707,-111.813894,13,1,197
33.497568,-111.929223,13,25,39
33.5990432,-111.9812072,13,17,57
33.678615,-111.9746066,13,56,30
33.3022462,-111.897967,13,18,12
33.510164,-111.911516,13,4,44
33.3852846,-111.964558,13,18,7
33.7983474731445,-111.978637695312,13,1,11
33.480503,-112.200612,13,1,44
33.5385706,-111.8656928,13,8,6
33.4950066,-112.0178292,13,1,154
33.6383375,-112.2229387,13,4,265
33.3941184,-111.9091208,13,23,11
33.4949618,-111.9897424,13,9,54
33.5650982,-112.0737503,13,4,109
33.38081,-111.63461,13,4,49
33.407162534253,-111.90964874703,13,13,11
33.392586,-111.907155,13,2,162
33.3536965,-111.8664385,13,1,49
33.4329724,-111.9043028,13,23,15
33.58041,-112.120266,13,6,63
33.409766,-111.92578,13,2,11
33.4205258,-111.7886642,13,1,284
33.712988,-112.1121748,13,15,59
33.3828617,-111.8749753,13,3,119
33.56721,-112.133347,13,1,24
33.3284207,-111.7412715,13,1,50
33.579606,-111.927552,13,5,9
33.6251792,-111.9404813,13,13,45
33.4527955,-112.0693177,13,19,128
33.347563,-111.860668,13,1,43
33.5990613,-111.9819747,13,18,11
33.5645629,-111.9154217,13,2,39
33.5988406,-111.98118,13,6,416
33.635956,-112.347297,13,2,28
33.625895,-111.994515,13,2,72
33.4291785,-111.9090358,13,5,65
33.4876029,-112.0824895,13,14,11
33.677676,-111.897056,13,3,48
33.3030372,-111.9863512,13,2,54
33.462899,-111.9922854,13,1,139
33.3789539,-111.8917862,13,4,43
33.3059362523332,-111.786838173866,13,2,142
33.4220339,-111.9249463,13,18,317
33.3546892,-111.9534086,13,1,32
33.581154,-111.927268,13,16,79
33.356187,-111.842606,13,1,32
33.6670532,-112.2054933,13,2,65
33.3490842,-111.9449183,13,6,65
33.3912468,-111.9089862,13,5,11
33.5821186,-112.1549576,13,1,26
33.6226416,-111.8741292,13,7,7
33.711118,-112.201535,13,2,7
33.4586551,-112.1691678,13,1,11
33.6386293,-112.3547252,13,8,11
33.5676972,-112.1609791,13,4,43
33.5063676,-112.0335679,13,3,488
33.637034,-111.9217796,13,5,26
33.7430182,-111.9782552,13,1,147
33.5747183,-111.8608697,13,2,122
33.393009,-111.870863,13,4,23
33.3798704,-111.9598037,13,2,282
33.4052689,-112.009157,13,1,84
33.6391794,-112.0656012,13,7,27
33.275355,-111.858042,13,2,271
33.5733051,-111.8629763,13,8,11
33.353431,-111.836864,13,1,37
33.6267322,-111.8912034,13,3,224
33.28024,-111.790353,13,3,11
33.446848,-112.0930104,13,1,11
33.6184656207837,-111.893332600594,13,4,11
33.7127904,-112.1420304,13,1,10
33.506562,-112.031005,13,1,10
33.494651,-111.927127,13,26,119
33.6370611,-112.2239376,13,7,65
33.484439,-112.364213,13,7,11
33.640396,-112.091858,13,5,24
33.3364199,-111.836904,13,1,32
33.4995837,-112.0833093,13,7,45
33.423805,-111.735789,13,2,99
33.4802168,-112.0825073,13,3,44
33.626104,-111.926061,13,8,378
33.4082719,-111.7902823,13,1,44
33.4401954,-112.0824166,13,1,26
33.6235418,-111.925544,13,19,64
33.3309485,-111.9802259,13,5,7
33.501107,-111.919815,13,8,65
33.5175821,-112.064846,13,10,7
33.476436,-111.9710883,13,1,344
33.5100571,-112.0143931,13,11,11
33.3058962,-111.8287303,13,2,11
33.3951613,-111.7018452,13,1,6
33.5198746,-112.091373,13,1,157
33.480276,-112.2208861,13,2,99
33.7110102,-112.1142778,13,19,48
33.5003559,-111.918608,13,9,27
33.765766,-111.98307,13,3,308
33.306349,-111.891192,13,6,11
33.5510673918785,-112.057160942137,13,6,133
33.5394472,-111.924828,13,7,7
33.4298632,-111.904323,13,3,6
33.4728154848157,-112.056201696396,13,1,48
33.401362,-111.728268,13,2,54
33.68106,-112.239905,13,3,212
33.653852,-112.110341,13,1,39
33.331778,-111.840904,13,3,72
33.32014,-111.891393,13,11,133
33.4225411,-111.9041782,13,3,6
33.5530823,-112.1256063,13,1,65
33.378269,-112.031371,13,4,44
33.6385731,-112.3643087,13,1,11
33.669826,-112.239255,13,1,11
33.5248652,-112.0476735,13,6,11
33.6527507,-112.2531658,13,4,11
33.3129825,-111.8416858,13,2,7
33.4786145232413,-111.926500797272,13,18,5
33.613515,-111.864729,13,3,11
33.381646,-111.728112,13,1,84
33.466336,-111.921558,13,3,7
33.4951237,-111.9954348,13,4,26
33.4368906,-111.94373,13,1,39
33.479588,-112.012297,13,7,26
33.50895,-112.060439,13,8,70
33.495978,-111.927635,13,26,99
33.581569,-111.931282,13,13,140
33.6267322,-111.8912034,13,3,27
33.798477,-112.066857,13,3,32
33.306176258386,-111.720842568395,13,2,43
33.383123,-111.964485,13,16,239
33.639701,-112.153611,13,3,142
33.650833,-111.926619,13,2,57
33.638405,-111.979837,13,7,6
33.8649126,-112.1388544,13,4,7
33.384398,-111.858873,13,4,49
33.769702,-111.768944,13,1,276
33.6398085,-112.0959734,13,2,29
33.512335,-111.996504,13,1,11
33.303233,-111.842532,13,7,11
33.3049257,-111.9519663,13,1,11
33.634684,-112.235193,13,1,212
33.5847273383806,-111.898906230926,13,2,134
33.4220697,-111.9033197,13,1,139
33.3350458,-111.877429,13,10,11
33.375057,-111.687177,13,4,457
33.478433,-111.996531,13,1,69
33.5025941,-111.9296765,13,72,11
33.624757,-111.9329269,13,4,65
33.6378146,-112.0980877,13,2,7
33.4330350801733,-111.905558109283,13,1,11
33.458894,-112.064851,13,3,7
33.7983161,-112.1282089,13,3,11
33.6532332,-112.2900174,13,2,416
33.407415,-111.9393003,13,6,11
33.678615,-111.9746066,13,56,6
33.4593954,-112.0742496,13,9,292
33.4082845,-112.0732838,13,1,8
33.5349253,-112.1847509,13,4,84
33.538801350399,-111.887694597244,13,9,26
33.4191209,-112.0721602,13,1,333
33.5837251,-111.9777429,13,25,142
33.449553,-112.075503,13,34,11
33.460449,-112.168935,13,2,7
33.6382871,-112.134828,13,2,11
33.415472,-111.834474,13,6,57
33.5746711,-111.7165421,13,5,24
33.6108754,-112.0982769,13,5,43
33.407724,-111.952872,13,4,7
33.6403357,-111.9607275,13,3,133
33.4962168,-111.9275441,13,26,57
33.363952,-111.806639,13,1,71
33.5818265,-111.9226855,13,4,72
33.3056789,-111.902866,13,9,11
33.5111761,-112.0737404,13,6,62
33.640021,-112.078594,13,1,72
33.3022462,-111.897967,13,18,204
33.457788,-112.067113,13,7,201
33.3814295,-111.7568672,13,1,12
33.455794,-112.0737589,13,12,292
33.6390037,-111.9778169,13,6,32
33.6040286,-111.9779152,13,11,6
