33.480017,-112.031501,12,4,56
33.4354553,-112.0739136,12,1,11
33.569585279088,-111.889003515244,12,5,84
33.4494871,-112.0744354,12,40,11
33.4804872,-112.0182413,12,1,71
33.6118121,-111.9925836,12,1,204
33.347591,-111.95738,12,2,99
33.4946888,-112.0333757,12,5,6
33.3937246,-112.0732306,12,2,11
33.4801532,-112.0759353,12,5,11
33.699248,-111.88586,12,1,135
33.4212935,-111.9258672,12,9,26
33.3557394,-111.9622075,12,1,222
33.629714,-111.9112,12,3,80
33.4986286,-111.9224398,12,11,17
33.5039376,-112.0999146,12,3,194
33.4656139,-111.9280519,12,6,439
33.317229,-111.9736755,12,2,17
33.38003,-111.839625,12,3,44
33.656005,-112.09836,12,6,11
33.6552062,-111.9785442,12,2,54
33.3173142,-111.9684653,12,6,11
33.622009,-111.90459,12,5,281
33.5276319,-112.064644,12,5,113
33.391982,-111.852108,12,1,29
33.63891,-112.390427,12,1,108
33.305681,-111.897553,12,20,12
33.712988,-112.1121748,12,15,142
33.497285,-111.928042,12,25,114
33.6253913,-112.0306999,12,5,192
33.4952163,-112.0207733,12,8,26
33.62958,-111.933892,12,2,178
33.60966,-112.359602,12,4,32
33.3197716,-111.9445618,12,4,272
33.3307646,-111.9813995,12,5,27
33.5669912,-111.8985922,12,3,68
33.5102068,-112.0272041,12,24,6
33.3197514,-111.9606292,12,1,20
33.712352,-112.200254,12,11,45
33.5025941,-111.9296765,12,72,22
33.48585,-112.0691813,12,1,43
33.4724491,-112.1345686,12,1,26
33.680611,-112.106961,12,1,6
33.3781238,-111.9642112,12,4,11
33.420571,-111.942444,12,1,11
33.4483771,-112.0740373,12,58,332
33.441124,-111.927581,12,3,11
33.4950878,-112.0316226,12,4,7
33.647582,-111.912038,12,1,29
33.315619,-111.948238,12,1,84
33.2624837,-111.7893006,12,1,118
33.5237842,-112.1138989,12,3,99
33.4801134,-111.9850858,12,10,45
33.6281017,-111.8912231,12,7,38
33.5922357,-112.2987693,12,1,11
33.4329724,-111.9043028,12,23,139
33.3049006,-111.741423,12,1,278
33.414894,-111.8529602,12,2,11
33.3023032,-111.8420579,12,10,333
33.5063463,-112.0477137,12,4,176
33.632423,-112.4712525,12,2,57
33.5804161,-112.1212794,12,6,6
33.480699,-111.986064,12,8,39
33.6272238,-111.8956455,12,7,97
33.639544,-112.168382,12,1,11
33.407368,-111.9455692,12,5,285
33.495198,-112.1858356,12,1,11
33.509755,-112.08407,12,4,11
33.584831,-111.9777114,12,25,278
33.380192,-111.843573,12,2,6
33.366746,-111.9363807,12,1,49
33.5,-112.17,12,1,84
33.6402889,-111.9799449,12,3,133
33.406846,-111.907542,12,5,284
33.506201,-112.0739253,12,11,56
33.5759106,-112.06531,12,6,78
33.606079,-111.716541,12,2,39
33.4500539,-112.0739944,12,40,11
33.4936893,-111.9306348,12,11,7
33.8331372,-111.9311517,12,1,49
33.635724,-111.884144,12,3,184
33.347758,-111.756931,12,5,11
33.568212,-112.073361,12,5,45
33.3260297,-111.8747445,12,7,32
33.637457,-112.328481,12,2,17
33.6613438,-111.9775852,12,1,66
33.484149,-112.074924,12,5,84
33.5675,-112.1674755,12,4,100
33.6241474,-111.9019215,12,1,200
33.3359514,-111.821208,12,2,24
33.6211306,-111.9166857,12,1,11
33.3022462,-111.897967,12,18,65
33.5533296,-112.1772292,12,2,49
33.629192,-111.889479,12,9,84
33.4952769,-111.9884173,12,10,24
33.3090064,-111.8411708,12,1,11
33.4484009,-112.0715171,12,23,11
33.3926383,-111.9110915,12,2,108
33.5160662,-112.029562,12,6,178
33.383883,-111.812246,12,1,409
33.4656263,-112.0466072,12,3,72
33.5738453,-111.8640322,12,4,84
33.4548476,-112.0800705,12,1,63
33.4932316,-111.9240949,12,20,39
33.466401,-112.392713,12,1,44
33.4802099,-111.9432925,12,3,384
33.4962205,-111.9641728,12,2,48
33.3260297,-111.8747445,12,7,203
33.4493647,-111.9264514,12,8,133
33.5092417,-112.0462659,12,17,11
33.566128,-112.07346,12,3,11
33.379862,-111.847999,12,1,7
33.6159222,-111.9070954,12,1,54
33.6182525,-111.8978162,12,5,11
33.317793,-111.978083,12,1,30
33.710671,-112.202473,12,4,64
33.3236472,-111.9705266,12,1,297
33.711171,-112.20256,12,2,44
33.639472,-112.218433,12,2,250
33.3929847,-111.9107627,12,5,84
33.6644693,-112.1172333,12,1,279
33.5818251,-112.1249576,12,11,33
33.6515554,-112.1861666,12,1,54
33.422756,-111.925685,12,9,10
33.6071829,-111.9403254,12,5,76
33.801473,-112.130244,12,1,44
33.682848,-112.203559,12,4,63
33.4242172,-111.9323906,12,1,49
33.3356118,-111.826674,12,2,65
33.680925,-112.225022,12,2,242
33.4156013,-111.6738306,12,2,26
33.4514813,-112.0906616,12,1,11
33.444712,-112.079787,12,1,39
33.3941983,-111.839969,12,3,11
33.362944,-111.927821,12,6,38
33.8649126,-112.1388544,12,4,11
33.4471735,-112.073781,12,58,11
33.7108037,-112.2690577,12,5,11
33.4950535,-111.9958183,12,6,11
33.4156823,-111.6701409,12,2,11
33.598922,-112.006669,12,2,52
33.7128813,-112.2746086,12,1,82
33.495496,-111.988131,12,10,7
33.305681,-111.897553,12,20,76
33.6667001,-112.186786,12,8,26
33.5671379,-111.9259237,12,6,11
33.639448,-111.888899,12,2,54
33.495574,-111.924461,12,4,99
33.407717,-111.950803,12,7,11
33.5641946,-112.2584939,12,1,32
33.4253128,-112.0291199,12,2,11
33.533614,-111.927209,12,1,99
33.5001109,-111.9175979,12,9,30
33.308791,-111.755329,12,1,72
33.4804921,-112.0221966,12,2,11
33.671033,-111.906781,12,7,22
33.3788436,-111.6330824,12,1,155
33.4951554,-112.0822129,12,4,11
33.3135411,-111.8409681,12,4,17
33.3492306,-111.9525282,12,2,361
33.4945846,-111.9321964,12,2,148
33.4596905,-112.0462108,12,3,11
33.629617,-112.3680195,12,1,11
33.5808419,-111.929453,12,5,238
33.3237792,-111.6873751,12,1,11
33.6011167,-111.9834389,12,5,46
33.6526367,-112.2524564,12,4,133
33.4115212,-111.8749295,12,1,84
33.6377604649113,-112.222988944892,12,4,201
33.6262432,-112.0143348,12,5,6
33.5082924,-112.1342038,12,3,72
33.6387383,-112.1895256,12,7,302
33.536861,-112.0475028,12,2,5
33.4563262,-112.0737079,12,12,108
33.833215,-111.955456,12,1,49
33.4658779,-111.9061195,12,4,11
33.3639125,-111.7343009,12,1,49
33.318767,-111.943635,12,1,84
33.698837,-111.888302,12,4,108
33.7079190910832,-112.478628158569,12,1,52
33.638937,-112.3553813,12,5,142
33.574721,-111.8619464,12,8,98
33.5383534,-112.1658193,12,4,119
33.3928746,-111.9376983,12,9,139
33.326375,-111.98155,12,1,95
33.6710331,-111.9067803,12,7,126
33.4947792,-111.9175074,12,7,17
33.613333,-112.193327,12,1,230
33.337009,-111.875775,12,9,7
33.6283281,-112.013151,12,11,123
33.3775346,-112.1662562,12,6,27
33.622887,-112.392505,12,4,8
33.6249115,-111.9254982,12,8,6
33.3793484,-111.7225261,12,3,26
33.406837,-111.945281,12,1,71
33.421874,-111.849501,12,3,168
33.538351,-112.184609,12,4,11
33.52681,-111.9246221,12,11,63
33.4670146,-111.9958498,12,1,11
33.5094461,-112.0403946,12,9,27
33.499504,-111.927891,12,9,48
33.6201268,-111.8740799,12,10,154
33.380969,-111.70048,12,1,37
33.619412,-111.8980932,12,5,26
33.414345,-111.913031,12,2,192
33.3050609,-111.9973418,12,2,44
33.3411959,-111.966986,12,2,6
33.4217517,-111.9513564,12,7,24
33.4816468,-112.0474381,12,2,128
33.5683426899471,-111.888102293014,12,3,15
33.5791383,-112.1239363,12,5,110
33.349683,-111.947,12,1,11
33.632129,-111.9023478,12,2,32
33.2467202,-111.8408778,12,6,201
33.63531,-111.925203,12,8,115
33.612089,-112.185319,12,9,11
33.5364584,-111.8883276,12,1,123
33.458022,-111.480971,12,1,49
33.4322113,-112.0429513,12,5,271
33.6986512,-111.9174872,12,4,39
33.385725,-111.690903,12,1,99
33.4245151,-111.9431827,12,4,17
33.6380393,-111.9259752,12,6,10
33.538748,-112.064759,12,9,99
33.6389039,-112.154998,12,3,96
33.379567,-111.893419,12,4,340
33.6177796,-111.9258843,12,9,11
33.3000276,-111.8761859,12,1,106
33.583199,-112.062162,12,1,95
33.32108,-111.875858,12,8,11
33.36276,-111.93534,12,1,32
33.293081,-112.062513,12,1,236
33.667839,-112.125528,12,1,99
33.5093484,-112.0949464,12,2,65
33.4944525,-112.0390663,12,2,284
33.4804588,-112.0917465,12,4,6
33.639487,-112.152653,12,5,7
33.5969746,-112.0368923,12,7,11
33.2628841,-111.8584646,12,9,27
33.4146848,-111.8792733,12,2,39
33.5020347,-111.9190324,12,8,72
33.5671501,-111.925924,12,6,43
33.4954526514139,-112.000054830225,12,16,49
33.393695,-111.816501,12,1,269
33.3637707,-111.9100618,12,18,43
33.3796211,-111.8094272,12,1,182
33.715349,-112.203574,12,1,384
33.491947,-112.078614,12,6,279
33.6387206,-112.3933793,12,3,27
33.6235377,-111.925553,12,19,108
33.3034164,-111.841513,12,7,247
33.5801678839784,-111.887036253426,12,9,7
33.3637525,-111.9100616,12,18,11
33.4168391,-111.9261446,12,7,65
33.870576,-112.150648,12,4,64
33.4901292,-112.0739068,12,3,3
33.415764,-111.557015,12,1,11
33.3356151,-111.7585784,12,4,129
33.427732,-111.943236,12,2,26
33.468082,-112.340676,12,4,123
33.822031,-111.90897,12,2,57
33.3712587,-111.9631624,12,1,72
33.6825711,-112.3039728,12,1,49
33.611316,-112.113683,12,1,11
33.4788092,-112.253741,12,4,6
33.5297605,-112.016571,12,1,161
33.509038,-112.0670453,12,6,26
33.453939,-111.9266331,12,5,4
33.484439,-112.364213,12,7,38
33.320748,-111.991549,12,4,7
33.628254,-112.028064,12,1,57
33.3432384,-111.9592559,12,2,59
33.3187306943108,-111.94338798523,12,1,11
33.5238965,-112.1142562,12,3,38
33.445682,-112.069322,12,5,11
33.463543,-112.341878,12,4,9
33.4658889,-112.2059364,12,1,26
33.4942423,-111.9264472,12,26,11
33.321205,-111.964808,12,2,208
33.5102068,-112.0272041,12,24,142
32.97846,-112.04232,12,2,11
33.513505,-112.06526,12,3,77
33.55468,-111.8992685,12,1,176
33.5025941,-111.9296765,12,72,6
33.659779,-112.373003,12,1,82
33.6868,-112.0507,12,1,148
33.6405901,-112.0811988,12,2,97
33.357997,-111.4677182,12,2,99
33.5394472,-111.924828,12,7,11
33.3203096,-111.8904421,12,11,369
33.5384145,-111.8875886,12,9,6
33.3931045,-111.9149788,12,3,11
33.4505129,-112.0154884,12,1,17
33.5090585,-112.070255,12,4,184
33.5025941,-111.9296765,12,72,21
33.49187,-112.124528,12,2,129
33.4234408327431,-111.939622163773,12,27,27
33.626514,-111.944406,12,3,3
33.6091,-112.236216,12,1,161
33.798888,-112.128533,12,6,7
33.4951366,-112.0012318,12,16,48
33.4178602,-111.9401301,12,5,9
33.655227,-112.378399,12,1,54
33.390046,-111.682305,12,1,11
33.654953,-111.93279,12,1,156
33.437291,-112.381811,12,2,7
33.967131,-112.711077,12,1,49
33.506201,-112.064576,12,3,13
33.4726589,-112.0734644,12,4,57
33.4952045,-112.0142961,12,7,24
33.538449,-112.1802777,12,1,70
33.4358405,-111.95467,12,1,49
33.5944266,-112.2205257,12,1,11
33.418499,-111.940305,12,5,49
33.6815794,-112.2355449,12,4,113
33.6251792,-111.9404813,12,13,133
33.3213169,-111.9798318,12,3,7
33.5081693,-112.0477108,12,6,72
33.493177,-112.064306,12,3,72
33.6109074,-112.1842033,12,9,11
33.509449,-112.0289706,12,17,6
33.4702778,-111.9261273,12,4,274
33.600769,-111.978772,12,3,26
33.5390042,-111.8891687,12,2,79
33.449188,-112.0772,12,34,39
33.644546,-111.909957,12,2,32
33.5097768,-111.9957399,12,12,38
33.379859,-111.601427,12,5,38
33.6675775,-112.2798692,12,2,27
33.4302952539532,-111.946563720703,12,1,199
33.640347560124,-111.969566345215,12,1,117
33.4820996,-111.9087669,12,8,26
33.5160662,-112.029562,12,6,38
33.3368091,-111.8566468,12,4,65
33.4366655,-111.9403254,12,9,51
33.6556844,-111.9300279,12,27,43
33.502612,-111.9315649,12,6,6
33.4647082,-112.279772,12,7,65
33.8659979,-112.1366801,12,4,108
33.6116508042702,-112.165567972652,12,2,11
33.611402,-112.112968,12,3,44
33.4800745,-112.2268039,12,1,13
33.6392183,-112.1530072,12,5,11
33.4528292,-112.0685027,12,19,214
33.4348794896361,-111.999092102051,12,8,11
33.343131,-111.789408,12,3,48
33.320437,-111.804006,12,1,96
33.3791269,-111.977079,12,5,11
33.4741375,-112.0649666,12,12,7
33.3198423861638,-111.975660324097,12,4,11
33.4626483327419,-112.062199115753,12,1,7
33.6698624,-112.030859,12,6,11
33.494288,-112.153053,12,1,11
33.362778,-112.168611,12,3,35
33.4998215,-111.9272226,12,26,59
33.4673017,-112.0734116,12,3,17
33.4657562,-111.9718284,12,4,218
33.4875788,-112.0817435,12,14,38
33.8701471,-112.1521138,12,1,96
33.6470463,-111.8929644,12,9,120
33.3777355,-111.9709188,12,1,26
33.494518,-112.0467345,12,3,6
33.641455,-112.101459,12,5,6
33.318509,-111.925941,12,2,35
33.5096147,-112.0252066,12,4,11
33.421663,-111.915278,12,3,11
33.452091,-111.789601,12,1,65
33.2770582,-111.8583383,12,2,204
33.480771,-112.09158,12,4,11
33.2475,-111.87918,12,8,32
33.3776634,-112.0331782,12,6,49
33.3904462,-111.8553658,12,2,11
33.3635666,-111.8588555,12,2,104
33.3932914733887,-112.047294616699,12,2,181
33.4075498,-111.957916,12,3,11
33.4515072,-111.8047382,12,2,44
33.487276,-112.030849,12,7,120
33.365096,-111.829287,12,1,49
33.445974,-111.8032005,12,1,32
33.3355888,-111.7382907,12,1,63
33.305681,-111.897553,12,20,115
33.2855799,-111.8416695,12,1,84
32.8808576049141,-111.848019361496,12,1,28
33.569402,-112.1204191,12,2,38
33.582876,-111.895256,12,1,11
33.3055423,-111.9778222,12,6,82
33.6042899,-111.9778497,12,11,166
33.3932466,-111.8630261,12,3,11
33.496155,-112.021248,12,8,11
33.4949925,-111.9901777,12,9,39
33.3633837,-111.911222,12,18,15
33.4312948,-112.5909435,12,1,11
33.350337,-111.912285,12,5,65
33.3786329,-111.9690009,12,1,99
33.4667074,-112.3408385,12,6,218
33.584081,-111.924837,12,2,6
33.639493,-112.057685,12,3,84
33.4728231,-112.0893753,12,2,52
33.626198,-112.134029,12,4,98
33.6758851,-112.2377961,12,1,57
33.4658536,-112.1649839,12,1,28
33.4233153,-111.9402738,12,27,27
33.379567,-111.893419,12,4,11
33.4499,-112.0739,12,40,103
33.2455959,-111.8413234,12,6,141
33.6914525,-111.92022,12,2,32
33.575545,-111.762057,12,1,29
33.321266,-111.911648,12,5,7
33.507557,-112.040116,12,9,26
33.3807127456417,-111.725978851318,12,1,27
33.4656885,-112.0795998,12,5,6
33.6368905,-112.2184181,12,10,6
33.246853,-111.879143,12,8,32
33.3346078,-111.9505563,12,1,166
33.3919401,-112.0734082,12,4,85
33.3063576829167,-111.759297251701,12,4,27
33.3488957,-111.9766015,12,6,65
33.638908,-112.154359,12,3,26
33.507478,-112.037267,12,6,139
33.425711,-111.94047,12,56,145
33.4800269,-111.9598996,12,2,65
33.319395,-111.874965,12,14,11
33.3626866,-111.928167,12,2,321
33.3028522,-111.8422556,12,7,27
33.3889234,-112.5910284,12,1,26
33.33861,-111.8592278,12,3,11
33.6392732,-111.9961364,12,1,7
33.530335,-112.047101,12,2,26
33.6415158,-112.3594533,12,1,41
33.3060571,-111.9484225,12,4,8
33.249971,-111.634346,12,7,11
33.4483771,-112.0740373,12,58,32
33.4065905,-112.0536037,12,1,11
33.6275125,-111.8954112,12,2,24
33.625558,-111.979556,12,2,11
33.502612,-111.9315649,12,6,108
33.392446,-112.024133,12,1,6
33.3774019,-111.908621,12,9,7
33.5093372,-112.0608177,12,8,63
33.714252,-112.095326,12,1,6
33.4129192,-111.96105,12,1,11
33.5070283,-111.9260847,12,7,18
33.376412,-111.972034,12,1,49
33.516464,-112.0823359,12,5,7
33.3573613,-111.7895216,12,1,213
33.497003,-112.083887,12,3,6
33.5085705,-112.2735549,12,3,148
33.516595,-112.098838,12,2,107
33.413158,-111.875779,12,13,11
33.637391,-112.3668873,12,3,54
33.5803924,-111.8804955,12,4,24
33.3637131,-111.9631397,12,3,26
33.4644854,-112.1716413,12,1,28
33.500545,-111.9264093,12,26,133
33.531328,-112.06466,12,2,43
33.678615,-111.9746066,12,56,11
33.6107485,-112.1851232,12,8,8
33.6763591,-111.9780802,12,11,106
33.3912528,-112.0733807,12,4,11
33.377663,-112.1706789,12,5,11
33.423991,-111.939582,12,27,11
33.683286,-112.101067,12,2,11
33.4493145,-112.0740474,12,40,224
33.465448,-111.899676,12,1,242
33.5984163,-111.9793285,12,7,361
33.5009573,-111.9291831,12,25,12
33.511272,-111.988814,12,1,65
33.5793005,-112.0129435,12,3,65
33.4212308,-111.9823707,12,1,37
33.5792741,-112.1339291,12,4,128
33.4657117,-112.0657286,12,7,11
33.5815632787298,-111.889958381653,12,1,6
33.4355181,-111.9265484,12,2,11
33.4614054,-111.4857451,12,1,66
33.5123186,-111.995355,12,1,99
33.3312527,-111.8396278,12,3,287
33.652101,-111.9307,12,3,65
33.422728,-111.951494,12,9,122
33.4949678,-111.9241443,12,4,11
33.430535,-112.345359,12,11,27
33.68239,-112.205558,12,1,64
33.6281017,-111.8912231,12,7,11
33.415189,-111.832119,12,6,205
33.3637746,-111.9095295,12,18,79
33.495204,-112.004864,12,7,6
33.495466,-112.003105,12,13,293
33.5243639,-111.8985922,12,12,21
33.341309,-111.836742,12,1,84
33.3200423,-111.9265518,12,3,119
33.4960516,-111.9303102,12,7,11
33.3480529785156,-111.911544799805,12,5,7
33.3813585,-111.6003234,12,5,7
33.5241972,-112.1340382,12,1,48
33.465665,-112.340224,12,6,11
33.263328,-111.85808,12,9,99
33.6722465,-111.8904642,12,12,7
33.2789582,-111.7859216,12,3,6
33.321061644794,-111.723918914795,12,1,11
33.3782381,-111.9297441,12,4,11
33.676109,-112.022179,12,1,49
