33.624524,-111.929685,6,12,13
33.3361417,-111.7728621,6,2,6
33.466063,-111.906647,6,4,11
33.309943813867,-111.74637933566,6,2,11
33.490698,-111.992823,6,1,7
33.527824,-111.9270661,6,14,224
33.4483771,-112.0740373,6,58,79
33.352666,-111.653604,6,3,306
33.42135,-111.924806,6,18,124
33.3060616,-111.8748501,6,11,11
33.351069,-111.857927,6,5,49
33.4925951,-111.9259858,6,18,11
33.5086952779617,-111.927080154419,6,7,11
33.5025941,-111.9296765,6,72,64
33.5747394,-111.8619499,6,8,206
33.5879473,-112.1164668,6,2,11
33.347967,-111.821864,6,1,122
33.4483032,-112.0031573,6,1,170
33.623462,-111.895742,6,6,200
33.5092093,-111.9885861,6,4,7
33.4360201,-112.0270114,6,1,240
33.318392,-111.71108,6,2,79
33.3788731,-111.6016043,6,3,57
33.458783,-112.0561619,6,1,6
33.5088428,-112.0342897,6,1,265
33.3804092,-111.7394812,6,1,96
33.2767523,-111.7206051,6,1,44
33.597378,-112.1197753,6,3,41
33.5822836,-111.8920671,6,10,314
33.6068171,-112.0654174,6,1,7
33.5234878,-112.2040548,6,2,11
33.475115,-111.986452,6,2,120
33.319377,-111.966307,6,3,212
33.674581,-112.029822,6,2,90
33.317771,-111.974436,6,2,254
33.5991408,-111.9815612,6,18,30
33.421314,-111.924319,6,18,99
33.3053419,-111.7586552,6,4,161
33.3411959,-111.966986,6,2,35
33.65,-112.1,6,1,336
33.2549107,-111.6335652,6,3,10
33.3939979,-111.8744659,6,6,264
33.4772147,-112.0736348,6,5,265
33.65379,-112.23381,6,5,183
33.4487268,-112.0737094,6,58,7
33.6950907,-112.1522297,6,2,51
33.3906625,-112.1336327,6,3,7
33.3260297,-111.8747445,6,7,32
33.3892,-111.86058,6,5,99
33.648672,-112.011752,6,1,188
33.4466932,-112.3410693,6,3,43
33.2644333,-111.8601,6,2,11
33.3203505,-111.9094139,6,7,72
33.424624,-111.935316,6,2,39
33.8735791,-111.9610303,6,1,52
33.611233,-112.221663,6,2,7
33.3202459,-111.8923054,6,4,121
33.4947371,-112.0598246,6,5,38
33.2329052,-111.8583082,6,5,11
33.4481411,-112.0980531,6,2,57
33.7005934,-111.9235128,6,3,26
33.5095354,-112.0275918,6,17,33
33.4105453536845,-111.860657930374,6,1,79
33.5092835,-112.0372023,6,15,61
33.6686274,-112.1230703,6,3,63
33.4795416,-112.0734183,6,4,27
33.5823462,-111.8918885,6,10,4
33.446727,-111.728408,6,1,32
33.638248,-111.899636,6,1,32
33.5013188,-112.0750147,6,3,32
33.336052,-111.961886,6,4,255
33.4793233,-111.9870227,6,8,108
33.305121,-111.9842354,6,1,72
33.465334,-111.978816,6,2,11
33.2664407,-111.8210866,6,2,139
33.304182,-111.863321,6,2,7
33.3490842,-111.9449183,6,6,27
33.579445,-112.122349,6,3,168
33.610449,-112.239434,6,7,162
33.495074,-111.9891177,6,10,6
33.417941,-111.909471,6,1,7
33.4948142,-112.0536454,6,1,11
33.640162,-111.961383,6,3,278
33.5175821,-112.064846,6,10,119
33.330411,-111.7905455,6,4,43
33.5421376,-112.3158945,6,1,190
33.449188,-112.0772,6,34,26
33.6406599,-112.0180461,6,5,63
33.4795094,-112.1125311,6,2,28
33.399883,-111.68413,6,1,11
33.5174989,-112.0650006,6,10,3
33.39926,-111.36425,6,5,333
33.233464772275,-111.687451601028,6,1,43
33.4213936,-111.9425097,6,9,15
33.494446,-111.900732,6,2,28
33.4484111,-112.0723024,6,23,7
33.3059943,-111.8857761,6,10,30
33.594702,-112.218673,6,1,13
33.279743,-111.795534,6,1,72
33.7129714,-112.1136949,6,1,57
33.244727,-111.636103,6,1,103
33.2497757,-111.6344769,6,7,7
33.439648,-112.026154,6,8,6
33.680405,-112.081124,6,1,314
33.383123,-111.964485,6,16,76
33.5092093,-111.9885861,6,4,11
33.49389,-111.924221,6,20,115
33.643428,-112.221227,6,2,7
33.5618608,-111.9773884,6,1,7
33.797531,-111.976648,6,3,44
33.30582,-111.977144,6,1,11
33.4466526,-111.9525721,6,1,90
33.4165461,-111.836832,6,9,7
33.2999216779845,-111.841694712639,6,8,24
33.3895807,-112.1336432,6,3,11
33.406669,-112.02249,6,2,138
33.400284,-112.000808,6,1,24
33.424281,-111.924088,6,8,119
33.641598,-112.225578,6,3,97
33.550167,-112.048885,6,1,24
33.334024,-111.860544,6,1,6
33.3354991,-111.8456254,6,3,202
33.449188,-112.0772,6,34,119
33.34917,-111.83258,6,1,32
33.492517,-111.930037,6,5,17
33.5384488,-112.1542252,6,1,26
33.5097489,-112.1045404,6,1,11
33.306125,-111.8603335,6,5,44
33.449991,-111.976123,6,1,236
33.58348,-111.883526,6,4,43
33.4291983,-111.8902622,6,1,60
33.34711,-111.719495,6,1,121
33.5094293,-112.029503,6,6,345
33.4538299,-112.0914475,6,1,32
33.6674187,-112.1203279,6,3,7
33.380136,-111.763318,6,1,11
33.639888,-112.3040101,6,1,63
33.4888548,-112.0650902,6,3,49
33.5785774,-111.880463,6,2,280
33.464947,-111.909417,6,3,11
33.5736474,-112.1246893,6,8,22
33.407717,-111.950803,6,7,123
33.372032,-112.57475,6,2,27
33.4925020001075,-111.924118995667,6,12,11
33.496175,-112.020561,6,8,63
33.414208,-111.892197,6,1,72
33.381723,-111.754566,6,6,48
33.5843898,-112.0993548,6,1,84
33.6349919,-111.977147,6,1,103
33.616293,-111.90464,6,1,103
33.7129653,-112.1117276,6,15,105
33.4657394,-112.0724302,6,7,224
33.354335,-111.789256,6,1,6
33.497888,-111.923117,6,11,205
33.4726716,-111.9264432,6,7,11
33.6565129,-112.361616,6,1,72
33.4922183,-111.9240563,6,12,39
33.670616,-112.031964,6,3,26
33.407299,-111.9548224,6,3,39
33.4145172,-111.8345171,6,3,7
33.415957,-111.808954,6,1,11
33.4059219,-111.771636,6,2,11
33.5331251,-112.2581306,6,2,11
33.411812,-111.8979335,6,1,49
33.466104,-112.081655,6,16,11
33.4582251,-112.2724782,6,1,71
33.566109,-111.9244817,6,5,292
33.4946259,-111.989339,6,3,27
33.4320859998357,-111.864777803421,6,1,110
33.626218,-111.900354,6,2,287
33.510317,-112.080548,6,4,63
33.4802114,-111.9433452,6,3,1
33.3928607,-111.9375628,6,9,123
33.4932177,-111.92571,6,26,33
33.4511467,-111.9810186,6,1,26
33.4928985,-111.9306807,6,11,84
33.5754755,-112.0651592,6,6,11
33.5820736,-111.9289838,6,6,7
33.3812843,-111.7535064,6,6,6
33.3852846,-111.964558,6,18,13
33.4628486,-112.3408646,6,4,8
33.306501,-111.875221,6,11,43
33.6103305007236,-111.927058696747,6,7,133
33.42566,-112.035071,6,1,49
33.640112,-112.17622,6,2,13
33.8232982,-111.9149875,6,1,379
33.430535,-112.345359,6,11,194
33.3333494,-111.9108427,6,4,96
33.4795408,-112.0734213,6,4,33
33.610963,-111.927561,6,2,7
32.97846,-112.04232,6,2,8
33.293743,-111.874024,6,1,54
33.8337069,-111.936832,6,1,168
33.6071829,-111.9403254,6,5,38
33.5095252,-111.9852597,6,1,11
33.3762931,-112.0357137,6,1,99
33.568103,-112.203388,6,1,11
33.5239202,-112.1163693,6,2,65
33.6083312,-111.7201364,6,5,225
33.5029968,-111.9266886,6,7,333
33.308411,-111.866398,6,1,231
33.321205,-111.964808,6,2,130
33.3185552,-111.841572,6,2,11
33.665965,-112.203707,6,4,11
33.678615,-111.9746066,6,56,6
33.577348435209,-111.929048176574,6,4,32
33.6071829,-111.9403254,6,5,210
33.5964011,-112.1201741,6,3,11
33.546,-111.96828,6,16,98
33.3903631,-111.8521234,6,2,17
33.4474542,-112.0745395,6,58,45
33.3934759,-111.8762013,6,10,72
33.320569,-111.8581876,6,7,183
33.6407,-112.070232,6,13,11
33.3790441,-111.8425949,6,1,11
33.6400311,-112.070196,6,13,7
33.393841,-111.842039,6,2,38
33.3897636,-111.8570231,6,3,11
33.450192,-111.773266,6,1,284
33.599162,-111.987194,6,10,119
33.5829517,-112.0512709,6,1,11
33.3185866,-111.9766537,6,2,6
33.677854,-111.978579,6,11,108
33.4801073,-111.9328406,6,2,78
33.4940321,-111.9218306,6,14,11
33.5774693,-112.2353687,6,2,44
33.649878,-111.888031,6,1,65
33.6207149,-111.894704,6,5,7
33.4058635,-111.9550676,6,1,32
33.445899,-112.071313,6,5,228
33.306411,-111.89307,6,2,99
33.5385594,-112.187677,6,2,139
33.479935,-111.92777,6,2,224
33.449188,-112.0772,6,34,339
33.304371889931,-111.74337686106,6,1,11
33.6668491,-112.1868621,6,4,11
33.41578,-111.668666,6,1,11
33.421385,-111.893092,6,6,14
33.457457,-112.072164,6,5,26
33.671403,-112.185076,6,4,27
33.6664543151855,-112.124526977539,6,5,43
33.5693997,-112.0740526,6,1,26
33.390303,-111.856673,6,3,3
33.4483771,-112.0740373,6,58,240
33.2452024,-111.8396102,6,6,6
33.4521292,-112.0830903,6,3,44
33.4808731,-112.0188193,6,1,72
33.5092809,-112.0372737,6,15,13
33.6272298016351,-112.160783471429,6,1,156
33.2972473,-111.9016478,6,2,11
33.435146,-111.998367,6,8,33
33.493287,-112.286108,6,4,26
33.4483771,-112.0740373,6,58,32
33.568349,-111.88844,6,3,11
33.5094627,-112.0921021,6,6,99
33.6844467,-112.1214781,6,1,188
33.569041,-111.8872821,6,8,11
33.463576,-112.478171,6,1,72
33.6394827,-112.1368503,6,4,11
33.6406346,-111.9819273,6,3,106
33.6754475,-111.9779854,6,11,124
33.377068,-111.945167,6,4,39
33.610173,-112.357696,6,3,8
33.6011167,-111.9834389,6,5,6
33.4652484,-112.0476957,6,2,26
33.5037347310048,-111.927815079689,6,6,13
33.5237203,-112.0480242,6,11,26
33.7143123,-112.2713813,6,1,4
33.757546,-111.990434,6,1,11
33.6407988,-112.0124697,6,5,7
33.510442,-112.1329,6,1,84
33.4217923,-111.951184,6,7,7
33.6212432,-111.9067933,6,2,6
33.2649732,-111.8582263,6,1,11
33.67722,-112.029184,6,2,36
33.624524,-111.929685,6,12,6
33.4969177,-111.924017,6,8,29
33.5706,-111.9021,6,3,106
33.3880332,-111.6837198,6,1,63
33.479778,-112.069072,6,1,26
33.424447,-111.908444,6,2,319
33.378685,-111.793048,6,5,9
33.5963281,-112.1666303,6,1,24
33.6400831,-112.1077108,6,1,72
33.4460879,-112.0741278,6,2,43
33.765181,-112.32068,6,1,18
33.3917177901471,-111.908305687358,6,5,11
33.465496,-112.081138,6,5,112
33.5381023,-111.9085317,6,8,27
33.42183,-111.960264,6,8,7
33.4320855192953,-111.954361833876,6,1,333
33.5266038,-111.924627,6,11,119
33.4810592,-111.9089035,6,8,84
33.4629168,-112.0730782,6,1,157
33.6524962,-112.2481142,6,1,65
33.3346157829099,-111.912059783936,6,8,352
33.432869,-111.871831,6,3,123
33.4365834,-112.0982575,6,2,7
33.3057308,-111.8960397,6,7,11
33.6383272,-112.2163378,6,3,11
33.5089467,-112.0379613,6,10,99
32.879177,-111.71103,6,1,26
33.597169,-112.037281,6,7,8
33.3848303,-111.9088442,6,2,106
33.510164,-111.911516,6,4,65
33.373465,-111.971852,6,2,158
33.553457,-112.098337,6,6,27
33.3805274963379,-111.741088867188,6,2,6
33.45487,-112.075514,6,1,148
33.6112827,-112.3592286,6,2,84
33.5528595,-112.1828958,6,1,33
33.360087,-111.791687,6,1,79
33.419943,-111.840369,6,3,141
33.5803604125977,-112.120513916016,6,6,224
33.5095361,-112.085784,6,2,45
33.3003799,-111.74523,6,3,7
33.678615,-111.9746066,6,56,36
33.653763,-112.065023,6,2,96
33.378718,-111.8115838,6,4,38
33.4218911,-111.9506569,6,7,133
33.636811,-112.241265,6,2,11
33.5521559,-112.257911,6,3,7
33.510188,-112.081699,6,5,84
33.3055166,-111.9798699,6,4,296
33.6079276,-112.0652465,6,3,6
33.612391,-111.994052,6,3,7
33.5386433,-112.1145297,6,1,11
33.457334,-112.064827,6,1,234
33.3999435,-112.0297841,6,1,11
33.495981,-112.029012,6,6,54
33.4805123,-112.2223461,6,1,11
33.392567,-111.787043,6,4,6
33.4801249,-111.9846519,6,10,30
33.25539,-111.62019,6,5,11
33.4914417268173,-111.926420331001,6,18,11
33.4946927,-111.9802875,6,4,7
33.9719884,-112.7233385,6,4,119
33.36363,-111.909954,6,18,7
33.637698,-112.180888,6,2,146
33.4506624,-111.8294455,6,1,72
33.3123284,-111.8595108,6,2,112
33.4522676,-111.9261275,6,4,99
33.5830387,-111.9267428,6,22,140
33.6043179,-112.2837818,6,1,324
33.5146350358228,-111.998405456543,6,1,49
33.6005767,-111.7163148,6,3,63
33.555296,-112.09925,6,3,43
33.624458,-111.9309826,6,12,6
33.3804801,-111.7538628,6,9,65
33.5828508,-112.0131082,6,9,43
33.435632,-111.815296,6,3,11
33.499499,-111.927402,6,26,97
33.639472,-112.071469,6,13,11
33.495195,-112.216864,6,1,469
33.33563,-111.854277,6,3,11
33.638473,-112.154947,6,2,4
33.5782298,-112.102316,6,1,203
33.3919202,-111.8920275,6,2,11
33.5248723,-112.0649946,6,2,139
33.321976,-111.928947,6,3,11
33.2805741,-111.8017218,6,2,54
33.3059969,-111.88516,6,2,11
33.317906,-111.964138,6,21,11
33.5841629,-111.927447,6,22,65
33.5968944,-112.0141296,6,8,64
33.4922185,-111.9240563,6,12,313
33.5843347,-111.9268418,6,22,13
33.492737,-112.380047,6,3,11
33.624955,-111.944566,6,3,7
33.378544,-111.791494,6,5,65
33.4522676,-111.9261275,6,4,17
33.408232346163,-111.88895784504,6,2,72
33.3777664,-112.1146762,6,1,139
33.480827,-112.007051,6,1,41
33.2210188,-111.5832386,6,1,7
33.3780323,-111.9614687,6,3,72
33.3929472,-111.9427538,6,1,26
33.4630275,-112.3410606,6,4,11
33.655796,-112.132916,6,4,341
33.3750117,-111.7896301,6,3,78
33.6251727,-112.0306029,6,5,25
33.3357344,-111.8762787,6,10,45
33.6242942,-112.4249999,6,3,24
33.4948091,-112.023489,6,1,39
33.391906,-112.0973086,6,1,26
33.4089039,-111.9783494,6,1,39
33.4959222,-112.100192,6,3,75
32.943589,-112.7335422,6,3,33
33.608324,-111.719967,6,5,6
33.6379309,-112.0135012,6,2,403
33.4535131,-112.0725419,6,5,101
33.4954282,-111.99019,6,9,54
33.5386441,-112.0986063,6,3,26
33.5813091,-111.9790432,6,2,8
33.629381,-111.913695,6,2,84
33.512566,-112.065442,6,5,133
33.867992,-112.150211,6,2,83
33.365006,-111.736718,6,3,55
33.4150462,-111.8733645,6,3,133
33.378717,-111.740206,6,1,11
33.3491089,-111.9299559,6,3,3
33.351262,-111.8078452,6,2,6
33.666682,-112.12371,6,5,11
33.4951572,-112.0040831,6,7,11
33.2360619,-111.716431,6,1,253
33.5988822,-112.0134332,6,2,122
33.5098007,-111.9965162,6,12,48
33.4659221,-112.0410308,6,2,11
33.3370939,-111.8760633,6,9,142
33.5677454,-112.0725581,6,5,386
33.3057002,-111.9016698,6,9,11
33.461159,-111.925916,6,2,39
32.879224,-111.691482,6,2,11
33.3805962,-111.75452,6,9,44
33.5047782,-111.9261807,6,7,11
33.482598,-111.935074,6,2,11
33.2528,-111.5239,6,3,7
33.486037,-112.363428,6,2,207
33.480105,-112.0813612,6,7,26
33.415194,-111.919995,6,3,219
33.4715869,-111.9257888,6,7,262
33.4222596,-111.9349379,6,5,26
33.531073,-112.15886,6,1,11
33.6382038313039,-112.363443374634,6,3,11
33.487964,-112.084175,6,2,49
33.4074496,-111.9249272,6,5,296
33.3105647,-111.7472007,6,2,29
33.5382049,-111.8894906,6,2,41
33.4457178,-111.9230032,6,1,199
33.6255226,-111.9436496,6,3,11
33.4986981,-111.9175524,6,2,21
33.351152,-111.876976,6,1,115
33.435243,-111.82249,6,1,26
33.4318914,-111.6325838,6,1,11
33.3788919,-111.8779993,6,2,114
33.3100264,-111.7814596,6,1,276
33.5015167,-112.0822622,6,6,70
33.598218,-112.167662,6,5,271
33.395974,-111.8406513,6,4,11
33.5387267,-112.1086489,6,1,78
33.597427,-111.997299,6,1,175
33.6117369,-111.9969776,6,4,79
33.85281,-112.2469831,6,1,11
33.3255257,-111.6876868,6,3,173
33.5905927,-111.787309,6,2,84
33.333655,-111.806298,6,3,11
33.304138,-111.978392,6,9,79
32.8794061,-111.6909119,6,2,11
33.4933743,-112.3579364,6,4,72
33.5008001,-111.9227925,6,8,39
33.638405,-111.979837,6,7,6
33.2491155,-111.8714595,6,1,11
33.4803679,-111.9347763,6,2,11
33.653685,-112.135621,6,3,194
33.392567,-111.787043,6,4,11
33.5110223,-112.0737662,6,6,6
33.742088,-111.8427014,6,2,11
33.580029,-111.983829,6,2,135
33.5019817,-111.9276185,6,25,15
33.4877201,-112.0834721,6,14,11
33.5278493,-111.9258624,6,14,13
33.5520018,-112.0994892,6,6,11
33.4341900790355,-111.994339227676,6,5,7
33.8195509,-112.1429536,6,2,285
33.25183,-111.632682,6,2,27
33.5014539,-112.0131336,6,2,294
33.6421785,-112.0102387,6,1,99
33.464864,-112.355064,6,1,99
33.319374,-111.929326,6,5,11
33.511391,-112.069119,6,7,119
33.3057031196448,-111.788227558136,6,1,7
33.44455,-112.073577,6,1,11
33.344661,-111.964764,6,2,184
33.4722161,-111.987716,6,1,17
33.6503,-112.2481,6,3,59
33.4299139,-112.082173,6,1,26
33.3061635,-111.8744659,6,11,121
33.5515055,-112.2698024,6,9,108
33.3675869176765,-111.936532258987,6,1,417
33.6387875,-112.304058,6,1,7
33.6653203,-112.1865208,6,8,236
33.3802949,-111.811327,6,2,86
33.301457,-111.947804,6,1,59
33.4155549,-111.6827227,6,1,11
33.320934,-111.986116,6,1,54
33.626788,-111.994838,6,2,63
33.41287,-111.974359,6,2,68
33.392791,-111.807604,6,1,145
33.609487,-112.181293,6,2,324
33.610028,-112.2387233,6,7,11
33.5836721,-112.1516571,6,1,273
33.6419961,-112.2547234,6,1,72
33.6384336,-112.3331529,6,2,123
33.597833,-111.9784028,6,7,99
33.3055845,-111.9002766,6,11,6
33.6302528,-112.3401876,6,1,337
33.552127,-112.259952,6,4,11
33.580584,-112.124178,6,5,345
33.497047,-112.046971,6,1,65
33.407975,-111.910578,6,13,162
