33.4581718,-112.3043999,9,1,33
33.5214274,-112.0651938,9,5,17
33.480463,-112.111414,9,2,7
33.639067,-112.425148,9,3,35
33.3290012,-111.7907324,9,4,49
33.5818637,-112.1879216,9,1,98
33.5377976,-112.2378285,9,2,296
33.3794537,-111.4903357,9,1,66
33.317906,-111.964138,9,21,274
33.5443733,-111.9041764,9,5,82
33.3667149,-111.7561115,9,5,7
33.4588994,-112.0662616,9,6,114
33.24665,-111.824692,9,1,11
33.710671,-112.202473,9,4,27
33.5818256,-112.1241562,9,11,11
33.3892753,-111.8746764,9,1,54
33.4730967,-112.0565185,9,2,7
33.384398,-111.858873,9,4,119
33.421589,-111.883506,9,1,11
33.379618,-111.757045,9,9,26
33.566247,-111.9257768,9,2,48
33.8504832,-112.1166506,9,2,133
33.617303,-111.892594,9,4,54
33.377767,-112.172642,9,2,65
33.3052504,-111.9380626,9,2,376
33.596727,-112.200209,9,2,43
33.313553,-111.957417,9,1,26
33.638626,-112.217296,9,3,212
33.6540264,-112.0821641,9,2,11
33.3872347,-111.8570426,9,5,11
33.4660496,-112.0584398,9,1,24
33.677443,-111.978861,9,11,148
33.5056116,-112.0475272,9,4,7
33.479967,-111.908438,9,4,154
33.4466976,-112.3411162,9,3,28
33.442375,-111.955643,9,6,11
33.4919059,-111.9245657,9,12,23
33.4043912,-111.9788107,9,1,43
33.6196375,-111.8977352,9,5,72
33.58465,-111.830226,9,4,65
33.5997853,-111.9869486,9,10,24
33.2818543,-111.7888601,9,8,6
33.3940867,-111.7135492,9,1,54
33.5394273,-111.9245481,9,7,65
33.6341073,-111.9253638,9,14,65
33.6199988,-111.8739958,9,10,11
33.640635,-112.229894,9,2,65
33.466436,-112.340676,9,6,254
33.5990432,-111.9812072,9,17,141
33.6290819,-112.238107,9,6,38
33.3501281,-111.9286947,9,6,7
33.716678,-112.270705,9,1,35
33.320343,-111.87521,9,14,133
33.4533293,-112.3947036,9,1,208
33.43065,-111.843711,9,6,6
33.6220924,-111.9259794,9,2,238
33.5866079,-111.8351222,9,4,26
33.4154085,-111.9261843,9,7,7
33.712245,-112.101899,9,2,117
33.6397237,-112.1223355,9,1,41
33.581565,-112.200593,9,2,108
33.5990613,-111.9819747,9,18,160
33.506582,-111.925374,9,2,65
33.502191,-111.996292,9,10,6
33.3052386,-111.951304,9,2,43
33.2786539,-111.8589415,9,2,27
33.583163,-111.931007,9,6,38
33.4474542,-112.0745395,9,58,11
33.6094380925246,-112.06668779254,9,2,11
33.4709187,-112.0299803,9,1,98
33.6693312,-112.2029352,9,8,26
33.423425,-111.979319,9,1,28
33.4598034,-112.3415576,9,1,119
33.510046,-112.0140832,9,11,7
33.375057,-111.687177,9,4,48
33.425314,-112.072919,9,1,130
33.6251838,-111.9255108,9,8,11
33.2486638,-111.6342993,9,10,11
33.4804269,-111.9968345,9,5,60
33.651936,-112.376331,9,1,222
33.5081582,-111.9066528,9,1,23
33.439648,-112.026154,9,8,38
33.53226,-112.17908,9,2,126
33.6556844,-111.9300279,9,27,11
33.412675,-111.550932,9,1,11
33.509096,-111.994831,9,4,281
33.531328,-112.06466,9,2,61
33.470823,-112.232875,9,2,39
33.458928,-112.0655978,9,6,44
33.4537199,-112.340385,9,4,11
33.3650631,-111.7495419,9,3,72
33.3183402,-111.8418708,9,2,25
33.58293,-112.1513854,9,1,41
33.3072791,-111.7565009,9,1,48
33.678615,-111.9746066,9,56,11
33.4366655,-111.9403254,9,9,57
33.641525,-112.066243,9,2,123
33.381101,-111.7226826,9,1,44
33.6357834,-111.9253272,9,8,11
33.5547742,-112.1119501,9,2,29
33.3852846,-111.964558,9,18,21
33.4108625,-111.9701785,9,2,17
33.4973896,-111.9223075,9,11,205
33.629356,-111.938205,9,1,28
33.639747,-112.047055,9,2,120
33.486257,-112.0476186,9,1,26
33.426767,-111.939894,9,56,4
33.464424,-112.113942,9,1,11
33.640479,-112.425566,9,1,108
33.499705,-111.927222,9,26,13
33.5539572,-112.1169812,9,2,60
33.48155,-111.986389,9,1,374
33.568758,-111.886437,9,3,192
33.5058637,-112.0322126,9,2,28
33.5007817,-112.0302118,9,1,32
33.68156,-112.2372641,9,4,64
33.4964931,-111.9256151,9,4,3
33.3904462,-111.8553658,9,2,11
33.46469,-112.2797718,9,7,11
33.3786739,-111.757599,9,1,11
33.7420716,-111.8427254,9,2,11
33.4948120117188,-111.926361083984,9,26,11
33.3947699,-111.9088938,9,23,108
33.4514058,-111.763916,9,2,121
33.421558,-111.945394,9,8,11
33.501646,-111.922389,9,15,39
33.4728641,-112.0130958,9,2,71
33.6071829,-111.9403254,9,5,63
33.4964315,-111.9293821,9,26,65
33.639413,-112.355343,9,5,73
33.825219,-111.922644,9,6,11
33.5102512,-112.0739972,9,13,11
33.64106,-112.025158,9,1,72
33.4527955,-112.0693177,9,19,6
33.416355,-111.685046,9,2,185
33.6628743,-112.1866608,9,1,188
33.451376,-112.393973,9,2,72
33.4251869,-111.9402298,9,56,236
33.6725479,-111.8905088,9,12,7
33.621923,-111.926811,9,2,1
33.3930051,-111.910786,9,5,11
33.636101068837,-112.41542032984,9,1,30
33.710777,-112.276321,9,3,142
33.495213,-111.9935622,9,4,17
33.4972764,-111.9259415,9,21,15
33.3929656,-111.9069354,9,5,264
33.5963901,-112.1346307,9,7,120
33.5638047,-112.0738233,9,2,79
33.37854,-111.793383,9,5,55
33.5255778,-112.0998586,9,2,54
33.47322,-112.04806,9,1,38
33.4335164,-111.7256936,9,1,43
33.5963531,-111.9813616,9,3,72
33.4995106,-111.9272212,9,26,39
33.300757,-111.755831,9,1,54
33.5823384,-111.6801411,9,2,48
33.4543305,-111.8856396,9,2,11
33.35096,-111.858667,9,5,43
33.45977,-112.0741625,9,9,109
33.569728,-111.886203,9,8,128
33.410045,-111.684349,9,3,11
33.5880113,-111.8356287,9,9,7
33.405162,-111.98202,9,1,165
33.6129574,-112.2374439,9,1,106
33.4741375,-112.0649666,9,12,7
33.5705669,-111.886606,9,8,97
33.6079458,-112.0365837,9,2,71
33.39351,-111.956025,9,1,17
33.522983,-112.186792,9,1,278
33.3368946,-111.8764075,9,9,239
33.586935,-111.9267368,9,2,256
33.5531825,-112.0571225,9,4,38
33.5092825,-112.0372641,9,15,35
33.5674985,-112.1670965,9,4,185
33.2528,-111.5239,9,3,11
33.496107,-111.929337,9,26,65
33.5839581,-111.9788671,9,25,33
33.2864817,-111.7494191,9,1,54
33.4205005,-111.9389307,9,1,24
33.6283281,-112.013151,9,11,8
33.3054462,-111.977602,9,6,33
33.465942,-112.095684,9,3,6
33.4499,-112.0739,9,40,11
33.3736289,-112.0708546,9,1,103
33.6383174,-112.2183725,9,10,7
33.5665654,-112.0567016,9,4,57
33.306499,-111.877846,9,3,224
33.391334,-112.169054,9,1,142
33.5100398,-112.0146407,9,11,11
33.4503624,-112.0750411,9,40,99
33.4929677,-112.3275696,9,1,65
33.413158,-111.875779,9,13,11
33.5088652465793,-111.925004124641,9,1,11
33.478347,-111.925796,9,18,73
33.5827671,-112.1515375,9,2,98
33.4156504,-111.5593031,9,1,63
33.4402837,-111.9307701,9,3,52
33.5986695,-112.1197636,9,3,191
33.4177013,-111.9342704,9,1,7
33.4302217,-112.0999049,9,1,44
33.5795108,-111.8866127,9,9,64
33.6703893,-112.0310149,9,6,7
33.712396,-112.093073,9,2,60
33.6836757,-112.0984072,9,3,142
33.3574524,-112.4296587,9,1,11
33.6707361,-112.1177658,9,2,48
33.4482397,-112.0009902,9,1,72
33.5227221,-112.0649884,9,5,84
33.477407,-112.219346,9,1,210
33.362444,-111.912417,9,4,6
33.362894,-111.7897157,9,3,84
33.4803914,-111.9246646,9,3,341
33.5271086,-112.0648465,9,5,202
33.385548,-111.7541801,9,4,7
33.5100398,-112.0146407,9,11,33
33.555672,-111.8965766,9,1,54
33.831395,-111.933617,9,2,35
33.362719,-111.8761389,9,6,11
33.414716,-111.834471,9,3,57
33.65316,-112.184993,9,2,317
33.5530705,-112.0998914,9,6,33
33.6230152,-111.9297079,9,12,123
33.498858,-112.0835024,9,2,11
33.612363,-112.184263,9,9,11
33.6858151,-112.0998835,9,1,72
33.413857,-111.553733,9,1,6
33.6098767,-112.2506658,9,1,326
33.5515304,-112.2707018,9,9,27
33.3198828,-111.9746019,9,2,6
33.574827,-111.88076,9,1,458
33.8699738,-112.1480614,9,2,29
33.3148631,-111.8595869,9,2,147
33.3491937,-111.9593221,9,6,11
33.42135,-111.924806,9,18,244
33.799849,-112.126087,9,5,84
33.5238935,-111.8992615,9,12,4
33.382744,-112.03444,9,2,157
33.546,-111.96828,9,16,108
33.39503,-111.755992,9,1,43
33.756006,-111.992641,9,2,84
33.5025941,-111.9296765,9,72,6
33.6717895,-111.9060007,9,7,7
33.612363,-112.184263,9,9,11
33.4956431,-112.0834831,9,9,39
33.3936711,-111.6892126,9,4,6
33.4152304,-111.8234333,9,2,72
33.678615,-111.9746066,9,56,47
33.650636715519,-112.248344421387,9,3,185
33.3197658,-111.944694,9,4,39
33.6412984,-112.0063922,9,3,25
33.2606570211946,-111.790564085361,9,6,11
33.6555982,-112.1341515,9,4,24
33.6392693,-112.0340988,9,1,32
33.492914,-111.933566,9,4,40
33.3940241,-111.9396018,9,3,8
33.348325,-111.823704,9,1,65
33.52681,-111.9246221,9,11,121
33.6749992370605,-111.977600097656,9,11,11
33.0583283,-112.0480196,9,1,38
33.6302383,-112.2204051,9,1,72
33.7150963,-112.1136988,9,4,99
33.5825219,-111.8926245,9,10,173
33.499084,-112.056848,9,1,28
33.6356863,-112.2359563,9,2,17
33.3931232,-111.6330502,9,2,154
33.4990986,-111.9259123,9,26,265
33.832679,-111.9494514,9,4,4
33.412437,-111.857159,9,2,7
33.48336,-112.047253,9,2,184
33.2587342,-111.8412137,9,1,251
33.457788,-112.067113,9,7,7
33.6424376443382,-112.225298881531,9,2,57
33.6379242,-112.1668226,9,2,184
33.5819824,-111.9248666,9,10,26
33.349686,-111.949777,9,2,11
33.499006,-111.926703,9,26,126
33.633411,-112.427972,9,1,263
33.279665,-111.685964,9,2,133
33.393419,-111.701411,9,2,43
33.662594,-112.030244,9,2,175
33.3055286,-111.9439572,9,3,29
33.450206,-112.065493,9,7,333
33.641048,-111.973213,9,1,72
33.392608,-111.941612,9,6,60
33.5096014,-112.0253849,9,4,11
33.594892,-112.222145,9,6,149
33.583234,-111.979793,9,2,155
33.5820894,-111.8942572,9,5,39
33.5674685,-112.1872492,9,2,11
33.5196108,-112.0934112,9,1,57
33.3914214,-111.8638783,9,1,30
33.3789789,-111.7536559,9,9,44
33.4787939,-111.9259092,9,18,7
33.5735764,-112.1244544,9,8,57
33.5824523,-111.8852747,9,6,65
33.5094352,-112.0464076,9,17,105
33.6113056,-112.0983488,9,5,11
33.3203241,-111.8904425,9,11,11
33.5665645,-112.0567188,9,4,341
33.715184,-112.114298,9,4,274
33.4802897,-112.0328788,9,4,72
33.5560781,-111.8987064,9,7,26
33.3044612,-111.9945753,9,7,27
33.6385744,-112.1796613,9,2,11
33.451656,-112.063099,9,1,29
33.4499,-112.0739,9,40,26
33.249485,-111.6347787,9,7,11
33.443864,-112.070061,9,1,11
33.4329724,-111.9043028,9,23,11
33.3799871,-111.7641091,9,1,238
33.393499,-111.900051,9,1,355
33.479992,-112.076718,9,5,11
33.360621,-111.442431,9,2,10
33.5021455,-111.9295381,9,72,11
33.552114,-112.056705,9,6,6
33.569869,-111.876309,9,1,80
33.343096,-111.993181,9,1,32
33.495496,-111.988131,9,10,212
33.4586664,-112.0909725,9,5,139
33.5092417,-112.0462659,9,17,65
33.6034616,-112.036653,9,4,11
33.5848792818285,-111.894088983536,9,1,13
33.3050704,-111.9918344,9,6,65
33.5599915,-112.2112483,9,1,61
33.484682,-112.0734988,9,5,11
33.581322,-111.921151,9,4,106
33.582018,-112.011259,9,5,11
33.498028,-111.927951,9,25,63
33.3619444,-111.4516667,9,1,48
33.6390616,-112.17947,9,2,72
33.4593954,-112.0742496,9,9,7
33.969358,-112.728395,9,5,17
33.6088949,-112.239247,9,7,7
33.304861,-111.927065,9,4,11
33.53807,-112.166508,9,4,11
33.465357,-112.35646,9,2,11
33.6386053,-112.1888411,9,4,72
33.480681,-112.0023554,9,2,72
33.76251,-111.935963,9,1,37
33.5675237,-112.1371293,9,3,138
33.5834766,-111.9263421,9,22,55
33.670017,-112.031494,9,3,154
33.5242874,-112.0474855,9,11,11
33.498163,-111.923683,9,8,38
33.3411,-111.6221,9,2,11
33.415469,-111.832933,9,6,6
33.4803371,-111.9840273,9,10,49
33.640714,-112.065001,9,8,142
33.378062078969,-111.93822637872,9,4,108
33.6384018,-112.3344951,9,2,84
33.683479,-111.966112,9,6,17
33.289903,-111.773272,9,2,369
33.6384243,-112.1925299,9,2,96
33.581087,-111.887185,9,6,99
33.3281635,-111.8758774,9,1,95
33.4252092,-111.9398439,9,56,57
33.592624,-112.371176,9,1,90
33.4468002,-111.9611242,9,1,72
33.4508268606962,-111.910204886139,9,1,72
33.4939313,-111.9256266,9,26,27
33.6401871,-112.0672351,9,7,142
33.305681,-111.897553,9,20,13
33.4163433,-111.5460894,9,1,119
33.5349461,-112.2610692,9,5,69
33.4659933,-112.0822105,9,16,6
33.65356,-112.08263,9,2,98
33.5790844,-111.8865662,9,9,115
33.5009441,-112.0823011,9,6,215
33.495461,-112.022422,9,4,7
33.4998033,-111.9272406,9,26,6
33.365857,-111.755909,9,5,6
33.4574932,-112.0740241,9,3,11
33.408505,-111.97903,9,4,28
33.510436,-112.042033,9,5,32
33.625497,-112.014389,9,5,7
33.4983942,-111.9260148,9,21,48
33.678615,-111.9746066,9,56,44
33.4518287,-111.7336276,9,1,33
33.446209,-112.1660877,9,1,84
33.55778,-111.8987673,9,4,11
33.542135,-112.260301,9,1,28
33.488839,-111.959883,9,3,148
33.430535,-112.345359,9,11,11
33.2353630065918,-111.721961975098,9,2,7
33.36376211372,-111.73765292655,9,1,157
33.3931281,-111.9103707,9,5,11
33.3931549,-111.9393483,9,9,73
33.4218851,-111.916433,9,5,59
33.58299,-112.187729,9,1,90
33.4739742,-112.0744,9,2,108
33.5533766,-111.8916321,9,3,327
33.448422,-112.057219,9,1,309
33.446572,-111.977677,9,2,185
33.4368125,-111.7187476,9,5,99
33.394726,-111.823455,9,1,282
33.306393,-111.885848,9,10,11
33.3065747,-111.8979254,9,20,29
33.4949432,-112.167304,9,1,162
33.64073,-112.0898,9,1,72
33.4948433,-112.2046069,9,1,11
33.451661,-112.075516,9,3,241
33.5238401,-112.131889,9,1,106
33.3205403,-111.883928,9,1,54
32.879272637889,-111.72332258909,9,1,7
33.493947,-111.922301,9,14,39
33.492761,-111.922982,9,6,126
33.638291,-112.0684149,9,4,11
33.495122,-111.9063488,9,3,35
33.421386,-111.940391,9,14,45
33.8332781,-111.9513452,9,5,48
33.2481975,-111.5632145,9,1,7
33.428362,-112.124265,9,1,103
33.5529609,-112.1011633,9,6,162
33.3778368,-112.0358954,9,4,7
33.3634187,-111.9130595,9,7,377
33.583163,-111.931007,9,6,128
33.4936561584473,-112.003387451172,9,1,38
33.5677516,-112.0695562,9,4,354
33.641795,-111.994984,9,4,7
33.3022462,-111.897967,9,18,6
33.453814,-112.073239,9,5,68
33.40815,-111.814495,9,2,11
33.4951643,-112.0024784,9,13,40
33.6400617,-111.9782352,9,6,142
33.303972,-111.756853,9,3,13
33.4949032,-112.0302201,9,6,97
33.609539,-112.121424,9,1,35
33.3699773,-112.1398355,9,1,178
33.5765748,-111.8763013,9,2,242
33.751685,-111.991308,9,2,121
33.475371,-112.048271,9,2,11
33.530341,-112.047095,9,2,127
33.634127,-111.9253783,9,14,112
33.63713,-112.218148,9,10,194
33.348162,-111.9819,9,10,26
33.5237171,-112.0479298,9,11,11
33.42183,-111.960264,9,8,97
33.48673,-111.925595,9,4,11
33.31081,-111.772012,9,13,255
33.5264365,-111.3898523,9,1,103
33.49112,-112.079081,9,6,28
33.421315,-111.917022,9,5,402
33.6385813,-112.3318441,9,2,33
33.4078685,-111.8344631,9,1,117
33.295988,-111.898449,9,1,13
33.653301,-112.113038,9,1,227
33.384733,-111.696555,9,1,72
33.487843,-112.048021,9,3,33
33.4806431,-112.0091084,9,1,124
33.6325425,-111.9211471,9,1,103
33.4949743,-111.9901782,9,9,39
33.3501346,-111.9747842,9,1,28
33.450788,-111.8047274,9,3,8
33.6526136,-112.2528345,9,4,374
33.5051343,-112.0477166,9,4,60
33.4074465,-111.8717753,9,2,11
33.450047,-112.075677,9,34,54
33.3652366,-111.8587764,9,6,11
33.377033,-111.7223957,9,3,84
33.465729,-112.0712152,9,2,72
33.2630712,-111.717762,9,1,27
33.2988934,-112.0373761,9,1,119
33.7121367,-112.2014742,9,11,64
33.476841,-112.064672,9,4,6
33.3794253,-111.9654688,9,2,120
33.5109065,-112.0824848,9,2,123
33.375942,-111.969786,9,1,39
33.499922,-111.919818,9,7,39
33.3638909,-111.9131101,9,7,133
33.6388519,-112.361698,9,2,12
33.6274511,-112.1856838,9,1,11
33.6397629,-112.0718046,9,2,139
33.5343545,-112.2618237,9,4,48
33.6404978,-112.0191178,9,5,146
33.2345954983351,-111.717803478241,9,1,107
33.3778548,-112.0323812,9,6,22
33.639431,-112.177138,9,2,6
33.417937,-111.995963,9,1,404
33.679574,-112.108802,9,1,32
33.3545993,-111.7898391,9,4,119
33.509656,-112.07454,9,13,114
33.5252117,-112.0476197,9,6,79
33.5097292,-112.3412531,9,2,79
33.2486638,-111.6342993,9,10,11
33.4382789,-112.0178286,9,8,117
33.331655,-111.982113,9,3,11
33.5738453,-111.8640322,9,4,123
33.4634551,-111.9086227,9,3,84
33.335031,-111.943587,9,7,122
33.653303,-112.235818,9,3,26
33.4356689,-112.5213977,9,1,11
33.3642475,-111.8515229,9,1,82
33.350694,-111.755096,9,1,6
33.3230623,-111.8417195,9,2,60
33.6140307,-111.9269693,9,2,119
33.6403184,-112.3594317,9,4,63
33.4368038,-112.0569366,9,1,11
33.642178,-112.100283,9,5,133
33.6393151,-112.1659958,9,2,98
33.6556823,-111.9300145,9,27,6
