mKPNoLSsGTatPM4kTnBGWA,33.5022879,-111.9286475,28,[33.5019817,-111.9296765,33.5025941,-111.9276185],[99,48,11,265,27]
TPracyTuh0oJikeyTA3w6A,33.600484699999996,-111.9050602,6,[33.5763314,-111.930343,33.624638,-111.8797774],[407,106,54,48,11,168,229]
Zyd78OiKPAqaMSC6OWLb6w,33.55289955,-112.055555095996,24,[33.390792,-112.1830859,33.7150071,-111.928024291992],[49,66,52,7,98,10,9,11,149,43,119,48,108,311,27,63,24,26,33,99,224,117,214,206,404,210]
lmT-ZqtmJBfvJt8hnGDpoA,33.362719,-111.8761389,2,[33.362719,-111.8761389,33.362719,-111.8761389],[89,11]
YFNCwS76cYQAaDNGYoiBNQ,33.583142,-111.927321,1,[33.583142,-111.927321,33.583142,-111.927321],[27,11]
BhO0nqDhWgFSiagoI9VvvA,33.4801394,-112.0915342,1,[33.4801394,-112.0915342,33.4801394,-112.0915342],[24,11]
IYrrbjzIstHeFv0JxfxAhg,33.5102803,-112.0720329,5,[33.5102803,-112.0720329,33.5102803,-112.0720329],[49,193,59]
jlrAygY0q5lBOuC4UWtIJg,33.335548,-111.907832,1,[33.335548,-111.907832,33.335548,-111.907832],[49,80,59]
VcznSv6bkicE1-TG4J6egA,33.44238,-112.34971999097,26,[33.44238,-112.34971999097,33.44238,-112.34971999097],[38,143,39]
bXTRv_DuYQj6bYYLq2b_VQ,33.49527405,-111.9995544,3,[33.4951793,-112.0050934,33.4953688,-111.9940154],[177,140,11,117]
OfIDvRiSmcQvYqGnrsR3Uw,33.6355432,-112.0817598,21,[33.6355432,-112.0817598,33.6355432,-112.0817598],[39,38,285,128,11]
GNVnN2A0FleRHO2oGFidvA,33.55017665,-112.00777535,18,[33.4217383,-112.0915007,33.678615,-111.92405],[39,99,293,38,11,63,27,24,119,7,108,47,48,120,26,126,101,88,40]
WmwQjpJIHv6fpFza_1qVgw,33.459689,-112.064751,1,[33.459689,-112.064751,33.459689,-112.064751],[123,65]
vFStVbDMCgYU0TEY_NvTrA,33.60404385,-111.71529195,3,[33.6032317,-111.7155019,33.604856,-111.715082],[7,379,210,108,11,63]
ZmezrSPC9PVt9a1K-NBrXw,33.458641,-111.9320833,4,[33.4240504,-111.9400717,33.4932316,-111.9240949],[38,26,39,11]
_RN13rQ1c77hAi9LU7nwnA,33.4343008,-112.01889665,200,[33.373465,-112.0659413,33.4951366,-111.971852],[48,11,7,449,97,38,39,158,28,27]
mRmPHvZivO2MiRSnhZZXhg,33.510317,-112.080548,3,[33.510317,-112.080548,33.510317,-112.080548],[28,17,29]
zbWJLYgy8W59fulyyGsUOA,33.5140532,-112.1601288,8,[33.3633494,-112.392704,33.664757,-111.9275536],[43,11,72,154,7,8,99,41]
d-gZQMS4qQkwIaGYxINJfQ,33.5708131,-112.0657374,8,[33.5708131,-112.0657374,33.5708131,-112.0657374],[26,11]
9KQK4uLo6JER1YxXNJKKRw,33.3488957,-111.9766015,28,[33.3488957,-111.9766015,33.3488957,-111.9766015],[168,126,97,11]
eS7HULjmygCQ3cN_69XQiA,33.4514039,-111.973603,3,[33.4514039,-111.973603,33.4514039,-111.973603],[185,11]
E3C_gEhktux9Ca-Z2fmNTw,33.4003795,-111.94090025,200,[33.3059393,-111.9798208,33.4948197,-111.9019797],[26,11,119]
xTszGfCdj7GsArXFvymw1A,33.4401954,-112.0824166,2,[33.4401954,-112.0824166,33.4401954,-112.0824166],[26,11]
-aRQ8qCcR5N_RnuznkDl_A,33.4395475,-112.0227304,2,[33.34697,-112.0846008,33.532125,-111.96086],[48,11,49,52]
Ei45S__aDjl99WrlWW5cBA,33.6384373,-112.1897428,1,[33.6384373,-112.1897428,33.6384373,-112.1897428],[71,72]
Uws2L6ixfQvW_43WdI8OQg,33.3931045,-111.9149788,3,[33.3931045,-111.9149788,33.3931045,-111.9149788],[41,400,11]
wJoz6OUKg1WuWSenxrKwMw,33.611407,-112.117587,10,[33.595881,-112.134443,33.626933,-112.100731],[212,26,11,33,117,24]
TL46g36OKxmgSDYRFJdPRg,33.470203,-112.0530415,200,[33.303233,-112.263551,33.637173,-111.842532],[231,18,17,49,28,29,182,99,11,88,38,39,298,108,7,24,47,48,128,63,27,33,57,470,145,142,56,333,52,139,8,36,307,212,43,361,6,45,77,35,76,65,84,345,346,26,352,109,140,40,30,13,46,186,89]
bFS6lhiomcOBw9j7B6QWzg,33.6405893,-112.0474847,2,[33.6405893,-112.0474847,33.6405893,-112.0474847],[63,27,11]
u4MQp3zX9RolLtNnp9FxoA,33.4998083,-112.0739418,28,[33.362444,-112.2354666,33.6371726,-111.912417],[195,65,49,52,206,11,35,6,77,70,39,14,15,27,57,145,205,48,56,58,59,63,265,109,38,181,40,7,108,119,24,439,126,191,212]
ogarUFxySoD9nF5aPx2XWQ,33.385462538173954,-111.78084245,17,[33.3350109,-111.878138,33.4359141763479,-111.6835469],[99,41,11,43,64,65,27,42,26]
tFVABtirgqJtqlTcqQ2mQg,33.4225347,-111.8211677,10,[33.365091,-111.9107414,33.4799784,-111.731594],[212,11,7,247]
I3ufAAM4HX2kxNkmIRjhKA,33.49112,-112.079081,4,[33.49112,-112.079081,33.49112,-112.079081],[28,17,29]
UwguyzZpp87YVWv92fKkqQ,33.5442293454526,-111.905472278595,6,[33.5442293454526,-111.905472278595,33.5442293454526,-111.905472278595],[7,9,119,11]
N6pozekSw9InTaieZUUUAw,33.3056789,-111.902866,2,[33.3056789,-111.902866,33.3056789,-111.902866],[224,11]
DWIXGS2uyhtVONHmKz6_mg,33.6022721,-112.18509449999999,17,[33.5385792,-112.235873,33.665965,-112.134316],[33,11,99,120,26,307,212,43,185,168,218]
CNmjfDDiXJfXUGGtGP3mVw,33.3903631,-111.8521234,30,[33.3903631,-111.8521234,33.3903631,-111.8521234],[28,17,29]
HgGV6cKI2XuSWgacmDyxOA,33.63521405,-112.01231609999999,8,[33.4368294,-112.073765,33.8335987,-111.9508672],[7,139,416,71,72,96,11,63,175,129,79]
LwrIX_RJHqZfGDPpI5GzdQ,33.4368974,-111.9300378,2,[33.4368974,-111.9300378,33.4368974,-111.9300378],[33,44,11]
8lL7gCEHMvvn_N26VAF1Nw,33.498028,-111.927951,26,[33.498028,-111.927951,33.498028,-111.927951],[352,48,11]
C7QBwrVZWQ65UC-WxkMDHw,33.305824,-111.991311,1,[33.305824,-111.991311,33.305824,-111.991311],[26,11]
apIx7x56AHxMO4_7ta0xew,33.5933515,-111.9946341,7,[33.5636878,-112.0595603,33.6230152,-111.9297079],[32,203,126,97,11]
saaeNi0aB_-CbPOYNyYG7Q,33.534203,-112.2618153,3,[33.534203,-112.2618153,33.534203,-112.2618153],[182,99,11]
XV_S0lnGbUgukTS-EMJqcw,33.495496,-111.988131,2,[33.495496,-111.988131,33.495496,-111.988131],[7,142]
9emoF-Z0aWrn-TaTitADuA,33.449816,-111.975521,13,[33.306499,-112.073196,33.593133,-111.877846],[13,6,35,70,76,224,11,38,140,39,40,48,88,298,112,254,219,218,41]
xixOkbiZ0pcu5t1Xbt4Dfg,33.51315,-112.073765,2,[33.51315,-112.073765,33.51315,-112.073765],[11,63]
k0jwdPwmeR3QXHICqSVL-g,33.5612589,-112.1156244,61,[33.5612589,-112.1156244,33.5612589,-112.1156244],[48,185,11]
XbAjlUsgL3HezRJVVrKGGw,33.4949678,-111.9241443,1,[33.4949678,-111.9241443,33.4949678,-111.9241443],[11,63]
sV92jHf2jFT025UluLCKNA,33.6289273,-111.90972895,12,[33.5834379,-111.9300145,33.6744167,-111.8894434],[109,38,265,39,11,6,121,35,79,7,292,99,48,212,307,43]
fAW0jpqZ9B_YRPNWzpk9TQ,33.508533016607,-112.029066725112,1,[33.508533016607,-112.029066725112,33.508533016607,-112.029066725112],[210,11]
Q4zcQ3-x7TJ4AOiXdkLpNg,33.4942939,-111.925316,24,[33.4942939,-111.925316,33.4942939,-111.925316],[26,11]
xjDxMmMXWwQ0n7XUYthh_Q,33.5011424,-111.9213147,102,[33.5011424,-111.9213147,33.5011424,-111.9213147],[28,17,18,29]
9iKIunJzpTRTB2s4QEIrKw,33.305264,-112.0534197,159,[33.305264,-112.0534197,33.305264,-112.0534197],[296,11]
s0G1fDNhxnBKKEKxiSaFlg,33.331655,-111.982113,1,[33.331655,-111.982113,33.331655,-111.982113],[33,119,99,11]
PR3BwoHUujKqnO9uACPS6A,33.4867437,-111.9988846,19,[33.4492,-112.0741143,33.5242874,-111.9236549],[274,6,13,7,108,38,48,39,11,177,140,99,40,127]
gGNs1GenvjXV88wpKLX1Yw,33.41500955,-111.9347295,24,[33.2614572,-112.077177,33.5685619,-111.792282],[11,206,63,65,54,238,220,48,99,265,168,224,119,98,7,292,36,142]
e3MngJ-9Sb1Kq12hXZ-zKw,33.4492272,-112.0722653,132,[33.4492272,-112.0722653,33.4492272,-112.0722653],[177,26,11]
ymohuxSXtj1Qwo2fBQW0_g,33.5382567,-112.17479695,3,[33.53807,-112.1830859,33.5384434,-112.166508],[311,11,63]
LxbaMfRpZL5oyZ_cTnJ25A,33.416227,-111.9334825,2,[33.336279,-112.020561,33.496175,-111.846404],[65,133,46,6]
Q1QNxFI88XejGsMjf6N3ew,33.5672627,-111.9259052,1,[33.5672627,-111.9259052,33.5672627,-111.9259052],[109,38,48,39,11]
T06ZI01pJsNt0cztpSzbaQ,33.4952045,-112.0142961,5,[33.4952045,-112.0142961,33.4952045,-112.0142961],[98,7,119,24,11]
y4cyVdzYwcL3-X-sHlHP0A,33.5386607,-111.9051699,10,[33.4938414,-111.9268138,33.58348,-111.883526],[206,11,7,142,27]
78pvNFVo-E5pUN3kP4tC6g,33.4728407,-111.97578089999999,4,[33.4068343,-112.047259,33.5388471,-111.9043028],[212,361,11,33,26,117,7,47,48]
qcyfwA7umIE9bOJaHkpvng,33.46848355,-111.9242835,67,[33.434736,-111.924312,33.5022311,-111.924255],[126,97,307,11,28,17,29]
lB3dezlCfX_VVF-ysQ6efQ,33.41327315,-111.95362855,2,[33.3046998,-112.0648577,33.5218465,-111.8423994],[11,63,210]
F8gpvIflrYhC8SrYJgVv-Q,33.465368,-112.072134,1,[33.465368,-112.072134,33.465368,-112.072134],[7,108]
m2WyK2xfZHCfcVP9R4JDIQ,33.4618658,-111.97609165,6,[33.4144553,-112.0362686,33.5092763,-111.9159147],[119,48,44,11,63,98,7,206,24]
pf1xxPqnNtCuq5dMk5Nf1Q,33.4951703,-111.9234034,111,[33.4951703,-111.9234034,33.4951703,-111.9234034],[28,17,29]
T7JoP2UJVGE_ZtPnxSmT9w,33.5024039,-112.0131305,1,[33.5024039,-112.0131305,33.5024039,-112.0131305],[54,55,122,256]
jnMII2mt0V6AM4_oMECyIQ,33.582395500000004,-112.07300465,31,[33.334824,-112.222145,33.829967,-111.9238643],[38,99,128,39,296,11,26,43,120,7,98,8,10,162,377,101,181,40,33,44,27,219,218,48,145,57,88,298,210,126,212,138,139,117]
qlBipIXCOkNERf0IOd-gGQ,33.43487905,-111.995315,44,[33.3702541,-112.079081,33.499504,-111.911549],[43,11,48,88,38,39,24,126,97,224,7,8,212,265,26]
vv6Z2ZfE1gEgroKHk-BPmw,33.588974170736904,-112.07680705,7,[33.5025941,-112.2239376,33.6753542414738,-111.9296765],[99,126,11,161,133,65,71,72,38,48,39,40,168,265]
iNkQHhFUvRMyUKlUhdOLZQ,33.498013,-111.9256925,17,[33.494205,-111.931447,33.501821,-111.919938],[265,185,11,48]
xZy8tfgzXo-Qzjq36vzR9w,33.493177,-112.064306,2,[33.493177,-112.064306,33.493177,-112.064306],[72,287]
wvyBOEVq4JkQZl3DBoJPxw,33.6717895,-111.9060007,3,[33.6717895,-111.9060007,33.6717895,-111.9060007],[169,11]
1hjQ8ZNCzsLUP5crQKq_Tg,33.322668,-111.822674,2,[33.322668,-111.822674,33.322668,-111.822674],[27,11]
0rYd6isg_7cgXqx1SKRsvA,33.481209,-111.926552,1,[33.481209,-111.926552,33.481209,-111.926552],[15,6,216]
vhfCi6sI9cxHeVzFN7qFRQ,33.53841425,-111.98246625,6,[33.4487268,-112.0737094,33.6281017,-111.8912231],[88,38,39,298,11,7,108]
n71qBKDNwJnw2Mt65mcT1w,33.29906595,-111.9869916,9,[33.2664769,-111.9918702,33.331655,-111.982113],[33,119,99,11,48]
PhWqfjSTannHUGbJSGFWYw,33.5639282,-111.988573,24,[33.4492414,-112.072854,33.678615,-111.904292],[39,26,127,11,13,6,4,49,59,12,193,160,33,397,57,56,63,27,48,38,40,7,8,45,119,99,126,265,36]
AaOsXAL7OS8h9Z30-ykzvA,33.4948197,-111.9798208,1,[33.4948197,-111.9798208,33.4948197,-111.9798208],[119,11]
Z6KexY7ugJzBuXwAT1xT7Q,33.554825,-111.899636,1,[33.554825,-111.899636,33.554825,-111.899636],[119,201,11]
zyHD67JwaNBYv9KQFWQo7g,33.4360415,-111.9956337,1,[33.4360415,-111.9956337,33.4360415,-111.9956337],[28,240,241]
i2OlzMqLyYsdBB7Pyyz8qA,33.525896461013104,-111.99700531849649,10,[33.4566960573784,-112.072327136993,33.5950968646478,-111.9216835],[119,11,28,17,29]
imQjkgxQ5MZQbbclcOQTJg,33.5025065,-112.03600850000001,5,[33.495496,-112.083886,33.509517,-111.988131],[88,38,39,298,11,26,177,285,140,7,108]
z4N8G99CsVmnO-m2l6g9eg,33.59741505,-112.1160735,4,[33.552877,-112.132431,33.6419531,-112.099716],[41,43,11,7,138,139]
RkgjmqqOc1_ZSvyikjMx0A,33.495018599999995,-112.01341985,16,[33.4876277,-112.0313385,33.5024095,-111.9955012],[7,8,119,11,109,38,39,206]
r4HwPqviye0Vh53l-2MQVw,33.6462961,-111.9189477,3,[33.6462961,-111.9189477,33.6462961,-111.9189477],[168,11]
1E8kt0t4RWkRrGFL0U3W3A,33.63331560625795,-111.88699269920201,4,[33.6273043125159,-111.894766598404,33.6393269,-111.8792188],[48,11,57,69]
jLCDa5ent22W8Dyi6IxH2g,33.494689699999995,-112.0082532,2,[33.4799333,-112.0403946,33.5094461,-111.9761118],[129,78,332,278,79,63,27,11]
0g0IPzd5HizlUGkz0w3F7w,33.5823384,-111.6801411,3,[33.5823384,-111.6801411,33.5823384,-111.6801411],[28,17,18,29]
hKuadzum_1Ghj41aW-z14w,33.397228,-111.89743,5,[33.397228,-111.89743,33.397228,-111.89743],[49,33,178,11]
t6loPsQBraqMzRRj-wheHA,33.4172889,-111.9757062,4,[33.3828617,-112.0764371,33.4517161,-111.8749753],[57,39,145,119,11]
5qc2BWIDYo1Fig7yUJPXJA,33.4393455,-112.5564814,1,[33.4393455,-112.5564814,33.4393455,-112.5564814],[26,11]
CcnyFhixeLLIw8UWYdiU9g,33.59766705,-112.12537555,9,[33.5100097,-112.2354666,33.6853244,-112.0152845],[71,72,48,11,63,64,123,65,57,145,205,39,99,127]
4jqdM1PUIrKHh3xN8HRVoA,33.370978199999996,-112.01420494999999,89,[33.3063357,-112.0565579,33.4356207,-111.971852],[212,11,158,28,197,23,344]
yecjYiek_oIzdom4nu183w,33.607105,-112.063427,39,[33.607105,-112.063427,33.607105,-112.063427],[27,24,11]
Ek_t82OUnerdlO0D-GVcxA,33.46893995,-112.11424199999999,200,[33.2664769,-112.341878,33.671403,-111.886606],[57,39,145,98,7,206,11,338,382,48,251,126,97,212,26,313,8,6,116,36,62,17,113,311,168,99,27,120,109,38,182,140,33,142,63,404,224,322,475,41,153,185,169]
qfvbUFA61EOF-jbbTeionw,33.598488,-111.92636590000001,6,[33.5871771,-111.9271921,33.6097989,-111.9255397],[26,11]
CX7KBahNW_pctSObo4fnkw,33.5100571,-112.0143931,19,[33.5100571,-112.0143931,33.5100571,-112.0143931],[26,11]
0AXLVN_-etsqOB-9w84Ekw,33.583602,-111.9220774,200,[33.435146,-111.998367,33.732058,-111.8457878],[33,38,117,39,11,119,99]
smmOtecDCdqyVoS9kOauSQ,33.470783,-112.065371,1,[33.470783,-112.065371,33.470783,-112.065371],[98,7,99,11]
_ZXThWhgLL94mAXOntLDXA,33.584081999999995,-111.932345,200,[33.436293,-112.011827,33.731871,-111.852863],[48,11,161,28,65,17,29,99,210,119,127,12,13,6,22,274,126]
TkYC_SCoOxuqQU24EFDcvw,33.55773,-112.1003155,4,[33.488527,-112.100731,33.626933,-112.0999],[251,43,11,212,26]
2CryjseWFaT3DA-s2DLJLA,33.74360355,-112.2697516,58,[33.6247911,-112.613772,33.862416,-111.9257312],[49,304,387,11,63]
yXi8Pxf4gX5saWcZNZ-Rgg,33.54070095,-111.94090539999999,5,[33.4973896,-111.9595033,33.5840123,-111.9223075],[7,313,38,126,39,11,28,17,29]
k0ZiLk6LMoa8kCFmTjJ_Qg,33.455863,-112.072167,12,[33.455863,-112.072167,33.455863,-112.072167],[88,298,39,38,11]
wzWMjIGpjzjRG4BCC1n1ww,33.389962230661254,-111.8471894693555,6,[33.3550442,-111.940198838711,33.4248802613225,-111.7541801],[7,292,142,24,11,185]
cUjy7cqOxoqq5l7XrNx4BA,33.625027450000005,-112.00836770000001,86,[33.422728,-112.174034,33.8273269,-111.8427014],[265,11,251,33,48,98,7,24,63,99,127,206,9,10,259,260,88,38,39,89,224,108,119,120,27,352,307,129,78,278,79,126,97,26,379,212,43,483,36,109]
-Lwe-gDnhTqgiV-E5bn3PA,33.5879473,-112.1164668,3,[33.5879473,-112.1164668,33.5879473,-112.1164668],[168,169,11]
II_YeIeot0d45mguTrkVWg,33.4787943,-112.0478085,14,[33.4787943,-112.0478085,33.4787943,-112.0478085],[26,11]
Qp9Z8xQKYgbJIp_-onRLsQ,33.5432109,-112.00960245,4,[33.533525,-112.0550321,33.5528968,-111.9641728],[265,11,84,6,166,339,63]
imECX1O1RF3ld9aXVwjI2A,33.5881614,-111.8378867,1,[33.5881614,-111.8378867,33.5881614,-111.8378867],[43,11]
HscCZGHjqAWBbGXY0Ogxgg,33.6384066,-112.3625742,8,[33.6384066,-112.3625742,33.6384066,-112.3625742],[168,11,63]
gXmtPKLWPZJeJX_KPw54HA,33.3853433,-111.92987705,43,[33.2611314,-112.0265541,33.5095552,-111.8332],[49,312,146,17,152,119,99,11,7,142,6,204,65,24,10,26,177,33,44,292,48,43,98,201,27]
IL8jgvigOZdzPXoA9lDhcw,33.565093149999996,-111.9282467,16,[33.4920033,-111.9313599,33.638183,-111.9251335],[38,99,128,39,296,11,126,97,265,465,168]
jrweTiY49pX6hJ7LzWgI8g,33.4932177,-111.92571,1,[33.4932177,-111.92571,33.4932177,-111.92571],[33,26,11]
-NqAzEz-AyaPqqjyYPRKkA,33.5024095,-111.9955012,4,[33.5024095,-111.9955012,33.5024095,-111.9955012],[27,11]
fsLve5cgM0XZmoNUGj_oXg,33.46804195,-112.03282415,3,[33.383123,-112.1011633,33.5529609,-111.964485],[7,162,30,13,6,35,118,76]
wJp8U2qXl_jYUgyW9thjGA,33.4526635,-111.93618045,9,[33.407299,-111.9548224,33.498028,-111.9175385],[27,11,101,38,39,40,168,298,88,145,57,205,48,128]
_G5WYHnkFXIc-5di3pQJ8Q,33.418499,-111.940305,1,[33.418499,-111.940305,33.418499,-111.940305],[49,321,59]
UDsGsF9UmmjVCLbYrPhLtA,33.6618213,-112.2322892,10,[33.6106579,-112.3531229,33.7129847,-112.1114555],[33,11,177,140,27]
_UeQGHJJ6usLBdHd5TBuMQ,33.4942423,-111.9264472,1,[33.4942423,-111.9264472,33.4942423,-111.9264472],[39,119,48,38,11]
kKZCa43mEmNcvVpii0L8zw,33.7128053,-112.2716042,1,[33.7128053,-112.2716042,33.7128053,-112.2716042],[72,207]
lh4J5CPYNc-r8LpMVnPeTg,33.5299053,-111.926437,4,[33.5299053,-111.926437,33.5299053,-111.926437],[265,11,483]
Avf58wphDluj8O4QtMgdzw,33.567958000000004,-112.0900145,5,[33.495084,-112.180066,33.640832,-111.999963],[10,11,33,117,338,382,206,126]
11D7H-8VpOu7pKZGj4Jb8g,33.46023075,-111.99716105,7,[33.33861,-112.1350943,33.5818515,-111.8592278],[7,162,44,285,296,11,210,109,38,48,39,139,416,36]
ELlvcyuGYvHN8qDE4DTTZA,33.331655,-111.982113,2,[33.331655,-111.982113,33.331655,-111.982113],[33,119,99,11]
NY4lNQlbjiJep32bOp6FUg,33.317532,-112.00313,3,[33.317532,-112.00313,33.317532,-112.00313],[38,11,99,128,39]
dzZOUGm2Gn6vSiDp4LXi8w,33.6737677,-111.9638394,3,[33.6737677,-111.9638394,33.6737677,-111.9638394],[99,126,11]
GefYH4s3tH6CJV3UwkwgvQ,33.459613,-112.357458,84,[33.459613,-112.357458,33.459613,-112.357458],[99,11]
OynBqeQhidqTK1ooXjP23A,33.5612589,-112.1156244,9,[33.5612589,-112.1156244,33.5612589,-112.1156244],[48,185,11]
VJN7o5JgNP1diUaE7iSYlA,33.508781150000004,-112.1296834,13,[33.377771,-112.355064,33.6397913,-111.9043028],[129,175,332,79,121,99,265,168,11,104,161,195,65,224,64,78,26]
RDGl8V6wZblwBzypHW1onA,33.49112,-112.079081,2,[33.49112,-112.079081,33.49112,-112.079081],[26,11]
_vJwqJw0kq2HLaERMwGn5Q,33.5708131,-112.0657374,17,[33.5708131,-112.0657374,33.5708131,-112.0657374],[26,11]
55RWJtlz_5NBl69UbT5U-A,33.654849,-112.373782,1,[33.654849,-112.373782,33.654849,-112.373782],[63,27,11]
trbYOvbutGbd9dfwFUx7wg,33.407848599999994,-111.899835,2,[33.3943472,-111.924806,33.42135,-111.874864],[126,11,244,172]
vx3rrW2-ARaVO-0GgF66yQ,33.306411,-111.89307,2,[33.306411,-111.89307,33.306411,-111.89307],[119,99,11]
PvltIJdE3e0iyrEubJ8Rtw,33.5858346,-111.8217047,34,[33.4740662,-111.9270986,33.697603,-111.7163108],[27,11,10,24,63,39,38,99,128,265,119]
xcbtrfBEeHiXUKzzu6zNSA,33.58239055,-112.12743090000001,4,[33.5674031,-112.1350865,33.597378,-112.1197753],[41,11,43]
y7iru3-UEZC7nNOzFZvdcQ,33.6325239,-111.89614875000001,26,[33.6272238,-111.896652,33.637824,-111.8956455],[28,17,29,224,126,97,11]
_NcR9qOi_DrdCFvH13P0rQ,33.4575952,-111.9920181,25,[33.4146185,-112.0741143,33.5005719,-111.9099219],[88,38,39,89,11,24,71,72,96,184,7,108,373,97,186,6,57]
NQOhnoCzGNuOLzYHzckgnQ,33.6403155,-112.0966146,1,[33.6403155,-112.0966146,33.6403155,-112.0966146],[27,11]
KEh7CQ5m5Sy0GFYAeTb-sw,33.3147348679125,-111.79312262713,14,[33.307983735825,-111.841944,33.321486,-111.74430125426],[98,7,39,38,99,128,11,126]
X7ieNfcWWfotTanKafYsig,33.385268550000006,-111.909666186133,3,[33.3630958,-111.9112208,33.4074413,-111.908111572266],[7,36,8,224,11,63,48,140]
X_ZziQnjqM_MCtEa5PCK9Q,33.4964751,-112.0839659,12,[33.4964751,-112.0839659,33.4964751,-112.0839659],[99,11]
ttcN5L1Y8WUODTqj26JQcg,33.43872535,-111.9841318,13,[33.4217923,-112.0719926,33.4556584,-111.896271],[7,162,177,140,11,465,57,39,145,38,181,40,119,24,98]
sJVymF1jfYCPeAYsCHzA3Q,33.5097768,-111.9957399,3,[33.5097768,-111.9957399,33.5097768,-111.9957399],[38,48,39,11]
fhYSRycAFqDzA1M0FuK--w,33.44441,-111.9702275,7,[33.390792,-112.012504,33.498028,-111.927951],[127,11,26,352,48,224,99,246,7,119,139,24,17,423,33]
fZM_koO_X9ZM2TgHNwmtxg,33.638669,-112.231662,2,[33.638669,-112.231662,33.638669,-112.231662],[168,41,11]
Jc4riSibQf4xfxTQqX65Cw,33.60474225,-111.93451925,73,[33.377523,-112.0800705,33.8319615,-111.788968],[161,65,26,11,63,7,142,168,265,99,48,175,129,79,47,43,33,119,24,182,140,49,59,193,195,38,39,40,6,345,84,346,141,23,292,108,109,440,27,128,483,120,126,97,352,137,8,139,10,210,133,260]
6vavyRf5ShSmhc2xDMKYsA,33.493508750000004,-111.9196371,7,[33.4058635,-111.9550676,33.581154,-111.8842066],[32,65,133,130]
Du7s08g0Qe5kh4XAa55HIQ,33.6207149,-111.894704,13,[33.6207149,-111.894704,33.6207149,-111.894704],[7,137,8,139]
khJGIDrp-sh_ZL-hV3v2LA,33.47300111376755,-111.965878,128,[33.4240504,-112.00644,33.5219518275351,-111.925316],[49,445,66,52,101,38,39,128,28,170,26,11,98,7]
PnRMwMif1hOeaDK21eEw0w,33.499006,-111.926703,2,[33.499006,-111.926703,33.499006,-111.926703],[39,212,126,293,11]
AiBpyVw_FWxlHOWJzo2RyA,33.4503624,-112.0750461,60,[33.4503624,-112.0750461,33.4503624,-112.0750461],[161,123,65]
1pL-KrRvHcypkMVLd0MNtQ,33.43475,-112.00644,154,[33.43475,-112.00644,33.43475,-112.00644],[28,170]
FvMkKLBDULROxOrHfZXWdQ,33.5008018,-112.0824532,6,[33.5008018,-112.0824532,33.5008018,-112.0824532],[26,11]
3aqBZliaj4JaGeTaejgOow,33.7033684,-112.29182109999999,15,[33.43562,-112.7220492,33.9711168,-111.861593],[11,28,17,29]
RYEwP1f_kGTB62ZOmJSVQA,33.562147550000006,-111.92681110000001,3,[33.499504,-111.927891,33.6247911,-111.9257312],[11,63,48,24]
3nUQ4xbLlySDbkE03nyp-Q,33.53864025,-111.99984359999999,115,[33.3931055,-112.2382757,33.684175,-111.7614115],[177,140,11,43,84,124,63,7,98,10,9,26,117,24,44,119,99,46,6,142,212,41,265,185,57,69,38,145,205,39,40,189,27,33,48,307,333,56,92,15,71,72]
KW8UmNOK5KgKaGIds00Dgg,33.4116267,-112.1169801,7,[33.3216034,-112.3408682,33.50165,-111.893092],[7,8,218,41,11,57,56,126,44]
aJpeLIQfycldZbrUIdN_ZQ,33.52060745,-112.0047884,26,[33.4657394,-112.0833093,33.5754755,-111.9262675],[26,11,168,181,229,126,177,140,99,6,45,48,224,27,97,119,208,35,265]
bUjCGFa8G6Fn4ZM7-Gs7DQ,33.678615,-111.9746066,3,[33.678615,-111.9746066,33.678615,-111.9746066],[46,6]
EaBSxpcf3S128Ncrtt95Zg,33.486421899999996,-112.05977225000001,7,[33.449858,-112.071886,33.5229858,-112.0476585],[48,11]
fTo1Nf5hXSZqPC_qkvXlrg,33.62657615,-112.0147991,200,[33.4088243,-112.133957,33.844328,-111.8956412],[26,11,7,8,57,69,33,38,145,205,39,40,182,48,46,6,120,47,28,17,29]
rC11FhTVhZsC4KXHvXelQg,33.664572500000006,-111.9071795,13,[33.5019519,-111.9514403,33.8271931,-111.8629187],[126,97,11,48,24,64,65,119,63,27,265,26]
O8yvHbFgwbDSh1eO40xvvg,33.677854,-111.978579,10,[33.677854,-111.978579,33.677854,-111.978579],[7,108,201,119,11]
SHw9bElK0JpyBY-h8qNS7Q,33.645146,-112.3273835,39,[33.321216,-112.730548,33.969076,-111.924219],[99,307,172,11,10,57,470,145,39,48,293,98,7,119,24,38,137,6,139,177,140,108]
nd6Y4Qx6RaflzahSR6MxMg,33.400109113916,-111.915688779541,6,[33.378303527832,-111.925242,33.4219147,-111.906135559082],[26,11,224]
3ES5ddBjFRqrF4vI9GHPMA,33.5855504,-111.9267692,2,[33.5855504,-111.9267692,33.5855504,-111.9267692],[98,7]
_o01hUGYT5TdJ5exQYpNFA,33.54211745,-112.23556725,4,[33.4462721,-112.3817663,33.6379628,-112.0893682],[84,336,86]
PfI5f0EjS3RmfJZIbP1PfQ,33.502191,-111.996292,12,[33.502191,-111.996292,33.502191,-111.996292],[109,38,11,39,63]
lbHPiI3jEt9t5QUiftUhZw,33.5997262,-111.9872563,200,[33.5997262,-111.9872563,33.5997262,-111.9872563],[126,11]
LP8JFPcEtA0ti8g_BRBX4w,33.4881807,-111.9808129,85,[33.306499,-112.0837798,33.6698624,-111.877846],[26,11,49,80,59,4,6,7,108,212,361,182,48,140,13,77,61,35,84,389,38,143,39,352,117,214,128,341,10,167,65,126,97,119,12,114,99,296,40,43,88,298,57,69,201,24,101,145,33,142,120,56,27,224,147,109,89,175,129,121,79,96,72,71,47,181,54,55,122,256,63,251,202]
Qgupxwm_bHehtat82fvtog,33.361487903793005,-111.789781575485,10,[33.220784807586,-111.996292,33.502191,-111.58327115097],[7,108,48,11,109,38,39,63,190,28,140]
1wiyZrlkKVAecv2EOzDA1w,33.489582121322,-112.019226,125,[33.421617342644,-112.11414,33.5575469,-111.924312],[265,48,11,63,27,177,140,38,39,28,17,29,168,99]
XdhfTOCIUkfIua4icmQ8OA,33.3726575,-111.93966900000001,16,[33.319377,-111.966307,33.425938,-111.913031],[88,38,39,89,11,7,108,192,43,48,140,377,373,97,212,229,189,10,24,26]
gSr_SFMriW74RAuoTYQ9Ug,33.495084,-111.999963,1,[33.495084,-111.999963,33.495084,-111.999963],[33,117,11]
xGJoPvxWxc7TOQaod15DMQ,33.428957025429995,-112.02388911029999,2,[33.34815905086,-112.08407,33.509755,-111.9637082206],[185,11]
_9JLuIB0QtpGxNwAW2uWsA,33.311326449999996,-111.962226542615,6,[33.3037399,-111.9810651,33.318913,-111.94338798523],[109,38,11,39,63,33,43]
dfPgCuyp4e8WMjHs8W18Gg,33.52753095,-112.00209899999999,3,[33.5090619,-112.035918,33.546,-111.96828],[26,127,11,49,80,82,59]
_TKHvI5i-NeRO87jL0IHfQ,33.451476650000004,-112.06649594999999,15,[33.4512973,-112.0698929,33.451656,-112.063099],[134,135,28,17,29]
Hac8HebtWiR0H2WmPg9AOg,33.562408,-111.96638945000001,30,[33.4691316,-112.0475116,33.6556844,-111.8852673],[251,11,84,339,48,127,38,99,88,39,40,71,72,6,110,184,293,43,212,361,4,13,115,160,61,98,7,26,345,346,141,23]
YK-g0g4HbI6uVegt2ac8xA,33.4063842,-111.9213464,25,[33.303233,-112.0275918,33.5095354,-111.815101],[33,119,99,11,109,38,48,39,7,108,43,47,308,54,195,65,26,98,392,17,149,8,182,27]
6pykKmGnZ9E4qehKUVCDHA,33.6247596,-111.9329381,200,[33.6247596,-111.9329381,33.6247596,-111.9329381],[28,17,29]
PeMYYNFOhN1DLmU9M5aVZg,33.3775346,-112.1662562,2,[33.3775346,-112.1662562,33.3775346,-112.1662562],[27,11]
eX_2DBek5mhpoUNcgo1AKw,33.3488977,-111.9763848,3,[33.3488977,-111.9763848,33.3488977,-111.9763848],[168,11,48,63]
pNNo7mVPI8j3HFCw9tuzPA,33.5635477,-112.00867971506901,20,[33.4492414,-112.100241,33.677854,-111.917118430138],[38,48,39,11,144,182,229,43,63,99,40,44,149,126,27,161,195,65,10,24]
i33jUMPSXOjZJSpOkQfiSA,33.5005435,-112.17236059999999,2,[33.4495566,-112.2707018,33.5515304,-112.0740194],[27,11,224]
HG8hBTYJeZr4onZnwyMA3Q,33.667728999304,-111.978514194489,1,[33.667728999304,-111.978514194489,33.667728999304,-111.978514194489],[322,57,39,145]
07rUZ7uPEpAoMVqYqjYXEw,33.321061644794,-111.723918914795,3,[33.321061644794,-111.723918914795,33.321061644794,-111.723918914795],[99,11]
GyQIvd9tenewePHdvZBxSw,33.4493777,-112.0656259,1,[33.4493777,-112.0656259,33.4493777,-112.0656259],[88,38,39,89,11]
H4LcRFLHl3v4_FkKSuxwxg,33.5670375,-111.9184649,62,[33.5670375,-111.9184649,33.5670375,-111.9184649],[28,158,17,29]
qMDTAJu0YZjebHqK-EgehA,33.384163,-111.803119,1,[33.384163,-111.803119,33.384163,-111.803119],[212,126,97,11]
2jESUoYkIk9MjT2aMgzlpw,33.453340999999995,-112.0404005,17,[33.415037,-112.073196,33.491645,-112.007605],[28,17,29,38,140,39,40,48,11]
bMCfMvZdLumaB6kh0gR9VQ,33.457261,-112.07069824999999,8,[33.4563262,-112.0737079,33.4581958,-112.0676886],[7,36,8,38,6,145,186,57,39]
LxHWAHPa-tjIzImN7fy86A,33.4508723,-112.00068215,8,[33.4074496,-112.0764371,33.494295,-111.9249272],[57,39,145,101,38,128,119,48,24,11,99,296]
IOilEVNJH1mqfhsCdIuSZg,33.4458872,-112.07381635,5,[33.4423345,-112.0739764,33.4494399,-112.0736563],[54,317,38,39,40,11]
Gt0tpFILcaTKZ27-pafRzw,33.5686483,-112.0339924,43,[33.4221126,-112.188766,33.715184,-111.8792188],[10,24,11,71,72,307,212,43,49,322,57,146,52,163,13,6,118,7,108,126,97,83,48,98,134,135,26,46,44,182,140,99,27,161,65,104,204,167,21,22]
7qZWN7FF_lA2epjnALjLdw,33.4659799,-112.2670185,6,[33.4659799,-112.2670185,33.4659799,-112.2670185],[28,17,29]
ti4slWLDzxWkO90SXnbYHg,33.5555237,-111.8987034,2,[33.5555237,-111.8987034,33.5555237,-111.8987034],[218,11]
AMYi-53cxstrCR5wqyY1KA,33.516687154615354,-112.08330828281399,21,[33.4326053092307,-112.26167,33.600769,-111.904946565628],[49,445,66,52,26,11,57,327,28,170,119,99,7,292,108,24,368,265,17,29,112,6,21,313,27]
yOeyZUV9O7G8ATAQWaVq4g,33.461856499999996,-112.3153575,11,[33.459613,-112.357458,33.4641,-112.273257],[99,11,33]
B3oCDlO3uBUrFQu-xmr6uQ,33.5011625,-112.0221822,200,[33.4315119,-112.0657374,33.5708131,-111.978627],[99,11,161,28,65,17,29,26,271]
a6Z4Crg4sPkyvdcS07G7dg,33.530306499999995,-112.15757315,12,[33.421676,-112.3553813,33.638937,-111.959765],[185,11,7,142,44,285,296,43,126,97]
jfl8fRvwKrzmXm5RbVFwHQ,33.3016438,-111.8415807,2,[33.3016438,-111.8415807,33.3016438,-111.8415807],[65,54,369,105,220]
rx8CgJcVgZo-R_qIfvxo2g,33.415194,-111.919995,1,[33.415194,-111.919995,33.415194,-111.919995],[218,219,11]
qdIYMxnKlZfpA2keScg3lg,33.443588649999995,-111.99324425,17,[33.3351559,-112.0999471,33.5520214,-111.8865414],[49,193,59,251,11,7,10,9,120,74,24,26,119,99]
A8JrJnvC5OSXgiRF-oyVIg,33.677292,-112.026413,3,[33.677292,-112.026413,33.677292,-112.026413],[49,319,80,59]
DhLAQcBvOwJwDC1FHuUifw,33.474321599999996,-112.01512460000001,14,[33.3098443,-112.3610688,33.6387989,-111.6691804],[177,140,24,11,28,170,43,30,8,13,6,7,110,98,142,64,65,26]
gLzQVY4ejVSetoJzZAAbJg,33.4945005,-111.9084154,3,[33.403689,-111.981986,33.585312,-111.8348448],[168,26,127,11,7,292]
Zr-C3vsAAwlU0ToUDkXguA,33.683750849999996,-112.1087398166845,7,[33.654517,-112.18729,33.7129847,-112.030189633369],[26,11,27,38,39,128,63]
TtsJ5I6aVdbL-nh_t3Ocbw,33.5808348,-111.9268582,1,[33.5808348,-111.9268582,33.5808348,-111.9268582],[33,48,307,11]
jaLXQv0W3dcunakh7TiZWg,33.497568,-111.929223,1,[33.497568,-111.929223,33.497568,-111.929223],[109,38,48,39,11]
at2AAusydEO6WNBllucYPQ,33.5997853,-111.9869486,6,[33.5997853,-111.9869486,33.5997853,-111.9869486],[119,201,99,11]
e9bQKHG5fr8mmw5TPAewWw,33.425953050000004,-111.940099,200,[33.425938,-111.940346,33.4259681,-111.939852],[26,11,7,139,225]
6T8fwmZaxSJ4qjrGvlasOg,33.53000856823195,-112.03045773644499,17,[33.347591,-112.1505589,33.7124261364639,-111.91035657289],[43,11,119,99,126,97,26,48,265,185,7,36,120,404,451]
PR1RjMIy5ramcfn--tvLCQ,33.551508150000004,-112.1105799,18,[33.4629168,-112.1510045,33.6400995,-112.0701553],[265,11,39,38,27,128,7,139,36,71,72,157,103,10,24]
w2zsRTkdRSbkSk_k6FASDg,33.4951559,-112.0010305,3,[33.4951559,-112.0010305,33.4951559,-112.0010305],[49,193,59]
Y6Y-Is1t48LP9QMKi5MyWA,33.3217349,-111.975816,1,[33.3217349,-111.975816,33.3217349,-111.975816],[99,11]
68iM5g0tY6AYqRvk1jNx2Q,33.4949597,-111.98959,1,[33.4949597,-111.98959,33.4949597,-111.98959],[11,140,63]
cVYsX8FvWleaNwhtTlAU8w,33.6047886,-112.0303821,5,[33.569402,-112.1204191,33.6401752,-111.9403451],[119,11,38,145,57,88,39,298,120,33,99,26]
GQEyypGCAOuppjIWe2gtQQ,33.2644333,-111.8601,1,[33.2644333,-111.8601,33.2644333,-111.8601],[224,11]
rGhO0xSH5Q1e6Xfhfmux1A,33.47445385625795,-111.928692049202,4,[33.3216034,-111.9626175,33.6273043125159,-111.894766598404],[57,69,48,11,126]
ywf8LhV2jCvbksPx6wc7aw,33.371606299999996,-111.9527801,3,[33.3216034,-111.9626175,33.4216092,-111.9429427],[126,11,26]
rQoW4UsmxkHq_HuXr0D5gw,33.4057578,-111.9787282,135,[33.4057578,-111.9787282,33.4057578,-111.9787282],[33,11]
0VyQhPdNS0vcyBLg83Fr8g,33.4537869019623,-111.927165985107,2,[33.4537869019623,-111.927165985107,33.4537869019623,-111.927165985107],[182,172,11]
O1WXqDzwcwD-0C3CxnO5Tg,33.628303,-112.013541,1,[33.628303,-112.013541,33.628303,-112.013541],[123,65]
be9MjBmXlEqMpA4wxjsfpQ,33.491546,-111.923427,2,[33.491546,-111.923427,33.491546,-111.923427],[26,11]
L5mtbb4cJNZxAFTISs-JvQ,33.8592322,-112.13342165,5,[33.8504724,-112.150211,33.867992,-112.1166323],[27,11,83,6]
4kFhVTIcm9XHj31Zd384fQ,33.690153,-112.318519,2,[33.690153,-112.318519,33.690153,-112.318519],[84,346]
UTfCEpXfAJCA7T2T4EEQsw,33.48343285,-112.059707,4,[33.457457,-112.072164,33.5094087,-112.04725],[119,120,11,26,88,7,38,47,39]
phCyslJXl5J9UY0RHWviSA,33.33962995,-111.92082165,50,[33.3057949,-111.9819,33.373465,-111.8597433],[11,27,63,99,185,158,28,119,26]
rqa1TYR2V6WrK1AQWh9u7g,33.3068367093802,-111.743672043085,2,[33.3068367093802,-111.743672043085,33.3068367093802,-111.743672043085],[7,142,292]
N69-RgMXqRaZbIBbx2eH2w,33.66480305,-112.000947548864,29,[33.499236,-112.119549,33.8303701,-111.882346097728],[33,117,11,126,65,133,7,98,10,9,373,182,41,212,36,8,105,195,43,99,24,307,63,32,314,210,38,128,39,475,48]
6rvI5BObB3ZKfVOK0ULl-w,33.5228444,-111.99485354999999,5,[33.4955785,-112.0565202,33.5501103,-111.9331869],[101,38,39,205,123,65]
FN7Oi6GuTMsBDuM_n-O6wA,33.6085292,-112.07884625,9,[33.5384434,-112.1830859,33.678615,-111.9746066],[311,11,337,32,30,13,6,45,85,53,54,55,122,161,105,65]
KANXFmatyMUWr2JriEThlQ,33.5825532,-111.9301931,2,[33.5825532,-111.9301931,33.5825532,-111.9301931],[38,212,41,39,11]
Ta1YjscIdVWAllHD8LozJg,33.175751,-111.615311,1,[33.175751,-111.615311,33.175751,-111.615311],[197,23]
gjjkTERKZVdJtjQNcV2bCw,33.479887,-111.992309,1,[33.479887,-111.992309,33.479887,-111.992309],[224,11]
unhdKpNhxCvY_dPlEu3UhA,33.7317661,-112.2628637,62,[33.7317661,-112.2628637,33.7317661,-112.2628637],[28,17,29]
FpNkjcY3PeBD2WUpKB7kcQ,33.4973354,-111.92208635,2,[33.4957558,-111.928258,33.498915,-111.9159147],[206,11,98,7]
DUKYeqmxEXvuaEYEpvmcGw,33.4273704,-112.01016444999999,19,[33.3630958,-112.1091081,33.491645,-111.9112208],[28,442,241,7,36,8,192,11,38,140,39,40,48,212,27,63,120,47,88]
vggE8kitLHHhWeM7ZPdzpg,33.463430450000004,-112.20350335,7,[33.4498373,-112.3510497,33.4770236,-112.055957],[109,38,48,39,11,224,177,140,285,8,26,7,138,139,119,260]
rwMElKCGMXJmzzHSUxVOZQ,33.334712,-111.87479,2,[33.334712,-111.87479,33.334712,-111.87479],[24,11]
Jx8VRjgsc3ikBKcP9wLlAQ,33.3432952,-111.9193782,28,[33.3216034,-111.9626175,33.364987,-111.8761389],[89,11,126,37,32]
TpnX7V0V-pQXv3GCp3D3Kw,33.384948949999995,-111.9519769,17,[33.3044612,-111.99506,33.4654367,-111.9088938],[33,117,48,11,7,162,108,119,172,120,99,142,43,30,13,6,189,10,24,27,98,64,65]
hXUqif69VmMV88yGgIKVcw,33.4974247,-111.9262954,6,[33.4974247,-111.9262954,33.4974247,-111.9262954],[177,140,11]
nEqJcObZggihFtRsJhcSnA,33.3196157,-111.8591805,2,[33.3196157,-111.8591805,33.3196157,-111.8591805],[26,11]
JNFzVLBBE1wSAzXEK0rq7Q,33.675959250000005,-112.09889035,5,[33.5091143,-112.1377888,33.8428042,-112.0599919],[129,78,278,79,28,17,29,7,8,112,6,121]
516zANL5QTWFPGcS1KQCWw,33.5090658,-111.99908705,3,[33.5020654,-112.0739142,33.5160662,-111.9242599],[161,28,65,17,29,168,181,229,11]
T0blTqTnEs01-evKHcSDFw,33.53873835,-111.9938795,69,[33.4217923,-112.065458,33.6556844,-111.922301],[99,11,126,97,307,210,168,63,352,48,206,27,98,7,24]
LXY4sXXwnS7UT8itTVfFWA,33.4907617,-112.0657233,2,[33.4837225,-112.0837798,33.4978009,-112.0476668],[175,129,121,79,98,7,10,192,11]
A2FF3rbujS4O760_400DVQ,33.56047475,-112.03305365,11,[33.4423345,-112.0915007,33.678615,-111.9746066],[33,24,11,126,97,101,88,38,39,40,63,27,48,168,181,229,182,7,142,109]
wtYfIhZaGMfcmjbtcc_ZDg,33.5024095,-111.9955012,2,[33.5024095,-111.9955012,33.5024095,-111.9955012],[7,8,119,11]
-jYS3mblDIF1YNt97-RXiQ,33.3696895,-111.94507895,14,[33.331655,-111.982113,33.407724,-111.9080449],[48,11,33,119,99,229,7,292,98,63]
jtwyxlc2ls4jRijc0obEMg,33.48454325,-111.7681032,12,[33.3813585,-111.935883,33.587728,-111.6003234],[7,292,49,80,82,59,119,99,11,140,24,64,65]
2CjBU7yb0nmBJMCkAPzbCA,33.315619,-111.948238,1,[33.315619,-111.948238,33.315619,-111.948238],[84,291]
ph051iWFcTzyIjcVV3dAew,33.426137600000004,-111.96252485,10,[33.335791,-112.0632767,33.5164842,-111.861773],[6,156,12,61,13,114,7,36,99,11,26,115,372,261,54,55]
eDka0YJtQoQvUU1iTb_bHg,33.557679,-111.8818988,5,[33.5271966,-111.9259109,33.5881614,-111.8378867],[43,11,119,99]
QE97CUmktBqeOa9qppbvcQ,33.5959315,-112.0131475,3,[33.5959315,-112.0131475,33.5959315,-112.0131475],[123,65]
Kl6sS0aFFcsSyYmXzKKqPQ,33.5528137,-112.0287912626305,15,[33.5219375,-112.1339119,33.5836899,-111.923670625261],[99,26,11,7,108,292,142,98,24,33,27,43]
fQ1uPTTZZgUviA3I3PaaxA,33.4982894,-111.9275491,2,[33.4982894,-111.9275491,33.4982894,-111.9275491],[7,108]
U__gp5zTjofjE_onUw6vgw,33.3550442,-111.7895308,99,[33.3550442,-111.7895308,33.3550442,-111.7895308],[185,11]
Ygt0Bl_OXOV1RSLEskfofA,33.5629771,-111.88124345,6,[33.5379429,-111.9268582,33.5880113,-111.8356287],[57,69,33,48,307,11,7,162,212,43]
D1qJWITJoVolW2RaIYCR1Q,33.468226,-112.221145,1,[33.468226,-112.221145,33.468226,-112.221145],[161,65,133]
BC3r_fWVfsUN8MHZKVBVyw,33.673667,-111.8892551,5,[33.673667,-111.8892551,33.673667,-111.8892551],[17,62]
P2vHl_ZzSzeu07W29KsKgg,33.407361917126494,-111.913471923515,3,[33.407162534253,-111.9172951,33.4075613,-111.90964874703],[57,38,39,145,117,11]
qpWwfAk07GQwePYJywZrbA,33.3762931,-112.0357137,1,[33.3762931,-112.0357137,33.3762931,-112.0357137],[99,11]
yfXlbTstW89HCawK6Jm5qA,33.3370939,-111.8760633,8,[33.3370939,-111.8760633,33.3370939,-111.8760633],[251,11,7,142]
xsD_u3EXoVT56fCCVZmIlw,33.6401752,-111.9951643,1,[33.6401752,-111.9951643,33.6401752,-111.9951643],[33,99,26,11]
5O4x5KS4hpQj0q21-Uh0WQ,33.392060276499194,-111.685724283252,37,[33.248163,-111.9477654,33.5359575529984,-111.423683166504],[141,6,88,38,99,39,11,7,148,36,57,470,145,208,35,27,49,387,285,185,248,250,8,28,102,190,103]
RofSmJ500lmgSQXUHlAIRA,33.472789000000006,-111.95219,17,[33.446572,-111.977677,33.499006,-111.926703],[185,11,39,212,126,293]
f9kkiseXBsr71wc06bhkgA,33.45065525,-111.9751835,13,[33.3943472,-112.075503,33.5069633,-111.874864],[224,11,308,54,48,98,7,234,263,1,126]
f7etZ9-XUlA7nsIpFoaDRw,33.52122185,-112.07637905,33,[33.37844,-112.2763421,33.6640037,-111.876416],[251,11,208,6,35,7,187,139,108,119,38,109,39,43,130,32,27,189,10,24,307,63,97,26,225,250,14,15,44,224,182,194,172]
o7um5jfDUkF237SIGP7DDw,33.452292299999996,-112.07250715,9,[33.4473356,-112.0737845,33.457249,-112.0712298],[38,99,128,39,296,11,57,69,40,49,80,59]
0gDqUtjQecFmjqVd5Hnbjw,33.337833450000005,-111.87858465,8,[33.3057949,-111.9677833,33.369872,-111.789386],[99,185,11,224]
XLCd6gStpVckdzj2JzGc5A,33.331861950000004,-111.7665585,9,[33.3086797,-111.7895308,33.3550442,-111.7435862],[27,11,119,48,185]
C5G7Y_hqJW1aq6pXUsv15Q,33.494205,-111.931447,21,[33.494205,-111.931447,33.494205,-111.931447],[48,11]
KgnQz4WFT892AXmimnP4jg,33.37456215,-111.9658119,47,[33.3028522,-112.0893682,33.4462721,-111.8422556],[26,11,33,57,333,140,71,72,99,74,27,44,24,10,38,7,47,88,39,48,142,292,117,168,49,178]
5Td84D4oDkkgxsMeqcrTRw,33.444754700000004,-111.87704295,82,[33.305759,-112.0741442,33.5837504,-111.6799417],[7,108,48,11,26,57,38,39,145,126,212,361,10,182,119,69,13,6,272,4,5,49,160,56,88,24,63,99,265,97,313,27,298,36,117,14,15,191,296,17,18,128,33,180,20,23,72,141,184,46,255,54,55,98,127,434,103,25]
-UdwnIQPRdiwexFNb3nW8Q,33.47878155,-112.145862,17,[33.4555814,-112.364213,33.5019817,-111.927511],[11,63,26,38,48,39,333,99]
WxO2x4xGbHfeWfU_MbuzTQ,33.4850006,-112.0270125,78,[33.3406452,-112.11582,33.629356,-111.938205],[28,17,29,109,38,11,39,63,27,6,77,35,76]
eGpj2cbThLMICREDAGv5mA,33.494459,-111.9953287,9,[33.494459,-111.9953287,33.494459,-111.9953287],[38,99,88,39,40,11]
16TdMCwQIF0LYMDrV9F-bw,33.5237453,-112.0487368,76,[33.5237453,-112.0487368,33.5237453,-112.0487368],[38,48,39,11]
B5GTO3kLkzWfM0irsSdlzw,33.535466,-112.26317215,69,[33.534203,-112.264529,33.536729,-112.2618153],[182,99,11,26]
RTJiQ-KV2L32watwxwjQ-w,33.5401509,-112.0565528,1,[33.5401509,-112.0565528,33.5401509,-112.0565528],[337,32]
Ygo3ZAleMcBPFEx2UqRZ1A,33.3181661033323,-111.90239435,14,[33.2997534,-111.9631173,33.3365788066646,-111.8416714],[33,119,11,98,7,84,212,26,43,74,24,97]
FBdkrmVicbaNw8_xCFRzRw,33.2711537,-111.7898246,4,[33.2711537,-111.7898246,33.2711537,-111.7898246],[126,212,11]
Pr4TsE-j-wvwm70X8YjvhA,33.3549553,-111.7897347,1,[33.3549553,-111.7897347,33.3549553,-111.7897347],[109,38,11,39,63]
VHUUqEcu6u9knftkd5-gLA,33.637698,-112.180888,4,[33.637698,-112.180888,33.637698,-112.180888],[49,146]
Ju-rMUfxp-GaxCez3Sv5Xg,33.307325126378,-111.74171169729,1,[33.307325126378,-111.74171169729,33.307325126378,-111.74171169729],[265,11]
Z1O3I3roNTFp33p7aEaDzg,33.5090381,-111.97690850000001,113,[33.50201,-112.029562,33.5160662,-111.924255],[265,11,126,97,307,168,161,28,65,17,29]
OOAeidumxAE8fvEjIbxdrw,33.5097999,-112.0122745,1,[33.5097999,-112.0122745,33.5097999,-112.0122745],[48,11]
3q8FzgSsKSzjzQxC212Mug,33.3310474,-111.9795988,1,[33.3310474,-111.9795988,33.3310474,-111.9795988],[7,9,11,108,24]
RVO_nLH8Ycb6QyZQNHATNg,33.5005719,-112.0741143,12,[33.5005719,-112.0741143,33.5005719,-112.0741143],[7,108]
cSPjazX6zLMD4GbvqGHsPw,33.354241,-111.963668,5,[33.354241,-111.963668,33.354241,-111.963668],[71,72]
8On_1UieEJZ6F07utqdZ5g,33.63267475000001,-111.90879509999999,3,[33.5874955,-111.978579,33.677854,-111.8390112],[6,155,54,156,7,108,201,119,11]
PLJ5bgI3gunPVd_sfEAJng,33.331655,-111.982113,10,[33.331655,-111.982113,33.331655,-111.982113],[33,119,99,11]
Ox5g6uEkIM7zjPKQog465w,33.3846,-111.68573,3,[33.3846,-111.68573,33.3846,-111.68573],[99,11]
_TvgE2G5gXG59pTRvW_18w,33.4396304,-111.9970547,77,[33.3117903,-112.1528921,33.5674705,-111.8412173],[149,11,26,43]
q1dyK6mo5QkHI0ZBPXeCQQ,33.500545,-111.9264093,63,[33.500545,-111.9264093,33.500545,-111.9264093],[33,38,48,39,11]
VPbA8DeC5_GICqEuIRZqDA,33.4787939,-111.9259092,4,[33.4787939,-111.9259092,33.4787939,-111.9259092],[309,119,285,11]
i3bxC2dAhaftWX_5LQ54eA,33.475967499999996,-112.0304796,173,[33.449233,-112.065458,33.502702,-111.9955012],[7,8,119,11,142,26,27,17,18]
uOOnLYOZV_V6osDsdKckfg,33.466199,-111.919834,61,[33.466199,-111.919834,33.466199,-111.919834],[7,162]
Hqgx3IdJAAaoQjvrUnbNvw,33.2781634132256,-111.87931126668451,16,[32.8795619,-112.030189633369,33.6767649264512,-111.7284329],[126,97,11,33,127,38,145,57,205,39,40,43,26,49,193,59,265,69,27,128,63,99,48]
j8ZdBcVCG1B7D5cyzddzyA,33.47515885,-112.06918544999999,4,[33.4712477,-112.073306,33.47907,-112.0650649],[38,212,39,40,11,48]
8nu999YHNYf5jTtF79c5MQ,32.9479262,-112.7128951,7,[32.9479262,-112.7128951,32.9479262,-112.7128951],[119,99,120,11]
HCzV0nbnwPg9T9p0P0Lupg,33.525861,-112.048124,1,[33.525861,-112.048124,33.525861,-112.048124],[10,27,11]
MpzPpwmSOEDDDS8VYoBvCw,33.508834,-112.083991,2,[33.508834,-112.083991,33.508834,-112.083991],[38,143,39,205]
CftynqF7mHEpHHWQsUr5nw,33.5542912,-112.0999796,3,[33.5542912,-112.0999796,33.5542912,-112.0999796],[15,25,6]
1VNkm_tLgWX4nwmNO_qdVQ,33.4865602,-112.3057135,11,[33.421203,-112.341202,33.5519174,-112.270225],[43,11,57,69,30,13,6,27,63,39,123,65]
09rOSu_0O1T0m9y9Soe39A,33.52645785,-112.020771,3,[33.4953688,-112.11414,33.5575469,-111.927402],[48,11,177,140,28,17,29]
Kc-URk5ptQL48MEPcNnhQw,32.8784418,-111.7555113,4,[32.8773814,-111.7573521,32.8795022,-111.7536705],[119,24,11,7,108]
s5k7mu_Y8goqMLS2D9ibpA,33.5711465,-112.084771,1,[33.5711465,-112.084771,33.5711465,-112.084771],[11]
7Ztf1LMEz5Zm0njxc46jLw,33.59818525,-111.9247097,135,[33.4542695,-111.9963126,33.742101,-111.8531068],[212,43,11,7,292,99,48,46,6,265,185,168,63,12,13,22,114,307,21,175,129,79,28,17,29,39,26,127,206,38]
VDay0jaCPqADA2PIYco0uw,33.4881846,-111.9608249,1,[33.4881846,-111.9608249,33.4881846,-111.9608249],[48,11]
NLN0cCUE9dWTJe3gKqdUnQ,33.509554,-112.015207,12,[33.509554,-112.015207,33.509554,-112.015207],[168,265,11]
LuxTHb-Z523gTrhFdsNGQQ,33.6401752,-111.9951643,1,[33.6401752,-111.9951643,33.6401752,-111.9951643],[33,99,26,11]
EVSAweqdsY_EWfDxqDYdDg,33.6704382,-112.1879299,1,[33.6704382,-112.1879299,33.6704382,-112.1879299],[64,65]
dxy__Uwtj57C6zoLWGw0xg,33.48995205,-112.1762406,26,[33.4377111,-112.4268472,33.542193,-111.925634],[265,126,97,11,169,119]
xOLR24JjRq3nE6lW-869Ug,33.4127858,-112.0296961,6,[33.330435,-112.0791022,33.4951366,-111.98029],[33,119,99,11,48,39,38,128,88]
O2p35jmvXAYRYPVqCiJWtQ,33.4477271,-111.93368735,24,[33.3928601,-111.9376982,33.5025941,-111.9296765],[7,149,8,11,142]
IsXV0P2ALf3goFGyr9Za1A,33.5804804,-112.23623119999999,10,[33.4940045,-112.3376344,33.6669563,-112.134828],[44,26,11,24,98,7,57,69,185,224]
w2W782R7eLMHxjYkiSBwsw,33.4224084,-111.8644947,2,[33.4224084,-111.8644947,33.4224084,-111.8644947],[26,11]
BJRmDTOPOOutKUl35g37Ig,33.242784799999995,-112.29326605,37,[32.9479262,-112.7128951,33.5376434,-111.873637],[43,11,6,250,119,120,117,212,224,99,10,24,96,72,361,26,373,97]
DhfOVbAdmZ0lz_uXJPYO8g,33.406538,-111.96167,25,[33.406538,-111.96167,33.406538,-111.96167],[28,17,29]
9DDxi41G0UepZdgBVVSMZQ,33.49470685,-111.9845828,2,[33.494594,-111.9893448,33.4948197,-111.9798208],[10,24,11,119]
iKIKghNRboSyWx9zx8Z0RQ,33.44587895,-111.9861059,16,[33.4259681,-112.0323598,33.4657898,-111.939852],[26,11]
sox8BxcE-SxZZ2_xbQSC1A,33.5499622,-112.1515413,1,[33.5499622,-112.1515413,33.5499622,-112.1515413],[195,65]
Qyi4yLHXwyrueAF9BVjztA,33.44706185,-111.88173524999999,2,[33.3196157,-111.90429,33.574508,-111.8591805],[26,11,43]
2bBBL7obIuO5Aiz5gSuVJg,33.7272471,-111.93126720000001,17,[33.6241241,-111.9317707,33.8303701,-111.9307637],[168,265,11,48]
avTf2XsWIqFae6HQ2LVPaA,33.4996039,-112.01187645,18,[33.4471778,-112.100098,33.55203,-111.9236549],[119,11,265,48,309,285,57,145,38,39,84,419,339,99,40,182,140,306,49,128,341]
t4cK2jJtr4pWuWkYthKRiA,33.4691316,-112.0475116,1,[33.4691316,-112.0475116,33.4691316,-112.0475116],[26,11]
Pcoks0O13qkhGQK4KUlYaA,33.54606175,-112.00432169999999,7,[33.465504,-112.08241,33.6266195,-111.9262334],[11,63,26,7,108,167,65]
9DsjEVQ_YSj8bXx9fAgNcA,33.3236551,-111.9278159,136,[33.3051122,-111.99506,33.342198,-111.8605718],[168,42,43,11,7,108,119,172,49,50,52,28,17,29]
T7rrpUo71wlNCmq-_vai2Q,33.49112,-112.079081,4,[33.49112,-112.079081,33.49112,-112.079081],[28,17,29]
pmkI2GIZ9Qh9LlHjey-w5A,33.3490926,-111.9275461,1,[33.3490926,-111.9275461,33.3490926,-111.9275461],[195,65]
ztJCWXX-HYK7eHpfY7YNlw,33.40089425,-111.89320649999999,5,[33.3943472,-111.911549,33.4074413,-111.874864],[126,11,97,218,41,224]
CySe1uu6z6eK1Cn0pYwBFA,33.33742384999999,-111.84102755,7,[33.3202484,-111.892216,33.3545993,-111.7898391],[119,99,11,7,142]
m8lOWAt-5_janwKiPte0-A,33.4949678,-111.9241443,3,[33.4949678,-111.9241443,33.4949678,-111.9241443],[11,63]
G4v5tLuvj8XfjFZF5wQecQ,33.393338,-111.878913,11,[33.393338,-111.878913,33.393338,-111.878913],[255,54,55]
2SB9rBimwWOg8ABWUVeX_w,33.4622824,-112.1165337,1,[33.4622824,-112.1165337,33.4622824,-112.1165337],[288,32]
HZ5VouyLKtrmdDNd3Ewfxw,33.37844,-111.876416,7,[33.37844,-111.876416,33.37844,-111.876416],[251,11]
5PkiZ-RZChD0Gf4qAi5YgQ,33.460626000000005,-112.00073549999999,48,[33.425077,-112.020561,33.496175,-111.98091],[38,11,99,128,39,63]
puWksmQ7xbrzStv-jFca_g,33.820937,-111.9228454,1,[33.820937,-111.9228454,33.820937,-111.9228454],[48,11]
63FtkXxHE-mY-s1UzsSNxQ,33.520383100000004,-112.0590517,4,[33.509991,-112.103239,33.5307752,-112.0148644],[340,11,12,13,6,22]
1cSmNLC-hKwFpjpA4r-3Dw,33.3549553,-111.7897347,3,[33.3549553,-111.7897347,33.3549553,-111.7897347],[109,38,11,39,63]
Yq-pv-frxMeQT9zWtdgUEA,33.360114949999996,-111.9394006,94,[33.218495,-112.0893682,33.5017349,-111.789433],[229,11,7,142,292,248,6,250,162,43,24,65,133,340,201,28,17,29,333,49,368,84,345,346,57,306,177,140,108,138,8,139,12,114,13,21,126,224,60]
j9Dkw4Bp1oBB-n2_-cQzUQ,33.435924892925996,-111.9616141,37,[33.320203785852,-112.0739142,33.551646,-111.849314],[126,97,11,38,7,47,88,39,48,8,119,43,224,182,172,108,96,72,44,285,98,206,24,168,181,229,63,78,79,12,114,13,6,163,109,373,251,153,194,239]
pHJ4PmCti4bQrf6w7FiYvg,33.464996,-111.979016,50,[33.464996,-111.979016,33.464996,-111.979016],[28,388,241]
UQTHJAhtpPAWHX65DLN3zg,33.304775,-111.947948,8,[33.304775,-111.947948,33.304775,-111.947948],[33,11]
kl7N3eGdf-QZIvyMIiZSdQ,33.6411089,-112.0135199,3,[33.6265468,-112.0150418,33.655671,-112.011998],[7,108,71,72]
-l-FgTufv4eRX-Zya2sdtQ,33.509058350000004,-112.0253328,8,[33.448717,-112.0740526,33.5693997,-111.976613],[168,181,229,11,26,38,99,88,39,40,210]
EIEf4s5c_CjwVjCRUCxTag,33.449188,-112.0772,200,[33.449188,-112.0772,33.449188,-112.0772],[28,271]
AxfAYybW5Gqu-3818q1vgw,33.56226925,-111.9132471,5,[33.5437037,-111.9268582,33.5808348,-111.899636],[43,11,119,201,33,48,307]
zSqJtVQeamKxBz9g9gK5kw,33.404078979193,-111.8242305341975,10,[33.306176258386,-111.9276185,33.5019817,-111.720842568395],[251,43,11,7,98,10,9,99,48,117,182,140]
2LhuRFyeo25Ml8e33jYkYw,33.5658873,-112.10581049999999,4,[33.493287,-112.286108,33.6384876,-111.925513],[26,11,7,138,139,97,206]
Va3U45KqBDXByKIr_NGJ5w,33.46062215,-112.0068095,6,[33.4261603,-112.073781,33.495084,-111.939838],[39,38,126,97,11,48,109,33,117]
awNfKzVWjrhxCmRap-DeaQ,33.4144122,-112.00062664999999,21,[33.3197625,-112.0736348,33.5090619,-111.9276185],[11,27,63,49,80,59,167,65,82,109,38,48,39,352,265,126,97]
V8U-D3t6KOOhqOIeprW5vQ,33.671033,-111.904292,2,[33.671033,-111.904292,33.671033,-111.904292],[7,8,6,45]
9Po7yCfKvRHEOkC92JrSIA,33.42048215,-112.14037945000001,7,[33.381622,-112.3404129,33.4593423,-111.940346],[6,45,65,7,148,204,10,11,33,44,24,43]
JwbsirU61aMa-2Z-_B731Q,33.4348794896361,-111.999092102051,78,[33.4348794896361,-111.999092102051,33.4348794896361,-111.999092102051],[27,11]
62R1BC0B1Vko9IOlDRQS-w,33.661973950000004,-111.90699620000001,3,[33.6239149,-111.9255304,33.700033,-111.888462],[265,11,27,48]
UwzkhcbR0ZbSYEq1-OYgzA,33.4566960573784,-112.072327136993,1,[33.4566960573784,-112.072327136993,33.4566960573784,-112.072327136993],[119,11]
zUrdAmspJ398Dv5QBZQcRQ,33.32293935,-112.0300915,7,[32.97846,-112.1203279,33.6674187,-111.9398551],[41,11,98,7,119,88,38,39,298,57,470,145]
w87z5pLgTwzEkQ1zjpnTJw,33.311407849999995,-111.84169545,6,[33.2997534,-111.8417195,33.3230623,-111.8416714],[60,6,84]
EWCKLWLJXymXu7G8PsEUMw,33.2915794964691,-111.752586364746,1,[33.2915794964691,-111.752586364746,33.2915794964691,-111.752586364746],[28,17,29]
j7cWNV-bD8M_YF8hku7uHQ,33.5062078,-112.0739142,3,[33.5062078,-112.0739142,33.5062078,-112.0739142],[168,181,229,11]
1K2CINUsqQr27b0m4ov8qA,33.4423345,-112.0736563,1,[33.4423345,-112.0736563,33.4423345,-112.0736563],[38,39,40,11]
0VWvX276qBmvx61CR3AFQQ,33.3346078,-111.9505563,3,[33.3346078,-111.9505563,33.3346078,-111.9505563],[166,13,6]
VM-CeoHhIqxkB53-78XWpw,33.4586698021351,-112.031438136326,22,[33.3056888,-112.165567972652,33.6116508042702,-111.8973083],[149,11,10,24,38,265,39,27,63,126,97]
gMcqnGEgJy20lWyYxTx6ZQ,33.2475,-111.87918,30,[33.2475,-111.87918,33.2475,-111.87918],[48,11]
BjWjeAA4EljeQxgmB5vlvA,33.28214765,-111.9892544,10,[33.069079,-112.074206,33.4952163,-111.9043028],[74,24,11,119,33,265,185,43,26]
4Ykw6cotB-E45qCypssXww,33.501161,-111.925513,2,[33.501161,-111.925513,33.501161,-111.925513],[206,11]
lyp2oSHbwubaJ-iHuo4sXg,33.64446205,-112.0815992,4,[33.6411275,-112.231129,33.6477966,-111.9320694],[288,32,71,72]
3uR5YTXgW4hatuFnaNxSGg,33.5857119463333,-111.91484034999999,68,[33.4726901926666,-111.994052,33.6987337,-111.8356287],[43,11,33,265,63,27,307,182,48,10,173,6,112,99,17,62,7,9,126,229,137,8,139,26,109,38,39,65,133,24,119,127,117,328,32,210,30,13,162,98]
nzTPMlHylVPYJxXr5KhqGg,33.6400995,-112.1201999,9,[33.6400995,-112.1201999,33.6400995,-112.1201999],[39,38,27,128,11]
DL0LRzrNnYvmdtIT0ZeKpg,33.46684315,-112.06881235,10,[33.454892,-112.0898162,33.4787943,-112.0478085],[11,63,33,119,99,32,95,222,48,26,212,260,88,298,39,38,57,145,40]
vC0PVxzWjZq2pdNlnFlnCg,33.50201,-111.9313599,20,[33.50201,-111.9313599,33.50201,-111.9313599],[265,11]
8H5Uu2-zfZqWYaP9iDSDPQ,33.509517,-112.061566,1,[33.509517,-112.061566,33.509517,-112.061566],[88,38,39,298,11]
czd1clqVbFd1hhWVR5ZNeA,33.60318355,-112.15093949999999,3,[33.5599538,-112.2365732,33.6464133,-112.0653058],[265,126,11,26]
uBKTFNB5kgAeMNtGZqdqZA,33.47907,-112.073306,1,[33.47907,-112.073306,33.47907,-112.073306],[38,212,39,40,11]
90emhwcear0v02FuxSgUfg,33.6086815,-112.0196828,12,[33.538748,-112.064759,33.678615,-111.9746066],[373,48,24,11,182,218,307,43,7,47,27,108,201,119,99,26]
CklEsqZza44m5rZMtHE0FQ,33.52673385,-111.91050695,7,[33.4973896,-111.9223075,33.5560781,-111.8987064],[38,126,39,11,26,127]
9fTTesCwn9EO-d82ODJAnw,33.38231905,-111.99997690000001,200,[33.272043,-112.0740069,33.4925951,-111.9259469],[265,48,11,28,17,29,26,49,146]
NLyucMaSc_oSTJXVWg_iMg,33.37831,-111.861418,1,[33.37831,-111.861418,33.37831,-111.861418],[224,11]
baWtxhpfoA85dD-9_hukYA,33.4962205,-111.9641728,12,[33.4962205,-111.9641728,33.4962205,-111.9641728],[38,140,39,40,48,11]
vDO7PISe-j3_S8XbCYaJHA,33.5386441,-112.0986063,1,[33.5386441,-112.0986063,33.5386441,-112.0986063],[26,11]
eBwBjylS66qPcHs2_ajLag,33.4162352387677,-111.97508479999999,200,[33.3022008,-112.1091081,33.5302696775354,-111.8410615],[11,206,63,224,48,322,57,46,6,119,26,126,97,38,7,47,88,39,27,109,212,108,292,182,218,117,214,219,145,205,40,265,12,13,22,36,142,64,61,65,338,177,140,8,247,99,33,352,128,296,298,43,56,181,49,80,59,127,210,293,54,55,122,256,24,248,249,15,98,101,89,30,162,186,62,17,373,41,307,172]
QobN0Enl4AuZwLtdJatO3A,33.563969400000005,-112.0720363093385,16,[33.4493238,-112.169466018677,33.678615,-111.9746066],[38,265,39,11,48,128,99]
d8C5SVnnKzA28xC_MCwnvw,33.35,-111.79,1,[33.35,-111.79,33.35,-111.79],[84,291]
wMPHRikyUeQHo8c9VSiTNA,33.331655,-111.982113,1,[33.331655,-111.982113,33.331655,-111.982113],[33,119,99,11]
SppbPZCqKjHFoDdCe2VghA,33.51675285,-112.105959545395,8,[33.422728,-112.26042509079,33.6107777,-111.951494],[57,145,38,39,40,48,11,7,142,33,88,89]
Anpac7TMQNWm0iA-1ho3Gw,33.365006,-111.736718,1,[33.365006,-111.736718,33.365006,-111.736718],[106,54,107]
aIBDf6gZ4Og1z6l2d55uJA,33.479344600000005,-112.0458136,14,[33.3350177,-112.166449,33.6236715,-111.9251782],[49,4,5,6,367,96,72,71,38,48,39,40,11,63,27,24]
2smwupUoisUA_pGUoqrznQ,33.6247911,-111.9257312,1,[33.6247911,-111.9257312,33.6247911,-111.9257312],[11,63]
G345HOKIcm0_xIJJWM9GtA,33.59647985,-112.0668941,16,[33.509284,-112.238377,33.6836757,-111.8954112],[57,69,26,11,30,13,6,85,7,33,142,251,27,212,43,98,24,46,14,15]
Yaq0mn2Tr5iTfqXzDlvF_Q,33.2992945,-111.86110500000001,4,[33.2475,-111.87918,33.351089,-111.84303],[149,126,11,48]
9W7kWpaROGVDz-G2JEvmpA,33.3939979,-111.8744659,8,[33.3939979,-111.8744659,33.3939979,-111.8744659],[208,6,264,35,76]
-oXSp9H4U81e189kepgMCQ,33.58573310167375,-111.97364525,4,[33.4948977,-112.0637645,33.6765685033475,-111.883526],[27,11,57,69,48,43,33,99]
5V6J2DQ-xG6UdJtrwbLbqQ,33.385181245073554,-111.899772793679,4,[33.3786447,-111.908305687358,33.3917177901471,-111.8912399],[24,11,101,38,57,39,145]
OfjgLGuKszBYouSPSNOgDA,33.45759375,-112.06486065,6,[33.4423345,-112.0736563,33.472853,-112.056065],[48,11,38,39,40,6,145,186,57]
C6qUzUIDpcY7-ngkVzngHg,33.4368194,-112.0705197,2,[33.4368194,-112.0705197,33.4368194,-112.0705197],[7,26,391,11]
1UTKyAKV6SyKw17ENT0l2A,33.489047,-111.928033,2,[33.489047,-111.928033,33.489047,-111.928033],[84,147]
TiXFnVfDWM1N8w6TMtE_pQ,33.2815660319081,-111.97295665741,3,[33.2815660319081,-111.97295665741,33.2815660319081,-111.97295665741],[57,145,258,39,28,17,29]
1YArWaHDtRXELH0WtjBCfg,33.5478355,-112.0474569,2,[33.5478355,-112.0474569,33.5478355,-112.0474569],[28,17,29]
s2JTkU5BbXg7-aHeLDIWLA,33.468929,-111.991074,4,[33.428202,-112.083886,33.509656,-111.898262],[119,11,71,72,12,114,13,6,7,108]
FvVN9cSbsrOfZoAIvwloIA,33.50388965,-111.92560865,6,[33.4655863,-111.9279622,33.542193,-111.9232551],[7,24,47,27,11,265,126,97]
L-5Z8lp6L5VO3NoRPvSXPg,33.3753717,-111.9393694,83,[33.317771,-111.974436,33.4329724,-111.9043028],[112,6,254,15,191,177,11,38,168,298,88,39,127,57,145,101,48]
Op2Z6zNT7UvDn9rIw6_cUA,33.538913,-112.097523,1,[33.538913,-112.097523,33.538913,-112.097523],[309,11]
_LGc_12v8LaaOdz0mdYkXQ,33.559373050000005,-112.04419544999999,16,[33.4514039,-112.2021879,33.6673422,-111.886203],[48,11,119,99,185,126,97,101,38,39,212,128,27]
mrZMyUnu5Ij4Z8zGmN5Bjg,33.4156823,-111.6701409,3,[33.4156823,-111.6701409,33.4156823,-111.6701409],[27,11]
88eJe5ywmYrrM_IyPyx8kw,33.4360415,-111.9956337,200,[33.4360415,-111.9956337,33.4360415,-111.9956337],[28,240,241]
Rch6I5iG_JjWYowvGDe78A,33.632948,-112.031266,1,[33.632948,-112.031266,33.632948,-112.031266],[39,38,26,128,11]
uvoiXoV5T5UCkvrCkrcmEg,33.635186,-111.950812,1,[33.635186,-111.950812,33.635186,-111.950812],[134,135]
E_nDOvQDVAG4PxAlwtXiGA,33.4952867,-112.3556173,41,[33.4952867,-112.3556173,33.4952867,-112.3556173],[49,28,178,17,29]
_rG9FJ7N6PQ5Z07Ex9QnKg,33.60231485,-112.07169060000001,9,[33.491645,-112.1161771,33.7129847,-112.0272041],[27,11,99,26,168,181,229,38,140,39,40,48,128,63,210]
H7QwxPzjKKSVKhug8n9SlA,33.4052312,-111.9787347,1,[33.4052312,-111.9787347,33.4052312,-111.9787347],[27,11]
XplIvxgxN3F9k3FXwJ1Mug,33.583968,-111.978793,1,[33.583968,-111.978793,33.583968,-111.978793],[30,13,6]
SndthZqlZo1dZfl8LCprBA,33.424104299999996,-111.9429741,46,[33.4129192,-111.96105,33.4352894,-111.9248982],[33,44,11,38,39,128,27]
YQUwN3bndJmKbA4Z6GxoBg,33.407561,-111.9475246,1,[33.407561,-111.9475246,33.407561,-111.9475246],[88,38,99,39,11]
P21jCpwRMcJPkOwPz5Z4Pw,33.431551,-111.937406,1,[33.431551,-111.937406,33.431551,-111.937406],[1,17,418,136]
Xetg3-4pIVxYXqTHQhT6yQ,33.422728,-111.951494,22,[33.422728,-111.951494,33.422728,-111.951494],[88,38,39,89,11]
fCkIzkDnoJD798LK7xtesQ,33.8000576,-111.9280264,17,[33.8000576,-111.9280264,33.8000576,-111.9280264],[65,158,17,28,161,29]
uoX1_31BPEFa-D72TIbGPQ,33.3550442,-111.7895308,3,[33.3550442,-111.7895308,33.3550442,-111.7895308],[185,11]
SU2IZbMDlAhsZwqFe5WWIQ,33.45107,-112.055957,2,[33.45107,-112.055957,33.45107,-112.055957],[8,26,7,138,139,11]
s0yUJlCABN8oVjcNocRpxg,33.552051250000005,-111.94899885000001,84,[33.4799784,-111.9872563,33.6241241,-111.9107414],[11,27,63,168,265,212,48,126]
zICWy4JlwZjSdzEGEyu_rQ,33.4949618,-111.9897424,1,[33.4949618,-111.9897424,33.4949618,-111.9897424],[98,7]
7GY2B_eviuVw85QbyCrlZg,33.5662639,-112.276615,1,[33.5662639,-112.276615,33.5662639,-112.276615],[27,11]
HXBsqnlIBO61cg2yT5qafQ,33.3771441,-112.03448325,100,[33.30617,-112.0971145,33.4481182,-111.971852],[49,48,11,119]
MWyMyWcdwcgSkrYpkuH2oA,33.384163,-111.803119,4,[33.384163,-111.803119,33.384163,-111.803119],[212,126,97,11]
1IGuHoeMAykWlWU6zFqKzQ,33.501783849999995,-111.956703,23,[33.38003,-112.073781,33.6235377,-111.839625],[27,11,33,44,48]
mMjoI6fAa5FR5xJ-Bo_gYg,33.43562,-111.861593,6,[33.43562,-111.861593,33.43562,-111.861593],[28,17,29]
tRO_Ah4YnCiB8VJddHHV2w,33.4004242,-111.8943754,76,[33.307007,-112.0462108,33.4938414,-111.74254],[7,98,8,10,11,24,43,30,13,6,138,139,27,28,170]
vrXuxa-3YhOKlbo5TZ2LRQ,33.434845147585,-111.86769035699,4,[33.434845147585,-111.86769035699,33.434845147585,-111.86769035699],[48,24,11]
IaQGxx9JKG2CceNo187awA,33.5381982,-111.9873518,5,[33.4938414,-112.0478898,33.582555,-111.9268138],[27,11,64,179,65,137,7,6,139]
TkvsLJ6enrbKhA3-3X82gQ,33.455274,-111.91366,16,[33.352666,-112.273587,33.557882,-111.553733],[7,139,423,89,11,306,57,247,333,208,6,35,104,183,421,65]
pZZoNEg9DhlQCpbwUm9NQw,33.738611750000004,-112.114852,27,[33.6116341,-112.3039728,33.8655894,-111.9257312],[7,108,57,11,63,49,82,59,363,1,26,10,44,24,383,384,38,128,39,27,3,376,99]
4dpJemUEZRuR0FcfQFE4NQ,33.6003224904858,-111.89094543457,2,[33.6003224904858,-111.89094543457,33.6003224904858,-111.89094543457],[81,104,65,54,220]
5TEe0NUqn5yvyUZ0Vj_jRg,33.302969811751794,-111.744683916224,7,[33.298078,-111.7459158,33.3078616235036,-111.743452032448],[185,11,26,13,6,21,22]
o7GaZExI2M_ZxsIIby1aIA,33.494247,-111.92975,2,[33.494247,-111.92975,33.494247,-111.92975],[109,38,48,39,11]
7nd7zL3xIw6XO3K83wqEAw,33.633717,-111.924669,1,[33.633717,-111.924669,33.633717,-111.924669],[57,48,39,145,11]
MkT6e_gu0HH1dw-iwigUDg,33.506516500000004,-112.04718275,27,[33.449188,-112.079081,33.563845,-112.0152845],[7,108,119,11,48,24,430,117,214,36,99,168,26,57,39,145,8,218,41]
S2Z1lz5iNal1xpreP472MQ,33.466379,-111.90558,2,[33.466379,-111.90558,33.466379,-111.90558],[84,147]
zP6ZHKhm02C_tPlUXY2bMQ,33.43475,-112.00644,82,[33.43475,-112.00644,33.43475,-112.00644],[28,170]
u2Jed1MjcTPNnVmBZvfc3Q,33.508736,-112.041489,3,[33.508736,-112.041489,33.508736,-112.041489],[43,11]
0c9N11Ng1MH2wIhIH2gonw,33.429502549999995,-111.975063,12,[33.290397,-112.261226,33.5686081,-111.6889],[126,48,11,38,99,181,39,123,65,44,127,30,8,13,6,7,110,24]
MtkQwrOmZkJxDaUy7c0FFw,33.4656198,-111.929296,8,[33.4656198,-111.929296,33.4656198,-111.929296],[119,48,11]
BsYrG3Zh20cFHXIskb2u2g,33.4939313,-111.9256266,3,[33.4939313,-111.9256266,33.4939313,-111.9256266],[185,11]
q6wUvNzu9gqULxJOdVhx-A,33.48440875,-111.92638210000001,2,[33.4698115,-111.926703,33.499006,-111.9260612],[39,212,126,293,11,282,72,141,6]
0g8cmPNYOqbON3O0pUAVsQ,33.5519783,-111.9145185,4,[33.4824936,-111.9307316,33.621463,-111.8983054],[33,117,26,11,126,229,43,78,79]
JxCCINjTpFBIsOk5w_YjPg,33.4453138,-111.97855235,7,[33.3789539,-112.0653185,33.5116737,-111.8917862],[98,7,10,192,11,210,43]
FvSVsGNKBgQdQt-MYP3Kxw,33.40674105,-112.10760915,12,[33.304492,-112.3415813,33.5089901,-111.873637],[119,11,44,212,26,43,265,41,33,24,99,177,140]
Igu8LjeJunbmmsZycWZuEA,33.304492,-111.873637,3,[33.304492,-111.873637,33.304492,-111.873637],[212,26,43,11]
1ANoJantTRxTAZVPOvYLpw,33.442824563189,-111.814216848645,3,[33.307325126378,-111.886722,33.578324,-111.74171169729],[44,127,11,265]
XvkKg1aRwLugyts7z-aBtA,33.47512541637155,-111.9321221318865,2,[33.4234408327431,-111.939622163773,33.52681,-111.9246221],[109,38,27,39,11,63]
sPEFql7fLp0oouFxnooGpQ,33.437363250000004,-111.83267265,162,[33.2475,-112.0650649,33.6272265,-111.6002804],[26,11,113,6,116,175,129,121,79,4,57,69,56,63,27,54,317,126,97,24,109,38,48,39,127,7,142,33,47,134,135,194,119,49,231,52,8,137,139,98,206,28,170,322,292,99,36,224,55,122,201,182,172,45,251,50,89,32,95,222,247,278,108,13,115,177,140,35,34,162,112,254,44,77,76,244,17,18,91]
TeO6BQRjcMIKhn4VyTLmDA,33.35703515,-111.80087975000001,2,[33.3344463,-111.8463705,33.379624,-111.755389],[24,11,183,65]
K4xpw54s5rEw7oO1akx7Bw,33.5024112,-111.9195953,3,[33.5024112,-111.9195953,33.5024112,-111.9195953],[84,339]
SmNEJ6Tf-6uz5wzwKc95Mw,33.58348,-111.883526,1,[33.58348,-111.883526,33.58348,-111.883526],[43,11]
M9cZwNoSKQDUVwO0R8UwIA,33.6257041,-111.9923,63,[33.4177013,-112.081138,33.8337069,-111.903462],[38,39,40,7,36,8,99,128,296,11,63,71,72,119,48,129,78,332,278,79,6,200,206,98,10,77,35,76,49,80,59,126,168,265,307,397,57,56,9,112,151,251,109,69,108,27,24,47,373,197,23,344,33,26,127,236,103,88]
4U8dU9CFVVhB8Wc9VG-TGw,33.409530950000004,-111.7543425,5,[33.248495,-111.886606,33.5705669,-111.622079],[126,97,11,106,54,107]
5eEeGqH5P3TD17LvV3aOyg,33.516958349999996,-111.97770405,3,[33.4216092,-112.0124654,33.6123075,-111.9429427],[26,11,24,378,32,90]
UWC882BkVLOZOw5frdGQnw,33.3411963,-111.8933787,3,[33.304861,-111.927065,33.3775316,-111.8596924],[224,11,210,181]
-owLJrue-3j76U58nQ2m8w,33.344795950000005,-111.9005879,2,[33.2773849,-112.014327,33.412207,-111.7868488],[41,11,33]
8EA57153W_g-IIaGZ82ydQ,33.41439,-111.9169875,18,[33.362444,-111.921558,33.466336,-111.912417],[15,6,191,38,7,47,88,39,48,11]
vJPzg3evOmhbYSaHW3BHzA,33.2838289,-111.80920655,15,[33.2630712,-111.9006511,33.3045866,-111.717762],[11,27,63,99]
7ygqEx8-9BUo0mojiuydqg,33.48612335,-112.03696065,9,[33.4548476,-112.0824683,33.5173991,-111.991453],[43,11,88,38,39,298,63,27,24,119,120,26,126,97,224]
PY6a5DTygDqf52eQMtii5w,33.4438006,-111.8813076,43,[33.3889034,-111.9398551,33.4986978,-111.8227601],[177,140,11,38,26,39,7,49,108,193,59,126,117,224,48,36,109,88,298,247,119,99,24,128,208,130,6,32,35,80,98,10,9,63,44,27]
26pABpIH3o_lBQFxN1xtqA,33.3795393592755,-111.90219511068,3,[33.365048,-111.92938,33.394030718551,-111.87501022136],[63,27,11,99]
9T3bgBoVjh6l2c3PMD_6Xg,33.418499,-111.940305,24,[33.418499,-111.940305,33.418499,-111.940305],[7,108,24,11]
qw8-PsanVUAjjpiVnlP0cg,33.613515,-111.864729,3,[33.613515,-111.864729,33.613515,-111.864729],[38,11,99,128,39]
mNBLrc4mmpcYMd6ANlW3Fg,33.5098275,-111.9238617,5,[33.398192,-111.949418,33.621463,-111.8983054],[72,184,126,229,43,11]
PaqJWbuHWQ2EYDeiShUfYA,33.542243049999996,-112.2320787,12,[33.445899,-112.3928444,33.6385871,-112.071313],[7,8,6,45,57,327,96,72,44,11,69]
fqn45P6Ixr5Qy4mf58cAyw,33.5981681,-112.0374366,1,[33.5981681,-112.0374366,33.5981681,-112.0374366],[49,80,59]
vO1tRXng4hM4yT9fE9HZTw,33.49814635,-111.9920724,5,[33.4948197,-112.004324,33.501473,-111.9798208],[119,11,210,49,54,242,82,59]
kHzTlhMwuySrBphJyI0X1A,33.507713,-112.040047,1,[33.507713,-112.040047,33.507713,-112.040047],[33,99,11]
M7EqNIe5WaLfJDVOvjkxEA,33.5368047,-111.9726668,4,[33.4329724,-112.0410308,33.640637,-111.9043028],[57,99,91,11,49,178,26]
BvrsPDE4AVFgAqtTpLSV1w,33.6401421,-112.1745837,1,[33.6401421,-112.1745837,33.6401421,-112.1745837],[251,11]
ckTFxqAW-e8Rc7xbQ01pRA,33.4233153,-111.9402738,2,[33.4233153,-111.9402738,33.4233153,-111.9402738],[117,11]
nkIK0gYNOkE4d1sxruUBJA,33.5086952779617,-111.927080154419,15,[33.5086952779617,-111.927080154419,33.5086952779617,-111.927080154419],[99,11]
E7oIxU2vV4Dpd5jOLRy0mA,33.5093453,-112.0588374,2,[33.5093453,-112.0588374,33.5093453,-112.0588374],[38,210,26,39,11]
Jy7qAiG05GBnkt5uVQcH0A,33.56507275,-111.95960205,5,[33.509927,-112.044949,33.6202185,-111.8742551],[24,11,63,27,168,126]
hDq2YuMHjB_7KvK8zZCCcw,33.490455999999995,-111.76996075,13,[33.3702541,-112.1500692,33.6106579,-111.3898523],[265,11,102,103,127,26,224,71,72,109,38,39,63,99,88,40,33,48,177,140,208,6,35,128]
9QXjwdxQXhrXuGu842gojQ,33.4214372,-111.942512,1,[33.4214372,-111.942512,33.4214372,-111.942512],[27,11]
mXUGqzUsJcx___b0y72BZA,33.46279715550695,-111.9292056,25,[33.3022462,-112.086757,33.6233481110139,-111.7716542],[24,11,98,7,201,206,63,101,38,39,48,185,26,108,33,119,99,27,177,140,40,57,145,74]
59LahDShtH4u30cEkC5ZTg,33.5403655,-111.8852673,2,[33.5403655,-111.8852673,33.5403655,-111.8852673],[212,361,11]
lKhuI73GsTFvOrCe_tAJFw,33.300757,-111.755831,2,[33.300757,-111.755831,33.300757,-111.755831],[106,54]
QeDbz3hrbt5TaJwi_E4n1g,33.56508645,-112.032375,9,[33.49112,-112.079081,33.6390529,-111.985669],[137,7,6,139,26,11,71,72,297,49,321,59,63,27,33,99]
8Q2PZXPAhchmiyMPZ8429Q,33.38097995,-111.96567465000001,8,[33.261388,-112.0741143,33.5005719,-111.857235],[7,142,108]
Q_gsrlvJvFWTHJVEKOSljw,33.484439,-112.364213,17,[33.484439,-112.364213,33.484439,-112.364213],[11,63]
R5JPsFfzdGG3JdCsABof2Q,33.61672,-111.93961075,6,[33.554825,-111.9795855,33.678615,-111.899636],[119,11,373,182,41,7,36,8,10,24,201,49,80,54,59]
ZtDtNfK7heI_ZlTq9B89wg,33.6427992,-112.1158817,111,[33.6427992,-112.1158817,33.6427992,-112.1158817],[28,17,29]
wo4b_NZrBfWLoPE0c_9Qng,33.4669607,-112.04350095000001,19,[33.4315119,-112.0915007,33.5024095,-111.9955012],[7,108,186,6,57,26,11,126,97,224,114,16,13,15,101,88,38,39,40,8,119,212,210]
HJm6lygitZwsl52yUwr-bw,33.4471759,-112.07411565,14,[33.4471735,-112.0744503,33.4471783,-112.073781],[57,145,38,39,48,11]
wQWu4c7bYYIHxE1wyXxeeQ,33.5601145,-112.15551214999999,13,[33.442375,-112.3553813,33.677854,-111.955643],[119,11,140,7,108,201,142]
gz1XtEdKTp7xWmdcFAXNRA,33.4368294,-112.0711771,2,[33.4368294,-112.0711771,33.4368294,-112.0711771],[7,139,416]
HfNlSL159uALRu8SA_1RLQ,33.566733,-111.917006,1,[33.566733,-111.917006,33.566733,-111.917006],[126,11]
