VrkCU_shiE1KIXpjllGp2w,33.494823499999995,-112.001072,46,[33.4802381,-112.077889,33.5094089,-111.924255],[27,11,41,400,126,97,307]
pgHXhQ2AipIcwpBuuJQnjg,33.4922985,-111.9245517,10,[33.4922985,-111.9245517,33.4922985,-111.9245517],[210,11]
ydmF2KEbtiY0sSdppdyVTg,33.56289665,-112.0260899,30,[33.4471783,-112.0775732,33.678615,-111.9746066],[7,292,212,97,11,49,80,82,59,168,181,229,142,38,99,128,39,182,48,140,71,72,177,26,430,57,145,6,204,65]
n20WgOoGxMa4yAxqrLv9Ow,33.5612589,-112.1156244,1,[33.5612589,-112.1156244,33.5612589,-112.1156244],[48,185,11]
-8jyqvrDFH8tJYaED88SLA,33.37682055,-112.04246185,94,[33.3762931,-112.04921,33.377348,-112.0357137],[99,11,27]
ZoE_FK7_77zGaN41oL0VVQ,33.4957701,-112.1135009,200,[33.4957701,-112.1135009,33.4957701,-112.1135009],[28,17,29]
5axAAx9rhSSaQjxXf8P7bg,33.632129,-111.9023478,1,[33.632129,-111.9023478,33.632129,-111.9023478],[193,80,81,54,59,49]
eVPXWq00dLpJEcRq4VlOag,33.342644,-111.82458299999999,6,[33.306411,-111.89307,33.378877,-111.756096],[30,8,13,6,7,110,119,11,99]
QDIhUXuNvXPY2Gv94QFiug,33.54898706823195,-112.13334660000001,97,[33.385548,-112.5125131,33.7124261364639,-111.7541801],[430,11,33,117,24,210,101,38,39,26,43,168,169,63,251,212,143,293,265,99,185,126,97,109,27,48,98,7,119]
iz0C-p-48pqBfgA407WnKw,33.4703183,-111.9225647,4,[33.4659256,-111.923515,33.474711,-111.9216144],[101,38,422,39,26,11]
kKI77e61144BC9qZO9L7zg,33.612089,-112.185319,1,[33.612089,-112.185319,33.612089,-112.185319],[7,162,108]
f8dTSbjfaVC6nXIdtUKFCg,33.4370854,-112.0855736,13,[33.2917628,-112.345359,33.582408,-111.8257882],[26,11,99]
G9ZW4xr1Y1319sWWlYN5MQ,33.42758665,-111.8561747,49,[33.3098443,-112.043169,33.545329,-111.6691804],[28,170,26,17,18,11]
DDC_vP5K0g0tw2iXP5wrGg,33.6392183,-112.1530072,51,[33.6392183,-112.1530072,33.6392183,-112.1530072],[251,11]
oxBmaEnFkhRuFBzgRD4tdA,33.436835200000004,-111.9591809,6,[33.3783016,-112.0118398,33.4953688,-111.906522],[177,140,11,43]
n1vwbn7z0oEsBDqI-N14bg,33.5871771,-111.9255397,2,[33.5871771,-111.9255397,33.5871771,-111.9255397],[26,11]
2pstce7eLD3QpVcOuD1lmg,33.5090018,-112.0409994,1,[33.5090018,-112.0409994,33.5090018,-112.0409994],[13,6,115,372]
WOXfezElMyWdmyXxcPcrsg,33.8394797,-112.4238394,1,[33.8394797,-112.4238394,33.8394797,-112.4238394],[49,178]
VUSKhWgL4DgZPOMAdK-ulw,33.2478675,-111.63495850000001,8,[33.247517,-111.647354,33.248218,-111.622563],[106,54,107,317,64,65]
zPl5qWqZn0uPixQSiP4WHQ,33.4535069,-112.0722782,20,[33.4535069,-112.0722782,33.4535069,-112.0722782],[43,11]
1oaIZhg6Ht5pYGciST_2wA,33.6468329,-112.0688289,3,[33.6468329,-112.0688289,33.6468329,-112.0688289],[215,32]
ngln0Y6zksUQ0wUvs_OmnQ,33.407826,-111.996389,3,[33.407826,-111.996389,33.407826,-111.996389],[6,87]
MNqiUU5dE0PPsFMpMj7M6g,33.470126,-112.04693,1,[33.470126,-112.04693,33.470126,-112.04693],[168,26,11]
RSp71p9HBeQwQxXQuumtZA,33.478136500000005,-112.0097135,5,[33.425938,-112.079081,33.530335,-111.940346],[38,128,39,114,13,6,48,11,26]
6ssXhcHLY3HyTUPX3q-rAQ,33.4626454,-112.3218356,2,[33.4581718,-112.3392713,33.467119,-112.3043999],[33,99,296,11,38,39,128,27]
jzVdaZ8GWMTG5Wf5OdChUA,33.642592,-112.3989774,11,[33.6237173,-112.4183429,33.6614667,-112.3796119],[7,57,209,24,11,27]
IJzQFr1W7xBo6BbiBhlNLA,33.732153,-111.8537306,2,[33.732153,-111.8537306,33.732153,-111.8537306],[28,17,29]
Lt2LABezAbpaFGUWBTp_Ow,33.5670375,-111.9184649,7,[33.5670375,-111.9184649,33.5670375,-111.9184649],[28,158,17,29]
NIBSHb4817EFRGMMrKQo2A,33.4471735,-112.073781,3,[33.4471735,-112.073781,33.4471735,-112.073781],[48,11]
Z8LACDagUUdEkFz1cMI03g,33.444801984944,-112.07211772211,1,[33.444801984944,-112.07211772211,33.444801984944,-112.07211772211],[38,99,39,128,185,11]
FD4lw7grlBVlwSMugp2w1A,33.5410373,-111.98960930000001,3,[33.4691316,-112.0475116,33.612943,-111.931707],[26,11,7,292,232]
noIw7tl1Cnme0kev0UgnPA,33.58626405,-112.2190983,4,[33.5331251,-112.2581306,33.639403,-112.180066],[38,265,39,11,338,382,206,159,32]
Dm7AURnJvhzC05DX14YnZQ,33.5903698,-112.1728283,4,[33.5903698,-112.1728283,33.5903698,-112.1728283],[129,278,79]
-9UkppgnOQGGbKdvppauTA,33.382376,-111.925457,1,[33.382376,-111.925457,33.382376,-111.925457],[308,54]
Kcff0nsR2BQsYkIqwQVrlg,33.678615,-111.9746066,19,[33.678615,-111.9746066,33.678615,-111.9746066],[38,265,39,11]
bzMecyA7GETEQZkL3YoXsA,33.581511,-111.879218,7,[33.581511,-111.879218,33.581511,-111.879218],[212,43,11]
izrPGEutYNurRfodgsIxAw,33.43221285,-111.977745907698,20,[33.362444,-112.0462108,33.5019817,-111.909281015396],[99,48,11,7,98,8,10,49,52,333,326,108,17,62,119,145,57,39,351,247,18,137,139,224,246,24,423,15,6,191]
NPuSbODFKilOljfVuBW0ww,33.513825,-112.0394403,12,[33.407088,-112.1825527,33.620562,-111.8963279],[168,26,11,104,161,167,65,192,126,97,119,99,404,57,39,145]
B-sC-kNmHhZ3IpJcj5QOGA,33.550161900000006,-112.1152909,2,[33.534184,-112.174034,33.5661398,-112.0565478],[43,11,26]
CYXUJM8TpMdTUqiQRbmxfw,33.57884695,-111.9131667,9,[33.4787939,-111.93753,33.6789,-111.8888034],[4,13,6,160,38,39,26,11,49,80,82,59,251,7,108,320,321,193]
nD_l4OK8_IfgPtZHcm_VTA,33.322376,-111.911819,2,[33.322376,-111.911819,33.322376,-111.911819],[352,11]
5aoPEjpxWR7CN7kdVjyQVQ,33.4982806,-111.92277229999999,5,[33.4942423,-111.9275491,33.5023189,-111.9179955],[39,119,48,38,11,7,108,54,55,122]
NOGrlJXmfeW-G9R2VRUOaA,33.6247596,-111.9329381,166,[33.6247596,-111.9329381,33.6247596,-111.9329381],[28,17,29]
IKq14A6anAGX47Gp1bsxjA,33.542167,-111.925061,2,[33.542167,-111.925061,33.542167,-111.925061],[38,128,39]
fdnYz54JSzaKzITgybI7mw,33.509517,-112.061566,1,[33.509517,-112.061566,33.509517,-112.061566],[88,38,39,298,11]
w5tl4s_SJ10RNxD5LYa-Lg,33.2601451,-111.7896696,1,[33.2601451,-111.7896696,33.2601451,-111.7896696],[54,55,122,256]
BoQ6RqL4aLny75aBqrODUg,33.414341050000004,-111.9023531,3,[33.3630958,-111.9279622,33.4655863,-111.876744],[7,36,8,24,47,27,11]
eAeTZn_8IkM26-OedjvipQ,33.56378875,-111.9455957,8,[33.5097979,-112.0119734,33.6177796,-111.879218],[26,11,7,63,212,43]
Q7KeAfgQ568I8zZV1zJ5_w,33.4678903,-111.6837698,1,[33.4678903,-111.6837698,33.4678903,-111.6837698],[33,99,117,11]
uZKjw4dgvIyy8AA9lRGS6w,33.6288709,-111.886982,1,[33.6288709,-111.886982,33.6288709,-111.886982],[126,212,43,11]
CtdGwLKodWXumk3ToyPckw,33.439979,-112.21108795,15,[33.377767,-112.4268472,33.502191,-111.9953287],[38,99,88,39,40,11,98,7,108,126,109,63,65,133,57,145,292,139]
2L-w3IMguDv75D-ajrf3kw,33.4971510582952,-111.92629336041401,11,[33.4922985,-111.928035020828,33.5020036165904,-111.9245517],[168,99,11,210]
lHaaYthktGIvokj9ex0QRA,33.469227000000004,-111.952261,12,[33.316873,-112.004102,33.621581,-111.90042],[337,32,84,291,27,11,38,7,47,88,39,48,9,24]
vI438uSLlYYc5tI_hVfb4Q,33.4616824,-111.973973,10,[33.413158,-112.072167,33.5102068,-111.875779],[352,48,11,26,119,99,251,63]
xY0SP85UvAeoGjneF-gQew,33.494151094079,-112.034456561415,5,[33.474605,-112.07341192283,33.513697188158,-111.9955012],[48,11,7,8,119,33,38,39]
CWYHXKPXqP4KgY3TyI54lg,33.53568945000001,-112.05338445000001,95,[33.3872039,-112.2046069,33.684175,-111.902162],[212,43,11,26,48,251,27,440,260,265,99,38,39,40,17,18,63,10,109,126,97,214,119,71,72,84,336,24,7,108,168,181,229]
pNIMVREoucMm1mHi9H3Etg,33.4127822192857,-111.9267141,17,[33.319374,-111.9955012,33.5061904385714,-111.857927],[49,319,59,48,11,182,172,27,99,43,98,7,307,162,33,44,36,298,88,109,38,39]
-xIUa6jbb1GzsZQFq8IePA,33.448333,-112.074127,8,[33.448333,-112.074127,33.448333,-112.074127],[27,11]
YoiAnDZ_JPdi8Ixnn8vKMg,33.519325699999996,-112.08900865,20,[33.4869182,-112.2692793,33.5517332,-111.908738],[39,119,26,38,11,265,48,7,27,47,49,445,66,52]
4FOq7pAYsilcs0neniq2xg,33.542193,-111.925634,198,[33.542193,-111.925634,33.542193,-111.925634],[265,126,97,11]
HNASrZhKABaDbGysyoK64Q,33.5097768,-111.9957399,1,[33.5097768,-111.9957399,33.5097768,-111.9957399],[38,48,39,11]
msA-PcDJQI52C7BDU8znZA,33.6160573,-112.43922995,99,[33.6032427,-112.5016551,33.6288719,-112.3768048],[49,28,506,52,57,327]
qAUOP0eFIzj5nIFuWJaTIQ,33.44930535,-112.06554195000001,15,[33.449233,-112.0656259,33.4493777,-112.065458],[27,11,88,38,39,89]
MK-EScC1QNysVmb5XESqzQ,33.420967666647,-111.927057566665,13,[33.336905433294,-112.0823438,33.5050299,-111.77177133333],[43,11,119,48,137,7,139,373,251,153,57,39,145,292,108,24]
qpnczGRH8g3BfH9BBRo1YQ,33.4574699,-112.5565485,2,[33.4574699,-112.5565485,33.4574699,-112.5565485],[53,54,55,266,122]
nyKHEYxKWu8VM0ol-ZiTBg,33.37291776595405,-112.01838085,6,[33.2815660319081,-112.0741442,33.4642695,-111.9626175],[57,145,258,39,28,17,29,11,63,38,99,128,126]
bhAGPbUXkls31rVt1e-lhQ,33.213808,-111.657645,4,[33.213808,-111.657645,33.213808,-111.657645],[328,32]
KcUeyrxWijaQdBi8lIpMJg,33.37670745,-111.86505195000001,12,[33.302011,-111.973603,33.4514039,-111.7565009],[7,36,109,38,48,39,11,108,128,185]
LVwEOfB-Qrl_G9g0aelQ_Q,33.5593355,-112.147975,2,[33.551682,-112.179707,33.566989,-112.116243],[30,8,13,6,7,110,33,11]
1Fb00S_Nj4nI4n_vJyQG7A,33.494646,-111.9947,3,[33.494646,-111.9947,33.494646,-111.9947],[43,11]
a8KHUx5EqQSi1Zx-2o7n-g,33.45461605,-111.91283615,3,[33.413856,-112.0030783,33.4953761,-111.822594],[84,359,6,21]
66PQJEHC0tCWGMI4V9KT-Q,33.491420000000005,-111.98595449999999,19,[33.473323,-112.061566,33.509517,-111.910343],[294,106,54,309,119,285,11,7,8,6,204,65,38,57,18,109,209,17,39,88,298,72,390,414,339,13,84,104,36,142]
BjuCl6xzbj8mB2GiCklq6g,33.5006173,-112.16848494999999,9,[33.4481291,-112.2691369,33.5531055,-112.067833],[7,108,119,11,177,104,161,195,65]
WaAIR9ReCkb9hXfbOPOsLQ,33.610777,-112.1841384,2,[33.610777,-112.1841384,33.610777,-112.1841384],[7,142]
FkuTPB55cfaXZvkVxFCmag,33.498028,-111.927951,5,[33.498028,-111.927951,33.498028,-111.927951],[352,48,11]
QvXb6h91DVNzrpE7Ve6ENw,33.0241115,-112.0505478,4,[33.0241115,-112.0505478,33.0241115,-112.0505478],[41,11]
NbOKEhErVjNsoPfuuMr2xQ,33.306771,-111.854917,1,[33.306771,-111.854917,33.306771,-111.854917],[54,55,266]
_ygG26BvuLCtcss3do0e5Q,33.497828,-111.927267,2,[33.497828,-111.927267,33.497828,-111.927267],[352,48,11]
0pQp6mIGvVNykNflKuTIOg,33.40492225,-111.9037382073975,55,[33.3057949,-112.0835575,33.5040496,-111.723918914795],[33,99,44,11,6,70,26,13,61,35,76,185,137,7,54,81,139,142,24,27,48]
_Vskj_AsnSoDBgeXmfCwlA,33.43475,-112.00644,6,[33.43475,-112.00644,33.43475,-112.00644],[28,170]
ZxDUrh0KjgCgne1VZAtJnA,33.616418,-111.92631,67,[33.616418,-111.92631,33.616418,-111.92631],[265,126,97,11]
rkGCDDlVU6dhl2JiBbQXKA,33.4552907,-111.9878697,2,[33.4552907,-111.9878697,33.4552907,-111.9878697],[43,11]
oFKdafUw61lk6p8GyuMEGw,33.6401421,-112.1745837,1,[33.6401421,-112.1745837,33.6401421,-112.1745837],[251,11]
GxDuFHzIRpy4C_zPJX5f_w,33.547167166633656,-112.089466865069,14,[33.448717,-112.2618153,33.6456173332673,-111.917118430138],[224,11,27,182,99,63,26,33,117,161,195,65,24,311]
dsMVbRGSUkLldUrtnPcpxA,33.8321704,-111.9583011,151,[33.8321704,-111.9583011,33.8321704,-111.9583011],[48,11]
1vnaLkoBhOoKDtvJaiUpkA,33.327278,-111.858116,8,[33.327278,-111.858116,33.327278,-111.858116],[251,11]
DA_SU_MbfgfalzbktcsBzw,33.537932999999995,-112.045461,17,[33.43562,-112.229329,33.640246,-111.861593],[28,17,29,26,11]
Fpn8YbSYobicRQSlC1bpmg,33.4315119,-112.0561119,32,[33.4315119,-112.0561119,33.4315119,-112.0561119],[26,11]
4vSGcZyNfIuKYUP6z9Cbyg,33.57398755,-112.035996566406,39,[33.4492414,-112.203707,33.6987337,-111.868286132812],[7,108,11,63,175,129,121,79,48,27,119,99,26,33,265,109,38,39,137,6,139,126,40,127,36,328,32,182,140,168,181,229,17,18,49,50,52]
icKJII0Zoh1X9PC9kghugQ,33.333799,-111.827543,1,[33.333799,-111.827543,33.333799,-111.827543],[49,82,59]
i2srUvYyu0rX8ODt_RKG3w,33.3780956,-111.9609788,1,[33.3780956,-111.9609788,33.3780956,-111.9609788],[11]
WOEtSxE1LkjjRykSYWRIqw,33.539055000000005,-111.9070141,19,[33.5380221,-111.9260096,33.5400879,-111.8880186],[161,28,65,17,29,41,400,11]
4U-yzVTlWLTRVseD2w76Lw,33.4941704,-111.9260519,1,[33.4941704,-111.9260519,33.4941704,-111.9260519],[219,218,11]
f_7HLCcW0jyIMSC2Ex4efQ,33.41772365,-111.98852289999999,14,[33.2475,-112.1164668,33.5879473,-111.860579],[168,169,11,7,36,182,24,177,140,48]
ri7dhAujCh0tG8YWcHwZcA,33.494719,-111.92341605,6,[33.407561,-111.9475246,33.581877,-111.8993075],[88,38,99,39,11,27,24]
zZiBiCRYvOs3FsYz7uwP1g,33.585056,-112.116136,2,[33.585056,-112.116136,33.585056,-112.116136],[28,17,29]
5pnY4uMN_vZf1gCt-6XIgQ,33.51497905,-112.0435526,5,[33.5062577,-112.0482435,33.5237004,-112.0388617],[373,48,24,11,99,177,140]
7PNLpIGi7OZzWcbdfu8alw,33.4657394,-112.0724302,12,[33.4657394,-112.0724302,33.4657394,-112.0724302],[224,11]
Dw8c5RaDIvbQ16eubug6rQ,33.4576266,-112.0474748,1,[33.4576266,-112.0474748,33.4576266,-112.0474748],[168,26,11]
yOzk0Euqp7_LZhrbFp0tLQ,33.377697734012,-111.9388855672,5,[33.377697734012,-111.9388855672,33.377697734012,-111.9388855672],[26,11]
PVZIR69B8j5mijlL0lFSJg,33.393113,-111.9111046,5,[33.393113,-111.9111046,33.393113,-111.9111046],[7,137,8,139]
G-QOlxdqVVztKZx3XcJTWw,33.3661496,-111.7897936,4,[33.3661496,-111.7897936,33.3661496,-111.7897936],[177,11]
LwOp1Kq3gtJja8FPGD6tLQ,33.6234319,-111.8965508,1,[33.6234319,-111.8965508,33.6234319,-111.8965508],[177,140,11]
l8Uar2owfQN1TMC2WOICFg,33.3637601,-111.9095294,2,[33.3637601,-111.9095294,33.3637601,-111.9095294],[78,79]
wgvzJeXrG-QALv2hWNZYXg,33.407169887118,-111.87482834925001,9,[33.392989774236,-111.924806,33.42135,-111.8248506985],[244,172,11,7,142]
7Yxr3ArHBk9XQGnwz99EyA,33.4667074,-112.3408385,1,[33.4667074,-112.3408385,33.4667074,-112.3408385],[218,41,11]
ePzHOQEApGndHScjcwQCUA,33.481724,-112.0301937,58,[33.481724,-112.0301937,33.481724,-112.0301937],[41,43,11]
yEoDBLoe6eFkQDgRo8vM9w,33.416355,-111.685046,1,[33.416355,-111.685046,33.416355,-111.685046],[185,11]
xq10i6hsaFuIk-DCJGcohA,33.5361405,-111.99923849999999,200,[33.455863,-112.072167,33.616418,-111.92631],[265,126,97,11,27,7,8,119,99,38,88,39,40,26,127,48,63,212]
TFW0QKIvBilwHlHD2ubPyA,33.583142,-111.927321,1,[33.583142,-111.927321,33.583142,-111.927321],[27,11]
_PfzyJIqUsn-X6q77ywjEQ,33.444799,-112.066662,200,[33.444799,-112.066662,33.444799,-112.066662],[57,327]
AGPmtz1RnuAdig-vmZLEAw,33.5478373,-111.9776281,4,[33.5401509,-112.0565528,33.5555237,-111.8987034],[218,11,337,32]
DYPvo7JQhl2-qT2OpshyTA,33.6398123,-112.0164203,16,[33.4474542,-112.0745395,33.8321704,-111.9583011],[27,11,119,99,48,38,88,39,128,265,33]
faCMQijF41DalBzO7AH98Q,33.6844467,-112.1214781,1,[33.6844467,-112.1214781,33.6844467,-112.1214781],[20,188,490,23]
_c4Mzr-D6jEoq6vB4_Dasg,33.4373518,-111.7181797,6,[33.4373518,-111.7181797,33.4373518,-111.7181797],[11,63]
TBAcAixIFBAFAULuG5r4ag,33.8504724,-112.1166323,1,[33.8504724,-112.1166323,33.8504724,-112.1166323],[27,11]
3qJLajDPgc-Imjk5INt8mQ,33.4306479,-111.93511705,9,[33.351089,-112.0272041,33.5102068,-111.84303],[119,38,48,39,11,99,149,126]
zjjrbZedZ-aXhvmVIOrumA,33.43188,-111.948667,3,[33.43188,-111.948667,33.43188,-111.948667],[57,56,145,186,39,6]
kZ8LpwQAnduFB1CgufuJ_w,33.4950535,-111.9958183,6,[33.4950535,-111.9958183,33.4950535,-111.9958183],[11,27,63]
69O0iY3YOE_xs9WQt1Kw-w,33.44431,-111.9698855,13,[33.390792,-112.012504,33.497828,-111.927267],[352,48,11,109,38,39]
VJjlRu2Hg2VgaN1P2GVdbA,33.4341094982183,-111.996914148331,200,[33.4341094982183,-111.996914148331,33.4341094982183,-111.996914148331],[117,11]
nneJoLMQLPC_p-8cAkzVbA,33.307711,-111.890393,4,[33.307711,-111.890393,33.307711,-111.890393],[129,121,79]
F1PkYH1CZIIMXb0VMEUmbw,33.7806577729887,-111.923919447631,5,[33.7806577729887,-111.923919447631,33.7806577729887,-111.923919447631],[119,48,11]
mUYlwYTtgXTqYkaRit5YRQ,33.5620238,-112.07123185,11,[33.4772147,-112.0736348,33.6468329,-112.0688289],[265,11,43,215,32]
12C0oJedfwz5Vz0GgT0mqw,33.6154722,-112.3212546,26,[33.6154722,-112.3212546,33.6154722,-112.3212546],[26,11]
PdhP-cSiWkdEloxngtvFWA,33.5092898,-112.0364736,4,[33.5092898,-112.0364736,33.5092898,-112.0364736],[169,11]
HTFN1UyUsVCycqWIVgu9kQ,33.5098832,-111.99030934999999,91,[33.4710214,-112.0649272,33.548745,-111.9156915],[158,28,26,11,126]
w4buboOO5EwCItbHod6qIQ,33.362894,-111.7897157,34,[33.362894,-111.7897157,33.362894,-111.7897157],[84,414,6,419,13]
yHamw1p_GO2NJvUu-k_9BQ,33.4922985,-111.9245517,3,[33.4922985,-111.9245517,33.4922985,-111.9245517],[210,11]
uxt6BHpqdjE38LSKkYp-zw,33.51315795,-112.0033710126305,5,[33.4803159,-112.0830714,33.546,-111.923670625261],[65,133,98,7,307,24,172,11,292]
g_d51Q2ewaayq2K0-0EZKg,33.4514309,-112.0701057,9,[33.4514309,-112.0701057,33.4514309,-112.0701057],[48,11]
qxQow8NtocPzpdbfLRMwlQ,33.400251499999996,-111.97547685,4,[33.3056888,-112.0536454,33.4948142,-111.8973083],[430,11,404,451,38,265,39,224]
MbYtv6iw4kOc3dQlzqMcMA,33.272043,-111.9802308,19,[33.272043,-111.9802308,33.272043,-111.9802308],[49,265,146,11]
ZkAcnPd7yuMB8NG_VfaF4A,33.498163,-111.923683,122,[33.498163,-111.923683,33.498163,-111.923683],[40,38,39,205]
NcqoYQY95_lhf6_tmgJWbw,33.6393269,-111.8792188,2,[33.6393269,-111.8792188,33.6393269,-111.8792188],[48,11]
qe5p9l5ASjAOvN3JZo87Kw,33.6239149,-111.9255304,7,[33.6239149,-111.9255304,33.6239149,-111.9255304],[48,11]
KZubvK7Jwmz6JlI3UhqYEQ,33.546,-111.96828,3,[33.546,-111.96828,33.546,-111.96828],[265,11]
UL3oXAjeMDm4oxeHs803hA,33.52811,-111.925252,48,[33.514027,-111.925634,33.542193,-111.92487],[28,17,29,265,126,97,11]
q0ggzEwTx2QgNiQm4vObrA,33.651747,-112.0725845,2,[33.43475,-112.138729,33.868744,-112.00644],[7,108,482,28,170]
kjDF4s7sUbCOaYhok6YhHA,33.4716326,-111.9263131,1,[33.4716326,-111.9263131,33.4716326,-111.9263131],[265,99,11]
jEDZuYPq1RCOhfv3vDR-aw,33.5879473,-112.1164668,16,[33.5879473,-112.1164668,33.5879473,-112.1164668],[168,169,11]
sOoSBKVFj1S7w4FKjKUCEQ,33.6251838,-111.9255108,1,[33.6251838,-111.9255108,33.6251838,-111.9255108],[168,265,11]
llumwWva2EnHI7Dp95pcxw,33.3637131,-111.9631397,1,[33.3637131,-111.9631397,33.3637131,-111.9631397],[26,11]
fJcP0EUFSiezx7qjwl0Ajg,33.8543346,-112.1251372,5,[33.8543346,-112.1251372,33.8543346,-112.1251372],[123,65]
BHFFLZrX5c8MP-gva-iCTw,33.5136394,-112.0734885,15,[33.5136394,-112.0734885,33.5136394,-112.0734885],[7,142,108,292]
B1QKvDMo9P4X68W33QI2uw,33.36360905,-111.88147075,11,[33.2917628,-112.0739136,33.4354553,-111.6890279],[101,38,99,39,11,26,7,47,48,27,309,285,97,33]
SstDhzlTcp7gvRum2KHwbg,33.612288157592744,-112.09916553876951,3,[33.558122,-112.124526977539,33.6664543151855,-112.0738041],[49,476,82,59,54,55,122,256,97,43,11]
KXv7LIVVlekG-66jAChhvw,33.49777185000001,-111.92914329999999,200,[33.493298,-111.934032,33.5022457,-111.9242546],[26,11,212,38,39,40]
DDiQt1zDFtuNUo-jzqRnrQ,33.422728,-111.951494,18,[33.422728,-111.951494,33.422728,-111.951494],[88,38,39,89,11]
hAtkGyR2623wXMmj0hBtrQ,33.50313645,-112.07460445,22,[33.4968532,-112.1371188,33.5094197,-112.0120901],[334,181,11,255,54,55]
h7_9zawUQ224ihgd7_zHng,33.751271,-111.992535,1,[33.751271,-111.992535,33.751271,-111.992535],[71,72]
GgUGSYZ0PiHrSeWQIM2kuw,33.457291,-111.9313365,200,[33.4219869,-111.9366872,33.4925951,-111.9259858],[14,15,6,265,11,33]
nxQ8f_-oWqMy0q9y6sr2Tw,33.648136874340494,-112.068564176976,8,[33.621274848681,-112.238064,33.6749989,-111.899064353952],[39,11,182,48,140,26,63]
rjphR4SCFJFMu-XyKgGflw,33.6272381,-111.8956517,1,[33.6272381,-111.8956517,33.6272381,-111.8956517],[64,65]
thOLBYbu2xdH6VPrvVwmmw,33.4741375,-112.0649666,2,[33.4741375,-112.0649666,33.4741375,-112.0649666],[119,201,11]
7hkkjW3p73M6OwQgf_WeSQ,33.44148815,-112.0686738,3,[33.4354553,-112.0739136,33.447521,-112.063434],[309,11,285]
o9TIZgH9OdKpVSVk6CVCgg,33.69594095,-112.26592149999999,10,[33.68106,-112.291938,33.7108219,-112.239905],[38,212,39,11,84,86,33,117,48]
GbrAfTKITx41kJaSdyz4Wg,33.40958685,-111.97250065,68,[33.3056888,-112.047693,33.5134849,-111.8973083],[38,265,39,11,120]
0zsGYi4ITkMEUdE8Zl5b6g,33.320776050000006,-111.9112094,2,[33.306499,-111.9445728,33.3350531,-111.877846],[224,11,27]
zFW9Mp34CBuAWGYZOt1o5g,33.448161846262295,-111.97816609627,200,[33.2868856,-112.06668779254,33.6094380925246,-111.8896444],[48,39,11,99,28,17,29]
mUYZbOJJVvPHaIsiXWjZ1g,33.50926655,-112.0469629,4,[33.479889,-112.0986063,33.5386441,-111.9953195],[169,296,11,63,26]
C14gDrpjLlo8BiZrTciSaQ,33.4287313,-111.9415049,56,[33.4287313,-111.9415049,33.4287313,-111.9415049],[28,342,240,241]
jMzTapT-8yT3xoYvHyVBNQ,33.4475252,-112.12861939999999,3,[33.4329724,-112.352936,33.462078,-111.9043028],[54,324,57,99,91,11]
zw7NRx0ngwLuor7pMDSlSw,33.6543296150245,-112.234788537025,1,[33.6543296150245,-112.234788537025,33.6543296150245,-112.234788537025],[149,126,97,11]
myhod6THr8jGMsWUl6e2uA,33.46020555553365,-111.9135125,7,[33.2994442,-111.937394,33.6209669110673,-111.889631],[98,7,11,24,63,48,404,451,168,162,44,296,127]
8EidG5WAMoccozDZ_D6shg,33.5086952779617,-111.927080154419,1,[33.5086952779617,-111.927080154419,33.5086952779617,-111.927080154419],[99,11]
GItowSeymGLwxs4mAtjZkQ,33.44844225,-112.07411565,106,[33.4471735,-112.0744503,33.449711,-112.073781],[49,38,39,128,341,48,11,24,27,63]
aEJShF6kF5rATlfbHqhYOA,33.4292302,-111.96009384999999,35,[33.2587342,-112.078974,33.5997262,-111.8412137],[251,11,38,26,39,224,265,126,97,98,7,24,64,65,307,27,49,193,59,43,447,138,8,139]
OET4LR3P8Dr_ZkCTaJNiLA,33.604393,-111.9431171,4,[33.5100523,-111.9963126,33.6987337,-111.8899216],[265,11,212,43,206]
1gspFi59uDO00PSM5LMlhQ,33.6551942,-112.16741590000001,28,[33.444799,-112.3039728,33.8655894,-112.030859],[251,11,24,49,82,59,3,376,363,1,33,44,384,113,6,116,26,10,27,0,48,224,7,108,38,128,39,84,346,54,238,195,65,383]
e9Q9nFvflhDDS7sSRPr-ug,33.41094765,-112.08255675000001,20,[33.321266,-112.254559,33.5006293,-111.9105545],[117,11,43,26,33,44,7,142,185,88,38,39,89,10,24,313,27,74]
4IRKzaGf2J4aBxIerIP5OQ,33.609742499999996,-111.9760235,5,[33.542193,-112.026413,33.677292,-111.925634],[49,319,80,59,265,126,97,11,182,48,140]
XNUID_eWSQ_7EBl-tbmuTg,33.5517596,-112.00569680000001,8,[33.4653362,-112.0827836,33.638183,-111.92861],[38,39,40,99,128,296,11,7,108]
YQZ9L6EUcAc-GVsJalR6ow,33.37839535,-111.86694535000001,14,[33.362719,-111.8761389,33.3940717,-111.8577518],[119,99,11,24,89]
bR_eTxmJiW1zKkn3xu8kNQ,33.587805,-112.247024,6,[33.587805,-112.247024,33.587805,-112.247024],[43,11]
qAiFC5Ns-4jfmTbu7obZgg,33.40701305,-111.96796864999999,4,[33.3338729,-112.0759353,33.4801532,-111.860002],[373,196,43,11,7,162,27,352,109,38,39]
dle40jvAhvSPNlIaT0iVwg,33.44211395,-112.00386725,3,[33.306491,-112.1174765,33.5777369,-111.890258],[38,99,39,265,128,11,168]
z9EeuaywNDwPksMSynD3lQ,33.499313,-111.983758,1,[33.499313,-111.983758,33.499313,-111.983758],[7,142]
VxHTpY_SSmepAkJ8Y1hBFQ,33.5324161,-112.2634935,1,[33.5324161,-112.2634935,33.5324161,-112.2634935],[28,17,29]
JYVfoEkPbojW4QWsukfO8A,33.5108735,-112.134201,1,[33.5108735,-112.134201,33.5108735,-112.134201],[43,11]
i9U5VOxvK-h_Iw1UfCurDA,33.523442,-112.04714,1,[33.523442,-112.04714,33.523442,-112.04714],[7,108]
EN7k4-QWKxStaJiSHBt7RA,33.5383476,-112.192542,1,[33.5383476,-112.192542,33.5383476,-112.192542],[117,11]
En0RVxfts0bexN-RL5lysg,33.4730439,-112.0797,6,[33.4549678,-112.082895,33.49112,-112.076505],[182,48,140,11,7,142,108,119,26,28,17,29,33,99]
lfFHHnV37aTWQn0dqjhl1g,33.497828,-111.927267,3,[33.497828,-111.927267,33.497828,-111.927267],[352,48,11]
hd3BHvFC0FFYj_Qh8d43MA,33.525729,-112.0985967,6,[33.5100398,-112.1825527,33.5414182,-112.0146407],[33,38,39,11,404,48]
nlae8971SGEdWqbP5gEYIg,33.47360769775965,-112.14291605,200,[33.4336774955193,-112.3582136,33.5135379,-111.9276185],[98,7,206,11,28,170,10,99,48,168,26,8,119,27,63]
ajkGxpTJ42RwzPRctkE_ug,33.4217923,-111.951184,4,[33.4217923,-111.951184,33.4217923,-111.951184],[98,7,24,11]
Dk80bkAw8m87EY0Sma8HoA,33.6365584,-111.9197534,67,[33.6365584,-111.9197534,33.6365584,-111.9197534],[33,44,11]
UMabfgnzXe67spOSAuDSwQ,33.5777085,-111.9749195,9,[33.423546,-112.096976,33.731871,-111.852863],[48,11,43,38,39,224,57,69,40,109,206]
8jnz_0FtxlfhrK5v3hWwNQ,33.4787939,-111.9259092,1,[33.4787939,-111.9259092,33.4787939,-111.9259092],[309,119,285,11]
HI7Wucblmg8w5Oj602IocA,33.33967695,-111.9033565,4,[33.3004279,-111.964813,33.378926,-111.8419],[99,11,168]
Q90fH3zVaxRyXBTdFCJtOA,33.3277225,-111.8481975,6,[33.319395,-111.874965,33.33605,-111.82143],[48,296,11,7,365,142,292,84,147]
l4bbDI-diaBjOIuEjk-YZA,33.4962205,-111.9641728,24,[33.4962205,-111.9641728,33.4962205,-111.9641728],[38,140,39,40,48,11]
VEiD-U0rwR_4UNLLMeJxpw,33.061657,-111.485528,5,[33.061657,-111.485528,33.061657,-111.485528],[43,11]
-2R5j1KShy_WekhvCUEB1w,33.5303697541353,-111.92374939999999,10,[33.4214126082706,-111.96828,33.6393269,-111.8792188],[265,11,26,48,119,127,7,108]
GUpOjvuu_B0Zw4srB0-S4g,33.72800905,-112.1493912,11,[33.6116901,-112.1648254,33.844328,-112.133957],[251,11,26]
R8Xei0p--inIfDF95jR4Cw,33.436503099999996,-111.9229339,2,[33.3926383,-111.9347763,33.4803679,-111.9110915],[7,108,24,11]
lHZGQYihCVJuarMPSM-aDA,33.6640037,-112.2027562,3,[33.6640037,-112.2027562,33.6640037,-112.2027562],[63,27,11]
Capf_zG28-3Kx68BegCyAA,33.527483849999996,-111.99292395,6,[33.4144553,-112.065107,33.6405124,-111.9207409],[48,11,119,44,7,108]
1ypK8kP18BB1OiDwAT87WA,33.4223387,-111.925234,1,[33.4223387,-111.925234,33.4223387,-111.925234],[39,439]
VzAiq-whK3A4WngZXmCwIw,33.40661115,-112.1232778,12,[33.377767,-112.172642,33.4354553,-112.0739136],[309,285,11,65,133]
VmbTDmF6Ib-wWtRzyM1fpA,33.5689875,-111.97884465,55,[33.306501,-112.0824683,33.831474,-111.875221],[126,97,11,38,39,40,26,7,108,48,206,63,109,99,119,251,43,142,211,32,210,265,247,224,212]
mARaPwL4L3sb-hwl4Idd0Q,33.583746,-111.9777478,3,[33.583746,-111.9777478,33.583746,-111.9777478],[74,27,11]
Q6H8EfK1mAfQ1nB6GSeMTg,33.40827,-111.90042205,10,[33.319395,-111.9475246,33.497145,-111.8533195],[99,48,296,11,88,38,39,26,128,298]
Fx5EwCE5f_BDMjgRmRxLUw,33.416765208401,-111.925105836445,7,[33.407162416802,-111.9398551,33.426368,-111.91035657289],[192,11,404,451,88,38,39,298]
XNZBq5asnYunY7FKDPfP4Q,33.3373133,-111.8402382,2,[33.3373133,-111.8402382,33.3373133,-111.8402382],[27,11]
21RREqvKPz0egJAr3dTlcg,33.433132549999996,-111.69894825,2,[33.365465,-111.9227925,33.5008001,-111.475104],[39,205,43,11]
ZbFCjztY_Rd68KgbCql5MQ,33.499313,-111.983758,3,[33.499313,-111.983758,33.499313,-111.983758],[27,11]
Ly1vhTyWcqrqMomW4iCT4A,33.4604891753347,-112.05487124999999,5,[33.2815753506694,-112.180066,33.639403,-111.9296765],[127,11,338,382,206,212]
R7vgkyjWyKZ2Ox1tUufd9Q,33.531600049999994,-112.11472939999999,41,[33.5239431,-112.181569,33.539257,-112.0478898],[251,11,137,7,6,139]
vUBWg3dXVCDWvbGwWLrpbw,33.42068675,-111.87489705,94,[33.2611314,-112.2691041,33.5802421,-111.48069],[38,99,39,40,11,109,27,185,373,168,26,63,265,33,44,119,120,285,7,48,47,24,10,206,224,8,210,126,97,36,127,43,88,352]
W8V_bOtDRJm7Smp2oefehQ,33.798073,-111.926458,4,[33.798073,-111.926458,33.798073,-111.926458],[26,11]
or3jzZMx35DGHsq6yoQMtQ,33.53549595,-112.05083735,51,[33.5071469,-112.0744706,33.563845,-112.0272041],[7,36,99,11,48]
maPSm8NAuFF_SbbUaORFXQ,33.4033669363438,-111.973214149475,42,[33.4033669363438,-111.973214149475,33.4033669363438,-111.973214149475],[28,17,29]
L9QPCcMH_eehNdQHzHL01w,33.501161,-111.925513,4,[33.501161,-111.925513,33.501161,-111.925513],[206,11]
1zXZ89SgL4WTRuUDdZI2vA,33.5702692,-111.92269745,3,[33.4942423,-111.9264472,33.6462961,-111.9189477],[26,11,265,126,97,39,119,48,38]
k91cNRMd50VCmMgAT5_HTQ,33.42135,-111.924806,2,[33.42135,-111.924806,33.42135,-111.924806],[38,422,39]
sf31eRip2DGCI69XEXYebQ,33.319493,-111.91999799999999,3,[33.317906,-111.964138,33.32108,-111.875858],[11,7,139,8,36]
KwaamBwlQ3iqFXtVJ8_oyA,33.432869,-111.871831,2,[33.432869,-111.871831,33.432869,-111.871831],[123,65]
YwwdbliJQkau_USNEHC3Mg,33.5237203,-112.0480242,174,[33.5237203,-112.0480242,33.5237203,-112.0480242],[26,127,11]
URpIxP5YHVx1gmNz0LkKrQ,33.4315119,-112.0561119,1,[33.4315119,-112.0561119,33.4315119,-112.0561119],[26,11]
toHvtbWxDLgswFgwr_4LCg,33.4950947,-111.9292934,2,[33.4950947,-111.9292934,33.4950947,-111.9292934],[168,48,11]
TpNcf5qcoLQf47No1RXclQ,33.51686755,-112.12066010000001,2,[33.4951559,-112.1783249,33.5385792,-112.0629953],[168,11,99]
Q6fPJBndi9clg4Eu9Qj4fw,33.4951366,-112.0012318,1,[33.4951366,-112.0012318,33.4951366,-112.0012318],[48,11]
Gcb-Yaxyjtj3cKv9vEGJ_w,33.498028,-111.927951,7,[33.498028,-111.927951,33.498028,-111.927951],[352,48,11]
UwD8Ho0PsEwxthdxrCrewQ,33.4967798,-111.9297035,4,[33.4915779,-111.933566,33.5019817,-111.925841],[38,48,39,11,99,40,98,7,292,17,62,119]
ri8t9Lgu1QHrec8Q_oepFQ,33.458899,-112.05234965,5,[33.422318,-112.1688163,33.49548,-111.935883],[140,24,11,123,65]
u_pd2jHaEfDD-jyiapPl5w,33.6657861,-112.0717647,11,[33.620562,-112.254086,33.7110102,-111.8894434],[49,57,327,330,11,126,96,72,297,71,99,38,128,39,119,109,265,177,7,108,201]
qYcGmrYI4htx3i4s7BVjgQ,33.5022853,-112.05733965,6,[33.495295,-112.084462,33.5092756,-112.0302173],[48,11,6,270,83,70]
v8Q0RTWPnp4FmPGT9bst8Q,33.70939841565195,-112.45911068731701,2,[33.6382038313039,-112.554778,33.780593,-112.363443374634],[251,212,11,72,269]
qstP_Lt7cnMLYUsHc1jkSw,33.54609535,-112.01296365,3,[33.5090487,-112.0986063,33.583142,-111.927321],[6,32,35,75,76,77,26,11,27]
D25Jj0_NRHRrXaCAC9ZLww,33.376011,-112.57161,1,[33.376011,-112.57161,33.376011,-112.57161],[27,11]
f2F596C_I1-OiCpEHom1ww,33.502191,-111.996292,4,[33.502191,-111.996292,33.502191,-111.996292],[109,38,11,39,63]
F1tWv_BzbjBmiGa20CDfcA,33.37548755,-111.9968355,10,[33.304703,-112.0893682,33.4462721,-111.9043028],[26,11,57,333,7,142,119,8]
8mdwU6abdhLs5z5j4FBMMQ,33.6076315,-112.18127315,24,[33.534203,-112.2618153,33.68106,-112.100731],[92,15,6,248,7,292,99,48,11,212,26,38,39,127,182,27,63,265,119,120]
s525gwTFivpuSl1mrGtg_A,33.5575469,-112.11414,99,[33.5575469,-112.11414,33.5575469,-112.11414],[28,17,29]
qiA9qOr0Dz7shwMrHShq_A,33.4787939,-111.9259092,1,[33.4787939,-111.9259092,33.4787939,-111.9259092],[309,119,285,11]
6OJc_YW0UPEZ42nbD2EBzg,33.3779891872164,-111.689758300781,1,[33.3779891872164,-111.689758300781,33.3779891872164,-111.689758300781],[224,11]
viizjKdHXHcMEG9jvmCRwQ,33.50357405,-111.97733170000001,4,[33.45107,-112.055957,33.5560781,-111.8987064],[8,26,7,138,139,11,39,38,127,43]
12IboY_kqCaaA1Lok5hsVg,33.4802114,-111.9433452,1,[33.4802114,-111.9433452,33.4802114,-111.9433452],[0,1]
PlBGJy0cigM2uCXyGzzlFw,33.5520136,-112.0999471,1,[33.5520136,-112.0999471,33.5520136,-112.0999471],[251,11]
He5eD6VFRcdi6yo4Hr9dIg,33.3709289592755,-111.90571626068001,5,[33.3478272,-111.9364223,33.394030718551,-111.87501022136],[224,182,11,7,142,63,27]
6ZRdju_zadPisjtqbeT-wQ,33.4645484,-112.2797864,38,[33.4645484,-112.2797864,33.4645484,-112.2797864],[99,11]
CiFzkZzsswAOmPPQnaUFqw,33.511391,-112.069119,1,[33.511391,-112.069119,33.511391,-112.069119],[25,6]
OJKvG2P3eoqaH1rUBq6RBA,33.8321973,-111.9453694,2,[33.8321973,-111.9453694,33.8321973,-111.9453694],[26,11]
Wl_MTloICexCFieS_VQNeQ,33.4409855,-112.0023451,4,[33.406669,-112.0791022,33.475302,-111.925588],[33,119,99,11,7,138,139,181]
sic1oXdir_3wyCdKlqzhRQ,33.301429590612045,-111.8332917487795,3,[33.299873,-111.842586,33.3029861812241,-111.823997497559],[337,32,33,119,11]
6OQSA5857gbZ5aDpsjKjkA,33.56010775,-112.0917243,11,[33.5237004,-112.1352051,33.5965151,-112.0482435],[99,11,26]
GLgEvg2Forpp5QuG62F3Dg,33.5779046,-112.09927725,67,[33.444799,-112.2739855,33.7110102,-111.924569],[322,57,99,11,33,117,24,27,10,49,146,52,210,327,72,184,123,65,368,399,112,6,7,142,120,63]
YxxC3gWQxHHLjl1LZhIYaA,33.333568299999996,-111.9662951,5,[33.317906,-111.980062,33.3492306,-111.9525282],[33,11,26,212,361]
gdoPetEmoNslU0Hf3TmuEA,33.420512200000005,-111.99375185,70,[33.3490394,-112.077494,33.491985,-111.9100097],[33,11,224,265,57,69,32,95,222]
QWVd27elxMKhtOSYrYejng,33.537167499999995,-111.9285886,5,[33.493181,-111.9299092,33.581154,-111.927268],[84,345,6,346,38,48,39,40,11,101]
DT5oYBWYBpC_i0HLd1pKcw,33.342019943414996,-111.90573365583799,2,[33.3060616,-111.936617211676,33.37797828683,-111.8748501],[181,11,7,313]
EHOrv3KbVb9yEoSsIBJ0DQ,33.8645537841385,-112.137740850449,1,[33.8645537841385,-112.137740850449,33.8645537841385,-112.137740850449],[224,11]
4EcNQRarmWP-VrElsxkMBg,33.4322113,-112.0429513,4,[33.4322113,-112.0429513,33.4322113,-112.0429513],[28,271]
TDfnCu-LiAHqaUDxaV0SkA,33.423546,-111.937394,1,[33.423546,-111.937394,33.423546,-111.937394],[48,11]
Voh60cDFzWueY6QOlHxAdw,33.319395,-111.874965,3,[33.319395,-111.874965,33.319395,-111.874965],[182,48,140,11]
_2oYcAukTIaexAnsjUo9tg,33.529230104876405,-112.04534735,39,[33.412892,-112.2618237,33.6455682097528,-111.828871],[27,11,33,120,7,139,416,177,48,72,184,8,15,6,191,74,24,185,65,133,112,254,108,57,470,145,39,142,119,45,148,204,117,28,158,17,29,333,225,99,36,69,10,38]
KX3zZbdwo5mrHAvihXiRiw,33.5019817,-111.9276185,132,[33.5019817,-111.9276185,33.5019817,-111.9276185],[99,48,11]
fM5nhkROmNLq1lEorrHd1w,33.5020036165904,-111.928035020828,14,[33.5020036165904,-111.928035020828,33.5020036165904,-111.928035020828],[168,99,11]
s7mzp-06ewKOva3O3it8_Q,33.5218,-112.020346,3,[33.5218,-112.020346,33.5218,-112.020346],[28,17,29]
9eGZVyKKa3FTTkea-9sxtw,33.351349,-111.789981,2,[33.351349,-111.789981,33.351349,-111.789981],[6,70]
HDu0xxgrcsU8acetpFXwzA,33.6415317,-111.9564627,31,[33.4526933,-112.0739142,33.8303701,-111.8390112],[28,17,29,48,11,88,38,39,298,126,97,30,13,6,119,224,109,210,84,339,99,7,142,169,108,267,182,172,63]
HrM2CBJiPKirlcEeT3aZsA,33.3805696,-111.7888113,1,[33.3805696,-111.7888113,33.3805696,-111.7888113],[38,99,128,39,296,11]
LQi_RgRvMi3Y1gaFgIaRuw,33.5312596,-112.19495620000001,49,[33.423246,-112.393776,33.6392732,-111.9961364],[7,142,26,11,108,224,48,120,10,24,285,185,43,169,57,69]
W4goLBdRos9ILUvY2w17dw,33.5964011,-112.1201741,1,[33.5964011,-112.1201741,33.5964011,-112.1201741],[43,11]
4fmfeZ61GDF_OgKdCDLAhQ,33.431144450000005,-111.99499130000001,4,[33.4074413,-112.0800705,33.4548476,-111.9099121],[26,11,39,38,126,97,63,27,24,224]
qAbgwS6XmukTJlTDKKj23A,33.5036518,-112.0139255,10,[33.498028,-112.0999,33.5092756,-111.927951],[251,11,48,352]
ZFi08tqiMIl4y4oTI1U6eg,33.5011625,-112.07365145,5,[33.4315119,-112.091191,33.5708131,-112.0561119],[98,7,26,11,38,101,33,39,128,27]
P8aBnyQfMg9Ce4WNcAQ_YQ,33.2851403,-111.6855127,1,[33.2851403,-111.6855127,33.2851403,-111.6855127],[88,38,39]
DTfJ0uhmDXICdyVX66WM3A,33.6404978,-112.0191178,1,[33.6404978,-112.0191178,33.6404978,-112.0191178],[49,146,39,341]
aXXZEPqHOHzvPHhhxA2BeQ,33.44708835,-112.06606,200,[33.444799,-112.066662,33.4493777,-112.065458],[27,11,88,38,39,89,57,327]
wRBHErXSeHcmDQgt9Ip1Bw,33.6207594,-111.92516495000001,2,[33.6032317,-112.134828,33.6382871,-111.7155019],[7,379,210,108,11,224]
rhKGbv9RTi84tPHaHhuYjQ,33.54886725167375,-111.99116595000001,3,[33.421166,-112.0718179,33.6765685033475,-111.910514],[48,11,33,99,71,72]
_D1zyYMjll4almoGZjBmkA,33.567262549999995,-112.14089765,5,[33.5386441,-112.183189,33.595881,-112.0986063],[6,70,26,11,33,117,24]
IRxMNNQxIz4r2G-I39afWg,33.580748549999996,-112.15699865,8,[33.5384181,-112.178903,33.623079,-112.1350943],[7,162,39,11]
bb310ZYqD9a_B2zkhyKy4Q,33.422728,-111.951494,2,[33.422728,-111.951494,33.422728,-111.951494],[88,38,39,89,11]
B89fnS7G4g1Lw05Uqk4WLg,33.6290819,-112.238107,13,[33.6290819,-112.238107,33.6290819,-112.238107],[38,128,39,11]
FshGTSNYNUHl95_V6ybU_A,33.49609585,-112.0293519,4,[33.4830604,-112.0303979,33.5091313,-112.0283059],[38,265,39,11,84,339]
EQYhCVLmAQLGwYUYPPSaaw,33.5524587,-112.09081615,36,[33.449233,-112.2618153,33.6556844,-111.919817],[27,11,39,38,99,128,218,26,224,265,126,97,182,48,140,212,168,229,251,7,194,172,169,210]
edTIpVLls8uYacN8FvUEAg,33.327184700000004,-111.8504131,8,[33.2617311,-111.9110915,33.3926383,-111.7897347],[99,11,7,108,54,238,63,109,38,39,208,6,35,65,105,369,142]
pf9V303HY63LC14Kd6s8GA,33.3784612,-111.9075896,1,[33.3784612,-111.9075896,33.3784612,-111.9075896],[54,55,256]
j0Nw9lLD8c_jLcY6uSmN_w,33.4272811,-111.9400902,26,[33.4272811,-111.9400902,33.4272811,-111.9400902],[119,48,11]
CHc_mvd8ecCmcGEWkMCXYQ,33.458124,-111.9297555,5,[33.421657,-111.944749,33.494591,-111.914762],[33,26,11,54,55,122,182,218,224]
1nNXAAQoI8IEazpJVhNlKg,33.5937346,-112.05882805,8,[33.5160662,-112.2359371,33.671403,-111.881719],[63,27,11,43,161,28,65,17,29,212,26,119]
XXcOOqNSRtqlMP2DDEWjQA,33.3983996,-111.982568,3,[33.377348,-112.04921,33.4194512,-111.915926],[38,7,47,88,39,48,11,27]
I6tkMLQEHv9KstNgmwoCmw,33.6380776,-112.3167615,7,[33.3022462,-112.735556,33.973909,-111.897967],[48,126,11,98,7,24,99]
EIBVJDJuRJueN7xtlPkH1w,33.50201,-111.9313599,10,[33.50201,-111.9313599,33.50201,-111.9313599],[265,11]
3u-hPPDiIuev6sKHH7XWYQ,33.5832252,-111.682686,3,[33.5832252,-111.682686,33.5832252,-111.682686],[49,178]
hYTn0fjrCHfXQOzpj4Ygaw,33.423546,-111.937394,4,[33.423546,-111.937394,33.423546,-111.937394],[48,11]
o7p6X-pKZTfrcv2GiIpUww,33.5153489,-111.9262635,2,[33.5153489,-111.9262635,33.5153489,-111.9262635],[466,106,54,242]
LCAM_PScT7K1U26w3YMCEw,33.488449,-112.076694,20,[33.488449,-112.076694,33.488449,-112.076694],[28,17,29]
b5xaOubwyrdcE23NOOQuQw,33.5324161,-112.2634935,106,[33.5324161,-112.2634935,33.5324161,-112.2634935],[28,17,29]
MnhtsPjhuPMIDVDLch-Psw,33.4787712,-112.00016025,8,[33.4473356,-112.0737845,33.5102068,-111.926536],[48,11,38,99,128,39,296,26,475]
_XtSFErEgPFtE0iQj5z6wA,33.5017594,-112.1050848,2,[33.494229,-112.173696,33.5092898,-112.0364736],[41,11,169]
m4W73YS9KbVNJfrgIN8F1w,33.218296,-111.822055,1,[33.218296,-111.822055,33.218296,-111.822055],[371,54,242,238]
SRoOaUcLSHRfQs02fdmqiA,33.625922,-112.11468,1,[33.625922,-112.11468,33.625922,-112.11468],[28,17,29]
V5g8AxpSU2xc7HI21og9JQ,33.573816,-111.537675,1,[33.573816,-111.537675,33.573816,-111.537675],[49,305]
7o6A9rgM1cbEsPB5mZZEsQ,33.4296694,-111.8711899,3,[33.4296694,-111.8711899,33.4296694,-111.8711899],[49,80,82,59]
SP9lIen3l2_3QG9LxB8l7w,33.5391098,-111.98503360000001,2,[33.4949836,-111.9897452,33.583236,-111.980322],[294,106,54,104,65,133]
LWXaZxOvcVA5l-n6HxEKBw,33.451031099999994,-112.06698035,3,[33.449233,-112.0685027,33.4528292,-112.065458],[117,214,11,27]
VYdUQ3PAw_x2hHqaKzmGYw,33.498915,-111.928258,40,[33.498915,-111.928258,33.498915,-111.928258],[11,63]
d0ByxWdRaK-3yoArn1jKVA,33.5222185,-111.9595033,5,[33.5222185,-111.9595033,33.5222185,-111.9595033],[48,11]
a1BubBSy5yyAkPUzJR47dw,33.475384,-111.998426,8,[33.451853,-112.068594,33.498915,-111.928258],[46,13,6,30,26,11]
ab5LMDx_uraOLlIiwfKI2Q,33.50370665,-111.96061045,200,[33.4950947,-111.995355,33.5123186,-111.9258659],[161,28,65,17,29,168,48,11,119,99]
YUtYCvkTE8hvDnxrHZy4Wg,33.67262735,-112.29605575,102,[33.3637662,-112.738792,33.9814885,-111.8533195],[38,273,39,128,7,189,10,24,11,88,298,99,47,48,28,17,29,185,33]
3xUizceIM1RO8DATROXpBQ,33.4702022,-112.0653186,2,[33.4702022,-112.0653186,33.4702022,-112.0653186],[24,11]
4hiUAqYcuiSTBQf2JK1ZuQ,33.3197716,-111.9445618,1,[33.3197716,-111.9445618,33.3197716,-111.9445618],[13,6,272,4,5,49,160]
YQfiRNeBvZ3mw4aWCmULlQ,33.4556584,-112.0719926,2,[33.4556584,-112.0719926,33.4556584,-112.0719926],[38,181,39,40,11]
NHAIwjKa8RfSzlwATIsAHA,33.70279345,-112.1247907,4,[33.5612589,-112.133957,33.844328,-112.1156244],[26,11,48,185]
bzE1d8iiwkswuyjqC7r11Q,33.492962,-111.927751,3,[33.492962,-111.927751,33.492962,-111.927751],[224,11]
fq9T-L4dVvbcvCmFrRhBMg,33.7019056,-111.9252984,3,[33.7019056,-111.9252984,33.7019056,-111.9252984],[43,11]
JRs07jCgcTykzYGUns52cg,33.2999216779845,-111.841694712639,1,[33.2999216779845,-111.841694712639,33.2999216779845,-111.841694712639],[24,11]
9guDqgAz5IRYYXa0ByTVEQ,33.60396335,-112.08759675,16,[33.4948197,-112.25351,33.713107,-111.9216835],[182,48,140,11,63,27,26,119]
GBWqzy3-9aUO9W8fgNcNmg,33.546608,-112.047023,1,[33.546608,-112.047023,33.546608,-112.047023],[11,63]
jkCtakUn7OPWkcBFDNZzRA,33.3075024,-111.6700435,1,[33.3075024,-111.6700435,33.3075024,-111.6700435],[11]
8WxsCINci2n6TPLXLLixbw,33.4457178,-111.9230032,1,[33.4457178,-111.9230032,33.4457178,-111.9230032],[159,1,199,32]
mE2ll6yfwUvy-W7To3E0AQ,33.483328549999996,-111.9536497,52,[33.3488775,-112.117737,33.6177796,-111.7895624],[7,108,71,72,265,11,352,48,38,99,39,40,10,9,119,43,27,475,128,96,251,98,62,17,24,26]
zASARWgR6xyOt2cfRtM43w,33.5123098048764,-111.98009965,176,[33.3790514,-112.0986063,33.6455682097528,-111.861593],[27,11,63,97,28,170,26,265,99,185,33,24,127,158,17,29,7,189,10,108]
9g5q367FxbZCEMoa1TkXQw,33.305905342949046,-111.796670165718,4,[33.3052816858981,-111.872801,33.306529,-111.720539331436],[26,11,88,38,99,39]
5a1o7Qg2Q0hj6koH5cljHQ,33.538096,-112.260068,1,[33.538096,-112.260068,33.538096,-112.260068],[99,11]
ZtoL6JIlT5uPuWDYvcniEQ,33.62547715625795,-111.936592299202,5,[33.62365,-111.978418,33.6273043125159,-111.894766598404],[57,69,48,11,65,133]
XH840BSER6gydsjglAC08w,33.556862,-111.888101,1,[33.556862,-111.888101,33.556862,-111.888101],[137,7,139]
EgusfsNgndly9gGZKXrmsw,33.31402285405795,-111.75419076758,65,[33.2125748081159,-111.833114,33.4154709,-111.67526753516],[26,11,10,24,227,32]
dM1XeMZ3KwzjhbbaWUhjhQ,33.529993000000005,-112.2023772,5,[33.5085428,-112.2705607,33.5514432,-112.1341937],[84,35,6,264,86,33,11]
13ItYBPqa7ZsJ_5Zj11bSg,33.4101318,-111.79712409999999,7,[33.4064076,-111.822594,33.413856,-111.7716542],[33,11,84,359]
nGiFOo8LoXpD10k22kxUVw,33.4066742,-111.99315179999999,5,[33.304138,-112.0462319,33.5092104,-111.9400717],[38,26,39,11,41,43,65,133]
uWdf1u0DYu2mqu7gYpputQ,33.43755195,-111.92695665,10,[33.377523,-112.0649453,33.4975809,-111.788968],[54,55,266,122,7,33,142,24,11,26]
1k1KHOMR6y7bCCGtdbRfxg,33.5486605286892,-112.0943969684965,76,[33.4566960573784,-112.1164668,33.640625,-112.072327136993],[33,99,11,212,26,7,139,119,168,169]
BPa-f2cVu9Jt_35K3TKgww,33.59008505,-111.98227405,134,[33.5839581,-111.985681,33.596212,-111.9788671],[182,218,307,11,28,17,29]
rUzAKhegdXz1eq56c--mxg,33.25943745,-111.95716949999999,10,[33.0690759,-112.074714,33.449799,-111.839625],[109,38,265,39,11,27,63,28,442,241,26,33,44]
1r0u_D78v8Ao8J7Mb0AeSw,33.476036300000004,-111.9814086,7,[33.3056593,-112.2365732,33.6464133,-111.726244],[265,126,11,168,97,7,24,108,119,292,98,47,48,27]
zt2qpJmlij18ZgZp7Ldcgg,33.4576266,-112.0474748,7,[33.4576266,-112.0474748,33.4576266,-112.0474748],[168,26,11]
w9B641TqAMwEjl_jGQpS1Q,33.57177325,-111.92314005,24,[33.497568,-111.929223,33.6459785,-111.9170571],[33,265,11,109,38,48,39]
ZKs7NR45Fi27wcIoAilEMQ,33.56201711637155,-112.04464229999999,81,[33.4234408327431,-112.2245556,33.7005934,-111.864729],[265,11,44,24,109,38,39,63,219,218,26,119,99,267,182,172,101,128,205,40,7,139,36,41,323,138,8,27,48,54,55,122,251,64,161,65,33,224,126,97,206,133,88,89,449,127,13,6,216,274,22,140,142,210,98,204,57,69]
Auw_2hsAzIyOPUWCFiIfEg,33.6236534118652,-112.424331665039,2,[33.6236534118652,-112.424331665039,33.6236534118652,-112.424331665039],[26,11]
SKnLviMCxglBvDwfxZPQqQ,33.6274268,-112.37869495000001,8,[33.6239817,-112.4159659,33.6308719,-112.341424],[175,129,79,43,11]
L7dtJr1hke0iUBBBgErSPg,33.5095354,-112.0275918,12,[33.5095354,-112.0275918,33.5095354,-112.0275918],[33,11]
Br7cfujRZcRx7FXAF4B8vw,33.321061644794,-111.723918914795,4,[33.321061644794,-111.723918914795,33.321061644794,-111.723918914795],[99,11]
7OWqAGqIWDsu_QGRmUoyCg,33.5160092,-111.98588889999999,20,[33.5097999,-112.0122745,33.5222185,-111.9595033],[48,11]
4eONcOSuswZvlvWu8ftJHw,33.411882199999994,-111.956235,6,[33.390792,-112.012504,33.4329724,-111.899966],[27,11,38,7,47,88,39,48,98,24,63,99,246,119,139,17,423]
YuuzQtcqBpuOzi8ZJqfzTg,33.502270322396996,-111.7535309,66,[33.321061644794,-112.1172095,33.683479,-111.3898523],[168,181,229,11,12,114,13,6,7,109,38,39,36,311,88,40,99,26,48,137,8,139,47,33,119,212,322,57,145,63,27,98,210,142,108,292,140,18,209,17,102,103,127]
79XESLXqHug_X8MMUETnWg,33.4549678,-112.0791022,2,[33.4549678,-112.0791022,33.4549678,-112.0791022],[33,119,99,11]
dwEUO6srrW_CPeIuUngZAA,33.547423800000004,-111.9735381,4,[33.538927,-112.048079,33.5559206,-111.8989972],[382,11,26]
l_YZ22iMrO7r4FVW5EpL_g,33.7478385,-112.11973,11,[33.626933,-112.138729,33.868744,-112.100731],[7,108,482,212,26,11]
LBW8xmpdMkxZ3ijUpnRnyA,33.60131355,-111.90906925,2,[33.5025941,-111.9296765,33.700033,-111.888462],[7,292,99,48,11,27]
UgA0kY3AJY-Xof6VAUX1IQ,33.4789501456404,-112.0414988371885,10,[33.3852846,-112.118439674377,33.5726156912808,-111.964558],[46,6,48,185,11,57,146,91,51,49,312]
wCGXi_KKrs0vb-_smxzI-A,33.46460895,-112.0618015,2,[33.3056789,-112.220737,33.623539,-111.902866],[224,11,132,105,65]
SxkAt_VLZthZ0Kmpi6-_OA,33.449233,-112.065458,1,[33.449233,-112.065458,33.449233,-112.065458],[27,11]
R07caVvyN9Hwg9VSZZ6D7Q,33.5024095,-111.9955012,1,[33.5024095,-111.9955012,33.5024095,-111.9955012],[98,7]
mUa_Fpc5pZpFRKkqeuqCSg,33.3920792,-111.92507925,12,[33.334619,-112.0656645,33.4495394,-111.784494],[38,26,39,11,474,340,201,7,449,97]
8cQ-bEQqYNscnYi_oO6Xng,33.45808825,-111.9878395,4,[33.413158,-112.0999,33.5030185,-111.875779],[251,11]
jMPYBYgL81_4Qam3qxU84g,33.5397391,-111.8897457,3,[33.5397391,-111.8897457,33.5397391,-111.8897457],[202,72]
zatg-BonH9jdIObPywNcBg,33.8333113,-111.9387279,1,[33.8333113,-111.9387279,33.8333113,-111.9387279],[410,307,172,11]
TRV6xvvAnF7vLiHbfqLXiQ,33.466590249999996,-112.01449769999999,10,[33.4240085,-112.088808,33.509172,-111.9401874],[33,11,224]
8G745T6HWQG50Qg-1H5lkw,33.579052,-111.882663,2,[33.579052,-111.882663,33.579052,-111.882663],[106,54,226]
PNS9z4aFDbfhpIsHCfNvNg,33.5240753,-112.029237516084,120,[33.4075613,-112.168382,33.6405893,-111.890093032168],[38,119,109,39,11,24,43,7,36,8,48,177,140,162,182,57,145,99,69,224,210,40,206,6,70,27,65,133,26,17,18,212,126,293,63,307,108,35,76,265,33,128,88,97,47,352,10,229,172,117,214,78,79,168,181,285,111,112,113,84,147]
QZAjKtwq1T12v7AyRAr9qA,33.58511,-112.26517665,50,[33.534203,-112.268538,33.636017,-112.2618153],[84,171,182,99,11]
C4WBmmZveZTnhQ9avuEtug,33.36339145,-111.937886391968,5,[33.304861,-111.963713,33.4219219,-111.912059783936],[352,11,224,1,263,234]
d23Sxxh0xxiGdhTkPcGhUw,33.423546,-111.937394,6,[33.423546,-111.937394,33.423546,-111.937394],[48,11]
TePWBaioK1V49Ht-xRexHg,33.609457,-112.392704,2,[33.609457,-112.392704,33.609457,-112.392704],[72,154]
0kAmqblOxHzDZSIqfZmboQ,33.468976999999995,-111.99990414999999,190,[33.4354553,-112.0739136,33.5024987,-111.9258947],[309,285,11,7,292,27]
-TcmJDW8-Mw0Ak2IEpKEcA,33.332396,-111.911885,1,[33.332396,-111.911885,33.332396,-111.911885],[64,65]
SBlo_CuYeVuVuPAUdruXvQ,33.37346426510485,-111.9045054,49,[33.2976955302097,-112.065458,33.449233,-111.7435528],[27,11,7,98,10,9,13,6,21,22]
Q8lpohDwY0mBtwfp9qZWVQ,33.3749738,-111.87622105,98,[33.2711537,-111.9626175,33.4787939,-111.7898246],[54,55,122,256,202,72,281,126,212,11,4,5,6,309,119,285]
Avy1shTStyZ15Rd9-SNKyQ,33.394393,-111.977873,1,[33.394393,-111.977873,33.394393,-111.977873],[71,72]
ACcwchzwCnAkgjE1H96mGA,33.222722,-111.833235,166,[33.222722,-111.833235,33.222722,-111.833235],[49,178]
Y7VCVGLSyp11KTbZwc30Nw,33.6114574746648,-111.935431197461,7,[33.5437037,-111.965789794922,33.6792112493296,-111.9050726],[27,11,43]
iaaQiLLX08ECl9TfVaH5pg,33.439648,-112.026154,1,[33.439648,-112.026154,33.439648,-112.026154],[99,48,11]
573s6QQQ2o-Mw0bulOdXJg,33.4729918,-111.9869472,1,[33.4729918,-111.9869472,33.4729918,-111.9869472],[48,214,11]
3H9SedQDPResB446PV8vfQ,33.5005719,-112.0741143,1,[33.5005719,-112.0741143,33.5005719,-112.0741143],[7,108]
skblkoyTk1Z330pyDCD-Yw,33.4793136,-112.07743285000001,2,[33.4587811,-112.0825915,33.4998461,-112.0722742],[38,143,39,205,26,172,11]
7wyUOnrII28l5_Bo5xPn9A,33.4754541,-112.03603705,10,[33.4549678,-112.0836568,33.4959404,-111.9884173],[33,119,99,11,182,48,140,84,147,224,193,65,7,194,59,49,195,322,57]
IEpEd-ADLOnQ6g_hvkH-iA,33.47661672057155,-112.34629755635049,4,[33.4611804411431,-112.359774112701,33.492053,-112.332821],[224,11,98,7]
d9OFf9zUo2YcAk6OB4Zn1w,33.380583,-111.7538379,2,[33.380583,-111.7538379,33.380583,-111.7538379],[119,48,11]
vQRt4H8Cii-o8d0q4-AH9g,33.63606,-111.924248,1,[33.63606,-111.924248,33.63606,-111.924248],[11,63]
1Ta-07nHB1c6ZbuwdFpftw,33.626933,-112.100731,11,[33.626933,-112.100731,33.626933,-112.100731],[212,26,11]
KCIm4pO8HIj_cOietJ_Axw,33.622009,-111.90459,1,[33.622009,-111.90459,33.622009,-111.90459],[251,11]
eOVVhdtQWYc89piqGL9Jiw,33.4506624,-111.8294455,1,[33.4506624,-111.8294455,33.4506624,-111.8294455],[71,72]
JPoZ9bgMa2b2lcesv99aGQ,33.409735,-111.857263,14,[33.409735,-111.857263,33.409735,-111.857263],[38,26,39,11]
gsDiVNHeghWUIx3kzK9EnQ,33.5381018,-111.9085143,6,[33.5381018,-111.9085143,33.5381018,-111.9085143],[126,97,11]
XREwm62YjlubaZjO0o240w,33.2594302,-111.90588055,101,[32.8786089,-112.0959734,33.6402515,-111.7157877],[48,11,119,24,7,142,210,253,32,26,28,17,29,41,43,6,35,76,126,97,307,60,39,38,128]
U7VRQ1RBkrSkVebxXnv5Mg,33.616418,-111.92631,43,[33.616418,-111.92631,33.616418,-111.92631],[265,126,97,11]
yy3jXczrKljJGzjo24HWfw,33.608450000000005,-112.07100525,200,[33.348908,-112.276321,33.867992,-111.8656895],[39,38,99,128,11,120,33,83,6,251,161,195,65,7,108,26,88,298,309,10,24,338,382,206,48,47,142,145,57,293,36,40,17,18,63,101,439,168,144,285,119,210,182,140,96,72,123,27,247,404,185,109,292,212,89,169,311,194,172,265]
j_SZ4pZ0TlyGEIKN7WEGLA,33.4548476,-112.0800705,78,[33.4548476,-112.0800705,33.4548476,-112.0800705],[63,27,24,11]
ZnpicBq5u3eOpR4yJMNk_w,33.5793892,-112.1195513,200,[33.5793892,-112.1195513,33.5793892,-112.1195513],[28,17,29]
WHuDsySsW-CrVXlI6RXjGg,33.43475,-112.00644,14,[33.43475,-112.00644,33.43475,-112.00644],[33,11]
fBRjSvyb2Ok5717GT5COdA,33.394033,-111.7191608,1,[33.394033,-111.7191608,33.394033,-111.7191608],[177,140,11]
YcuQ_lwpyR_2YxW4I3pLOA,33.501161,-111.925513,5,[33.501161,-111.925513,33.501161,-111.925513],[206,11]
knGzOe3nhdOt9B787_59SA,33.6097989,-111.9271921,3,[33.6097989,-111.9271921,33.6097989,-111.9271921],[11,63]
nzesG552OcQVDYvtdVa09w,33.4900575,-111.9262552,12,[33.4900575,-111.9262552,33.4900575,-111.9262552],[311,88,38,39,11]
g2kQMEQsZ7xc4QQpNk03Zg,33.611202,-112.240062,3,[33.611202,-112.240062,33.611202,-112.240062],[177,140,11]
Up6AOvdqO2e4UfQZ-qji7w,33.5688061,-112.03952515,7,[33.497437,-112.083886,33.6401752,-111.9951643],[33,99,26,11,7,108,88,101,38,39]
uQYOGKahTkpR9wEVjaAOCw,33.7110102,-112.1142778,3,[33.7110102,-112.1142778,33.7110102,-112.1142778],[33,11]
1ue_1kIMthg8xh22pd9kBQ,33.4460252,-112.2186572,2,[33.423246,-112.240641,33.4688044,-112.1966734],[7,232,43,11]
NNOL242ksO3BsAVAfMlV7g,33.259286,-112.02471274999999,76,[32.878326,-112.3411065,33.640246,-111.708319],[26,11,7,36,8,28,17,29,48,120,99,265]
GuI2nlUBh_sw74LOI6j1ag,33.489906,-112.048002,5,[33.489906,-112.048002,33.489906,-112.048002],[13,6,77,61,35,84,389]
ek4GWXatDshMorJwGC2JAw,33.4994209,-112.0030898,12,[33.4148837,-112.0915007,33.5839581,-111.9146789],[7,108,186,6,57,119,11,101,88,38,39,40,137,8,139,192]
gDdlPQfrnLT1NNJqXPVLQQ,33.318767,-111.943635,1,[33.318767,-111.943635,33.318767,-111.943635],[84,147]
mVBK-pV0mCwugPwc5JLPLg,33.83127025,-111.9450359,3,[33.8303701,-111.9583011,33.8321704,-111.9317707],[48,11]
HyZU_j4tnkQOlc8eeAY5vQ,33.3740437,-111.9194609,1,[33.3740437,-111.9194609,33.3740437,-111.9194609],[57,56]
FKz1fGZOd0gWNMh4DQwoRg,33.51093,-112.0649892,3,[33.51093,-112.0649892,33.51093,-112.0649892],[71,72]
gNIFLgSlwdMyp2xiMn-IaQ,33.699386000000004,-112.1063425,9,[33.6836757,-112.1142778,33.7150963,-112.0984072],[27,11,202,72,7,33,142,265,99,185]
KbydXIKSeiFqZKctKVqLnQ,33.3488957,-111.9766015,28,[33.3488957,-111.9766015,33.3488957,-111.9766015],[168,126,97,11]
WQ-TMaBswHlMjiXg0RdNRQ,33.494446,-111.900732,6,[33.494446,-111.900732,33.494446,-111.900732],[28,190]
mCvFH_m_7RnBr1Yj7yFwDQ,33.69110635,-111.9280168,23,[33.683479,-111.966112,33.6987337,-111.8899216],[212,229,11,265]
fMyZCxgigRDP8F9EDDR-8Q,33.337278,-111.876903,1,[33.337278,-111.876903,33.337278,-111.876903],[99,11]
KIpSHo-Ms2IwzAbX3f-F2w,33.62624135,-111.9439572,4,[33.6123075,-112.0124654,33.6401752,-111.875449],[33,99,26,11,43]
QiWWkgLHFRSCqMbH0qVeAg,33.39193535,-111.93593845000001,8,[33.334493,-112.0656259,33.4493777,-111.806251],[88,38,39,24,11,96,72,89]
vuSpeBRJPRskrm7f4FVfRQ,33.38607715,-111.8851041,2,[33.3787123,-111.892903,33.393442,-111.8773052],[27,11,49,4,5,6,367]
pzlW6_R3eloYVQKnDAP1Ow,33.5092118,-112.0431756,1,[33.5092118,-112.0431756,33.5092118,-112.0431756],[84,419]
dfXecI-wUPJFN0kjnaFuHg,33.22159835,-111.68998640000001,8,[33.137175,-111.8404958,33.3060217,-111.539477],[26,11,27,10,24]
wvcirVJVFhEnEYi8dRu5Ww,33.5092756,-112.0718179,6,[33.5092756,-112.0718179,33.5092756,-112.0718179],[48,11]
mIZvmNdOY40i_ImsCXdTZg,33.5706,-111.9021,21,[33.5706,-111.9021,33.5706,-111.9021],[38,48,99,39,11]
3mWjUrWtxMptJs9FUspKEw,33.647943999999995,-111.9505913,8,[33.617273,-111.9746066,33.678615,-111.926576],[7,142,26,11]
osGRqRqFIxKJKemE3CSMQg,33.4860023,-111.9264164,1,[33.4860023,-111.9264164,33.4860023,-111.9264164],[33,119,11]
nsmk36ifAdwmkIqdQT_tSw,33.4787943,-112.0478085,61,[33.4787943,-112.0478085,33.4787943,-112.0478085],[26,11]
s7oeCc6Uk6zrGxOQLeLdfA,33.48741735,-111.99184174999999,6,[33.472853,-112.056065,33.5019817,-111.9276185],[48,11,38,99,39,40,49,193,59,28,17,29,24]
9_JJfVGDaDWnoMrKC7GI1A,33.50799365,-111.9863911,13,[33.4920033,-112.04698,33.523984,-111.9258022],[126,97,11,265]
RXplLfFZ2MHntteEyoTzGg,33.5815900932834,-111.92253112793,1,[33.5815900932834,-111.92253112793,33.5815900932834,-111.92253112793],[7,48,47,11]
tH9ntyUU-7p0JASZwlrDZA,33.398814099999996,-111.61902925,108,[33.3776282,-111.6880585,33.42,-111.55],[99,11,49,52]
wRD-UOmN5K0dlX5aMjm5gQ,33.451591449999995,-112.05808295,200,[33.2644333,-112.4193607,33.6387496,-111.6968052],[127,11,24,57,327,27,33,119,46,6,7,139,423,49,158,178,28,48,98,44,80,82,59,39,313,265,224,99,4,13,160,142,260,312,504,91,246,17,26,38,190,367,9,10,108,43,36,8,149,445,66,52]
-W5cmxmNtDeLiJ4c_Zxojg,33.65251235,-111.974596523994,9,[33.6264097,-112.019165147988,33.678615,-111.9300279],[27,41,11,7,99,47,33,24,71,72,97]
w3bwvl6SpwajbwoL0mLW8w,33.511132,-112.02476,1,[33.511132,-112.02476,33.511132,-112.02476],[28,17,29]
qYEHh9mFBWKHIRkZ7jVm_g,33.4542695,-111.9094198,1,[33.4542695,-111.9094198,33.4542695,-111.9094198],[168,11]
-vp9iLyaYoSa-sefM7IqvQ,33.414755,-111.9661865,2,[33.37844,-112.055957,33.45107,-111.876416],[8,26,7,138,139,11,251]
2z6iqGDKZ547BHnGwpDBFg,33.49326685,-111.8699391,14,[33.3086797,-111.996292,33.677854,-111.7435862],[119,99,11,27,7,8,109,38,39,63,13,6,21,22]
ZzXsskFHBYlHigIC0mX9lg,33.46628145,-111.92690335,14,[33.3044612,-111.9945753,33.6281017,-111.8592314],[48,11,89,219,218,41,7,187,36,139,108,224,126,88,38,39,298]
-RR7w6uPiWKRehtwhl8ddw,33.4360201,-112.0270114,10,[33.4360201,-112.0270114,33.4360201,-112.0270114],[28,240,241]
MlUFCvT0t-A0M93FUcRqpQ,33.43300825,-112.00208574999999,4,[33.3649615,-112.074334,33.501055,-111.9298375],[25,6,257,7,8]
b_KXpkAH382UgWwZxFhVhg,33.4986286,-111.9224398,13,[33.4986286,-111.9224398,33.4986286,-111.9224398],[136,17]
AOTx9Rr0VQrIo3P8pxjNNg,33.557985,-111.92486495,48,[33.4922985,-111.9251782,33.6236715,-111.9245517],[210,11,38,48,39,40]
cXbUDTpd9ZFpfqhvZDXM1A,33.2853079,-111.841322,9,[33.2853079,-111.841322,33.2853079,-111.841322],[7,108]
AnWfSlk2ZI4eVrK8Fvdvvg,33.58210465,-112.13776135,38,[33.5533296,-112.1772292,33.6108797,-112.0982935],[49,178,98,7,239,11]
P_dZTfjnIEoOCg5GU6V5rg,33.4939313,-111.9256266,1,[33.4939313,-111.9256266,33.4939313,-111.9256266],[185,11]
QbdcxapSi6AVu4gdJs2qhA,33.6464133,-112.2365732,1,[33.6464133,-112.2365732,33.6464133,-112.2365732],[265,126,11]
NvM4VBmOFwMEXmWZrhTatA,33.5381018,-111.9085143,2,[33.5381018,-111.9085143,33.5381018,-111.9085143],[126,97,11]
vaPaN-3hMo2v5dx8O0-MNg,33.59655765,-111.8518318,3,[33.583264,-111.978471,33.6098513,-111.7251926],[7,142,126,97,11]
YZyMeC9zuNh0ggtvUPQVcw,33.479887,-111.992309,6,[33.479887,-111.992309,33.479887,-111.992309],[224,11]
Wv7xwgjpQPLDh-PwS4Gn-Q,33.5102068,-112.0272041,153,[33.5102068,-112.0272041,33.5102068,-112.0272041],[265,11]
RDb23x_l3e8ClvYo9qdTBQ,33.36276,-111.93534,3,[33.36276,-111.93534,33.36276,-111.93534],[32,95,222]
8hLEHJHI7RJxqVqhASzDgA,33.405599949999996,-111.9170235,3,[33.3782275,-111.9297442,33.4329724,-111.9043028],[33,265,185,11]
kGkvgGnGMV7CpN6BtRaOlQ,33.491645,-112.073196,26,[33.491645,-112.073196,33.491645,-112.073196],[38,140,39,40,48,11]
gps_gqmOG_HWGGFAGAuU8Q,33.3662836,-111.78924939999999,7,[33.3550442,-111.7895308,33.377523,-111.788968],[185,11,26]
gJl64qD4_DfxXtJv6UeQlg,33.3060217,-111.8404958,2,[33.3060217,-111.8404958,33.3060217,-111.8404958],[26,11]
V6upwhRSWPKpcl3O8unD4Q,33.355843500000006,-111.8927026,10,[33.334619,-111.945167,33.377068,-111.8402382],[340,201,11,84,389,181]
dFuDta3IsB3T5akQX723QQ,33.5819949,-112.2370076,1,[33.5819949,-112.2370076,33.5819949,-112.2370076],[43,11]
XvRFOE5-d32wLTrleI9Utg,33.1702778,-111.5722222,5,[33.1702778,-111.5722222,33.1702778,-111.5722222],[10,11]
j_9LVE3fqDx1lwYqkAIBEg,33.420695699999996,-111.97445515000001,17,[33.3313401,-112.0741143,33.5100513,-111.874796],[7,108,8,33,38,39,11,88,298,63,27]
xnM_4E1QS_5A8iH8Ij6trg,33.4019562,-111.8712559,7,[33.3088284,-111.999963,33.495084,-111.7425488],[7,48,47,11,33,117,27,63]
Tc9rzrDGL2JK8ltbPNvwKQ,33.4529645286892,-112.0688925684965,24,[33.449233,-112.072327136993,33.4566960573784,-112.065458],[119,11,27]
qagWYY_4uB5-f5I6dLqeEg,33.36934415,-111.8019074,13,[33.303233,-112.0739136,33.4354553,-111.5299012],[185,11,72,297,7,33,48,47,44,38,26,39,309,285]
iwv2iafHe23KSlwBEKIwFQ,33.37865695,-111.93140679999999,20,[33.2333299,-112.0739136,33.523984,-111.7889],[309,285,11,218,41,43,259,260,33,126,97,26,7,189,10,24,39,119,38,185,98,62,17,265]
siAQf3MZwhhqoZ0LjD75oA,33.46822525,-111.99547634999999,7,[33.4342595,-112.0656645,33.502191,-111.9252882],[26,11,219,218,41,7,449,97,63,168,48,109,38,39,210]
IuHDCxa9NJa73Iuf9t14cw,33.375809200000006,-111.96102139999999,3,[33.3310474,-111.9795988,33.420571,-111.942444],[7,9,11,108,24,38,168,298,88,39]
GAW_mbLDbIoZQ0V0ZhWK8Q,33.48850845,-111.9207734,59,[33.337009,-112.0872865,33.6400079,-111.7542603],[24,11,6,32,112,252,253,254,33,49,80,59,26,28,17,29,71,72,96,7,138,8,139,77,35,75,76,185,57,27,39,145,181,229,127,48,98,108,368,1,426,384,383,427,89,161,65,38]
l10D-c0hAKNfMRwRtbMxAg,33.5061279,-112.359271,22,[33.5061279,-112.359271,33.5061279,-112.359271],[163,13,6,4,248,12,160]
RFWYbYr0YCc9S80hivuODw,33.306896,-111.752395,10,[33.306896,-111.752395,33.306896,-111.752395],[126,48,11]
4Exb8OLLx0xCvaeHvEyo1Q,33.5396091,-111.9735915,7,[33.4953972,-112.012987,33.583821,-111.934196],[53,54,55,266,106,107,7,162,119,11]
qbeJv_8O7_9LgniiqeOYSQ,33.5533766,-111.8916321,5,[33.5533766,-111.8916321,33.5533766,-111.8916321],[57,327]
EPV_77-xLWBZfLIS16v8CQ,33.5219375,-112.04749,1,[33.5219375,-112.04749,33.5219375,-112.04749],[7,108]
NTTiCSfh44J4NqzrIRwrDA,33.5090619,-112.035918,1,[33.5090619,-112.035918,33.5090619,-112.035918],[49,80,82,59]
8CNEh7fSbLwDuAKhLjDPKQ,33.3986508,-111.8219723,150,[33.2706978,-112.0971145,33.5266038,-111.5468301],[215,32,99,11,26,42,43,7,108,24,6,284,35,38,48,39,117,49,10,109,119,139,225,27,37,4,425,219,218,41,128,229,89,57,327,296,168,212,146,5,367,97,292,33,44,52,74,17,62,153,127,88,204,65,177,140,434,103,31,185,312,91,47,126,188,23,98,142,72,184,9]
dFayEgcd7FUN-DFdHRYE0Q,33.50269905,-111.99474235,6,[33.4787943,-112.0648577,33.5266038,-111.924627],[27,11,440,260,182,48,140,210,26]
EAaNiX1hhrBgyXJt0Mlc0w,33.4942785,-112.0814835,2,[33.49112,-112.083886,33.497437,-112.079081],[7,108,26,11]
x7QYSYyc_x63-61Z9SB8jA,33.560486299999994,-112.0695096,27,[33.4808731,-112.1201999,33.6400995,-112.0188193],[7,292,142,27,11,44,24,71,72,63,99,88,38,47,39,65,133,128]
kVAlMWONwQ1X4ybCqD7__w,33.4144127671265,-111.917757973515,3,[33.407162534253,-111.9258672,33.421663,-111.90964874703],[7,108,186,6,57,26,11,117]
3WFt62VI5bm7691F7zLhvA,33.308522,-111.771893,1,[33.308522,-111.771893,33.308522,-111.771893],[49,80,59]
vewaAGn2n53naTA1a2WP_A,33.4979224,-112.03441245,5,[33.486068,-112.073085,33.5097768,-111.9957399],[49,6,65,193,59,38,48,39,11]
JJJUazGaQ5R8PHoBAWfqww,33.394393,-111.977873,1,[33.394393,-111.977873,33.394393,-111.977873],[26,11]
kcDA7EgyqisPdON74PX08g,33.57943215,-112.089724623886,15,[33.445899,-112.151282,33.7129653,-112.028167247772],[7,36,292,57,228,162,69,38,40,39,142,139,194,423,126,11,49,52,214,239,8,6,200]
oI9OJ26tBNu4yzfWklMk3A,33.4788075,-111.9180695,4,[33.478347,-111.925796,33.479268,-111.910343],[64,104,65,133,73,72]
ysg-bL8JKUcnJ1ks5RB2pQ,33.44178,-111.93607035,50,[33.2475,-112.1164668,33.63606,-111.7556739],[48,11,168,99,27,24,6,21,49,178,80,82,59,144,7,380,139,185,71,72,10,44,169,98,63,137,8]
0CIP-nma5yM9HY1OOBS2yA,33.4639736,-111.94816184999999,34,[33.305595,-112.031243,33.6223522,-111.8650807],[202,72,333,7,9,119,11,54,55,122,256,142,49,58,57,56,59,194,108,98,313,27,146,39,48,38,352,168,99,139,225,64,65]
AisCcLIpIDY_plpeAyoUMA,33.3056593,-111.8976622,2,[33.3056593,-111.8976622,33.3056593,-111.8976622],[7,47,48,27,11]
ny0tnR1gab0a69FRLmjKkQ,33.4089344,-111.92456179999999,86,[33.3933063,-111.9409053,33.4245625,-111.9082183],[27,11,7,98,10,9,127]
iEeVFkekHAi3T9bI8MFBFA,33.4615522,-112.0786375,2,[33.3631506,-112.0919692,33.5599538,-112.0653058],[403,121,79,26,11]
h0geDLx7fwdpq7pinjcoeQ,33.5808419,-111.929453,4,[33.5808419,-111.929453,33.5808419,-111.929453],[411,54,242,238]
DelGySKSJbXATfbl05VRhQ,33.4100613,-112.02360970000001,146,[33.306896,-112.2948244,33.5132266,-111.752395],[126,48,11,28,17,29,38,39,40,57,327]
GBPEA07x_XnTi366qTrjjw,33.5744327,-111.92796129999999,37,[33.493181,-111.9300279,33.6556844,-111.9258947],[38,48,39,40,11,265,7,292]
IrEXhO7lDoBUkPyvfzqvzQ,33.4571501,-112.3957085,2,[33.4571501,-112.3957085,33.4571501,-112.3957085],[7,108,482]
wqR5v69DZy_qmaAfK8nZTQ,33.4471735,-112.073781,2,[33.4471735,-112.073781,33.4471735,-112.073781],[11,63]
faVvuyxRutEkKX1hK1GuQA,33.615794766866856,-111.9327745662475,6,[33.5557353,-111.966733932495,33.6758542337337,-111.8988152],[265,11,26,7,108,48]
MoQ0p8AOBw8Sph0g5PloNw,33.5011424,-111.9213147,99,[33.5011424,-111.9213147,33.5011424,-111.9213147],[28,17,18,29]
Kk96_AVkn2Var-LZ1RApdA,33.4938219,-111.9259965,1,[33.4938219,-111.9259965,33.4938219,-111.9259965],[7,142]
nxW7C0VHPYBkbuyDqBkG-g,33.3890903,-111.84019,1,[33.3890903,-111.84019,33.3890903,-111.84019],[28,17,29]
ly-Arvj1TpUEEYTXMHq5wA,33.4238287,-111.9378681,4,[33.422318,-111.9398532,33.4253394,-111.935883],[140,24,11,465,57,39,145]
9IZ4Q_BdXwlVPAwf1EkZFA,33.4574932,-112.0740241,2,[33.4574932,-112.0740241,33.4574932,-112.0740241],[177,140,24,11]
oum6xTcsVSIXAEO9qb8CRg,33.425077,-111.98091,12,[33.425077,-111.98091,33.425077,-111.98091],[28,17,29]
nzQdKOdJbPaGSFrh-3d5hQ,33.5016589,-112.04725,4,[33.5016589,-112.04725,33.5016589,-112.04725],[119,120,11]
fYgpYJc0BYWMxp1wkgLOXw,33.5094089,-112.0716011,1,[33.5094089,-112.0716011,33.5094089,-112.0716011],[41,400,11]
ZC4tX0hhGPHKY8yMv4ArwQ,33.6386526,-112.3965837,1,[33.6386526,-112.3965837,33.6386526,-112.3965837],[236,103]
kE2Dw1sKMeaDOpyZNVQKJQ,33.369455849999994,-111.90893515,45,[33.3022462,-112.012594,33.4366655,-111.8052763],[63,27,11,285,185,38,99,128,39,98,7,6,204,65,142,26,168,126,97,212,361,33,44,292,48,177,140,10,9,373,182,41,109,265,273]
SmJoX80amK7mbd8oPNuC7w,33.3557394,-111.9622075,1,[33.3557394,-111.9622075,33.3557394,-111.9622075],[165,32,95,222]
SZYwEZEUWFMzusBfxDD-AA,33.363675,-111.858146,1,[33.363675,-111.858146,33.363675,-111.858146],[434,103]
f0thzdQHuzEJhNkN6uS2jQ,33.585814549999995,-111.90895520000001,33,[33.499499,-111.927402,33.6721301,-111.8905084],[28,158,17,29,48,11]
A4XAL9cbPXQuKRT2luYI5g,33.41923685,-111.88206955,22,[33.4165461,-111.9273071,33.4219276,-111.836832],[38,7,47,88,39,48,11,49,108,193,59,26]
1D47uOxQo4zfF1lnLu4OSQ,33.5275717,-112.03419844999999,3,[33.4702022,-112.0653186,33.5849412,-112.0030783],[84,6,21,359,182,172,11,44,97]
HnhzW7OHJ4f6O9fNHq2urA,33.5132266,-112.2948244,42,[33.5132266,-112.2948244,33.5132266,-112.2948244],[57,327]
UhbFDhDddCOY6m9xolCNjg,33.399521,-111.8260215,3,[33.321864,-111.925799,33.477178,-111.726244],[7,24,108,119,11,48]
