TCAYoEt5YQAlItHO3gMo2Q,33.6105701,-112.3412092,10,[33.6105701,-112.3412092,33.6105701,-112.3412092],[26,11]
8QMHH_bi3Eu3WXKQmIFnQA,33.5025941,-111.9296765,2,[33.5025941,-111.9296765,33.5025941,-111.9296765],[7,292,99,48,11]
-LxiwZb_82dXuMBboLgfcg,33.492962,-111.927751,3,[33.492962,-111.927751,33.492962,-111.927751],[224,11]
Odoe2LqAPrV0TjdXxkP7Mg,33.435764750000004,-111.98294544999999,70,[33.304492,-112.1830859,33.5670375,-111.782805],[27,11,28,158,17,29,109,38,210,39,99,33,128,48,84,345,6,346,77,35,76,311,26,129,121,79,14,15,101,161,65,212,43,49,52,4,182,140,7,8,57,306,63,24,126,97,119,25]
-fVuUmA8BbcgU7j3gqlvAQ,33.51721765,-112.0171559,2,[33.5160662,-112.029562,33.5183691,-112.0047498],[161,28,65,17,29,99,11]
uYl2-rfWjJwNCoDClNWj1w,33.4194512,-111.915926,7,[33.4194512,-111.915926,33.4194512,-111.915926],[38,7,47,88,39,48,11]
H4ewd_HH1DE0Y8RbC_7HbA,33.40712705,-111.990323,12,[33.304808,-112.057219,33.5094461,-111.923427],[63,27,11,351,57,309,39,26,177,140,38,99,74,24,126,97,127,7,162]
C3SXTtxCtSvcJuBtV4TDdw,33.49493635,-111.98503554999999,7,[33.4804266,-112.0403946,33.5094461,-111.9296765],[26,11,265,48,63,27]
CeEdhuga6NAu1BE46Aeodg,33.51334,-112.00103200000001,20,[33.484487,-112.07643,33.542193,-111.925634],[39,38,40,206,11,265,126,97,475,48,88,298,143,293,140]
qIzk-gTTLaIxqYuIFOUhGw,33.4245625,-111.9409053,1,[33.4245625,-111.9409053,33.4245625,-111.9409053],[127,11]
YZFSefSw5APrJ48vEbXGnA,33.8323207,-111.9489261,195,[33.8323207,-111.9489261,33.8323207,-111.9489261],[28,190]
ptNVUHAQ7EpgU-gLNK1Slg,33.4324804,-111.9782139,71,[33.4253128,-112.0291199,33.439648,-111.9273079],[28,17,29,240,241]
TeR1SIGaqN1c8SdEivi5vw,33.4342726,-112.00471425,11,[33.3051122,-112.098337,33.563433,-111.9110915],[39,38,40,206,11,7,162,108,98,33,117,26,119,177,140,172]
fFrHDilmOCBHMrGJj-OFzQ,33.53643,-112.264184,1,[33.53643,-112.264184,33.53643,-112.264184],[38,128,39]
maF4PZ0LW6twP31kr2vLcQ,33.348489,-111.8591741,3,[33.348489,-111.8591741,33.348489,-111.8591741],[39,43,11]
RzS8kWogWc2HZPUZVWfxfA,33.3551275,-111.788388,4,[33.330835,-111.792282,33.37942,-111.784494],[474,11,7,36]
jx-zib1YXF77fv9q2m1r5A,33.44991735,-112.0070714,7,[33.330435,-112.0740526,33.5693997,-111.9400902],[88,38,39,40,48,11,119,7,36,99,26]
U3aigREynX_4XUB1c9EamA,33.446993500000005,-112.071931,2,[33.444799,-112.0772,33.449188,-112.066662],[57,327,49,228,51]
k2wWg5aOsWtUHZoKU_mB2Q,33.56782925,-111.9963262,200,[33.4360415,-112.101449,33.699617,-111.8912034],[182,48,140,11,28,240,241,17,18,29,224,212,26,99,126]
1V1iontSP-itrLVLGDmT4Q,33.4600099,-112.04943955,119,[33.439648,-112.0727251,33.4803718,-112.026154],[38,99,26,39,11,28,17,29]
sowwcc9gasFhwsdMgsMzrg,33.505557100000004,-111.9331589,4,[33.4272811,-111.9400902,33.5838331,-111.9262276],[104,132,65,119,48,11]
xzBeFYadQce5YZ5ssH7Mvg,33.531484,-112.26167,16,[33.531484,-112.26167,33.531484,-112.26167],[57,327]
Grro2lOFAKXUgllQHseHZQ,33.449233,-112.065458,3,[33.449233,-112.065458,33.449233,-112.065458],[27,11]
_Zyg6nLWg_fEFp_uFqlOEg,33.563441141687605,-111.8557276715425,8,[33.3048512833752,-111.9677833,33.822031,-111.743672043085],[99,185,11,57,306,168,43,7,142,292]
1v8efn-Xez-sOnWT4uN0KA,33.66165865,-112.0217065,5,[33.49112,-112.134443,33.8321973,-111.90897],[33,117,24,11,26,161,28,65,17,29]
Ow2bRySwb6ykdYQ5snm0zQ,33.399454500000004,-111.9706185,11,[33.349676,-112.065458,33.449233,-111.875779],[196,11,24,48,98,7,62,17,192,27,224,88,38,39,89,219,218,41]
62m44ymJOD2u31Zx4INIHA,33.6693312,-112.2029352,1,[33.6693312,-112.2029352,33.6693312,-112.2029352],[26,11]
oF_sdYaPDwsKC4ebFVmsjQ,33.4946259,-111.989339,2,[33.4946259,-111.989339,33.4946259,-111.989339],[27,140,11]
c_ENEVj8GneMNQ_jgoBgIg,33.31913575,-111.95197404999999,6,[33.318509,-111.9780071,33.3197625,-111.925941],[208,6,35,126,97,11]
uBpYzYvoEVrz3b3_nw0TIA,33.4492,-112.0696,2,[33.4492,-112.0696,33.4492,-112.0696],[7,108,119,11]
Q6oic2suNf3pAsofMVNDzQ,33.458341,-112.067833,1,[33.458341,-112.067833,33.458341,-112.067833],[7,108,119,11]
1S7XdhbZWR17Wy4TBsIzaw,33.47251265,-111.894908,122,[33.272043,-112.425566,33.6729823,-111.36425],[251,11,126,97,7,142,120,119,38,140,39,40,48,43,138,8,139,33,44,71,72,9,10,177,101,205,6,35,76,285,143,292,99,49,28,178,17,29,108,15,191,57,333,311,27,265,146,83,41,470,145,98,309,87,375,69,63,109,36,117,270,307,173,112,30,13,340,210,24,253,32,90,284,128,102,103,127,52,141]
n_QX-MTk5Mb2uLak1UHiiw,33.5092417,-112.0462659,8,[33.5092417,-112.0462659,33.5092417,-112.0462659],[127,11]
VPehlk5oBj9PMR5-hDe8wg,33.300690503793,-111.66889557548501,5,[33.220784807586,-111.75452,33.3805962,-111.58327115097],[190,28,140,11,181,229]
XIo5Pc5tQ7HfTfQ7SycEXw,33.487836400000006,-112.05116369999999,2,[33.4702022,-112.0653186,33.5054706,-112.0370088],[38,11,99,128,39,182,172]
Ak-_R5-3Ab9tkISmwoJjXQ,33.499095999999994,-111.90802199999999,8,[33.316807,-112.078661,33.681385,-111.737383],[37,32,203,6,110,185,11]
8lGV1UrP1JasY03Yp1Fr1Q,33.594818,-112.065439,13,[33.594818,-112.065439,33.594818,-112.065439],[63,99,11]
rfja6GgDX1d5iiJ8UMsWiQ,33.5102068,-112.0272041,13,[33.5102068,-112.0272041,33.5102068,-112.0272041],[48,11]
9lrkwj8XpaKmMiAwdhmg9Q,33.319212,-111.967861,3,[33.319212,-111.967861,33.319212,-111.967861],[127,11]
B4JqOYmQHnffRn5JUVpCNQ,33.6395218,-112.180978,7,[33.6389129,-112.18189,33.6401307,-112.180066],[168,11,63,140,192,338,382,206]
TKUWlu6fruJ_jEUEXY6n5g,33.5176187,-112.0069983978335,37,[33.379553,-112.0898778,33.6556844,-111.924118995667],[108,7,182,139,137,11,172,223,140,63,119,24,99,8,192,323,38,48,39,142,181,40,27,109,49,321,193,59]
4K3dpPgn1B9QwzhIZTsJ8A,33.53872295,-112.07573105,116,[33.4505129,-112.1716413,33.626933,-111.9798208],[119,11,28,17,29,212,26]
4KOK-LPRj_ikWdme3F2PXg,33.449188,-112.0772,1,[33.449188,-112.0772,33.449188,-112.0772],[24,11]
8VGcy_9Pbcn_oa0eCxSGow,33.480405000000005,-112.01269525000001,11,[33.321266,-112.168382,33.639544,-111.8570085],[182,48,140,11,7,162,112,6,27,307,26,99,127,38,39,40,43,63,8]
OIEmHXKytEoQfnOu2Ozmgw,33.6401752,-111.9951643,5,[33.6401752,-111.9951643,33.6401752,-111.9951643],[33,99,26,11]
fiElz5yl1mSkse--Jhameg,33.61814985,-112.14545269999999,13,[33.552624,-112.225168,33.6836757,-112.0657374],[7,33,142,11,41,26,57,27,91,212,117,24]
1PL8Bq3mmgrw1hTjcE0i6A,33.5102068,-112.0272041,12,[33.5102068,-112.0272041,33.5102068,-112.0272041],[98,7,24,11]
yLytSyZ5PF7UIlcwpuO5uQ,33.41632395,-111.7459365,40,[33.38081,-111.857263,33.4518379,-111.63461],[38,26,39,11,7,36,49,52]
jFB4m2Na8fTIhc3TAYoeYw,33.47521845,-112.072877,96,[33.4587919,-112.0742496,33.491645,-112.0715044],[38,140,39,40,48,11,57,145,7,108]
4M16MDakz-XK9t5MfLEwEQ,33.70145085,-111.92590375,9,[33.6239149,-111.9300279,33.7789868,-111.9217796],[126,11,48,26,33,99,24,117]
JCRLqsQGqSx6uLFJEnG4hg,33.4795408,-112.0734213,1,[33.4795408,-112.0734213,33.4795408,-112.0734213],[33,120,11]
-1Emre88jszSsXXvEljVLA,33.5227721,-111.9001502,6,[33.5227721,-111.9001502,33.5227721,-111.9001502],[10,63,24,11]
R9okovO1jWnmy0NX2Mql0g,33.4786431,-112.065139,13,[33.4477082,-112.070093,33.509578,-112.060185],[168,265,99,11,63,27]
RhfkaeZ--UjpuaRGy_75Og,33.5025941,-111.9296765,3,[33.5025941,-111.9296765,33.5025941,-111.9296765],[265,48,11]
5BdrKgAMHlkjE88yPXTZpQ,33.41968255,-111.95950355,32,[33.4130141,-111.979193,33.426351,-111.9398141],[188,23,38,99,39,11,128]
fH9OSIlijo9Obp8ZDq8rBg,33.480721700000004,-112.07593903613301,42,[33.305759,-112.259674072266,33.6556844,-111.892204],[7,8,182,172,11,99,48,36,38,39,40,109,63,27,24,49,52,251,33,26,211,75,32,381,44,127,4,6,185,72,395]
GAi1j1Qlp4aj4eJ61iU0Nw,33.38541455,-111.99230969999999,2,[33.30492,-112.0503324,33.4659091,-111.934287],[54,238,43,11]
VXFR2rEZLeontiZ3C0SeDQ,33.54299995,-112.09611584999999,14,[33.4590669,-112.100731,33.626933,-112.0915007],[212,26,11,101,88,38,39,40]
_5Hz75GVUik1-lw8S1OEbg,33.3926941,-111.8899984,17,[33.3926941,-111.8899984,33.3926941,-111.8899984],[28,17,29]
g6kNL8TCpru1JoXuLENmCA,33.46827155,-111.94216700000001,4,[33.444213,-111.959388,33.4923301,-111.924946],[38,48,39,11,182,172,24]
tSw-n5zJvvR-7S4FHaFU1A,33.625491499999995,-111.9874825,2,[33.62365,-111.996547,33.627333,-111.978418],[65,133,71,72]
RAiik7ikTBmp6pnGDcavoA,33.35674,-111.84694305,3,[33.306349,-111.891192,33.407131,-111.8026941],[33,11,41]
VsmhyFHvbkrU4g3BuccoQw,33.4320962,-111.9067989,6,[33.4320962,-111.9067989,33.4320962,-111.9067989],[4,13,6,115,160]
P828sX-WbKmwehgh4xqwYw,33.39624175,-111.94663785,145,[33.3779808,-111.9664404,33.4145027,-111.9268353],[119,11,99]
2ZgKrubgDcoNUjNVlMxNYQ,33.3782241,-111.936102,2,[33.3782241,-111.936102,33.3782241,-111.936102],[177,11]
c8CMkM8-OJ5qxowGUQdnZw,33.662594,-112.030244,2,[33.662594,-112.030244,33.662594,-112.030244],[44,24,11]
fbZTcQSyZXcY1bSwIedw7A,33.38081835,-111.7588725,2,[33.3783296,-111.8323874,33.3833071,-111.6853576],[126,11,37,32]
Vtjlj2tWNJwkUyN1HXFwRg,33.313774,-111.859677,1,[33.313774,-111.859677,33.313774,-111.859677],[26,11]
YjvsTc1ozXk2Eb7AwBCAtw,33.4259681,-111.939852,9,[33.4259681,-111.939852,33.4259681,-111.939852],[26,11]
hgS3UpeZB76MF_br5n26tg,33.520249699999994,-111.92783655,126,[33.4930044,-111.9320931,33.547495,-111.92358],[38,48,39,11,7,142,28,17,29,26,127]
guJzu0aRRL68MXKv5v_MUA,33.5092848,-112.0371249,2,[33.5092848,-112.0371249,33.5092848,-112.0371249],[48,41,11]
IslEz0sjfCRFKTJzaZqvQA,33.573747749999995,-112.0932516,12,[33.4642695,-112.1895256,33.683226,-111.9969776],[38,11,128,39,7,36,78,79,63,26,33,27,48,99,185,57,145]
JLICc6CKetg5ia1DGkuAUA,33.4931627,-111.9310456,7,[33.4931627,-111.9310456,33.4931627,-111.9310456],[11,27,63]
tcNqr9yCRMJR6ck9BlekZg,33.316807,-111.971525,1,[33.316807,-111.971525,33.316807,-111.971525],[123,65]
nhQz3mDCXIFOJx8oyzcT_w,33.47999,-112.076505,3,[33.47999,-112.076505,33.47999,-112.076505],[7,142,108,119,11]
i1UE4lPdHXUf2Aa4SoDKLg,33.43475,-112.00644,11,[33.43475,-112.00644,33.43475,-112.00644],[28,170]
nVs5vkTn-rcbpVbnfl_KWw,33.363949,-111.928346,1,[33.363949,-111.928346,33.363949,-111.928346],[106,54,107,317]
FFkfHAMbQ3ZMd-B5F_a6lg,33.496175,-112.020561,2,[33.496175,-112.020561,33.496175,-112.020561],[11,63]
jQxxHLXLbFsNYNWNdSjRKQ,33.4045677,-111.95890035,18,[33.298212,-112.0740147,33.5109234,-111.843786],[26,11,7,8,38,39,101,119,99,218,41,185,48,40,27,248,249,6,15]
AqpTzJMSdQlxmyj-s9ygaA,33.4234775,-111.8564229,1,[33.4234775,-111.8564229,33.4234775,-111.8564229],[26,11]
qXBI3Ur8Eitmnuk39afSKQ,33.5594719,-112.12438605,4,[33.4656695,-112.1670965,33.6532743,-112.0816756],[185,11,44,218,41,140,177,285]
MTuaOFK38-2khz9iOguhrA,33.37771655,-111.71294599999999,73,[33.3750117,-111.7896301,33.3804214,-111.6362619],[26,11,49,52]
TLAHSTktRGZ7nypPvTCPCw,33.5024987,-111.9258947,40,[33.5024987,-111.9258947,33.5024987,-111.9258947],[7,292]
3ouCNuKrN3cw3bBZHXdcyQ,33.7993887,-112.12862505000001,6,[33.7988269,-112.1293761,33.7999505,-112.127874],[7,10,9,11,99]
AA2QzaCSRgcJVswAn6CHUQ,33.618612,-111.97675229999999,52,[33.483281,-112.0638736,33.753943,-111.889631],[96,72,49,50,52,38,27,99,39,11,157,103,63,79,121,26,112,6,254,7,108]
PEaZGw_k2QJ4ByrzpaEZLQ,33.5381018,-111.9085143,2,[33.5381018,-111.9085143,33.5381018,-111.9085143],[126,97,11]
lXPFLQS7-qdJTuAV8EPzJQ,33.5288312,-111.9730855,13,[33.5288312,-111.9730855,33.5288312,-111.9730855],[161,195,65]
FB55Uv-1QYD-FaNeND1n3Q,33.494205,-111.931447,49,[33.494205,-111.931447,33.494205,-111.931447],[48,11]
nKXbNigKfvHpHwJKWwiPXA,33.3642475,-111.8515229,1,[33.3642475,-111.8515229,33.3642475,-111.8515229],[49,82,59]
WAfZAshf-w0Pu5VQda67xA,33.5011424,-111.9213147,31,[33.5011424,-111.9213147,33.5011424,-111.9213147],[28,17,18,29]
Sv8p_q8YVOolDpjSedO52g,33.45068815,-111.94336375,57,[33.42135,-111.9619215,33.4800263,-111.924806],[97,11,26,244,172]
O8w525BpmlvbocQRhavfmQ,33.403406450000006,-111.96941215000001,18,[33.304861,-112.079081,33.5019519,-111.8597433],[224,11,265,89,98,7,182,26,27,63,108,119,172]
P2ykPq0DkTil8vAifqcDBg,33.6786155700684,-111.974609375,1,[33.6786155700684,-111.974609375,33.6786155700684,-111.974609375],[153,11]
5P8ZOuRuCZPVcmqo8YOOAw,33.50878986659655,-111.9467713661665,200,[33.43475,-112.00644,33.5828297331931,-111.887102732333],[49,368,28,170,119,99,11,265,483,46,102,6,103]
S8GuLBk-PJidBiIKv7GNNQ,33.422728,-111.951494,1,[33.422728,-111.951494,33.422728,-111.951494],[26,11]
uXsAVI00uhHQSobh5QCO9w,33.531484,-112.26167,35,[33.531484,-112.26167,33.531484,-112.26167],[57,327]
30vRilL8v7lT1NxdYBalEw,33.4216092,-111.9429427,4,[33.4216092,-111.9429427,33.4216092,-111.9429427],[26,11]
BGldtHa4sOE41Omz8EYhTw,33.503203049999996,-111.9277712,3,[33.498028,-111.9296765,33.5083781,-111.9258659],[63,27,11,7,292,99,48,161,28,65,17,29]
vpu5GZr03WfWb6-6uiyABw,33.307983735825,-111.74430125426,1,[33.307983735825,-111.74430125426,33.307983735825,-111.74430125426],[126,11]
Qy4dPfviFl5TLKROIE8lOg,33.4942423,-111.9264472,4,[33.4942423,-111.9264472,33.4942423,-111.9264472],[39,119,48,38,11]
a1MxESOvU1LZ147LoRkFMQ,33.55299,-111.903869,5,[33.55299,-111.903869,33.55299,-111.903869],[32,95,222]
-qEO4PkRNlkmQKvpB0Im2Q,33.535816,-111.960825,12,[33.45107,-112.055957,33.620562,-111.865693],[48,11,119,99,26,7,142,8,138,139,33,307,168,169,38,39]
g55W_Hp52cN-9Hm2eSUepg,33.4148812,-111.9167809,1,[33.4148812,-111.9167809,33.4148812,-111.9167809],[27,11]
D-nml_2Zc07JrAV1mAnJLA,33.3805756,-111.92501874999999,5,[33.3478272,-111.9766015,33.413324,-111.873436],[43,11,7,292,98,168,126,97]
q9U8zvkHbEkMCABvBkQByQ,33.5650982,-112.0737503,2,[33.5650982,-112.0737503,33.5650982,-112.0737503],[48,11]
zfkBFK1_jyjM8q5_qMu89g,33.4959222,-112.100192,3,[33.4959222,-112.100192,33.4959222,-112.100192],[75,141,6,32]
bKpZgPTf1lCroPMhqFknUw,33.569334366633655,-111.92553726506901,67,[33.4930514,-111.9339561,33.6456173332673,-111.917118430138],[28,17,29,161,195,65]
V6lskTGFqe4vA0FcRZH9zQ,33.292802,-111.760192,2,[33.292802,-111.760192,33.292802,-111.760192],[71,72,297]
WY62s-SV8_6pYwGnmdULLQ,33.4797463075615,-111.899138898422,200,[33.3354566,-111.928554,33.624036015123,-111.869723796844],[7,247,119,41,11,224,26,9,24,206,98,162,43,39,48,38]
F7jDusVJagWIFD-UTz7xgg,33.57296935,-112.1043134,200,[33.435146,-112.373782,33.7107927,-111.8348448],[265,126,11,7,142,168,63,26,127,27,43]
RO1EBgzijksa07CXkfM_-w,33.45382155,-112.0746941,2,[33.4527955,-112.0800705,33.4548476,-112.0693177],[63,27,24,11,26,127]
n79qGAAM5yDhg6oU0He16Q,33.42233555,-111.9714025,3,[33.305824,-111.991311,33.5388471,-111.951494],[88,38,39,89,11,7,47,48,26]
SgO0iOV2-VuUiXbcm3WywA,33.3722905,-111.7728615,12,[33.271907,-112.064752,33.472674,-111.480971],[7,313,49,326,52,11,63,112,6,455,139,25]
H2RMhs0Itn2K7QTP7pxlPQ,33.6005624,-111.7163108,2,[33.6005624,-111.7163108,33.6005624,-111.7163108],[27,11]
Myya0TP7RshcuHm9HO4dPw,33.5135715,-111.968379,5,[33.495018,-111.975898,33.532125,-111.96086],[48,11,7,47]
snFeX-cQVws5RCFi7Pgkrg,33.4495566,-112.0740194,1,[33.4495566,-112.0740194,33.4495566,-112.0740194],[224,11]
B2-AC4_ewUVHI3BPdDkieg,33.47670015,-112.00565435,18,[33.4291299,-112.086757,33.5242704,-111.9245517],[71,72,48,11,57,145,38,39,40,177,140,411,476,54,82,59,49,210,119,98,7,108,55,122,256,63,27,24,109,36,8]
pCJomRpYoRBxbdOeQNkmIg,33.466377,-111.99965125,5,[33.422728,-112.0478085,33.510026,-111.951494],[48,11,7,98,108,26,88,38,39,89]
V0sjzSjhoL0ovYQ9moBu5A,33.605288,-111.9083375,3,[33.581877,-111.925123,33.628699,-111.891552],[27,11,26,96,72]
ziCKT5n58tcVfgksImx0VQ,33.5170827,-112.13761844999999,52,[33.3021074,-112.433172,33.732058,-111.8420649],[98,7,11,24,63,108,39,119,48,38,163,13,6,118,182,140,99,251,224,212,43,4,5,47,49,20,23,415,59,27,208,35,26,127,185,126,210,33,117,338,382,206,168,71,72,162]
vdNSf4pSqkcKTAo2t_biSg,33.4224084,-111.8644947,3,[33.4224084,-111.8644947,33.4224084,-111.8644947],[26,11]
B2at0hn3SfbcPS54Rr_xXA,33.3022462,-111.897967,1,[33.3022462,-111.897967,33.3022462,-111.897967],[7,292,99,48,11]
TNp0b5s9RRo5YNrkdBu74Q,33.56901,-111.888529,2,[33.56901,-111.888529,33.56901,-111.888529],[65,133]
5ZdUtCkVC9hcA8XkazvVJg,33.53452375,-111.92491240000001,200,[33.50201,-111.9313599,33.5670375,-111.9184649],[265,11,28,158,17,29]
hWTa7vyyzxqUgo4HIz-D7Q,33.327278,-111.858116,3,[33.327278,-111.858116,33.327278,-111.858116],[251,11]
Vznre5N5gG-wLK9Fpv1gHw,33.4754347,-111.88193145,28,[33.3045733,-112.029562,33.6462961,-111.7343009],[168,11,83,6,161,65,28,17,29,49,80,82,59,4,13,115,160,341,52,48,63]
O3huqF3nBeWP9Zd6NmCAaQ,33.480090515954046,-112.08305905,30,[33.2815660319081,-112.2618153,33.678615,-111.9043028],[38,128,39,57,145,258,28,17,29,88,298,11,99,296,40,205,91,101,168,48,212,27,361,7,36,182]
nwIGKVjn8vUGsId23KHBVg,33.413158,-111.875779,15,[33.413158,-111.875779,33.413158,-111.875779],[251,11]
FAP2sFI5kk8B1tqzSXI6mQ,33.50201,-111.9313599,28,[33.50201,-111.9313599,33.50201,-111.9313599],[265,11]
fV3RGXLbx_XATX0XUfNIww,33.5092832,-112.0731753,2,[33.5092832,-112.0731753,33.5092832,-112.0731753],[65,133]
naC07OJ4unKPoT0z35EjvQ,33.549781949999996,-111.9326053,69,[33.492381,-111.9403254,33.6071829,-111.9248852],[38,48,39,11,101,128,221,40,265]
FiV_jTl0zuPIvDOLHmKN2A,33.395281600000004,-112.08752359877951,16,[33.2452342,-112.3510497,33.545329,-111.823997497559],[49,312,146,17,152,126,11,6,200,26,74,24,48,43,27,337,32,7,36,298,99,18,162,108,212,88,38,39,13,115]
YWBuX2RBbwhYK1jGdZttJA,33.4485957,-111.9659857,34,[33.2611314,-112.071756,33.63606,-111.8602154],[127,11,224,24,182,48,140,7,142,126,97,365,292,38,39,98,10,9,96,72,183,65,63,43,89]
hEhSTtxy6JOCa-HPAsxTCg,33.4261603,-111.939838,2,[33.4261603,-111.939838,33.4261603,-111.939838],[39,38,126,97,11]
RAERdV5MA9cJ0GxcEiVlfA,33.502326350000004,-112.07391725,5,[33.4948977,-112.08407,33.509755,-112.0637645],[27,11,185]
ldsWcGc3SqM6tX20dRKcGQ,32.894956,-111.74735,2,[32.894956,-111.74735,32.894956,-111.74735],[26,11]
g59UTim_dg3ETrAsz-ffNQ,33.5846317,-111.8307432,4,[33.5846317,-111.8307432,33.5846317,-111.8307432],[65,133]
7XVPc5UeRrxMyyyNQhjtVQ,33.397979750000005,-111.99934365,6,[33.3193788,-112.072167,33.4765807,-111.9265203],[26,11,63,27,212,168,126,97]
PvtFY65Gbgsg4OhAMko17Q,33.52725615,-112.00074955,20,[33.4874748,-112.0830342,33.5670375,-111.9184649],[11,63,99,26]
VBjTNLHlpaH_iTeloHLkmQ,33.53933015,-112.00732260000001,3,[33.4951366,-112.0134134,33.5835237,-112.0012318],[48,11,140,192]
Nz26BQ1QDwKsBq3Ivs17OQ,33.54921005,-112.11192405,4,[33.516595,-112.1250101,33.5818251,-112.098838],[65,133,106,54,107]
hEPWpnpKE51qtIJ3Dzayqg,33.421385,-111.94297,2,[33.421385,-111.94297,33.421385,-111.94297],[49,4,13,6,160]
r3_JcUFWGERe8ytAHQPDyQ,33.4605635,-112.00513284255351,39,[33.390792,-112.0830997,33.530335,-111.927165985107],[7,292,99,48,11,6,77,112,191,35,17,15,111,113,182,172,57,145,38,39,40,224,98,8,10,26,108,69,12,13,22,33,109,186,248,249,63,27,24,64,65,4,5,246,119,139,423]
haPcehx50oMo-go1xF5MLw,33.553833850000004,-111.96312305000001,12,[33.4581958,-112.0676886,33.6494719,-111.8585575],[15,6,98,7,404,11,108,49,66,38,48,39,145,186,57,99,109,63]
siLJ8SVCAmCkyn-u_AO_lQ,33.3876436,-111.788226,31,[33.3876436,-111.788226,33.3876436,-111.788226],[99,11]
Q3VcIenQ2-ol9WpMPlQ8Yw,33.403689,-111.981986,24,[33.403689,-111.981986,33.403689,-111.981986],[7,292]
NKwc8l8d4-hhHi0EVOFMTw,33.4348855,-111.98937655,5,[33.420571,-112.0744503,33.4492,-111.9043028],[49,38,39,128,341,7,108,119,11,12,61,13,6,114,33,265,185,168,298,88]
IPoHb1jkNMamVKv64oyXyA,33.261303749999996,-111.87105685,5,[33.2612195,-111.8848787,33.261388,-111.857235],[7,142,109,38,27,39,11]
0WZFMyeUGUIfpveuXvxeqA,33.469217650000004,-111.83663035000001,7,[33.3549553,-111.883526,33.58348,-111.7897347],[7,142,109,38,11,39,63]
UuYVbqDgndlqJvX2yjdS6A,33.38279795,-111.96298585,19,[33.306529,-112.0915007,33.4590669,-111.834471],[57,145,38,101,39,48,11,26,177,140,88,40,182,172,168,298,273,99]
g1rP8nUIGTWO2uWIDoLRiA,33.55643025,-111.9119732,14,[33.4922985,-111.9276185,33.620562,-111.8963279],[119,11,210,38,48,39]
O_vH9lU5l1eAOPcqCQUieA,33.480105,-112.0813612,100,[33.480105,-112.0813612,33.480105,-112.0813612],[26,11]
i1gms6vUmIF1XsETFnVvwg,33.463092,-112.34477,6,[33.463092,-112.34477,33.463092,-112.34477],[11,63]
wvptdtrkr31CGolBff7Tqg,33.481941559590254,-111.877127542824,3,[33.3365788066646,-111.894766598404,33.6273043125159,-111.859488487244],[57,69,48,11,97]
-cwt2Q7NSOjOiQLXcTOGdg,33.780593,-112.554778,1,[33.780593,-112.554778,33.780593,-112.554778],[72,269]
_KVtRkDSo-tdZ2JQ6iFmtQ,33.337696,-111.994513,1,[33.337696,-111.994513,33.337696,-111.994513],[123,65]
Rg1-ERq4K6AGE4tZtjWzmA,33.3939224,-111.9091193,1,[33.3939224,-111.9091193,33.3939224,-111.9091193],[64,65]
kuGyVPca3NiIlTvYuUWjzw,33.425466650000004,-111.89548325,5,[33.3549553,-112.0012318,33.495978,-111.7897347],[48,11,27,24,109,38,39,63]
rCGQtgrBmjVeJfhchN_gRg,33.451853,-112.068594,12,[33.451853,-112.068594,33.451853,-112.068594],[46,13,6,30]
sVpPejQgdPZGBR0qk6PPHw,33.425314,-112.072919,1,[33.425314,-112.072919,33.425314,-112.072919],[130,32]
B7PPzi76oZxnkRKpRl51hA,33.4900575,-111.9262552,1,[33.4900575,-111.9262552,33.4900575,-111.9262552],[311,88,38,39,11]
l1hETXYDPu2_HXJ2HxhpVA,33.620562,-111.8963279,4,[33.620562,-111.8963279,33.620562,-111.8963279],[104,161,167,65]
OQPPH3MMG7paqfw1THYGsQ,33.542702,-111.94551634999999,32,[33.4151843,-112.0595603,33.6702197,-111.8314724],[44,24,11,7,142,32,203,54,55,122,36,202,72,26,127,38,128,39,281,96,84,171]
FeZKB91gb_E6T1PgF3f5Uw,33.410280322397,-111.8314022409975,163,[33.321061644794,-111.9388855672,33.499499,-111.723918914795],[26,11,48,99]
9dwOAQalJR8pmX-YSG8eMg,33.3261596,-111.89194715,45,[33.304492,-111.9102573,33.3478272,-111.873637],[224,182,11,65,133,99,38,265,39]
LW15CxNdDJWdXAev0pG1cQ,33.4342595,-111.9252882,21,[33.4342595,-111.9252882,33.4342595,-111.9252882],[24,11]
gWlEF3oDgP7I06JbVxPrrQ,33.5879473,-112.1164668,7,[33.5879473,-112.1164668,33.5879473,-112.1164668],[168,169,11]
gq_G5VCDziyEV2-bzGuqzw,33.52815885,-112.0079442,179,[33.3852846,-112.1091081,33.6710331,-111.9067803],[27,11,126,57,145,38,39,40,48,155,54,46,6,212,72,154,63,119,24,37,32,90,7,108,292,99,8,97,41,26,88,298,65,133,28,17,29,265,185,140,352,43,89,333,49,80,82,59,45,198,23,137,139,202,281,206,351,55,180,20,101,148,204,193,10,47,442,241,120,182,50,52,33,192,14,15,186,205,341,323,109,440,18,30,13,168,400,84,147]
30qPEo0yE8_Y3RkU7R-5_Q,33.4877708,-112.3493231,46,[33.465665,-112.3584222,33.5098766,-112.340224],[63,27,11,192]
BAg95sHJw1-1XQqJrkRR0A,33.5384145,-111.8875886,3,[33.5384145,-111.8875886,33.5384145,-111.8875886],[6,21]
KFftdw5Pfa1-Ne4ln8L_KQ,33.5681579,-112.01159865,5,[33.5102068,-112.0986063,33.626109,-111.924591],[99,11,10,24,26]
xFb3JriNokpgwcDKTjUhGQ,33.350337,-111.912285,1,[33.350337,-111.912285,33.350337,-111.912285],[84,147]
q4PsP-pSsyvMwJNsij1LwA,33.4064532,-111.97827,2,[33.4064532,-111.97827,33.4064532,-111.97827],[43,11]
bjOCS2Klax2RQesqvnhCrA,33.35648495,-111.92693464999999,5,[33.3055286,-111.9439572,33.4074413,-111.9099121],[224,11,28,17,29,43]
4PUyd6TLVgTKpAg3XOpuSA,33.67106847428,-112.030189633369,1,[33.67106847428,-112.030189633369,33.67106847428,-112.030189633369],[38,11,39,27,128,63]
wf2QsEXMBiDB7DZ3zZlYQw,33.332396,-111.911885,24,[33.332396,-111.911885,33.332396,-111.911885],[105,65]
2GNLggeTAL5h9tLIXH__NQ,33.31977985,-111.88569485,3,[33.3060616,-111.9116464,33.3334981,-111.8597433],[65,133,11,27,63,7,313]
Kx-2qK268wXbApTkpkPjMg,33.621274848681,-111.899064353952,1,[33.621274848681,-111.899064353952,33.621274848681,-111.899064353952],[26,11]
Ee6n17uyTOYFH39jvWDVCA,33.488449,-112.076694,1,[33.488449,-112.076694,33.488449,-112.076694],[28,17,29]
bBMKWwfCyEbeU-A1epCX4Q,33.5689598,-111.9773065,5,[33.4973896,-112.047101,33.64053,-111.907512],[126,11,26,49,80,59,38,39]
4ztIi9VeUSo6yzbt75wopQ,33.39728595,-112.03401855,6,[33.317532,-112.0649071,33.4770399,-112.00313],[74,11,7,365]
uQlQmBcl4tOsnmX6cKjjpQ,33.4762976,-112.1168323,23,[33.3055833,-112.3411065,33.6470119,-111.8925581],[338,382,206,11,38,140,39,40,48,120,177,24,57,327,185,109,168,181,229,144,182,27,7,142,71,72,287,43]
V_MWIxoXbX4FM-QQZLDkfQ,33.403450750000005,-111.8597100573975,33,[33.304492,-111.9955012,33.5024095,-111.723918914795],[99,11,212,26,43,7,8,119]
siOtRQKBlN3KYOnDlmT9iA,33.501958,-112.153638,2,[33.501958,-112.153638,33.501958,-112.153638],[12,13,6]
e6jqQ_YXlGiLPi1z2HO0Pg,33.508287749999994,-112.02365705,32,[33.4471735,-112.1204191,33.569402,-111.926895],[48,11,38,99,88,39,40,33,63,27,7,24,47,36,15,25,6,177,140,26,119,17,18,145,57,298,126,97,127,109,14,108,168,181,229,101]
rvoj2kap6zp_fC9UAle-rg,33.5279716,-111.9261108,118,[33.4740662,-111.9270986,33.581877,-111.925123],[181,11,10,24,63,27]
XHJnQpb9bwVMlQ6rYGfK8w,33.726807,-111.8531068,24,[33.726807,-111.8531068,33.726807,-111.8531068],[265,185,11]
0lHz8RNQMI7Ju0fGE_xAHg,33.3929499,-111.9115003,7,[33.3929499,-111.9115003,33.3929499,-111.9115003],[65,133]
tSbjJZNfbDb3ic7U54ul1w,33.4920033,-111.9258022,50,[33.4920033,-111.9258022,33.4920033,-111.9258022],[126,97,11]
vKKZkI3EJ5XJOdxrX3bONw,33.3193788,-111.9778751,1,[33.3193788,-111.9778751,33.3193788,-111.9778751],[26,11]
OXwk709dabiktaYEJr-emQ,33.3805962,-111.75452,2,[33.3805962,-111.75452,33.3805962,-111.75452],[181,229,11]
9JZvPKh9MmyOCsqnrbytFw,33.5420125,-111.90496765,4,[33.500545,-111.9264093,33.58348,-111.883526],[7,142,33,38,48,39,11]
zJlbRtxdH8YZ5Bx-C-3ZHA,33.582422,-112.02268720000001,10,[33.422345,-112.081535,33.742499,-111.9638394],[72,354,99,126,11,27,7,8,6,270]
KnRwnehBMOYMc0FLHEJ46w,33.497828,-111.927267,27,[33.497828,-111.927267,33.497828,-111.927267],[352,48,11]
4gDz4uZrxxBMrQJut83I-Q,33.6239133,-111.9251335,1,[33.6239133,-111.9251335,33.6239133,-111.9251335],[465,168,265,39,11]
tc3vEr5ZWAcgR9KLylEjSQ,33.41514825,-111.979008,7,[33.327278,-112.0999,33.5030185,-111.858116],[24,11,251,126]
OlPkzX3S8iNm2yVh92jTRA,33.42112975,-111.9277516,29,[33.33985,-111.9955012,33.5024095,-111.860002],[373,196,43,11,48,24,27]
yZYHq9mXJrSC75tiysBrTw,33.361509267912496,-111.83138682712999,88,[33.307983735825,-111.9184724,33.4150348,-111.74430125426],[126,11,182,48,140,97,26]
PMNbT3Y8KDt7E979AJMyng,33.524235250000004,-111.9889802,38,[33.4217383,-112.086757,33.6267322,-111.8912034],[7,313,27,11,219,218,48,24,210,26,224,265,126,97,49,38,99,39,40,177,140,119,8]
WJGrFQrklR6vPfKrVL8aOw,33.4222653,-111.9199824,36,[33.4222653,-111.9199824,33.4222653,-111.9199824],[7,98,10,9,11]
hSGAiCRmKSuNIuSsRq0nAQ,33.453586,-112.07851099999999,4,[33.448333,-112.082895,33.458839,-112.074127],[57,39,145,99,11,26]
Rr1q5BfuV9u6sJX98aOgCw,33.509085999999996,-111.890466,20,[33.380969,-112.080452,33.637203,-111.70048],[7,108,142,119,38,109,39,11,169,292,64,105,65,201,99,98,206,48,57,56,210,10,24,37,32,117,214,84,262,19,20,6,186,23,106,54,226,36,69]
7k32IxSrte32FHerByD9oA,33.4382789,-112.0178286,200,[33.4382789,-112.0178286,33.4382789,-112.0178286],[48,27,11]
3_tMJjAsNaRlEpNTDvqDbw,33.510439382223055,-111.97933823500651,9,[33.45107,-112.0686108,33.5698087644461,-111.890065670013],[49,193,59,7,8,119,11,445,66,52,212,43,26,138,139]
p4AECrnSnIlHKBNN5rDJPA,33.492737,-112.380047,6,[33.492737,-112.380047,33.492737,-112.380047],[224,11]
rfPmAoskqnmhP_4C-OjopQ,33.4994191,-111.9276516,1,[33.4994191,-111.9276516,33.4994191,-111.9276516],[38,39,40]
l2isq-Uhb46wB7iaLt4YLg,33.5054706,-112.0370088,28,[33.5054706,-112.0370088,33.5054706,-112.0370088],[38,11,99,128,39]
5fbsw7c_DmLZEsmvhqMK1Q,33.50018895,-112.2719399,11,[33.4593423,-112.358704,33.5410356,-112.1851758],[38,99,33,39,128,11,7,292,142,44,97]
JVTvEtBDi-WDqB0PSTf4BQ,33.403652550000004,-111.94657720000001,20,[33.2774461,-112.1042943,33.529859,-111.7888601],[465,57,39,145,212,11,24,229,7,108,26,127,27,38,47,88,48,33,49,230]
NbbeXKiWncKBMjMEx2YOmA,33.45361805,-111.92333595,6,[33.4077371,-111.944749,33.499499,-111.9019229],[48,11,7,36,352,63,27,112,6,151,152,17,119,99]
j0HVyConc1e_aj1nBvHsXw,33.4517161,-112.0764371,8,[33.4517161,-112.0764371,33.4517161,-112.0764371],[57,39,145]
hFxnEdGcczkJ2Bm7ku8bpA,33.3188024,-111.8755281,1,[33.3188024,-111.8755281,33.3188024,-111.8755281],[7,137,8,139]
moEOEgj21Y01onne1PhSBA,33.50306395,-112.03708815,12,[33.4691316,-112.0740123,33.5369963,-112.000164],[27,11,26,251,38,39,293,126,97,109,63,33]
y2fCrLKEstlMULTZAKWAAA,33.4922985,-111.9245517,10,[33.4922985,-111.9245517,33.4922985,-111.9245517],[210,11]
-Do59CeyL6UC-VRqHQNqOw,33.480772,-112.029647,3,[33.480772,-112.029647,33.480772,-112.029647],[6,45]
sBqEuMZAa6XXGNzfM4ogyA,33.55290923714,-112.05095275,65,[33.43475,-112.236216,33.67106847428,-111.8656895],[168,99,11,63,27,24,28,170,265,48,38,39,40,218,41,64,161,65,140,128,30,13,6,119,182,307]
sTMwMsdbQxXKbJeEeNPhsA,33.683479,-111.966112,1,[33.683479,-111.966112,33.683479,-111.966112],[161,28,29,17,65]
XdbJ-OGT6HLVGlnO-RdBDg,33.494205,-111.931447,1,[33.494205,-111.931447,33.494205,-111.931447],[48,11]
baBuC-XCCy2aJW5jvTOtPw,33.48675611162065,-111.995132648636,4,[33.4786145232413,-112.0637645,33.4948977,-111.926500797272],[38,99,88,39,128,11,27,4,5,6]
4MkP544YZ-HEIi6mEQpL3Q,33.46843295,-112.09151084999999,3,[33.4354553,-112.1091081,33.5014106,-112.0739136],[192,11,309,285,27,63]
pHE5nk6WVXqztWSciMkLRQ,33.4594331,-112.0650431,2,[33.4594331,-112.0650431,33.4594331,-112.0650431],[26,11]
UzdDcH8UMlb3tAkFrOUaqw,33.5229858,-112.0476585,1,[33.5229858,-112.0476585,33.5229858,-112.0476585],[48,11]
h45TojRL-9Z93LC5Cuzgpg,33.4502744,-111.98073935,8,[33.3057308,-112.065439,33.594818,-111.8960397],[63,99,11,12,13,6,265,48,98,7,24,97]
el9PnKmhqfp8DHmXxdgQbQ,33.422728,-111.951494,4,[33.422728,-111.951494,33.422728,-111.951494],[88,38,39,89,11]
rXQkrEr-z4prUsWfdC8DLQ,33.477345150000005,-112.00456355,13,[33.4541453,-112.0827178,33.500545,-111.9264093],[26,11,119,99,98,7]
3M4P4YdRhs-piF5zlmAJLg,33.5557353,-111.8988152,1,[33.5557353,-111.8988152,33.5557353,-111.8988152],[48,11]
HouW88pRV5llhJwFh6NDxA,33.4214126082706,-111.942980289459,1,[33.4214126082706,-111.942980289459,33.4214126082706,-111.942980289459],[7,108]
VCfD3v-U87kKqPXUwX2IMg,33.4940321,-111.9218306,5,[33.4940321,-111.9218306,33.4940321,-111.9218306],[119,26,185,11]
pErAerEObYkIYznI3GhS-w,33.4648365,-111.93108875,105,[33.3432384,-112.0272041,33.5864346,-111.8349734],[33,38,39,11,177,140,49,146,445,80,59,312,224,27,57,56,7,292,108,24,48,15,6,191,104,204,65]
BA0RTaT7_W1Xs_orzBpZ1A,33.55747005,-111.88050092506501,45,[33.4922985,-111.9245517,33.6226416,-111.83645015013],[65,133,210,11,48,27,7,142]
E7E-0LCgCSf0eT_l9y2RkQ,33.6400224,-112.1113493,3,[33.6400224,-112.1113493,33.6400224,-112.1113493],[7,26,11]
Ufb8AAI13azHpn2KPD-CUA,33.5024095,-111.9955012,3,[33.5024095,-111.9955012,33.5024095,-111.9955012],[7,8,119,11]
Ixq_feoJpn3aua9j6PLITg,33.43428545,-111.88373064999999,16,[33.261388,-111.9778408,33.6071829,-111.7896205],[7,142,210,11,127,119,99,383,427,384,436,1]
8sauJmr0ZI_MFXMgBW5qCw,33.493586,-111.9260965,33,[33.4787939,-111.9263271,33.5083781,-111.9258659],[38,99,39,11,309,119,285,161,28,65,17,29]
w2ZahAoZ0FL6I5eWntBuSA,33.455815,-112.272682,3,[33.455815,-112.272682,33.455815,-112.272682],[84,477,125,478]
LgarUSoCVxZDFZVuQyfeUw,33.470504,-111.8848185,12,[33.303233,-111.927105,33.637775,-111.842532],[7,33,48,47,11,9,119,63,38,273,39,128,98,10,24,88,298]
enBGN19RgxuzlyRv1IFtnQ,33.367922,-111.84723495,5,[33.271662,-111.937969,33.464182,-111.7565009],[39,38,48,128,11,119,71,72,297]
R56v4POtM_WGClTf_ED2LA,33.5108735,-112.134201,67,[33.5108735,-112.134201,33.5108735,-112.134201],[43,11]
Nnqp0pTG4QZGvtjpbJR4aw,33.49514125,-112.02328705,17,[33.480678,-112.0257401,33.5096045,-112.020834],[126,11,99,43]
sEzrmitrG6o58eiLsP5nUA,33.765181,-112.32068,9,[33.765181,-112.32068,33.765181,-112.32068],[49,178,17,18]
oubVUZ_h4enNSrvWNo6_og,33.56025165,-112.102694898422,35,[33.447521,-112.335666,33.6729823,-111.869723796844],[169,11,177,140,26,119,27,99,63,33,48,7,41,311,38,39,24,309,162]
JhpSmdEwn0xGPczmfqi0tw,33.4518099,-112.0733182,10,[33.4518099,-112.0733182,33.4518099,-112.0733182],[28,17,29]
BhoipX98ylUbE7EEG3XuGQ,33.373465,-111.971852,3,[33.373465,-111.971852,33.373465,-111.971852],[158,28]
lRwGimUyc2vmBefCVT55eA,33.4462721,-112.0893682,1,[33.4462721,-112.0893682,33.4462721,-112.0893682],[84,336]
43o-MecFJLLFw2-hvf64uw,33.43904685,-111.98630345000001,42,[33.406846,-112.0650649,33.4712477,-111.907542],[48,11,218,41]
-lgy3GFL_ZvK7TgKbEXQWA,33.463516600000005,-111.99987730000001,8,[33.4354553,-112.0739136,33.4915779,-111.925841],[309,285,11,119,38,48,39,99]
KCVv6l7I9dTCRwrB2uh-sw,33.645204118231945,-112.115669135514,4,[33.5779821,-112.1185366,33.7124261364639,-112.112801671028],[265,11,99,185]
3tYkSvQGRKFCZoARMtl68A,33.41559,-111.6666754,5,[33.41559,-111.6666754,33.41559,-111.6666754],[96,72,354,202]
iqkEsT_nRFGZGKxpEevDcg,33.4526933,-112.0701129,14,[33.4526933,-112.0701129,33.4526933,-112.0701129],[28,17,29]
P3GuGoO4iTkL6r5aBTD-PQ,33.363588899999996,-111.9447974,6,[33.261388,-112.0323598,33.4657898,-111.857235],[49,80,82,59,26,11,7,142]
96MxmOU4eqGNJJUhq-S_ag,33.407162416802,-111.91035657289,1,[33.407162416802,-111.91035657289,33.407162416802,-111.91035657289],[404,451,11]
-PhhB91jiFxlA3NF8EZV7w,33.4237402,-111.9773033,2,[33.4237402,-111.9773033,33.4237402,-111.9773033],[72,269]
LGJG5yP0Lb0x59GfmzrpUQ,33.283350600000006,-111.87681005,27,[33.277061,-111.8930411,33.2896402,-111.860579],[177,140,11,28,17,29]
qsJLeNxVkZf9fhhSqUYe5w,33.49122305,-111.96185775000001,12,[33.479852,-111.994039,33.5025941,-111.9296765],[296,11,127]
3l-80U7yP_Pg13J6MtIzzg,33.6466197,-111.9250923,2,[33.6466197,-111.9250923,33.6466197,-111.9250923],[65,105,369]
VfvNQIh60fpR9lGXXWzHOg,33.498724,-111.927511,2,[33.498724,-111.927511,33.498724,-111.927511],[48,11]
0beZngJ03EmIQfVcnlVK4w,33.42404456005095,-111.827513575485,66,[33.220784807586,-112.071756,33.6273043125159,-111.58327115097],[7,108,27,11,49,80,82,59,224,36,8,88,38,39,298,41,373,97,219,218,229,33,119,24,292,26,126,12,13,6,115,22,65,133,57,18,109,209,17,137,139,63,138,251,106,131,54,226,195,32,90,182,172,46,314,112,254,89,178,48,190,28,140,69,205,40]
_JIAU-Y1mYosiRiWfMxQCA,33.4930514,-111.9339561,42,[33.4930514,-111.9339561,33.4930514,-111.9339561],[28,17,29]
nq9ToFRa4Hsz3txL-vm-Lg,33.4516361,-111.9979602,200,[33.4516361,-111.9979602,33.4516361,-111.9979602],[28,17,29]
7wnN87bqOHa7vYTvJpryxA,33.636811,-112.241265,1,[33.636811,-112.241265,33.636811,-112.241265],[119,99,11]
zjg94l6AedMyYQUZAPxS1g,33.4492,-112.0696,14,[33.4492,-112.0696,33.4492,-112.0696],[177,140,11]
WGF3dRnXzYlPFzpQTmeCXw,33.502191,-111.996292,4,[33.502191,-111.996292,33.502191,-111.996292],[109,38,11,39,63]
EKmFxaaYVE8rRKfftyn1yw,33.4989781786892,-112.0685942184965,3,[33.4566960573784,-112.072327136993,33.5412603,-112.0648613],[78,79,119,11]
FuBsbwuR4u94SA9ZTJBsGw,33.6228432,-111.9253506,5,[33.6228432,-111.9253506,33.6228432,-111.9253506],[123,65]
2lFL7UtU5E_njKRU9DxiaA,33.43475,-112.00644,86,[33.43475,-112.00644,33.43475,-112.00644],[28,170]
-go3WeXZo98OkgqdSwCExw,33.5529166,-112.1871122,1,[33.5529166,-112.1871122,33.5529166,-112.1871122],[120,11]
HnjYDB1ZtIZ1oQI0eW18TA,33.3963287,-111.9624529,2,[33.3350308,-112.0474748,33.4576266,-111.877431],[168,26,11,126,97]
HGLy2ltlu_c15rCYZm-tAg,33.640184,-112.354279,2,[33.640184,-112.354279,33.640184,-112.354279],[78,79]
OkwAoG2bcyi1QyqtwOF0CQ,33.4250641,-111.8970959,10,[33.3550442,-112.004661,33.495084,-111.7895308],[33,117,11,185,48,265]
hqK4I6qVXpyY1KoFpKfe0g,33.60223691565195,-112.32002718731701,5,[33.56627,-112.363443374634,33.6382038313039,-112.276611],[27,11,251,212]
ty2uNGOo-v4u7qDyBVyIdA,33.540823599999996,-112.01394625,3,[33.5288312,-112.054807,33.552816,-111.9730855],[6,155,54,156,161,195,65]
Fa9o3d2q57Dxj9LvyZPrbw,33.639403,-112.180066,2,[33.639403,-112.180066,33.639403,-112.180066],[338,382,206,11]
P_epJBsia-sD5VT9I_PkVA,33.581196298528155,-112.0127851746935,12,[33.5076745,-112.0992734,33.6547180970563,-111.926296949387],[7,137,8,139,33,99,11,177,140,36,44,127]
Gm4Ggknklln3qt3HZwZujA,33.543426,-112.17078000000001,3,[33.428648,-112.37738,33.658204,-111.96418],[28,17,29]
4caVESiG0BX8708bsybL2w,33.43368295,-112.04893985000001,5,[33.306107,-112.236894,33.5612589,-111.8609857],[48,185,11,144,239,33,117,27]
Wm2rIiWrL_d6kKOKVlnayw,33.3055845,-111.9002766,1,[33.3055845,-111.9002766,33.3055845,-111.9002766],[7,36,38,39,109]
1KfR6yCS4aRbR8CKCNOJNA,33.20711215,-111.87367165,12,[32.8800213,-112.2618153,33.534203,-111.485528],[99,11,7,63,182,43,229,26]
5UKD4r5xcUiKC1sKDfO6lQ,33.631458,-112.11195,12,[33.631458,-112.11195,33.631458,-112.11195],[248,6]
3vH9Pu4wqPUyxqbZyg6lXw,33.267793499999996,-111.82496230000001,2,[33.2644333,-111.8601,33.2711537,-111.7898246],[224,11,126,212]
Mb0psF4WQF7gZSuZafVr-g,33.278896,-111.97215521939549,200,[32.879177,-112.2610692,33.678615,-111.683241238791],[7,162,119,11,168,169,99,185,6,45,65,148,204,48,47,194,33,200,109,38,39,57,69,36,8,434,103,63,212,361,96,72,13,30,265,12,98,239,44,126,208,35,10,24,113,116,26,108,127,84,124,125,4,137,139,138,247,142,292,56,46,43,224,49,52,106,54,27,229,285]
hCHhSNZHrRlzCm32HA1L5g,33.26797705,-111.92372245,5,[33.220295,-112.0048589,33.3156591,-111.842586],[54,238,33,119,11,49,80,59,382,7,142]
fv7VOyNM7e1RmQVgiediLw,33.542615,-112.1755497,10,[33.445899,-112.2797864,33.639331,-112.071313],[4,6,57,69,228,327,99,11,33,44,38,181,39,48]
hCwQLVxqNkiEu5V-K8orFA,33.5093092,-112.0738391,3,[33.5093092,-112.0738391,33.5093092,-112.0738391],[119,11]
4xWwe4RXUAh3WOxOWVm02g,33.640119,-111.992554,2,[33.640119,-111.992554,33.640119,-111.992554],[71,72]
joc_t1PSpXyRMNY0G0bOHg,33.321486,-111.805265,1,[33.321486,-111.805265,33.321486,-111.805265],[39,38,99,128,11]
wPU-6Ur58GQF9_xRqOW_1w,33.362719,-111.8761389,2,[33.362719,-111.8761389,33.362719,-111.8761389],[224,41,11]
lnPeqNltqutCyArChGTSuw,33.4527287,-112.07268705,134,[33.4495944,-112.0732071,33.455863,-112.072167],[212,11,28,17,29]
gk0KRGaxCZva7VPqIt0LZQ,33.4240085,-111.9401874,6,[33.4240085,-111.9401874,33.4240085,-111.9401874],[38,99,39,11]
qPdjswsTn1T1hqvQ2-dhMg,33.50201,-111.9313599,2,[33.50201,-111.9313599,33.50201,-111.9313599],[265,11]
Vo0S0vjdzazraPMyrNHA3w,33.583142,-111.927321,2,[33.583142,-111.927321,33.583142,-111.927321],[27,11]
g2d-17qljn4xsDCo8jyVLw,33.3106115,-111.905238,3,[33.302011,-111.967861,33.319212,-111.842615],[109,38,48,39,11,127,251,40]
lRUK2HiCMWQi4eUCsCoPqw,33.385147322397,-111.8946884573975,13,[33.321061644794,-112.065458,33.449233,-111.723918914795],[27,11,99]
Dc_Fvh982Tzm-mcCpheYkQ,33.4591122,-111.8588132,26,[33.393937,-112.0474855,33.5242874,-111.6701409],[6,284,35,99,127,11,224,168,144,63,27]
tQN4p7x5iFGmZqMwHYTDOA,33.455514550000004,-111.9208835,12,[33.4194512,-111.925841,33.4915779,-111.915926],[38,7,47,88,39,48,11,119]
GPltfkfRANXllDMuY2oVdg,33.6815794,-112.2355449,2,[33.6815794,-112.2355449,33.6815794,-112.2355449],[113,6,116]
UZN8GoLwZrJItHMRavOV1A,33.46571455,-111.9919711,59,[33.4516361,-111.9979602,33.479793,-111.985982],[127,11,28,17,29]
KVglV3X_HipoQyW9FGkFMQ,33.63333505,-112.27928370000001,13,[33.6116901,-112.393742,33.65498,-112.1648254],[126,97,11,251,212,120,168,43,373,182,41,65,133,27]
-QhD14FMKeUMMzTIlHFuKQ,33.262569587022455,-111.704735,8,[33.2183331740449,-111.88557,33.306806,-111.5239],[43,11,190,28,140,63,27]
xj7zdcRUi3I_huj5-RlGdw,33.4368974,-111.9300378,2,[33.4368974,-111.9300378,33.4368974,-111.9300378],[33,44,11]
7BGwlUG6xKO5N9m8Slp-7A,33.5097979,-112.0119734,1,[33.5097979,-112.0119734,33.5097979,-112.0119734],[11,63]
mMkG9IVfGsZ-JRZXn_Tb4w,33.6239149,-111.9255304,1,[33.6239149,-111.9255304,33.6239149,-111.9255304],[48,11]
_rg8SIAg4w2_CsVJNlm7Uw,33.435114549999994,-112.15277280000001,81,[33.337104,-112.3410606,33.5331251,-111.964485],[7,8,36,9,10,11,26,24,108,265,43,44,38,39,65,133]
Nay4whbu1ORV8TBiAC922w,33.572269,-112.115428,1,[33.572269,-112.115428,33.572269,-112.115428],[28,17,29]
ZYkqpX2lAYomr13wSLpNag,33.399664143414995,-111.930711605838,7,[33.37797828683,-111.936617211676,33.42135,-111.924806],[181,11,219,218,41]
tkJxuuPfsxktzf4LPUxxGw,33.4341094982183,-111.996914148331,158,[33.4341094982183,-111.996914148331,33.4341094982183,-111.996914148331],[117,11]
LAP3REsNn_P_on20KXTZvA,33.5005719,-112.0741143,1,[33.5005719,-112.0741143,33.5005719,-112.0741143],[7,108]
_9GXoHhdxc30ujPaQwh6Ew,33.509865500000004,-112.0411245,2,[33.509295,-112.042033,33.510436,-112.040216],[32,95,222]
2niwhUC9pAeHH_W29cl9Cg,33.4969773,-111.9275971,200,[33.4969773,-111.9275971,33.4969773,-111.9275971],[101,38,26,39,11]
EsAZGVmOivqtj6X66y21UQ,33.52435595,-111.99517284999999,6,[33.484149,-112.074924,33.5645629,-111.9154217],[88,38,99,39,11,168,48,84,419]
ZJ67j5aOsEGT7_qzL7q-RQ,33.4409805,-111.847555421837,12,[33.381723,-111.940544843674,33.500238,-111.754566],[126,97,11,48,38,26,39,32,95,222,128,185,88,24]
KcWIPa-swK6tFaG2BzOLHA,33.3344463,-111.8463705,2,[33.3344463,-111.8463705,33.3344463,-111.8463705],[377,323,11]
NPW1pHv3bHzcWVXybXH1ow,33.55438645,-111.92782085,73,[33.4846488,-111.9307637,33.6241241,-111.924878],[126,97,11,168,265,28,17,18,29]
FHSaw0dCn2EmtTaupCk-uw,33.517159,-111.97325595000001,7,[33.4787943,-112.0478085,33.5555237,-111.8987034],[48,11,26,218]
gFo2pusUxgPD4sRr2BPmDA,33.406219050000004,-112.0011293,2,[33.331946,-112.0221966,33.4804921,-111.980062],[11,63,26]
YweXL7KPvt0sCc0kdheXqg,33.3359104,-111.9080449,143,[33.3359104,-111.9080449,33.3359104,-111.9080449],[11,63]
8RSBT2cFbx1GFuIhokN1eQ,33.4608974,-112.0713509,3,[33.4564268,-112.0722742,33.465368,-112.0704276],[7,108,26,172,11,126,97]
9b_d5Xkut_q6KvS1XX35AQ,33.5689961,-112.12041185000001,7,[33.5612589,-112.1251993,33.5767333,-112.1156244],[48,185,11,49,80,82,59]
rmXRgwzS01_ukcHyNbrTtA,33.449188,-112.0772,11,[33.449188,-112.0772,33.449188,-112.0772],[126,97,172,11]
5Vd3aTLVREfgW4Ys1lEE4g,33.6495885,-111.93546725,3,[33.620562,-111.9746066,33.678615,-111.8963279],[11,63,119]
fIge-C2XBmxgKGNSXmnPuQ,33.5612589,-112.1156244,14,[33.5612589,-112.1156244,33.5612589,-112.1156244],[48,185,11]
PUpoXVAuLunyXX-oZB23uA,33.589863237247,-112.223139954132,6,[33.541036974494,-112.262291908264,33.6386895,-112.183988],[218,11,28,17,29]
d4A5SWfwCWuoDCYOSuv4SQ,33.4194512,-111.915926,4,[33.4194512,-111.915926,33.4194512,-111.915926],[38,7,47,88,39,48,11]
32tDSJc1xYZuxWU2e5vvaA,33.464277,-112.269802,1,[33.464277,-112.269802,33.464277,-112.269802],[97,11]
iFZpYQauK61g6YXBOX2WoA,33.45848515,-111.93020659999999,5,[33.422728,-111.951494,33.4942423,-111.9089192],[24,11,39,119,48,38,63,27]
NzeIZYdHN9epdUCnLziiZQ,33.4772147,-112.0736348,9,[33.4772147,-112.0736348,33.4772147,-112.0736348],[265,11]
SZx7TqKjcgxed-ovmAbSjQ,33.590152,-111.960174,22,[33.590152,-111.960174,33.590152,-111.960174],[49,158,178,28]
65j7bRPXJUkrUCQ7XGteDQ,33.47776985,-112.07007275,154,[33.4549678,-112.0791022,33.5005719,-112.0610433],[7,108,120,11,119]
nzzdOhWk3NmYuRJ9PFvLhw,33.306501,-111.875221,7,[33.306501,-111.875221,33.306501,-111.875221],[251,43,11]
6ISnVsMNREURyQCQjs1HSQ,33.4360415,-111.9956337,4,[33.4360415,-111.9956337,33.4360415,-111.9956337],[28,240,241]
MY2r94nlkRPLKC149-t5OQ,33.5396175,-111.98711105000001,59,[33.4952769,-111.995355,33.5839581,-111.9788671],[182,218,307,11,119,99,48,140]
9xZz5Jok9Yhu70HalctuzQ,33.620248,-111.8747234,4,[33.620248,-111.8747234,33.620248,-111.8747234],[104,161,195,65]
TL9z1PDMhLuByf_x08VZ_w,33.50793861676705,-111.950319826624,42,[33.3045866,-112.111108853248,33.7112906335341,-111.7895308],[99,185,11,38,88,39,40,7,108,48,27,251,43,142,172,126,24,229,119,49,59,33,117,192,206,26,109,63,140,74]
9MpA0k49TlAmntxj1p3feA,33.4272811,-111.9400902,11,[33.4272811,-111.9400902,33.4272811,-111.9400902],[119,48,11]
sX76LVgA7fBS6mavhUO92g,33.4580573,-111.91016925,7,[33.303233,-111.9778065,33.6128816,-111.842532],[7,33,48,47,11,224,177,140,142]
Sj0SFRXon6yI8K1eb-VFhw,33.4655863,-111.9279622,5,[33.4655863,-111.9279622,33.4655863,-111.9279622],[7,24,47,27,11]
MN_wA85eD8rK0lfwZtfhbw,33.4155738041353,-111.9001216447295,5,[33.409735,-111.942980289459,33.4214126082706,-111.857263],[7,108,224,11,43,38,26,39]
Cd5AmEfNWqpflZVh8g_Sog,33.2762703,-111.8753205,1,[33.2762703,-111.8753205,33.2762703,-111.8753205],[99,11]
JN7cF08Bsep4r354wiSKLw,33.4031998,-112.4787184,5,[33.4031998,-112.4787184,33.4031998,-112.4787184],[6,284,35]
0j9BH_ymVlCqm3qqFWwoFg,33.4729191,-112.14026949999999,23,[33.420571,-112.338095,33.5252672,-111.942444],[33,11,117,7,292,54,55,122,63,27,99,101,88,38,39,40,26,44,24,142,108,194,168,298,119,120,177,140,181,229]
qQIA-52dRaBaw26-P3ijow,33.6235377,-111.925553,10,[33.6235377,-111.925553,33.6235377,-111.925553],[7,108]
O-pPqO4W4q5H021iXf2Fbg,33.639896,-111.94439,1,[33.639896,-111.94439,33.639896,-111.94439],[38,99,33,39,128,11]
ZybVPCEwRbuTVNlX6FRjow,33.4930514,-111.9339561,96,[33.4930514,-111.9339561,33.4930514,-111.9339561],[28,17,29]
tv0uVPubgLNvZWcD0WGejw,33.4796486,-111.9868485,133,[33.4796486,-111.9868485,33.4796486,-111.9868485],[6,110]
laz_ok-lFKoTzQylQtwk3Q,33.507667,-111.9265438,12,[33.507667,-111.9265438,33.507667,-111.9265438],[32,95,222]
B4K5ruafil9RSDiTIL-1Bw,33.494796499652,-111.91507999999999,145,[33.321864,-112.103916,33.667728999304,-111.726244],[54,55,122,256,119,24,11,65,133,117,214,7,36,182,48,333,26,8,274,6,13,83,148,38,57,18,109,209,17,39,210,265,63,27,307,108,172,45,127,75,32,232,306,49,80,82,59,247,292,142,98,99,69,40,50,52,194,322,145,352,115,372,440,33,475,79,121,251,106,107,61,212,140,139,28,29,10,47,12,114,84,147,137]
AgU2idDbhQHcfRgAgbSiJQ,33.5073198,-112.06764695,3,[33.5063676,-112.101726,33.508272,-112.0335679],[106,279,54,466,488]
XY_bQqhZfyyEi_W5n4kQNg,33.371018250000006,-111.943827923515,5,[33.3197625,-111.9780071,33.422274,-111.90964874703],[64,133,65,63,27,11,126,97,117]
Em2bTTjrk-Rp4Yba0Xr4eg,32.878326,-111.708319,9,[32.878326,-111.708319,32.878326,-111.708319],[28,17,29]
TEGWADXt1VA1832jbVtSqA,33.6459761,-112.17667195,21,[33.6322642,-112.2375029,33.659688,-112.115841],[6,200,26,11,265]
kBF8iwCRBFsujZuGEIPs4Q,33.634647,-112.220679,2,[33.634647,-112.220679,33.634647,-112.220679],[265,126,97,11]
SpjW0ksk8WlzKIvA8LP7jg,33.514406,-111.9811515,2,[33.407065,-112.044309,33.621747,-111.917994],[28,17,29,43,11]
NQQwhwkSB2NBftorP1pVNA,33.580202489544,-112.056767,200,[33.569585279088,-112.2515876,33.5908197,-111.8619464],[84,124,7,98,108,28,17,29]
KR24321_OBBjc15_rjGo7w,33.39690005,-111.98199425,15,[33.3702541,-112.0265945,33.423546,-111.937394],[48,11,265]
xEO0OVhcNyYyZqSSaW733Q,33.41398475,-111.8773518003905,16,[33.3547012,-112.0649453,33.4732683,-111.689758300781],[7,108,48,11,33,142,24,224]
PEQv6x1N_DlqM65ZbRECYw,33.5019817,-111.9276185,2,[33.5019817,-111.9276185,33.5019817,-111.9276185],[38,48,39,11]
HW8jC-Lj05k1oHN6h5O7FA,33.520159050000004,-112.0542796,2,[33.5089901,-112.06466,33.531328,-112.0438992],[61,13,6,331,118,265,11]
af4xNqOkBxgSmRC0sImeWA,33.6403191,-112.0477218,2,[33.6403191,-112.0477218,33.6403191,-112.0477218],[175,129,79]
S1gkx8OlI9lD5Kd8z6xkRg,33.310833,-111.950669,111,[33.310833,-111.950669,33.310833,-111.950669],[98,7,292]
SJtF_Q7MxkEJTIzVGF1d1g,33.384163,-111.803119,6,[33.384163,-111.803119,33.384163,-111.803119],[212,126,97,11]
5YtEv1IRIRBiItOgpUmN7w,33.5997262,-111.9872563,3,[33.5997262,-111.9872563,33.5997262,-111.9872563],[126,11]
oRWvoHWcaatSm_tgewIWPQ,33.3499488,-111.81466315,6,[33.3312527,-111.8396278,33.3686449,-111.7896985],[71,72,287]
4DwGJnR_643pejVoc_BIeQ,33.361364949999995,-111.73913765,3,[33.330411,-111.7905455,33.3923189,-111.6877298],[26,11,7,292,99,48]
1AWcthi33nPl0rIU0m-XOA,33.4145027,-111.9268353,1,[33.4145027,-111.9268353,33.4145027,-111.9268353],[99,11]
HA2tf9EmS5WeGzleHuznbg,33.633411,-112.427972,1,[33.633411,-112.427972,33.633411,-112.427972],[1,263]
Ka-sgBZ8ro48e7yjOisEIw,33.498028,-111.927951,1,[33.498028,-111.927951,33.498028,-111.927951],[352,48,11]
9dxLtbYf7md6GgodiHN3bw,33.5100523,-111.9963126,5,[33.5100523,-111.9963126,33.5100523,-111.9963126],[206,11]
eryLfrk7fabe8G1HPBkNAg,33.3647213,-111.96414,8,[33.344158,-111.964558,33.3852846,-111.963722],[101,38,26,39,11,46,6]
j57HR3gaS5X1DrfalZ3W-g,33.4362393,-111.97019800000001,8,[33.363223,-112.079081,33.5092556,-111.861315],[84,419,120,11,119,26,7,292,142]
yymCqlD2-D5w6lTNGgCKBg,33.48959435,-112.03966015,3,[33.4691316,-112.0649272,33.5100571,-112.0143931],[26,11]
NeKjboI0cld0JXMQvHp-pw,33.4947757,-112.0541114,2,[33.480016,-112.080631,33.5095354,-112.0275918],[33,11,119,120]
PhCF3bQB0B09Nv4GH3YdrA,33.4655863,-111.9279622,9,[33.4655863,-111.9279622,33.4655863,-111.9279622],[7,24,47,27,11]
7uN3jj71sLZG-nf36gU__A,33.5451433,-112.0819097,2,[33.4495566,-112.0898,33.64073,-112.0740194],[224,11,71,72,184,297]
cXiFrXOBvBzZQ7JKTN3CsQ,33.3950098,-111.6846174,1,[33.3950098,-111.6846174,33.3950098,-111.6846174],[7,9]
rjzNT66zH2u0NZVIWiCeKg,33.3625275,-111.85409849999999,2,[33.302327,-111.951494,33.422728,-111.756703],[88,38,39,89,11,155,54]
ayKSWc7b1n75cPDNzjp9Aw,33.57848735,-112.07284235,47,[33.443995,-112.2194127,33.7129797,-111.926272],[11,63,60,6,48,98,7,119,168,265,33,182,307,212,43,57,99,36,69,30,8,13,110,39,145,15,25,292,10,108,24,97,141,382,72,28,241,394,395,41,200]
cg2D1SoUD8aBCaF4WO0i6Q,33.307325126378,-111.74171169729,1,[33.307325126378,-111.74171169729,33.307325126378,-111.74171169729],[265,11]
_-Zrzf2QYiw4KHugUTXNYQ,33.41800045,-112.00653349999999,56,[33.2664769,-112.153065,33.569524,-111.860002],[26,17,18,11,27,7,108,109,38,48,39,99,40,63,309,168,47,88,373,196,43,246,119,139,24,423,352,128,44,296,6,145,186,57,69,202,72,185]
iFgA4RcdLLuGjOnML9AIJA,33.638082,-112.189872,4,[33.638082,-112.189872,33.638082,-112.189872],[64,123,65]
rTxCjtxLXsJLNT2JAFZ4hw,33.421308858401005,-111.99213508644499,14,[33.407162416802,-112.0739136,33.4354553,-111.91035657289],[309,285,11,404,451]
6L8MaFumUOX95nfHCuTZYA,33.4218993,-111.9278812,11,[33.4194512,-111.9398364,33.4243474,-111.915926],[38,7,47,88,39,48,11,27]
rAM73vehyZsaPiKiS-zwCQ,33.4942939,-111.925316,1,[33.4942939,-111.925316,33.4942939,-111.925316],[26,11]
HxqVJRFrrqi-FD_Xq3CXSg,33.317906,-111.964138,1,[33.317906,-111.964138,33.317906,-111.964138],[12,13,6,372]
QaILuMnFAYvPWwpCZFSP-g,33.409394,-111.9121446,27,[33.307263,-112.0906616,33.511525,-111.7336276],[57,69,56,43,11,127,108,7,38,39,24,8,6,116,36,113,138,139,49,52,333,326,149,292,142,26,168,42,137,12,13,22,162,15,191,99,28,170,430,4,59,193,160,455,196,33,44]
xWvlVMWGtqgtXvZFuh7LwA,33.39853295,-111.9851470684965,43,[33.3022462,-112.072327136993,33.4948197,-111.897967],[119,11,98,7,201,139,24]
4zf__5msXAnNzQyljeGtrg,33.5825532,-111.9301931,1,[33.5825532,-111.9301931,33.5825532,-111.9301931],[39,38,99,128,11]
1k7H--FXiqQKKQARlcacqA,33.5670375,-111.9184649,2,[33.5670375,-111.9184649,33.5670375,-111.9184649],[28,158,17,29]
v8hWtY3W4e5tbEpgIxXxtA,33.643069249999996,-111.98337815,173,[33.6026595,-112.0367284,33.683479,-111.9300279],[265,11,99,7,36,26]
D7Avnd49qNB9SPLDq3rQ-g,33.5384203,-112.1839297,1,[33.5384203,-112.1839297,33.5384203,-112.1839297],[11,27,63]
V0VoGoD2euFD3TBY1tTjqg,33.5675303,-112.09679085,23,[33.4240504,-112.25351,33.7110102,-111.9400717],[202,72,38,26,39,11,43]
VkeqB1CaY_EDkb8sPKvQAQ,33.43475,-112.00644,84,[33.43475,-112.00644,33.43475,-112.00644],[28,170]
YZo-_Zo6vSSbWbGjgW5nYQ,33.637034,-111.9217796,3,[33.637034,-111.9217796,33.637034,-111.9217796],[26,11]
DpmHD0C-g-HgtFqvD9gvuQ,33.5123186,-111.995355,139,[33.5123186,-111.995355,33.5123186,-111.995355],[119,99,11]
tTQwXGXwGrcEnrJ4gziGAg,33.455732,-111.98366494999999,41,[33.362719,-112.091191,33.548745,-111.8761389],[210,11,33,99,224,7,162,119,182,172,25,6,257,41,26,169,126,98,24,108,212,63,97,38,101,39,128,43,142,293,48]
pt6zY0OxEGOg1XY7bOkL8A,33.4726589,-112.0734644,39,[33.4726589,-112.0734644,33.4726589,-112.0734644],[322,57]
sAMVNuaRl0zc8CdeDSm6JQ,33.4987839743405,-111.88595695000001,18,[33.3762931,-112.0357137,33.621274848681,-111.7362002],[27,11,26,99]
1byATC8MBYapXccIfe7hZQ,33.289801600000004,-111.9267914,55,[33.2614572,-111.970558,33.318146,-111.8830248],[28,17,29,48,11]
L3JgUWL05D2NYto17uhTZA,33.6396481,-112.1524188,34,[33.6396481,-112.1524188,33.6396481,-112.1524188],[49,80,82,59]
KqpafLMnQ3RzGIxGRFLE-g,33.6464133,-112.2365732,1,[33.6464133,-112.2365732,33.6464133,-112.2365732],[265,126,11]
paVPYjJfqMXEOkXwhpRDKg,33.3760692,-112.1264743,14,[33.3216034,-112.345359,33.430535,-111.9075896],[126,11,54,55,256,104,161,195,65]
OLQ_X0KkwXgDD3UL8lCKoA,33.4596905,-112.0462108,2,[33.4596905,-112.0462108,33.4596905,-112.0462108],[26,11]
Aggpf1EWooD85fhOhoRxPg,33.498078050000004,-112.0901219,35,[33.4577071,-112.1847509,33.538449,-111.9954929],[112,6,70,7,142,108,119,11,109,38,48,39,26,120,99,127,251,43,13,115,372,284,35,14,15,16,33,61,163,331,265,45,101,128,212]
qYxRpBnYhcoXvY-uqgLsKQ,33.422576,-111.896271,1,[33.422576,-111.896271,33.422576,-111.896271],[119,24,11]
NtrAx4R5yMX-KTKOewlUEQ,33.5151735,-111.92494400000001,3,[33.4787939,-111.9259092,33.5515531,-111.9239788],[309,119,285,11,168,265]
JhA5VkGHCabIwDRoiB8_JQ,33.505552388980846,-111.9612906772095,51,[33.5024095,-111.9955012,33.5086952779617,-111.927080154419],[7,142,99,11]
d0j-icp2cCAn27r3ovR7Pw,33.5025726,-111.97644704999999,163,[33.3051122,-112.1091081,33.700033,-111.843786],[11,27,63,24,119,48,201,99,7,10,9,108,172]
nYfpquFWxQC342RenTI3rA,33.30795835,-111.9918085,200,[32.902932,-112.364146,33.7129847,-111.619471],[28,190,251,11,7,138,8,139,63,27,24,137,311,212,97,265,126,307,10,49,38,39,26,57,306,98,119,56,333,66,52,206,182,99,17,18,445,202,72,9,210,48,29,145,225,375,80,59,44,13,6,4,5,425,160,146,115,162,108,120,365,218,128,46,372,43,22,152,12,47,109,149,177,140,322,395,41]
-bf0ZBsvUH1Pr2aeq6ibig,33.5204144,-111.9445884623205,17,[33.5019817,-111.9641728,33.5388471,-111.925004124641],[161,28,65,17,29,38,48,39,11,63]
fuGfZWfDFf97d6UyuO3d8w,33.50420693898085,-111.92670362720949,32,[33.4997186,-111.927080154419,33.5086952779617,-111.9263271],[38,99,39,11]
KxJBoa3RCOOkPs5LLS11ZQ,33.423546,-111.937394,9,[33.423546,-111.937394,33.423546,-111.937394],[48,11]
lRMwCvobVxPWBh-5VHEC7w,33.8333113,-111.9387279,6,[33.8333113,-111.9387279,33.8333113,-111.9387279],[410,307,172,11]
0rG08XdVtbFL0ieyyma0zA,33.4595855,-112.073343,3,[33.455863,-112.074519,33.463308,-112.072167],[109,38,48,39,11,63]
gM2jhJ8bzCF-gOgRjzEgRg,33.3999948394845,-111.95259005,13,[33.378062078969,-111.977873,33.4219276,-111.9273071],[26,11,7,108]
WMEdaakgZtmEgRRWF9SUrw,33.3051122,-111.99506,4,[33.3051122,-111.99506,33.3051122,-111.99506],[7,108,119,172,11]
W4IqL1hUnGa3ibfp9w5zCw,33.420941,-111.966874,1,[33.420941,-111.966874,33.420941,-111.966874],[24,11]
AIh9kNsfy3aiuqoYOdxGPw,33.5950968646478,-112.065436542034,2,[33.5950968646478,-112.065436542034,33.5950968646478,-112.065436542034],[28,17,29]
o96C1p5jwTvPlneWfl6miA,33.556998,-112.14035989999999,9,[33.475059,-112.3553813,33.638937,-111.9253385],[149,126,11,96,72,97]
1DTWDGZoS5YzgoCo9uau9g,33.4953972,-112.0010971,1,[33.4953972,-112.0010971,33.4953972,-112.0010971],[7,162,119,11]
GY9a8IKIlF4rQWQrBY8yzg,33.55799465,-112.12230109999999,3,[33.4772147,-112.1709674,33.6387746,-112.0736348],[265,11,99,120]
DVPEfHAc1EUOFTJV8EXjHQ,33.45723278886215,-112.17382863252999,2,[33.442375,-112.39201426506,33.4720905777243,-111.955643],[26,11,126]
CiuhziziixeR8PWDRSQGVw,33.6749989,-111.9776027,21,[33.6749989,-111.9776027,33.6749989,-111.9776027],[182,48,140,11]
Q7ki2LC0s0rw-ynM8h1hgw,33.0359595,-111.387416,7,[33.0359595,-111.387416,33.0359595,-111.387416],[62,26,17,11]
7Vj2drHNYDhQIfDFtnFpTw,33.611764,-112.064852,1,[33.611764,-112.064852,33.611764,-112.064852],[78,79]
SC_bFYaDgDub7tDjKCvV_g,33.5358066,-111.9976094,125,[33.3929982,-112.0824552,33.678615,-111.9127636],[182,48,140,11,224,26,7,108,49,33,24,88,38,39,298,13,6,115,372,465,57,145,12,61,114,101,128,28,17,29,126,97,98,10,9]
cxX_RYGZOQu4fnDKvXeFpQ,33.4105453536845,-111.860657930374,1,[33.4105453536845,-111.860657930374,33.4105453536845,-111.860657930374],[129,79]
APLIPfq1Rf8QyhHHk2uAyA,33.4891842,-111.92870495,200,[33.2997534,-112.168382,33.678615,-111.6890279],[57,56,39,145,46,6,182,48,140,11,265,38,99,27,63,7,109,36,106,54,327,168,298,88,67,68,32,95,222,108,49,51,212,126,8,445,66,52,33,119,186,97,194,146,341,127,128,469,292,24,10,17,62,89,26,333,69,205,206,439,172,98,251,47,366,84,40,43,322,224,45,65,148,204,345,346,15,250,77,112,191,35,111,113,352,28,29,4,100,425,313,12,114,13,115,229,55,266,122,256,14,90,491,279,167,42,228,185,101,22,312,152,142,177,41,400,80,82,59,307,244,210,442,241,440,139,470,293,368,240,91,379,133,143,110,19,20,23,72,154,157,103]
YZs7QJt9s7rkJeP0dsQJFQ,33.43475,-112.00644,178,[33.43475,-112.00644,33.43475,-112.00644],[28,170]
jzNujHInKuFQCyf7UECIjw,33.317527049999995,-111.93991195000001,8,[33.3156591,-112.0048589,33.319395,-111.874965],[26,11,382]
gbSrqR-OLj6HbleayfAU0g,33.27535765,-111.96309550000001,83,[33.0241115,-112.065458,33.5266038,-111.860733],[27,11,219,218,41,57,48,38,39,40,69,210,212,43,119,120,63,26,99,185,98,7,28,17,29]
30WiWaEtCv9BoT1LOcS0Bg,33.5021455,-111.9295381,1,[33.5021455,-111.9295381,33.5021455,-111.9295381],[161,65]
TheizhfMXhe8zSL2xttY7A,33.23581625,-111.8936764573975,21,[33.0241115,-112.063434,33.447521,-111.723918914795],[177,11,99,41,43,26,208,6,284,35,185,309,212,361]
qK1rzRnD-QD4sRxDU4NhlQ,33.5147612455416,-112.2160227792845,84,[33.3216034,-112.478628158569,33.7079190910832,-111.9534174],[126,11,26,38,143,39,205,96,72,149,7,138,8,139,40,49,52,251,48,101,6,145,186,57,97,218,41,98,177,140,27,66,333]
z2_Dd6MAx-fjcon-M_nFyA,33.546,-111.96828,1,[33.546,-111.96828,33.546,-111.96828],[26,127,11]
aF-O66EkEVuPLXTP4YWs3g,33.638937,-112.3553813,2,[33.638937,-112.3553813,33.638937,-112.3553813],[126,97,11]
pVE7S2qHL05ZFsb4mVp14Q,33.4855371,-111.9150525,5,[33.4329724,-111.9258022,33.5381018,-111.9043028],[126,97,11]
N4878r3seZOjglSOSN4kuw,33.50598145,-112.07179479999999,56,[33.5005719,-112.0744706,33.511391,-112.069119],[119,24,11,48,7,108]
_wnIcBPW8txQbuzNuVNfVg,33.5349253,-112.1847509,3,[33.5349253,-112.1847509,33.5349253,-112.1847509],[288,32]
MQ96E0cw4L4e9ixXbq15Pg,33.472555650000004,-112.20735214999999,8,[33.4354553,-112.3407907,33.509656,-112.0739136],[109,38,39,11,119,260,48,309,285,40,7,108,12,114,13,6]
kgrR7u6RXylbn3HGpihkAg,33.4239759,-112.3299377,2,[33.3832618,-112.3801036,33.46469,-112.2797718],[120,11,49,52]
oAUrkq3BzH3EllhbIbs2TQ,33.569425550000005,-112.20457999999999,3,[33.5092341,-112.3680195,33.629617,-112.0411405],[201,11,123,65,78,79]
rgAQoijqlKfuKE3j3SZrqA,33.6477966,-111.9320694,3,[33.6477966,-111.9320694,33.6477966,-111.9320694],[288,32]
xh2rvaC4efORz7CjroS_eg,33.62890005,-112.0164645,24,[33.424522,-112.180066,33.8332781,-111.852863],[26,11,88,38,39,40,182,48,168,181,229,99,126,248,6,212,7,137,8,139,128,338,382,206,194,27,296,142,265,108,119,109,63]
ZB0Mr0ftILhL5sngYXOn4g,33.4930514,-111.9339561,109,[33.4930514,-111.9339561,33.4930514,-111.9339561],[28,17,29]
a_qu0qZlYNmzCbwXvEY6QA,33.65563280000001,-112.27617319999999,4,[33.6384066,-112.3625742,33.672859,-112.1897722],[7,138,139,97,11,54,55,96,72,168,63]
Y0ft4428wQKVgdG3g-nlDA,33.45556635,-112.34137179999999,5,[33.4513293,-112.3415576,33.4598034,-112.341186],[26,11,119]
NP2Bkb6Aq6ZYKKVwylqxPw,33.4354553,-112.0739136,200,[33.4354553,-112.0739136,33.4354553,-112.0739136],[309,285,11]
Nf2fbTcpiWKpuHYKQvWeBA,33.4920033,-111.9258022,3,[33.4920033,-111.9258022,33.4920033,-111.9258022],[126,97,11]
YUejKo3ri7NtPFdsd1aDNg,33.346002,-111.89983775,3,[33.313774,-111.9399985,33.37823,-111.859677],[26,11,39]
px4MMlH7Fpr9XtCnC2wnag,33.532125,-111.96086,13,[33.532125,-111.96086,33.532125,-111.96086],[48,11]
tsoN88_D4FaYT_geeB_xLw,33.461047199999996,-112.0668191,7,[33.4492414,-112.0775732,33.472853,-112.056065],[38,181,39,40,11,48,7,108]
00xlzNoUgwfYsnHL7f7i5Q,33.571243,-112.065998,1,[33.571243,-112.065998,33.571243,-112.065998],[253,32]
lt8EDfC80IpHzGKlj8qGpA,33.588843,-112.20840795000001,30,[33.3777355,-112.5125131,33.7999505,-111.9043028],[7,8,119,11,49,50,52,26,212,63,97,46,6,33,15,191,109,38,27,39,126,293,142,84,345,346,265,185,465,57,145,48]
BmDHQ_Rjb9_nVbmaMPbHfw,33.63945075,-112.13945385,3,[33.6387798,-112.1672471,33.6401217,-112.1116606],[218,41,11,7,33,142,120]
vG5m7L7PE4t7j_jErACcTQ,33.5472655,-112.15001975000001,6,[33.4548476,-112.219969,33.6396834,-112.0800705],[182,48,140,11,63,27,24,311]
OsHPt0PIOQg4JlDBQp4K7Q,33.642461350000005,-111.97610895,35,[33.6032317,-112.236716,33.681691,-111.7155019],[7,379,210,108,11,33,43,72,154,44,26]
gXcDH32JGJpBUUs073wE2g,33.46115835,-111.93372515,200,[33.4253394,-111.9398532,33.4969773,-111.9275971],[101,38,26,39,11,465,57,145]
yW4KOqI8fknh_REJw9yBBQ,33.561905499999995,-112.056925,110,[33.483281,-112.18908,33.64053,-111.92477],[126,11,63,27,109,38,39,26,210,119,99]
i7b1NSPyvIGwPP6d8v-dkA,33.42277432543,-111.9430078603,8,[33.34815905086,-111.9637082206,33.4973896,-111.9223075],[38,126,39,11,185]
6DWQIoYWkAHAU3kYE_qr1g,33.55128285,-112.04087155,5,[33.477035,-112.051043,33.6255307,-112.0307001],[112,6,151,254,57,186]
WBv58WbmPvAypWXnuF9PXw,33.582071,-111.9290497,1,[33.582071,-111.9290497,33.582071,-111.9290497],[99,24,185,11]
7w7BsKeACYXbgziEAnXmsw,33.6763591,-111.9780802,2,[33.6763591,-111.9780802,33.6763591,-111.9780802],[54,317]
PyXxP7T70j_jACcUKWDczQ,33.4499,-112.0739,14,[33.4499,-112.0739,33.4499,-112.0739],[99,11]
bPUXHjoJ8j56o4uyhBv_0g,33.59589855,-111.9257015,19,[33.5670375,-111.9329381,33.6247596,-111.9184649],[28,17,29,158]
OEtXJbe_iEbJzOD87dhN2g,33.6264628,-112.0111959,1,[33.6264628,-112.0111959,33.6264628,-112.0111959],[43,11]
9g1wpuviHPQjqfy6X9UR_w,33.443864,-112.070061,6,[33.443864,-112.070061,33.443864,-112.070061],[39,38,48,128,11]
MhsFuhMXgvJj0fO5dYyXAg,33.4949562,-112.1285522,6,[33.4949562,-112.1285522,33.4949562,-112.1285522],[7,8]
BFaGbp0UaGRqTciHoDqgzA,33.51759235,-111.9256628,25,[33.4938219,-111.9260096,33.5413628,-111.925316],[161,28,65,17,29,7,142,88,38,99,39,11,26]
WwJXSJikxXwxd_9Ox5DCPQ,33.46474965,-111.99267055,11,[33.3926383,-112.0742496,33.536861,-111.9110915],[38,181,39,40,11,7,108,5,6,4]
bEaUBBKfvsr6EONnoe9oOw,33.6765685033475,-111.924676895142,1,[33.6765685033475,-111.924676895142,33.6765685033475,-111.924676895142],[33,99,11]
XLob3qacnYjxuhhqW6zFGw,33.52323893714,-112.0305157,10,[33.3754094,-112.1347927,33.67106847428,-111.9262387],[19,20,23,49,52,72,287,38,11,39,27,128,63]
RyIUiuOrai_upllxKqiQqw,33.5981564,-111.9736389,50,[33.585312,-112.112433,33.6110008,-111.8348448],[44,212,11,168,26,127]
4pNp-04Z5N9MeIZKZEh2uw,33.5985136,-111.9795855,3,[33.5985136,-111.9795855,33.5985136,-111.9795855],[10,24,11]
U2f4haSnEtcRWvBzb4k30w,33.54620235,-111.9625428,24,[33.37942,-112.235873,33.7129847,-111.6892126],[224,11,185,119,57,27,39,145,475,10,98,7,99,33,44,120,48,168,474,47]
k_cDemzIDkm44br8pCVQfw,33.492335,-111.9236549,25,[33.492335,-111.9236549,33.492335,-111.9236549],[38,99,39,40,11]
tP9XrqBRTLh4tIVA8B5UAA,33.449233,-112.065458,1,[33.449233,-112.065458,33.449233,-112.065458],[27,11]
RLf1sMVkV6doCqnI7NpYOw,33.406998,-111.957898,1,[33.406998,-111.957898,33.406998,-111.957898],[208,6,35]
mlY2rj2PBhK6-nlWjDMQIg,33.640224149999995,-112.1441178,3,[33.6397913,-112.2245556,33.640657,-112.06368],[33,11,27]
8yv_wLcx9Xm3kalQWacKFQ,33.4492,-112.0696,36,[33.4492,-112.0696,33.4492,-112.0696],[119,11]
fs3dWymMSrrNCB8X2HlWXg,33.53605295,-112.04745940000001,31,[33.5242704,-112.0474619,33.5478355,-112.0474569],[99,265,11,48]
-t5LZg8ABpgR1REBo_EDrQ,33.6400079,-112.0872865,1,[33.6400079,-112.0872865,33.6400079,-112.0872865],[26,11]
44ll9Paz8rZb-2Rcptz-9g,33.52681,-111.9246221,26,[33.52681,-111.9246221,33.52681,-111.9246221],[11,63]
qi1Tf47pIh1HptmizCYTcQ,33.6400311,-112.070196,3,[33.6400311,-112.070196,33.6400311,-112.070196],[7,108]
2qKgObPOV1kDl6U08Mjxyg,33.516591149999996,-112.1127167,54,[33.317906,-112.3504684,33.7152763,-111.874965],[99,11,98,7,24,48,27,119,251,33,117,108,6,88,38,39,89,212,361,104,161,65,54,220,224,26,149,63]
nzDUtI9Ov7RdGOgCP40uJA,33.5375625,-111.978361,4,[33.491645,-112.073196,33.58348,-111.883526],[7,142,38,140,39,40,48,11]
CqaA0pa6idqEQWhoBtWmyg,33.414345,-111.913031,4,[33.414345,-111.913031,33.414345,-111.913031],[192,11]
A_O8wZOsMTPwyeYA4-Rsow,33.49794225,-112.07108108652349,200,[33.3402863,-112.3411673,33.6555982,-111.800994873047],[49,50,52,7,194,79,121,84,345,6,346,27,11,108,333,57,69,68,366,26,193,80,59,38,48,39,40,292,214,109,101,33,119,99,128,185,44,265,205,145,439,327,186,67,63,45,24,140,36,28,442,241,139,225,403,296,70,177,175,129,96,72,181,8,441,88,47,141,250,14,15,142,157,103,147,307,172,120,65,195,208,35,206,491,30,13,74,246,17,423,16,298,82,29,91,247,127,124,125,56,18,98,191,110,341,77,76,387]
4rqK-PeJ7y2ajqoSR1GfJg,33.529580949999996,-111.988819,15,[33.384163,-112.174519,33.6749989,-111.803119],[7,139,225,375,212,43,11,38,48,39,127,177,140,24,27,63,108,265,126,97,119,99]
iVfFbHTidXCiL2ofwVXtjw,33.348162,-111.9819,2,[33.348162,-111.9819,33.348162,-111.9819],[26,11]
VpNv4u5V4O7WH4osgaKG0A,33.43475,-112.00644,1,[33.43475,-112.00644,33.43475,-112.00644],[28,170]
CcliogrhUxUat49d8r22AQ,33.65396575,-112.09523835,5,[33.6401855,-112.122882,33.667746,-112.0675947],[33,11,44,26]
7f-Qyv-7x_AJ9a6dj9osIQ,33.46131595,-112.06759645,16,[33.4315119,-112.079081,33.49112,-112.0561119],[26,11]
xtE_rVyiyfZWWBojkcme7A,33.57139345,-111.95212175,5,[33.5299053,-111.9778065,33.6128816,-111.926437],[265,11,483,43]
k_uhfC3mEizlTR8AZfXY_Q,33.034868,-111.386046,15,[33.034868,-111.386046,33.034868,-111.386046],[177,11]
RQi82OtF2qvOBv6VEE0pyw,33.498028,-111.927951,8,[33.498028,-111.927951,33.498028,-111.927951],[352,48,11]
eRgu8ORqJ6IHxqUMgLsC9w,33.465184,-112.2739855,4,[33.465184,-112.2739855,33.465184,-112.2739855],[11,63]
ys-CD-veey-QnK87IHjz8g,33.53776105,-111.99601559999999,10,[33.4486711,-112.0662996,33.626851,-111.9257316],[7,292,99,48,11,119,84,389,378,32,433,322,57]
nEjclni9iWN1_kHChLgVLw,33.480795822397,-111.8243444573975,7,[33.321061644794,-111.92477,33.64053,-111.723918914795],[126,11,99]
USeoBschJ_sQCSF2n72EMQ,33.56262315,-111.9462675,200,[33.5022311,-111.96828,33.6230152,-111.924255],[126,97,307,11,26,127,99,46,6]
mB4k6xIScFTbll1ynOHRsw,33.4922985,-111.9245517,8,[33.4922985,-111.9245517,33.4922985,-111.9245517],[210,11]
ZkQiXgDYt4MAvvyruBkchQ,33.5825532,-111.9301931,4,[33.5825532,-111.9301931,33.5825532,-111.9301931],[38,212,41,39,11]
npcYpazveb-VVaI7tYqxjg,33.5670375,-111.9184649,24,[33.5670375,-111.9184649,33.5670375,-111.9184649],[28,158,17,29]
