1q18nQbxqEYF-GOrpQE_uw,33.4896276,-111.9941971,65,[33.4549678,-112.0791022,33.5242874,-111.909292],[119,11,99,127,7,162]
H7dZzRk5ybNIUarzkpcnUQ,33.5024095,-111.9955012,13,[33.5024095,-111.9955012,33.5024095,-111.9955012],[27,11]
wJOZESGCjELaCXpbczSxkQ,33.510026,-112.024174,9,[33.510026,-112.024174,33.510026,-112.024174],[48,11]
dQhd0Wfn59TYWf2GVukEww,33.477178,-111.925799,200,[33.477178,-111.925799,33.477178,-111.925799],[119,48,24,11]
NAyQLHEHbAWUjKtcHMxqUA,33.4584431,-112.10666334999999,26,[33.3778998,-112.2619703,33.5389864,-111.9513564],[24,11,7,8,168,26,185,44,285,10,4,6,17,18]
9naiHrcKCUe_YFXyStyL6g,33.488916700000004,-112.06505684999999,7,[33.4548476,-112.0824552,33.5229858,-112.0476585],[48,11,7,187,10,139,26,4,5,6,63,27,24]
Ej7mf24sdTfk6wyDlebz_Q,33.3957075,-111.7540587,14,[33.3957075,-111.7540587,33.3957075,-111.7540587],[255,54,55]
5fNsG3fo6RyRhBbUY6PT3w,33.483281,-111.926895,66,[33.483281,-111.926895,33.483281,-111.926895],[63,27,11]
q-I1sEztfa2SMqi1iEszWA,33.3488957,-111.9766015,7,[33.3488957,-111.9766015,33.3488957,-111.9766015],[168,126,97,11]
KK_2vxqNug1wQhVo22soQw,33.54366280701305,-112.15629835,46,[33.4329724,-112.4082939,33.6543532140261,-111.9043028],[11,63,168,97,126,38,140,39,40,48,109,206,99,88,265,27,26,98,7,119,24,47,210,128,33,177]
bkYKrAbREHReX5bFVYET6A,33.624662,-111.943525,1,[33.624662,-111.943525,33.624662,-111.943525],[11,63]
aIL13Bff3N_g_ynzgzpN7w,33.4849983,-111.95447939864499,45,[33.2711537,-112.1672471,33.6988429,-111.74171169729],[39,38,26,127,11,265,286,32,203,90,101,33,128,7,142,62,17,63,99,57,69,4,6,349,270,120,5,117,126,212]
ehtcnF3Ebvq23p107LcsuA,33.4571547171265,-111.992059673515,4,[33.407162534253,-112.0744706,33.5071469,-111.90964874703],[11,63,48,117]
9ryWdjTHVqqAoETSazV3sQ,33.44627014230605,-111.8528035,73,[33.2795972846121,-112.020561,33.612943,-111.685046],[212,26,43,11,63,7,162,108,177,140,72,395,292,232,33,99,44,265,483,24,208,130,6,32,35,200,185,57,69,56,28,241,394,361,285,27,119,247,49,341]
naAdr18B0LclyaBhfXZ37g,33.515794549999995,-111.99345084999999,200,[33.5093706,-112.0273984,33.5222185,-111.9595033],[48,11]
qxEy7oMHodxFXS-OfC1HSA,33.4150348,-111.9184724,13,[33.4150348,-111.9184724,33.4150348,-111.9184724],[182,48,140,11]
YHtqwFMB03tz_qalDw0wXA,33.43475,-112.00644,200,[33.43475,-112.00644,33.43475,-112.00644],[28,170]
Lc6mKF9YAcb1dmulklfodA,33.603354800000005,-111.90857215,4,[33.3795165,-111.9237212,33.8271931,-111.8934231],[218,41,11,224,27,24]
ITvnLguHzMElt-IqoKPoiA,33.4163799,-111.9380236,3,[33.4163799,-111.9380236,33.4163799,-111.9380236],[57,56,17,18]
meuNfU2y2A0VwGs-zJsMuQ,33.5384203,-112.1839297,4,[33.5384203,-112.1839297,33.5384203,-112.1839297],[11,27,63]
6yQ3xyfor5TtX1POugtTag,33.50858104852816,-111.9549121,48,[33.362444,-112.079081,33.6547180970563,-111.8307432],[98,7,24,11,36,8,126,65,133,109,38,27,39,99,26,192,97,28,177,137,139,33,44,138,223,142,119,323]
EC4aFlRjjDZlUq5d_zFj1Q,33.640408,-111.995167,2,[33.640408,-111.995167,33.640408,-111.995167],[117,26,307,11]
ModYMhsjb3Ab220aSvrZ3Q,33.5108208,-111.9862703,5,[33.5108208,-111.9862703,33.5108208,-111.9862703],[119,11]
Xyaa2surMNi_Gg4Ns2JzhQ,33.432038,-112.13377704999999,31,[33.3702541,-112.3415576,33.4938219,-111.9259965],[7,142,119,11,265]
_qo_IoMloeFYEskKmcmjjg,33.6556844,-111.9300279,20,[33.6556844,-111.9300279,33.6556844,-111.9300279],[99,11]
rj-1EE074QVT_Vq_8YAHyQ,33.5937119,-112.099237,1,[33.5937119,-112.099237,33.5937119,-112.099237],[38,128,39]
TKTRO477kFoi3nT6cVAxiQ,33.4661258,-111.9175385,4,[33.4661258,-111.9175385,33.4661258,-111.9175385],[38,48,11,128,39]
NF0VXzYjBVQ8VNyD2cktdA,33.5096045,-112.0257401,4,[33.5096045,-112.0257401,33.5096045,-112.0257401],[126,11]
FAJvC8NJ4hvbaV_R5V5jKA,33.46420865,-112.0008323,16,[33.4354553,-112.0739136,33.492962,-111.927751],[224,11,309,285]
M5BfuGHsFjJHJdgp1LMRPA,33.30390065,-111.86718445,4,[33.3013903,-111.89307,33.306411,-111.8412989],[62,26,17,11,119,99]
MmsFKFJ37DYbf2x-LvgtAA,33.566342,-112.098425,10,[33.566342,-112.098425,33.566342,-112.098425],[126,11]
9iXu9IhoRpX22q3Z2P6CTw,33.5808348,-111.9268582,4,[33.5808348,-111.9268582,33.5808348,-111.9268582],[33,48,307,11]
a1Xz1w2ItmJHONK9a6d_aw,33.5298046,-111.9589233,4,[33.5298046,-111.9589233,33.5298046,-111.9589233],[49,178]
Uc9gjZyCDEzHmf1i5nODJg,33.4938414,-111.9268138,77,[33.4938414,-111.9268138,33.4938414,-111.9268138],[27,11]
5_UUUciImhAsI6YNh9VZLQ,33.4922985,-111.9245517,1,[33.4922985,-111.9245517,33.4922985,-111.9245517],[210,11]
pKMZ8ZoPYPq3NrtQVEQ5yw,33.391611999999995,-111.9582077,27,[33.3028522,-112.0741598,33.4803718,-111.8422556],[119,11,168,126,97,33,28,17,29,88,38,99,39,27,169]
BuXDiPxnOU4JIpn2kdLFQA,33.55707995,-112.01888285,5,[33.4741375,-112.1113493,33.6400224,-111.9264164],[7,26,11,119,201,33]
7_rgdh-HwPgHh9aPsN-Jiw,33.5461085,-112.09947439999999,7,[33.451385,-112.151282,33.640832,-112.0476668],[126,11,7,28,190,98,10,192]
FSHCnJdYJrVsAKMCgtvnZA,33.5024987,-111.9258947,101,[33.5024987,-111.9258947,33.5024987,-111.9258947],[7,292]
uifBg3kjyb8Vhpmc1q2wlQ,33.36455986637155,-111.9212440818865,8,[33.3056789,-111.939622163773,33.4234408327431,-111.902866],[224,11,109,38,27,39]
ETutf5OMlVis95S88QNzaQ,33.61125804868195,-111.9595236306365,2,[33.5823408973639,-111.9951643,33.6401752,-111.923882961273],[33,99,26,11]
qo1bXmTwArJbwJJ4KxPymA,33.4587389,-111.917311532814,4,[33.4148837,-111.9296765,33.5025941,-111.904946565628],[182,48,140,11,192,7,292,108,24]
vr6GwdKX2LcGf_NSpAQi3Q,33.4646899,-112.2797895,39,[33.4646899,-112.2797895,33.4646899,-112.2797895],[57,69]
_t3tNHlXdgxdJtyVV-izcQ,33.444064350000005,-112.05412390000001,83,[33.3776437,-112.203945,33.510485,-111.9043028],[57,99,91,11,64,65,41,26,38,145,205,39,40,7,8]
Ga41sd1n77_j0sZO2wMOyQ,33.41840279852655,-111.921746308948,8,[33.4150348,-111.925020217896,33.4217707970531,-111.9184724],[182,48,140,11,192]
Q4a0vyE8VqWe4wjNm0Wf8Q,33.494454,-112.084802,1,[33.494454,-112.084802,33.494454,-112.084802],[84,147]
j3z3qC3l9A2SlBzbWyOWZg,33.6029318153084,-111.981189677656,4,[33.6029318153084,-111.981189677656,33.6029318153084,-111.981189677656],[7,98,10,9,11]
abNs9R9nwwVLD8IQ-obtCQ,33.48416805,-111.9862148,18,[33.4217279,-112.0817435,33.5466082,-111.8906861],[333,40,38,39,205,12,61,13,6,114,84,72,262]
SBMdAyklmMTM7UAvJ9wSVw,33.6168450794003,-112.202923316333,183,[33.6077660588006,-112.481632232666,33.6259241,-111.9242144],[265,126,97,11,48,39,205,12,13,6]
9QKLP4w8DBktVfC28HAgxg,33.5160662,-112.029562,4,[33.5160662,-112.029562,33.5160662,-112.029562],[161,28,65,17,29]
PTmAcYIvFDs8iG1oKmRjBA,33.312920500000004,-111.9899355,3,[33.305824,-111.991311,33.320017,-111.98856],[26,11]
5plFz6wJGShHvDSv6Zez4A,33.697091,-111.803116,1,[33.697091,-111.803116,33.697091,-111.803116],[84,345,6,346]
mgZ16PSsceu4Ey_K5NOZRQ,33.44810215,-111.96501,200,[33.3487093,-112.00644,33.547495,-111.92358],[28,170,96,72,13,6,30,17,29]
LyxdJESdPHfvCY_vSVuX9A,33.4657472,-112.1393283,29,[33.424939,-112.239795,33.5065554,-112.0388616],[7,98,108,172,11,201,182,139,137,27]
oidln6FGrxWDLsKRZXEryQ,33.5997853,-111.9869486,3,[33.5997853,-111.9869486,33.5997853,-111.9869486],[119,201,99,11]
rRd85VbLcFV7bomQAV60-A,33.50959,-112.129898,2,[33.50959,-112.129898,33.50959,-112.129898],[57,327]
FAujESGEiZYkHKQ5REI_Lg,33.4657178,-111.9763038,1,[33.4657178,-111.9763038,33.4657178,-111.9763038],[84,1,125,437]
TsmZh4vOpfR9S7jYGcLtKA,33.335807,-111.81629190000001,4,[33.31081,-111.8605718,33.360804,-111.772012],[7,11,63,229,168,42,43]
xkFpnxuuAZAyOliMUKeFKQ,33.494262,-111.9256488,2,[33.494262,-111.9256488,33.494262,-111.9256488],[192,11]
6IrKMXmBE1t1w7iJ4EZ1wg,33.54712314585615,-111.971287549202,200,[33.4322113,-112.0478085,33.6620349917123,-111.894766598404],[28,17,29,246,18,26,11,352,48,57,69,24,271]
wE05zDjMt4KFRhhVzt4EIQ,33.421617342644,-111.9466751753,54,[33.421617342644,-111.9466751753,33.421617342644,-111.9466751753],[63,27,11]
4vECjx1eQSWCHfM3ZSbrNA,33.50081085,-111.86520784999999,19,[33.3459373,-112.047693,33.6556844,-111.6827227],[38,39,15,6,191,108,7,182,139,137,11,8,35,76,48,98,10,9,24,4,26,120,36,127,293,64,65]
r3Biy5JHTQsNWTRSijhSbQ,33.534203,-112.2618153,1,[33.534203,-112.2618153,33.534203,-112.2618153],[182,99,11]
Kjmj5mQldpUGYDiDLGR31Q,33.710985,-112.200326,1,[33.710985,-112.200326,33.710985,-112.200326],[112,6]
NiZq9PYZlobUkII2sz2gZQ,33.6556844,-111.9300279,2,[33.6556844,-111.9300279,33.6556844,-111.9300279],[99,11]
cJ4rd_NpDvxyinpTBdNlyw,33.2829837,-111.91359835,9,[33.2475,-111.9682552,33.3184674,-111.8589415],[63,27,11,99,26,109,38,265,39,127]
wKz7p_9Mqk6RPgZ-oAWUUg,33.5968095,-111.88877450000001,84,[33.5706,-111.9021,33.623019,-111.875449],[43,11,7,98,10,9,48,38,99,39]
YWaRpwiXT84RQU53xQHFXQ,33.493947,-111.922301,1,[33.493947,-111.922301,33.493947,-111.922301],[161,65]
Cuf3jK64Oayx_sIDIV3iuw,33.5008018,-112.0824532,14,[33.5008018,-112.0824532,33.5008018,-112.0824532],[26,11]
PZwk3xnrX591YE1MgM4vKg,33.371359322397,-111.8352970450475,105,[33.321061644794,-111.9466751753,33.421657,-111.723918914795],[7,36,99,11,88,109,38,39,63,27,33,119,24]
vUGTi-7GSlzfS62sHQ8svw,33.51332735,-112.0541042,7,[33.5092556,-112.0824683,33.5173991,-112.0257401],[126,11,7,142,97]
tZDxaJ0QqZxHAJTSQLY_Ew,33.683226,-112.092802,4,[33.683226,-112.092802,33.683226,-112.092802],[185,11]
uMdy5HfoWH8v57IaiMHAAA,33.394432,-111.875578,2,[33.394432,-111.875578,33.394432,-111.875578],[43,11]
J4q3XTuGaINs--I-gh96Wg,33.4712875,-111.88614100000001,13,[33.303233,-111.92975,33.639342,-111.842532],[38,7,47,88,39,48,11,33,99,126,97,109]
SxUdGXJbxMGR07nD_YIQcA,33.59167,-111.946839,13,[33.425824,-112.001283,33.757516,-111.892395],[218,41,11,27,28,17,29,120,72,287,32,90,323]
BgrClRsZ0LoC1NrCtNaTNQ,33.5542705,-111.94540245,3,[33.4804393,-111.9995818,33.6281017,-111.8912231],[88,38,39,298,11,145,57,101,439]
DWlNFq8u4XEz2oJ0absHOQ,33.4860023,-111.9264164,28,[33.4860023,-111.9264164,33.4860023,-111.9264164],[33,119,11]
W0J2BAbpWFkPhHLuXw0Gbw,33.50138325,-112.01703119999999,5,[33.4950535,-112.040047,33.507713,-111.9940154],[26,11,33,99,177,140,27,63]
gkOxrI0_rNtBu6xyZh9AQQ,33.510026,-112.024174,1,[33.510026,-112.024174,33.510026,-112.024174],[48,11]
eTPcncjECXmhYZrWeQLYSg,33.5092763,-112.0362686,1,[33.5092763,-112.0362686,33.5092763,-112.0362686],[24,11]
Ps9_J7H1zdtZ6dUfZd7bTg,33.30617,-111.9747,1,[33.30617,-111.9747,33.30617,-111.9747],[119,11]
yCVNPcZRNv9m-Q-PV4csRg,33.639111400000004,-111.93545725000001,28,[33.499236,-112.0152845,33.7789868,-111.85563],[177,140,11,117,168,265,27,65,133,119,99,63,307,46,6,49,50,52,224,126,97,182,48,169,98,7,24,142,33]
P-lfV8cdAgEOZJkw2dJpsw,33.4344073655327,-112.0004486224365,200,[33.4340647310654,-112.00644,33.43475,-111.994457244873],[28,170,98,7]
OnnJUhgABaBiC6Sh0hDkrg,33.43141175,-111.99616615,4,[33.425077,-112.0114223,33.4377465,-111.98091],[28,17,29,26,11,170,38,99,128,39]
RBUnZVi666z4JdBfUMkssQ,33.50035835,-112.02014475,4,[33.494459,-112.0449608,33.5062577,-111.9953287],[38,99,88,39,40,11,26,177,140]
p6UZQUN0AsYchNlPnfYyIQ,33.5808348,-111.9268582,1,[33.5808348,-111.9268582,33.5808348,-111.9268582],[33,48,307,11]
5HuB9scazc114pGqDXuehg,33.4800404,-111.9797946,1,[33.4800404,-111.9797946,33.4800404,-111.9797946],[28,17,29]
3ZWV5fivqiTmzrKsiyGiVg,33.4020036,-111.99455595,13,[33.3490394,-112.0791022,33.4549678,-111.9100097],[33,119,99,11,49,368,57,69,7,8,167,195,65,26]
d-H7FdvcpIE7pQ-Z2Yl_wA,33.39699485,-111.90029925,3,[33.307711,-111.9102055,33.4862787,-111.890393],[129,121,79,11,27,63]
uu9EO0z3UQHTK6f06QCAOw,33.23400605,-111.80447275,200,[32.9953532,-112.0734644,33.4726589,-111.5354811],[102,103,322,57]
wRRVIAIo8AbdayfvWky7jg,33.48724194852815,-111.87184625,25,[33.3197658,-112.0478898,33.6547180970563,-111.6958027],[7,36,38,39,137,8,139,168,126,97,11,63,6,45,194,47,48,128,27,99,10]
q8X9k4dyFsBeeDRf5Fq2rw,33.629440349999996,-112.02895129999999,200,[33.458341,-112.1299404,33.8005397,-111.9279622],[7,108,119,11,24,47,27,109,38,39,63,33]
atLAjM82RaejK82y-wevkQ,33.52304235,-111.99886319999999,27,[33.41563,-112.0739136,33.6304547,-111.9238128],[49,146,39,341,309,285,11,312,57,504,91,119]
OqiFKPS2C5rEsymert6nEQ,33.4245151,-111.9431827,10,[33.4245151,-111.9431827,33.4245151,-111.9431827],[28,17,29]
I9YFEhHEWN1TZpF7avZd5Q,33.435146,-111.998367,22,[33.435146,-111.998367,33.435146,-111.998367],[33,44,11]
m6xBa-0BzL2UX6iWbeProw,33.4846488,-111.924878,3,[33.4846488,-111.924878,33.4846488,-111.924878],[28,17,18,29]
JWMrPF3PwcmeHNKsGvG8sQ,33.546608,-112.047023,1,[33.546608,-112.047023,33.546608,-112.047023],[38,11,99,128,39]
vYjEjzJ-t81vF-oFzcCSww,33.57711,-111.925321,5,[33.57711,-111.925321,33.57711,-111.925321],[28,17,18,29]
5yZipAHVqzROwE4hTZVajw,33.43475,-112.00644,102,[33.43475,-112.00644,33.43475,-112.00644],[33,11]
yqrqWxtSl_gZBHKtG5Mc9A,33.343352067006,-111.89002818360001,2,[33.3090064,-111.9388855672,33.377697734012,-111.8411708],[26,11]
mkzns5ihlVBpwZP3ABNmuQ,33.42269985,-112.0175102,13,[33.3211123,-112.1091081,33.5242874,-111.9259123],[26,11,38,39,40,265,63,27,99,127,48,84,337,283,32,336,126,97]
DqZZpTdtyqCninuyixqwlw,33.49112,-112.079081,5,[33.49112,-112.079081,33.49112,-112.079081],[26,11]
SAaJZJBuoAghlT_pFw8EIw,33.53089725701305,-111.9967460058185,7,[33.4074413,-112.083579911637,33.6543532140261,-111.9099121],[119,26,185,11,224,177,140,108,7,182,139,137,49,320,321,193,59,63,27,145,57,39,205]
LnTrX9BR240MXg3XJ0wsDw,33.55541315,-111.962383223454,200,[33.4322113,-112.0429513,33.678615,-111.881815146908],[30,8,13,6,7,110,126,97,11,28,271,27,182,172,161,195,65,49,193,59,162,108,44,170,142]
p8IBwTyD7gczkycSsBTLCw,33.4930514,-111.9339561,200,[33.4930514,-111.9339561,33.4930514,-111.9339561],[28,17,29]
Qyu7oUSfFwuWckKRd8Q8cA,33.4437731,-112.00451100000001,3,[33.392538,-112.068359,33.4950082,-111.940663],[140,177,192,11,38,48,39,182,172,43]
PGfP-mDwRkY8KBcxvt6m_Q,33.54703525,-112.05133955,8,[33.455036,-112.1798866,33.6390345,-111.9227925],[430,11,224,140,192,323,39,205,218,7,8,6,35,76,251]
KFhRWVELC0-npCLQMwMX6Q,33.31081,-111.772012,70,[33.31081,-111.772012,33.31081,-111.772012],[7,11,63]
MNHdXpe7afs14uq3QWJm7A,33.4967622,-111.9250451,200,[33.4967622,-111.9250451,33.4967622,-111.9250451],[28,17,29]
7UCG64WvFfALilt5fepV_g,33.6119344,-111.9271523,2,[33.6119344,-111.9271523,33.6119344,-111.9271523],[49,321,80,59]
9Jyre_rjyOn9fmlUopzvQg,33.347591,-111.95738,5,[33.347591,-111.95738,33.347591,-111.95738],[119,99,11]
UnXyQqt0A5otAf10jMEz-g,33.50007015,-112.0413728,3,[33.495257,-112.0824682,33.5048833,-112.0002774],[6,70,65,133]
gvfZIrC89iWdHd7uuCC8OA,33.4758903,-112.05702545,4,[33.4423345,-112.0736563,33.5094461,-112.0403946],[38,39,40,11,119,109,24,63,27]
GGyXHGGXyIb6Bc8Hh-rgNw,33.3358523,-111.8205495,8,[33.3358523,-111.8205495,33.3358523,-111.8205495],[109,38,48,39,11]
Lq6iHtH3NsYtHS-aYrVKEQ,33.271662,-111.809029,5,[33.271662,-111.809029,33.271662,-111.809029],[119,11]
lqG8cr7TAnIePvgnRWz6lg,33.448775,-112.079564,1,[33.448775,-112.079564,33.448775,-112.079564],[57,39,145]
jVtBPomsJOL8Fc0Huo-e2Q,33.5025941,-111.9296765,2,[33.5025941,-111.9296765,33.5025941,-111.9296765],[182,99,11]
buHELZEJ-1KqQQI8_C8Kfg,33.703926499999994,-112.1045699252245,16,[33.54255,-112.137740850449,33.865303,-112.071399],[218,41,11,27,33,12,13,6,48,224,114,115,26]
KYiQWUxTTI8ZCJwsaFamNg,33.4248927,-111.99064375,2,[33.3939224,-112.072167,33.455863,-111.9091205],[126,11,63]
VHdXZcVP_4irouW4qxTKBQ,33.521153049999995,-111.92497005,9,[33.4948111,-111.9263601,33.547495,-111.92358],[28,17,29,26,11]
wvPXevA2a98vL944DKbvXA,33.822031,-111.90897,2,[33.822031,-111.90897,33.822031,-111.90897],[161,28,65,17,29]
FgQmwRD-kXSbYlTO0ZVBgA,33.384163,-111.803119,2,[33.384163,-111.803119,33.384163,-111.803119],[212,126,97,11]
3QlTa8MzERyvCfnpYJwjnQ,33.3790441,-111.8425949,1,[33.3790441,-111.8425949,33.3790441,-111.8425949],[27,11]
6FZTpNCLoSHF-MHh19gwEw,33.2920211,-111.7544923,4,[33.2920211,-111.7544923,33.2920211,-111.7544923],[28,17,29]
3tb1tp65RVsBf-e3BpQdRA,33.478956500053755,-111.99329845,19,[33.465411,-112.063511,33.4925020001075,-111.9230859],[119,99,11,33,322,57,56]
2DCpsscwe7uSrpF8_dClfg,33.404714999999996,-111.932323,25,[33.306107,-112.0739136,33.503323,-111.7907324],[7,162,108,27,11,239,33,309,119,285,49,341,185,126]
9-8B0JEKGbjLexiuynIG6Q,33.449188,-112.0772,11,[33.449188,-112.0772,33.449188,-112.0772],[49,57,228,51]
S9WUDyZbXpmz2EnF9jO_jg,33.32598619034085,-111.807121027427,2,[33.2853711,-111.8930429,33.3666012806817,-111.721199154854],[17,18,119,201,11]
rG-qHdN_CgxzBjcAaIbkdA,33.6819249,-112.2796988,5,[33.6819249,-112.2796988,33.6819249,-112.2796988],[202,72]
_9t3EWCM8eMd9lGdV6M8lA,33.56417044868195,-111.9460814806365,5,[33.546,-111.96828,33.5823408973639,-111.923882961273],[7,292,98,26,11]
eZ-wj8fZBKbRZMvLmT52jg,33.56496435,-111.92493185000001,67,[33.492962,-111.927751,33.6369667,-111.9221127],[7,142,61,13,6,85,63,27,307,11,224]
vMZnZlZRT5JvDurrj5rGFw,33.53775935,-112.06049745,5,[33.5116737,-112.073533,33.563845,-112.0474619],[48,11,210,7,36,99]
7d28hJKro5XRUlYLXC-3sw,33.575406,-112.0525164,41,[33.508634,-112.100283,33.642178,-112.0047498],[6,270,65,133,99,11]
rjozM6Vh_8Y9R7kLOfvtpg,33.2774819,-111.7316557,5,[33.2774819,-111.7316557,33.2774819,-111.7316557],[32,314]
ymDl_7gImq5PXBzplIR6kA,33.54345285,-112.0031786,2,[33.5051173,-112.0826972,33.5817884,-111.92366],[35,6,77,70,64,123,65]
yg9FlyXJcmrMAfqkXmVvDw,33.45982885,-112.17944585000001,9,[33.4549678,-112.2797895,33.4646899,-112.0791022],[57,69,33,119,99,11]
2aAeIVQ2Jbv5KjXda0Si6A,33.683479,-111.966112,4,[33.683479,-111.966112,33.683479,-111.966112],[212,229,11]
LEoXyWsO4r3aLBhzngDOnw,33.51602665,-112.0460309,10,[33.5102068,-112.0648577,33.5218465,-112.0272041],[39,38,40,206,11,210]
33zglfze91FaCXHe-m_kGA,33.5097951,-111.9956764,1,[33.5097951,-111.9956764,33.5097951,-111.9956764],[38,99,39,11]
lNNtmwIQuB3D5kcz2xmniQ,33.2333299,-111.8580919,6,[33.2333299,-111.8580919,33.2333299,-111.8580919],[33,11]
Qj00DvkDsWAxBZiWKLT2VA,33.5237004,-112.0482435,1,[33.5237004,-112.0482435,33.5237004,-112.0482435],[99,11]
41fHPPYJenIE-s3QlTT7SQ,33.4937930973607,-112.00050706958001,3,[33.4752675947214,-112.00870513916,33.5123186,-111.992309],[1,431,32,454,224,11,119,99]
KbS13UDuJXRgvJilY00GcA,33.677854,-111.978579,1,[33.677854,-111.978579,33.677854,-111.978579],[7,108,201,119,11]
lMsucBpaRXPKlKgx_q1w-g,33.475275800000006,-111.99148919999999,7,[33.4483606,-111.996292,33.502191,-111.9866864],[109,38,11,39,63,28,17,29]
D2CmcY6T1DQzoTQDbyCG_g,33.5238908,-111.8979041,46,[33.5238908,-111.8979041,33.5238908,-111.8979041],[26,11]
eGAXs7KxmcB_PCxpI9FjKg,33.441040099999995,-111.97366625000001,30,[33.3920227,-112.0431543,33.4900575,-111.9041782],[311,88,38,39,11,273,192,129,121,79,182,48,140,119,7,47]
Hm7FukmTL452n48UZWWsZw,33.3788436,-111.6330824,7,[33.3788436,-111.6330824,33.3788436,-111.6330824],[155,54,6,156]
rixhxHOKxelohYbi9OukxQ,33.4239328,-111.93428655,8,[33.4219276,-111.941266,33.425938,-111.9273071],[177,192,11,26,149,229,377,24]
ho-nh7nOR5BcYhsh2o2T4A,33.4765807,-111.9265203,1,[33.4765807,-111.9265203,33.4765807,-111.9265203],[26,11]
pLEbNIwZ6hDz2JaUpzr6SQ,33.4716326,-111.9263131,1,[33.4716326,-111.9263131,33.4716326,-111.9263131],[265,99,11]
bqieFWXJBXlc8RNm5pOTbA,33.364354,-111.648448,1,[33.364354,-111.648448,33.364354,-111.648448],[37,32]
pEBx5r4IQgpBFa-qR_Kv0g,33.458621,-112.288744,4,[33.458621,-112.288744,33.458621,-112.288744],[72,184,297]
Eup5gfxB5QQ-I4JZ8TCSoA,33.36400515,-111.9288318,3,[33.2817211,-112.0686882,33.4462892,-111.7889754],[38,128,39,84,124,125,6,77,35]
Lcy48AwHr9Fl0Tp-nlT-bg,33.581877,-111.925123,2,[33.581877,-111.925123,33.581877,-111.925123],[27,11]
n1H7dCe8ifD-GK-h3JvBeg,33.489996,-111.927365,15,[33.481964,-111.927951,33.498028,-111.926779],[352,48,11,202,72]
IjQ7b5-P-F-t0R7jM95yRQ,33.4048415,-111.9702635,11,[33.337009,-112.064752,33.472674,-111.875775],[14,15,6,7,138,8,139,11,63,98,10,26,108,24,251,43]
wigVZqPYrWbz8ry_OlZADQ,33.492637988980846,-111.9389803,27,[33.4765807,-111.9514403,33.5086952779617,-111.9265203],[265,11,26,99]
i83slig4Odz1yS_x7mTpuw,33.7110102,-112.1142778,1,[33.7110102,-112.1142778,33.7110102,-112.1142778],[123,65]
qVLfcwTqLiMCo__CnD709A,33.58348,-111.883526,1,[33.58348,-111.883526,33.58348,-111.883526],[7,142]
jYjpGZD4KKXfOd_-lWAa5Q,33.547968528689196,-111.9770230684965,26,[33.4566960573784,-112.072327136993,33.639241,-111.881719],[119,11,48]
ktmy4-cpeM6kY8mW44tciw,33.464954,-112.35745,26,[33.464954,-112.35745,33.464954,-112.35745],[11]
y9YW-BpDACEGytpX3NaeRw,33.40123135,-111.97109105000001,105,[33.2994442,-112.0999,33.5030185,-111.8422821],[109,38,11,39,63,24,307,212,43,26,127,7,137,8,139,28,17,18,29,27,98,10,48,206,251,138,97,168,42,292,142]
XE-U16MVdr9pVp-Cuxyd9w,33.5318417,-112.0479816,1,[33.5318417,-112.0479816,33.5318417,-112.0479816],[38,99,33,39,128,11]
r7AVmv7cqpQNtMHG084_lw,33.4492,-112.0696,2,[33.4492,-112.0696,33.4492,-112.0696],[177,140,11]
OyyHjmxhCcZC5eH3k7NiIA,33.4951793,-112.0050934,6,[33.4951793,-112.0050934,33.4951793,-112.0050934],[117,11]
jHn3h_9ex7WNXwpKlWq__w,33.5556455,-112.08092500000001,6,[33.502191,-112.236216,33.6091,-111.925634],[265,126,97,11,64,161,65,109,38,39,63]
3vaRfxQquL9ZU8li7rUgKg,33.3550711,-111.8999173,6,[33.3028522,-111.9950265,33.40729,-111.8048081],[71,72,26,11,27,269]
7M7Xco9NxaJaofX6abCfMA,33.6552062,-111.9785442,91,[33.6552062,-111.9785442,33.6552062,-111.9785442],[54,195,238,65]
YpNc9nSMf2aCGyhwbhcIvA,33.442229850000004,-111.9343791,15,[33.2497757,-112.235193,33.634684,-111.6335652],[7,138,139,182,172,11,27,63,10,44,24,108,48,185,98,307,212,43,61,13,6]
DEUSPuOjS79Recqix6fNeg,33.321864,-111.726244,21,[33.321864,-111.726244,33.321864,-111.726244],[7,24,108,119,11]
hdtt0YSldtuwjMn5QGzSCA,33.4806776,-112.1091081,1,[33.4806776,-112.1091081,33.4806776,-112.1091081],[11,27,63]
1G6NzGvIU0g5fn_YG3idpw,33.3613421,-111.87922900000001,10,[33.303233,-111.915926,33.4194512,-111.842532],[38,7,47,88,39,48,11,27,33]
0R-fkgfm8koiX_JNv8OxXg,33.3052007,-111.8759747,1,[33.3052007,-111.8759747,33.3052007,-111.8759747],[71,72,73]
FiidN6A2ltGbsPRlItqrhg,33.49133275,-111.946798,7,[33.4366655,-111.96828,33.546,-111.925316],[113,6,116,26,127,11]
Kf5LfTnRphiaGysEfXwTbw,33.6340901,-111.9253782,2,[33.6340901,-111.9253782,33.6340901,-111.9253782],[6,77,7,112,35,375,139,17,111,113]
kDtJd2UaQ_y7QfYU1jwEyQ,33.6455682097528,-111.917118430138,1,[33.6455682097528,-111.917118430138,33.6455682097528,-111.917118430138],[28,158,17,29]
ZAu9B0Qe8tbf_dOxCeZg0g,33.5116737,-112.0653185,10,[33.5116737,-112.0653185,33.5116737,-112.0653185],[210,11]
90KMW778W3G3Es2p6yi1hg,33.422728,-111.951494,8,[33.422728,-111.951494,33.422728,-111.951494],[88,38,39,89,11]
pGLOZEOcFl05TE2gvBkLbg,33.5607745,-111.9439413,19,[33.492381,-111.9963126,33.629168,-111.89157],[26,11,265,48,206,109,38,39,63,119,99,27,128]
zZy1dsNYFLfDxE337U5_Eg,33.5824603,-111.6787751,10,[33.5824603,-111.6787751,33.5824603,-111.6787751],[57,258]
esRTwXm4McLNekVGfUdXnA,33.3408285,-111.86435234999999,13,[33.261657,-111.9741847,33.42,-111.75452],[27,11,282,72,184,265,33,99,44,202,328,32,203]
sRY6eXXj2PDCtiRjxeax0Q,33.425259,-111.681848,3,[33.393009,-111.870863,33.457509,-111.492833],[6,99,11,188,23]
1N7G_zQTaWCzsV3v95hCDQ,33.4150496,-111.8328578,1,[33.4150496,-111.8328578,33.4150496,-111.8328578],[84,86]
ZVknD9b5zcj_IL-2wtYwxw,33.40784375,-112.0044955,22,[33.304814,-112.134201,33.5108735,-111.87479],[33,38,39,11,224,212,361,24,7,142,139,380,265,43,126]
0ST1KniOKB9Evq-IuUyMIA,33.4913142,-112.06573825,14,[33.458341,-112.083991,33.5242874,-112.0474855],[38,39,40,7,108,119,11,26,63,99,127,143,205,33,210]
DKK64U-9lu301KIF2YyWRg,33.609425,-112.329474,2,[33.609425,-112.329474,33.609425,-112.329474],[26,11]
ybRn54DYmjBFPFbawFRxuQ,33.450047,-112.075677,2,[33.450047,-112.075677,33.450047,-112.075677],[24,11]
SBEkmqma7Z7D7Ija5QhiVw,33.5081693,-112.0477108,1,[33.5081693,-112.0477108,33.5081693,-112.0477108],[202,72,281]
GZGIhydMbByyrGK2k7sVdQ,33.56251135,-111.95061655,200,[33.4990986,-111.9770187,33.6259241,-111.9242144],[48,39,205,11,27,38,265,127]
bGjGAC_emJT3hWySi05QXQ,33.4947186,-112.0491733,60,[33.435146,-112.0999796,33.5542912,-111.998367],[84,147,177,140,11,15,25,6,251,188,23,26,13,115,372,38,39,40,48,137,7,139,8]
wy8Yd_vCWDjiz9rMo4HfqA,33.372764000000004,-111.90537530739749,62,[33.2475,-112.0868317,33.498028,-111.723918914795],[7,137,8,139,88,38,99,39,11,48,142,292,265,57,56,352,33,26,24,63,40,185,54,55,122,109,298,162,108,296,382,43,128,89,101]
2iTc9BwAgCR9STqEquurWQ,33.4504828,-112.0739897,10,[33.4504828,-112.0739897,33.4504828,-112.0739897],[28,17,29]
-Se5LA_emKR63tAbGv7q4g,33.5864265,-111.9762278,2,[33.494238,-111.977849,33.678615,-111.9746066],[11,63,38,99,88,39,128]
Ozi-bOT793b_zJsPbl37WA,33.562523850000005,-111.893402846507,5,[33.5555237,-111.8987034,33.569524,-111.888102293014],[15,6,191,218,11,98,7,24,63]
czFoJJekeWN_cGxLzej2QA,33.477933965703,-112.07352364174,2,[33.477933965703,-112.07352364174,33.477933965703,-112.07352364174],[224,11]
vm7ZViTKBdf2PB6DxDH79w,33.320211,-111.912266,3,[33.320211,-111.912266,33.320211,-111.912266],[49,193,59]
YlPD4-i3h6nQtokm3WmrFg,33.39899795,-111.901082,7,[33.3004279,-111.960264,33.497568,-111.8419],[97,11,98,7,62,17,24,168,126,292,109,38,48,39]
n7zK9RgfPv2uAOyCljG6hQ,33.3951536,-111.95833865,2,[33.351089,-112.0736473,33.4392182,-111.84303],[149,126,11]
FnV57D-raoRHJ10OKNT7wg,33.5010165161484,-111.977775516084,4,[33.4329724,-112.065458,33.5690606322968,-111.890093032168],[285,185,11,33,265,27,24]
QdnCJe6bcZMWvQ4JHmQgfQ,33.443125699999996,-111.95947315000001,7,[33.3772496,-112.0409994,33.5090018,-111.8779469],[7,8,13,6,115,372,449,108,24,11]
mt7TVwD_AU--yM4pWjSToQ,33.422728,-111.951494,55,[33.422728,-111.951494,33.422728,-111.951494],[88,38,39,89,11]
2a1wamxrn76LViwYCGH_rw,33.5609161,-112.0654251,2,[33.5609161,-112.0654251,33.5609161,-112.0654251],[185,11]
XSZ8UwlkrZtFy1GWhtSaiA,33.5102068,-112.0272041,1,[33.5102068,-112.0272041,33.5102068,-112.0272041],[13,6,4,49,59,12,193,160]
pV89mJLFYlT-B5oQSDDQmw,33.5648213,-112.162134137317,9,[33.4881846,-112.363443374634,33.641458,-111.9608249],[48,11,24,251,212,109,38,39,63,99,88,128,7,8,26,210]
eUIrA-9o9f0aLuiS8YInlA,33.732012,-111.85329680000001,4,[33.731871,-111.8537306,33.732153,-111.852863],[28,17,29,48,11]
fDgbawFmKxsrt83s4dVQkQ,33.3702541,-111.9741847,8,[33.3702541,-111.9741847,33.3702541,-111.9741847],[265,11]
OVmy8WqTGYluA87lQRSGdw,33.5484235,-112.0078683,200,[33.2664769,-112.0839659,33.8303701,-111.9317707],[57,327,48,11,63,38,140,39,40,161,28,65,17,29,99,27]
Erc6PnQ5-z5NN632eBnUzQ,33.624568249999996,-112.0242585,16,[33.449186,-112.127874,33.7999505,-111.920643],[57,327,99,11,43,39,119,48,38,26,185]
9jNo5zFLhdR57uFh1y-4kw,33.333760732415,-111.859059,5,[33.327278,-111.860002,33.34024346483,-111.858116],[92,15,6,216,43,11,373,196,251]
ynbYfudmDw3iwZpptU-KrQ,33.508480500000005,-112.04775415,10,[33.362444,-112.18729,33.654517,-111.9082183],[84,124,125,26,11,98,7,24,27,38,145,57,88,39,298,33,44]
efH0C2xdYdjcuB4v8Diatw,33.5100523,-111.9963126,96,[33.5100523,-111.9963126,33.5100523,-111.9963126],[206,11]
xdWsnbaTEfBMVHttqZDHxg,33.433381653793,-111.91679752548501,200,[33.220784807586,-112.2503239,33.6459785,-111.58327115097],[6,204,65,251,11,33,119,99,75,32,246,7,139,24,17,423,4,100,425,98,62,190,28,140,162,13,63,108,292,200,77,35,76,142,61,34,26,181,340,201,41,168,8,36,455,12,372,112,151,229,18,194,252,253,254,265,126,15,25,42,43,57,69,138,192,323,20,23,243,378,130,129,121,79,10,9,284,224,114,225,85,449,97,322,48,206,44,91,70,177,285,202,72,84,336,38,39,433,331,49,368,27,400,313,373,153,146,137,191,185,182,172,208,115,22,187,45,40,46]
gvagj7As9OEDZ_BgufhtEw,33.489784,-112.03566075,14,[33.449233,-112.0915007,33.530335,-111.9798208],[38,39,40,6,70,27,11,48,212,43,26,101,88,119,145,186,57,63]
YSLvm0K2CDXKl67WkpgCxA,33.519800950000004,-112.00186455,10,[33.4702022,-112.0740526,33.5693997,-111.9296765],[26,11,7,36,182,24,48,140,172]
Itrmme8eW7l95GlJ0U1F9g,33.625972,-112.134316,1,[33.625972,-112.134316,33.625972,-112.134316],[120,11]
6qL7A04QNfLAj5Tkig34YQ,33.541036999652,-111.82864464724449,140,[33.414345,-111.978514194489,33.667728999304,-111.6787751],[11,63,7,142,6,21,340,210,43,119,99,26,57,327,27,44,97,48,258,41,400,322,39,145,212,33,307,223,218,323,192,38,140,40,88,89]
ipWtXnzFalylD00PLxSP7w,33.451247772397,-111.8017271073975,5,[33.321061644794,-111.8795353,33.5814339,-111.723918914795],[48,11,99]
-vFU5r0eNLc8yeWnhP72XQ,33.4514897,-111.8230889,8,[33.4514897,-111.8230889,33.4514897,-111.8230889],[96,72,71,73]
sGL10Y44CVzzKNkLVeHOEQ,33.829762099999996,-111.93473420000001,11,[33.8273269,-111.9453694,33.8321973,-111.924099],[11,307,63,26]
POHQEtLi_u1MkysI7Hn0DQ,33.58338580098115,-112.03375700000001,39,[33.4537869019623,-112.183988,33.7129847,-111.883526],[218,11,182,172,39,38,26,128,119,43,7,313,48,140,33,99,307,212,177,192,27]
jYgIv1gQzO4RLrkfrKnlAA,33.5093372,-112.0608177,6,[33.5093372,-112.0608177,33.5093372,-112.0608177],[212,63,97,11]
fULvFpYfEl83HE5WIN4UMw,33.4969773,-111.9275971,1,[33.4969773,-111.9275971,33.4969773,-111.9275971],[101,38,26,39,11]
uGlF31hP7gZVaZCnYl0o0w,33.551802499999994,-112.19111720000001,3,[33.534203,-112.2618153,33.569402,-112.1204191],[182,99,11,38,145,57,88,39,298]
NXxdQ6nblyth32vvGk3EvA,33.4483771,-112.0740373,1,[33.4483771,-112.0740373,33.4483771,-112.0740373],[215,32]
5fiC7aSgkqzGX7aN0JA3QQ,33.458871,-112.077177,4,[33.458871,-112.077177,33.458871,-112.077177],[11,206,63]
KaH92FD6leDjvhMcJSu4TQ,33.416981899999996,-111.8372594,6,[33.414716,-111.8400478,33.4192478,-111.834471],[67,68,57,39,145]
3yJlrc2QIHpkyCRV-OsbGQ,33.470342099999996,-112.1010768,14,[33.3794253,-112.2724771,33.5612589,-111.9296765],[120,11,33,99,44,168,181,229,57,69,48,185]
oKXfe-Cy7PyNCPWaUQSzVA,33.4702022,-112.0653186,2,[33.4702022,-112.0653186,33.4702022,-112.0653186],[24,11]
mSuXQZu5NsKXRPW81Llntg,33.663207936920756,-112.1912538911225,5,[33.6570846738415,-112.2029352,33.6693312,-112.179572582245],[49,50,51,52,26,11]
qa05pUVNapADHZXpHMPMeA,33.1967797,-111.90794405739749,200,[32.8795324,-112.0919692,33.514027,-111.723918914795],[74,24,11,88,38,39,89,41,400,26,72,154,83,6,40,351,57,33,119,99,117,48,49,66,157,103,229,298,7,36,352,162,167,195,65,108,265,185,292,28,17,29,208,35,27,60,9,10,285,106,54,107,317,139,225,69,142,145,18,112,13,4,5,425,160,182,140,177,21,172,186,52,201,109,440,77,76,170,189,168,8,12,61,114,100,46,80,59,333,404,451,128,96,63,403,121,79,212,43,56,361,455,102,47,15,191,270,161,173,322]
-QFUut5cViBP9mYFHghZMA,33.49834285,-112.059209545485,17,[33.4155933,-112.34971999097,33.5810924,-111.7686991],[101,38,39,30,13,6,99,11,119,88,89,143,103,77,61,35,84,389,112,22,151,12,15]
eOVVMnFC5jeAInwiG3uNEw,33.5453306,-112.019328878495,73,[33.3776765,-112.1709674,33.7129847,-111.86769035699],[251,11,101,38,39,26,212,88,48,99,40,221,145,57,298,119,24,265,63,7,33,142,126,27,46,102,6,103,475,449,97,89,65,133,120,43,205,206,84,345,346,128,12,61,13,114,307,172,47,189,10,41,140]
0S3xCHTktjXx-1AVf_NQCg,33.66854405,-112.16522295,5,[33.6387383,-112.1895256,33.6983498,-112.1409203],[27,11,7,36,38,128,39]
ayD2Z08XmUdE4e3cYbDF8g,33.5738453,-111.8640322,1,[33.5738453,-111.8640322,33.5738453,-111.8640322],[123,65]
ehaSUn67tWxlVpO5yAChHg,33.50550145,-112.00095055,10,[33.393544,-112.0800705,33.6174589,-111.9218306],[38,181,39,40,11,212,43,7,108,24,98,292,64,65,63,27,49,320,321,193,59,119,26,185]
9OHBjpFO9TDZXco6yG7QBQ,33.546,-111.96828,7,[33.546,-111.96828,33.546,-111.96828],[26,127,11]
vNMoCUTt75RjtHVt-4jotg,33.6210689,-111.8977491,3,[33.6210689,-111.8977491,33.6210689,-111.8977491],[224,212,11]
N6fXTxMFxtHntDZnEotAtw,33.4441713,-111.98235195000001,29,[33.3772496,-112.086757,33.511093,-111.8779469],[43,11,38,88,39,352,48,112,6,177,140,123,65,109,201,7,449,108,119,33,36,8,247,145,186,57,142,24,99,206,63,26,27,40]
v-qoaJUlB6RFoy2Whkq4zA,33.52347685,-112.03956170000001,200,[33.4074097,-112.168382,33.639544,-111.9107414],[7,292,99,48,11,43,63,27,88,38,39,298,72,184,251,212,307,127,465,57,145]
3xsG2rgSHfY3J7PWfMFsow,33.43475,-112.00644,1,[33.43475,-112.00644,33.43475,-112.00644],[28,170]
bazh3LiYydXe3hvx3bF0Cw,33.452642499999996,-112.0004111425535,9,[33.407717,-112.0736563,33.497568,-111.927165985107],[224,11,182,172,109,38,48,39,168,298,88,24,40]
3hffcZy4Y6rk_5juiRWw9A,33.401030000000006,-111.90143,200,[33.304492,-111.929223,33.497568,-111.873637],[109,38,48,39,11,212,26,43]
BgFvuDIMvTH2Trrt7rkEZA,33.449233,-112.065458,5,[33.449233,-112.065458,33.449233,-112.065458],[27,11]
zbogcqfr0sABcIalc78jGQ,33.6337789243405,-111.9078055,47,[33.621274848681,-111.933892,33.646283,-111.881719],[465,168,265,39,11,49,178,28,17,29,119,26]
XoAyhKIQsCDwwDFzC900Fg,33.54018366663365,-111.93730183103,200,[33.43475,-112.0316226,33.6456173332673,-111.84298106206],[28,158,17,29,98,7,170,38,39,40,161,195,65,48,11,322,57,190,99,352]
c9k1x0ZSLjBljM5RfHErng,33.51856,-112.0236805,32,[33.49112,-112.079081,33.546,-111.96828],[26,127,11]
y6-hPlDm11omwpZtEcS7Ow,33.5383717,-111.9070453,3,[33.5238494,-111.9177166,33.552894,-111.896374],[1,32,302,84,346]
wPKJOQLck_WEEsbCfqS8RQ,33.5839581,-111.9788671,2,[33.5839581,-111.9788671,33.5839581,-111.9788671],[182,218,307,11]
7Q96OR8uguqam2IzqFYn-g,33.49683267057155,-112.3100651563505,20,[33.4611804411431,-112.359774112701,33.5324849,-112.2603562],[46,13,6,30,18,17,63,27,11,98,7,99,265,168]
ZZkatBfsbW34ICv2-Bs-Yw,33.40152,-112.0094941,7,[33.3480722,-112.0791022,33.4549678,-111.939886],[224,251,11,33,119,99,63]
b1CqQROFO9veKPZaEl_jDw,33.477407,-112.219346,4,[33.477407,-112.219346,33.477407,-112.219346],[210,11]
NiP7xx83aAAae-R7nlhNWw,33.550535249999996,-112.048043,6,[33.4741375,-112.100731,33.626933,-111.995355],[119,201,11,6,45,99,212,26,63]
Qv4zVyKkHYgSsCINQO7hyA,33.49112,-112.079081,3,[33.49112,-112.079081,33.49112,-112.079081],[26,11]
BWqYBrUPoddg6QtXbK4EOw,33.51315,-112.073765,1,[33.51315,-112.073765,33.51315,-112.073765],[11,63]
e6W6iYg4s7cMccHqDF47Nw,33.4691316,-112.0475116,4,[33.4691316,-112.0475116,33.4691316,-112.0475116],[26,11]
hjTsmaKCxNOKxc_QpKppCw,33.4964155,-111.928949,7,[33.495263,-111.929344,33.497568,-111.928554],[11,63,26,109,38,48,39]
q2varKrcV6mVZcCyHJq7wg,33.611402,-112.112968,5,[33.611402,-112.112968,33.611402,-112.112968],[44,11]
IOik8RDVlYhlr4j_CyruOA,33.6531,-112.16828,4,[33.6531,-112.16828,33.6531,-112.16828],[123,65]
_vmcHwVnvUCz5TdRyd4jNA,33.62405385550694,-111.932439208577,12,[33.6233481110139,-111.9329381,33.6247596,-111.931940317154],[28,17,29,48,11]
39Ypls4LQIh2K6KapixOVw,33.55856265,-112.0348623,33,[33.5173991,-112.0824683,33.5997262,-111.9872563],[126,11,97]
NPoOEAPspruMOik-9sKQtQ,33.3686747,-111.8590733,14,[33.2349399,-111.9955012,33.5024095,-111.7226454],[65,133,10,48,24,11,158,28,71,72,27,202]
7fZzuzu8OvxxNF0qyAvYyA,33.463629,-112.347038,1,[33.463629,-112.347038,33.463629,-112.347038],[7,194,201,11]
5EWuxSgcdpBsih2tXmorZA,33.37169555,-112.0064443,3,[33.3051122,-112.0178286,33.4382789,-111.99506],[84,291,7,108,119,172,11]
sM_5WWwzsKomERthYdmd7w,33.5396152,-111.9991012,105,[33.423546,-112.091917,33.6556844,-111.9062854],[168,11,38,99,39,40,48,265,7,108,307,27,172,84,262,24,63,206,28,17,29,161,65,26,174,54,195,119,101,126,97,140,109,224,104]
Uqkha8hDld5Y6f0VK3aWWA,33.272043,-111.9802308,36,[33.272043,-111.9802308,33.272043,-111.9802308],[49,265,146,11]
fDpkUjFV5ZAiOiOeIcgMUg,33.384163,-111.803119,2,[33.384163,-111.803119,33.384163,-111.803119],[212,126,97,11]
tPYarUDC8kdUgW-5y2yH6A,33.44437245,-111.92717395,114,[33.31081,-112.0823359,33.5779349,-111.772012],[7,11,63,89,187,139,108]
cziofqBSO9mcxuQXuDyzLQ,33.494426,-111.916048,200,[33.494426,-111.916048,33.494426,-111.916048],[79]
a6EFSliKhqV0EJv4Rpb1SA,33.305759,-111.993252,8,[33.305759,-111.993252,33.305759,-111.993252],[99,11]
29PqCUbeiG1ePBUPW3IHjQ,33.388106,-111.614836,3,[33.388106,-111.614836,33.388106,-111.614836],[96,72,71]
x_OgvuVzIfIeB7ssSIJS4g,33.5090018,-112.0409994,3,[33.5090018,-112.0409994,33.5090018,-112.0409994],[13,6,115,372]
gIEJ6CDjdN2g3yt4y6Wh7A,33.335917,-111.8088752,15,[33.335917,-111.8088752,33.335917,-111.8088752],[26,11]
4igAZiIobz_8tFpFs5se-Q,33.32677656461665,-111.8529028994445,8,[33.2341019292333,-111.915926,33.4194512,-111.789879798889],[43,11,38,7,47,88,39,48]
QUUR_4P5Eg60i67lBebyXw,33.3023282,-111.8427622,7,[33.3023282,-111.8427622,33.3023282,-111.8427622],[7,292,142]
Ms2YxFSQfDEIINH3EyuHGQ,33.5677516,-112.0695562,1,[33.5677516,-112.0695562,33.5677516,-112.0695562],[71,72,354,269]
mzenirXt-7sZR2RhkhvLDQ,33.4091952,-111.9141814,3,[33.4091952,-111.9141814,33.4091952,-111.9141814],[32,95,222]
3Grn7uGR9o2tJaD-ZEc7sg,33.683479,-111.966112,1,[33.683479,-111.966112,33.683479,-111.966112],[161,28,29,17,65]
M2QCL0MF1Hj6_0fNnHSJsw,33.3638935,-111.94597055,7,[33.2618154,-112.0313975,33.4659716,-111.8605436],[24,11,7,108,186,6,57]
rKL5uK2EcTNNnMZa2lBb6Q,33.5865658,-111.835417,2,[33.5865658,-111.835417,33.5865658,-111.835417],[11]
qf6HkZaAFaf8ihFW1Kd_UQ,33.469499400000004,-111.98815485,4,[33.4581958,-112.0676886,33.480803,-111.9086211],[38,6,145,186,57,39,101,33,48,11]
326r6HtMSVWc7SUIUJIYEg,33.751271,-111.992535,1,[33.751271,-111.992535,33.751271,-111.992535],[71,72]
p7IRg5EHrNeyXTJ-PxADMQ,33.49914,-111.923364,5,[33.49914,-111.923364,33.49914,-111.923364],[104,65]
iATlWwVJMwuBUFZX6on6Zg,33.497145,-111.9278401,1,[33.497145,-111.9278401,33.497145,-111.9278401],[38,128,39]
r01TfUd2TdZ1N464B1IhJQ,33.461599500000005,-112.041567,175,[33.43475,-112.076694,33.488449,-112.00644],[28,17,18,29,170,7,449,97,11,309,285]
YRMl-N0G-dpStpual7gnlA,33.450637,-112.207285495485,124,[33.44238,-112.34971999097,33.458894,-112.064851],[7,148,38,143,39,28,17,18,29]
mO4ev2W3IgLJmO-WPvAEQQ,33.5331251,-112.2581306,65,[33.5331251,-112.2581306,33.5331251,-112.2581306],[38,265,39,11]
QSQeU6bDea42m6yH_pOQ8A,33.572978649999996,-112.0840901,200,[33.4673423,-112.2382757,33.678615,-111.9299045],[99,48,11,251,224,265,26,127,38,39,63,27,177,140,126]
J9zEeVglXtBt2mgPVvPAYQ,33.321061644794,-111.723918914795,20,[33.321061644794,-111.723918914795,33.321061644794,-111.723918914795],[99,11]
6Q_NHOoun3f0t8xmDv1mog,33.4586027,-112.00461874999999,12,[33.331655,-112.0824683,33.5855504,-111.9267692],[7,10,9,11,265,33,119,99,168,126,97,98]
wucTPxUo64PepJk0MUDAkg,33.6631704,-111.9421765,39,[33.4941704,-111.9583011,33.8321704,-111.9260519],[28,11,17,29,48]
FcewYIwEDK_e9-nTOseoQQ,33.495074,-111.9891177,1,[33.495074,-111.9891177,33.495074,-111.9891177],[6,155,54,156]
kJc9YBRwmmZ_PG0uLHuEPQ,33.473150450000006,-111.99141835,190,[33.3366819,-112.123848,33.609619,-111.8589887],[141,6,43,11]
bgFy1-XjOGExDgsJDJpbqQ,33.48225095,-111.81533400000001,29,[33.137175,-112.091191,33.8273269,-111.539477],[38,265,39,11,117,24,99,128,127,26,7,292,63,27,10,105,65,101,33,307,36,298,465,57,145]
aHJY5feTftp6nQvVUnWpZA,33.4654660075615,-111.840209645996,2,[33.306896,-111.928024291992,33.624036015123,-111.752395],[206,11,126,48]
5NripeCVKFWFuU74nUGw7A,33.6459785,-111.9170571,1,[33.6459785,-111.9170571,33.6459785,-111.9170571],[33,265,11]
-WVTKM4JvMdYz7YG1i-H1Q,33.47457945,-112.07491365000001,12,[33.448587,-112.083886,33.5005719,-112.0659413],[38,48,39,11,119,212,7,108,49,6,65,193,59,24]
z3JdnYKhWMWZzHh0FDB7sw,33.33652,-111.876964,1,[33.33652,-111.876964,33.33652,-111.876964],[24,11]
8mfi2dZdGI_PIG222oGD1g,33.521325114548,-111.996007585138,19,[33.458692129096,-112.065567970276,33.5839581,-111.9264472],[182,218,307,11,39,119,48,38,98,7,108,99,127,63]
ORSWIOs1RIOf2ydv4hBQcQ,33.65396,-112.1696675,6,[33.637664,-112.221341,33.670256,-112.117994],[44,11,63,27,120,177,99,140]
lGwXSDG5pOPc1F-lOXmBSA,33.55299,-111.903869,5,[33.55299,-111.903869,33.55299,-111.903869],[32,95,222]
9rOV78Dfdaoz7mZMA-HaHw,33.6388158,-112.1849973,2,[33.6388158,-112.1849973,33.6388158,-112.1849973],[7,8]
OyTQrwSEEqaVRAAdtc1dyg,33.433640999999994,-111.96306000000001,31,[33.427634,-112.026154,33.439648,-111.899966],[38,99,26,39,11,63,27]
OqisxqKDGaZwEvLm1OG4dg,33.4639294,-112.07068765,8,[33.4537213,-112.0853103,33.4741375,-112.056065],[26,11,48,7,108,63,27,24,38,39,40]
wWYohrya_T7k8EL4oS7mJw,33.5357328,-111.99643499999999,3,[33.492962,-112.066932,33.5785036,-111.925938],[224,11,84,370,64,65]
_BOToivFIF4EYRZIJsWNuw,33.5672627,-111.9259052,3,[33.5672627,-111.9259052,33.5672627,-111.9259052],[109,38,48,39,11]
kpRa43MwPZtKWYMPF4NR2Q,33.4245151,-111.9431827,6,[33.4245151,-111.9431827,33.4245151,-111.9431827],[28,17,29]
TxHrnB4acZIwgUXWMpyEOA,33.545329,-112.043169,2,[33.545329,-112.043169,33.545329,-112.043169],[26,17,18,11]
IQfwO63jK-dCUfWrY2_lCA,33.424333000000004,-111.94592,8,[33.422728,-111.951494,33.425938,-111.940346],[10,11,88,38,39,89]
ZoBrIw-7VgCOO30GJVCoOA,33.40252675,-111.97489759999999,13,[33.362719,-112.0736563,33.4423345,-111.8761389],[192,11,60,6,33,119,99,88,38,39,24,40,89]
9bP3urjM__IP5csFh9ZsuQ,33.4868481,-112.110547537317,66,[33.3210491,-112.363443374634,33.6526471,-111.8576517],[309,285,11,33,120,43,212,26,168,169,99,10,24,63,27,251,7,189,49,38,39,128,341,41,239,202,72,126,177,140,307,292,48,142,224,361,293,42,265,74,296,108,117,97]
PVCZNbd9o58Vow2OFdb4Mg,33.4950535,-111.9958183,2,[33.4950535,-111.9958183,33.4950535,-111.9958183],[11,27,63]
vMZX1Br4TurxDAzgvvu5_Q,33.492381,-111.9259469,1,[33.492381,-111.9259469,33.492381,-111.9259469],[265,48,11]
h6fhVvqpkdNNRoDdnAd8nA,33.5062762,-112.03040945000001,9,[33.4950535,-112.0650006,33.5174989,-111.9958183],[11,27,63,99,7,8,6,45]
iOsJNHpuRyvhoGp-gniSMA,33.510225,-112.0394,7,[33.510225,-112.0394,33.510225,-112.0394],[177,140,11]
pqbA5kRZNK5RFKjl3NG34A,33.273619,-111.8413217,2,[33.273619,-111.8413217,33.273619,-111.8413217],[6,35,76]
j3ry0yds4O0jMh7myBESzw,33.365346,-111.737901,1,[33.365346,-111.737901,33.365346,-111.737901],[6,155,54,156]
gnXGMe-gTY3WSBTmWi7__Q,33.43475,-112.00644,41,[33.43475,-112.00644,33.43475,-112.00644],[28,170]
-RWm74oLki1462coxXzTCw,33.27559348893415,-111.8696704854875,3,[33.2454981778683,-111.8973083,33.3056888,-111.842032670975],[38,265,39,11,7,26,33,119]
tzz5rvi8fdcqmVVB2Dff4Q,33.341890322397,-111.80002890739749,11,[33.321061644794,-111.8761389,33.362719,-111.723918914795],[89,11,99]
px6RIT_CcE2Z1Jd52C8TQQ,33.43418335,-111.93191965,24,[33.2711537,-112.0740147,33.597213,-111.7898246],[7,33,48,47,11,168,248,249,6,15,251,60,88,38,39,89,183,65,126,212,145,57,205,40,117,224,361,97,26,127,298]
fMhU1RyQh2iylk6RluHreA,33.2125748081159,-111.67526753516,2,[33.2125748081159,-111.67526753516,33.2125748081159,-111.67526753516],[10,24,11]
vPjrrDnE2cP7D8Gz1fCpeg,33.4939313,-111.9256266,2,[33.4939313,-111.9256266,33.4939313,-111.9256266],[185,11]
3R1ee9Xc8lvv59Q9_5mkWw,33.396850150000006,-112.0460644,4,[33.3228773,-112.232875,33.470823,-111.8592538],[57,39,145,74,24,11]
QfMkmIcJVAiKYgItdX5D5A,33.5564441,-111.98864705,16,[33.530335,-112.047101,33.5825532,-111.9301931],[39,38,99,128,11,26]
7jHPdM3Ol-h3GqgkafaDSQ,33.4590083,-111.91748254999999,14,[33.3354566,-112.047693,33.58256,-111.7872721],[99,11,251,7,162,43,119,120]
R86wR3cHNJDPea5uGAGsGw,33.329007372397,-111.8001775073975,58,[33.321061644794,-111.8764361,33.3369531,-111.723918914795],[42,43,11,99]
2oLrsYH_qguhTNlm3j8T1g,33.233464772275,-111.687451601028,2,[33.233464772275,-111.687451601028,33.233464772275,-111.687451601028],[43,11]
a3qD7KcSmCwFMNRhf4F72Q,33.3492367,-111.82093760000001,19,[33.2185929,-111.9882712,33.4798805,-111.653604],[7,142,10,11,127,43,18,247,49,276,17,65,133,44,296,63,27,57,69]
eYf4v7EL-1PY9g3WM_qknw,33.4223528,-111.8234151,76,[33.4223528,-111.8234151,33.4223528,-111.8234151],[26,11]
1_iqTTsmzaQgz-USmqv-Xg,33.4936139,-112.0639061,14,[33.4570868,-112.0714138,33.530141,-112.0563984],[38,39,11,98,7,108,8,48]
wiEfzNFLpSEEGfP87PSs2Q,33.391517,-111.99902495,8,[33.324693,-112.067833,33.458341,-111.9302169],[7,108,119,11,88,38,39,89,201,32,203,6,130,35,208,264]
unfxu04-BK7IFOk_WhQZWA,33.5100097,-112.0152845,55,[33.5100097,-112.0152845,33.5100097,-112.0152845],[48,11]
z3xOgubkCYr2qNi7IuG9Rg,33.4909235,-112.0603045,15,[33.457863,-112.073629,33.523984,-112.04698],[265,11,38,48,39,224,109]
mVMXctrvRoDQoOjc-hJDXA,33.4953097,-111.93158955,31,[33.4930514,-111.9339561,33.497568,-111.929223],[109,38,48,39,11,28,17,29]
AYtex99aRrvPsIWvEwN7Nw,33.5434807,-111.94967865,200,[33.5044082,-111.9691642,33.5825532,-111.9301931],[161,28,65,17,29,486,11]
Jj3hLRO9JR8eFYhtyNN8TQ,33.5041174,-111.9768067,13,[33.498028,-112.0272041,33.5102068,-111.9264093],[119,99,11,48,352]
P-y83T3BpOTneosph713dA,33.42902515,-111.9116727095,41,[33.348621,-112.030813,33.5094293,-111.792532419],[129,121,79,84,345,6,346,33,11,30,13,54,55,122,256,99,127,32,130,35,208,264,48,7,8,106,107,317,108,142,292,137,139]
Ze3CYcTBGdjevc5ftqme_g,33.4673423,-112.2209537,16,[33.4673423,-112.2209537,33.4673423,-112.2209537],[99,265,11]
rirW6s11ZPB6niWF2eziQQ,33.465598650000004,-112.00727115000001,2,[33.4240504,-112.0744706,33.5071469,-111.9400717],[48,11,38,26,39]
uR7AY9gOIWXHNEpicT0T_g,33.5814399,-111.95066665,6,[33.5102068,-112.0272041,33.652673,-111.8741292],[182,48,140,11,7,142,265,126,97,65,133,84,419]
JsV1lEjJ9dsHU8PDbIaNBQ,33.575248,-112.07352265,3,[33.509038,-112.08,33.641458,-112.0670453],[7,8,26,11]
KICFDhBX25ruK_iW6gLgTA,33.437081250000006,-112.01288295,60,[33.2612195,-112.1830859,33.612943,-111.84268],[177,140,11,84,125,7,108,212,361,8,119,27,24,48,38,181,39,40,98,340,26,182,139,36,201,49,80,59,339,109,63,311,142,33,99,292,232,1,263,265,185,117,214]
f5xe1YwxRDwaA7B3seXrFQ,33.5025941,-111.9296765,1,[33.5025941,-111.9296765,33.5025941,-111.9296765],[11,63]
TU0JW-_OtD5-Zd6zP2L6-A,33.4922985,-111.9245517,5,[33.4922985,-111.9245517,33.4922985,-111.9245517],[210,11]
A9qIKLrClq0vxVElqMZf_Q,33.49014885,-112.0381096,4,[33.4710214,-112.0649272,33.5092763,-112.011292],[168,26,11,24,33,117]
_OKkWgobGfcFscBramhyDw,33.505102050000005,-111.9458922,28,[33.4765807,-111.9652641,33.5336234,-111.9265203],[38,140,39,40,48,11,161,28,65,17,29,26]
tD7hM4yPjk6hIhsUs6G2Jg,33.4950947,-111.9292934,12,[33.4950947,-111.9292934,33.4950947,-111.9292934],[168,48,11]
z_CkxSW81mOfphqk_20mcA,33.469388699999996,-111.9970414,4,[33.4354544,-112.0656259,33.503323,-111.9284569],[88,38,39,89,11,99,33]
17ONoXJhqtsF0Ak8gzBhaw,33.4803901,-111.9102319,2,[33.4803901,-111.9102319,33.4803901,-111.9102319],[185,11]
ItObWdSTTz5aST3FXYktPQ,33.5343605,-111.9280233,4,[33.502612,-111.9315649,33.566109,-111.9244817],[7,108,24,11,292,338,206]
weeeXOYS19-Pm4Th2qfKIQ,33.5289666668705,-112.01978930709501,5,[33.446195133741,-112.064644,33.6117382,-111.97493461419],[11,63,111,112,113,6,17,265]
72oIcz-7Xu_6HyQck3XagA,33.4529645286892,-112.0688925684965,56,[33.449233,-112.072327136993,33.4566960573784,-112.065458],[27,11,119]
gu0Jyzfq0c6rXbCYL2UzoQ,33.58513,-111.978361,15,[33.491645,-112.073196,33.678615,-111.883526],[43,11,26,27,49,80,82,59,24,38,140,39,40,48,182,99,44]
oXpf_8vkbo7wLCE29_gxbw,33.372379822397,-111.76397645739749,13,[33.321061644794,-111.804034,33.423698,-111.723918914795],[99,11,49,80,82,59]
G47CxkS31ypj96q4IIhAwA,33.4471783,-112.0744503,2,[33.4471783,-112.0744503,33.4471783,-112.0744503],[57,145,38,39,48,11]
QGQVXiICewN5PQsd83-d7Q,33.405912099999995,-112.02551,16,[33.3022462,-112.153053,33.509578,-111.897967],[11,63,26,43,33,120,7,292,99,48,6,119,27,49,80,59]
AxSs1vcdguncM1GGR7HWnQ,33.486935849999995,-111.92889600000001,5,[33.4765807,-111.933566,33.497291,-111.924226],[26,11,38,99,39,40,48,212,7,108,172]
IQSM-0_UBoOVy-XpmCkyCw,33.5324849,-112.2603562,9,[33.5324849,-112.2603562,33.5324849,-112.2603562],[99,11]
N1K_GSjFkjhElExkncyyeQ,32.879968,-111.725245,2,[32.879968,-111.725245,32.879968,-111.725245],[24,11]
AXxDMKA7TZEUNtlJi5IIrA,33.4360415,-111.9956337,178,[33.4360415,-111.9956337,33.4360415,-111.9956337],[28,240,241]
7XHAkOT8qgxsxGptccwbRg,33.5559776,-111.97368065,8,[33.4716326,-112.0210482,33.6403226,-111.9263131],[99,185,11,177,140,119,201,265]
RsE_yZrOtfZt7HeqefjOSg,33.5100097,-112.0152845,66,[33.5100097,-112.0152845,33.5100097,-112.0152845],[48,11]
_mjXNMEBG_0Vp3ga6l0XdA,33.487413034487545,-111.997478343338,2,[33.4797420689751,-111.999963,33.495084,-111.994993686676],[33,99,11,117]
YjyM32qgF9QQs7_GcqRsHQ,33.480803,-111.9345364,1,[33.480803,-111.9345364,33.480803,-111.9345364],[101,38,39]
s9v6zu3YvW5onSp4bFvUvg,33.6757605,-111.93391704999999,6,[33.673667,-111.978579,33.677854,-111.8892551],[17,62,7,108,201,119,11]
WkAhJKyPlpA6biWM6dmjWA,33.3777493,-112.0735285,3,[33.3777493,-112.0735285,33.3777493,-112.0735285],[296,43,11]
8uPrL5vr8ZpTvSrhb-9e5w,33.55169345,-111.97470895000001,13,[33.4803679,-112.0739689,33.623019,-111.875449],[43,11,101,38,39,128,7,108,24,27,63,119,99]
xzvb7EIJ0JRBOH3G5v7rbg,33.42854578066125,-111.99157506935549,112,[33.4248802613225,-112.0429513,33.4322113,-111.940198838711],[28,271,7,292,142]
Ry878x_KiVvzv552C4vxGg,33.4159392,-111.8749029,2,[33.4159392,-111.8749029,33.4159392,-111.8749029],[6,21,257]
DaX-NldjZoYQC41WkUGWww,33.394033,-111.7191608,1,[33.394033,-111.7191608,33.394033,-111.7191608],[177,140,11]
MyjiYjYH4zFVvAlWIALnNA,33.3750117,-111.7896301,4,[33.3750117,-111.7896301,33.3750117,-111.7896301],[78,79]
PDFku3Ozng656CxAWH1kVQ,33.393009,-111.870863,5,[33.393009,-111.870863,33.393009,-111.870863],[188,23]
-YLtOLwOh1_xxxBnGtuvNg,33.470963,-112.2166585,43,[33.430535,-112.364198,33.511391,-112.069119],[11,27,63,26,7,142,24,182,48,140,108,177,98,119,99,43,10,265,33,120,185,285,168,30,13,6,39,38,128,44,101,96,72]
0h6EWIZlEUH8emgevU0A9g,33.3904462,-111.8553658,5,[33.3904462,-111.8553658,33.3904462,-111.8553658],[127,11]
BTKNmTsbQOjaKTVugdvRwQ,33.3533883,-111.91967700000001,45,[33.321492,-111.964558,33.3852846,-111.874796],[7,8,88,38,39,298,11,57,69]
0P9ht_vpjqXGWL7NvLa7WQ,33.629095281438,-111.9332559869095,7,[33.587122088596,-112.030189633369,33.67106847428,-111.83632234045],[223,11,38,39,27,128,63]
uQTzoe3LN5NSSIw-Ra-mVg,33.4731674,-112.0313414,69,[33.4511945,-112.0712298,33.4951403,-111.991453],[57,69,38,40,39,265,185,11,26]
yyCkhUSHUfG6XLfJd2Wifg,33.489047,-111.928033,9,[33.489047,-111.928033,33.489047,-111.928033],[26,11]
OqitZuzBVWOhk4KSXsVqzQ,33.321864,-111.726244,2,[33.321864,-111.726244,33.321864,-111.726244],[7,24,108,119,11]
9YzMT2qm-p0sb0hQ_zQ8HQ,33.36293555,-111.96034975,8,[33.304703,-111.981558,33.4211681,-111.9391415],[26,11,421,65,63,27,84,147,71,72]
C7yR7r1oHDYHG_JKlTeK3Q,33.47848214852815,-111.96207085,16,[33.3022462,-112.0261747,33.6547180970563,-111.897967],[309,119,285,11,7,108,99,182,48,140,168,265,8,137,139,292]
hCL-EypFrpBZaeSg86BVRA,33.5705669,-111.886606,1,[33.5705669,-111.886606,33.5705669,-111.886606],[126,97,11]
_U96A40H3j1OfGCaKbaZLw,32.902277,-111.756713,4,[32.902277,-111.756713,32.902277,-111.756713],[72,390]
xQmJIewvOtkq3hw8s_685A,33.4121606,-111.87971495,3,[33.3784222,-112.071313,33.445899,-111.6881169],[49,80,82,59,7,108,57,228]
SveiOSU6AHrjAY5cbewRvg,33.588177200000004,-111.9163588,14,[33.5364584,-111.94439,33.639896,-111.8883276],[38,26,39,11,99,33,128,101,123,65,48,307]
xUtiHIjliuADGcPUuhxSGw,33.46914915,-112.0719165,6,[33.4471783,-112.079081,33.49112,-112.064752],[57,145,38,39,40,48,11,63,26]
ob0kzpf-peV1BtTi24QUKw,33.4593954,-112.0742496,1,[33.4593954,-112.0742496,33.4593954,-112.0742496],[7,142,292]
-9mljS0O9mwdOnGv-Oea3Q,33.50778405,-111.99555555011,148,[33.3369531,-112.183341,33.678615,-111.80777010022],[119,38,48,39,11,84,262,26,33,44,97,88,298,99,128,30,13,6,41,45,101,10,7,108,28,442,241,137,8,139,27,42,43,265,93,3,126,63,36,127,120,24,61,240,40,87,229,189,212,113,116,98,9,77,35,389,293,65,133,145,57,205,307,46,76,142,49,341]
07rzOSTEkjtV-atJeJ37og,33.464439,-111.9997286,3,[33.448675,-112.016904,33.480203,-111.9825532],[7,47,26,11,27]
BTdjZOLPP9_tK5pyRv_5Ag,33.3501281,-111.9286947,1,[33.3501281,-111.9286947,33.3501281,-111.9286947],[7,108]
A3jj7qoDEhu295hYNFP_Pg,33.400097099999996,-111.86638815,44,[33.3053089,-112.0455993,33.4948853,-111.687177],[119,99,120,11,4,6,425,38,39,7,36,8,128,293,101,26,48,145,57,47,88,273,296,185,27,298]
LQlDRC3RbKFmzhGarNNoag,33.456993,-111.492045,8,[33.456993,-111.492045,33.456993,-111.492045],[28,102,190,103]
B4Er70aGf0Huk_hue_FTkw,33.500545,-111.9264093,13,[33.500545,-111.9264093,33.500545,-111.9264093],[119,99,11]
-gdDH8SMQ01tOMlUvhMcgw,33.332185949999996,-111.86708965,7,[33.327278,-111.8760633,33.3370939,-111.858116],[24,11,251]
NRkeHLqBvFw8TjnCYsgLjA,33.378062078969,-111.93822637872,1,[33.378062078969,-111.93822637872,33.378062078969,-111.93822637872],[7,108]
sRVn-Ramm4191sEoIWxYcw,33.320255,-111.927681,1,[33.320255,-111.927681,33.320255,-111.927681],[182,218,11]
eFZPVwPEdoBuRuWlNaZBCw,33.52082365,-111.98713384999999,3,[33.4163253,-111.9969547,33.625322,-111.977313],[26,11,84,291]
ghvcceMVfgukJMVsi9A1bA,33.519141700000006,-111.92604213953001,41,[33.5083781,-111.927080154419,33.5299053,-111.925004124641],[99,11,265,483,161,28,65,17,29,63]
i36_2aAcOgjxPXNsGg_gEw,33.362719,-111.8761389,5,[33.362719,-111.8761389,33.362719,-111.8761389],[224,41,11]
wUlAOK7qizEYy-pWpR4hAg,33.319395,-111.874965,2,[33.319395,-111.874965,33.319395,-111.874965],[182,48,140,11]
XHCoMDYSWLWEZ2GxL4-YYA,33.50387455,-112.013522573515,13,[33.379421,-112.1173964,33.6283281,-111.90964874703],[48,11,192,168,265,99,126,27,57,145,38,39,224,181,40,129,121,79,84,370,117]
OrKTg8giugIcNopymvhAtQ,33.496108449999994,-112.07365515000001,2,[33.491645,-112.0741143,33.5005719,-112.073196],[7,108,38,140,39,40,48,11]
5IUY17EGGud0eZv8iZP_Vw,33.50251,-111.922671,23,[33.50251,-111.922671,33.50251,-111.922671],[28,17,29]
1pBgwS_gNedvNVSTks6gLw,33.621895,-111.874989,3,[33.621895,-111.874989,33.621895,-111.874989],[6,21]
Y87ZZCg10lZgx5NO0uqqSw,33.40677015,-112.00663180000001,24,[33.304331,-112.0734116,33.5092093,-111.939852],[340,11,7,142,322,57,181,224,251,197,23,344,26,27,6,21,43,119,99]
INqkkVPlvWZbs0056GBwNg,33.5063463,-112.0477137,1,[33.5063463,-112.0477137,33.5063463,-112.0477137],[176,1]
E-Bd5r6Z3zMGA75_D4IRKw,33.480425049999994,-111.9651884,25,[33.3365399,-112.0727251,33.6243102,-111.8576517],[28,17,29,7,138,8,139,292,99,48,11,126,307,212,43,170,63,27,192,26,127,97,119,108,240,241,71,72,297,395,265,229,41,239]
9RWe1PGYurwpjvHMyvvsRA,33.305824,-111.991311,2,[33.305824,-111.991311,33.305824,-111.991311],[7,108,338,11]
v9YeR-dpv2FPyUn7Hg248w,33.4942939,-111.925316,3,[33.4942939,-111.925316,33.4942939,-111.925316],[26,11]
N4-FF6UJKBEvOU6oQLmDzw,33.58348,-111.883526,2,[33.58348,-111.883526,33.58348,-111.883526],[7,142]
BAwOBF5nPGwaCTomtfTJ1w,33.4130675,-111.9262713,3,[33.4130675,-111.9262713,33.4130675,-111.9262713],[28,17,29]
ibEK-BLVXBl1cW2lq5FvRA,33.391642950000005,-111.8249140573975,200,[33.304492,-111.9259092,33.4787939,-111.723918914795],[309,119,285,11,185,212,26,43,99]
Jc5I_HLM1e_GHGiGeBUttw,33.464721350000005,-111.959724,11,[33.43475,-112.00644,33.4946927,-111.913008],[38,99,88,39,40,11,155,54,65,133,7,108,28,170]
53o0hxrOUom66liZgsA84g,33.4886986,-111.9954929,2,[33.4886986,-111.9954929,33.4886986,-111.9954929],[6,284,35]
aJjHYItCgYDxj_a8Dfp19w,33.5176175,-112.1167867,1,[33.5176175,-112.1167867,33.5176175,-112.1167867],[54,238]
M93I4fHwf99NmT_xz8C0gA,33.4896169,-111.990704954224,8,[33.4552907,-112.07352364174,33.5239431,-111.907886266708],[48,11,224,38,140,39,40,137,7,6,139,46,372,43,49,50,52,57,470,145]
gBvv50TtYeLB0aE9RuOW1w,33.449233,-112.065458,6,[33.449233,-112.065458,33.449233,-112.065458],[27,11]
KU5ljjGa689-Js8JtYzdbA,33.308103450000004,-111.8597855,5,[33.279525,-111.929326,33.3366819,-111.790245],[265,11,24,43,7,108]
LliqDW7vM6sg-_AMZITpGw,33.42936865,-111.99706599999999,3,[33.365048,-112.064752,33.4936893,-111.92938],[7,194,99,11,63]
DsagrQUrxSHZhpe6heMl7g,33.5066696,-111.9939817,16,[33.5066696,-111.9939817,33.5066696,-111.9939817],[7,292,98]
CToE3hZ2sJ9F0ip2O0bptw,33.550848200000004,-111.8914317,5,[33.4280294,-111.8936083,33.673667,-111.8892551],[17,62,98,7]
_st1_drv3enx-lFUU8t4gw,33.5386441,-112.0986063,30,[33.5386441,-112.0986063,33.5386441,-112.0986063],[26,11]
2z4VTy9FSBazoHeJC7Rzeg,33.363016,-111.841114,1,[33.363016,-111.841114,33.363016,-111.841114],[149,97,11]
2Wmv2czdNxppR1v214N-UQ,33.479408449999994,-111.94744315739749,11,[33.3200423,-112.1709674,33.6387746,-111.723918914795],[99,11,26,63,120,7,162,108,119,88,101,38,39,47,48]
hLGSG5ABlHEdfuvQsjPsJg,33.5050117,-111.99971827087,200,[33.426368,-112.07352364174,33.5836554,-111.9259129],[88,38,39,298,11,119,7,36,15,6,191,65,133,224,20,23,243]
pNW9BiUysSOOc2gjNvATxw,33.6059065,-112.1895976,11,[33.499713,-112.358147,33.7121,-112.0210482],[24,11,99,63,185]
-qufCPk-o3LU6OnF7tvMTQ,33.3640435,-111.8774978,6,[33.3640435,-111.8774978,33.3640435,-111.8774978],[27,11]
WfwOtwu6C4SxxDRS4zmG-w,33.530335,-112.047101,3,[33.530335,-112.047101,33.530335,-112.047101],[26,11]
oguZELseKCGWBFUjjH4CqQ,33.4751385,-111.8884532068755,37,[33.271662,-112.03675,33.678615,-111.740156413751],[97,11,7,108,119,172,38,47,88,39,48,99,63,46,6,33,71,72,96,73,120,126,128,142,292,89,182]
UvMObk00WThzilU4KX5Ssg,33.54210325,-112.0069772,3,[33.4770236,-112.073629,33.6071829,-111.9403254],[109,38,48,39,11,221,40]
18IgBfLjCwxNNi6hl_hMZQ,33.421303,-111.916969,1,[33.421303,-111.916969,33.421303,-111.916969],[373,97,11]
FUVASu5zDmcRyNU20ZEk7Q,33.60862135,-112.11959385,7,[33.5062577,-112.200326,33.710985,-112.0388617],[26,11,224,7,108,57,177,140]
fAm1irtLCgGuSy9FWoE6MA,33.5025941,-111.9296765,1,[33.5025941,-111.9296765,33.5025941,-111.9296765],[12,114,13,6]
5bp3yypTJHYhxEATTql2QQ,33.4881541,-112.04859164999999,5,[33.4801532,-112.0759353,33.496155,-112.021248],[99,11,27]
oMYYIE0tTq-GuM2oux5IRg,33.63428375,-111.93812170000001,4,[33.4352894,-111.9513452,33.8332781,-111.9248982],[33,44,11,7,108,48]
x3snNDhyewv4q9fM6NxgAA,33.405623250000005,-111.90342634999999,25,[33.3019012,-112.063756,33.5093453,-111.7430967],[27,11,38,210,26,39,99,119,33,212,126,97,37,32,24,48,265,185,44,84,147,296,7,142,177,285,140]
ZKHEo5_15rAGZ_4UChGdvw,33.5288312,-111.9730855,102,[33.5288312,-111.9730855,33.5288312,-111.9730855],[161,195,65]
vnGMLLA0zGCwTc2VoSacTw,33.367309,-111.476752,1,[33.367309,-111.476752,33.367309,-111.476752],[78,79]
OpeJgkpEw-7Sc7HsqTyy9w,33.6251792,-111.9404813,29,[33.6251792,-111.9404813,33.6251792,-111.9404813],[65,133]
xI4nXJGNU6hyAl64Ne2QyA,33.4552907,-111.9878697,5,[33.4552907,-111.9878697,33.4552907,-111.9878697],[43,11]
20x3_kFbwyOw3iIqDBIJtg,33.2999595,-111.7414771,5,[33.2999595,-111.7414771,33.2999595,-111.7414771],[112,6,254,173]
ZJkA1_pxAd0108-oqS8YyQ,33.49683150005375,-111.9269344978335,200,[33.4925020001075,-111.92975,33.501161,-111.924118995667],[119,99,11,206,109,38,48,39]
iZtveTtgf6ZMd6Ym2HK8Ig,33.4603435,-112.0285466,11,[33.382744,-112.07454,33.537943,-111.9825532],[26,11,7,139,6,225,250,12,114,13,33,212,63,97,157,103,72,184,373,48,24,188,23]
JnUWC3aa2lfJgpxmGjmvTA,33.4338408949555,-111.868414878845,1,[33.4338408949555,-111.868414878845,33.4338408949555,-111.868414878845],[99,296,11]
FoSbHfzmVF87FtJK4uO_vQ,33.6396856,-111.8915244,1,[33.6396856,-111.8915244,33.6396856,-111.8915244],[48,11]
f_dOTNbfETTCqlt8Mhbh8A,33.387749400000004,-111.770233936445,43,[33.3604,-111.91035657289,33.4150988,-111.6301113],[48,120,11,224,38,99,128,39,7,36,27,24,292,33,44,404,451,26]
DHHuk9agoICKZ7NLL_G0aQ,33.44080405,-112.14743075,68,[33.4218047,-112.3415576,33.4598034,-111.9533039],[119,11,33,99]
gkpMjWWEDKbiWSWzgubq3w,33.33551095,-111.91649565,26,[33.276252,-111.9741847,33.3947699,-111.8588066],[7,142,99,11,63,265,10,24,27,177,140,33,117,48]
JpabpbTVAs47hset-3YRng,33.647457,-111.915815,3,[33.647457,-111.915815,33.647457,-111.915815],[28,17,29]
8p8BEWj43gE6m7iIGxotBw,33.463967749999995,-112.00644869999999,19,[33.418332,-112.0771705,33.5096035,-111.9357269],[117,11,38,205,39,40]
UH1FlQPWTKEzwMquZIgO9A,33.4951366,-112.0012318,67,[33.4951366,-112.0012318,33.4951366,-112.0012318],[48,11]
IADxFTBPHTNU9sxFqqed0g,33.3149238679125,-111.73527262713,2,[33.307983735825,-111.74430125426,33.321864,-111.726244],[7,24,108,119,11,126]
IISGqbMAiyyv4RV4jdlmdg,33.4360415,-111.9956337,10,[33.4360415,-111.9956337,33.4360415,-111.9956337],[28,240,241]
PbpXB_q5p6gVDcrbgjKIZg,33.4922985,-111.9245517,170,[33.4922985,-111.9245517,33.4922985,-111.9245517],[210,11]
Aqe_oSaLY80ep82oP1dcxg,33.491546,-111.923427,15,[33.491546,-111.923427,33.491546,-111.923427],[26,11]
goOr_FMgX2J5Pe0hPzk9cw,33.69474715,-112.1040314,3,[33.6789,-112.2705328,33.7105943,-111.93753],[27,11,4,13,6,160]
QKCyMJB9hH-HbiQvAgBfiQ,33.327300405043005,-111.91696175,12,[33.3058378,-111.9927062,33.348763010086,-111.8412173],[149,11,373,196,43,109,38,265,39,63,27,119,62,24,17,42,126,97]
jp-FQ9XumlfPzxdUdyFbQg,33.51302335,-111.9897143,53,[33.494205,-112.0479816,33.5318417,-111.931447],[48,11,98,7,404,99,127]
kr4uHDxOqlaYu7fplAWCdQ,33.3702541,-111.9741847,29,[33.3702541,-111.9741847,33.3702541,-111.9741847],[265,11]
8xgaq5vkdLuXDg-W1LC0cg,33.5094461,-112.0403946,1,[33.5094461,-112.0403946,33.5094461,-112.0403946],[63,27,11]
IYZhidwfsms_Ms1HMqgY7w,33.4514039,-111.973603,1,[33.4514039,-111.973603,33.4514039,-111.973603],[185,11]
eFVnfqe0pLWKipkBkKjNhw,33.365048,-111.92938,2,[33.365048,-111.92938,33.365048,-111.92938],[99,11]
jxGC8zN7YYGrqsgF3rrcTA,33.4470314,-112.0719561,1,[33.4470314,-112.0719561,33.4470314,-112.0719561],[103]
w3Ht3HriJEIpF74RUZouww,33.4961915,-111.9286813,1,[33.4961915,-111.9286813,33.4961915,-111.9286813],[210,11]
CwUlmRH6IjfsbPYxOZ4xvQ,33.533487044298,-111.915180670225,3,[33.479852,-111.994039,33.587122088596,-111.83632234045],[223,11,7,194,239]
fj9rUIJqX2hDufx_sxQMwA,33.4552907,-111.9878697,2,[33.4552907,-111.9878697,33.4552907,-111.9878697],[43,11]
GrOTb4QwdQos8wGPM_OTLg,33.632948,-112.031266,1,[33.632948,-112.031266,33.632948,-112.031266],[39,38,26,128,11]
wDfbCY0aZiBhQ8_RjaCHtw,33.449233,-112.065458,200,[33.449233,-112.065458,33.449233,-112.065458],[27,11]
gSmt_sMXdrMG5Tgb8IswPA,33.5643691,-112.0266678,7,[33.4875882,-112.0598246,33.64115,-111.993511],[49,146,39,341,38,143,11,123,65,44,17,152]
s4W9N4tvGlTC81zOomVMsw,33.524162950000004,-111.78537015,23,[33.444799,-112.180888,33.6035269,-111.3898523],[102,11,103,127,57,327,63,27,24,26,49,52]
Xg2Qje6OB3qCGT26sZegZQ,33.4939313,-111.9256266,4,[33.4939313,-111.9256266,33.4939313,-111.9256266],[185,11]
cH1lLTHReO6uDTif9bfOBA,33.479395316767054,-111.9535024073975,200,[33.2475,-112.1830859,33.7112906335341,-111.723918914795],[7,142,65,133,185,11,24,99,43,265,229,149,97,27,63,292,108,311,182,48,140,98,126,251,224,212,33,119,42,313,138,8,139,202,72,281,309,285,109,38,39,84,339,47]
aHTeZXwpX67uUh_YaLYYdw,33.8684928,-112.1510418,1,[33.8684928,-112.1510418,33.8684928,-112.1510418],[71,72]
cqR3LJVuhheS4UbGUEuMQg,33.4508268606962,-111.910204886139,1,[33.4508268606962,-111.910204886139,33.4508268606962,-111.910204886139],[71,72]
VnIR7hgjrGTyKLDcL_4oHw,33.509132300000005,-111.91524975,2,[33.496352,-111.9304521,33.5219126,-111.9000474],[64,161,132,65,6,112,151,204,300]
jlbPUcCRiXlMtarzi9sW5w,33.398192,-111.949418,63,[33.398192,-111.949418,33.398192,-111.949418],[72,184]
vRVByB2ALf8Ar1igApK9Fw,33.320255,-111.927681,2,[33.320255,-111.927681,33.320255,-111.927681],[182,218,11]
4DXhDszXSHzhaUqOOc4RoQ,33.530784499999996,-112.2349085,4,[33.422345,-112.388282,33.639224,-112.081535],[26,11,72,354]
vTr0OGrTEirs76ny9CZQZA,33.494729,-112.025669,2,[33.494729,-112.025669,33.494729,-112.025669],[13,6,22,35]
0NaZ-sNbID_Y1nDjOtUzqQ,33.4862787,-111.9102055,20,[33.4862787,-111.9102055,33.4862787,-111.9102055],[11,27,63]
XlxgwJrYiG48q7B_BS6pNw,33.45520795,-111.8914287,8,[33.303233,-111.9403254,33.6071829,-111.842532],[7,33,48,47,11,98,63,265]
2PrEVYskE4RU5_61hM8jWw,33.388672069285704,-111.93192450000001,13,[33.2711537,-112.0741143,33.5061904385714,-111.7897347],[7,108,109,38,11,39,63,26,48,126,212,47,27]
T70B3fDF7LHWntNWlYwhhA,33.431291294079,-112.0193357,73,[33.3488854,-112.0962274,33.513697188158,-111.942444],[26,11,38,212,39,40,98,7,251,48,168,298,88]
0kMKslaTBmrqX6mLAs3YQg,33.4325874020633,-111.919784545898,1,[33.4325874020633,-111.919784545898,33.4325874020633,-111.919784545898],[7,108]
jqWRIIBRX8aQO3bVY1MGhg,33.5839581,-111.9788671,2,[33.5839581,-111.9788671,33.5839581,-111.9788671],[49,80,59]
y7SKBo2_Ya_0hJUvXT3NQA,33.732058,-111.8457878,200,[33.732058,-111.8457878,33.732058,-111.8457878],[33,38,117,39,11]
d7Jyyd5lKGoNSV1SoSqZxg,33.6724591,-111.91293605,41,[33.646283,-111.9174871,33.6986352,-111.908385],[28,17,29,7,142,108]
LtDxKcpxHX9APyhHDw0UvQ,33.331773,-111.978279,1,[33.331773,-111.978279,33.331773,-111.978279],[7,142]
-cEcwqYd7VLZebNbB_zT1A,33.439648,-112.026154,54,[33.439648,-112.026154,33.439648,-112.026154],[28,240,241]
XgygwgM9kJsN-JIk8pUiZA,33.44665705,-112.1882081,2,[33.3832618,-112.3801036,33.5100523,-111.9963126],[49,52,206,11]
MKrrB8_FfRp3VrRzUXYsOA,33.4581958,-112.0676886,40,[33.4581958,-112.0676886,33.4581958,-112.0676886],[38,6,145,186,57,39]
7eQBPRSWX9s7VJUneIFoXA,33.5025941,-111.9296765,20,[33.5025941,-111.9296765,33.5025941,-111.9296765],[99,126,11,7,292,48]
3_H_nFg9dp8gBjFbL1gHnw,33.536861,-112.0475028,7,[33.536861,-112.0475028,33.536861,-112.0475028],[7,108,5,6,4]
xwTe8xDNEuQGUzk9peGnVQ,33.474334999999996,-112.03030005,16,[33.336307,-112.184263,33.612363,-111.8763371],[309,285,11,352,48,64,65,43,38,39,40,63,99,26]
guHj0O9N5Vi4ylpzSYbcDQ,33.628639250000006,-112.159701,2,[33.5879473,-112.2029352,33.6693312,-112.1164668],[168,169,11,26]
Qmz4VWrpMb-Bg6qe4_Y3Sg,33.47035255098115,-111.9179519925535,25,[33.4537869019623,-111.927165985107,33.4869182,-111.908738],[39,119,26,38,11,182,172]
i3yOp4cyDLYD96tZEFgglg,33.508756,-112.045816,2,[33.508756,-112.045816,33.508756,-112.045816],[177,285,140,11]
8B78CGHD_azGDVJEMMAKeA,33.4504575,-112.0743441,1,[33.4504575,-112.0743441,33.4504575,-112.0743441],[39,298,57,145,11]
U9jYJ2bC6ILEVh8vNnVwtg,33.1927402189445,-111.911680294545,11,[32.879272637889,-112.100038,33.5062078,-111.72332258909],[168,181,229,11,7,108,63,72,390,224,251,185]
i2ByrFBK5xp0l9-cgmc9NQ,33.499318,-111.927164,1,[33.499318,-111.927164,33.499318,-111.927164],[7,36,142]
