paA8omEt1hzVLNQoto4R6Q,33.548685000000006,-111.856026,4,[33.506582,-111.925374,33.590788,-111.786678],[129,278,79,64,65]
f3LA83yEEBMj9q92H28O7w,33.49833075,-112.04655885,196,[33.3180465,-112.26167,33.678615,-111.8314477],[202,72,11,63,109,38,48,39,101,7,33,142,24,279,54,26,57,145,49,368,56,27,47,88,15,6,191,80,59,69,250,138,8,139,14,40,17,18,233,117,108,51,46,13,30,312,504,91,28,29,99,212,84,339,186,119,307,172,251,128,293,185,147,168,181,229,298,224,182,469,439,327,127,10,36,89,77,112,35,111,113,225,341,322,50,52,177,140,4,349,442,241]
N3L6SDymSRkYQtTiSDmXSg,33.329468199999994,-112.22824065,131,[32.9479262,-112.7128951,33.7110102,-111.7435862],[127,11,182,48,140,27,340,224,168,63,33,117,24,10,97,99,74,296,126,7,47,265,177,192,141,25,6,71,72,287,26,185,119,120,43,109,38,39,142,189,57,91,441,128,212,298,28,271,88,89,327,145]
MgCaRW7WA3qcEnKqFLzJpQ,33.55954095,-111.9279206,5,[33.4941704,-111.930343,33.6249115,-111.9254982],[265,126,97,11,48,7,142,46,6]
HxdKV6BnGoUMDt6lp7ec4A,33.529536,-112.064688,1,[33.529536,-112.064688,33.529536,-112.064688],[104,195,65]
SbczDvmPNYk1UoBmWR5-LQ,33.307325126378,-111.74171169729,3,[33.307325126378,-111.74171169729,33.307325126378,-111.74171169729],[265,11]
9wjfwojsL9wStmvvpBuFng,33.4915779,-111.925841,3,[33.4915779,-111.925841,33.4915779,-111.925841],[119,38,48,39,11]
4pJvBS_BWEP5FSrtKzbwdw,33.470775849999995,-111.89176875000001,13,[33.4315119,-112.0561119,33.5100398,-111.7274256],[7,36,38,39,72,184,43,11,140,63,99,128,33,206,26]
nuVNtgN6Y3YV0SQ2_7DWYg,33.5431345,-112.1722023,13,[33.4222653,-112.4244222,33.6640037,-111.9199824],[27,11,10,44,24,7,98,9,33,43]
k9i6FoZ3IU4f9h8dJFeyYw,33.4528292,-112.0685027,3,[33.4528292,-112.0685027,33.4528292,-112.0685027],[117,214,11]
ytM3kScH9auyJ35zn0OoSQ,33.478101699999996,-111.99920095,4,[33.4556584,-112.0719926,33.500545,-111.9264093],[28,17,29,33,38,48,39,11,181,40]
ExxFfupk-i5gcmRGtEmSNA,33.4423345,-112.0736563,2,[33.4423345,-112.0736563,33.4423345,-112.0736563],[38,39,40,11]
StV0GklOU-zGAT4t0NqThA,33.278073,-111.789153,4,[33.278073,-111.789153,33.278073,-111.789153],[99,265,11]
y3WQx-bri6haP7I1FWBmvg,33.436248250000006,-112.00893115,200,[33.43475,-112.0114223,33.4377465,-112.00644],[26,11,28,170]
ravGsql6XhyyLlYuTgulhA,33.55108475,-112.03928105,12,[33.5208604,-112.0995189,33.5813091,-111.9790432],[30,13,6,7,36,8]
T13UbFcL4oVJMxOsk2FIjA,33.6763322784787,-112.1000013,26,[33.6383375,-112.225396,33.7143270569574,-111.9746066],[49,52,7,189,10,24,11,57,99,91,69,33,44,265,168,108,119]
Y66q9-Nggoo6W5BgoP5FbA,33.5163493,-111.99218665000001,129,[33.4329724,-112.0800705,33.5997262,-111.9043028],[57,99,91,11,38,88,39,40,48,98,7,108,140,27,8,119,24,26,84,346,109,126,63,182,172,43,128]
qoH9x2xoAP_8EEsxo0n9PQ,33.4212935,-111.9258672,5,[33.4212935,-111.9258672,33.4212935,-111.9258672],[26,11]
0iYGoMFvWNx6HPsEMv-TOg,33.5612589,-112.1156244,5,[33.5612589,-112.1156244,33.5612589,-112.1156244],[48,185,11]
9wzuYEnBy5jZiUbF3VrAlA,33.470126,-112.04693,2,[33.470126,-112.04693,33.470126,-112.04693],[168,26,11]
7fl6lX2QI_XbkaUh1_Zu3g,33.59082,-111.837298,11,[33.59082,-111.837298,33.59082,-111.837298],[32,95,222]
cKOdOzs-QUBketCkZ3rYxg,33.6098513,-111.7251926,3,[33.6098513,-111.7251926,33.6098513,-111.7251926],[126,97,11]
FOwAgT-FOfEzNmFxyYfM3g,33.463092,-112.34477,1,[33.463092,-112.34477,33.463092,-112.34477],[11,63]
vly1KuEvBdRdQRVd2xY7og,33.7159913,-111.96652815,22,[33.5997853,-112.0367284,33.8321973,-111.8963279],[26,11,119,201,99,33,24,48,49,80,82,59,43,104,161,167,65,63]
3UHFF9kWZgIFHaaoBk5xCg,33.48929845,-112.06180965,2,[33.484487,-112.07643,33.4941099,-112.0471893],[60,6,224,11]
zF2vFmUcDGNmPlZGyBjJTA,33.4253394,-111.9398532,1,[33.4253394,-111.9398532,33.4253394,-111.9398532],[465,57,39,145]
86B_m_h7V3Sxs_BIk9qs0w,33.6029318153084,-111.981189677656,1,[33.6029318153084,-111.981189677656,33.6029318153084,-111.981189677656],[7,98,10,9,11]
BY_Zj3kv3yo5feG5vQAppA,33.4772147,-112.0736348,4,[33.4772147,-112.0736348,33.4772147,-112.0736348],[265,11]
xNb8pFe99ENj8BeMsCBPcQ,33.46736,-112.24603594999999,200,[33.4254444,-112.557102,33.5092756,-111.9349699],[28,170,48,11,57,327,117,26,99,33]
DueHdFSnn75LVHQmXM0x0A,33.48207275,-112.1655836,4,[33.461736,-112.335666,33.5024095,-111.9955012],[169,11,7,8,119]
LMy8oFsNA-Od0QGP4Vo4rA,33.44736795,-111.8833333,14,[33.2818543,-111.9778065,33.6128816,-111.7888601],[43,11,33,119,127]
Q3PTm7I9xAru4kd2mljM0Q,33.4740776668705,-111.963187707095,200,[33.446195133741,-111.97493461419,33.5019602,-111.9514408],[28,17,29,265,11]
kKr5pwxTC6hL16WGZLvdHA,33.822031,-111.90897,1,[33.822031,-111.90897,33.822031,-111.90897],[161,28,65,17,29]
TjZhQBLKayZRxq6-Blt9HA,33.44238,-112.34971999097,2,[33.44238,-112.34971999097,33.44238,-112.34971999097],[38,143,39]
1mpK4MWhKEanQ90xrng-6g,33.4073111,-111.99300554999999,6,[33.320255,-112.1091081,33.4943672,-111.876903],[177,140,24,11,182,218,27,63,274,6,13]
Rg4gzsz3w00vRlIOXcGUIA,33.38236845,-111.8991315073975,153,[33.264165,-112.0743441,33.5005719,-111.723918914795],[185,11,119,27,39,18,17,30,8,13,6,7,110,298,57,145,84,15,25,36,26,48,120,38,99,128,296,47,4,5,425,160,212,43,9,168,88,28,29,219,218,41,137,139,106,54,315,24,177,140,377,201,42,192,89,108,191,10,142,33,126,97,63,101]
rlAlW8TGn_W5YBL-D03VXQ,33.5822084,-111.9216835,3,[33.5822084,-111.9216835,33.5822084,-111.9216835],[119,11]
phuYNTPQofwOKvTY8r3MhA,33.3800516,-111.75384545,51,[33.3777,-111.7542367,33.3824032,-111.7534542],[8,6,116,7,36,113,11,44,24]
0WPwr3Jr4a_Ywg_hZxm4KQ,33.4882049,-111.9604903,6,[33.4882049,-111.9604903,33.4882049,-111.9604903],[54,55,122,256]
tZQ13yaNprf4mjaZg2-6cw,33.6380393,-111.9259752,1,[33.6380393,-111.9259752,33.6380393,-111.9259752],[10,24,11]
jybw-RfD4iwjQBFP4tVQKQ,33.463543,-112.341878,2,[33.463543,-112.341878,33.463543,-112.341878],[126,97,11]
5kGY5JRYQgMFWzMgdLFS1Q,33.5387442,-111.8848613,1,[33.5387442,-111.8848613,33.5387442,-111.8848613],[99,11]
i8OEziYP9OSd0MEULOb8eQ,33.4462721,-112.0893682,1,[33.4462721,-112.0893682,33.4462721,-112.0893682],[84,336]
TWjDnKexHSp0U3UQ3W01Kw,33.4429834,-112.103361495485,62,[33.3022417,-112.34971999097,33.5837251,-111.857003],[26,11,7,46,6,63,108,24,48,39,205,99,224,38,126,97,128,27,12,61,13,114,40,168,298,88,28,442,241,143,98,8,10,1,32,302,45,293,240,109,74,309,119,285,292,440,182,218,311,142,206,101]
OeibqecbVqmRshg4pAJlvQ,33.3654866,-111.8593534,1,[33.3654866,-111.8593534,33.3654866,-111.8593534],[84,344,23,343]
NNS8Wty5LlJyJexdfBhYCw,33.59198175,-111.91652665,4,[33.5024987,-111.9701346,33.6814648,-111.8629187],[7,292,206,11,161,65,48]
NGEoVjGj3byN4TZwG9FrZA,33.6626277,-111.9335189,5,[33.624662,-111.943525,33.7005934,-111.9235128],[11,63,26]
akFPRBx53h7n1NXdTAcFPQ,33.4247212,-111.9351556,4,[33.4247212,-111.9351556,33.4247212,-111.9351556],[149,229,11]
K1oCmRBaqdpJPPBRWyz18g,33.535037450000004,-112.0961581,20,[33.4292429,-112.2707018,33.640832,-111.9216144],[26,11,126,7,27,48,47,99,33,117,24,43,224]
iYHVmjLp2K_CqXd8qakVHA,33.5997262,-111.9872563,2,[33.5997262,-111.9872563,33.5997262,-111.9872563],[126,11]
Af0_IV2TrkxctRXVYYbNzA,33.4997525,-111.86173260000001,9,[33.380093,-111.8980932,33.619412,-111.825372],[44,24,11,202,72]
23zT_daU4O5VcFnajw8MTg,33.5103308,-111.9739775,22,[33.319395,-112.0740373,33.7012666,-111.8739177],[11,63,72,287,57,228,28,17,29,7,8,27,26,98,24,137,139,289,6,77,35,76]
dZ_dgUrViD3Muzlit7z2tg,33.58348,-111.883526,2,[33.58348,-111.883526,33.58348,-111.883526],[43,11]
fXNWwZM96eNVpShklrOdhA,33.47146465,-111.99484785,3,[33.4471735,-112.073781,33.4957558,-111.9159147],[119,48,24,11,98,7,206]
O6_Wgl-1qYn4B7I-Jy2bLA,33.36083625,-111.87109525,3,[33.31081,-111.9701785,33.4108625,-111.772012],[28,17,29,255,54,55,266]
QX4c3NdCMVoplmSdflfnBw,33.4561607,-112.0748813,4,[33.452926,-112.075513,33.4593954,-112.0742496],[49,193,80,59,7,108]
bKjWF_mhz6paQtj-O--0UQ,33.371379000000005,-111.9526275,101,[33.319212,-111.967861,33.423546,-111.937394],[48,11,127]
tilC0_hxjSrSDBAUBNVbLg,33.2973844449655,-111.73152343052999,3,[33.290397,-111.74337686106,33.304371889931,-111.71967],[78,79,7,8,44,11]
SVUSqOa5zeHDf9qDUZND9Q,33.4132779,-111.6846354,4,[33.4132779,-111.6846354,33.4132779,-111.6846354],[43,11]
7H67UajafPlYolAH05XhGA,33.482799549999996,-112.06741500000001,8,[33.4528292,-112.0740123,33.5127699,-112.0608177],[109,38,11,39,63,117,214,48,212,97]
1g8Crb6WGQUsA2l2X3yVGA,33.55471315,-112.04928115,33,[33.4471783,-112.1883568,33.662248,-111.9102055],[265,11,212,26,224,39,27,119,63,43,251,192,206,168,181,229,33,219,218,41,24,74,430,10,88,7,38,47]
1Lt2HqLRoycbKBo9v97Ttw,33.43612175,-112.0675986,47,[33.304775,-112.1872492,33.5674685,-111.947948],[219,218,11,24,33]
tRN04Yo_qnir-y9RXqQ5qg,33.683479,-111.966112,26,[33.683479,-111.966112,33.683479,-111.966112],[212,229,11]
3qSAKQD1qrf-d-DyAygPwQ,33.497291,-111.9300012,11,[33.497291,-111.9300012,33.497291,-111.9300012],[7,108,172,11]
yTSxdmCD6MtpYEKLPzJGKw,33.4091952,-111.9141814,22,[33.4091952,-111.9141814,33.4091952,-111.9141814],[32,95,222]
1gHORk6F1yUDrAx4EozX7Q,33.5302696775354,-111.926350593567,2,[33.5302696775354,-111.926350593567,33.5302696775354,-111.926350593567],[109,38,265,39,11]
dof5p8E_eZCFb7SGn591jg,33.49112,-112.079081,4,[33.49112,-112.079081,33.49112,-112.079081],[26,11]
OqEBJaft_0-s4p-0ujBZdw,33.45627735,-112.07434065000001,2,[33.4548476,-112.0800705,33.4577071,-112.0686108],[63,27,24,11,212,43]
u2UxMwVsDoewWrkBi8j89g,33.446195133741,-111.97493461419,1,[33.446195133741,-111.97493461419,33.446195133741,-111.97493461419],[265,11]
nNQ6lOBas4UqMmthC-sUXA,33.498915,-111.928258,2,[33.498915,-111.928258,33.498915,-111.928258],[26,11]
ytcdF-xUoQSTWpF_U-UBFQ,33.4953688,-111.9940154,1,[33.4953688,-111.9940154,33.4953688,-111.9940154],[177,140,11]
iiD2Ae0eVDyHjpCVrsDcXA,33.37322986011405,-111.81500503689901,11,[33.3224512202281,-111.9401874,33.4240085,-111.689822673798],[44,153,99,11,7,189,10,24,30,8,13,6,15,108,191,26,137,139]
I8SNkfgQYfwee8f321FIHw,33.5086952779617,-111.927080154419,1,[33.5086952779617,-111.927080154419,33.5086952779617,-111.927080154419],[99,11]
9v4ZfUiBokXUQwY2iGWrcw,33.3635666,-111.8588555,1,[33.3635666,-111.8588555,33.3635666,-111.8588555],[104,65]
k_5zju3SOPZKfQ02wrZTUQ,33.5923865,-112.0389075,10,[33.47907,-112.150494,33.705703,-111.927321],[215,32,26,11,109,38,39,63,309,99,212,40]
mAxVo2_v6k9pk9MaRfMH_Q,33.2711537,-111.7898246,2,[33.2711537,-111.7898246,33.2711537,-111.7898246],[126,212,11]
vFXT1dkQwgD9tTMUMGubZw,33.5678339,-112.0514844,11,[33.4951554,-112.083886,33.6405124,-112.0190828],[7,108,48,11,224]
PB5f_4Ojjv6Nf-iGg6JN3Q,33.4234408327431,-111.939622163773,2,[33.4234408327431,-111.939622163773,33.4234408327431,-111.939622163773],[109,38,27,39,11]
8iSefcZfbYZZ0L7lhikScg,33.503494,-111.8973049,4,[33.421676,-111.959765,33.585312,-111.8348448],[168,26,127,11,185]
IMNHojI9CeW1NBmYVqyGWg,33.5478355,-112.0474569,16,[33.5478355,-112.0474569,33.5478355,-112.0474569],[28,17,29]
HrGCBT6-x1iFupKCWAa_tA,33.3785719,-111.86183815,41,[33.261388,-111.9347763,33.4957558,-111.7889],[98,7,206,11,26,126,97,71,72,54,242,195,65,108,24,251,79,43,311,88,38,39,162,292,142,224]
hNoxBirlv11CbXwRW2KxMw,33.3990276,-111.94413505,7,[33.3030372,-111.9863512,33.495018,-111.9019189],[106,54,315,7,142,47,48,11,43]
0ceSgE-VhrPMEmy9QpeEwA,33.565965500000004,-112.03118749999999,3,[33.464182,-112.124406,33.667749,-111.937969],[65,133,71,72,297]
L6ySq_or6HJIHD1vtMT4Rw,33.678615,-111.9746066,1,[33.678615,-111.9746066,33.678615,-111.9746066],[38,99,33,39,128,11]
UqcV9swsi2Gjv3qFGgCCNg,33.509763,-112.01874925,19,[33.5097281,-112.0255251,33.5097979,-112.0119734],[11,63,168]
3ISUis9txkwxhlTwfXpKuw,33.621463,-111.8983054,1,[33.621463,-111.8983054,33.621463,-111.8983054],[126,229,43,11]
CGKrk7ZPDD-Sb1ssOFnYkA,33.3832618,-112.3801036,7,[33.3832618,-112.3801036,33.3832618,-112.3801036],[49,52]
tokOU3va76NQ3tCqDGpGyQ,33.463014021748,-112.357731073001,7,[33.463014021748,-112.357731073001,33.463014021748,-112.357731073001],[33,11]
bhPdugDiOiKQxOLoD708JA,33.4951546,-112.0032157,1,[33.4951546,-112.0032157,33.4951546,-112.0032157],[397,57,56]
Y4bBozaHGkZyoLizqhpJlw,33.461487000000005,-112.07492189999999,2,[33.4571599,-112.0798659,33.4658141,-112.0699779],[38,48,39,11,78,79]
kNO6w6EIKo8u6GSykOHBLA,33.573455949999996,-112.12371795,151,[33.4150409,-112.4159659,33.731871,-111.83147],[48,11,109,38,39,63,88,298,128,44,265,99,27,212,361,309,119,285,97,206,273,251,40,13,6,22,21,7,8,45,142,24,43,169,49,341,57,145,180,20,23,28,240,241,126,229,307,140,333,33,168,36,62,17,69,84,262,182,26,127,65,133,98,352,60,292]
7A--K2Yb_i8fhqZEUn3b-A,33.606037349999994,-111.82072415,7,[33.5881614,-111.9251335,33.6239133,-111.7163148],[208,6,35,63,27,11,345,84,346,141,23,43]
Iqqy89mlRXExxeP8RZqCUA,33.3351559,-111.9631173,1,[33.3351559,-111.9631173,33.3351559,-111.9631173],[74,24,11]
asxeTeapNljw-tN-f1hoKg,33.428722508303494,-111.973531112556,6,[33.348912,-112.029066725112,33.508533016607,-111.9179955],[177,48,11,210,6,35,76,26,54,55,122]
qlBxnEuykNnvFcqAhzsbPQ,33.63642395,-112.36895095,194,[33.6343867,-112.3768331,33.6384612,-112.3610688],[28,17,18,29,98,7,24,11]
J9B3YCJZwi392PYYhWc0xw,33.5190815,-112.00815385,7,[33.499236,-112.0986063,33.538927,-111.9177014],[126,11,26,33,48,7,292,142]
rx5QFm-1m83saIaLMH7V7w,33.418418,-111.84057,1,[33.418418,-111.84057,33.418418,-111.84057],[38,26,39,11]
XzHuiEWWl9b4v7gVkADy2w,33.34586965,-111.88904005,7,[33.2762703,-111.9451471,33.415469,-111.832933],[25,6,177,140,11,168,42,43,99,24,224,251,373,196]
LquMHzZhrIV5WHJMr7rYtw,33.44703705,-111.82357655,6,[33.3674703,-111.924627,33.5266038,-111.7225261],[26,11,65,133]
XsGujRUORSDC8p86sXw4iQ,33.592099536437246,-111.929784990082,7,[33.5668050728745,-111.973299980164,33.617394,-111.88627],[161,65,30,13,6,119,99,11,49,320,321,193,59,224,32,90,163,118]
CKQG21PTF4i3YRaOAOSdJQ,33.4720218679125,-112.08521669999999,21,[33.307983735825,-112.4268472,33.63606,-111.7435862],[210,11,48,26,43,119,27,63,97,65,133,224,38,7,47,88,39,126,169,260,265,162,201,194]
jjvKphmOFHzS74r0psow8w,33.461344,-112.3584829,2,[33.461344,-112.3584829,33.461344,-112.3584829],[7,142]
bLmJg9QDwL02rOOL6ss1OA,33.481568949999996,-112.17863700000001,17,[33.3776437,-112.34477,33.5854942,-112.012504],[119,11,63,224,43,48,109,38,39,64,65,26]
P6j1oKekjME1Hb8lXMDhRw,33.5526119,-111.99564925,10,[33.4495394,-112.0656645,33.6556844,-111.925634],[26,11,265,126,97,177,140,7,449]
9SmJAlPYZkcvi3jdwYoBbQ,33.462047150000004,-111.8491962,7,[33.4371761,-111.908738,33.4869182,-111.7896544],[27,11,39,119,26,38]
zk6iEunyaF2mjPVDSxlhMw,33.4219513,-111.941266,1,[33.4219513,-111.941266,33.4219513,-111.941266],[24,11]
EuktjAf1QTCCFJ0RUwabIw,33.4356882,-111.8153347,1,[33.4356882,-111.8153347,33.4356882,-111.8153347],[26,11]
0vmbxr6i9SHbrmdlYJc79A,33.3892,-111.86058,1,[33.3892,-111.86058,33.3892,-111.86058],[46,6]
h4knhUbSSxwLs7XtEE_pbw,33.5420151,-111.9962745,109,[33.4477082,-112.070093,33.636322,-111.922456],[34,6,32,35,265,11,63,7,49,80,82,59,48,168,99]
-HNWRq-i2OS19IDjsUlxdQ,33.496878800000005,-111.9284856,182,[33.494247,-111.92975,33.4995106,-111.9272212],[109,38,11,39,440,48,352]
ncyF3hO5J9QVOoUNKDWWsw,33.4722902,-112.06461085000001,8,[33.4492414,-112.096342,33.495339,-112.0328797],[38,39,40,24,11,26,7,142,60,6,35,76,162]
fYByEd3c5_N7B_5bjdifvQ,33.581955,-111.83147,7,[33.581955,-111.83147,33.581955,-111.83147],[48,11]
LeKZz26gUmCeq32jjsq9SA,33.4952045,-112.0142961,5,[33.4952045,-112.0142961,33.4952045,-112.0142961],[98,7,119,24,11]
DWswYjx1cBNOCW48MlFF_A,33.50452355,-112.18611985,26,[33.3702541,-112.398055,33.638793,-111.9741847],[251,212,11,224,60,6,26,265,98,7,119,24,63,27]
nTFnSwqOpyj5d4IifRa8XQ,33.5299053,-111.926437,3,[33.5299053,-111.926437,33.5299053,-111.926437],[265,11,483]
hGitwL2Ixiq3C6mJyQrlPw,33.5723695,-112.0239013,11,[33.466124,-112.073196,33.678615,-111.9746066],[48,11,26,27,63,120,33,117,54,317,38,140,39,40]
A2AZOIHZp4w3jI-ietiLhA,33.4917475,-111.9574921,3,[33.43475,-112.00644,33.548745,-111.9085442],[149,224,43,11,158,28,170]
oxcu_lpgfsStzvWZ0-C8Aw,33.3350531,-111.9445728,3,[33.3350531,-111.9445728,33.3350531,-111.9445728],[27,11]
pgKOL4k5tWCWS9VIc33EoQ,33.304775,-111.947948,11,[33.304775,-111.947948,33.304775,-111.947948],[33,11]
SdZtzMCtVK7izX8twot9rQ,33.508834,-112.083991,200,[33.508834,-112.083991,33.508834,-112.083991],[38,143,39,205]
by2--p7nahDtV9XQ0GDcGw,33.48331865,-112.04791475,3,[33.4787943,-112.048021,33.487843,-112.0478085],[33,11,26]
MBGZ-2HTMvfCBrG3G-R2AQ,33.3086155,-111.8201235,10,[33.271662,-111.831218,33.345569,-111.809029],[119,11,71,72]
Toaazi4Lz2sTfmWf1A5HyQ,33.664516,-112.2026347,1,[33.664516,-112.2026347,33.664516,-112.2026347],[283,337,32]
sz_FG5ENO5jPSjW4WFL2SA,33.30563885,-111.89824125,12,[33.3056184,-111.8988203,33.3056593,-111.8976622],[248,249,250,6,15,83]
DZ8msuK3aSznAdLa5VH_Bg,33.638760280062,-111.94844067260749,45,[33.637173,-111.969566345215,33.640347560124,-111.927315],[231,18,17,49,28,29,117,11]
0DDWHEWmcYWGIPQ6fvG_xw,33.53659705,-111.9712473,5,[33.5025941,-112.0403946,33.5706,-111.9021],[26,11,38,48,99,39,63,27,182,140]
PWBkcpv5JINDb7F4tz3-Xg,33.5062078,-112.0739142,44,[33.5062078,-112.0739142,33.5062078,-112.0739142],[7,108]
x0tWJXn6RCAKFn_3zhMG6A,33.320748,-111.991549,6,[33.320748,-111.991549,33.320748,-111.991549],[26,11]
T0bSihraByDsTiccI-FHMQ,33.5822125,-111.97492345,7,[33.4657898,-112.0323598,33.6986352,-111.9174871],[7,142,108,26,11]
Eq5TdVnSNvhVUymSKvzbWg,33.3659439,-111.8587464,3,[33.3659439,-111.8587464,33.3659439,-111.8587464],[63,27,11]
G8_pYcxLkBSVW43IsGfrhw,33.2664769,-111.9918702,70,[33.2664769,-111.9918702,33.2664769,-111.9918702],[48,11]
Tz5ZshU7NC7VTXWvLm_kJw,33.7129847,-112.1114555,26,[33.7129847,-112.1114555,33.7129847,-112.1114555],[27,11]
B1DgRi7GJZFVrarqqzpSqg,33.734745000000004,-112.122237,4,[33.671403,-112.185076,33.798087,-112.059398],[78,79,43,11]
JuQIyyxHt-ghfd83UJeuHA,33.55387646021895,-111.91464404565801,5,[33.5070283,-112.11414,33.6007246204379,-111.715148091316],[49,445,66,52,326,127,11,28,17,29,7,36,18]
u1KWcbPMvXFEEYkZZ0Yktg,33.422787953793005,-111.805237625485,23,[33.220784807586,-112.0272041,33.6247911,-111.58327115097],[27,11,48,190,28,140,63,99,24,126,97,7,108,12,13,6,22,224,212,139,36]
oAM4picVWAjEac7vtTVjCw,33.5242704,-112.0474619,2,[33.5242704,-112.0474619,33.5242704,-112.0474619],[48,11]
rKNj3ZSxXpOPscK0O1-9MQ,33.4951403,-111.991453,6,[33.4951403,-111.991453,33.4951403,-111.991453],[26,11]
G9AoZJNCdS-HBMouKQuQmQ,33.51266375,-112.01863935,9,[33.4949925,-112.047101,33.530335,-111.9901777],[26,11,38,48,39,40]
SNcO_V3sxu-2CrVGWjsFDg,33.43475,-112.00644,28,[33.43475,-112.00644,33.43475,-112.00644],[28,170]
O18cbmsoGCbfm4efPEM5Ug,33.5496545,-111.978521,3,[33.477178,-112.031243,33.622131,-111.925799],[64,65,119,48,24,11]
beZYRoYaqS5qTqCsAEyvww,33.571138250000004,-112.17083776492001,5,[33.4900575,-112.41542032984,33.652219,-111.9262552],[30,13,6,311,88,38,39,11,26]
ldI1WRYobW_PAQ0btKfTGA,33.625473,-111.9263251,5,[33.625473,-111.9263251,33.625473,-111.9263251],[265,11]
VxBU0RjZZQHlLefG8unr4g,33.4457826,-111.992060786445,14,[33.3784152,-112.073765,33.51315,-111.91035657289],[48,11,38,39,404,451,7,108,63]
5lVwkokKrORTGgnRrbZ0Kg,33.542193,-111.925634,12,[33.542193,-111.925634,33.542193,-111.925634],[265,126,97,11]
DyR-vRrrOJPwPeyTU8eiKw,33.6462298,-112.14608835,5,[33.6387746,-112.1709674,33.653685,-112.1212093],[99,120,11,7,182,194,172,9]
DNVW0XDDrxwPaAoJLR-iYA,33.683479,-111.966112,4,[33.683479,-111.966112,33.683479,-111.966112],[11,63]
5bs9-7Fwjuv4HiQNFVZTEw,33.4855417033323,-111.87325315000001,31,[33.3365788066646,-112.0986063,33.6345046,-111.6479],[265,48,11,26,7,108,251,38,39,33,44,49,193,59,168,127,119,97,27,63,24,182,99,352,47,88,117]
_MLUOGwK-1jgwub4Wzwk_A,33.5219375,-112.04749,1,[33.5219375,-112.04749,33.5219375,-112.04749],[7,108]
LDy-xQIoe3XnKASxE2D2Lw,33.6107777,-112.1848981,1,[33.6107777,-112.1848981,33.6107777,-112.1848981],[33,11]
lG6Q5OvamVHUSk9MPE6Q4A,33.51039075,-112.0023606,13,[33.4217383,-112.0571061,33.5990432,-111.9476151],[26,11,413,32,108,7,119,38,109,39,47,48,224,27,57,69]
gWlVlf9q3Ug65xrKU0yYpw,33.5086148,-112.0308173,1,[33.5086148,-112.0308173,33.5086148,-112.0308173],[7,9]
NJHBMhmX3INoyKgABmUjHA,33.434465349999996,-111.889716980258,78,[33.3317204,-112.0264399,33.5372103,-111.752994060516],[49,66,52,119,99,11,26,7,108,33,44]
dCxumoiTvwH4fulueH9rUA,33.4456512,-112.09850195,10,[33.377663,-112.1706789,33.5136394,-112.026325],[7,142,108,292,43,11,98,10,192,13,6,115,372,33,61]
0d3HY40YxBaOruxtLZME5Q,33.4503996,-112.0648845,3,[33.4503996,-112.0648845,33.4503996,-112.0648845],[322,57]
HnCTdOT32GPX_-tcMoUlrA,33.526202850000004,-112.02597625,3,[33.4483771,-112.0740373,33.6040286,-111.9779152],[159,32,6,204,65]
7Wr91hSKfgkKnkyhLOlwww,33.50295115,-111.8438161,51,[33.3053089,-112.0893682,33.7005934,-111.598264],[48,11,7,142,292,57,306,397,56,162,39,38,99,128,30,274,6,13,41,400,63,69,12,114,115,322,8,116,36,113,129,332,79,333,35,173,112,26,24,137,139,47,27,181,229]
limfVTyIwhlFvfJXv2AO0A,33.5242874,-112.0474855,1,[33.5242874,-112.0474855,33.5242874,-112.0474855],[99,127,11]
KXUY4OG_SY0GSvYk9SsrZA,33.318275,-111.85093365,5,[33.299873,-111.8592813,33.336677,-111.842586],[224,11,63,27,33,119,120]
VO-AemelxZi83yS0FYvKIA,33.5836766,-111.9893537,50,[33.3351559,-112.0736348,33.8321973,-111.9050726],[168,265,11,119,99,26,48,43,74,24,38,88,39,40,84,147]
Tk1EP2jCabJBpUHtV7WOWw,33.683226,-112.092802,2,[33.683226,-112.092802,33.683226,-112.092802],[185,11]
cyj1X7YgbMcpGAmTBuggMQ,33.5097842,-111.9967529,4,[33.5097842,-111.9967529,33.5097842,-111.9967529],[54,317]
xvu-flQ10fy27oAGbN8Egg,33.5413659,-112.185821,1,[33.5413659,-112.185821,33.5413659,-112.185821],[7,449,99,11]
NemSJo3qUNvz6LfxMM8PeQ,33.415472,-111.834474,4,[33.415472,-111.834474,33.415472,-111.834474],[57,69]
DZeoTbU4wZuUBP6CK45PtA,33.4941704,-111.9260519,1,[33.4941704,-111.9260519,33.4941704,-111.9260519],[219,218,11]
JW4iRjIP4gGgl-A8mhCKGA,33.364777000000004,-111.77297545,14,[33.313774,-111.8772849,33.41578,-111.668666],[26,11,251,212,7,189,10,24,97,41,108,168,224]
l-ySgQnT9KQG3SvICTNF5g,33.47991015,-111.9440369,18,[33.304138,-111.978392,33.6556823,-111.9096818],[7,194,24,11,41,43,212,108,38,99,39,40]
E9zMYO4EAlUe7w24s55_qg,33.319395,-111.874965,2,[33.319395,-111.874965,33.319395,-111.874965],[182,48,140,11]
uct1MMtvkGBLBf6-KLBLrA,33.4982894,-111.9275491,5,[33.4982894,-111.9275491,33.4982894,-111.9275491],[7,108,119,11]
cIIksMjO1J8doQHd-7lKGg,33.596085650000006,-111.91492965,12,[33.4915779,-111.9297091,33.7005934,-111.9001502],[38,48,39,40,11,10,63,24,26,128,99,210,119]
mxwQi0rr25dIvHUaCs7EFQ,33.476468499999996,-112.092314126143,200,[33.421453,-112.26167,33.531484,-111.922958252286],[33,119,99,11,24,49,57,327,470,145,39,52,7,142,28,170,46,102,6,103,17,18,38,27,128,29,48,26,224]
v3ky6hoZVMTlMsNh-BC4cw,33.41907105,-111.9237270818865,7,[33.335548,-111.939622163773,33.5025941,-111.907832],[109,38,27,39,11,7,108,265,48]
ATLl-WpMoaihdwRWqLXNxA,33.4994904582952,-111.927816060414,4,[33.4969773,-111.928035020828,33.5020036165904,-111.9275971],[168,99,11,101,38,26,39]
vzfal8n6ZI4lDXJC7muUVg,33.522139499999994,-111.93418835,4,[33.362894,-112.078661,33.681385,-111.7897157],[37,32,203,43,11]
pjjPDU0Dea8nngIdsQX8Ig,33.4318914,-111.6325838,2,[33.4318914,-111.6325838,33.4318914,-111.6325838],[43,11]
_S3ExzlAk-x-ZpBaGmhIiQ,33.3478272,-111.9102573,2,[33.3478272,-111.9102573,33.3478272,-111.9102573],[7,292,98]
ZU7efxCC4QCflJ9zHOzs0A,33.579573249999996,-111.85153045,3,[33.569524,-111.889631,33.5896225,-111.8134299],[39,38,212,128,11,98,7,24,63,49,66]
DWYH3H49-KhUoJX7TfidaQ,33.472368472612104,-111.995170733354,16,[33.4217923,-112.0824552,33.5229446452242,-111.907886266708],[11,63,7,108,27,129,78,332,278,79,38,99,88,39,40,26,49,50,52,48,98,24,84,147,339,109]
GCCgC0B-sWK3weHIS0KZBw,33.5612589,-112.1156244,3,[33.5612589,-112.1156244,33.5612589,-112.1156244],[48,185,11]
R4HSH_e4vO9zoDfiYjK_Uw,33.41501205,-112.0241736,2,[33.3702541,-112.0741625,33.45977,-111.9741847],[109,38,48,39,11,265]
ORwqHLlLu0d1qvdCQjYzsA,33.6765685033475,-111.924676895142,2,[33.6765685033475,-111.924676895142,33.6765685033475,-111.924676895142],[33,99,11]
z0sgp_P9scNzIAzV3cHxww,33.626933,-112.100731,37,[33.626933,-112.100731,33.626933,-112.100731],[212,26,11]
UYRS2Ce0q5shlgBOnMRmMg,33.4219869,-111.9366872,23,[33.4219869,-111.9366872,33.4219869,-111.9366872],[33,11]
x67gqdKYmKD8YZ3j3wmW_A,33.6003577,-111.9602568,8,[33.5019817,-112.030592,33.6987337,-111.8899216],[265,11,3,335,99,48,64,133,428,65]
qCEK8GHK7kxvEJhIrn7PIg,33.5336234,-111.9652641,2,[33.5336234,-111.9652641,33.5336234,-111.9652641],[161,28,65,17,29]
6qrwEVLqTjp9IBlaa6PaVA,33.579921150000004,-112.0256651,6,[33.4920033,-112.125528,33.667839,-111.9258022],[33,117,11,265,126,97,99]
lhpWoBuVwvrquzs2C65XMw,33.4953688,-111.9940154,3,[33.4953688,-111.9940154,33.4953688,-111.9940154],[177,140,11]
x737irkRUs8ABGRc2ILLAA,33.592025449999994,-112.02011315,2,[33.5005719,-112.0741143,33.683479,-111.966112],[212,229,11,7,108]
sU979Oghvi6Q6vCJ7tplbA,33.5044082,-111.9691642,91,[33.5044082,-111.9691642,33.5044082,-111.9691642],[161,28,65,17,29]
-ZWUL1xfFP-WA9iS87S8hQ,33.480016,-112.080631,2,[33.480016,-112.080631,33.480016,-112.080631],[119,120,11]
TTw5bv-NYWmYaDVZEBdrMg,33.55946715,-112.0949093,12,[33.4354553,-112.2634935,33.683479,-111.9263251],[4,6,309,285,11,182,99,63,48,185,127,7,108,265,49,368,161,28,29,17,65,38,128,39]
hcWOOexFCK7nyRpDNWrOQw,33.662606049999994,-112.19541455000001,5,[33.6539064,-112.2045583,33.6713057,-112.1862708],[11,63,8,6,116,7,36,62,17,113,224]
cz5zL5WMerPXhbvGsQEfHQ,33.3418794449655,-111.77022645,15,[33.304371889931,-111.806152,33.379387,-111.7343009],[7,142,292,57,56,49,276,44,11,52]
2vl3MXKr8iQOWTNse5kgdw,33.4655954681719,-111.9495081747375,200,[33.4033669363438,-111.973214149475,33.527824,-111.9258022],[177,140,11,26,28,17,29,39,38,97,126,7,142]
Qt5WxOyy2ZIphSlLECTRPw,33.365433499999995,-111.9044195,55,[33.303233,-111.966307,33.427634,-111.842532],[63,27,11,224,26,212,229,7,33,48,47]
HkiB9D1R0wmnqvIDkKnxgA,33.4800389,-111.9620393,8,[33.4800389,-111.9620393,33.4800389,-111.9620393],[446,11]
S1Dl76myuyj3JoteJG5nyg,33.3624486,-111.6088264,17,[33.3088284,-111.7425488,33.4160688,-111.475104],[43,11,99,7,48,47]
D8HIs6O2r1_dEZoBQfKBDw,33.5371928,-111.92568145,3,[33.4932316,-111.927268,33.581154,-111.9240949],[84,345,6,346,38,39]
b8roZJcimSHrCkAG6Lnz6A,33.3852846,-111.964558,9,[33.3852846,-111.964558,33.3852846,-111.964558],[46,6]
DVHSHWIvGejAo59vSxhEHg,33.356269,-111.955842,2,[33.333612,-111.964813,33.378926,-111.946871],[43,11,99]
k5BJbz43TUKOBygmatgehA,33.472240822397,-111.80791245739749,4,[33.321061644794,-111.891906,33.62342,-111.723918914795],[48,11,24,99]
5NFIjcHEoMgSaRzi6TVqNA,33.4194512,-111.915926,2,[33.4194512,-111.915926,33.4194512,-111.915926],[38,7,47,88,39,48,11]
wQemftwnGVz9nSCl-SXM3Q,33.1755674,-111.91366500000001,29,[32.8795022,-112.0699779,33.4716326,-111.7573521],[37,32,265,99,11,38,48,39]
zO-BRsVcESf4dL5khN4BKQ,33.6708207,-111.9483629,6,[33.641048,-111.973213,33.7005934,-111.9235128],[64,65,71,72]
nF0QDNwYTzEW8N3MUfrMgw,33.35322555,-111.944602,5,[33.3156591,-112.012504,33.390792,-111.8767],[99,246,7,119,139,24,17,423,11,382]
2txCBonVCFJXPlTrJEWaTw,33.4973835,-111.928557,5,[33.495263,-111.929223,33.499504,-111.927891],[48,24,11,109,38,39,26]
MSN4JeeSgbzslTnq7qE_ag,33.5106961,-111.9865579,6,[33.5106961,-111.9865579,33.5106961,-111.9865579],[352,11]
5DL8jXRmWlTdc7NukV0j7w,32.9437368,-112.7335799,49,[32.9437368,-112.7335799,32.9437368,-112.7335799],[7,72,148,154]
olOQ9bcXJ5gcfWchYEQ1wg,33.4528292,-112.0685027,53,[33.4528292,-112.0685027,33.4528292,-112.0685027],[117,214,11]
1diI7PX0AxbbtiUB7nPbuQ,33.5699735,-111.99317115,64,[33.377437,-112.3516813,33.76251,-111.634661],[26,11,38,39,40,7,138,139,140,36,109,27,14,15,6,191,48,119,99,212,43,98,108,345,35,264,37,32,142,292,4,425,63,128,218]
Oc3_fwa-qSkOSm3S8-H2lQ,33.542135,-112.260301,8,[33.542135,-112.260301,33.542135,-112.260301],[28,17,29]
1aqVSQMZHMTxH0Hj5oIdqw,33.49284205,-112.0187047,7,[33.4219963,-112.097523,33.5636878,-111.9398864],[72,184,32,203,145,57,17,18,39,309,11,26,7,36,99]
Tyi5MvquA5Hbf4t2WLoDcQ,33.39112755,-111.82672785,42,[33.2906772,-111.9676661,33.4915779,-111.6857896],[78,79,48,120,11,33,168,7,24,108,119,99,44,137,8,139,63,38,26,39,57,27,109,6,70,72,275,269,84,54,324,327,212,43,20,499,23,297]
hvIJcSMnz3h6LRk2sVAVXQ,33.5025941,-111.9296765,31,[33.5025941,-111.9296765,33.5025941,-111.9296765],[182,99,11]
TgelMbtOYOT8MBvTy6Kp6g,33.4487652,-112.0714186,34,[33.4487652,-112.0714186,33.4487652,-112.0714186],[38,11,99,128,39]
KNiGdjQG-eaeyDehdOD9mw,33.32744375,-111.94766469999999,3,[33.3057949,-111.9677833,33.3490926,-111.9275461],[195,65,99,185,11]
6KmnOEM30noLcUuQn-jWDw,33.3061605,-111.8412502,1,[33.3061605,-111.8412502,33.3061605,-111.8412502],[6,270]
QRFgiJ-tgXKnVdx5oeaGwA,33.4825038,-112.04687145,4,[33.4549678,-112.0791022,33.5100398,-112.0146407],[33,38,39,11,119,99]
-W00a2_Gv6nSo6BxM8eNXw,33.531155,-112.0471074,1,[33.531155,-112.0471074,33.531155,-112.0471074],[84,86]
WnQEtsx-bXfRfoAWrv9HyQ,33.638108,-112.167852,1,[33.638108,-112.167852,33.638108,-112.167852],[64,65]
5QtPuoauKjoNXGK5vx4rCw,33.7129653,-112.1117278,15,[33.7129653,-112.1117278,33.7129653,-112.1117278],[104,161,195,65]
-rC7cl8eCWNQGLzLDnoRQA,33.3209686,-111.9909114,1,[33.3209686,-111.9909114,33.3209686,-111.9909114],[54,55,266]
LdLTtIYlFlYUXJ1HwmgNfA,33.4643554,-112.0981742,2,[33.4643554,-112.0981742,33.4643554,-112.0981742],[99,120,11]
uvx_mL5S4MlOf2Oq5owltg,33.5127699,-112.0740123,7,[33.5127699,-112.0740123,33.5127699,-112.0740123],[109,38,11,39,63]
wiWS-kFu7Qv5VYXdPGIuHg,33.5019519,-111.9514403,1,[33.5019519,-111.9514403,33.5019519,-111.9514403],[265,11]
W2OJViNi3c1FEeM7Oj83Sg,33.46396675,-111.93476485,5,[33.4253394,-111.9398532,33.5025941,-111.9296765],[182,48,140,11,38,99,128,39,296]
1hXI-vDRgCTsCDqmbNRnDg,33.5953578,-111.92151989999999,45,[33.4920804,-111.9255527,33.6986352,-111.9174871],[38,48,39,40,11,33,7,142,108,440,260]
rZF3xgKdanZG1yfJdPHBJw,33.4490955,-112.0727728,162,[33.448333,-112.074127,33.449858,-112.0714186],[28,17,18,29,99,11,38,128,39]
LQ0Pl8NZTUDjI7xTyJyLKA,33.3090064,-111.8411708,1,[33.3090064,-111.8411708,33.3090064,-111.8411708],[26,11]
b-kY8Y11ALSAm8qp4PyRyg,33.5021153,-111.9194323,2,[33.5021153,-111.9194323,33.5021153,-111.9194323],[136,17]
wBA2rIs3CcbBZaf803s4tg,33.394030718551,-111.87501022136,6,[33.394030718551,-111.87501022136,33.394030718551,-111.87501022136],[63,27,11]
UBzaD-RDV7s1yhBZRwUcNw,33.498028,-111.927951,1,[33.498028,-111.927951,33.498028,-111.927951],[63,27,11]
dyKRXo9HfZKxX0LTSe40Rg,33.435098543415,-111.930368255838,9,[33.37797828683,-111.936617211676,33.4922188,-111.9241193],[181,11,259,260]
7qru8A4ucyiFp74XCMdgmA,33.443203,-112.0347695,20,[33.43475,-112.063099,33.451656,-112.00644],[28,170,17,29]
a8SprmfnrFmIfDuhC3BfDA,33.623863,-112.358554,49,[33.623863,-112.358554,33.623863,-112.358554],[6,45]
LSI3fFGB_Jinn3zfHc-tZg,33.5708131,-112.0657374,1,[33.5708131,-112.0657374,33.5708131,-112.0657374],[26,11]
zT7jQ9_aZ9zCsXVHuNvmeQ,33.4068856,-111.7274675,101,[33.360621,-112.012504,33.4531502,-111.442431],[28,17,29,26,11,10,99,185,33,44,119]
p6Q8nIGFB2Qz7Gh7UKrVdA,33.5017372,-112.0727082,2,[33.4645035,-112.132693,33.5389709,-112.0127234],[72,154,33,99,120,11]
PpmLlVUWgZNvKhTKaO_Gdw,33.495496,-111.988131,1,[33.495496,-111.988131,33.495496,-111.988131],[26,11]
mKqXFHS3B-eD61mE_-6cWA,33.562212528341206,-112.025420665741,200,[33.4566960573784,-112.072327136993,33.667728999304,-111.978514194489],[322,57,39,145,119,11,7,108]
0i48ppzm23iF1mbmH1qa7g,33.6506979,-111.95206185,5,[33.6235418,-111.978579,33.677854,-111.9255447],[33,11,7,108,201,119]
jIXgt-2fq1bIaxClWGTm4w,33.7121367,-112.2014742,2,[33.7121367,-112.2014742,33.7121367,-112.2014742],[43,11]
OSubsco4aRQSd5iMCsK7ew,33.5044082,-111.9691642,4,[33.5044082,-111.9691642,33.5044082,-111.9691642],[161,28,65,17,29]
Y2-KtEL3k8Ai5gLzeIRX9w,33.482551,-111.99173085000001,6,[33.381622,-112.0999357,33.58348,-111.883526],[43,11,38,39,7,142,44,224]
pXNEsOyNWFA7BxhDammduQ,33.5095175,-112.0638736,1,[33.5095175,-112.0638736,33.5095175,-112.0638736],[7,108]
Wmd152U-ffrRajxKNE1Xug,33.4876277,-112.0313385,1,[33.4876277,-112.0313385,33.4876277,-112.0313385],[109,38,39,206,11]
7jpkSH4oMKd6xrlo5wWmLg,33.6702197,-111.9105459,2,[33.6702197,-111.9105459,33.6702197,-111.9105459],[54,238]
wnadMe8lJEVWNsN5bVJ3Ww,33.4522112,-111.95286435,6,[33.3046962,-111.9872563,33.5997262,-111.9184724],[7,142,182,48,140,11,126,74,24]
3Rr3J9F4ZlE6x6MHRq9Hcg,33.5024095,-111.9955012,2,[33.5024095,-111.9955012,33.5024095,-111.9955012],[27,11]
BbSQ7MSYlyDE5WmRu_adnw,33.29952475,-111.83982375,4,[33.2774461,-111.9626175,33.3216034,-111.71703],[54,412,55,256,126,11,229,30,13,6]
CsOieKFFMo_TT1Xjzx_aWg,33.632129,-111.9023478,2,[33.632129,-111.9023478,33.632129,-111.9023478],[84,32,336,318]
nte_amQXKvsNUPdS4zC60A,33.497526199999996,-111.99612289999999,7,[33.3776584,-112.1164668,33.617394,-111.875779],[78,79,32,90,168,169,11,251]
xcSnoGPcKIjsPDwwaHedPA,33.6045127,-112.0750498,15,[33.4938414,-112.2245556,33.715184,-111.925544],[11,63,49,51,52,119,43,141,345,6,87,64,65,7,108,57,46,27,204]
i5m1-sQyLJmBn7FT-dfiag,32.9873654,-111.5240382,2,[32.9873654,-111.5240382,32.9873654,-111.5240382],[26,11]
yWx48PCuaK967jG_UdGxtQ,33.60631435,-112.377104,22,[33.4223387,-112.828974,33.79029,-111.925234],[26,11,99,39,439,169,309,119,285,28,190,10,24,63,33,48,307,27,38]
5HihVrayQ-U7Z0xfLyS_nQ,33.333182,-111.983142,1,[33.333182,-111.983142,33.333182,-111.983142],[43,11]
630QiBBbO5tfO-9b84ZR3g,33.497291,-111.9300012,1,[33.497291,-111.9300012,33.497291,-111.9300012],[4,5,6]
yI15VsYAgcFOoasstMO4UA,33.4426720286892,-112.0182535684965,200,[33.428648,-112.072327136993,33.4566960573784,-111.96418],[119,38,99,39,11,28,17,29]
1l4nfCZZ8DVvqnwiZuuZ0g,33.4658779,-111.9061195,1,[33.4658779,-111.9061195,33.4658779,-111.9061195],[27,11]
HtxNcRQr28JTzXPOf7X_fA,33.4814627,-112.31301415,131,[33.425207,-112.364213,33.5377184,-112.2618153],[39,38,99,128,11,182,26,149,97,63]
XwNjKLBPWGvFuKSVLIxMfg,33.5009321,-111.9956789,7,[33.4719589,-112.0649208,33.5299053,-111.926437],[7,8,38,48,39,11,251,265,483]
otMYZxIX1vLboDaLc9tArg,33.491077,-111.911464,1,[33.491077,-111.911464,33.491077,-111.911464],[49,178]
nTaCyWL9q_lWyKUwNy_8Bw,33.4670423,-111.95688945,4,[33.4552907,-111.9878697,33.4787939,-111.9259092],[251,11,43]
bjpPThvJKPBBSl1RGxvm3w,33.7806577729887,-111.923919447631,1,[33.7806577729887,-111.923919447631,33.7806577729887,-111.923919447631],[119,48,11]
HOBVhr-pxWI8e8YJcQu7yg,33.5559455,-111.8958165,3,[33.500238,-111.926921,33.611653,-111.864712],[11,63,126,97]
MSKB7IQw_b_icyhED0Fj-w,33.400538850000004,-111.90735190000001,2,[33.37823,-111.9399985,33.4228477,-111.8747053],[39,11]
CifiiSoeEAX9KOKK-QHuhg,32.94709805,-112.71864110000001,23,[32.94577,-112.725502,32.9484261,-112.7117802],[28,17,29,63,27,11]
62_UwnPPBhSBSzS9DeBCmA,33.3807272,-111.95362335,7,[33.3402863,-111.9647327,33.4211681,-111.942514],[421,65,49,80,82,59]
rmQpTuBBq9Pqd20CMAFomw,33.4657106,-112.0674695,1,[33.4657106,-112.0674695,33.4657106,-112.0674695],[7,8]
iuwxAbcPhmm6Eho-IG0ooA,33.510026,-112.024174,2,[33.510026,-112.024174,33.510026,-112.024174],[48,11]
KIKmorsGu-a86NwcoTTiTQ,33.506180799999996,-112.0260435,200,[33.4329724,-112.220837,33.5793892,-111.83125],[41,43,11,28,17,29,57,99,91,49,51,327,48,296,69]
9hsjvBMXy-Wt5acctnoEUw,33.36349095,-111.88797885,9,[33.3056789,-111.916969,33.421303,-111.8589887],[7,162,43,11,224,251,373,97,25,6]
SOyTT6b3ZWBoh9CRKEEdIw,33.58184875,-112.05441250000001,6,[33.50123,-112.18689,33.6624675,-111.921935],[7,108,17,62,39,38,26,128,11]
dXz7Eaw2D-Db1zgH-lXTKA,33.45085975,-111.9891773,20,[33.3777355,-112.1345686,33.523984,-111.843786],[168,144,24,11,185,26,38,39,293,7,98,10,9,119,99,63,117,265,142,292]
0GmW2jlCwWjp48SISQm1Sg,33.449233,-112.065458,2,[33.449233,-112.065458,33.449233,-112.065458],[27,11]
iiyxyc0FC-PKzVLCIfxJEQ,33.5879473,-112.1164668,12,[33.5879473,-112.1164668,33.5879473,-112.1164668],[168,169,11]
mBFg4_1lGa8_CTJaVYDC-Q,33.5242874,-112.0474855,1,[33.5242874,-112.0474855,33.5242874,-112.0474855],[99,127,11]
F1_EKp5Qc5u-m1o6NItJPw,33.56709385,-112.1338908,16,[33.421203,-112.3409678,33.7129847,-111.9268138],[185,11,340,26,27,7,138,48,139,265,99,63,43,33]
7m6lbX06v88Bh26zPbasfw,33.423246,-112.240641,7,[33.423246,-112.240641,33.423246,-112.240641],[43,11]
_vLV2UIwknuqV5Ez1I6c9Q,33.4341094982183,-111.996914148331,107,[33.4341094982183,-111.996914148331,33.4341094982183,-111.996914148331],[117,11]
VKq94_OJhFfNC3zX7IxLcg,33.4743885,-111.965655,3,[33.43475,-112.00644,33.514027,-111.92487],[28,17,29,265,11,170]
XCF-_nxwHfy4rVDgOVaNZg,33.5823384,-111.6801411,40,[33.5823384,-111.6801411,33.5823384,-111.6801411],[28,17,18,29]
DJ6WKdZzmYoF6qr6_YhQ6g,33.524091999999996,-111.96853395,200,[33.423546,-112.0147669,33.624638,-111.922301],[57,56,39,145,126,97,11,48,212,168,229,28,17,29]
TGHuWYufS_-GO0cENvUmJQ,33.507425,-112.0366323,1,[33.507425,-112.0366323,33.507425,-112.0366323],[11,63]
5ytYL_MXUGKAgI4KLlChsg,33.688109,-111.9452288,46,[33.678615,-111.9746066,33.697603,-111.915851],[212,229,11,7,47,48,27,99]
doJn2LUxZOmNkRLYddytiw,33.4252525,-111.9400606,20,[33.4252525,-111.9400606,33.4252525,-111.9400606],[15,6,191]
NGIGvoHYuCXi8aYWvaKlCg,33.434102,-111.8677129,1,[33.434102,-111.8677129,33.434102,-111.8677129],[7,313]
jMAdPKZlAhbb4FWd-UWLfw,33.348162,-111.9819,4,[33.348162,-111.9819,33.348162,-111.9819],[26,11]
mym5tXZoZCbuPCYQzI5Ysg,33.43961295,-111.9701612,150,[33.272043,-112.0986063,33.6071829,-111.8417161],[6,45,33,26,11,88,109,38,39,28,442,241,7,43,224,14,15,98,24,455,139,307,212,119,84,124,125,8,92,46,17,18,99,12,61,13,114,162,101,40,247,83,57,69,157,103,249,56,168,298,434,145,127,48,49,265,146,10,244,91,27,142,25,72,154,292,108,172,117,393,213,29,309,285,192,89,140,221,158,191,36,216]
LEkg_ML0nbZSgGXfgwj2YQ,33.3826659,-111.8739907,35,[33.3826659,-111.8739907,33.3826659,-111.8739907],[28,17,29]
CR2y7yEm4X035ZMzrTtN9Q,33.393004950000005,-111.98218595,6,[33.2909097,-112.0357137,33.4951002,-111.9286582],[26,11,374,32,95,123,65]
A8KAUGlzA8gaCoe5GMMKVQ,33.55670148714,-112.0519229666845,2,[33.4423345,-112.0736563,33.67106847428,-112.030189633369],[38,11,39,27,128,63,40]
qrPwSoW21TJHCLhDPC8DHQ,33.5135194,-111.8887889,56,[33.5135194,-111.8887889,33.5135194,-111.8887889],[14,15,25,6]
hvTC1a8XI_MubPWbVqzm2w,33.448717,-112.059954,10,[33.448717,-112.059954,33.448717,-112.059954],[26,11]
8SKTFGqqHSYGyg4De5rW5g,33.410920700000005,-111.91919825,32,[33.3216034,-111.9626175,33.500238,-111.875779],[126,97,11,251,43]
wmMU96Vidr4Fe1-aij0SLQ,33.39189925,-111.80606975,72,[33.2812044,-111.9296765,33.5025941,-111.682463],[104,161,195,65,127,11,44,178,17,49,28,29,7,365,142,292]
HOBUsk-AwjrskCn3fBf62Q,33.48983835,-111.92668365,10,[33.477178,-111.929223,33.5024987,-111.9241443],[13,6,4,59,49,193,160,119,48,24,11,63,7,292,99]
DeYRUi2YEFYZLZ1ukOGd6w,33.4441596,-111.82099945,30,[33.3788731,-112.0403946,33.5094461,-111.6016043],[185,11,63,27,212,57,69,48,28,17,29,38,7,47,88,39,109,206]
pnLoUMlrvoG48zr6T5BbPQ,33.5313983,-111.93021585,8,[33.4787843,-111.93804,33.5840123,-111.9223917],[182,48,140,11,32,95,222]
j8mh9nlPbxNnOUhlzMe3pw,33.4950064,-112.2046659,2,[33.4950064,-112.2046659,33.4950064,-112.2046659],[7,139,8,380]
kp5HPnrXm1BHhpPMLTT7Ng,33.41133225,-112.00155115000001,17,[33.320255,-112.0800705,33.5024095,-111.9230318],[224,11,27,218,219,104,105,65,182,63,24]
0Lt6pBtdcS0Fcx41PHivsQ,33.3947699,-111.9088938,1,[33.3947699,-111.9088938,33.3947699,-111.9088938],[33,117,48,11]
TnTkd3MKoIOKqrsPDzhiog,33.408316,-111.530578,4,[33.408316,-111.530578,33.408316,-111.530578],[26,11]
zMmZ3L_KA5t2n2LunS5nzQ,33.536105,-112.037429,24,[33.393595,-112.203776,33.678615,-111.871082],[28,17,29,7,194,38,265,39,11,57,69,43,152,48,40,351,205,99,128,296,126,97,12,114,13,6,44,24,145]
Bmzq_nkjYqp8aWn12RJdhA,33.5672973260014,-111.80215705,200,[33.261284,-112.2400641,33.8733106520028,-111.36425],[126,11,33,44,117,10,24,88,7,38,47,39,57,333,138,8,139,30,13,6,110,27,43,99,120,92,15,183,421,65,46,372,97,98,48,293,26,229,189,119,182,140,219,218,212,168,41,400,28,17,29,63,185,1,91,239,205,40,177,192,32,302,141,142,265,128,338,382,206,169,137,298,145,109,4,101,108,72,441,18,64,71,96,21,172,365,201,42,465,49,80,82,59,200,342,240,241,364,35,112]
dLMwaI3kr8ORtUO3iCEpkQ,33.6390308,-112.3590018,2,[33.6390308,-112.3590018,33.6390308,-112.3590018],[33,185,11]
rviVgJFfVSBKEyRFFkH05A,33.3857416,-111.9371953,23,[33.2614572,-112.0846008,33.510026,-111.7897898],[48,11,352,26,43,71,72,297,49,80,82,59,109,38,27,39,52,7,108,251]
DN95eiIFKBfM6QafZLPGMQ,33.4365465,-112.073882,7,[33.406467,-112.220837,33.466626,-111.926927],[7,142,96,72,108,126,97,172,11]
Qry9nqbD0TPLsY8XcZl2gA,33.445036,-111.92582,11,[33.445036,-111.92582,33.445036,-111.92582],[28,17,29]
weDSLmI5N4EOl56euehIkQ,33.2181007,-111.8588719,2,[33.2181007,-111.8588719,33.2181007,-111.8588719],[43,11]
B74rUXUNO4YYfmGVG-EkEw,33.425207,-112.3566862,6,[33.425207,-112.3566862,33.425207,-112.3566862],[26,11]
qwmfYLq3UGoR6c4-MVugYQ,33.47583915,-111.98483884999999,9,[33.4231274,-112.0650649,33.5285509,-111.9046128],[26,11,48,251,224,212,43,27,96,72,184,175,129,79,121,7,98,8,10,36,168]
NOQ6pbn28FBQUJ60bSIBmQ,33.5928565,-112.3000159,1,[33.5928565,-112.3000159,33.5928565,-112.3000159],[7,108,201,11]
qHqklkFS4JfKtcJDT1WMaQ,33.54598163679355,-112.03923885,16,[33.4659912735871,-112.1525685,33.625972,-111.9259092],[168,181,229,11,177,140,63,27,33,99,120,430,24,38,48,39,309,119,285,182,218,307]
XdXUZiIxtkeM09LRCkB_Sg,33.3145226903095,-111.73411008452749,8,[33.307983735825,-111.74430125426,33.321061644794,-111.723918914795],[99,11,126]
kO5n6O06-FxLrl1krLX1FA,33.5006293,-111.9232551,1,[33.5006293,-111.9232551,33.5006293,-111.9232551],[27,11]
DV_ja2PehtTATgJAK9E61w,33.4740662,-111.9270986,1,[33.4740662,-111.9270986,33.4740662,-111.9270986],[10,11,24,63]
Ryy5lzNOevuI3aEc95768Q,33.5079182,-112.05076935,8,[33.3889034,-112.261226,33.626933,-111.8403127],[38,99,181,39,48,11,224,119]
kCQZSWnXnZiQvoP3vxyDTg,33.44123965,-111.94518335000001,5,[33.3402863,-111.9647327,33.542193,-111.925634],[265,126,97,11,49,80,82,59]
a6THBNxpztmTN06IvOQmww,33.5239216,-112.1517866,164,[33.5239216,-112.1517866,33.5239216,-112.1517866],[43,11]
vjlRbK8cgnwPDf-nYrMSUQ,33.47808045,-111.92716195,8,[33.3550442,-112.0647931,33.6011167,-111.7895308],[46,6,26,11,185,98,7]
2B23fOL-XiiWaKG7YWgExg,33.29079215,-111.8903932,5,[33.2614572,-111.8977616,33.3201271,-111.8830248],[48,11,99]
RIO-DDNxd45FizVROjPkOg,33.4940321,-111.9218306,9,[33.4940321,-111.9218306,33.4940321,-111.9218306],[119,26,185,11]
J-jMXmsd0_d9hPHwht7MxQ,33.4466976,-112.3411162,1,[33.4466976,-112.3411162,33.4466976,-112.3411162],[28,17,18,29]
kLBMn3ZMzQZgBSAoIktMgQ,33.3022008,-111.8410615,1,[33.3022008,-111.8410615,33.3022008,-111.8410615],[119,11]
OdHkg0016yrvYebU9wm_xQ,33.362778,-112.168611,8,[33.362778,-112.168611,33.362778,-112.168611],[6,21,35,77]
6YB7nN2wwdmpgwCaSPSjVA,33.3779891872164,-111.689758300781,4,[33.3779891872164,-111.689758300781,33.3779891872164,-111.689758300781],[224,11]
B-mjz2d83pimgyD0iFub1g,33.362444,-111.912417,9,[33.362444,-111.912417,33.362444,-111.912417],[98,7,24,11]
_W5CrweclBgxUoH2m4DGBw,33.5092556,-112.0378823,50,[33.5092556,-112.0378823,33.5092556,-112.0378823],[7,142]
t6V0CM0EsRnRnp4rmytZgA,33.5016589,-112.04725,1,[33.5016589,-112.04725,33.5016589,-112.04725],[119,120,11]
2PBL103IGPyPcKJEgJ07GQ,33.4033669363438,-111.973214149475,7,[33.4033669363438,-111.973214149475,33.4033669363438,-111.973214149475],[28,17,29]
wSSlEV1KRoKgxVNTz3A-oA,33.57622885,-111.92533535,5,[33.4802112,-111.9602065,33.6722465,-111.8904642],[119,99,11,63]
sFZn88TBdo_ZdKyW4vsFIw,33.16660215,-111.86628395,22,[32.8794202,-111.9802308,33.4537841,-111.7523371],[11,27,307,63,7,33,48,47,49,368,265,146]
ZXTIFYJPsqBDeBaoGKJc_Q,33.47580725,-111.92902335,11,[33.2762703,-112.0152845,33.6753442,-111.8427622],[6,378,32,35,76,48,11,39,38,26,127,182,140,99,7,292,142,106,54,280]
ew-YiTn2fJH0IyjXSltKBQ,33.465448,-111.899676,2,[33.465448,-111.899676,33.465448,-111.899676],[308,54,242,238]
kD0hDeyeYbzoF_wd-YvdAQ,33.33563,-111.854277,2,[33.33563,-111.854277,33.33563,-111.854277],[41,43,11]
K00soIrGWkT2WepT1h7PsA,33.65977068079765,-111.90396195,5,[33.6204713615953,-111.917449,33.69907,-111.8904749],[26,11,27,63,117,24]
5LU-21bimh4DgdEthvf8iQ,33.6386193681719,-112.03694991263049,200,[33.4033669363438,-112.1502292,33.8738718,-111.923670625261],[7,313,27,11,142,8,6,204,65,292,33,38,48,39,98,36,193,194,59,49,195,28,17,29,99,57,69,12,114,13,22,119,170]
ft_5klh-yrDvvS92xXky-g,33.425938,-111.940346,1,[33.425938,-111.940346,33.425938,-111.940346],[7,139,225]
5ezjKqMQgibe-D1AV5fCWw,33.478129100000004,-112.0399285,10,[33.4548476,-112.1000362,33.5014106,-111.9798208],[192,11,307,27,172,119,38,101,33,39,128,98,7,10,265,63,24,26]
bc1BST38H04S7wvL1SRniw,33.506946,-112.1170505,104,[33.5030185,-112.134201,33.5108735,-112.0999],[43,11,251]
OA7FX5QRu-xr75xN38GndA,33.432014,-112.042844,7,[33.432014,-112.042844,33.432014,-112.042844],[28,271]
mJvu2yw4nIqchdMvW9OxWg,33.4492414,-112.072854,1,[33.4492414,-112.072854,33.4492414,-112.072854],[38,39,40]
LzTtvcjciEAeb5C1Wjc-Hw,33.558889949999994,-112.153212,55,[33.4486711,-112.332821,33.6691088,-111.973603],[248,249,250,6,15,14,11,63,119,322,57,185,191,46,13,30,18,17,7,142,108,112,33,99,26,12,22,25,27,24,117,114,139,225]
u33Vpx9csHNHhBK764kDzg,33.49072725,-112.0461345,60,[33.4712477,-112.0650649,33.5102068,-112.0272041],[48,11]
Z6Kz5DOd0-W3t_FoQIELAg,33.53033995,-111.9154546,35,[33.3338729,-111.9778024,33.726807,-111.8531068],[78,79,265,185,11,26,182,48,99,7,36,97,49,445,66,52,38,39,27,109,88,298,352,140,43,63,142]
muVxoIDJqy5KMT_PjODrpA,33.5225262,-111.999116294792,9,[33.4471735,-112.073781,33.5978789,-111.924451589584],[65,133,48,11,168,97]
GU9ITiwbv9Qle62DOpkRzA,33.5044082,-111.9691642,144,[33.5044082,-111.9691642,33.5044082,-111.9691642],[161,28,65,17,29]
vVBYGgjbQ3aT7Q-Cv-1Naw,33.4953013,-112.0001334,1,[33.4953013,-112.0001334,33.4953013,-112.0001334],[126,43,11]
Jg0BVZBkmusNnF9u7kc6FA,33.326811649999996,-111.96568625,2,[33.3184674,-111.9682552,33.3351559,-111.9631173],[109,38,265,39,11,74,24]
ZalHTcdzDOZ8Y4Nb9WFZlg,33.4908904484577,-111.670638696847,2,[33.4908904484577,-111.670638696847,33.4908904484577,-111.670638696847],[168,265,11]
MRrrOvAdihfnsaHdNBb_cw,33.580202,-112.0093005,5,[33.477178,-112.092802,33.683226,-111.925799],[99,127,11,119,48,24,7,108]
txMhhj8rJOViJe-TlO4yJg,33.52374025,-112.0147345,26,[33.4239428,-112.103916,33.6235377,-111.925553],[210,11,63,49,193,80,59,119,99,50,52,38,273,39,97,4,13,6,115,160]
O927TTluf2hv5sFhEANCKw,33.5963383,-112.1515875,1,[33.5963383,-112.1515875,33.5963383,-112.1515875],[49,4,5,6,367]
-mYPtiK_0QGlLFUtBtEfQg,33.62986575,-111.9247131,5,[33.6236715,-111.9251782,33.63606,-111.924248],[6,156,11,63,38,48,39,40]
mG6zcF3gScLHGiqnWVxkhw,33.5100523,-111.9963126,33,[33.5100523,-111.9963126,33.5100523,-111.9963126],[206,11]
RybmOh3bUwZaCeGqe2WMxA,33.3637662,-111.9304053,4,[33.3637662,-111.9304053,33.3637662,-111.9304053],[185,11]
0OAUMCdxNl71bkb6a4F1GA,33.6003224904858,-111.89094543457,1,[33.6003224904858,-111.89094543457,33.6003224904858,-111.89094543457],[81,104,65,54,220]
mODRlE6YB-qdmJPoJ-WcWA,33.5294633,-112.02150675,200,[33.5123186,-112.0476585,33.546608,-111.995355],[11,63,26,17,18,119,99,48]
aDlFfnEVzLkabkeZAmc1Zw,33.6670532,-112.2054933,1,[33.6670532,-112.2054933,33.6670532,-112.2054933],[65,133]
Bq-fS1NXfBJiaBfLB2vwEA,33.4033669363438,-111.973214149475,123,[33.4033669363438,-111.973214149475,33.4033669363438,-111.973214149475],[28,17,29]
ET0bpCh_AeDiqdIuhTQirA,33.500545,-111.9264093,2,[33.500545,-111.9264093,33.500545,-111.9264093],[33,38,48,39,11]
JN7dBqkKZLUFornBQzk-Iw,33.4368612750294,-111.999372425759,32,[33.4368612750294,-111.999372425759,33.4368612750294,-111.999372425759],[24,11]
bGcbj2zsqOy9BbVs8JtBig,33.4373518,-111.7181797,5,[33.4373518,-111.7181797,33.4373518,-111.7181797],[11,63]
B63qAIvH3jVUlA6ssqVSnA,33.54222025,-111.98522750000001,19,[33.457863,-112.082949,33.6265775,-111.887506],[27,48,24,11,33,63,185,10,182,99,119,43,212,54,238,38,39]
6V3pvz5Wmy2i3XFJoxWkhQ,33.34199795,-111.91814099999999,9,[33.305759,-111.993252,33.3782369,-111.84303],[44,11,224,41,99,149,126]
7JjYzwRAsTnu2-q-VukQNQ,33.46689875,-112.1675518,2,[33.4384287,-112.3410882,33.4953688,-111.9940154],[119,99,11,177,140]
zDOEzTAUE1uPLcLPCIK-0Q,33.4395571,-111.98900535,9,[33.422788,-112.0737079,33.4563262,-111.9043028],[7,229,11,149,97,108,33,117,48]
tP6beHPTsh8FCzubawbHOA,33.4146612,-111.9293037,24,[33.4146612,-111.9293037,33.4146612,-111.9293037],[7,232,26,11]
TgT9tG6CsIuLzmzHAj5-nQ,33.2181007,-111.8588719,2,[33.2181007,-111.8588719,33.2181007,-111.8588719],[43,11]
vPzmI1kGPGaSMQo6VSkV9w,33.368394672397,-111.72480915739749,2,[33.321061644794,-111.7256994,33.4157277,-111.723918914795],[99,11]
yVCN0W6nFL40JPFFpfTY-Q,33.56281905,-111.9826867,9,[33.554825,-112.0657374,33.5708131,-111.899636],[26,11,119,201]
amFf4zJT3nrRtfWJhwe6gA,33.6789932,-112.0301297,3,[33.6789932,-112.0301297,33.6789932,-112.0301297],[65,167,133]
Ld7ybOjWYvHViCUdksYFNQ,33.530569549999996,-112.04059365,7,[33.4655863,-112.1532251,33.5955528,-111.9279622],[218,11,38,145,57,88,39,298,7,24,47,27]
27MmRg8LfbZXNEHkEnKSdA,33.4820996,-111.9087669,32,[33.4820996,-111.9087669,33.4820996,-111.9087669],[26,11]
IBxgFchRh2VblFbqCyvOng,33.473254,-111.97960565,34,[33.276252,-112.117994,33.670256,-111.8412173],[168,11,224,126,97,7,162,201,194,24,98,239,99,212,27,63,373,251,153,10,177,140,26,43,149,169]
yOSz69afsE04ilUfAckLaA,33.480204548681954,-111.9320808806365,4,[33.3780682,-111.9402788,33.5823408973639,-111.923882961273],[26,11,27]
d9NiFsAxY-ktixPKHiFo1g,33.5961549323239,-112.05074327101701,96,[33.5950968646478,-112.065436542034,33.597213,-112.03605],[28,17,29,26,11]
E83jZ7j07Hx-RcRiTbA_kg,33.4811948,-111.988534,21,[33.3354566,-112.100731,33.626933,-111.876337],[212,26,11,33,38,48,39,57,145,101,224,7,142,88,109,63,6,186,251,162,43,98,206,182,172]
mFDCZPRPSVvVC3XDA_JJOw,33.415501,-111.837456,11,[33.415501,-111.837456,33.415501,-111.837456],[10,48,24,11]
_boBQx1hhICx8y4GWnivLA,33.62465395,-111.92813724999999,177,[33.6241241,-111.9307637,33.6251838,-111.9255108],[168,265,11]
8VDpKyV7J3wXYBTMZje0Wg,33.304814,-111.977708,1,[33.304814,-111.977708,33.304814,-111.977708],[7,142]
-QTX2UW6PRXnuKRbqJ0soQ,33.469296650000004,-112.02850699999999,5,[33.4511185,-112.0830342,33.4874748,-111.9739798],[38,143,39,26,11]
5B91MNhnGC0GRR_5_sawOQ,33.564852,-111.9255724,3,[33.564852,-111.9255724,33.564852,-111.9255724],[168,99,11]
reeuZ_MMPTSsQgMKx6Z82g,33.29865475,-111.85178715,11,[33.2614572,-111.8830248,33.3358523,-111.8205495],[109,38,48,39,11,99]
ljlHYPyevb3FD6f41hJdWg,33.2333299,-111.8580919,1,[33.2333299,-111.8580919,33.2333299,-111.8580919],[33,11]
dfprRWlHx_GRUyCY5vmCbQ,33.49426335,-111.91871929999999,72,[33.3750117,-112.0478085,33.613515,-111.7896301],[296,11,27,63,39,38,128,26,99,168,298,88,40,293,43,185,119]
6k5ts2aPb62GT1nttXwUZg,33.4869182,-111.908738,8,[33.4869182,-111.908738,33.4869182,-111.908738],[39,119,26,38,11]
jpgvA4_XrPDS1EQKPdgorQ,33.701112,-111.924054,1,[33.701112,-111.924054,33.701112,-111.924054],[126,97,11]
BcL0Vdr7Rw5x6K431uhugg,33.493947,-111.922301,44,[33.493947,-111.922301,33.493947,-111.922301],[28,17,29]
-LyWKF5Yf0yJGnb20FsBOA,33.626933,-112.100731,9,[33.626933,-112.100731,33.626933,-112.100731],[212,26,11]
ctwAyJaiDUdso5sABAVEgQ,33.31838725,-111.84456635000001,2,[33.3023282,-111.8463705,33.3344463,-111.8427622],[377,323,11,7,292,142]
Xo6W4Mk2fqsO30WTJmrkFg,33.5168613,-112.04694655,9,[33.5094352,-112.0474855,33.5242874,-112.0464076],[99,127,11,10,24]
fhU20mRhs9O3A6A5cdrxjQ,33.480017,-112.031501,140,[33.480017,-112.031501,33.480017,-112.031501],[28,17,29]
jJwpjQp1BSDRY1beS137wQ,33.4939313,-111.9256266,3,[33.4939313,-111.9256266,33.4939313,-111.9256266],[185,11]
jYmjMeIImo6Lzecp6y1Srg,33.426351,-111.940137,2,[33.426351,-111.940137,33.426351,-111.940137],[38,99,39,11]
ATBkaNynFOtPdKu0liVxSQ,33.42061635,-111.95001985,2,[33.3488977,-111.9763848,33.492335,-111.9236549],[168,11,48,63,38,99,39,40]
0F8_EKQvuIz803xHPKKl9w,33.619257066596546,-111.9085653161665,40,[33.5828297331931,-111.9300279,33.6556844,-111.887102732333],[119,99,11]
h-tkGVEboeailwirMeyRKg,33.5081582,-111.9066528,1,[33.5081582,-111.9066528,33.5081582,-111.9066528],[188,23,11]
fbwbTcGmlu87j10BX-ZBnw,33.466199,-111.919834,8,[33.466199,-111.919834,33.466199,-111.919834],[7,162]
KplhMfuEaG3-k93cmYU5og,33.472930929193,-111.8493245341975,15,[33.306176258386,-111.9778065,33.6396856,-111.720842568395],[11,43,38,99,128,39,48,117,177,140,63,119]
O0rUAVg4TCe19pBkkIrKSA,33.58280645,-111.88734550000001,2,[33.581087,-111.887506,33.5845259,-111.887185],[99,11,33,24]
HBJnYuhQ4dZnIXEY_qow1g,33.713107,-112.113011,7,[33.713107,-112.113011,33.713107,-112.113011],[182,48,140,11]
Pc-6iaUA1hPkTZP2g4G0Hg,33.467741950000004,-111.966802316406,7,[33.4238102,-112.0653185,33.5116737,-111.868286132812],[99,11,88,38,39,24,328,32,210]
FrdgeUpRZ6Ad_UEc2cwePA,33.5907810207369,-112.0195945053955,5,[33.5062078,-112.0739142,33.6753542414738,-111.965274810791],[168,181,229,11,63,27,265]
Sdf66g4Kw0KwlzXoooja3A,33.3864429,-111.85023125000001,8,[33.37876,-111.9394645,33.3941258,-111.760998],[165,32,95,38,101,33,39,128,11]
nCH3A-ItZBcX26RiHM5Kkg,33.4086174,-111.90779505,2,[33.307028,-112.0272041,33.5102068,-111.788386],[48,11,64,161,65]
NhXOaROBjlU-IuQrmWrQYQ,33.387141,-111.923960578495,200,[33.272043,-111.9802308,33.502239,-111.86769035699],[119,11,48,24,49,265,146]
-P9gI1stbFvyuPUKE-dq0g,33.4922985,-111.9245517,29,[33.4922985,-111.9245517,33.4922985,-111.9245517],[210,11]
MjqYTxAztuhs1NvkBB0DXg,33.5685517,-111.92308135,58,[33.500545,-111.9264093,33.6365584,-111.9197534],[109,38,265,39,11,119,99,33,44]
gQhHDBekmBHSKdQ2j5mmQg,33.416681,-111.66296,61,[33.39926,-111.96167,33.434102,-111.36425],[333,182,48,140,11,33,117,7,313,28,17,29,10,24]
-533euPHZXG982IzgFjZCw,33.5476609,-112.0247645,52,[33.4552907,-112.1241562,33.6400311,-111.9253728],[126,11,48,7,108,33,99,44,41,42,43,224]
iq3vg3-EBnwY8hiv_yOXng,33.4691316,-112.0475116,10,[33.4691316,-112.0475116,33.4691316,-112.0475116],[26,11]
g9A9krUcmPuO3Uv8WnGP4A,33.429173093415,-112.00314035,7,[33.37797828683,-112.0715044,33.4803679,-111.9347763],[7,108,99,11,57,145,38,39,40,48,181,246,119,139,24,17,423]
CaP2S-hF9F_25nz4F36MmQ,33.4001383,-111.90040135000001,15,[33.3061062,-111.94047,33.4941704,-111.8603327],[7,139,225,10,11,109,38,27,39,128,185,88,24,40,99,26,114,13,6,465,57,145,298,47,48]
cYKUTChZVlN3QVUrGuLZfg,33.5836554,-111.9259129,2,[33.5836554,-111.9259129,33.5836554,-111.9259129],[20,23,243]
Kjib4xsesTxhv__kr-2Y2g,33.46184302665735,-111.8357579,41,[33.3014001,-111.927951,33.6222859533147,-111.7435648],[168,11,63,212,361,218,27,38,7,47,88,39,48,41,323,142,10,24]
F3nsSpCTc5M9y5IXnJqBvQ,33.4077705,-111.9537169,1,[33.4077705,-111.9537169,33.4077705,-111.9537169],[7,81,194,54]
VCYQGEP0D242VfU-8jkNFA,33.5096045,-112.0257401,3,[33.5096045,-112.0257401,33.5096045,-112.0257401],[126,11]
A1nRqQU7tp1BMSfogbdkmg,33.5227905,-112.04994005,17,[33.409735,-112.2691369,33.635846,-111.8307432],[38,99,128,39,296,11,65,133,26,177,104,161,195,143]
i7XtNDE_mWO591kAKzFzcg,33.305437600000005,-111.78968315,116,[33.281874,-111.7907324,33.3290012,-111.7886339],[112,6,49,341]
yDB-1XvwCm47fCy__ZrmUA,32.9873654,-111.5240382,4,[32.9873654,-111.5240382,32.9873654,-111.5240382],[26,11]
76P6bs1SsW7hrq2-08w8MQ,33.5299053,-111.926437,95,[33.5299053,-111.926437,33.5299053,-111.926437],[265,11,483]
yeYXSMkdeVrd_mcENbm-8Q,33.3668256,-111.7561183,61,[33.3668256,-111.7561183,33.3668256,-111.7561183],[7,9,10,11]
elRoesOnErEsI4zkK3hR5w,33.484449,-112.364198,2,[33.484449,-112.364198,33.484449,-112.364198],[7,142]
xYVHWF5R4d9ESDVC5fGiHg,33.5676246,-111.992141,2,[33.495074,-111.9951643,33.6401752,-111.9891177],[33,99,26,11,210]
oQ1nAZy68lxZpXz3w_P_jw,33.5379429,-111.8890142,2,[33.5379429,-111.8890142,33.5379429,-111.8890142],[57,69]
7PU3VQ7XjPlAxS87Of-J8A,33.625558,-111.979556,2,[33.625558,-111.979556,33.625558,-111.979556],[65,133]
AmxL7VpqxH5-IGZr9TO90g,33.397138749999996,-111.75272340000001,8,[33.357612,-111.9403254,33.4366655,-111.5651214],[71,72,7,108,9,88,38,39,298,11,150,17,152,26,32,203]
KNuobvEuiEAOaIwHHlL3BA,33.6792112493296,-111.965789794922,8,[33.6792112493296,-111.965789794922,33.6792112493296,-111.965789794922],[27,11]
7-aros2ZKLftg-zhOI3x3g,33.571979,-112.07917545000001,2,[33.503323,-112.229894,33.640635,-111.9284569],[33,11,65,133]
SpKDjpr1wr8_HYHuJ-pgHg,33.4435853,-112.3411065,3,[33.4435853,-112.3411065,33.4435853,-112.3411065],[48,120,11]
nlLreFlNSE8bK0SELdDo1A,33.4045242,-111.905361,5,[33.3021074,-112.0010502,33.506941,-111.8096718],[27,11,224,64,65,26,475,48]
JDX-28rGjHBV-y7ntR3GJA,33.31980165,-111.9521963,2,[33.319561,-111.9778408,33.3200423,-111.9265518],[119,99,11]
XmxemePI1wl2eTXZs66dzQ,33.43787290098115,-111.9068536925535,6,[33.4219589,-111.927165985107,33.4537869019623,-111.8865414],[182,172,11,26]
n0I7igQFX12u_5_cpjf3hg,33.6287021,-111.8821185,1,[33.6287021,-111.8821185,33.6287021,-111.8821185],[65,133]
4q6fVWfkCWtjrx9ieU22Gg,33.632596,-111.9341475,7,[33.624662,-111.943525,33.64053,-111.92477],[11,63,126]
B24c_xt-kU-GpH42ZWlksg,33.5102461,-111.87512995,9,[33.3805962,-111.9957399,33.639896,-111.75452],[33,99,44,11,38,48,39,7,47,117,128]
KuB9n2Zm5S5VtzuqoOMW3A,33.30617,-111.9747,6,[33.30617,-111.9747,33.30617,-111.9747],[119,11]
uBAMd01ZtGXaHrRD6THNzg,33.4952188,-111.9950629,16,[33.4949416,-112.0019948,33.495496,-111.988131],[212,11,119,24]
66CvWYdsXZcInKUGw62BwA,33.35264840405795,-111.8188957478025,60,[33.2125748081159,-112.073346,33.492722,-111.564445495605],[64,65,10,24,11,7,142,43,57,27,39,145,182,202,72,63,126,48,119,44,26,103,98]
HU9BoN7bWUyQoQ7qX6w34A,33.5648425,-111.9658265,19,[33.45107,-112.055957,33.678615,-111.875696],[26,11,119,120,201,99,7,126,229,43,177,140,38,265,39,44,97,48,54,55,122,8,138,139]
1weaCw9oG0V-UmD8Uuc1tg,33.4548476,-112.0800705,2,[33.4548476,-112.0800705,33.4548476,-112.0800705],[63,27,24,11]
iTDV_ndfWdPtRMszlse0Aw,33.626896450000004,-111.989704,4,[33.5705669,-112.092802,33.683226,-111.886606],[185,11,126,97,26]
skRLonRZZxfvVXxXQyBqzA,33.503392399999996,-111.92869215,46,[33.4230344,-111.977849,33.5837504,-111.8795353],[48,11,99,38,88,39,128,57,69]
MxhVDN0JyOALBV7VUmZRXA,33.4803943,-112.0491027,1,[33.4803943,-112.0491027,33.4803943,-112.0491027],[26,11]
o8Y3cl1YqQPZCNhXXXQg7g,33.4033669363438,-111.973214149475,3,[33.4033669363438,-111.973214149475,33.4033669363438,-111.973214149475],[28,17,29]
45KxzEYUxB2HwUUX8CfIjA,33.798477,-112.066857,1,[33.798477,-112.066857,33.798477,-112.066857],[32,203,90]
q3ds-76u_cDmEfwIpYIQdQ,33.423664200000005,-111.941176,200,[33.4211681,-111.942514,33.4261603,-111.939838],[39,38,126,97,11,421,65]
bfuVbKov5Uwcha6-l4ikFg,33.50209685,-111.9987492,23,[33.4371562,-112.086757,33.5670375,-111.9107414],[7,139,416,138,187,224,43,11,26,84,6,166,339,126,97,119,99,63,210,28,158,17,29,38,265,39,33,120,40,205,177,140,88,89,212,240,241,262]
GlRi-dxYN2tpq82pj9FH7w,33.5116737,-112.0653185,1,[33.5116737,-112.0653185,33.5116737,-112.0653185],[210,11]
PKjlZxmRS8tKhaiNpIGBMQ,33.54575725,-112.13904880000001,115,[33.4511945,-112.3625367,33.64032,-111.9155609],[26,11,99,63,27,265,185]
OZIY-KK6rFG6WE4ODXrXXA,33.4642695,-112.0741442,2,[33.4642695,-112.0741442,33.4642695,-112.0741442],[11,63]
6LYoJJptmLKIziAMyu_WtQ,33.35086495,-111.89418434999999,4,[33.3366819,-111.92938,33.365048,-111.8589887],[26,11,99]
04-b0IDhhiaVKbmDwQD3tA,33.4555432,-111.9243913,2,[33.4150348,-111.9303102,33.4960516,-111.9184724],[119,11,182,48,140]
sU_9Hc4ynAjK_3_eNKS35A,33.489668,-111.933746,4,[33.489668,-111.933746,33.489668,-111.933746],[28,17,29]
CuLj9-1BYbK7KkmO2dC7Aw,33.3850586,-111.7666485,190,[33.3550442,-111.806509,33.415073,-111.726788],[185,11,33,311]
tKTjj2_5mW_KZu3N0d8Wqw,33.6127457,-111.90361490000001,56,[33.5792084,-111.9255108,33.646283,-111.881719],[168,265,11,24,28,17,29,119]
NMpokwj0vLAj0_ahJaxJ2w,33.502191,-111.996292,4,[33.502191,-111.996292,33.502191,-111.996292],[109,38,11,39,63]
cBP9FoL0gN-QujcvThMuyA,33.4920667,-112.04529255,6,[33.4745289,-112.064845,33.5096045,-112.0257401],[126,11,48]
z-TD7Mf07w8jdS2xbYp0Dw,33.509551,-112.065231,5,[33.509551,-112.065231,33.509551,-112.065231],[39,38,143,120,11]
E1WQ_NKjlm1WHQfX5rF70w,33.3480423402709,-111.964952945709,1,[33.3480423402709,-111.964952945709,33.3480423402709,-111.964952945709],[212,41,43,11]
UqYhPgL-PJj3lgC8-hjlQA,33.5950968646478,-112.065436542034,2,[33.5950968646478,-112.065436542034,33.5950968646478,-112.065436542034],[28,17,29]
q3tHsViTYPXAXVPgXhYrPg,33.5674335,-111.90545935,9,[33.566109,-111.9244817,33.568758,-111.886437],[208,6,35,7,142]
bPI5LlcIG4UyHEkkjBy_rA,33.4398293,-111.9846613,200,[33.422728,-112.0178286,33.4569306,-111.951494],[88,38,39,89,11,28,17,29,48,27]
pFjyh-DmvUdjyQmsOf04jw,33.3334555,-111.9181109,3,[33.306107,-111.9763848,33.360804,-111.859837],[229,11,239,168,48,63]
f6LyQRjgqdZPYK888JHedQ,33.51379765,-112.0713104,20,[33.439648,-112.1164668,33.5879473,-112.026154],[168,169,11,6,156,307,27,172,15,191,44,24,26,127]
hVSSqaWpqabr0gDI2QmzoA,33.3931281,-111.9103707,3,[33.3931281,-111.9103707,33.3931281,-111.9103707],[265,11]
9-Q2ihN_aJrIQzhNsL6YOw,33.6691088,-112.2029357,2,[33.6691088,-112.2029357,33.6691088,-112.2029357],[11,63]
0i62WtV4sljFj8lXtXEX6w,33.2917881,-111.8236287,2,[33.2917881,-111.8236287,33.2917881,-111.8236287],[78,79]
8Zzqu9WuRkjBxQKe9s0MBQ,33.4356207,-112.0095457,128,[33.4356207,-112.0095457,33.4356207,-112.0095457],[212,11]
pxOnEruFeCgIpkJ2jHSolQ,33.710985,-112.200326,1,[33.710985,-112.200326,33.710985,-112.200326],[11,63]
4XmRR4-TWaB9mNztqmxYfw,33.31129985,-111.97203725,4,[33.304138,-111.978392,33.3184617,-111.9656825],[212,43,11,41]
8ZeXt0uB7RzNoU4eMJ4Wag,33.42,-111.82,5,[33.42,-111.82,33.42,-111.82],[328,32,203]
4io7mixbLcV49MrGB5Udsw,33.4655232,-111.9997849,7,[33.4218047,-112.0462659,33.5092417,-111.9533039],[33,119,99,11,127]
MlxokcIbvkvddNcCY3qlmw,33.40059539852655,-111.85475710894801,12,[33.37942,-111.925020217896,33.4217707970531,-111.784494],[192,11,474]
65_Tmc3eZxr9aMbF6rGcOg,33.610963,-111.927561,8,[33.610963,-111.927561,33.610963,-111.927561],[7,11,63]
HiG99Pt-6XA7x2g3a1oEHQ,33.5944109,-111.97797144757101,18,[33.5102068,-112.031266,33.678615,-111.924676895142],[33,99,11,7,108,201,119,27,26,71,72,39,38,128,142,265]
EjroPHL4TUaB6tqs3CeofA,33.495197,-111.906939,2,[33.495197,-111.906939,33.495197,-111.906939],[44,11]
ZwNxoPNpiLezZ9lUmtALiQ,33.4587437,-112.0775732,1,[33.4587437,-112.0775732,33.4587437,-112.0775732],[182,48,140,11]
tXFGYwhGJAcI_jc6CdsLXQ,33.443864,-112.070061,4,[33.443864,-112.070061,33.443864,-112.070061],[39,38,48,128,11]
OnGKdONTxlNYyjX6KXhL0A,33.4688643,-111.92690145,20,[33.3013903,-112.012504,33.6363383,-111.8412989],[119,11,62,26,17,224,54,55,122,99,246,7,139,24,423,212,43,71,72]
hkm0l9PnmjIDVlahUQlH3Q,33.60727090193495,-111.91577699847,6,[33.5559206,-111.93255679694,33.6586212038699,-111.8989972],[27,11,382,57,69]
drFWg6D9cnnfe_itN6QEVQ,33.5840123,-111.9223917,82,[33.5840123,-111.9223917,33.5840123,-111.9223917],[182,48,140,11]
vz9DfZo7SVhsg_Nl4zJf7A,33.667728999304,-111.978514194489,76,[33.667728999304,-111.978514194489,33.667728999304,-111.978514194489],[322,57,39,145]
MTxTIV7APYS7m9JZ_qiAlA,33.5222185,-111.9595033,2,[33.5222185,-111.9595033,33.5222185,-111.9595033],[48,11]
lvCVfDXq1GoRCUWnRMn7fg,33.4771519,-111.926615,6,[33.4771519,-111.926615,33.4771519,-111.926615],[71,72]
Upkm242DmTDs68uhEXtJCw,33.7983474731445,-111.978637695312,1,[33.7983474731445,-111.978637695312,33.7983474731445,-111.978637695312],[99,11]
laQyrQhNJ7AVH7adzb5FiA,33.4957851,-112.0473892,5,[33.4957851,-112.0473892,33.4957851,-112.0473892],[48,11]
BMEm3AVH1Dkg39ggzEQvqg,33.6041375,-112.04122684999999,25,[33.5242874,-112.119087,33.6839876,-111.9633667],[27,24,11,48,177,140,33,99,26,7,47,127,63]
bbzE3ArvMjEWkrnzP_eW5Q,33.45384265,-112.30718175,7,[33.4435853,-112.3411065,33.4641,-112.273257],[48,120,11,33,44]
xKUCiQz4IY6suDcrN2xqSA,33.5481504,-111.99928639999999,17,[33.4982604,-112.07346,33.5980404,-111.9251128],[11,63,210,78,79,38,39]
7zDqr2I0-xpw9HF5Ha54cA,33.483741199652,-111.99367712713,200,[33.2997534,-112.243053,33.667728999304,-111.74430125426],[49,66,130,32,98,7,28,342,240,241,4,5,6,367,309,11,39,341,224,126,97,84,345,346,119,99,212,75,57,56,48,142,108,38,88,40,175,129,121,79,27,63,112,33,24,36,352,26,43,141,140,265,185,72,297,183,65,52,30,13,47,137,139,69,425,160,285,202,182,172,10,70,128,283,284,35,44,210,101,251,54,307,442,145,17,18,136,61,34,127,76,117,214,470,462,95,8,311,71,168,181,229,29,109,322,80,59,162,208,247,46,89,206,190,333,110,244,105,246,423,194,151,223,12,114,163,170,292,189,281,313,120,82,55,122,205,319,161,195,15,191,22,421,25]
dv9KP5HxfQ42fmEmHNtQhQ,33.2889335,-111.9857709,6,[33.272043,-111.991311,33.305824,-111.9802308],[49,265,146,11,26]
P0U5dplqPGhNipMXHx4hsQ,33.2664769,-111.9918702,112,[33.2664769,-111.9918702,33.2664769,-111.9918702],[48,11]
7B9OHhUbPWZ3XO7tSzrySg,33.374819450000004,-111.78972555,11,[33.3351619,-111.8231861,33.414477,-111.756265],[168,144,11,10,44,24]
LR1_Ac2ATT5JEEoH7nUGgA,33.4700335,-112.0627643,4,[33.465462,-112.078017,33.474605,-112.0475116],[251,11,26,48,7,108,27,24]
dO9Pf-g1xWJMrPnp3fDtHQ,33.663701849999995,-111.9362674,2,[33.4940321,-111.9507042,33.8333716,-111.9218306],[119,26,185,11,49,82,59]
UwFyrEm3B7WnH67Tq-Tx6g,33.5734576,-112.05689294999999,11,[33.4948142,-112.1830859,33.652101,-111.9307],[168,169,11,106,408,54,295,49,445,66,52,7,36,8,38,265,39,430,210,26,311,63,27]
8iFSlrLhwTLsasCI05n9IQ,33.305614399999996,-111.85760020000001,3,[33.3046998,-111.872801,33.306529,-111.8423994],[11,63,88,38,99,39]
s-C1f85_Syman0q9WnlXRg,33.628544250000004,-112.32340454999999,2,[33.6181515,-112.3553813,33.638937,-112.2914278],[126,97,11,113,6,116]
