zJ5mll_mCttVnBqAHs3Yiw,33.509984,-112.083543,1,[33.509984,-112.083543,33.509984,-112.083543],[54,317]
n29EI0AcfunxuJRV8ZKYvQ,33.4533033,-112.06941205,2,[33.4471735,-112.073781,33.4594331,-112.0650431],[26,11,48]
ywBqXbtrIWTa6W5R6MgaIA,33.480203,-111.9825532,12,[33.480203,-111.9825532,33.480203,-111.9825532],[26,11]
X3URnrCzt9PLfTb2JbZqCA,33.6234604140552,-111.926204898515,1,[33.6234604140552,-111.926204898515,33.6234604140552,-111.926204898515],[307,212,43,11]
RuQppgctcYlZSt_qYZqElQ,33.482622,-112.0783055,3,[33.463308,-112.082092,33.501936,-112.074519],[109,38,48,39,11,26]
vYksElDyIFFrgT-qjuvjBA,33.4982894,-111.9275491,1,[33.4982894,-111.9275491,33.4982894,-111.9275491],[7,108,119,11]
UMyatw72PN0p4l_1RkCfMg,33.552798,-112.2147229,93,[33.538096,-112.2619703,33.5675,-112.1674755],[4,6,99,11,100]
ve6Q6tKiUUk1Ztm4I-QIEA,33.266696887038,-111.99153418078,3,[33.266696887038,-111.99153418078,33.266696887038,-111.99153418078],[28,29,17,11]
OpptIXByg4zKm7ZAAzJtoQ,33.5418361,-112.23108835,5,[33.4596905,-112.4159659,33.6239817,-112.0462108],[26,11,43]
sfxxPibl_7gjwVaiEjxR_A,33.337104,-111.970377,23,[33.337104,-111.970377,33.337104,-111.970377],[7,36]
xZvkZyDuQuL54xyHx2-GHA,33.55862875,-111.939625,136,[33.4942423,-111.954623,33.6230152,-111.924627],[39,119,48,38,11,99,126,97,120]
SreMKqwtoFPANhXoTHZ9_A,33.266696887038,-111.99153418078,68,[33.266696887038,-111.99153418078,33.266696887038,-111.99153418078],[28,29,17,11]
BGzYj1GQ1gwIhd5cYIfU8A,33.5182413,-112.07516179999999,23,[33.4656695,-112.103916,33.5708131,-112.0464076],[7,36,182,24,11,26,49,50,52,57,39,145,187,10,139,251,140,177,285,99,38,119,109,105,65]
hPidlmUa8VQ5FEv37TQgWA,33.48719405,-112.06994180000001,6,[33.463308,-112.07454,33.5110801,-112.0653436],[163,6,13,331,12,114,109,38,48,39,11]
_4umSy_VSD8-a5zy-Ebhlw,33.54740266663365,-111.97208305000001,58,[33.449188,-112.082949,33.6456173332673,-111.8612171],[126,97,172,11,99,48,26,63,7,108,98,24,6,200,43,224,142,119,49,193,59,88,38,39,298,345,84,346,141,23,27,161,195,65,54,55,212,236,103,93,3,28,158,17,29,229,185]
oeWKAp9IOf0vFun9SxlRxQ,33.393040150000004,-111.9028333,6,[33.3926383,-111.9127636,33.393442,-111.892903],[7,9,49,4,5,6,367,108]
cvPZhN3vKRAXDg8Mhapouw,33.3019012,-111.7430967,4,[33.3019012,-111.7430967,33.3019012,-111.7430967],[99,265,185,11]
QHWGKJlwpchGsEURbbSDKw,33.5354268,-112.1372253063505,32,[33.3929996,-112.359774112701,33.677854,-111.9146765],[7,108,98,104,161,65,54,220,224,11,63,27,24,201,119,162,38,99,39,128,185,109,212]
5NF3TDfmhpqBoZHhAKoqRA,33.46582455,-111.9249523,16,[33.4342595,-111.9275971,33.4973896,-111.9223075],[39,205,101,38,26,11]
gnLh5e5UBlgdgS-yCvlYeg,33.034868,-111.386046,6,[33.034868,-111.386046,33.034868,-111.386046],[177,11]
bx9JUEJ6onPr04Ebj5QImA,33.4329528,-111.8449346,10,[33.4329528,-111.8449346,33.4329528,-111.8449346],[84,336]
J3tJenU70Sf3zPJoFdKzXA,33.421676,-111.959765,3,[33.421676,-111.959765,33.421676,-111.959765],[185,11]
IioY5h_4dA9yeuztUU9EJw,33.659598450000004,-112.313692,22,[33.608375,-112.398055,33.7108219,-112.229329],[26,11,98,7,24,142,27,33,99,117,48]
1Dh-8C7Wc_WKUibIiRoF5g,33.5174251478494,-111.9788234908265,13,[33.453287016969,-112.0676886,33.5815632787298,-111.889958381653],[15,6,191,49,50,52,38,145,57,205,101,39,26,11,186]
ecPC9iD-vg53pS8r99ArWg,33.6101518,-111.9768512,22,[33.6101518,-111.9768512,33.6101518,-111.9768512],[49,193,59]
y-dXlWfwb03MS6clVXXyZw,33.4548476,-112.0800705,3,[33.4548476,-112.0800705,33.4548476,-112.0800705],[63,27,24,11]
OxQHvBCcsB6fxxHHsepuKA,33.7056282,-111.9149572,6,[33.5785774,-111.9494514,33.832679,-111.880463],[4,5,6,106,54,280]
eSbl3Q1HxQuZTmu5dqpn-g,33.400443173289645,-111.85395485000001,200,[33.2920211,-111.9534174,33.5088652465793,-111.7544923],[7,292,38,48,39,11,46,102,6,103,98,24,206,17,18,161,28,65,29,63,265,49,66,333,119,99,109]
q-fweJsCwk47MDPuxxCipg,33.348162,-111.9819,4,[33.348162,-111.9819,33.348162,-111.9819],[7,8]
Vd7yRRMKilU5Pys9-Ftxkg,33.448333,-112.074127,1,[33.448333,-112.074127,33.448333,-112.074127],[99,11]
zdPmWTPlbmNGtRn2xE8omg,33.300506,-111.900786,1,[33.300506,-111.900786,33.300506,-111.900786],[48,11]
rvaJcf5OIY2So_pkoqDHLQ,33.413158,-111.875779,2,[33.413158,-111.875779,33.413158,-111.875779],[251,11]
e5e1GlnoNLkYTKufr0Lccw,33.6272318,-112.0121147,1,[33.6272318,-112.0121147,33.6272318,-112.0121147],[202,72]
ZMaO0ekPtF7LxUXHMYLn6Q,33.6355432,-112.0817598,134,[33.6355432,-112.0817598,33.6355432,-112.0817598],[39,38,285,128,11]
3fIZYz1eIZMX4Rykx1spVg,33.4217383,-111.9476151,2,[33.4217383,-111.9476151,33.4217383,-111.9476151],[26,11]
P7_u7vbQnTvOTRsc5mhFCQ,33.63713,-112.218148,7,[33.63713,-112.218148,33.63713,-112.218148],[7,142]
EVeSej-_h18Riepz6ORHFA,33.49037,-112.0638174,6,[33.377234,-112.0912518,33.603506,-112.036383],[27,11,177,140,24,109,38,48,39,26,7,33,142]
YeaVkicx1VTqH3_cS59j1g,33.4749494,-112.227581645166,38,[33.4628486,-112.3727582,33.4870502,-112.082405090332],[7,8,33,11,63,307,212,43,30,13,6]
pxTK9AwfkLJhod2TX03kRA,33.38768115,-111.95356355,3,[33.3559111,-112.117267,33.4194512,-111.7898601],[38,7,47,88,39,48,11,63,27,119]
sP0FGTufVRj_Pazo41RJOA,33.6119344,-111.9271523,76,[33.6119344,-111.9271523,33.6119344,-111.9271523],[267,182,172,11]
toUs-eRqwIQCUPsMBoFKFQ,33.67026391823195,-112.01024475,14,[33.6281017,-112.1292664,33.7124261364639,-111.8912231],[265,99,185,11,88,38,39,298,26]
_lRiQndNbOD-mtMtCGBSSw,33.391749,-111.718769,1,[33.391749,-111.718769,33.391749,-111.718769],[7,365,26,11]
uYh1x8Zkw6AIb7aRcLmmsQ,33.304371889931,-111.74337686106,1,[33.304371889931,-111.74337686106,33.304371889931,-111.74337686106],[44,11]
9JxrBmnaq4BDeGcenbuKAg,33.5022311,-111.924255,11,[33.5022311,-111.924255,33.5022311,-111.924255],[126,97,307,11]
NREQ1KTtqPitq9CzN0KdpA,33.3021074,-111.8420649,6,[33.3021074,-111.8420649,33.3021074,-111.8420649],[224,11]
QWDy_aciIuQJlgmxiyJ-Gg,33.450614200000004,-111.93335214999999,7,[33.4240504,-111.9409053,33.477178,-111.925799],[119,48,24,11,127,88,38,39,40,26]
_jLc_JM-_t-X4ym__6zTvQ,33.558505499999995,-111.9697955,5,[33.487843,-112.048021,33.629168,-111.89157],[38,11,99,128,39,33,117]
rcvViFhuZecm-MAmV6PaHQ,33.6696493,-112.1868299,3,[33.6696493,-112.1868299,33.6696493,-112.1868299],[126,97,11]
dAdspAh506HqKkmQS3yEgg,33.368798708401,-111.94532328644499,3,[33.330435,-111.98029,33.407162416802,-111.91035657289],[88,38,39,11,404,451]
-rwvyAgeaE_MrIoK5hr2-A,33.5997853,-111.9869486,1,[33.5997853,-111.9869486,33.5997853,-111.9869486],[119,201,99,11]
lzze-TPuJaKnmXBcgTumpA,33.47963925,-112.0372849,200,[33.449233,-112.074519,33.5100455,-112.0000508],[27,11,109,38,48,39,126,97,140,40,265,185]
bx3foDJoXw-EXvr0oxpgcg,33.461603,-111.821771,10,[33.321864,-111.927951,33.601342,-111.715591],[7,24,108,119,11,352,48,26]
Q5VV7sy9RbqfFDGcwc0L7Q,33.49015795,-112.12529430000001,2,[33.4803159,-112.17,33.5,-112.0805886],[307,24,172,11,84,215,32]
QT1X8uwNLgKq-ODIiHGlBg,33.6356863,-112.2359563,147,[33.6356863,-112.2359563,33.6356863,-112.2359563],[231,18,17,49,28,29]
h2dpS6iZBQB7lnlWRWyrXw,33.348109,-111.912238,4,[33.348109,-111.912238,33.348109,-111.912238],[65,133]
sVPUOliEF62vcosdNoppwA,33.3358523,-111.8205495,1,[33.3358523,-111.8205495,33.3358523,-111.8205495],[109,38,48,39,11]
vpWptPWIB_FvryBh1iz42A,33.45107,-112.055957,6,[33.45107,-112.055957,33.45107,-112.055957],[8,26,7,138,139,11]
0aXLHE8zYcLYM7WElPRI2g,33.514027,-111.92487,136,[33.514027,-111.92487,33.514027,-111.92487],[28,17,29]
O-IkaK9SsDIWGbWVQpHq6w,33.513672536308846,-112.043407848245,3,[33.4473356,-112.0734239,33.5800094726177,-112.01339179649],[44,11,38,99,128,39,296]
gVo-jl3ly0EbqDiyj62KYg,33.3350531,-111.9445728,2,[33.3350531,-111.9445728,33.3350531,-111.9445728],[27,11]
CQVPwymzvS01Re6O4DATGQ,33.41096615,-111.88218365,42,[33.298212,-112.0791022,33.5237203,-111.6852651],[126,97,11,39,119,26,38,48,212,43,27,7,142,168,42,109,63,96,72,185,33,99,251,229,6,284,35,127]
SGojzE2vc9YYcBwCyb1kTQ,33.4542695,-111.9094198,4,[33.4542695,-111.9094198,33.4542695,-111.9094198],[168,11]
63pSCvCFCPWB6AubeLmm9g,33.4930514,-111.9339561,200,[33.4930514,-111.9339561,33.4930514,-111.9339561],[28,17,29]
Leb_qEICS1GrUXfN_XauYg,33.58292819555295,-112.00120949999999,8,[33.491645,-112.073196,33.6742113911059,-111.929223],[38,140,39,40,48,11,109,99,7,142,265]
q8qVTkJpl7EOAC1GOXK3kA,33.541444049999996,-111.91166425,21,[33.52681,-111.9246221,33.5560781,-111.8987064],[11,63,39,38,26,127]
bMeRjJSiSZq1Izjvj7bvaQ,33.518162200000006,-112.09525205,6,[33.4483771,-112.1164668,33.5879473,-112.0740373],[28,241,168,169,11]
o_O7GNsamrtpCIYaqTuOsA,33.6323986,-112.17993495,6,[33.581302,-112.25351,33.6834952,-112.1063599],[123,65,26,11,44,24]
ci5Z94G1ik7Kbq9PxOStGQ,33.40861555,-112.0944555,19,[33.3044612,-112.1976,33.5127699,-111.991311],[157,103,109,38,11,39,63,119,24,333,150,113,6,17,7,187,36,139,108,338,382,53,54,55,122,256,172]
Y4vDAMdI7NMpeuB_IhcpMw,33.451873899999995,-111.99522745,21,[33.3478272,-112.1835909,33.5559206,-111.806864],[7,142,24,11,12,13,6,22,119,48,41,244,172,224,182,382,38,39,40,194,28,190,205,236,103,26]
BwHbMrVVpLJ46nSncs_b1g,33.3358523,-111.8205495,1,[33.3358523,-111.8205495,33.3358523,-111.8205495],[109,38,48,39,11]
FWBRxB2MV1HIN_nafBorwQ,33.379421,-111.923529,14,[33.379421,-111.923529,33.379421,-111.923529],[27,11]
iGd7nWhV7D3vjJUKdPdjhA,33.6261143,-112.17350925,10,[33.613057,-112.1794335,33.6391716,-112.167585],[72,184,269,108,7,201,375,139,11]
4cjdJXTI_3ii7u9AEnl1mw,33.4787943,-112.0478085,113,[33.4787943,-112.0478085,33.4787943,-112.0478085],[26,11]
_y4dlsoL5iX4edAtlBYVhQ,33.505809,-112.013309,1,[33.505809,-112.013309,33.505809,-112.013309],[104,65]
sl_u5QZ93IUZuHaOtAAvXw,33.6384905,-112.27111775,10,[33.6384066,-112.3625742,33.6385744,-112.1796613],[265,11,168,63]
rz8FmDqRFCs7UYupU_r9Mw,33.37829,-111.859257,4,[33.37829,-111.859257,33.37829,-111.859257],[265,126,97,11]
0UdcX45adO2CucfeCw7hPg,33.497698,-111.928245,2,[33.497568,-111.929223,33.497828,-111.927267],[352,48,11,109,38,39]
e4hRx0m_SnQYc7BUo-LeVg,33.5038944511645,-111.90661703103001,200,[33.401137,-111.970253,33.606651902329,-111.84298106206],[322,28,57,190,327,258,38,40,39]
CKB3A7zV84Rc_z97-_-lSA,33.629168,-111.89157,6,[33.629168,-111.89157,33.629168,-111.89157],[38,11,99,128,39]
Lr52Hn6qgw9Pn8jumDmniw,33.57506675,-112.15108645,165,[33.5384434,-112.1830859,33.6116901,-112.119087],[251,11,33,311]
-6x3O55kPx4bucGPhDN1pw,33.55533015,-111.92637859999999,53,[33.4942423,-111.9264472,33.616418,-111.92631],[265,126,97,11,39,119,48,38]
bBkf9uXy_p1NV_2khIpn1w,33.639676,-112.010743,8,[33.639676,-112.010743,33.639676,-112.010743],[49,80,82,59]
o8POvL3jhkwGy1NjclaoUA,33.624036015123,-111.928024291992,18,[33.624036015123,-111.928024291992,33.624036015123,-111.928024291992],[206,11]
OV-d8u5mo6O0QqZd9GWZlw,33.9662303,-112.7428224,29,[33.9662303,-112.7428224,33.9662303,-112.7428224],[26,11]
ZxqAZExDe7xXnwMUlGxdpw,33.6000087,-111.9852655,1,[33.6000087,-111.9852655,33.6000087,-111.9852655],[57,56]
R3E04199HrJmtrCMabEhSw,33.306806,-111.88557,6,[33.306806,-111.88557,33.306806,-111.88557],[63,27,11]
5ZlJ1OxtCY6fCSQ-qQxzGQ,33.5239431,-112.0478898,16,[33.5239431,-112.0478898,33.5239431,-112.0478898],[137,7,6,139]
Ow-gwr4obQwiac0v69l-Ow,33.4039,-112.004661,10,[33.4039,-112.004661,33.4039,-112.004661],[185,11]
PuvVkwHXoJQgFhTjYA5Qug,33.525584,-112.0207565,143,[33.43475,-112.11582,33.616418,-111.925693],[39,26,127,11,28,17,29,265,126,97,170,48,185,63,27,38,140,40]
bVilZ0khKS2VDOCwUpwBqw,33.4632415292529,-112.1211765282485,3,[33.4593954,-112.168103456497,33.4670876585058,-112.0742496],[7,108,119,11]
mww_VPhC5NLMG2Y0RJyCrQ,33.461090850000005,-111.9964715,2,[33.4150348,-112.0744706,33.5071469,-111.9184724],[48,11,182,140]
-C0YDMl4xjW5_hLVU81bnA,33.423901989755,-111.940287351608,1,[33.423901989755,-111.940287351608,33.423901989755,-111.940287351608],[7,36,38,39]
n1ZKHhVozfzCDLEgsZTrkQ,33.304138,-111.978392,7,[33.304138,-111.978392,33.304138,-111.978392],[54,55,122]
ErrroUDh4zFCt9eP-heq3w,33.494205,-111.931447,2,[33.494205,-111.931447,33.494205,-111.931447],[48,11]
utqybZCrpI9bFyUzPpZLgQ,33.424178999999995,-111.85409200000001,9,[33.415489,-111.871831,33.432869,-111.836353],[123,65,6]
HgDKw001svF-wlUdlqKwgQ,33.4770236,-112.073629,1,[33.4770236,-112.073629,33.4770236,-112.073629],[109,38,48,39,11]
ID0f8slG5-Ch9TlFDrFK1Q,33.56674185,-111.94818079999999,200,[33.43475,-112.00644,33.6987337,-111.8899216],[28,170,161,29,17,65,48,11,26,265]
bWiXjvLWOH2V7j37dp7pNA,33.4964751,-112.0839659,15,[33.4964751,-112.0839659,33.4964751,-112.0839659],[99,11]
TJMmFLgL7wxK7X7s_nJXtg,33.42828365,-111.93631575,11,[33.332847,-112.0817435,33.5237203,-111.790888],[38,7,47,88,39,48,11,40,205,128,26,127]
DPi6LDdvrYnRBvwVhcE35g,33.411812,-111.8979335,4,[33.411812,-111.8979335,33.411812,-111.8979335],[49,59]
2UgWz4xi2oQtzoK6cPxT7w,33.338636,-111.8070936,7,[33.261657,-111.860733,33.415615,-111.7534542],[6,35,264,63,99,27,11]
XvTzN3E-vH0-AkPgrmLS0A,33.492962,-111.927751,11,[33.492962,-111.927751,33.492962,-111.927751],[224,11]
U6Yjkk4m5Zqqc7E1Qz0EZQ,33.51857365,-112.0930334,113,[33.4492,-112.1164668,33.5879473,-112.0696],[168,169,11,214,239,63,27,24]
bo_BsymrFxAaCgI6o7gFIg,33.500545,-111.9264093,200,[33.500545,-111.9264093,33.500545,-111.9264093],[119,99,11]
B0YYUVl8ZaT5t_2QPm7Axw,33.35999595,-111.82602825000001,8,[33.3358289,-111.859503,33.384163,-111.7925535],[48,120,11,119,33,99,44]
Sy0tOn6iKlP8PffVW_DdrQ,33.43562,-111.861593,4,[33.43562,-111.861593,33.43562,-111.861593],[28,17,29]
L6UVXoPNIidxUaEuVs1LTA,33.4950082,-112.0114032,6,[33.4950082,-112.0114032,33.4950082,-112.0114032],[182,172,43,11]
A2cCX1tqsEuoirCd33Beaw,33.358017700000005,-111.91909774999999,2,[33.3216034,-111.9626175,33.394432,-111.875578],[126,11,7,292,108]
zkskBdKneBanbsik9E8lyw,33.6353186,-111.9221127,12,[33.6353186,-111.9221127,33.6353186,-111.9221127],[61,13,6,85]
CSIrD7eKjG_NnvAsj7ucHQ,33.677854,-111.978579,4,[33.677854,-111.978579,33.677854,-111.978579],[7,108,201,119,11]
VpnwO4DztZcFOskjO_VCjA,33.5222185,-111.9595033,80,[33.5222185,-111.9595033,33.5222185,-111.9595033],[28,17,29]
iS2TK7YwTPCBM1q_xprgVg,33.43519555,-111.9411107,8,[33.2464762,-112.073781,33.6239149,-111.8084404],[294,106,54,197,459,23,344,48,11,7,142,63]
buS6VBXwX0SK-yUF66zQtQ,33.5912981,-112.12592649999999,6,[33.5725815,-112.2399861,33.6100147,-112.0118669],[20,23,49,415,59,64,179,65]
UljIvJ5ACvFoHK7aKvjDZg,33.421546387022445,-111.75459724780251,39,[33.2183331740449,-111.944749,33.6247596,-111.564445495605],[7,108,48,11,97,43,99,224,30,8,13,6,110,28,17,29,137,139,96,72,190,140,10,182,173,112,148,154]
t8m_uLjyeo_IdqXAqyG0mw,33.407079,-111.917216,2,[33.407079,-111.917216,33.407079,-111.917216],[39,38,27,128,11]
C9au-6qCEDP0PRtMs6ewcA,33.4596905,-112.0462108,4,[33.4596905,-112.0462108,33.4596905,-112.0462108],[7,98,8,10,11]
SksoWpuPvGlzJMk3HjIBXg,33.5025941,-111.9296765,1,[33.5025941,-111.9296765,33.5025941,-111.9296765],[468,1]
EyH22humCHRDslkiOJEaYA,33.494718,-112.021252,1,[33.494718,-112.021252,33.494718,-112.021252],[6,35,264]
LdrGYCwF8-mc272RdBQSaw,33.4242143,-111.9993146,200,[33.4242143,-111.9993146,33.4242143,-111.9993146],[6,204,65]
XEZwxtUgOOC8g7ZGhyZdHA,33.4940771082952,-111.913671260414,5,[33.4861506,-111.928035020828,33.5020036165904,-111.8993075],[24,11,39,212,126,293,63,27,168,99]
9opUuMnzJEoGg6uvusiN9g,33.498915,-111.928258,1,[33.498915,-111.928258,33.498915,-111.928258],[11,63]
SyVcJzBOQaE2U-CDETupMg,33.6397311,-112.1310388,2,[33.6397311,-112.1310388,33.6397311,-112.1310388],[26,39,11]
2QD7k1VphohX4_0OzIfnzA,33.5103212,-112.263862,10,[33.5103212,-112.263862,33.5103212,-112.263862],[26,11]
mEYEHpuqTTaDm0nELoqbhQ,33.415168622397005,-111.8978684073975,200,[33.321061644794,-112.0718179,33.5092756,-111.723918914795],[99,11,451,28,17,29,38,7,47,88,39,48,240,241]
BBYvkQ_dWd9S2bvhVyK1dA,33.5092832,-112.0731753,1,[33.5092832,-112.0731753,33.5092832,-112.0731753],[65,133]
VjYx-7nRiK_GTmfWZJfEjA,33.360804,-111.859837,3,[33.360804,-111.859837,33.360804,-111.859837],[63,27,11]
fT8GrpBLiV1ylLb3VbRssw,33.66021565,-112.11056980000001,200,[33.4504575,-112.1480614,33.8699738,-112.0730782],[28,17,18,29,39,298,57,145,11,157,103]
uDwZynOs2btVhQqcPjtH8g,33.4951403,-111.991453,5,[33.4951403,-111.991453,33.4951403,-111.991453],[26,11]
bCFN0OT-S2lYitSgVlNtOQ,33.5155992159625,-111.90807165,200,[33.407162416802,-111.931282,33.624036015123,-111.8848613],[265,126,97,11,99,206,404,451,168,224]
sFt1vn45RFX6uo2S7GWhug,33.17843695,-111.8368446,2,[32.87808,-111.9259092,33.4787939,-111.74778],[137,7,139,309,119,285,11]
St8bDCbyyftkKVhXUssPJg,33.61506705,-112.07899895,11,[33.531484,-112.26167,33.6986501,-111.8963279],[6,77,35,76,38,128,39,84,147,57,327,104,161,167,65]
pCxaM5a3eEkfRZme28H4Xg,33.4851181,-111.88252634255349,11,[33.334712,-111.927165985107,33.6355242,-111.8378867],[251,11,7,162,43,149,126,24,182,172,212,192]
oPpCJVQpezZaQR7gAj4DVw,33.321061644794,-111.723918914795,2,[33.321061644794,-111.723918914795,33.321061644794,-111.723918914795],[99,11]
N1tsQtWUFABnw9o4ulfukg,33.49513215,-112.01577520000001,13,[33.4194512,-112.1156244,33.5708131,-111.915926],[38,48,39,11,251,168,181,229,109,99,185,119,88,40,26,7,47]
eHouxUFSa8c6YxOzNgaZiQ,33.517587,-112.064795,3,[33.517587,-112.064795,33.517587,-112.064795],[208,6,35]
9BnzOSH2fydpjQnuD-p72A,33.388549,-111.856707,9,[33.388549,-111.856707,33.388549,-111.856707],[155,54,6,156]
yJ6lckxs5rBQrEJjePuw5Q,33.34919813918455,-111.9129073,5,[33.3051490783691,-111.9652346,33.3932472,-111.86058],[33,11,265,24,63,99,44]
zcCcYKWXvDMFRi3bcPID9g,33.4330978393555,-112.557640075684,4,[33.4330978393555,-112.557640075684,33.4330978393555,-112.557640075684],[7,162]
aJWDGqtM7AOTWe5_wTuDfw,33.464508949999995,-111.95644,5,[33.319219,-112.0535987,33.6097989,-111.8592813],[0,1,335,3,11,63,218,41,224]
wdByEB9mGvH1WLjYeMb4xw,33.4012627022859,-111.867096050514,9,[33.233464772275,-112.0467405,33.5690606322968,-111.687451601028],[24,11,38,48,39,40,43,72,269,119,109]
ndTSxAa_Guy7Oz_tg3VmQA,33.45353145,-112.03028044999999,105,[33.4360415,-112.0649272,33.4710214,-111.9956337],[28,240,241,26,11]
jyVaaKTDRE30gXS_UBSnmA,33.4462721,-112.0893682,25,[33.4462721,-112.0893682,33.4462721,-112.0893682],[57,333]
SdpZHVXmbIvoFaJ9v3QDTQ,33.50959,-112.129898,1,[33.50959,-112.129898,33.50959,-112.129898],[188,23]
SHWFXq2xACjJUuoPAvztAA,33.568239000000005,-111.99878484999999,33,[33.457863,-112.081655,33.678615,-111.9159147],[7,8,44,24,11,202,72,38,48,39,26,434,103,63,109,27,84,147,119,98,140,192]
_n4GlpyAIHZqm15_XRbmDA,33.527393000000004,-112.06450989999999,7,[33.392538,-112.1883568,33.662248,-111.940663],[11,63,140,177,192]
JI9dt42l6W02lFuigLZ9wg,33.4471735,-112.073781,2,[33.4471735,-112.073781,33.4471735,-112.073781],[48,11]
hmG--BeYZ-IRpw2YZfYgdg,33.5044193,-112.0475633,2,[33.5044193,-112.0475633,33.5044193,-112.0475633],[206,11]
fi5y6-daDzTIQ7wOKaR7xg,33.637034,-111.9217796,3,[33.637034,-111.9217796,33.637034,-111.9217796],[26,11]
PxiR8eWNLqN1RWLqMG8GCw,33.440830500000004,-111.815451,23,[33.37947,-111.996292,33.502191,-111.63461],[265,24,11,7,292,108,49,52,71,72,73,26,33,185,109,38,39,63,98,10,9,96]
dsA1gQWiphUyXOC15DJW8g,33.5061904385714,-111.926436424255,1,[33.5061904385714,-111.926436424255,33.5061904385714,-111.926436424255],[48,11]
NfB_kaxDC971TtwDImT1ng,33.498028,-111.927951,1,[33.498028,-111.927951,33.498028,-111.927951],[352,48,11]
T7J9ae0wTskrI_Bgwp-4cA,33.597346903792996,-112.135876,200,[33.220784807586,-112.735556,33.973909,-111.536196],[57,69,26,11,28,29,17,46,6,97,119,10,48,24,109,38,39,99,41,322,145,274,13,265,33,224,146,91,51,49,312,140,40,212,7,292,27,84,80,343,59,373,196,43,141,44,63,341,313,18,181,142,172,177,201,192,168,229,139,225,128,182,218,47,112,185,158,250,120,98,108,89,251,35,76,267,206,9,60,138,8,126,117,127,162,88,200,416,36,137,404,307,244,42,204,65,210,190,149,231,82,323]
RX8AN_NlCVWzEgdvSa3SNg,33.451572,-112.0791505,43,[33.451572,-112.0791505,33.451572,-112.0791505],[28,17,29]
ZAIx-PUgQS7uxL5JYkXXqw,33.58348,-111.883526,3,[33.58348,-111.883526,33.58348,-111.883526],[7,142]
RxfFQxUtSIGYwTKU_rvAeg,33.487548950000004,-112.01825864548499,200,[33.2961979,-112.34971999097,33.6789,-111.6867973],[7,142,108,119,11,64,428,65,133,340,48,292,49,58,80,193,59,27,99,26,38,143,39,167,61,13,6,12,24,175,129,121,79,140,192,323,40,4,160,109,37,211,328,32,43,326,52,126,22,63,251,224,70,149,54,195,238,267,182,172,210,265,185,212,41,98,46,374,95,168,181,229,44,219,218,259,260,33,322,57,337,97,341,177,285,306,333,128,56,139,225,250,169,205,186,403,21,161,137,8,112,151,30,18,17,400,28,29,279,479,113,469,247,206,72,241,394,395]
zuJkNx82cE66tz0o1hucGA,33.5818515,-112.1183771,4,[33.5818515,-112.1183771,33.5818515,-112.1183771],[44,285,296,11]
zCC5F8PsnNvR2uM-N37yUA,33.4217707970531,-111.925020217896,1,[33.4217707970531,-111.925020217896,33.4217707970531,-111.925020217896],[192,11]
2EJbfAHmwxm_G6800s1nLw,33.42029635,-112.26053585,52,[33.383123,-112.5565867,33.4574697,-111.964485],[7,194,26,11]
-llPwrxVbY7qkhTECgwUpw,33.56262995,-112.04666275,9,[33.4719589,-112.113038,33.653301,-111.9802875],[119,99,11,108,7,38,39,24,251,227,32]
vvfhesrS6w92stOhRy3XJA,33.47998867026685,-111.9279001,115,[33.4537869019623,-111.9300012,33.5061904385714,-111.925799],[7,108,172,11,119,48,24,182]
XY6PERltpMtg98UtdJaeBg,33.303233,-111.842532,1,[33.303233,-111.842532,33.303233,-111.842532],[7,33,48,47,11]
M1rCbiv5PD0VLtrmAlWkGg,33.553457,-112.098337,5,[33.553457,-112.098337,33.553457,-112.098337],[177,140,11]
AjKVemFmDLohFK-W4fcC2w,33.4329724,-111.9043028,2,[33.4329724,-111.9043028,33.4329724,-111.9043028],[212,361,11]
XxA5k_iyzf9HdvPMp_J27w,33.52960315,-111.98874939999999,6,[33.4329724,-112.073196,33.6262339,-111.9043028],[39,119,26,38,11,33,7,449,108,182,172,140,40,48,126,97]
FbaHFu-gk9fQDf2sLSYXpw,33.6106247,-111.9778024,1,[33.6106247,-111.9778024,33.6106247,-111.9778024],[97,11]
E_1N6H102rr1YdZAakDLYg,33.606913649999996,-112.29961545,11,[33.5748903,-112.4183429,33.638937,-112.180888],[24,11,7,142,201,49,146]
Jfy4zvmAUQxUAWdDkE37Qw,33.474605,-112.065107,1,[33.474605,-112.065107,33.474605,-112.065107],[48,11]
kl-r-eY4PpsvWvLwpyTzuA,33.64571260701305,-112.0656564058185,10,[33.637072,-112.083579911637,33.6543532140261,-112.0477329],[219,218,11,38,128,39,43,177,140]
ef3cFjUXJRFTvsDv1gYhUQ,33.409038800000005,-111.9863815,16,[33.305759,-112.059748,33.5123186,-111.913015],[38,57,39,145,88,298,11,79,121,119,99,26,168,112,6,254]
C2bZGz-FzI11XzqQpkL-WQ,33.3773608,-111.9078462,3,[33.3773608,-111.9078462,33.3773608,-111.9078462],[8,7,138,218,139,11]
Kfhgz-k4sfyYrXsSXnFnCQ,33.43475,-112.00644,39,[33.43475,-112.00644,33.43475,-112.00644],[28,170]
bsR9Bf4ctmArSJ-V9lUWig,33.5302696775354,-111.926350593567,10,[33.5302696775354,-111.926350593567,33.5302696775354,-111.926350593567],[109,38,265,39,11]
omuO9FVYAVRTybkSc4a4fw,33.517912,-111.9855087,46,[33.334712,-112.0962274,33.701112,-111.87479],[11,63,99,32,95,222,44,24,177,140,202,72,126,97,251,33,38,39,40,48,7,36,43,123,65,168,26,28,388,241,181,229]
i6qqzi8tI5zg5COtl4wYvg,33.5025941,-111.9296765,41,[33.5025941,-111.9296765,33.5025941,-111.9296765],[99,126,11]
B3RKWnj-ma9dqtFUOa5WbQ,33.4642061,-111.96130125,26,[33.303233,-112.0800705,33.6251792,-111.842532],[99,11,7,109,38,39,36,27,63,48,182,172,84,339,475,24,33,47,224,30,13,6]
b2j8QeklSkk2UK-c1u3Msg,33.4152007,-111.795294,19,[33.4152007,-111.795294,33.4152007,-111.795294],[28,17,29]
tZPYiHLkSSSeZgmn4mqk4A,33.3982889,-111.7881059,2,[33.3982889,-111.7881059,33.3982889,-111.7881059],[78,79]
9ugxOdRzasySNRoqLQki5w,33.472281550000005,-112.01932325,7,[33.348162,-112.1201741,33.5964011,-111.9184724],[26,11,182,48,140,168,63,43]
Y26N5uzaOSKn2zEPIEWJ3A,33.34923585,-111.9044159,2,[33.3053089,-111.9080584,33.3931628,-111.9007734],[38,39,11,192]
0zv4ikEwhkzvUPlnzsaoDQ,33.38148015,-111.91431315,11,[33.3656883,-111.9364223,33.397272,-111.892204],[7,142,26,11,48,211,75,32,381]
mULDZN1ACkGp8tfiLZKtEA,33.5092417,-112.0462659,1,[33.5092417,-112.0462659,33.5092417,-112.0462659],[127,11]
MD-04cL1uycJkKtJMnnoYg,33.39256975,-111.9136714,26,[33.3656883,-111.915926,33.4194512,-111.9114168],[38,7,47,88,39,48,11,26]
OVO7mzEUacOueS98AZc-Tw,33.5669463,-112.25837413731699,6,[33.4949556,-112.363443374634,33.638937,-112.1533049],[126,97,11,26,251,212]
1cJ-l7UHsUzE4bRMQT8Zgw,33.4938414,-111.9268138,25,[33.4938414,-111.9268138,33.4938414,-111.9268138],[27,11]
cC9AUkBa9MzG22tfAYYLGw,33.47268,-112.077374,5,[33.465368,-112.082614,33.479992,-112.072134],[117,11,7,108,84,147]
UGP-HxqG7-3BFh0pt-nj2A,33.41644,-111.834415,1,[33.41644,-111.834415,33.41644,-111.834415],[113,6,116]
EylGUJ5shZmvu4w2niqxwg,33.497828,-111.927267,2,[33.497828,-111.927267,33.497828,-111.927267],[352,48,11]
rU1yHqCJiHo_alE6yWunBQ,33.638582,-112.0999346,1,[33.638582,-112.0999346,33.638582,-112.0999346],[99,11]
3-vjuwS6bEurZONd5xeo1g,33.2125748081159,-111.67526753516,2,[33.2125748081159,-111.67526753516,33.2125748081159,-111.67526753516],[10,24,11]
NB6kdV6yvgoT2_2FzUCqcw,33.336905433294,-111.77177133333,1,[33.336905433294,-111.77177133333,33.336905433294,-111.77177133333],[43,11]
0rncHCZ0cPKUGrAU8wEwCQ,33.496175,-112.020561,1,[33.496175,-112.020561,33.496175,-112.020561],[7,137,8,139]
gbl9iIKVG9zgQaAbkkkdlA,33.4657898,-112.0323598,12,[33.4657898,-112.0323598,33.4657898,-112.0323598],[26,11]
4RuPTPxT12NoeYw69QJLUA,33.4739516,-112.0288102,3,[33.4528292,-112.0685027,33.495074,-111.9891177],[210,11,117,214]
I3vr1xSvx95FseZc0oGZRA,33.2928396261666,-111.79118608693301,4,[33.279743,-111.795534,33.3059362523332,-111.786838173866],[7,33,142,11,71,72,73]
y6XSQsUMXi1MPyNU5PNckg,33.683479,-111.966112,200,[33.683479,-111.966112,33.683479,-111.966112],[161,28,29,17,65]
qs1wtGBhmvnf9fe1krilew,33.47881745,-111.92636475,2,[33.4716326,-111.9264164,33.4860023,-111.9263131],[265,99,11,33,119]
7iMtdVt1fEHLSYxEkIxxYQ,33.335548,-111.907832,2,[33.335548,-111.907832,33.335548,-111.907832],[167,65]
4G_wKDQid11331ejfTVcpQ,33.449233,-112.065458,10,[33.449233,-112.065458,33.449233,-112.065458],[27,11]
f83AQdEH-3Ze4dCoWLi1NA,33.52256225,-111.87215499999999,37,[33.4245625,-111.96086,33.620562,-111.78345],[48,11,41,400,127,7,119,38,99,39,40,26,27,352,63,24,185,365,212,57,69,440,260,201,168]
383lcD9G1yLtGVgaqHjykw,33.6177796,-111.9258843,6,[33.6177796,-111.9258843,33.6177796,-111.9258843],[26,11]
2dzxeaKGUMJ3Fh1HHhAxdw,33.654003,-112.170133,3,[33.654003,-112.170133,33.654003,-112.170133],[202,72,154]
tozhcHsAWG2Zc-5Q7ubatQ,33.34612335,-111.91895685,13,[33.3044612,-112.0534197,33.3877855,-111.784494],[57,69,474,11,10,296,27,7,137,8,139,168,65,133]
wvHlcstjw9ZbJKF1WfaC9w,33.640184,-112.354279,1,[33.640184,-112.354279,33.640184,-112.354279],[78,79]
mSRwdGB_oMEIxtY7I0SU-A,33.53049195,-111.98891255000001,27,[33.421657,-112.0986063,33.6393269,-111.8792188],[11,27,63,7,108,26,57,56,39,145,224,48,101,38,40,24,119,99,88,109]
q61Z8003K9ee7ekgc2qoiw,33.44037385,-111.9109186,8,[33.414809,-112.0223502,33.4659387,-111.799487],[71,72,26,11]
9nAxYR4vNIbYOViIjVRxjw,33.57222055,-112.1859068,7,[33.5331251,-112.2581306,33.611316,-112.113683],[44,127,11,38,265,39]
yHzcutq5Vi_OFVpQu_h4fQ,33.6365203392972,-111.884525106075,1,[33.6365203392972,-111.884525106075,33.6365203392972,-111.884525106075],[6,35,76]
HgfKSG-QfpDtdjcHSJ0YgA,33.5754755,-112.0651592,3,[33.5754755,-112.0651592,33.5754755,-112.0651592],[119,11]
IVgxU4NxpCa8yLB8Xu-Nrw,33.48780485,-111.9674198,6,[33.4804393,-112.0033926,33.4951704,-111.931447],[48,11,65,133,84,147,175,129,79,121]
dVXWC0vVi7qowmQ4A-e00w,33.4482331,-112.0737845,2,[33.4482331,-112.0737845,33.4482331,-112.0737845],[49,80,59]
ro9-YMOXa53-_yECUBr1IA,33.4514881,-111.92520375000001,200,[33.385548,-112.0962274,33.5174282,-111.7541801],[168,181,229,11,43,126,97,7,142,292,26,265,185]
7WeOJXKbonRbb-zmKyoWYg,33.5723847,-112.00203915,4,[33.489085,-112.0740504,33.6556844,-111.9300279],[99,11,63]
lGj79M6w8k8-9gaOuvbjNw,33.54157035,-112.34448225,6,[33.370156,-112.577509,33.7129847,-112.1114555],[7,138,139,224,11,404,27]
hdm0OEaEdjSq-6FYj9Kj8g,33.422317,-111.936052,1,[33.422317,-111.936052,33.422317,-111.936052],[38,26,39,11]
nx5mXzOU3F05omoB4ibKmQ,33.3777781,-111.8637188,4,[33.330835,-111.9351556,33.4247212,-111.792282],[98,7,292,149,229,11]
1caBlNzwvNDkP8cZG4L8bA,33.4964751,-112.0839659,25,[33.4964751,-112.0839659,33.4964751,-112.0839659],[99,11]
VN_445Uf3tq5XtrLwjZ7Vw,33.4065733395384,-111.908111572266,1,[33.4065733395384,-111.908111572266,33.4065733395384,-111.908111572266],[63,48,140,11]
Arw0_5Zd5s_wXqCnXyOd9w,33.5837094,-111.9777841,3,[33.5837094,-111.9777841,33.5837094,-111.9777841],[126,11]
j2WPNS5OZnPTkmQ5PTzrZg,33.6394646,-112.16033295,2,[33.6393852,-112.168382,33.639544,-112.1522839],[27,307,11,7,9,10]
T6WvlN3HjeUdC5itKgIsQw,33.5024095,-111.9955012,69,[33.5024095,-111.9955012,33.5024095,-111.9955012],[7,8,119,11]
vLsttEwKuSqmtltRtWl0oA,33.835742,-111.941647,10,[33.835742,-111.941647,33.835742,-111.941647],[28,471]
SN_1wx0WRMe4QYwh-0pv4w,33.435248,-111.930275,1,[33.435248,-111.930275,33.435248,-111.930275],[49,276]
S-7T9y-XqT35LoD-vIHYKw,33.378288,-111.85948,16,[33.378288,-111.85948,33.378288,-111.85948],[27,11]
UkOVTzDYTdVrbvN9xJtKCw,33.5059179,-111.9879712,5,[33.5025941,-112.0462659,33.5092417,-111.9296765],[6,21,127,11]
GS5z_XhBnIDG9-5Ge_B6vg,33.495981,-112.029012,2,[33.495981,-112.029012,33.495981,-112.029012],[104,133,65]
a-QN2sICX7MkSLN6kPacJQ,33.43101555,-111.861159566224,11,[33.278073,-111.9788671,33.5839581,-111.743452032448],[182,218,307,11,185,212,361,27,7,63,119,99,265,26,48]
xpQHJITObNgF3rf_Zrdj3Q,33.5086996,-111.95453025,9,[33.3796242,-112.1530731,33.637775,-111.7559874],[38,143,39,224,11,48,24,43,63]
EGENX356xNuaxyl2ish1vg,33.377697734012,-111.9388855672,114,[33.377697734012,-111.9388855672,33.377697734012,-111.9388855672],[26,11]
AXZk4TEDwDAA7zu-9Drvnw,33.5057744492943,-112.040011882782,3,[33.5057744492943,-112.040011882782,33.5057744492943,-112.040011882782],[39,119,48,38,11]
KzdDRwlvnlgIURdxRHW_6g,33.471398949999994,-111.82506205,34,[33.3230623,-111.9701824,33.6197356,-111.6799417],[7,108,57,69,60,6,9,98,119,24,11,202,72,77,35,76]
-iUnAEpltJi0MCjmWrPu9w,33.5240085,-112.00083595000001,10,[33.465462,-112.078017,33.582555,-111.9236549],[126,97,11,38,99,39,40,7,108,27,24]
hTjmZkCm-TPRu8uLAUBrjA,33.4613731,-111.99897005,50,[33.4571599,-112.0699779,33.4655863,-111.9279622],[7,24,47,27,11,38,48,39]
7nCbIkDarz70OQPGtAo-dg,33.5006634,-112.05314255,16,[33.49112,-112.079081,33.5102068,-112.0272041],[7,108,139,6,225,250,28,17,29]
em1bLtkuN9rJnzziRFfzvw,33.3788385,-111.8120071,1,[33.3788385,-111.8120071,33.3788385,-111.8120071],[7,108]
RgFLlYQl_ixMYlWYyuPUAA,33.5991408,-111.9815612,1,[33.5991408,-111.9815612,33.5991408,-111.9815612],[30,13,6]
QLot5zl8GVnrb1h8RT-ENQ,33.59017,-111.83552,2,[33.59017,-111.83552,33.59017,-111.83552],[44,27,11]
F2AUxYo9NJ3pqiA0n6qemw,33.4920033,-111.9258022,3,[33.4920033,-111.9258022,33.4920033,-111.9258022],[126,97,11]
jLHXoY4pWOvdQEAt9O2zGQ,33.3348676,-111.7895811,2,[33.3348676,-111.7895811,33.3348676,-111.7895811],[79,121]
d8s1LoZFes3UXolENDF0_A,33.63047,-111.914543,1,[33.63047,-111.914543,33.63047,-111.914543],[7,139]
zpawHZ_OoGtsJg0KmuMs-w,33.4371761,-111.7896544,1,[33.4371761,-111.7896544,33.4371761,-111.7896544],[27,11]
rdRJ3gejMIz8pB2zyR24oQ,33.5102803,-112.0720329,16,[33.5102803,-112.0720329,33.5102803,-112.0720329],[49,193,59]
JzquzDwFDL-X2UpjBpOhqw,33.31919120377075,-111.82701703462999,10,[33.2834271075415,-111.969608,33.3549553,-111.68442606926],[33,11,7,108,109,38,39,63,44,27,189,10,24]
lPQCJIr0MFwJwF9wxDLywQ,33.617734,-112.235972,5,[33.617734,-112.235972,33.617734,-112.235972],[129,332,79]
maDM8nE3zAqIEwaMkqbtrA,33.5019817,-111.9276185,2,[33.5019817,-111.9276185,33.5019817,-111.9276185],[38,48,39,11]
plMuzB5av3DYQfaIMCUIhg,33.2359121,-111.789788,2,[33.2359121,-111.789788,33.2359121,-111.789788],[185,11]
NaESOaMQjYjceaxVtSfj2w,33.566414699999996,-111.996831,8,[33.492381,-112.0677151,33.6404484,-111.9259469],[43,11,26,265,48,72,287]
Wu5UYTrZnxqnmWc3ZI0vYQ,33.619137,-111.898964,1,[33.619137,-111.898964,33.619137,-111.898964],[54,55]
Dr3xtiztaDOdFXWxguEopg,33.3057949,-111.9677833,2,[33.3057949,-111.9677833,33.3057949,-111.9677833],[99,185,11]
zbof87XZcsf0y-MO96-jzQ,33.45764605,-111.9309091,7,[33.3771903,-111.9533039,33.5381018,-111.9085143],[224,11,33,119,99,27,43,126,97]
RvyTTpBLqd8yHomBTW_Kpg,33.506059,-111.9889383,46,[33.299873,-112.135621,33.712245,-111.8422556],[224,11,251,10,63,7,138,139,140,185,62,17,26,117,219,218,27,126,97,149,182,194,172]
2k2Np8P70qG4SIDTlLmOhw,33.56901,-111.888529,2,[33.56901,-111.888529,33.56901,-111.888529],[65,133]
rnTxqJus-1iCMfdPvvSfaw,33.5240327,-111.94626994999999,65,[33.5020654,-111.96828,33.546,-111.9242599],[28,17,29,98,7,108]
aa6Tp1WEym6t0TgxbyKBvA,33.5737667,-111.9055104,2,[33.5737667,-111.9055104,33.5737667,-111.9055104],[11,27,63]
BIMEVlHSBgelgaSP_K7QWQ,33.498915,-111.928258,34,[33.498915,-111.928258,33.498915,-111.928258],[11,63]
S-Zbnoo0WTWqyeAlMra8Yw,33.70689165,-111.98650755,23,[33.581586,-112.0474847,33.8321973,-111.9255304],[7,47,48,27,11,26,98,10,9,64,133,428,65,126,97,36,63,313,182,140,57,69,38,265,39]
HGXJe1epZD2UZeV3mv8Tpg,33.449233,-112.065458,4,[33.449233,-112.065458,33.449233,-112.065458],[27,11]
mofhuXGdlq-fzDRIiczvMw,33.4576266,-112.0474748,15,[33.4576266,-112.0474748,33.4576266,-112.0474748],[168,26,11]
JW_gwnIJQ6CniEl_89KWJA,33.5801258,-112.0194524,13,[33.4492414,-112.1142778,33.7110102,-111.924627],[24,11,27,38,39,40,99,98,7,119,129,78,332,278,79,26,177,6]
9yFSBMrTuPIZU2z6okd90g,33.583295,-111.898909,1,[33.583295,-111.898909,33.583295,-111.898909],[155,432,237,54,106]
MppkYbypgGl7h4pCWWM3rg,33.349166499999995,-111.72008650000001,2,[33.303233,-111.842532,33.3951,-111.597641],[27,11,7,33,48,47]
v5SIeL0WDjaWupJGX0CpUA,33.385147322397,-111.8946884573975,3,[33.321061644794,-112.065458,33.449233,-111.723918914795],[27,11,185,99]
VWiNT7vv2fOEQG93WYnJGQ,33.64053,-111.92477,3,[33.64053,-111.92477,33.64053,-111.92477],[126,11]
bZOD2GesoeNJkgjKbYeRgA,33.5901313161484,-112.06507751608399,2,[33.5690606322968,-112.240062,33.611202,-111.890093032168],[177,140,11,24]
OcJEy_LK0N_31JFe9S1fMA,33.5824603,-111.6787751,1,[33.5824603,-111.6787751,33.5824603,-111.6787751],[57,258]
U2KySmR2CwuY4XXQBFnoZA,33.42582005,-111.96890825,11,[33.3492306,-112.0265945,33.5024095,-111.911222],[26,11,7,8,119,14,15,6,108,43,48,212,361]
09ZFWm0feqpxfH8INjSsng,33.5017558,-111.96644265,22,[33.3478272,-112.0740123,33.6556844,-111.858873],[64,65,98,7,108,292,11,27,63,109,38,39,119,99,48,24,265]
IX0FwVlVJCofw066Gm3OPw,33.604873850000004,-111.95868705000001,101,[33.5097147,-112.0289121,33.700033,-111.888462],[218,11,30,13,6]
V-ixKMzLSMxDzdEJ9TF2Ew,33.5554313,-111.983621,3,[33.497981,-112.039829,33.6128816,-111.927413],[64,347,65,177,140,11,398,54]
KHx6t3aN-bUzcv79viBv6A,33.5210185,-111.99779175,41,[33.449233,-112.0739,33.592804,-111.9216835],[177,11,28,17,29,49,80,82,59,27,7,292,119]
9N5QzLGcphYTAEnpaVoftg,33.327202400000004,-111.9033785,2,[33.319374,-111.929326,33.3350308,-111.877431],[43,11,126,97]
1JzbzyIYQ0wi5KXU3tNnfA,33.5625985075615,-111.92676864599599,2,[33.501161,-111.928024291992,33.624036015123,-111.925513],[206,11]
DpkF22FRGbzjF4Hg7Yhi2A,33.56899916663365,-111.930321715069,8,[33.492381,-111.943525,33.6456173332673,-111.917118430138],[161,195,65,265,48,11,63]
PzTP2RCSdBrZLbaxXgZ3kA,33.5435511,-111.9880989,33,[33.3550442,-112.186667,33.732058,-111.7895308],[7,169,391,11,108,33,38,117,39,26,49,99,178,80,59,265,168,126,142,36,185,97,128,40,205,120,127,149,177,140,63]
zQNttu1j1vIohDm7_ULZqA,33.51946463898085,-111.9263505772095,12,[33.5086952779617,-111.927080154419,33.530234,-111.925621],[28,17,29,99,11]
wAhCtp26dlO7H26AfShefg,33.48295035,-112.22248065,5,[33.471068,-112.222977,33.4948327,-112.2219843],[43,11,30,8,13,6,7,110]
Ebp9AHzNc4iUqszmFwjfJQ,33.43475,-112.00644,110,[33.43475,-112.00644,33.43475,-112.00644],[28,170]
AyZ5Ws-6M2E255iaokE-YA,33.6403226,-112.0210482,2,[33.6403226,-112.0210482,33.6403226,-112.0210482],[99,185,11]
nl4s4jCbuLTl2hL2dL1sKg,33.47267805,-111.9073084,172,[33.3046962,-112.0995348,33.6406599,-111.715082],[11,63,24,7,108,48,74,38,39,26,27,109,33,117]
v6jF7qJOyzO2SZR_qyBXLQ,33.45975,-112.0583938,16,[33.448717,-112.069375,33.470783,-112.0474126],[98,7,99,11,57,69,26]
LYGZXqR8zAXB-0gBD2RKig,33.6717197,-112.055977,26,[33.6304547,-112.1881412,33.7129847,-111.9238128],[7,8,49,312,57,504,91,96,72,99,120,11,27,26,105,65]
euyfAKtbWU92mg1jez1xKA,33.33861,-111.8592278,5,[33.33861,-111.8592278,33.33861,-111.8592278],[7,139,416,36]
gmQfftTNS2VeI019u9jxBA,33.34321385,-111.78092095,7,[33.3072791,-111.805341,33.3791486,-111.7565009],[39,38,48,128,11,119,99,212,126]
dIwOsU8UgnHmF6hnmK2MvA,33.6555982,-112.1341515,1,[33.6555982,-112.1341515,33.6555982,-112.1341515],[72,6,441]
h0gojDB9ajEwvCEQrr7mDw,33.409861500000005,-111.9582993,24,[33.32041,-111.983758,33.499313,-111.9328406],[78,79,7,142,33,44,11]
HobTOlxZJSUS8mX7CtedYQ,33.58232395,-112.00726230000001,6,[33.5168513,-112.0824552,33.6477966,-111.9320694],[26,11,288,32]
zI2DCUjx-Pi61rIUppEcmA,33.473483,-111.996101,2,[33.46625,-112.000164,33.480716,-111.992038],[38,128,39,293]
3PHgY37--OpCiOIQNcKqsQ,33.378926,-111.964813,19,[33.378926,-111.964813,33.378926,-111.964813],[99,11]
Ok4Vlc0qMoNBOfHs9xearw,33.5019519,-111.9514403,2,[33.5019519,-111.9514403,33.5019519,-111.9514403],[265,11]
qXmlJ4onGQaw4k1uXe8Yxw,33.500545,-111.9264093,35,[33.500545,-111.9264093,33.500545,-111.9264093],[33,38,48,39,11]
pCsr7fXL6DMdd1olKopNbA,33.480678,-112.020834,2,[33.480678,-112.020834,33.480678,-112.020834],[99,43,11]
2WaEX063bzNjaMjXEOkZgw,33.4363582,-111.85537345,4,[33.3056789,-111.9184649,33.5670375,-111.792282],[224,11,98,7,292,99]
DVB0t3jrzupgQDKfc-N40Q,33.6273043125159,-111.894766598404,1,[33.6273043125159,-111.894766598404,33.6273043125159,-111.894766598404],[57,69,48,11]
NjMcUz5_NujOXPMZTQX7CQ,33.5634526,-111.9312381,25,[33.5021456,-111.9329381,33.6247596,-111.9295381],[30,13,6,28,17,29]
sA0Pj2g-GTYtp7ZqJpmzcw,33.50802995,-111.97205600000001,35,[33.4938414,-112.024174,33.5222185,-111.919938],[48,11,265,185,27]
Qr-30IiNg3NQX8m_I7lTKw,33.5208779,-111.92331155,9,[33.4957558,-111.96828,33.546,-111.8783431],[212,361,11,126,97,265,483,137,7,139,57,69,49,193,82,59]
iqYfbuYFZ6lvARbhBHEkZw,33.4356207,-112.0095457,200,[33.4356207,-112.0095457,33.4356207,-112.0095457],[212,11]
UsULgP4bKA8RMzs8dQzcsA,33.2671282,-111.98945814999999,200,[32.878572,-112.2268039,33.6556844,-111.7521124],[7,142,98,24,11,195,65,38,39,99,246,119,139,17,423,265,126,97,104,179,109,27,48,292,62,26,117,214,46,6,210,63,112,182,140,224,177,49,50,52,10,340,72,396,108,172,14,15,57,56,35,76,1,32,302,322,146,137,8,120,206,193,194,59,192,106,279,54,201,133,77,127,168,13,115,372,33,83,40,80,247,309,285,161,25,189,185,317,74,87,88,89,307,163,4,114,12,160,181,229,28,29,483,470,145,338,162,44,79,121,202]
O40m0iBNlHOYbMQ1fvacQg,33.4752893226121,-111.99159765,23,[33.427634,-112.0832293,33.5229446452242,-111.899966],[177,140,11,7,36,8,247,109,38,48,39,137,139,63,27,49,50,52,98,78,79,99]
zEiTVy41B5c4QEiEZck_bg,33.4202405,-111.91147043053,27,[33.302327,-112.079564,33.538154,-111.74337686106],[7,108,48,11,251,49,322,57,146,52,39,145,228,26,8,368,155,54,286,268,32,44,33,38,99,128,27,224]
Od0LqWa6vqi1FXqOp88EJA,33.5783285,-112.18307899999999,4,[33.475597,-112.239905,33.68106,-112.126253],[11,63,7,139,8,423,38,212,39]
OXMRrwRs1fEqqKezz__nMw,33.637072,-112.071339,1,[33.637072,-112.071339,33.637072,-112.071339],[38,11,128,39]
-PG4-CLQrcpWTX_fzS28XQ,33.65506365,-112.01767770000001,5,[33.5991171,-112.1142778,33.7110102,-111.9210776],[48,11,361,7,139,416]
CYnro8XDDPnrre31YrJVCA,33.5003503,-111.921382,78,[33.4999005,-111.9227925,33.5008001,-111.9199715],[38,229,39,40,48,11,205]
oz3LS2U5DCEmn-Ql0aFMow,33.4134256,-111.99836465,4,[33.331655,-112.0146163,33.4951962,-111.982113],[72,184,33,119,99,11]
81YC2XbpXQh39ROlP_pfoA,33.547485699999996,-112.120799,6,[33.5176175,-112.1248113,33.5773539,-112.1167867],[10,11,54,238]
FygmMMzgdxVwo3CXMIr4GQ,33.6226416,-111.8741292,7,[33.6226416,-111.8741292,33.6226416,-111.8741292],[65,133]
3gdXlGUVrB8-rRno2mKDKw,33.2587342,-111.8412137,1,[33.2587342,-111.8412137,33.2587342,-111.8412137],[251,43,11]
J5nb9AT1LDiGN4_hY0Au8Q,33.348448649999995,-111.86105415,31,[33.2774461,-111.9790116,33.4194512,-111.7430967],[7,162,43,11,27,41,142,33,48,47,119,88,38,99,39,74,24,26,173,6,112,265,185,229,63,89,126,97]
j8QwTQI-Q9zZ6COOaXyCqQ,33.5024095,-111.9955012,2,[33.5024095,-111.9955012,33.5024095,-111.9955012],[27,11]
ewqy_vZS6JHGrg11joLwaw,33.37844,-111.876416,46,[33.37844,-111.876416,33.37844,-111.876416],[251,11]
ji3U52Xw8Iwn6kA1jfvjYQ,33.463543,-112.341878,5,[33.463543,-112.341878,33.463543,-112.341878],[126,97,11]
TR2YFVnIM5UM38RuMy6dcw,33.5503773417632,-112.08066475,53,[33.4596905,-112.235873,33.6410641835264,-111.9254565],[44,285,296,11,99,30,8,13,6,7,110,33,63,48,202,72,120,185,26,46,127,119,98,10]
w3p7ymaGqm_uJXBxjK4THg,33.51600115,-111.9473482,200,[33.4860023,-111.96828,33.546,-111.9264164],[7,8,33,119,11,224,99]
X5oDPkVovm-SPMa9XFkuGw,33.4537904,-111.90944300000001,12,[33.4059219,-112.04725,33.5016589,-111.771636],[119,120,11,26,265,99,38,39,46,102,6,103]
waiUcXHMhGbM5r9dxmUPlQ,33.336307,-111.8763371,1,[33.336307,-111.8763371,33.336307,-111.8763371],[64,65]
cguT_eQx08ELWZ4JGnsAzg,33.36567895,-111.91695995,10,[33.2333299,-111.9927062,33.498028,-111.8412137],[212,229,11,33,251,43,177,140,192,352,48,26,126]
noIfO_QJC2sIaxMOxNV5mg,33.573816,-111.537675,1,[33.573816,-111.537675,33.573816,-111.537675],[49,305]
T_wbfjj0i6VydOWPAmb_FA,33.4662833,-111.867999,6,[33.3197514,-112.0134719,33.6128152,-111.7225261],[20,231,59,49,23,415,26,11]
BgY9LwHmY8BO_lPI3pNRFQ,33.487585550000006,-111.96176905,109,[33.304138,-112.1204191,33.6710331,-111.803119],[126,11,7,142,218,219,39,38,26,128,99,143,212,41,43,48,27,313,239,192,33,101,84,262,60,6,40,85,119,145,57,88,298,311,137,8,139,293,229,24,47,205,182,172,30,13,120,373,251,153,108,162,92,15,28,170,97,157,103]
KRA54Y_PCVYTrrZ4eTUzBA,33.421521600000005,-111.97260355,11,[33.3488009,-112.0743441,33.4942423,-111.870863],[188,23,24,11,49,80,59,39,298,57,145,26,63,7,8,185,10]
FqR5RDceDJ0Ll9PrVgZZ1A,33.6043802,-112.1923703,14,[33.5414182,-112.2021879,33.6673422,-112.1825527],[27,11,404]
nQWU1g-VOzgHQUX02Xx5Bw,33.4796744,-112.0739818,2,[33.4796744,-112.0739818,33.4796744,-112.0739818],[185,11]
9LbdFOKAtGOTgZ6BTpnFIA,33.3933063,-111.9082183,32,[33.3933063,-111.9082183,33.3933063,-111.9082183],[27,11]
rfPOrtHJO0uwkIx1CczZOg,33.4397624,-111.91363325,4,[33.413399,-111.9175385,33.4661258,-111.909728],[38,11,99,128,39,48]
UeJ0qxEM4v4PLix5GfUIjg,33.4658536,-112.1649839,10,[33.4658536,-112.1649839,33.4658536,-112.1649839],[28,17,29]
TfCYYoIXyN32ODsEPqjTmw,33.4661258,-111.9175385,28,[33.4661258,-111.9175385,33.4661258,-111.9175385],[38,48,11,128,39]
qRGmGgunyyZWpR6HzHFoRQ,33.393868,-111.789925,5,[33.393868,-111.789925,33.393868,-111.789925],[7,142,11,24,33]
mw_Ysgwq9KWoQri255M8rQ,33.46447295,-112.0714459,2,[33.4587437,-112.0775732,33.4702022,-112.0653186],[182,172,11,48,140]
UxRuW9FIrn65POpRsV-eLg,33.5160662,-112.029562,200,[33.5160662,-112.029562,33.5160662,-112.029562],[119,48,11]
2FiNCj5rM3nF0qgaWf86Gg,33.513618,-111.967906,108,[33.348621,-112.132693,33.678615,-111.803119],[38,101,33,39,128,11,7,108,26,139,36,99,120,98,10,9,13,6,115,372,8,14,15,16,175,129,121,79,49,80,59,167,65,142,48,44,61,35,70,76,191,12,114,84,339,25,28,17,29,250,185,265,168,45,156,225,71,72,73,27,157,103,46,186,57,43,170]
2JnYDh_0HqeSwdrb9Y_tmg,33.495156,-112.0010502,1,[33.495156,-112.0010502,33.495156,-112.0010502],[27,11]
aok0MhWMMw6t4WcuQKLkxA,33.458572950000004,-112.0898165,3,[33.377767,-112.183341,33.5393789,-111.996292],[65,133,99,26,11,109,38,39,63]
4QVcUb0Gc4KiV3ls8d4aDA,33.46844035,-112.21138825,18,[33.425207,-112.357458,33.5116737,-112.0653185],[224,11,99,218,41,212,126,97,43,119,26,181,177,500,140,192,210]
RqDsn2pUo9piYiiXBFLenw,33.6119344,-111.9271523,1,[33.6119344,-111.9271523,33.6119344,-111.9271523],[267,182,172,11]
jbyF4GqvAW5VQof0dHm9sg,33.47300335,-112.00084305,6,[33.305759,-112.0921566,33.6402477,-111.9095295],[99,11,48,123,65,63]
1U7QHA3s6Bzsf5VXLnFy6Q,33.545280149999996,-112.08701525000001,9,[33.4354553,-112.1001169,33.655105,-112.0739136],[7,8,26,11,309,285,126,97]
_FdYa_Zzj8h6oZ_hRPVN2A,33.3216034,-111.9626175,1,[33.3216034,-111.9626175,33.3216034,-111.9626175],[126,11]
RP1bIFeqWVL6vgbcHBrdqA,33.514027,-111.92487,2,[33.514027,-111.92487,33.514027,-111.92487],[28,17,29]
98yZCM5-yftBID0YA9hQiA,33.326594,-111.858226,20,[33.326594,-111.858226,33.326594,-111.858226],[38,26,39,11]
ncoNk2rMZcFkR6BZctP1Hg,33.5721458,-111.98011855,3,[33.507557,-112.040116,33.6367346,-111.9201211],[10,11]
EI_2lodHdI779TITMwgaoA,33.54519035,-111.86542725000001,11,[33.377396,-112.1114555,33.7129847,-111.619399],[27,11,106,54,226,7,8]
WGyA-edUl6JMFWGNPK2Lgg,33.5092093,-111.9885861,1,[33.5092093,-111.9885861,33.5092093,-111.9885861],[340,11]
2v-pfDOP3Y7FUZiDOnEIBQ,33.4460879,-112.0741278,1,[33.4460879,-112.0741278,33.4460879,-112.0741278],[43,11]
eJgMi9yf1TMVDjgGkTG6sw,33.788506299999995,-112.1253312,11,[33.7121,-112.1388544,33.8649126,-112.111808],[24,11,119]
UkJgfflVc_f5cFpKvAw2FA,33.464078650000005,-111.9610673,6,[33.4329528,-112.0772,33.4952045,-111.8449346],[31,32,26,11,98,7,119,24]
Pez65VKVgDYbRqSoKhqZ8A,33.447567,-111.926971,6,[33.447567,-111.926971,33.447567,-111.926971],[28,17,29]
hFtlFksrcLaWHGPNa6SmeA,33.42974228702245,-111.9613147478025,200,[33.2183331740449,-112.358184,33.6411514,-111.564445495605],[24,11,30,13,6,130,32,26,78,79,27,57,306,7,292,99,48,54,55,266,21,35,22,142,76,212,361,161,65,133,60,224,38,140,39,40,119,162,49,50,52,98,126,97,108,18,109,209,17,63,145,158,28,36,80,82,59,93,3,33,12,127,8,247,382,61,194,239,177,44,201,264,77,110,129,121,288,46,192,74,182,89,149,244,172,206,265,324,62,72,287,64,223,204,293,168,42,43,95,222,112,232,137,139,196,148,45,138,84,336,185,41,134,135,309,285,205,101,284]
UNtlK-o3ie-matjf-AbpBw,33.4837834,-111.9749976,32,[33.4727577,-112.023489,33.4948091,-111.9265062],[44,27,11,38,39,40]
sW6HRrcdrxtayw8CMmF7Zg,33.57503355,-111.9516744,3,[33.566109,-111.9788671,33.5839581,-111.9244817],[182,218,307,11,7,292,338,206]
aHHD24RVlGc_Oe3sA9BiRA,33.37844,-111.876416,1,[33.37844,-111.876416,33.37844,-111.876416],[251,11]
SWoWXML68esw-UhHRjLBQQ,33.514039600000004,-112.07816995,170,[33.3170942,-112.2335474,33.710985,-111.9227925],[27,11,92,15,6,14,191,28,17,29,7,142,108,12,60,13,22,201,194,114,115,44,127,63,182,48,140,26,119,99,49,39,341,57,56,145,186,9,10,152,30,33,46,62,218,98,24,204,65,69,35,76,338,382,206,183,188,23,162,120,61,8,96,72,71,200,205,177]
CZiJug5VJjdDaJKWc0MQGg,33.4787943,-112.0478085,3,[33.4787943,-112.0478085,33.4787943,-112.0478085],[26,11]
VkRr_ZUn836dT-DXn2bqfg,33.50225475,-112.08701445,2,[33.5005719,-112.0999146,33.5039376,-112.0741143],[7,108,142,194]
s5FopShp1xWA_x8xAFhOGQ,33.4278012,-111.9225579,15,[33.42263,-111.940813,33.4329724,-111.9043028],[57,69,56,177,140,11,465,39,145,27]
7votNQld007zPtRSbH1XXA,33.4495394,-112.0656645,122,[33.4495394,-112.0656645,33.4495394,-112.0656645],[7,449,97,11]
z92s6ue5ql2BFe02W8Q7-A,33.55597065,-112.24509265,7,[33.4732683,-112.42524,33.638673,-112.0649453],[49,230,7,33,142,24,11,43,65,133]
5GmjjTfQ8eeo5fmKphmp1A,33.481112426248956,-111.8065415982265,11,[33.3252581524979,-111.9222616,33.6369667,-111.690821596453],[6,35,76,7,108,48,11,63,27,307,98,24,8]
omeswY0LjLvCb8qouz763w,33.65901385,-112.13196985,6,[33.6390345,-112.23381,33.6789932,-112.0301297],[64,65,167,133,218,11]
TylTHodGT_XzfEVtXgLQtQ,33.3634269,-111.9267939,5,[33.3197658,-111.944694,33.407088,-111.9088938],[27,11,33,117,48,126,97,38,39]
SIGjXC8FCuX8yGPVD2ZH0A,33.42183,-111.960264,2,[33.42183,-111.960264,33.42183,-111.960264],[345,6]
WUQ4yyjdinMd5_tQfUIiRw,33.6113913,-112.05906225000001,16,[33.5097979,-112.1114555,33.7129847,-112.006669],[11,63,26,7,247,27]
sDKx16ztYDKtUHgpzYv2gQ,33.5116737,-112.0653185,1,[33.5116737,-112.0653185,33.5116737,-112.0653185],[210,11]
jznLjzIblp-H9wOaPMniRQ,33.4008325,-111.79508705,5,[33.378937,-111.951494,33.422728,-111.6386801],[88,38,39,89,11,27]
1Z1zKIhxokcSWa2anxT7bA,33.3316059,-111.8402289,1,[33.3316059,-111.8402289,33.3316059,-111.8402289],[71,72]
VBPjlX_aIvXslr0CqlKN5g,33.4942285,-112.0927525,5,[33.449799,-112.110791,33.538658,-112.074714],[49,50,52,28,442,241,26,11]
figZfqGjEL6HHOqI-OIybQ,33.447637799999995,-112.01082285,31,[33.3631506,-112.0919692,33.532125,-111.9296765],[48,11,403,121,79,7,108,24,119,46,6,38,140,39,40]
8wlHC-g2POtQtZ2LCEXEzQ,33.3633837,-111.911222,2,[33.3633837,-111.911222,33.3633837,-111.911222],[14,15,6]
0tX6zeatqAkGNjOiaWM8sw,33.553756899999996,-112.06686385,41,[33.5100398,-112.119087,33.597474,-112.0146407],[33,11,38,39]
3jo7lrS43x-V-NqjdN7x3A,33.30395275,-111.8992178,200,[33.3022462,-111.9007734,33.3056593,-111.8976622],[38,39,11,7,47,48,27,292,99,126]
EcKBb9oXH4KshxF19yVo8A,33.377437,-111.634661,2,[33.377437,-111.634661,33.377437,-111.634661],[26,11]
yJm4kh4wrdc-a7KuErfqxQ,33.40329,-111.91281219999999,200,[33.3056593,-111.9279622,33.5009207,-111.8976622],[98,7,8,63,27,11,13,6,414,112,139,24,47,48]
ATw4ovjlBx8nAEePBWZ7jA,33.3053866,-111.9998453,1,[33.3053866,-111.9998453,33.3053866,-111.9998453],[78,79]
HDncKPRDKKd4y-p0o6IwtQ,33.4590669,-112.0915007,1,[33.4590669,-112.0915007,33.4590669,-112.0915007],[101,88,38,39,40]
XMFWqNe_bsAGi2ov1KIlKw,33.5839581,-111.9788671,1,[33.5839581,-111.9788671,33.5839581,-111.9788671],[11,63]
3NPoMFEJ0hHOtSJ7BvoozQ,33.480803,-111.9345364,51,[33.480803,-111.9345364,33.480803,-111.9345364],[101,38,39]
vFLS2mCtgf-mbVXNk99tgA,33.3827105648541,-111.562889814377,1,[33.3827105648541,-111.562889814377,33.3827105648541,-111.562889814377],[49,178]
COchsY8o6RVEEK_g7QdJEQ,33.5227721,-111.9001502,2,[33.5227721,-111.9001502,33.5227721,-111.9001502],[10,63,24,11]
AUvJTAGVr3jyKWL1FItYKA,33.6753542414738,-111.965274810791,1,[33.6753542414738,-111.965274810791,33.6753542414738,-111.965274810791],[168,265,11]
NffKcdxbCLjf6UcTgI6jKg,33.554051,-111.987416,7,[33.429487,-112.0744,33.678615,-111.900432],[7,108,26,11,142,43]
sc6wS6YOFIgtN2XuJI8_WQ,33.385205,-111.974069,200,[33.32041,-112.07,33.45,-111.878138],[26,11,126,6,77,35,76,28,170,57,327,250,39,145,33,44,46,99]
ZhAZn4GSR39qZJkp-JrDHg,33.3021074,-111.8420649,1,[33.3021074,-111.8420649,33.3021074,-111.8420649],[224,11]
KlkiRXWr9tfm-9rpfQuVHA,33.5218465,-112.0648577,3,[33.5218465,-112.0648577,33.5218465,-112.0648577],[210,11]
Fn-5RiansziHPYC4e2qX-w,33.501152650053754,-111.9605078478335,6,[33.4925020001075,-111.9968967,33.5098033,-111.924118995667],[119,99,11,7,292]
GL-YT5MVl5G-K4H83WHmMQ,33.4315119,-112.0561119,13,[33.4315119,-112.0561119,33.4315119,-112.0561119],[26,11]
3Lz0foBbu0TARTdQJ_-Vig,33.4044796,-111.9951331155555,5,[33.3173142,-112.081645131111,33.491645,-111.9086211],[33,24,11,38,140,39,40,48,181]
hFF8JCuyi_eHiC34LsrcSA,33.4582251,-112.2724782,8,[33.4582251,-112.2724782,33.4582251,-112.2724782],[71,72,297]
T19Fyljcp89K-TT_-sLifg,33.5094234,-111.9115638,5,[33.5094234,-111.9115638,33.5094234,-111.9115638],[65,133]
357TgWUFABSgn_5KVqeFTw,33.4462721,-112.0893682,3,[33.4462721,-112.0893682,33.4462721,-112.0893682],[49,51]
IGes_CXuidG3QFumb5wowQ,33.509755,-112.08407,1,[33.509755,-112.08407,33.509755,-112.08407],[185,11]
Pxmr1bdTou5eDsBiJ4o2Iw,33.321061644794,-111.723918914795,1,[33.321061644794,-111.723918914795,33.321061644794,-111.723918914795],[99,11]
_FzL9OEPSo-zj5RKwfTu1g,33.521735317418205,-112.17308475,3,[33.5103212,-112.263862,33.5331494348364,-112.0823075],[26,11,7,142,292]
QsMCulNkOazaGtyC-e8Fvg,33.469810842472,-112.025969261055,6,[33.444801984944,-112.07211772211,33.4948197,-111.9798208],[119,11,38,99,39,128,185]
1hWHhHeesAhiz6NU8EYnPg,33.49466655,-112.0327525,10,[33.479887,-112.073196,33.5094461,-111.992309],[224,11,6,32,35,75,76,77,7,8,119,38,140,39,40,48,27,117,63]
ebG2KWPdefpvoe7JLKAGXg,33.524313,-112.11785,5,[33.524313,-112.11785,33.524313,-112.11785],[44,11]
ChPpkHTyL3CyajLIuUrgjg,33.4964015668705,-112.0242518069785,200,[33.446195133741,-112.073568999767,33.546608,-111.97493461419],[212,97,11,265,28,17,29,63]
0VqLKmLbZkscmCBU6bVR7Q,33.486953400000004,-112.0950376,200,[33.4354634,-112.1830859,33.5384434,-112.0069893],[311,11,98,7,24,48,26]
M08V3LUtH2uYS34BrHnJzg,33.6247911,-111.9257312,5,[33.6247911,-111.9257312,33.6247911,-111.9257312],[48,11]
ICSPa7SNlhCHqUYkmeAjTw,33.6222859533147,-111.904171575451,2,[33.6222859533147,-111.904171575451,33.6222859533147,-111.904171575451],[218,41,323,11]
M-qXBkg7qbEPE4D0fgeaag,33.4959014,-112.512882,54,[33.4959014,-112.512882,33.4959014,-112.512882],[352,201,11]
1R7ek8BQYyEoXxlpg5fOgA,33.4399403,-111.9274148,1,[33.4399403,-111.9274148,33.4399403,-111.9274148],[72,287]
SwLoNFlz8JMY1zjOKwAxrw,33.406467,-111.926927,1,[33.406467,-111.926927,33.406467,-111.926927],[96,72]
wen3ol4JOOhhSytN0yTPqw,33.444620549999996,-111.9495335,3,[33.394432,-112.023489,33.4948091,-111.875578],[14,15,6,43,11,38,39,40]
RaDXEjZPN6mrZTsXS-Ar5g,33.677768549999996,-112.01887165,5,[33.64053,-112.1129733,33.7150071,-111.92477],[126,11,7,138,139,140,182,48,26]
hZ2RPn9VcfBHv8_cHG53nw,33.364978,-111.805395,1,[33.364978,-111.805395,33.364978,-111.805395],[83,38,6,39,40]
dR6Xa7tMEzypAR-xFgSJFg,33.43475,-112.00644,32,[33.43475,-112.00644,33.43475,-112.00644],[33,11]
zueG_rRwx9QuXF0TyRo7Wg,33.655418,-112.153592,1,[33.655418,-112.153592,33.655418,-112.153592],[11]
aSmRnqcUIExzJkjjB27hTg,33.4382789,-112.0178286,3,[33.4382789,-112.0178286,33.4382789,-112.0178286],[28,271]
brlWQgZoM0_rF3QmmrA99g,33.407162416802,-111.91035657289,3,[33.407162416802,-111.91035657289,33.407162416802,-111.91035657289],[404,451,11]
D6D6Vxm6RLDo1Dy8WaN3cw,33.587381050000005,-112.02259964999999,3,[33.5754755,-112.0651592,33.5992866,-111.9800401],[119,11,7,137,8,139]
XJAYI1jeeQVmRyzYLSJeSg,33.4261603,-111.939838,1,[33.4261603,-111.939838,33.4261603,-111.939838],[39,38,126,97,11]
JzT8v61Dvjq_gPLTfafGfA,33.4746673,-112.0150324,2,[33.4691316,-112.0475116,33.480203,-111.9825532],[26,11]
UdWutjzPhtV_k1XNMcLFJw,33.5612589,-112.1156244,1,[33.5612589,-112.1156244,33.5612589,-112.1156244],[48,185,11]
M5bNWbxM1bzhPKn4v4-7mg,33.46867205,-111.96354149999999,200,[33.43475,-112.00644,33.5025941,-111.920643],[28,170,27,11,17,18,29,46,6,57,327,38,48,39,128,99,126]
pBvF6TQDaIpL0o6U81In8A,33.519995300000005,-111.99715775,9,[33.392194,-112.0850235,33.6477966,-111.909292],[65,133,54,55,288,32]
onWc8uutW3q9q8KYdxqvZA,33.454964149999995,-111.95727679999999,16,[33.2711537,-112.1709674,33.6387746,-111.7435862],[33,11,99,120,10,24,49,50,52,7,36,8,126,212,48,119,26,27,63,38,128,39]
gmNM8_mbR1uBRwbFfi4syQ,33.499452,-112.16770335000001,16,[33.386503,-112.2705607,33.612401,-112.064846],[48,185,11,10,119,24,117,33,63]
VV3gPRJEyUuSv6DnVzX9bg,33.445569,-112.305042,93,[33.445569,-112.305042,33.445569,-112.305042],[57,327]
FaUG1r8xTiiabMf7LU3cAg,33.54144705,-111.99862275,6,[33.4471735,-112.073781,33.6357206,-111.9234645],[48,11,7,142]
xe8Gxtp3bRyHowD5e2BbwA,33.4145898,-112.07218775,3,[33.3777487,-112.0742698,33.4514309,-112.0701057],[48,11,84,86]
hYph1O9SCO3B5tFmqzdOSA,33.54400915,-112.01222870000001,200,[33.45168,-112.1490084,33.6363383,-111.875449],[149,97,11,28,17,29,26,33,119,27,48,24,38,7,39,40,224,212,43,63,182,140,251,99,36,8]
yY7eQHblODI1JpKEuAkMnQ,33.5457629,-112.2265333,3,[33.5384203,-112.2691369,33.5531055,-112.1839297],[11,27,63,104,161,195,65]
PjfsHa6uXswUAQxLSPniug,33.333799,-111.827543,2,[33.333799,-111.827543,33.333799,-111.827543],[49,82,59]
xqzFcRhiUJMelFCBaazyMg,33.4587811,-112.0722742,3,[33.4587811,-112.0722742,33.4587811,-112.0722742],[26,172,11]
kNKvDpVJhNxYFT1sgP2FRw,33.5102803,-112.0720329,2,[33.5102803,-112.0720329,33.5102803,-112.0720329],[49,193,59]
bbbnYSfNHQKMjiYqxMo3QA,33.511525,-112.055538,3,[33.511525,-112.055538,33.511525,-112.055538],[15,6,191]
Sb0Xwo0jasVGLZ75NSZAbA,33.6402859,-112.1626433,12,[33.6112406,-112.2245556,33.6693312,-112.100731],[26,11,99,120,212,43]
S9KDHWSoUGG3z4j1cTMoFA,33.57091065,-112.02438719415301,19,[33.4719589,-112.070932388306,33.6698624,-111.977842],[43,11,251,7,142,63,26,96,72,119,201,99]
MXahyrxoyzcMufZGXcySPg,33.507557,-112.040116,2,[33.507557,-112.040116,33.507557,-112.040116],[10,11]
yOtPLUZ9dnvuDimVLtms7w,33.4708316,-111.99940305000001,6,[33.443864,-112.072854,33.4977992,-111.9259521],[38,48,11,128,39,40,43,63]
3FLvP7zGP6fEe3lJK5AwYw,33.416690122397,-111.88581485739749,31,[33.321061644794,-112.0477108,33.5123186,-111.723918914795],[7,162,108,119,99,11,48,229,202,72,281,10,24,109,38,27,39,224,8,138,139,192,323,63]
Tq6btHgg07yR2M36E2V3Lw,33.351089,-111.84303,1,[33.351089,-111.84303,33.351089,-111.84303],[149,126,11]
LIl5vcUHRkZlhBS5H5uzdQ,33.418418,-111.84057,1,[33.418418,-111.84057,33.418418,-111.84057],[38,26,39,11]
LvAr6xG-A40PGk1quMKxlw,33.36000165,-111.93186595,25,[33.2972473,-112.0048589,33.422756,-111.858873],[7,142,98,201,11,126,99,97,10,127,382,119,57,69]
FNEB6ej_84-SOwgDXPn9Og,33.6247596,-111.9329381,103,[33.6247596,-111.9329381,33.6247596,-111.9329381],[28,17,29]
7yEDZnY76HeoLzHNdqa-Fg,33.4033669363438,-111.973214149475,31,[33.4033669363438,-111.973214149475,33.4033669363438,-111.973214149475],[28,17,29]
60O-RMUcrMMpfqLbh5-rqA,33.5386441,-112.0986063,1,[33.5386441,-112.0986063,33.5386441,-112.0986063],[26,11]
GAmZMGgxYZT1zf3uLbgb2A,33.6392062,-112.1534466,3,[33.6392062,-112.1534466,33.6392062,-112.1534466],[64,65]
Vibtr-_DiDbwZqaxKK8SYw,33.5095726,-112.08854045000001,13,[33.4354553,-112.1339119,33.5836899,-112.043169],[65,133,24,11,265,63,27,309,285,26,33,48,185,17,18]
lli00i80n2wmetnimDZ4WA,33.63864085,-112.28982665000001,56,[33.6379017,-112.3547252,33.63938,-112.2249281],[33,44,11,28,17,29,119]
FteO0u6GhR-89qBNRAyxGw,33.492737,-112.380047,1,[33.492737,-112.380047,33.492737,-112.380047],[224,11]
GbukBzf1URjjHJauLFwzHg,33.5284189,-111.92512400000001,30,[33.5266038,-111.925621,33.530234,-111.924627],[28,17,29,119,120,11]
Udj_a2KWaxqeOHu_1FrFAg,33.44228735,-111.93554180000001,40,[33.3037399,-112.0827836,33.5808348,-111.7883],[11,63,38,260,39,40,259,99,265,126,97,48,161,105,195,65,27,7,142,10,24,177,140,26,43,6,77,112,191,35,17,15,111,113,109,119,108,338,49,128,341,234,263,1,33,307,285,36,251,123]
6J_V3M-6k7hziNfuWTGh2A,33.4007967,-111.79363649999999,2,[33.379624,-111.831884,33.4219694,-111.755389],[71,72,24,11]
gvLzuWRhEyFcfF-RymhhFg,33.393124,-111.92115849999999,13,[33.2475,-112.0986063,33.538748,-111.7437107],[7,137,8,139,99,11,26,39,38,48,128,4,6,27,108]
_8u1TZwjpp3Gq3ME3O9l7g,33.3947699,-111.9088938,1,[33.3947699,-111.9088938,33.3947699,-111.9088938],[7,108]
py72Cq3_QV7yyGM1CIHJmw,33.546,-111.96828,44,[33.546,-111.96828,33.546,-111.96828],[26,127,11]
ufBn-Yk8FdHwCb11lv1rxQ,33.2587342,-111.8412137,1,[33.2587342,-111.8412137,33.2587342,-111.8412137],[251,43,11]
gvB1Ja5gT4ut9R0I9EA90g,33.51577495,-112.22412795,11,[33.4356689,-112.5213977,33.595881,-111.9268582],[33,48,307,11,117,24,7,138,139,27]
VbpYlT5J9jlHb6XeYlyUrQ,33.640021,-112.078594,1,[33.640021,-112.078594,33.640021,-112.078594],[202,72]
7wl1r8eDzW9MtSjnSgakwQ,33.195255149999994,-111.89948795000001,7,[32.9533541,-112.04232,33.4371562,-111.7566559],[7,8,28,240,241,182,218,11,26]
SL4cyFBZjz3ITY7ONDOT9A,33.539168450000005,-112.0092162,6,[33.4514039,-112.100731,33.626933,-111.9177014],[126,11,212,26,185]
l3bcKxbBX71h3_BgxeYyxg,33.45168,-111.916537,33,[33.45168,-111.916537,33.45168,-111.916537],[26,11]
_CqFiqRtltyla08VndhBrQ,33.476314,-112.0255249,5,[33.407299,-112.0962274,33.545329,-111.9548224],[26,17,18,11,169,251,101,38,39,40]
_frRF0O7MHBge800T3dAQQ,33.46142905,-112.0691375,4,[33.448654,-112.073195,33.4742041,-112.06508],[7,108,119,11,103]
n_lAaNGeWgspbbCJc0DqRg,33.5296075,-112.21323054999999,186,[33.34697,-112.5016551,33.712245,-111.924806],[10,11,41,400,24,177,140,224,169,49,193,59,7,33,142,168,181,229,36,8,43,212,26,185,219,218,134,135,162,108,201,192,63,83,6,28,506,52,38,145,57,101,39,439,72,148,154,361,74,296,97,50,175,129,121,79,309,128,273,119,48,446,15,25,27,66,40,137,139,117,44,127,99,120,292,46,191,71,297,194,144,357,205,210,109,126,98]
3Ezxf2K4pzzhSfYbhTa-VA,33.5212448727263,-111.9152925392975,163,[33.4982604,-111.9251128,33.5442293454526,-111.905472278595],[7,9,119,11,38,39]
nLmycMCWaDgMCxb2dCb4gg,33.3988636,-111.99207865,46,[33.3478272,-112.0739,33.4499,-111.9102573],[224,182,11,251,24]
67l_gT6TZIDJMkRivtU7zQ,33.480716,-112.000164,4,[33.480716,-112.000164,33.480716,-112.000164],[38,39,293]
5iuYVJh1TZZJleahjLLXVQ,33.608180149999995,-112.020613,14,[33.384163,-112.238107,33.8321973,-111.803119],[10,11,38,128,39,168,144,229,26,48,99,382,201]
MUjXuuxUOkpC6Iq5a8-l9g,33.4360415,-111.9956337,69,[33.4360415,-111.9956337,33.4360415,-111.9956337],[28,240,241]
jnsys-QfG1TLOZhNR1Ulfw,33.4920033,-111.9258022,9,[33.4920033,-111.9258022,33.4920033,-111.9258022],[126,97,11]
Zs676AlG94gQ6vL1gvgd6w,33.341098349999996,-111.99875665,13,[33.3044612,-112.0265945,33.3777355,-111.9709188],[219,218,41,11,48,26,27]
i3MtOh69gdoESauFYyS0tA,33.41587725,-112.00798505,134,[33.41563,-112.00805,33.4161245,-112.0079201],[119,11,28,17,18,29]
xUzf_XwfPCD5xFP7cwh49A,33.402782349999995,-111.93764325000001,22,[33.295555,-112.0152845,33.5100097,-111.860002],[43,11,373,196,126,38,7,47,88,39,48,142,49,50,52]
OglXK7yC16eNf4lGEONAsQ,33.2792938,-111.8017661,3,[33.2792938,-111.8017661,33.2792938,-111.8017661],[20,23,243]
2FVOYDTGUgf8E6VD5ULymA,33.3939224,-111.9091205,2,[33.3939224,-111.9091205,33.3939224,-111.9091205],[126,11]
K5UJ4s1M5-xOj_NziBw8zQ,33.32890615,-111.78630125000001,6,[33.3019012,-111.8295058,33.3559111,-111.7430967],[63,27,11,72,287,99,265,185]
NEn4ZrHE_JTOf71W0hkI-A,33.4724491,-112.1345686,3,[33.4724491,-112.1345686,33.4724491,-112.1345686],[26,11]
F1thNlJWo4Vly0VfRzyWlQ,33.531712,-112.081768,1,[33.531712,-112.081768,33.531712,-112.081768],[84,339]
6a33nH-alrfrtXI9__S5LQ,33.5266038,-111.924627,1,[33.5266038,-111.924627,33.5266038,-111.924627],[65,133]
S7JfR2FJx-Fhv9SjJaYO6g,33.4563262,-112.0737079,2,[33.4563262,-112.0737079,33.4563262,-112.0737079],[7,108]
fXjFThY4SHXsF3mPXRP5Ew,33.5071469,-112.0744706,1,[33.5071469,-112.0744706,33.5071469,-112.0744706],[48,11]
THNaioelRmWa4NKAdfHubg,33.5091973,-112.0658233,3,[33.5091973,-112.0658233,33.5091973,-112.0658233],[88,101,38,39]
8EkcyLCo0ArQvwjEtGhVeA,33.342198,-111.864934,2,[33.342198,-111.864934,33.342198,-111.864934],[49,50,52]
dnhJwMqomleu05SMP5gzjQ,33.394393,-111.977873,179,[33.394393,-111.977873,33.394393,-111.977873],[26,11]
_HmoYjWjxxH3hxutoZ-43w,33.3937996171265,-111.831753323515,4,[33.3804367,-111.90964874703,33.407162534253,-111.7538579],[7,108,119,99,11,117]
1vkT3MfpsTm0fNzSx1hIgg,33.393281200000004,-111.89183935,8,[33.362719,-112.012504,33.4238434,-111.7711747],[119,11,137,7,54,81,139,49,108,193,59,89]
UUyk7B2t-w2vtgl7QB23EA,33.6389159,-112.2026539,2,[33.638776,-112.225396,33.6390558,-112.1799118],[49,80,82,59,7,189,10,24,11]
sHUfgyLOX16juu-axH41NA,33.4659059,-112.27421,2,[33.4659059,-112.27421,33.4659059,-112.27421],[96,72]
JQYE7O8FCsZZmHy9WX8Cgw,33.4938414,-111.9268138,20,[33.4938414,-111.9268138,33.4938414,-111.9268138],[27,11]
ZskKCevxK8SyYgdjIiRJnw,33.844328,-112.133957,18,[33.844328,-112.133957,33.844328,-112.133957],[26,11]
gS6xYB7Yl071uTecCtBKyA,33.64572355,-112.1599105,10,[33.6382871,-112.184993,33.65316,-112.134828],[144,11,224]
KXQM40pbymRnsHbnf6l4jw,33.299873,-111.842586,2,[33.299873,-111.842586,33.299873,-111.842586],[33,119,11]
DeX-oYQht8DDRGnCkI8v6A,33.444049572397,-111.9004074573975,19,[33.321061644794,-112.076896,33.5670375,-111.723918914795],[99,11,7,108,24,119,475,10,185,28,158,17,29]
uurkpeU18oIwtJqGuGIf-w,33.3760585,-112.0275512,3,[33.3037399,-112.0740373,33.4483771,-111.9810651],[109,38,11,39,63,261,54,55,122,256,65,133]
p4SNP70HYUpK_wXhRpIcFQ,33.423273449999996,-111.97130025,128,[33.3351559,-112.0739944,33.511391,-111.8686061],[62,48,17,11,24,33,119,99,322,57,120,126,43,10,74,63,219,218,41,98,7,192,177,145,38,39,40,244,108,470,182,140,223]
snVuhfXWjTaHyjSnxm1wLA,33.530341,-112.047095,40,[33.530341,-112.047095,33.530341,-112.047095],[127,11]
KKG0ylgxfH4jzOoIETCCxA,33.6035069,-112.04438164999999,14,[33.5665654,-112.0677151,33.6404484,-112.0210482],[27,11,99,185,57,18,91,17,341,49]
alssDn2euFDd6rJApeSEvg,33.5183691,-112.0047498,5,[33.5183691,-112.0047498,33.5183691,-112.0047498],[99,11]
DmTiFfB9pLbF_QvKx_03fQ,33.501984500000006,-112.125958,9,[33.465729,-112.18809,33.53824,-112.063826],[17,18,7,142,292,202,72,168,181,229,11,36,182,24]
tO2rTtwNoNSuqCBKgNk4ag,33.42381,-111.960467,200,[33.421909,-111.980464,33.425711,-111.94047],[28,17,29,244,11,7,108,39,38,27,128]
UKrOgGGcP3Wz2nmZnOwuOQ,33.304492,-111.873637,32,[33.304492,-111.873637,33.304492,-111.873637],[212,26,43,11]
FbdB9KXyuvT8rC_zmqRSuQ,33.56962415,-111.98411540000001,200,[33.3931333,-112.1164668,33.746115,-111.851764],[49,80,82,59,32,222,17,28,95,29,251,11,161,65,6,200,212,229,99,127,224,178,63,265,119,24,168,169]
plhyFcH6-yFix9-w1YT_2w,33.497828,-111.927267,59,[33.497828,-111.927267,33.497828,-111.927267],[352,48,11]
2nKsk4V2ty7b8cYcjkhi2Q,33.4972764,-111.9259415,1,[33.4972764,-111.9259415,33.4972764,-111.9259415],[15,16,6]
9Xr_1SQHRermgEB-3Jyq5A,33.6455682097528,-111.917118430138,3,[33.6455682097528,-111.917118430138,33.6455682097528,-111.917118430138],[28,158,17,29]
ls7n0aREoAX81z1KdnqEug,33.4932704,-111.92549944999999,9,[33.4922985,-111.9264472,33.4942423,-111.9245517],[39,119,48,38,11,210]
0DvT2DQSFcHIi7tATvctnQ,33.438292672397,-111.82081015739749,21,[33.321061644794,-111.9177014,33.5555237,-111.723918914795],[224,11,218,99,126]
rA5Ayb3Or0d6tD1ZCYjscg,33.51707715,-111.94456355,5,[33.5006293,-111.965872,33.533525,-111.9232551],[265,11,27]
j05oe8-L0Y4BgIXmlweEng,33.5394188,-112.04068745000001,2,[33.45107,-112.055957,33.6277676,-112.0254179],[6,35,76,8,26,7,138,139,11]
