EgN4Fmjg9SBzONFEsLq9WA,33.403689,-111.981986,200,[33.403689,-111.981986,33.403689,-111.981986],[7,292]
ql1NheX4ZBf6Ab8guRFwSg,33.4495394,-112.0656645,14,[33.4495394,-112.0656645,33.4495394,-112.0656645],[7,449,97,11]
rVecNxL1IxEaxl6318sf0g,33.4373518,-111.7181797,1,[33.4373518,-111.7181797,33.4373518,-111.7181797],[11,63]
lB7MzIebkIDcwqeyQIJdZg,33.501821,-111.919938,80,[33.501821,-111.919938,33.501821,-111.919938],[265,185,11]
KD5kKVw3FU1oF4xwFWEuzw,33.5024126,-111.92696575,69,[33.5022311,-111.9296765,33.5025941,-111.924255],[126,97,307,11,99]
uelhb881prOFaSjG7NpNwg,33.67728985,-112.25187735,118,[33.6379017,-112.270705,33.716678,-112.2330497],[26,11,33,44,208,6,35]
UZNeMvwshIjxIUunnDPZOg,33.553602100000006,-111.99109114999999,21,[33.4671079,-112.0914962,33.6400963,-111.8906861],[33,117,11,7,148,8,142,48,34,6,35,38,39,63,49,57,327,330,333,99,120,26,108,145,351,96,72,36,182,24]
3JpSuROckJY_1MGtOSAD_Q,33.7019056,-111.9252984,4,[33.7019056,-111.9252984,33.7019056,-111.9252984],[43,11]
wEjKisHRbHVVHDCMypO3Nw,33.4612789,-112.1727709,200,[33.4612789,-112.1727709,33.4612789,-112.1727709],[28,17,29]
9iMuhbeVUXmHDX2HhdlckA,33.4866437,-111.9146044,1,[33.4866437,-111.9146044,33.4866437,-111.9146044],[32,95,222]
W9ZG5q-QIblXYeHgaPS5Uw,33.475329,-111.96544635000001,84,[33.272043,-112.0775732,33.678615,-111.8533195],[265,11,127,39,119,26,38,7,162,169,30,13,6,24,99,27,400,48,168,63,109,36,311,88,128,84,262,60,44,296,298,120,49,146,182,140,145,57,205,101,80,82,59,126,40,368,137,8,139,97,47,293,352,200,72,184]
XXdaMJsqRkbDqHrehJdnsg,33.4950082,-112.0114032,4,[33.4950082,-112.0114032,33.4950082,-112.0114032],[182,172,43,11]
E7pQvEw9tf_wxIRMWxCtNQ,33.4190525,-111.7483974,64,[33.3197359,-112.0047498,33.5183691,-111.492045],[79,121,168,11,48,63,26,185,7,142,98,292,28,102,190,103,352,109,38,39,33,119,99,108,8]
oKzkyfGalJC3-BOeLLCcIw,33.48956845,-111.95856745,60,[33.304138,-112.0734239,33.6749989,-111.843711],[38,140,39,40,48,11,224,126,119,41,43,168,298,88,7,47,27,108,251,97,212,98,422,57,69,99,128,296,377,42,56]
-pUZx8_-wSuXiAN6EfFk0g,33.495694549999996,-111.9189342,5,[33.4939995,-111.9223075,33.4973896,-111.9155609],[26,11,7,108,38,126,39]
2UMdVmj1Hr_wHj8YvIUZag,33.4400719,-111.9265573,2,[33.4400719,-111.9265573,33.4400719,-111.9265573],[54,317]
JW0-WuURju6hHqb0pjkkZQ,33.60424345,-112.08171250000001,2,[33.5779349,-112.23811,33.630552,-111.925315],[11,63,7,142]
rEPsHBYyuSVm4W3a8u0Wmg,33.494459,-111.9953287,4,[33.494459,-111.9953287,33.494459,-111.9953287],[38,99,88,39,40,11]
YC7Azo3xIKKTq7gbUFVccQ,33.4480976,-111.9873561,1,[33.4480976,-111.9873561,33.4480976,-111.9873561],[28,17,18,29]
qbfQRHLvZk5WSkKY0l_lMw,33.5172381,-112.00327525,200,[33.43475,-112.0829285,33.5997262,-111.923622],[38,48,39,40,11,28,170,7,8,119,108,205,99,6,26,127,17,29,126]
fW5ENu-1ACTYFkNcq706bA,33.3201271,-111.8977616,1,[33.3201271,-111.8977616,33.3201271,-111.8977616],[10,44,24,11]
cVcZifVh8iSVRso0pXhvBg,33.37997225,-111.97065185,10,[33.305675,-112.0685027,33.4542695,-111.872801],[11,63,117,214,88,38,99,39,168,128,26]
aU4fCjkwP6Z8aR5azt9pSQ,33.4509223,-112.08476594999999,18,[33.3637746,-112.2613136,33.53807,-111.9082183],[26,11,24,99,153,62,17,127,27,7,142,63,219,218,41,43]
TLx0rk-mQYoHb-3wjiSC-A,33.3971181,-111.8333758,3,[33.3019012,-111.9236549,33.492335,-111.7430967],[38,99,39,40,11,265,185]
XedpVMnhnQAIOOY2X8HsLw,33.6478205,-111.9278405,43,[33.497568,-111.929223,33.798073,-111.926458],[109,38,48,39,11,26]
Re0o1s5YZow-F_8zeegM6w,33.45964417684225,-111.970364215187,12,[33.4105453536845,-112.0800705,33.508743,-111.860657930374],[63,27,24,11,129,79,49,80,82,59,167,65,26]
pjotSgVuVa67q9F2SC0OUQ,33.5530779511645,-111.93627153103,24,[33.499504,-112.029562,33.606651902329,-111.84298106206],[322,28,57,190,119,48,11,24]
EklwqiWtpD1RisEk599dqA,33.5022477,-112.01757889999999,4,[33.4952769,-112.0467405,33.5092185,-111.9884173],[38,119,109,39,11,24,182,48,140]
_l2-nuRUe0LjA6Awiq1xkQ,33.3057131,-111.9192189,3,[33.2762703,-111.9631173,33.3351559,-111.8753205],[99,11,74,24]
8oY8gmr4NYwHgiYjTjh7Rw,33.46891015,-111.99799825,200,[33.4194512,-112.0800705,33.5183691,-111.915926],[99,11,109,38,39,63,28,17,29,7,47,88,48,352,24,108,119,27]
8JyI7UXoXW_7XzbXwfpAUA,33.6065938,-111.83635240000001,200,[33.4951366,-112.0012318,33.718051,-111.671473],[7,36,38,99,33,39,128,11,48,40,8,119,201,108,49,178]
0n8MyGkPx66Qwu0yrN4JEg,33.427171804615355,-111.926280832814,4,[33.4217383,-111.9476151,33.4326053092307,-111.904946565628],[7,292,108,24,11,26]
_o6oPctZvYr5Hi0qChBUsw,33.43475,-112.00644,200,[33.43475,-112.00644,33.43475,-112.00644],[28,170]
H55xXu20FE0ilbkbxqyESw,33.4382789,-112.0178286,2,[33.4382789,-112.0178286,33.4382789,-112.0178286],[28,271]
0y0xi9Mb0b0PnJhUAb564A,33.32901565,-111.7710334,9,[33.306896,-111.7896718,33.3511353,-111.752395],[126,48,11,167,65,39,38,128,99]
5k2H2eT1LPbhdeOm2UWuqw,33.3557647,-111.96258305,3,[33.304138,-111.978392,33.4073914,-111.9467741],[224,11,43,41]
cftczxWrU7hbh0BQrxTZ_Q,33.52153181676705,-112.09984700000001,138,[33.331773,-112.273257,33.7112906335341,-111.926437],[229,185,11,126,33,265,483]
050100laeiBF_2rANXvZlA,33.3842844,-111.89993609999999,3,[33.2762703,-111.9245517,33.4922985,-111.8753205],[99,11,210]
LTc0zVEC1mOwsxeZTMer0A,33.111226099999996,-111.82572619999999,146,[32.881807,-111.9701824,33.3406452,-111.68127],[26,11,6,77,35,76]
JAwLxKKS3XK1AyZZjUKjQw,33.40589845,-111.93784959999999,30,[33.3022417,-112.0409994,33.5095552,-111.8346998],[185,11,6,204,65,10,309,119,285,251,373,97,7,292,108,12,61,13,114,115,372,99,48,296,98,239,70,138,8,139,126]
8qfMa3zulpNNgBtH2B9nkA,33.54507155,-111.98293425,2,[33.4504575,-112.0743441,33.6396856,-111.8915244],[39,298,57,145,11,27]
dWLyKUGqlsZK1zJmaek4eQ,33.4217707970531,-111.925020217896,1,[33.4217707970531,-111.925020217896,33.4217707970531,-111.925020217896],[192,11]
4mBhZq-1aL8Ikf2Bi7RlLA,33.114584300000004,-111.84860309999999,5,[32.879938,-111.9525282,33.3492306,-111.744678],[33,11,63,27,212,361]
pHq0HDCgeWiX0UJnQWvSwA,33.42052395,-111.91491965,8,[33.3022008,-112.0744503,33.5388471,-111.755389],[88,38,39,40,7,47,48,11,24,33,119,57,145]
4MsQsF4kK_venUThpr0piw,33.546,-111.96828,25,[33.546,-111.96828,33.546,-111.96828],[26,11]
GPchh5Jw7Go8nhI7WqF-ug,33.567932,-112.0108023,48,[33.457249,-112.1309185,33.678615,-111.8906861],[30,13,6,185,11,49,58,59,96,72,119,38,48,39,101,26,128,177,104,105,167,65,7,292,312,57,504,91,126,97,99,40,313,4,109,63,146,341,79,121,265,373,182,41,168,181,229,78,204,369,133,18,209,17,361,127,136,27,161,108,9,333,69,293,120,24,83]
gXiCsq_9S2BkONrFtXE0RA,33.4299139,-112.082173,1,[33.4299139,-112.082173,33.4299139,-112.082173],[26,11]
NVTMgjNrBuFT8k22kI6Jlw,33.612019,-111.998351,5,[33.612019,-111.998351,33.612019,-111.998351],[71,72]
c0m0gq-5bHxjR-M3jXqrAw,33.5706,-111.9021,12,[33.5706,-111.9021,33.5706,-111.9021],[38,48,99,39,11]
cHdPyzjuMOFR6PAe8dLVzg,33.4654587,-112.3376083,1,[33.4654587,-112.3376083,33.4654587,-112.3376083],[65,133]
79UyomA8lj3oqd0IQyxV9Q,33.58101085,-112.030011,3,[33.5218465,-112.0648577,33.6401752,-111.9951643],[33,99,26,11,210]
at0SbiuPD0OvO7KnTAGBsQ,33.4581958,-112.0676886,3,[33.4581958,-112.0676886,33.4581958,-112.0676886],[38,6,145,186,57,39]
SVM1bN9esAr6jcK1Gwg34A,33.67672175,-112.15492365,4,[33.6693312,-112.2029352,33.6841123,-112.1069121],[26,11]
THFcpshqs1PW0v7nXqqA0Q,33.550669400000004,-112.00219924999999,15,[33.4772147,-112.0736348,33.6241241,-111.9307637],[168,265,11]
DyZdmMsKcHP1xU9nLBlwgA,33.651936,-112.376331,1,[33.651936,-112.376331,33.651936,-112.376331],[32,222,374,28,496,95]
jegMCR6KuOLCTJRKrVzahQ,33.4594331,-112.0650431,2,[33.4594331,-112.0650431,33.4594331,-112.0650431],[26,11]
xapVF7XK-mEs3eUIw6bCtw,33.5061711,-112.0647931,1,[33.5061711,-112.0647931,33.5061711,-112.0647931],[7,292]
y4cBT2WK9KPcCnTI2S4RkQ,33.4874975,-111.9983593,3,[33.4655863,-112.0687564,33.5094087,-111.9279622],[88,7,38,47,39,24,27,11]
VCgMaGghu3OhiMDAkVsRzw,33.445937372397,-111.89661830739749,12,[33.321061644794,-112.0693177,33.5708131,-111.723918914795],[7,142,26,11,6,36,99,126,97,377,88,38,39,89]
axp8pYEOr8v29j593VG3Pg,33.499994099999995,-111.9396959,3,[33.498028,-111.9514408,33.5019602,-111.927951],[352,48,11,33]
WwtPIz6yNEY2LAo0jfvHxw,33.55814115,-112.10878819999999,20,[33.4471735,-112.2029357,33.6691088,-112.0146407],[33,38,39,11,26,212,63,97,404,126,224,109]
I_PrqJxL12Tf_8X0KBpI3Q,33.3044612,-111.9945753,8,[33.3044612,-111.9945753,33.3044612,-111.9945753],[219,218,41,11]
l9OOQozUWjV4Sgjs6y-mxQ,33.4608045,-111.9477654,28,[33.4608045,-111.9477654,33.4608045,-111.9477654],[57,470,145,39]
rQrqZ9zo-9m4N5dGK5O8wQ,33.64646035,-112.03861445,9,[33.492381,-112.151282,33.8005397,-111.9259469],[224,11,265,48,229,185,33,177,140,126]
tDMKel4O4alppRET5PCBTg,33.49853845,-111.94403665,8,[33.379618,-112.1310283,33.6174589,-111.757045],[26,11,38,39,40,182,48,140,27,63]
L5np4peRjPv6mT6uuQYBqA,33.554825,-111.899636,8,[33.554825,-111.899636,33.554825,-111.899636],[119,201,11]
afxp8HYfJdewtuOgFNnK4g,33.49488665,-111.9972191,2,[33.494594,-112.0050934,33.4951793,-111.9893448],[10,24,11,117]
dEZNdunf3dkPxPU43ULl1A,33.317906,-111.964138,30,[33.317906,-111.964138,33.317906,-111.964138],[7,139,8,36]
PAGec1ngGIblkjEl3j2dOA,33.46587075,-112.01583654999999,2,[33.4324285,-112.0479151,33.499313,-111.983758],[7,142,292]
dvLdj5Y6f-lCbCuAKyLdqg,33.6355242,-111.9253385,4,[33.6355242,-111.9253385,33.6355242,-111.9253385],[149,126,11]
2TX0Gv0k6ZtEfVyImcvnNQ,33.485350499999996,-111.9910615,60,[33.350139,-112.174519,33.620562,-111.807604],[57,39,145,119,11,306,7,292,54,55,122,46,6,352,48,142,98,24,38,40,99,246,139,17,423,27,63,225,375,333,108,36,8,247,15,191,106,280,35,26,109,182,140,265,47,88]
gGbN1aKQHMgfQZkqlsuwzg,33.40390285,-112.07880499999999,9,[33.305824,-112.240641,33.5019817,-111.916969],[26,11,33,44,185,373,97,177,43,168,48,99]
yA77gvXdxFViK0mZcSiveA,33.5631726786892,-112.134598631885,167,[33.4566960573784,-112.2948244,33.6696493,-111.97437286377],[126,97,11,10,119,38,140,39,40,48,49,445,66,52,99,128,296,28,17,29,57,327]
m-8GMk93PWU2k2L3Ztm6TA,33.5008018,-112.0824532,17,[33.5008018,-112.0824532,33.5008018,-112.0824532],[26,11]
L_oViDu9NQMnHmGo-Fas2Q,33.306359,-111.887397,1,[33.306359,-111.887397,33.306359,-111.887397],[41,11]
E0WJRXk3uiwHiWiXG8kADA,33.518535549999996,-111.86381424999999,19,[33.3813867,-112.013359,33.6556844,-111.7142695],[224,11,7,292,108,251,71,72,9,201,184,47,48,44,26]
jE4YMZcAiYZAHkRf4SiZqQ,33.6042899,-111.9778497,7,[33.6042899,-111.9778497,33.6042899,-111.9778497],[166,6]
uBl4lnNEHf27XQ5uUmK-4w,33.662248,-112.1883568,1,[33.662248,-112.1883568,33.662248,-112.1883568],[11,63]
koCnQtL67F01I-P9DbUemA,33.5041296,-112.0214742,27,[33.4327837,-112.136663,33.5754755,-111.9062854],[251,24,11,38,48,39,40,119,7,187,139,430,6,156,26,168,192,175,129,121,79,108,43,120,265,33]
WGl8iA4ob0hKlHul6J7rkw,33.5522471,-111.9732934,200,[33.4315119,-112.0561119,33.6729823,-111.8904749],[224,11,126,97,26,27,168,265,99]
7Fzydnkw1FeWnNcbj1UBVA,33.2185177,-111.8729835,1,[33.2185177,-111.8729835,33.2185177,-111.8729835],[71,72,275,269]
TPqXQMBaRdn7wYUP_diphQ,33.62554325,-111.99903075,17,[33.5381018,-112.1114555,33.7129847,-111.886606],[11,63,126,97,38,27,99,39,119,26,212,41,265,30,8,13,6,7,110]
TalxU4CEduLDkxnAUhy4RQ,33.620562,-111.8963279,3,[33.620562,-111.8963279,33.620562,-111.8963279],[119,11]
z6Bk_H0uHpPbNqymdPAHpw,33.447193,-111.911599,11,[33.447193,-111.911599,33.447193,-111.911599],[49,146]
oy3uELqdqbJz-cksNWAzjA,33.700033,-111.888462,2,[33.700033,-111.888462,33.700033,-111.888462],[218,11]
nbxsXJHWdrT11WfvV00Z6g,33.574334,-112.221585,37,[33.5102068,-112.4159659,33.6384612,-112.0272041],[38,48,39,11,43,84,147,7,47,98,24,99,63,40,206,168,120]
nNZ-6IYmvjcF-AU0ybyxNA,33.587805,-112.247024,24,[33.587805,-112.247024,33.587805,-112.247024],[43,11]
D1Ue--8uQQ8OzxCogW7zFA,33.495718,-111.9867805,1,[33.495718,-111.9867805,33.495718,-111.9867805],[168,144,99,11]
EUjjBVgNxGqD5-TkpBgDgQ,33.5822084,-111.9216835,2,[33.5822084,-111.9216835,33.5822084,-111.9216835],[119,11]
B-fPtQ5nTDN6YxDwAg_sww,33.516188,-112.3583717,94,[33.4946576,-112.358641,33.5377184,-112.3581024],[38,26,39,11,149,97,296,27,63]
c0jw3VjsUoCxaap08DhO0Q,33.348162,-111.9819,93,[33.348162,-111.9819,33.348162,-111.9819],[26,11]
PATFpfZaTqVjN8Y0ZWDuSA,33.3370939,-111.8760633,1,[33.3370939,-111.8760633,33.3370939,-111.8760633],[251,11]
yM4XsvRUHWuz7R88eQRsHA,33.5123186,-111.995355,3,[33.5123186,-111.995355,33.5123186,-111.995355],[119,99,11]
k3Oypxs4gwOvD38rMhDE6g,33.5173991,-112.0824683,3,[33.5173991,-112.0824683,33.5173991,-112.0824683],[126,97,11]
w7ThL3yMoUtNYnEDdIn33w,33.43798185,-111.99861266849649,23,[33.373465,-112.072327136993,33.5024987,-111.9248982],[158,28,7,292,33,44,11,26,119]
ripZVnBW8Fk6BKuZpVxMPQ,33.5823384,-111.6801411,2,[33.5823384,-111.6801411,33.5823384,-111.6801411],[48,11]
vEHcwF4JtRsOEA6rGyiWMg,33.4214126082706,-111.942980289459,2,[33.4214126082706,-111.942980289459,33.4214126082706,-111.942980289459],[7,108]
vduchDXXbnTfxjXKIAyquQ,33.683479,-111.966112,19,[33.683479,-111.966112,33.683479,-111.966112],[212,229,11]
HQmgkYkDsUP_DPDv5HQl3w,33.64748415,-112.10313055,7,[33.5839581,-112.227394,33.7110102,-111.9788671],[7,36,8,61,13,6,118,177,11,137,139]
OcQbvnwL31w3t4eFKRwxBQ,33.474754000000004,-112.0723945,7,[33.457863,-112.07643,33.491645,-112.068359],[38,140,39,40,48,11,7,108,143,293]
QCMWsLL8mT6CGrXso06IrA,33.39716575,-111.8890111,63,[33.3023282,-111.93526,33.4920033,-111.8427622],[38,7,47,88,39,48,11,126,97,292,142]
_ei7Bs7tciprz4im-_0kxg,33.461020500000004,-112.05639,9,[33.449188,-112.0827836,33.472853,-112.0299964],[48,11,26,38,39,40,210,7,24,108,119,6,145,186,57,8,138,139]
-0Js-tuVNbipC-AG_1lfbw,33.3549553,-111.7897347,2,[33.3549553,-111.7897347,33.3549553,-111.7897347],[109,38,11,39,63]
xoW3Sji3OsRMeKY4DYDYqQ,33.6986501,-111.9174368,1,[33.6986501,-111.9174368,33.6986501,-111.9174368],[98,7,99,11]
gLhnPxedLgz2Qf2dHlxTww,33.6729823,-111.8904749,10,[33.6729823,-111.8904749,33.6729823,-111.8904749],[168,265,11]
1bLhhEUVOQXRTnzmxlXPtQ,33.678615,-111.9746066,2,[33.678615,-111.9746066,33.678615,-111.9746066],[6,32,302,110,1,141]
EJI5_KHn7tOQz7D8200JBw,33.456811200000004,-111.93414250000001,57,[33.420571,-111.942444,33.4930514,-111.925841],[38,168,298,88,39,11,119,48,145,57,205,101,28,17,29]
hhT6vaekxZsz6_gSqZmxFQ,33.492053,-112.332821,1,[33.492053,-112.332821,33.492053,-112.332821],[224,11]
3h-jOQr01hLsKic1i84EgA,33.499801,-111.923622,4,[33.499801,-111.923622,33.499801,-111.923622],[39,205]
hWRJFNWZl6CfXxBM6YTfCA,33.408375,-111.923047,1,[33.408375,-111.923047,33.408375,-111.923047],[321,238,54,82,59,49]
51Hs5TE9SpZ1UD7MUqsaTw,33.638907,-111.979435,2,[33.638907,-111.979435,33.638907,-111.979435],[26,11]
qebp2GtJ90K5e6xQ7pj6mQ,33.66201955,-111.92461334999999,3,[33.6247911,-111.9633667,33.699248,-111.88586],[11,63,134,135,48]
CGTl9ThS1JZQVYfyWcaduQ,33.4152007,-111.795294,7,[33.4152007,-111.795294,33.4152007,-111.795294],[28,17,29]
e6Hc-jDlUC1bF-QwAy-nJg,33.49365695,-111.99566619999999,17,[33.4712477,-112.0650649,33.5160662,-111.9262675],[224,11,126,119,48,33,38,39]
RpB0wQCe8nStARKtDq8B_A,33.6693265,-112.07841015,5,[33.6380596,-112.2333075,33.7005934,-111.9235128],[30,13,6,45,85,26,11,150,17]
QvHtUFMPJlTKcCuRshdCbA,33.6216076,-112.0310202,3,[33.6216076,-112.0310202,33.6216076,-112.0310202],[64,65]
7cf7k8zpcJplRBRyUZhKLQ,33.6556844,-111.9300279,1,[33.6556844,-111.9300279,33.6556844,-111.9300279],[99,11]
aRL6FP35Nn5TNoLFBZSaCw,33.526064399999996,-111.91669214999999,37,[33.514027,-111.92487,33.5381018,-111.9085143],[28,17,29,126,97,11]
fExejl47Liqs8O1O0pvNwQ,33.582197,-111.934576,4,[33.582197,-111.934576,33.582197,-111.934576],[202,72]
dY9DAQxGmjO_7UCg-wPCPg,33.5786088,-111.97896194627,7,[33.530141,-112.06668779254,33.6270766,-111.8912361],[120,11,26,38,39,48,43]
5ykLJn6I7RqiFVIgCxLnuA,33.2100859,-111.528365,1,[33.2100859,-111.528365,33.2100859,-111.528365],[337,32]
sJ5dcw_EK2TVGMXvHamw-A,33.4955360016647,-111.999182894792,5,[33.4516715,-112.0739142,33.5394005033294,-111.924451589584],[168,97,11,48,38,39,181,229]
Nb7LI0Fjf7Sfg7AD9rexHg,33.571592094078994,-112.095396961415,7,[33.513697188158,-112.117382,33.629487,-112.07341192283],[106,54,280,48,11]
z2UbqnH7djFiDjm0zGovGQ,33.410796399999995,-111.8984706,20,[33.3195828,-111.9654688,33.50201,-111.8314724],[33,44,11,26,24,43,92,15,6,216,120,265,119,99,32,95,222]
dxgop6NTIuIrOgDNbIlQMw,33.113183899999996,-112.25023734999999,19,[32.9482948,-112.7113217,33.278073,-111.789153],[26,11,99,265]
FKDIwjy0gln66IKh08jUjA,33.4366655,-111.9403254,87,[33.4366655,-111.9403254,33.4366655,-111.9403254],[285,185,11]
4bFs1DJQZQErXGf5_4t4Lw,33.5754755,-112.0651592,5,[33.5754755,-112.0651592,33.5754755,-112.0651592],[119,11]
MAqnOR_cgAypjYI-gc9wEw,33.4261603,-111.939838,1,[33.4261603,-111.939838,33.4261603,-111.939838],[39,38,126,97,11]
IPo32Ve_1iOc5RRgu6QDYg,33.4922985,-111.9245517,4,[33.4922985,-111.9245517,33.4922985,-111.9245517],[210,11]
u1hxewywkwRFFWqvoQFDNQ,33.4938414,-111.9268138,90,[33.4938414,-111.9268138,33.4938414,-111.9268138],[27,11]
6yzWWYM5ZBGRKZS-8I3EQQ,33.60624435,-112.01894625,7,[33.499504,-112.1114555,33.7129847,-111.926437],[27,11,48,24,38,39,265,483]
V5M05eLyHUO3dhSYz6AISQ,33.6247596,-111.9329381,3,[33.6247596,-111.9329381,33.6247596,-111.9329381],[28,17,29]
4JapGtmN58pZYo1ClbV8qw,33.460058849999996,-111.91298842712999,71,[33.2644333,-112.0816756,33.6556844,-111.74430125426],[11,63,109,38,48,39,88,99,224,7,137,8,139,168,119,212,26,43,33,24,49,368,6,112,17,111,173,113,140,177,285,27,251,120,298,47,65,133,206,292,101,128,15,191,210,208,35,229,182,40,97,126,142,149]
kGgAARL2UmvCcTRfiscjug,33.49802725,-112.2036512,200,[33.0241115,-112.7246164,33.971943,-111.682686],[7,46,6,30,8,13,110,98,47,48,11,33,99,44,270,45,28,17,29,212,63,236,103,24,38,128,39,158,109,265,72,154,440,10,434,137,139,127,49,178,65,148,204,293,9,4,57,327,258,150,112,151,40,206,88,26,108,341,70,189,50,52,27,84,124,125,224,202,281,269,130,32,210,96,200,182,184,41,400,138,349,119,126,97,80,82,59,296,228,100,425,18,302,1,141,51,69,21,35,76,170,134,135,205,71,354,395,5,160,145,117,168,91,307,142]
hSYVixrt8iLFOzD8IP1NLg,33.304492,-111.873637,13,[33.304492,-111.873637,33.304492,-111.873637],[212,26,43,11]
ogejwTwYEYmYm6X4zqMD0g,33.303233,-111.842532,6,[33.303233,-111.842532,33.303233,-111.842532],[7,33,48,47,11]
aJSoD2UvlDpnJg6cFjVsqA,33.3406452,-111.9701824,8,[33.3406452,-111.9701824,33.3406452,-111.9701824],[451,11]
D_IMPCeoIYWOmPV3z8JLZA,33.4881846,-111.9608249,2,[33.4881846,-111.9608249,33.4881846,-111.9608249],[48,11]
DLN7WOKbDxlvcFTcfor_sA,33.3778368,-112.0358927,2,[33.3778368,-112.0358927,33.3778368,-112.0358927],[11,27,63]
f4j0l6Oyi79sBoFTztNeBA,33.4234408327431,-111.939622163773,20,[33.4234408327431,-111.939622163773,33.4234408327431,-111.939622163773],[109,38,27,39,11]
mOowyNHDCwjN_1axa1nbbg,33.318359799999996,-111.9903496,2,[33.3050646,-111.9985862,33.331655,-111.982113],[33,119,99,11,63]
oNrkWHfHbw-mK6Of-qlDtg,33.6744167,-111.8894434,22,[33.6744167,-111.8894434,33.6744167,-111.8894434],[109,38,265,39,11]
7KlSbw6D6TEs07b5nb1ZUA,33.454824,-111.9239027,8,[33.377523,-112.0588374,33.532125,-111.788968],[26,11,48,38,210,39,185]
gxNiBlc3_BGn3llzkGbYsg,33.303233,-111.842532,1,[33.303233,-111.842532,33.303233,-111.842532],[7,33,48,47,11]
QhuESGhOQWnKqwlSrISm8A,33.604829617006004,-112.02083815,152,[33.377697734012,-112.1883568,33.8319615,-111.8533195],[224,11,26,38,7,47,88,39,48,194,239,28,170,293,43,126,97,99,182,140,229,8,177,298,57,145,69,44,41,400,119,33,128,27,98,24,212,361,127,72,241,394,395,139,138,101,201,183,65,89,296,40,46,13,6,30,120,84,147,168,181]
ij5AugUe4lIU-sVVUEeaBw,33.493753,-111.928103,1,[33.493753,-111.928103,33.493753,-111.928103],[104,65]
Km0MQav49WBjFQlifoylcQ,33.5204866,-111.97767555,43,[33.4574932,-112.0740241,33.58348,-111.881327],[166,6,21,28,271,177,140,24,11,48,294,106,54,104,65,43]
29YTm4rTpje0f26CWIPUcQ,33.6389181,-112.3531229,3,[33.6389181,-112.3531229,33.6389181,-112.3531229],[33,11]
D9aj6AjCyLp-zp8fozL8aQ,33.44340117013545,-111.99379845,13,[33.3480423402709,-112.063942,33.53876,-111.9236549],[43,11,212,41,182,48,140,26,127,119,99,224,109,38,39,63,40,202,72]
GlBZkMwzKy7fYyHBK-Qx3g,33.4661755276333,-111.857854205081,9,[33.3089310552666,-111.9746019,33.62342,-111.741106510162],[7,108,6,345,35,84,346,264,49,59,193,14,15,141,36,98,24,11]
aX7C56FCyzZ7-XPfsDjbwg,33.54885175,-111.91281525,105,[33.4247212,-111.9351556,33.6729823,-111.8904749],[224,126,97,11,149,229,7,313,27,182,48,140,26]
BsQohe1JcbJDUeD8BzVRRg,33.319377,-111.966307,5,[33.319377,-111.966307,33.319377,-111.966307],[212,229,11]
xyEOdqGrv_iuMttqukNnFA,33.33202225405795,-111.706235925485,11,[33.2125748081159,-111.8292007,33.4514697,-111.58327115097],[190,28,140,11,10,24,6,70,119,48,7,63,18,247,49,276,17]
QwO4LVCiPZZdg5URrQfYpw,33.456996950000004,-111.9709023,58,[33.3488957,-112.1342006,33.5650982,-111.807604],[27,11,48,251,26,224,309,285,7,36,8,247,126,97,192,44,24,109,38,210,39,182,140,119,120,63,168,177,307,172,142,292,33,185,212,57,145]
wK3ZeHjr4k95t2ZLKdqq9g,33.4957888,-112.5125131,62,[33.4957888,-112.5125131,33.4957888,-112.5125131],[38,109,39,63,27,11]
KOf6Y6Tciv3ZVsCriXzf1A,33.2711537,-111.7898246,2,[33.2711537,-111.7898246,33.2711537,-111.7898246],[126,212,11]
NrLQ9mS-cjzTBpeCPujKgQ,33.582279,-112.20772550000001,8,[33.509578,-112.355266,33.65498,-112.060185],[63,27,11,168,43,26,39]
AyXb1E2C4RU7ySSk9rpc0A,33.4915779,-111.925841,11,[33.4915779,-111.925841,33.4915779,-111.925841],[119,38,48,39,11]
9JlPnUQiaqUX-cOwvpNagQ,33.4786145232413,-111.926500797272,2,[33.4786145232413,-111.926500797272,33.4786145232413,-111.926500797272],[4,5,6]
rMKyAo4JQ41cLFWjV7q_1A,33.5832073,-112.0131291,1,[33.5832073,-112.0131291,33.5832073,-112.0131291],[108,7,119,38,109,39,11]
HmxrLwCjvtudFSv4H1EaOA,33.4977992,-111.9259521,5,[33.4977992,-111.9259521,33.4977992,-111.9259521],[43,11]
F9T6m1YdRFreyKDufcyoOQ,33.569178199999996,-111.9459846,200,[33.4922985,-111.9955012,33.6460579,-111.896468],[12,114,13,6,22,119,26,185,11,38,99,39,40,161,28,65,17,29,63,210,18,88,352,48,7,8,140,293,109,206,101,24]
btoYhWQXxYE9-aZiK6Mg1w,33.6691088,-112.2029357,1,[33.6691088,-112.2029357,33.6691088,-112.2029357],[11,63]
HICySQWRUehuHaeIRRmD6A,33.455998550000004,-111.9198776,6,[33.403007,-112.0438992,33.5089901,-111.795856],[265,11,37,32]
s7DNZCdyZFUza-KcbSRqWA,33.450833,-112.061974,1,[33.450833,-112.061974,33.450833,-112.061974],[32,95,222]
PDH9kWE8I9VXT7b4CX9Wow,33.4847463,-112.21414375,5,[33.430535,-112.345359,33.5389576,-112.0829285],[229,11,12,13,6,22,61,35,70,76]
GM61GAA6ZPwTqS2M28Ikdg,33.435436,-111.9273079,28,[33.435436,-111.9273079,33.435436,-111.9273079],[28,17,29]
WZM8QShWN9ezxTNncVQ0dw,33.6407599,-112.1866118,1,[33.6407599,-112.1866118,33.6407599,-112.1866118],[49,17,152,341]
4Gp4uwH3FECJ-Oh9gidYJQ,33.413158,-111.875779,1,[33.413158,-111.875779,33.413158,-111.875779],[224,11]
wC6VHUuHpE7tK28qHt2Ctg,33.45129515,-112.30762125000001,11,[33.4354343,-112.3408385,33.467156,-112.274404],[6,45,65,7,148,204,129,121,79,218,41,11,30,13,54,317]
f-xJLG6AsPqifz_otUP8wQ,33.67032499585615,-111.9669588172865,17,[33.6620349917123,-111.9746066,33.678615,-111.959311034573],[28,17,29,119,99,11]
tB8uP59GzhFh6H_AqiJaoQ,33.351089,-111.84303,1,[33.351089,-111.84303,33.351089,-111.84303],[149,126,11]
yMOeO0j1dlWulUDnNCgFQQ,33.5093736,-112.0409502,48,[33.5093736,-112.0409502,33.5093736,-112.0409502],[39,38,99,128,11]
4U7gC6oE0zNvWas3SnKuPw,33.4582251,-112.2724782,9,[33.4582251,-112.2724782,33.4582251,-112.2724782],[71,72,297]
_bjMq-i-2Us4iVk6LPuOtw,33.4354634,-112.0069893,200,[33.4354634,-112.0069893,33.4354634,-112.0069893],[38,128,39]
R72CI6kJn78OJxsVh5XUbQ,33.339254,-111.87494355000001,7,[33.271662,-111.9778751,33.406846,-111.772012],[11,63,44,127,119,27,6,284,35,33]
KJ8v_f3EUrhNX3KVWhf0aA,33.4844434,-112.364207,4,[33.4844434,-112.364207,33.4844434,-112.364207],[28,241]
hhEdwtrjXzESAQJzQwQcgQ,33.646509800000004,-111.9138439,7,[33.492962,-111.9313599,33.8000576,-111.8963279],[38,48,99,39,11,119,65,158,17,28,161,29,265,224]
AZ3MMyPiFrukvuiA2YwX2Q,33.6095075,-112.2425394,2,[33.5704697,-112.2503239,33.6485453,-112.2347549],[7,72,6,30,13]
935SvZzP-ueGJ5hLfIe76Q,33.5818251,-112.1250101,1,[33.5818251,-112.1250101,33.5818251,-112.1250101],[44,127,11]
XJUqLrlB4S7JJxyTKrq4ig,33.44953165,-112.309308,16,[33.430535,-112.345359,33.4685283,-112.273257],[33,11,44,57,69,169,229,7,8,9]
xt8iR1kTQKxbBc6tvYZxqg,33.42354695,-111.9371235,200,[33.423546,-111.937394,33.4235479,-111.936853],[7,10,11,48]
2UeN5hKIGEFj-12xeu5bnw,33.321061644794,-111.723918914795,7,[33.321061644794,-111.723918914795,33.321061644794,-111.723918914795],[99,11]
Cgxa2rpgeluXFLxyvlXq3A,33.4331989,-112.0482011,26,[33.4331989,-112.0482011,33.4331989,-112.0482011],[26,11]
kI1MoLcExqwmK7wcT5Vy1w,33.479957549999995,-112.05282245000001,18,[33.449858,-112.0912518,33.5100571,-112.0143931],[98,7,26,11,38,181,39,40,54,238,212,63,97,27,48,177,140,24,285]
YpvGOfegYJ2w8CNITiIv1A,33.627158,-111.880694,7,[33.627158,-111.880694,33.627158,-111.880694],[129,277,278,79]
QeUtJQmLeEb49Us2MsYmpw,33.5168415,-112.0571875,4,[33.499499,-112.186973,33.534184,-111.927402],[224,11,38,39,40,63,33,101]
lvD_ih3axTf9BDY44t6yhQ,33.657188,-112.374994,1,[33.657188,-112.374994,33.657188,-112.374994],[33,44,11]
IrA3bjee_hgf9hkHwraGfQ,33.636562,-111.884304,5,[33.636562,-111.884304,33.636562,-111.884304],[49,28,190,367]
MTMNlTLWDqCW28eIbT7AXw,33.415619,-111.563683,2,[33.415619,-111.563683,33.415619,-111.563683],[24,11]
gmekGIZDD-55QrBQrNFT9w,33.5824016,-112.1115893,2,[33.5824016,-112.1115893,33.5824016,-112.1115893],[1,460]
CcXjoWVpiCzyosd885y4iw,33.451452700000004,-112.133414,13,[33.3216034,-112.340391,33.581302,-111.926437],[41,11,265,483,26,126]
gg0GDWjMykg4He0-6oqdHw,33.5733051,-111.8629763,7,[33.5733051,-111.8629763,33.5733051,-111.8629763],[97,11]
h7nZj8kbxp9hZEZiIppZaQ,33.5828297331931,-111.887102732333,1,[33.5828297331931,-111.887102732333,33.5828297331931,-111.887102732333],[119,99,11]
e76eQycDfi5I9HlR0qtPEg,33.4277946,-111.85797005,31,[33.3550442,-111.9264093,33.500545,-111.7895308],[33,38,48,39,11,185]
aXhFK0cuwY_rtUelp-unXg,33.4643735,-111.9275459,1,[33.4643735,-111.9275459,33.4643735,-111.9275459],[149,11]
Nzwo9BBI0UtwVPpPMPIHTA,33.5824859,-111.892395,2,[33.5824859,-111.892395,33.5824859,-111.892395],[218,41,11]
xEe_t-tQIvIOLYNK_QR1zA,33.4640982988196,-112.073568999767,2,[33.4640982988196,-112.073568999767,33.4640982988196,-112.073568999767],[212,97,11]
frlm0N4xa8sCNGDqQpyCfw,33.37846685,-111.81479390000001,16,[33.3618347,-111.8765668,33.395099,-111.753021],[119,11,212,126,475,10,78,79,229]
VBE0RoBJEG_yvHkRrLkTyg,33.5765748,-111.8763013,16,[33.5765748,-111.8763013,33.5765748,-111.8763013],[54,242]
WNBXOonVCi-GO709ZjT6kA,33.6527015,-111.9847223,2,[33.626788,-111.994838,33.678615,-111.9746066],[373,48,24,11,63,27]
mzYyC-luKIXtC2nmqbWpcQ,33.5276680243405,-112.118521676976,6,[33.4340612,-112.337979,33.621274848681,-111.899064353952],[7,9,119,99,11,27,26]
Ye77ihGRPN2l-zGsoaHHpg,33.4950535,-111.9958183,1,[33.4950535,-111.9958183,33.4950535,-111.9958183],[11,27,63]
x1E4U9wXGElDDXIBzp4b3w,33.498915,-111.928258,84,[33.498915,-111.928258,33.498915,-111.928258],[26,11]
UAEMfCfl_4PevtibdXpzmg,33.52748615,-111.99591240000001,5,[33.4741375,-112.0649666,33.5808348,-111.9268582],[33,48,307,11,224,7,108,38,39,24]
xcmaPQyLMb5gb8gVd_OF2A,33.451656,-112.063099,51,[33.451656,-112.063099,33.451656,-112.063099],[28,17,29]
tKTki4oft1zZHN2hU817_A,33.5266038,-111.924627,25,[33.5266038,-111.924627,33.5266038,-111.924627],[119,120,11]
WIbAuoiE8p1Odd-gfLSMjA,33.5021153,-111.9194323,1,[33.5021153,-111.9194323,33.5021153,-111.9194323],[136,17]
6qe6uL2osMLzXYTLNsHlRg,33.5934753417969,-112.168670654297,3,[33.5934753417969,-112.168670654297,33.5934753417969,-112.168670654297],[81,65,54,220]
ClptG3R38wR_xM9XVR-bEA,33.3417435,-111.92131649999999,10,[33.261657,-111.9819,33.42183,-111.860733],[224,11,109,38,39,63,26,97,27,251]
wPBIL8x6_lRP7Syut2E_lg,33.60995687880635,-112.15778925000001,11,[33.5383991,-112.2705607,33.6815146576127,-112.0450178],[57,56,39,145,84,147,65,133,26,11,33]
37Lcwc34tIh3NW7HI1tE0w,33.6856870620715,-111.925299167633,3,[33.6856870620715,-111.925299167633,33.6856870620715,-111.925299167633],[202,72]
Pncnbmb3sQNTZ_4T-nuWBg,33.42230515,-111.7352109,7,[33.3938132,-111.7516742,33.4507971,-111.7187476],[99,11,30,8,13,6,7,110]
MKi7eu0RgNzkBafP9I-Nug,33.5560781,-111.8987064,178,[33.5560781,-111.8987064,33.5560781,-111.8987064],[39,38,26,127,11]
vJ5LhnH4vxCwvoTt1Nqx8Q,33.331655,-111.982113,2,[33.331655,-111.982113,33.331655,-111.982113],[33,119,99,11]
-cV9EY-f8OQKLP1-eiKvIw,33.3864327,-111.84164559999999,9,[33.3072791,-111.9279622,33.4655863,-111.755329],[7,24,47,27,11,39,38,48,128,202,72]
I3hHGdrXiu9e-uixpZRHyw,33.5243625,-112.10284300000001,76,[33.467156,-112.274404,33.581569,-111.931282],[224,11,30,13,6]
jlYQpZDWGxmktvWC9y39FQ,33.64718710701305,-112.0810869558185,4,[33.640021,-112.083579911637,33.6543532140261,-112.078594],[177,140,11,202,72]
Noguabx79ORSdxllqBGKTg,33.641458,-112.08,1,[33.641458,-112.08,33.641458,-112.08],[7,8]
eoVPU9tveDellFNnLJPzfA,33.56029355,-111.93444955000001,2,[33.495263,-111.9403451,33.6253241,-111.928554],[119,120,11,26]
LzZyR4--DXZ4daIe64KR2A,33.5722772,-112.13266865,4,[33.49112,-112.1862563,33.6534344,-112.079081],[7,142,26,11]
53AZajKCKZsf-VosN8Dmeg,33.34283,-111.879804,5,[33.34283,-111.879804,33.34283,-111.879804],[49,82,59]
8RepNDk76Ry_WQ466Xvs4A,33.829967,-111.932838,1,[33.829967,-111.932838,33.829967,-111.932838],[6,35]
c_fsUwq1mPIZ1r7q8ljiLg,33.492381,-111.9259469,11,[33.492381,-111.9259469,33.492381,-111.9259469],[265,48,11]
I0YYbQJCYlCI9562brPbpg,33.36661095,-111.9676139,200,[33.2984719,-112.0420074,33.43475,-111.8932204],[28,17,29,12,13,6,22,114,4,160,38,39,271,21,170,115]
WbrNC7n-xMEbn41jmMJbWQ,33.503086,-112.065449,1,[33.503086,-112.065449,33.503086,-112.065449],[49,193,58,59]
r6PKT1tGQyDhdTDtwPiQOQ,33.638405,-111.979837,5,[33.638405,-111.979837,33.638405,-111.979837],[6,35,264]
hP4ZdygVpC6frun3BTbqqQ,33.6247971,-112.2282237,2,[33.5958042,-112.23381,33.65379,-112.2226374],[251,11,64,65]
ENJpS6i-s9hWiQg9ZGwevQ,33.560796749999994,-112.0499285,44,[33.4659091,-112.2619703,33.6556844,-111.8378867],[99,11,229,48,41,265,43,98,7,24,63,27,123,65,71,72,4,6,39,119,38,142,88,40,120]
dadW91EwDyB80AU_kasarQ,33.294803,-111.875618,2,[33.294803,-111.875618,33.294803,-111.875618],[485,106,54,226]
gvlS_mzIrDM75jFayqkmSw,33.49447,-111.924226,18,[33.49447,-111.924226,33.49447,-111.924226],[38,39,28,17,29,11]
6R6F2DcN3QslZPf20eqo2g,33.3491231,-111.9437292,5,[33.33477,-111.976236,33.3634762,-111.9112224],[106,54,61,13,6]
ouS1fjiznxo2GdbdNZZ1_Q,33.387590599999996,-111.9561811,13,[33.3023282,-112.0696,33.472853,-111.8427622],[48,11,98,7,239,292,142,214,212,26,43]
cPiwumKWb_unRZL8HqO0SA,33.3790855349765,-111.94187252358,20,[33.3056508,-112.0950937,33.452520269953,-111.78865134716],[11,7,8,27,108,89,49,193,59,88,38,99,39,162,102,103,251,61,13,6,338,201,32,95,222]
9poHUc1FWnhlDahdPMC1Qw,33.508916150000005,-112.03785450000001,3,[33.4219513,-112.134443,33.595881,-111.941266],[33,117,24,11]
pU6a_pj6oxnfQdXvrcBkqw,33.5095501,-111.9857289,1,[33.5095501,-111.9857289,33.5095501,-111.9857289],[84,147,339]
vveCBQXOFJbKsX4qucvDsg,33.421492,-111.8970535,6,[33.421303,-111.916969,33.421681,-111.877138],[373,97,11,180,20,23]
gqn9QHmw5ToUIkCYI-_c1w,33.53196825,-111.94480425,3,[33.4799784,-111.9788671,33.5839581,-111.9107414],[212,11,182,218,307]
uQmofP2QLJ0osvFiwWNkfg,33.5965285,-112.0131485,200,[33.509578,-112.060185,33.683479,-111.966112],[63,27,11,48,212,229,161,28,29,17,65]
t68X_4pKO0RkKRRPFj4Qww,33.3054356,-111.994156,11,[33.3051122,-111.99506,33.305759,-111.993252],[99,11,7,108,119,172]
ViMqmb7OMP6uAykikfH4fg,33.5384203,-112.1839297,16,[33.5384203,-112.1839297,33.5384203,-112.1839297],[11,27,63]
JREdbG7PKiDPmMj2PcUxiA,33.5888462,-112.20995975,188,[33.4667074,-112.3408385,33.710985,-112.079081],[7,108,57,26,11,218,41]
A-X8mZHmZOfcr8IVEowaOw,33.55938015,-111.992687271017,62,[33.4946362,-112.065436542034,33.6241241,-111.919938],[265,185,11,28,17,29,168,39,38,97,101]
AM6syblM2kjLRHHMZnoPsA,33.493720499999995,-112.05863165,2,[33.480016,-112.080631,33.507425,-112.0366323],[119,120,11,63]
QoagtvpWq2mF9c65V9G3MA,33.561497450000005,-111.99695445,7,[33.4964481,-112.0150418,33.6265468,-111.9788671],[71,72,6,32,302,110,1,141,54,55,122,13,4,5,425,160,167,65]
eaYQo1MzWZejr0T1kf351g,33.64053,-111.92477,39,[33.64053,-111.92477,33.64053,-111.92477],[126,11]
fIvDzLhs-cXbTKWp8P3eIA,33.587959999999995,-112.05530805000001,200,[33.34697,-112.2194127,33.82895,-111.8912034],[49,52,177,26,11,63,119,99,7,8,6,35,76,27,43,210,204,65,78,79,137,139,4,28,17,29,38,39,40,142,108,292,48,185,309,285,168,169,109,57,69,224,33,128,140,10,127,251,182,21,350,112,34,111,113,45,148,36,117,133,105,44]
hbcrnF8ELova8z7943QToQ,33.47168221790285,-111.9693600947295,9,[33.4214126082706,-111.9957399,33.5219518275351,-111.942980289459],[49,445,66,52,38,48,39,11,7,108]
pQnAELnjgZIt-LvV8RpCGw,33.492381,-111.9259469,69,[33.492381,-111.9259469,33.492381,-111.9259469],[265,48,11]
ssrs_xgmEZh39R_Gk9QxpQ,33.468830538767705,-111.93656234678349,6,[33.4073914,-111.9467741,33.5302696775354,-111.926350593567],[99,48,11,212,224,28,17,29,109,38,265,39,27]
CQBFAYvTbeiKKaEnigTVOQ,33.4649539,-112.05648995,10,[33.4354553,-112.0739136,33.4944525,-112.0390663],[309,285,11,117]
JjbgOmexVxjUQmWCi1XS7Q,33.68116085,-112.25339587252,4,[33.651518,-112.27311,33.7108037,-112.23368174504],[26,11,7,142,98,201,27]
5oLghpNAIeYA40RQ6645rg,33.4040681,-111.89667850000001,11,[33.3051122,-112.067113,33.503024,-111.726244],[7,24,108,119,11,63,48,140,98,172,338,219,218,41,224,186,6,57,26]
RJQpZuI2zD-MLOSXwuWVbg,33.5779941,-111.9661708,10,[33.5100097,-112.0152845,33.6459785,-111.9170571],[33,265,11,48]
ej_EhbYT7x4C6KbC17fD7g,33.5029257,-111.97128365,6,[33.4960515,-112.0122745,33.5097999,-111.9302928],[38,11,39,63,48]
GTxhSSDRF_fScRvbkC2d7g,33.4814505,-111.9917811,18,[33.379421,-112.1000362,33.58348,-111.883526],[192,11,46,6,224,7,142,38,168,298,88,39,27,40,26]
uT7-7UnF06vj-xTNxFIfIA,33.59873245,-112.0069649,10,[33.5612589,-112.1156244,33.636206,-111.8983054],[48,185,11,26,119,201,99,126,229,43,7,292,98]
Kiq2D60hq6LHdPi3xqjZJw,33.5627597,-111.92658574999999,85,[33.5019817,-111.9276185,33.6235377,-111.925553],[99,48,11,7,108]
llkm_iXQszkN5DZvmqjNqA,33.49595845,-111.9888985,123,[33.42135,-112.091191,33.5705669,-111.886606],[26,11,212,63,97,119,38,101,33,39,128,27,28,17,29,24,49,80,82,59,111,112,113,6,99,182,48,140,185,7,313,126,210,161,65,109,36,98,244,172,18,8,123,88,44,440,177,47,340,43,117,265,57,209,206]
95RZkbHzvLaHOQBrkfU04g,33.397338000000005,-111.65896054999999,5,[33.3950097,-111.6846403,33.3996663,-111.6332808],[201,11,224]
2v1NIKiR7iDCR62L7UDJzQ,33.320389,-111.979811,1,[33.320389,-111.979811,33.320389,-111.979811],[261,54,55,122,256]
uRd4tIz303m3UVt8LGrIDA,33.5287966,-111.9658953,200,[33.43475,-112.00644,33.6228432,-111.9253506],[123,65,28,170,265,11,483,38,48,39,26,49,368]
bh0XOgNB_dtBBOAtnZpL4A,33.5102068,-112.0272041,1,[33.5102068,-112.0272041,33.5102068,-112.0272041],[26,11]
eqdZlrwQ8TTW4vxMlZJgSg,33.3732777,-111.9538756,4,[33.321216,-111.967898,33.4253394,-111.9398532],[10,11,38,99,128,39,296]
rw4P6J4zJvsABABbIDtczQ,33.463308,-112.074519,147,[33.463308,-112.074519,33.463308,-112.074519],[109,38,48,39,11]
JS8fYnevRCaaQHa_35ZdHQ,33.49112,-112.079081,1,[33.49112,-112.079081,33.49112,-112.079081],[26,11]
w2_JXRfIFyPu_WHXCDQkkw,33.46345225,-111.9350619,10,[33.303233,-112.0275918,33.6236715,-111.842532],[33,11,27,7,48,47,126,38,99,128,39,40]
RWXHIBiGdhv9SqYMBhGagw,33.4042957292819,-112.0019814395155,4,[33.3497113609575,-112.0740373,33.4588800976063,-111.929925579031],[117,214,11,27,7,108,338,201,169]
49W0lI7hQgYihoIApZLhZA,33.532313,-112.265074,42,[33.532313,-112.265074,33.532313,-112.265074],[28,17,29]
TgOx2YOoPs9TX16BgAjYQg,33.464349,-111.908369,5,[33.464349,-111.908369,33.464349,-111.908369],[224,11]
2u_x05V1DbhXssdFzMXcGA,33.3424619919055,-111.751862832666,116,[33.306250083811,-111.760139465332,33.3786739,-111.7435862],[26,11,98,7,24,27]
YRsPKCkafYFRrkzZ8Fh9Ng,33.331655,-111.982113,1,[33.331655,-111.982113,33.331655,-111.982113],[33,119,99,11]
OO9RZPsIaG5RVIWk1kD7PQ,33.48905305,-112.0391424,4,[33.4653362,-112.0827836,33.5127699,-111.9955012],[38,140,39,40,48,11,109,63,7,8,119]
dATEOB26cw9XzreYkf7I1g,33.467041550000005,-112.0714829,5,[33.4482331,-112.0737845,33.48585,-112.0691813],[43,11,26]
vpf-K4Wy7EPzZnBgxVgjcg,33.4972406,-111.98073984999999,170,[33.3958117,-112.1197636,33.5986695,-111.8417161],[15,6,191,25]
YBjaCOpOMUccXxZS8yWrlA,33.4659061,-112.071211,4,[33.4659061,-112.071211,33.4659061,-112.071211],[32,90]
jnZa6g-UBTfHl6rMxtBzMQ,33.38703265,-111.9665707,200,[33.33861,-112.0739136,33.4354553,-111.8592278],[309,285,11,7,139,416,36]
bPxNNHK8z3U2UjEgfbAI4w,33.56585455,-111.97097445,6,[33.4760247,-112.0152845,33.6556844,-111.9266644],[48,11,38,39,63,99,71,72,96,184]
5yQMUyoZYCVDQiftf0Uw1w,33.4587437,-112.0775732,7,[33.4587437,-112.0775732,33.4587437,-112.0775732],[182,48,140,11]
6Jb6ho3Zsu8EX4W7LdaPPg,33.544876,-112.1675775,15,[33.448685,-112.361552,33.641067,-111.973603],[185,11,63,27,26,24,168,144,99,120,7,189,10,142,126,97]
6PFbHhq7aQQkTy40a2K36w,33.492631349999996,-111.92725675,10,[33.483281,-111.9276185,33.5019817,-111.926895],[38,48,39,11,63,27]
vkMHIwsyPP1ZFeT143hEWg,33.486037,-112.363237,15,[33.486037,-112.363237,33.486037,-112.363237],[65,133]
AdWtmWn5byMJUxLGAvyTqQ,33.379421,-111.923529,2,[33.379421,-111.923529,33.379421,-111.923529],[27,11]
kp6CVuBi3m_3t-kRPKtIEw,33.510394,-112.011028,4,[33.510394,-112.011028,33.510394,-112.011028],[49,193,59]
nLbOOU3m_graV-_DObM8Fw,33.497437,-112.083886,1,[33.497437,-112.083886,33.497437,-112.083886],[7,108]
01x9fhwar4S7t911-oxe8g,33.6400995,-112.1201999,36,[33.6400995,-112.1201999,33.6400995,-112.1201999],[39,38,27,128,11]
YR__roMWzPmAq8bi4a5zWA,33.503401350000004,-111.9826355,2,[33.500545,-112.0388617,33.5062577,-111.9264093],[119,99,11,177,140]
Vh_DlizgGhSqQh4qfZ2h6A,33.5096045,-112.0257401,18,[33.5096045,-112.0257401,33.5096045,-112.0257401],[126,11]
ddL_dN4PcqDo_ShTnepIKw,33.47434230098115,-111.99546524255351,51,[33.4537869019623,-112.0637645,33.4948977,-111.927165985107],[27,11,182,172]
LKnsv1meIthvgdky00qkQA,33.499728700000006,-112.04835,27,[33.3216034,-112.2370076,33.677854,-111.8596924],[43,11,44,7,8,6,200,26,126,97,45,33,48,307,72,148,154,108,201,119,212,210,181]
PyygZ3ict4d2d8GaNZT1gA,33.4495944,-112.0732071,6,[33.4495944,-112.0732071,33.4495944,-112.0732071],[28,17,29]
PaYaIdCMqShkMuaQXiayEg,33.5522471,-112.12444855000001,15,[33.4315119,-112.3584222,33.6729823,-111.8904749],[26,11,99,48,168,265,185,63,27,285,49,28,178,17,29,192,38,39]
233dkUNcT3LDNaXVwoAveg,33.50056055,-112.00219849999999,7,[33.477178,-112.079081,33.5239431,-111.925316],[26,11,119,48,24,49,58,57,56,59,137,7,6,139]
G47wUKM3bGfJOg9u3j7ZmA,33.392608,-111.941612,2,[33.392608,-111.941612,33.392608,-111.941612],[60,6]
MPx4H_AEWt9Ulf__auGeuA,33.414377200000004,-111.97135835,8,[33.3187146,-112.0146407,33.5100398,-111.928076],[27,11,24,7,8,33,38,39]
fjBeIeIXxc7y6KD4eJjC6Q,33.40575525,-111.92788519999999,36,[33.377251,-111.9603884,33.4342595,-111.895382],[7,142,108,49,80,82,59,30,13,6]
fhvIFzkl5l13Fs3beWliCA,33.5824603,-111.6787751,4,[33.5824603,-111.6787751,33.5824603,-111.6787751],[57,258]
t7VTMdBVHJtvN-UZcQJlEA,33.6241241,-111.9307637,35,[33.6241241,-111.9307637,33.6241241,-111.9307637],[168,265,11]
9eY0M7voV1g_cm4ddI4OCw,33.56852915,-111.92613315,143,[33.304861,-112.1830859,33.8321973,-111.6691804],[251,11,38,109,39,27,63,168,298,88,7,142,48,185,439,13,6,272,4,5,49,160,244,440,24,47,224,26,265,106,54,107,57,69,40,311,99,128,145,309,119,285,108,28,170,89,192,126,97,55,122,10,84,262,155,33,117,292,182,218,137,8,139]
DYy70w6j24EPqsx-o3uxpA,33.532793999999996,-111.938902,3,[33.519588,-111.96828,33.546,-111.909524],[26,127,11,38,260,39,40,259,161,28,65,17,29]
0tYlK-FieQXAdmTQ9DWTbA,33.49763105,-112.2062951,63,[33.319377,-112.4462832,33.6758851,-111.966307],[11,63,7,142,30,13,6,45,251,38,26,39,99,126,194,201,57,69,24,212,361,48,27,148,108,229,97,8,110,322,15,191,98,47,109,265,33,128,46,18,17,44]
AcR-7nOT1L9k_vH9pHb4eA,33.45898245,-112.00472405,23,[33.3359104,-112.1504594,33.5820545,-111.8589887],[123,65,224,11,26,63,99,48,185,120,282,72]
jgYtI5zHyIiztN1K-qwWMg,33.484880149999995,-111.93022619999999,135,[33.4222653,-111.94047,33.547495,-111.9199824],[119,11,38,99,39,40,28,17,29,7,47,48,128,98,10,9]
3VrmfYq9WPq5eJs2zqN_jw,33.40786325,-111.98832759999999,14,[33.305681,-112.0791022,33.5100455,-111.897553],[12,114,13,6,22,126,11,38,99,128,39,296,140,40,48,27,307,172,97,351,57,309,101,26,119]
G0k2F5Pk9y3Sv3hLEuO3Wg,33.370363,-112.578859,1,[33.370363,-112.578859,33.370363,-112.578859],[27,11]
brRCbqxjeqZyz7aqLODecw,33.4010745,-111.9375115,3,[33.379421,-111.951494,33.422728,-111.923529],[27,11,24]
E_6QWOFzPdGhIzaV3MlBXw,33.56839225,-111.943758,4,[33.5100523,-111.9963126,33.6267322,-111.8912034],[24,11,206,224]
bbDu3mDJdlgy7uMLzt1MNQ,33.58348,-111.883526,6,[33.58348,-111.883526,33.58348,-111.883526],[7,139]
EM8gIxsVnIfW0Q3jeUMSgg,33.4787943,-112.0478085,2,[33.4787943,-112.0478085,33.4787943,-112.0478085],[26,11]
kmPKgMl5-JcsANXgXCtaLw,33.344661,-111.964764,3,[33.344661,-111.964764,33.344661,-111.964764],[71,72,184,297]
oOL4ZPCUriXFeP1_aMwBvg,33.468611249999995,-111.9987105,3,[33.4584286,-112.0715118,33.4787939,-111.9259092],[14,15,6,309,119,285,11]
K_O33ZtHPcLilRV_huFDGw,33.4147919,-111.99675555,37,[33.319377,-112.0272041,33.5102068,-111.966307],[99,11,212,229,265]
0a2KyEL0d3Yb1V6aivbIuQ,33.3056067,-111.9787576,2,[33.3056067,-111.9787576,33.3056067,-111.9787576],[63,27,11]
D1torJ7I4rba7rbPkLfgGA,33.388297,-111.543703,2,[33.388297,-111.543703,33.388297,-111.543703],[28,17,29]
FJHq4jea8nPKuNvAShkZXg,33.3573613,-111.7895216,1,[33.3573613,-111.7895216,33.3573613,-111.7895216],[84,213]
Mmg7xdqR-w_m_68gSf9MUw,33.7317661,-112.2628637,25,[33.7317661,-112.2628637,33.7317661,-112.2628637],[28,17,29]
UCK5OZ_YVyQtTfwO1oQVHw,33.465462,-112.078017,2,[33.465462,-112.078017,33.465462,-112.078017],[7,108,27,24,11]
fNqf-icx0Vh70CLSoZLcug,33.5641035,-111.97874999999999,7,[33.491645,-112.073196,33.636562,-111.884304],[49,28,190,367,38,140,39,40,48,11]
GPMNR6WVfSE2qOwX0ZcVGw,33.6382598,-112.16883465000001,3,[33.6106566,-112.187126,33.665863,-112.1505433],[7,9,119,11,108,17,62]
FQFsuPE8C3lppg7sZoRFRg,33.479846949999995,-112.001627,50,[33.4494871,-112.075503,33.5102068,-111.927751],[33,11,39,38,40,206,224,119,46,6,48]
rkwSCcRUtkd2GmNqtokTmw,33.363124150000004,-111.82661075,4,[33.347563,-111.860668,33.3786853,-111.7925535],[41,43,11,48,120]
oYj4G2vYZPXpSHMO5tC05A,33.593718,-111.7410225,39,[33.578197,-111.761677,33.609239,-111.720368],[201,48,11,98,7]
mlvSgE6I5jY1HS6KsN4yFg,33.594590100000005,-111.92869605,9,[33.5825532,-111.9301931,33.606627,-111.927199],[38,212,41,39,11,49,80,82,59]
Vwq2xf4ynVN0xd7aew05SQ,33.249971,-111.634346,4,[33.249971,-111.634346,33.249971,-111.634346],[161,65]
RyWMeGGfswx6acbaH6XKbw,33.306176258386,-111.720842568395,2,[33.306176258386,-111.720842568395,33.306176258386,-111.720842568395],[43,11]
KU9a8kTqUJ-9wQwS4-eslg,33.6816965,-112.2352394,3,[33.6816965,-112.2352394,33.6816965,-112.2352394],[84,336]
_8jXfVy20FGWHrJqtT4gdQ,33.50009555,-112.1204989268065,3,[33.461344,-112.3584829,33.5388471,-111.882514953613],[7,47,48,11,6,35,76,142]
6ach2cryXxF1bzRs62CttA,33.5019519,-111.9514403,1,[33.5019519,-111.9514403,33.5019519,-111.9514403],[119,11,63]
YmwVEGMrVxelz8IB9b-84A,33.64032,-112.361552,2,[33.64032,-112.361552,33.64032,-112.361552],[63,27,11]
_ziwLnD-H4kQCTognv_Shg,33.4653362,-112.0827836,2,[33.4653362,-112.0827836,33.4653362,-112.0827836],[38,39,40]
uf0T-bDZRFpaW_mMjgF81Q,33.6116901,-112.1648254,3,[33.6116901,-112.1648254,33.6116901,-112.1648254],[251,11]
Wg4mxEGEI7Vz8VC0WCI69Q,33.50987635,-111.99866545,14,[33.4876277,-112.0718179,33.532125,-111.925513],[38,48,39,11,206,33,109,352]
OlNU6MtCwunJ8jpyh-xTew,33.220295,-111.867508,1,[33.220295,-111.867508,33.220295,-111.867508],[6,32,302,110,1,141]
9z4sGAL1hu9rLJhcFZR8ng,33.593014249999996,-112.04322895,21,[33.4710214,-112.200326,33.7150071,-111.8861319],[99,11,63,26,27,7,36,38,128,39,64,65,126,106,54,226,168,265]
f0lMTWhPFV1eWildG_UF2A,33.379624,-111.755389,3,[33.379624,-111.755389,33.379624,-111.755389],[24,11]
BvRo87YTIa9eViEHUzgLVQ,33.4687402,-111.9605951,2,[33.4352894,-111.996292,33.502191,-111.9248982],[109,38,11,39,63,33,44]
Stpy2uWvI0k9rZkIrnWbtg,33.4514309,-112.0701057,1,[33.4514309,-112.0701057,33.4514309,-112.0701057],[48,11]
7eXzPzDtJdQFY8PhgR_Z-g,33.407162534253,-111.90964874703,1,[33.407162534253,-111.90964874703,33.407162534253,-111.90964874703],[117,11]
IURyndNshGDVupYJ5SBnPQ,33.428202,-111.898262,2,[33.428202,-111.898262,33.428202,-111.898262],[71,72]
nd_lN3rCYVRT4yttAkz6oQ,33.5623731,-111.92791355,43,[33.542193,-111.9301931,33.5825532,-111.925634],[265,126,97,11,486]
DvznMRQl0tQoMkenXIX1eA,33.550124,-111.9553258,8,[33.4542695,-112.0012318,33.6459785,-111.9094198],[33,265,11,126,48,168]
xacUcbgB69TH4VREPCvkiQ,33.499504,-111.927891,1,[33.499504,-111.927891,33.499504,-111.927891],[48,24,11]
l9_sKTxU9pJcNMJ3QGlCpg,33.5763551,-112.1164397,1,[33.5763551,-112.1164397,33.5763551,-112.1164397],[26,11]
Z1fXZr7PEaX0hp8J3lZxLw,33.5369963,-112.0474809,3,[33.5369963,-112.0474809,33.5369963,-112.0474809],[126,97,11]
Gc95-Bm3SI5HKbd2IybDsg,33.667864094079,-112.07031599999999,6,[33.513697188158,-112.231662,33.822031,-111.90897],[168,41,11,227,32,49,80,82,59,48,10,57,306]
8l_unOflWyDmBJ3C0vAlVA,33.548745,-111.9156915,85,[33.548745,-111.9156915,33.548745,-111.9156915],[158,28]
TRhLpAzd2uddqAzVTDtecA,33.441969,-112.04182,200,[33.43475,-112.0772,33.449188,-112.00644],[28,240,241,170]
NGyMFLKEbsKd14XPrvN4ZA,33.5020036165904,-111.928035020828,3,[33.5020036165904,-111.928035020828,33.5020036165904,-111.928035020828],[168,99,11]
yBz5KP3YC7ryiAef6FXNVQ,33.5385594,-112.187677,33,[33.5385594,-112.187677,33.5385594,-112.187677],[7,292,139,375]
qwr3X7DIOlviqhJ-1Gt1_Q,33.539381250000005,-112.02057740000001,13,[33.4548476,-112.1156244,33.6239149,-111.9255304],[48,11,119,44,99,224,185,63,27,24,251,26]
OwfwHJ5c2_Edzkw47Ifm2g,33.3060217,-111.8404958,2,[33.3060217,-111.8404958,33.3060217,-111.8404958],[26,11]
Z3gfhieCzDpFAnrYlrbWKA,33.473323,-111.926648,4,[33.473323,-111.926648,33.473323,-111.926648],[72,390]
Iet5qGU5QlXiif-0Qv8_OQ,33.43645,-111.71847,3,[33.43645,-111.71847,33.43645,-111.71847],[99,24,11]
Kih9f2skWEmLPsJFUD9BMw,33.443864,-112.070061,1,[33.443864,-112.070061,33.443864,-112.070061],[39,38,48,128,11]
F15X7vnqmpM0PDnG-cr8RA,33.500238,-111.926921,1,[33.500238,-111.926921,33.500238,-111.926921],[126,97,11]
L00-sw8sXpJo0q1pEKPXyw,33.385228749999996,-111.7635485,2,[33.3353078,-111.8080709,33.4351497,-111.7190261],[7,9]
kFF_kOScHBkprmcy5W059Q,33.521069999999995,-111.9247936,8,[33.422728,-111.951494,33.619412,-111.8980932],[44,24,11,54,55,122]
zJhjZaTGw08d1e4y_0EMCQ,33.6475229,-112.1079813,7,[33.5829091,-112.201535,33.7121367,-112.0144276],[49,146,17,18,64,65,133,7,8,6,45,11,63,43]
p7PuJhzqbFVKfbRirQBRQQ,33.621274848681,-111.899064353952,1,[33.621274848681,-111.899064353952,33.621274848681,-111.899064353952],[26,11]
gHLPavMpBqzq5SeYJXrmcg,33.497568,-111.929223,1,[33.497568,-111.929223,33.497568,-111.929223],[109,38,48,39,11]
MXOFvsheu6ilCUC1535SVQ,33.542135,-112.260301,4,[33.542135,-112.260301,33.542135,-112.260301],[28,17,29]
ehs-ALL3qLB39i3I30DzLA,33.47950165,-112.07161595,110,[33.4527955,-112.0739142,33.5062078,-112.0693177],[168,181,229,11,26]
V0VOe-7Hlt6AQfVLF9EwTg,33.638907,-111.979435,2,[33.638907,-111.979435,33.638907,-111.979435],[177,140,11]
aGGScIIg6HbOKQGJmya0og,33.5738453,-111.8640322,2,[33.5738453,-111.8640322,33.5738453,-111.8640322],[123,65]
kHratjzSuM5ldGV0IHLPVg,33.41638575,-111.9565793947295,27,[33.4108625,-111.9701785,33.421909,-111.942980289459],[244,11,7,108,28,17,29]
GtySW0e4hzsqKy-4ZIocWQ,33.6543532140261,-112.083579911637,1,[33.6543532140261,-112.083579911637,33.6543532140261,-112.083579911637],[177,140,11]
gpbo33fzikJL5qWM3Y6Pbw,33.5057744492943,-112.040011882782,1,[33.5057744492943,-112.040011882782,33.5057744492943,-112.040011882782],[39,119,48,38,11]
niGyPKRAEY_0bkxFb4dL4A,33.5394005033294,-111.924451589584,6,[33.5394005033294,-111.924451589584,33.5394005033294,-111.924451589584],[168,97,11]
gqbfUm3Vp4DIbfS7iBOMVw,33.344566150000006,-111.820606816224,4,[33.3046998,-111.8977616,33.3844325,-111.743452032448],[99,11,10,44,24,63,185]
0XEP9TYDXZ6zyPhCNvIVNw,33.50201,-111.9313599,1,[33.50201,-111.9313599,33.50201,-111.9313599],[265,11]
wEeS58C5-1y43HkYp8ZbMQ,33.4950947,-111.9292934,1,[33.4950947,-111.9292934,33.4950947,-111.9292934],[168,48,11]
5T0sGaGY67VVJuotO47Q_w,33.499430649999994,-112.00083169999999,2,[33.4982894,-112.0741143,33.5005719,-111.9275491],[7,108]
vrjquVoNx-SUPEi3glMLRQ,33.4951366,-112.0012318,1,[33.4951366,-112.0012318,33.4951366,-112.0012318],[48,11]
zWl8pMdArK0b9SwO1k8cZQ,33.4986978,-111.9262675,27,[33.4986978,-111.9262675,33.4986978,-111.9262675],[126,11]
qyfbfFtvREN_8WsFhe6ZJg,33.487670699999995,-111.83376985000001,22,[33.3351559,-112.0675947,33.6401855,-111.599945],[30,8,13,6,7,110,48,11,138,139,24,117,33,74]
e5wAlqGJDggOrNN_Mc3wxQ,33.5396580286892,-111.98806656849649,6,[33.4566960573784,-112.072327136993,33.62262,-111.903806],[119,11,7,139]
cw-G7BuGF7nnqfJc7AV6QA,33.428504399999994,-111.87488075,14,[33.3545993,-111.9955012,33.5024095,-111.7542603],[119,99,11,38,26,39,27,48,130,32,126,13,6,77,35,118,76]
5uBswiJzFzlmaCxsfXGyMg,33.63067254852815,-111.99679177469349,13,[33.606627,-112.0672866,33.6547180970563,-111.926296949387],[7,137,8,139,142,49,80,82,59]
WqZVd4CcChyrVrF9Z18b_g,33.449233,-112.065458,176,[33.449233,-112.065458,33.449233,-112.065458],[27,11]
KlmqKf52XyE7rUNA6Ek1IA,33.53963545098115,-111.9139638720215,19,[33.4537869019623,-111.954460144043,33.625484,-111.8734676],[6,35,76,39,119,26,38,11,382,98,7,8,137,139,162,182,172,129,79,121,96,72,71,73]
PjgfHTbrfF_yBlKrm6r2fQ,33.4354544,-112.0070357,141,[33.4354544,-112.0070357,33.4354544,-112.0070357],[99,11]
vPAtxmsLNkywLcl4eo-6BQ,33.4255104,-111.9400054,1,[33.4255104,-111.9400054,33.4255104,-111.9400054],[93,3]
7cgjDG8xPrRZygRE-Lag_w,33.4346646089965,-111.994210481644,9,[33.4346646089965,-111.994210481644,33.4346646089965,-111.994210481644],[48,11]
uUZu-JBzDecvrCj0dOnBLA,33.6116508042702,-112.165567972652,2,[33.6116508042702,-112.165567972652,33.6116508042702,-112.165567972652],[149,11]
vuUddBhwlrVijAAFvK5UTg,33.5380739,-112.0619196,129,[33.3778843,-112.2641158,33.6982635,-111.8597234],[38,48,39,11,57,327,7,108,119,6,204,65,109,36,265,483,99,145,101,40,128,33,12,114,13,47,88,205,24,143,120,298,49,505,43,186,148,127,69,210,126,8,63,27,104,97,182,172,71,72,202,98,26,44,421,80,59,167,168,137,139,296,293,251,46]
FOqryEOPo8oTItFD0UG4rw,33.5123186,-111.995355,3,[33.5123186,-111.995355,33.5123186,-111.995355],[119,99,11]
SsHpdQRKCnBquKEoD3sBtw,33.54621459852815,-112.1765720746935,14,[33.4377111,-112.4268472,33.6547180970563,-111.926296949387],[26,172,11,307,27,7,108,201,182,48,140,137,8,139,126]
G_a2BSbUCG1HitfewhuRVg,33.5567133,-111.9521079,14,[33.500545,-111.9778065,33.6128816,-111.9264093],[177,140,11,33,38,48,39]
jB2xHLIgQhQvnuFh7FCkEA,33.3117687,-111.92824795,3,[33.2183754,-111.98202,33.405162,-111.8744759],[165,32,95,11]
gAP_XfkZaKSjqzrTa2XnZg,33.2774922,-111.7913671,1,[33.2774922,-111.7913671,33.2774922,-111.7913671],[57,69]
vG5vh1wcchxEwvVZn-ij9g,33.480662,-112.041833,1,[33.480662,-112.041833,33.480662,-112.041833],[106,279,54]
i1Z4tpILCLb9if-f3O7Q1w,33.51930028898085,-111.92675857720951,2,[33.5086952779617,-111.927080154419,33.5299053,-111.926437],[99,11,265,483]
QlGLxmzRmVbsozoUcSGtTw,33.351768500000006,-111.86622249999999,3,[33.319374,-111.929326,33.384163,-111.803119],[212,126,97,11,43]
G_3b2sM2bAx5BI8dO5S5fQ,33.23348269916755,-111.7199170391205,6,[33.2323699,-111.7220306,33.2345954983351,-111.717803478241],[106,54,107,7,8,405]
wUCRCqCcRFAvX0e17_6odA,33.4654084,-111.89314250000001,22,[33.3072791,-112.0297841,33.6235377,-111.7565009],[7,36,142,43,11,39,38,26,128,48,10,24,63,119,27,98,206,185,201,224,205,17,18,99,40,136]
yz_j8mA3pnkdWkZ6nimBwA,33.49629315,-112.00113515000001,20,[33.3928601,-112.0740123,33.5997262,-111.928258],[109,38,11,39,63,26,88,298,48,27,7,36,99,126,149,8,98,108,47,128,296]
AkLRwgw9ljUqXWyBNzpqXQ,33.513414999999995,-111.905235,42,[33.422728,-112.09158,33.604102,-111.71889],[99,127,11,38,48,39,24,185,88,40,57,186,6,26,43,49,52,112,216,151,7,108,101,33,322,56,69,14,15,63]
bY-lKBuB9oA1ic2aIvbN7Q,33.456088,-111.925966,1,[33.456088,-111.925966,33.456088,-111.925966],[72,297]
hyJ87UjROEtL-nbKSew_Ow,33.5183691,-112.0047498,2,[33.5183691,-112.0047498,33.5183691,-112.0047498],[99,11]
GKV9BLKePyk7lfajq_2u0Q,33.42426155,-111.82426129999999,32,[33.3547012,-111.9259965,33.4938219,-111.7225261],[7,142,26,11,108,48]
nXHELRjhDZ4Cfd3EfY7P8Q,33.32120415,-111.91105730000001,2,[33.3211423,-111.911648,33.321266,-111.9104666],[27,11,43]
BCDIUhfvApzE4-rSOp2WQw,33.497437,-112.083886,1,[33.497437,-112.083886,33.497437,-112.083886],[7,108]
Tb31E32TYfJmSH5WXPm8KA,33.5102068,-112.0272041,55,[33.5102068,-112.0272041,33.5102068,-112.0272041],[265,11]
DJpQN6kSXoea57RRhlZ24A,33.3362387,-111.7815726,7,[33.2937998,-111.8412591,33.3786776,-111.7218861],[27,11,71,72,297]
eHQOSOD2RwbBt6zYzbEsTg,33.5843295,-111.9079453,11,[33.4942423,-111.9264472,33.6744167,-111.8894434],[96,72,48,11,109,38,265,39,119]
FKr5gdOPW7BAPjkND7XJ6Q,33.436451117006,-111.95713105,18,[33.377697734012,-112.0142961,33.4952045,-111.899966],[251,11,6,87,63,27,26,7,229,98,119,24,260,265,65,133]
wwfJ5OPJ4T-lzOmg9oDyZw,33.412656943415,-112.0010624,200,[33.37797828683,-112.0734239,33.4473356,-111.9287009],[192,140,11,181,38,99,128,39,296]
8a801IDth97vjUzhSNu7pg,33.40873435,-111.89323255,3,[33.3958117,-111.944749,33.421657,-111.8417161],[224,11,15,25,6]
Bjti6q2KHXrW_dpH-fFlig,33.562343600000005,-112.131382,3,[33.448717,-112.20281,33.6759702,-112.059954],[26,11,49,178]
SQJwJi575yoFcJwV3l93uw,33.489085,-112.0740504,1,[33.489085,-112.0740504,33.489085,-112.0740504],[11,63]
iU8Hq1JKocLKvRG9_6FZuw,33.6397206,-112.1185603,2,[33.6397206,-112.1185603,33.6397206,-112.1185603],[61,13,6,118]
cWaDGtB1-FyNm5Y_ep3AzA,33.29072635,-111.87552195,3,[33.2611314,-111.890579,33.3203213,-111.8604649],[112,6,420,7,108]
V9l9x4Km4btKGFcxuTRLcA,33.527604600000004,-112.08744669999999,146,[33.4240085,-112.2347564,33.6312007,-111.940137],[33,11,38,99,39,49,18,51,17]
XbzB2i2fjggHsPXtQcOJUA,33.48275995,-111.8462609,39,[33.3494889,-112.0909175,33.616031,-111.6016043],[24,11,49,48,178,158,28,27,63,66,52,57,69,17,18,119,7,189,10,30,8,13,6,110,126,33,38,39,137,139,97]
SJKCDS0LfQelLR_fHRlkJA,33.417541799999995,-111.9203895,3,[33.4074496,-111.940813,33.427634,-111.899966],[63,27,11,99,48,296]
a8ybHTd5NccDDYoH3nBARQ,33.517905999999996,-111.9577492,4,[33.2664769,-111.9918702,33.7693351,-111.9236282],[133,105,195,65,48,11]
TWH46tuy4mSLkuCBaIQRcg,33.555296,-112.09925,2,[33.555296,-112.09925,33.555296,-112.09925],[192,140,11]
eie5IA4dRXcBk4fgv_JHDQ,33.3965727,-111.90236395,18,[33.3659439,-111.964558,33.4272015,-111.8401699],[333,7,292,108,12,13,6,8,138,97,139,11,57,99,91,149,249,15,117,30,35,118,76]
6nstn-MP87cOelaua5W9Dg,33.40271065,-111.94019499999999,2,[33.379261,-111.940552,33.4261603,-111.939838],[99,11,74,27]
sWtIduPNp6MtUPrGnDcb8Q,33.365142403793,-111.841585575485,50,[33.220784807586,-112.0999,33.5095,-111.58327115097],[84,72,262,168,26,11,8,7,138,139,177,192,126,10,24,63,27,142,48,185,190,28,140,36,182,251,39,119,38,201,149,352]
7IIIWcgQT5JFkkAv0IgH4A,33.3993165394845,-111.94033518936,2,[33.378062078969,-111.942444,33.420571,-111.93822637872],[38,168,298,88,39,11,7,108]
xDke1TgWXt4rXokl5PLXww,33.583142,-111.927321,2,[33.583142,-111.927321,33.583142,-111.927321],[27,11]
rG2UXpUG25vajg8Z6q2Hng,33.499084,-112.056848,17,[33.499084,-112.056848,33.499084,-112.056848],[28,17,29]
1PdFQfIjrL_AiVv3UqpgGQ,33.338052922397,-111.7567248573975,3,[33.321061644794,-111.7895308,33.3550442,-111.723918914795],[99,11,185]
bGCEvMZkutKmOZJdezYAJA,33.220784807586,-111.58327115097,14,[33.220784807586,-111.58327115097,33.220784807586,-111.58327115097],[190,28,140,11]
6_xllPHnU3sqk-eyyR4JDw,33.661871649999995,-111.8470549,16,[33.491546,-111.977799,33.8321973,-111.7163108],[119,11,210,465,168,265,39,26,43,27]
mWN9JHSduiGEspNHNXATJw,33.362719,-111.8761389,2,[33.362719,-111.8761389,33.362719,-111.8761389],[89,11]
Syz5CRP0rXbiEyHdRLGruw,33.448242,-112.005534,11,[33.425824,-112.072092,33.47066,-111.938976],[28,342,240,241,17,29,18]
2bUnZQ-kSzRI_5S4q8RbxQ,33.514068050000006,-112.0067091,5,[33.4462721,-112.0893682,33.581864,-111.92405],[39,99,293,38,11,84,336,98,7,108]
KJjwhXg7ZjeeHTo1oKIBhQ,33.553746950000004,-111.80058545,4,[33.458022,-112.1201999,33.6494719,-111.480971],[39,38,27,128,11,49,66,52,63]
tYQ3nBbs5nUNsOqi742wBg,33.464653,-111.98644,18,[33.464653,-111.98644,33.464653,-111.98644],[28,17,29]
v2Hvi-3BcV7ryxSKkpZiyQ,33.6379017,-112.2330497,30,[33.6379017,-112.2330497,33.6379017,-112.2330497],[33,44,11]
PrHS3SKeLY8XfF71ZAWYDg,33.4240504,-111.9400717,1,[33.4240504,-111.9400717,33.4240504,-111.9400717],[38,26,39,11]
FtTeAGoY5av2gX7qbXT38Q,33.50074035,-111.92751025,2,[33.499499,-111.9276185,33.5019817,-111.927402],[48,11,38,39]
kwJsC7dKs5T6Ix6JCJB-RA,33.513697188158,-112.07341192283,4,[33.513697188158,-112.07341192283,33.513697188158,-112.07341192283],[48,11]
9tVLD8PjH7Wwn_EAmCHzWA,33.48233765,-112.00764090000001,11,[33.4549264,-112.1045404,33.5097489,-111.9107414],[26,11,119,260,48,172,307,27,177,140,109,38,39,63,212,43]
6E6Xl7e_uYUn1tFB45ck-Q,33.47104125,-111.82693125,200,[33.321864,-111.9276185,33.6202185,-111.726244],[63,27,11,7,24,108,119,38,48,39]
zLnATljm2Ni898Z6-CSe7w,33.320525,-111.908478,6,[33.320525,-111.908478,33.320525,-111.908478],[167,65]
NhDpOTXHdnVZ_MMHKRpU8A,33.460190499999996,-111.92700335,2,[33.418332,-111.9357269,33.502049,-111.9182798],[117,11,38,99,128,39]
BDr8TUhhQgiTXvv1499oEg,33.5748789,-112.04432145,11,[33.5094352,-112.0675947,33.6403226,-112.0210482],[10,24,11,26,265,117,307,99,185,33]
EzraJJWq8SqcF3FDkpA9Cw,33.5097112,-112.0962274,3,[33.5097112,-112.0962274,33.5097112,-112.0962274],[251,11]
BihGfyDuv7wBIqvVt6c5lw,33.437291,-112.381811,1,[33.437291,-112.381811,33.437291,-112.381811],[7,142]
P77U8ULcWEcb1_HNn39ksg,33.321993,-111.7555067,1,[33.321993,-111.7555067,33.321993,-111.7555067],[129,332,278,79]
Xc9CH-4YSc-6PYchxvlpCQ,33.4420681,-111.9874391,4,[33.3228773,-112.1156244,33.5612589,-111.8592538],[24,11,48,185]
1v5esjekcOJ5JoSGh5_kqg,33.458397700000006,-111.9431841,10,[33.304861,-112.0114032,33.6119344,-111.874965],[267,182,172,11,192,218,43,48,140,7,292]
Jxc55V4D3iHAataiLpylDg,33.656250400000005,-111.97028325,21,[33.4787939,-112.040116,33.8337069,-111.9004505],[251,11,48,27,39,119,38,7,137,8,139,99,168,265,307,26,36,126,97,24,63]
CM_vuEc6jKqpODm4hZJy8Q,33.48205925,-112.0722945,14,[33.3927994,-112.097523,33.5713191,-112.047066],[44,11,63,309,7,162,26,119,71,72,48,24]
eY5sepWYYYbAmitp0CJ9Ag,33.4961715,-112.0445805,20,[33.4246773,-112.1490084,33.5676657,-111.9401526],[38,48,39,11,109,63,12,114,13,6,22,149,97]
XSB9hyZ3dujTg_qjIuTNqQ,33.536678550000005,-111.99811085,3,[33.449233,-112.065458,33.6241241,-111.9307637],[168,265,11,27,63]
_U3qgsKent5QyoEkRAxOhA,33.3428481,-111.6867973,2,[33.3428481,-111.6867973,33.3428481,-111.6867973],[7,247]
0kS-CJ_tH7KcaTXIM_IwEQ,33.7975574,-111.9278114,3,[33.7975574,-111.9278114,33.7975574,-111.9278114],[43,11]
EjcW3R7e7KGI-B7jk_Taiw,33.4845448,-111.9181198,4,[33.4671079,-111.9276185,33.5019817,-111.9086211],[38,48,39,11,33]
3rZJHvnV1bQcvpZ8gn_LsQ,33.42334075,-111.97884024999999,2,[33.2587342,-112.1164668,33.5879473,-111.8412137],[251,43,11,168,169]
x-ZmTVhZY5KFhW1oLvf8jA,33.362812149999996,-111.67182935,7,[33.3098443,-111.6749927,33.41578,-111.668666],[84,159,32,291,212,11,28,170]
f8uSi5n0EAgpFsEGSbFvkg,33.41577615,-111.9383223,3,[33.4088243,-111.951494,33.422728,-111.9251506],[38,168,298,88,39,11,7,8,89]
6L0NJJAPbV0Kfme6aG36vw,33.726807,-111.8531068,78,[33.726807,-111.8531068,33.726807,-111.8531068],[265,185,11]
7c5HagTqOJkjAV5e18i1gQ,33.63986920000001,-111.9119359,200,[33.5336234,-111.9652641,33.746115,-111.8586077],[49,178,11,63,161,28,65,17,29]
nT1Mol-j3IoJlkByq-1ncg,33.2888325,-111.840047314741,7,[33.2486638,-112.0534197,33.3290012,-111.626674929482],[7,142,49,341,296,11,72,148,154]
HZoo1FBDSZXpt_-zVFprYg,33.377174999999994,-111.9582498,14,[33.261388,-112.0739136,33.492962,-111.842586],[126,11,33,119,309,285,224]
ZVEC2BNRFw8PtkWzOKmMSw,33.475371,-112.048271,14,[33.475371,-112.048271,33.475371,-112.048271],[26,11]
iamwvKvOfqPGnN4H_fpkZg,33.363949,-111.928346,1,[33.363949,-111.928346,33.363949,-111.928346],[54,55,122,256]
cxHX_mdxqm58KggYDPIflA,33.49728815,-111.92277805,15,[33.493947,-111.9232551,33.5006293,-111.922301],[27,11,38,39,40]
nzXkW68t9UYRLGTMZw06QQ,33.43646995,-111.99082465000001,5,[33.3200431,-112.0550321,33.5528968,-111.9266172],[6,156,84,166,339]
zJsvYGcXH6eOcBWUD-4uXw,33.5157656494098,-112.1807775,4,[33.4640982988196,-112.290569,33.567433,-112.070986],[7,8,212,97,11,27,63,44,26]
KU--WdrpcCPdOo4k4qMXLQ,33.46846275,-111.92060755252851,9,[33.4070202,-111.97,33.5299053,-111.871215105057],[26,11,92,15,6,33,44,57,69,265,483,48]
vxNXhV3zc2Qj8MzH9p6deA,33.358339,-111.842748,10,[33.358339,-111.842748,33.358339,-111.842748],[6,284,35]
QMYZQY97K3sj5SpUPHVbDg,33.514031,-111.96062645,27,[33.497828,-111.9957399,33.530234,-111.925513],[206,11,38,48,39,352,28,17,29]
YUyJYCD0k4Bx9OBQCI3LRQ,33.34340545,-111.79438780000001,5,[33.3350109,-111.8036,33.3518,-111.7851756],[26,11,64,65]
kWkgwRxqWD-h260dMTkHUA,33.4348794896361,-111.999092102051,200,[33.4348794896361,-111.999092102051,33.4348794896361,-111.999092102051],[27,11]
xhC24VETh1IfA5ba-OhqYA,33.492985,-112.286067,4,[33.492985,-112.286067,33.492985,-112.286067],[97,11]
KH95IEsTBPH_Ppr4TqggfA,33.4322113,-112.0429513,21,[33.4322113,-112.0429513,33.4322113,-112.0429513],[28,271]
X1EUA7SeBrEEZz54rBsSGQ,33.3931333,-111.8704334,2,[33.3931333,-111.8704334,33.3931333,-111.8704334],[251,11]
Pn_gHp4VUM-aSd57N3QpNw,33.496228349999996,-112.02221065,45,[33.4130675,-112.1195513,33.5793892,-111.92487],[28,17,29,161,65,126,11,322,57]
UqUc0FG5kSRJqsLJ8_co_Q,33.6139681,-111.96992019999999,49,[33.4298632,-112.073781,33.798073,-111.8660594],[48,11,7,108,109,38,39,28,240,241,46,6,99,128,47,202,72,134,135,49,80,59,40,26,98,113,116,104,161,195,65,63,27,8,45,9,24,36,17,29]
q_XztDBZTpnAXNWbjckuKg,33.5248652,-112.0476735,2,[33.5248652,-112.0476735,33.5248652,-112.0476735],[43,11]
Ehq4Ti1JkujkM8oqTKnxVg,33.3060616,-111.8748501,6,[33.3060616,-111.8748501,33.3060616,-111.8748501],[26,11]
lCvLKpVUcPr9iOtEjXRlNQ,33.3634447,-111.86137550000001,21,[33.304703,-111.995963,33.4221864,-111.726788],[99,11,39,38,27,128,7,142,120,26,33,404,311,48,127]
WRsNHFBaDZDVW9Qt0Vn1WQ,33.4833218,-111.9749215,17,[33.3492306,-112.027582,33.617413,-111.922261],[4,5,6,119,99,11,72,184,212,361,57,7,36,69]
Sa64rQmghfE9i17_dRIDyw,33.608423,-112.15219375,200,[33.383749,-112.5016551,33.833097,-111.8027324],[210,11,84,147,7,142,8,119,27,48,24,63,49,80,82,59,99,168,26,127,6,270,43,129,175,332,121,79,96,72,28,240,241,141,32,302,110,1,45,65,148,204,57,69,185,10,212,17,62,44,38,39,46,33,128,98,139,265,108,201,120,202,281,292,9,25,177,117,251,93,3,264,77,35,34,296,109,361,182,140,506,52,224,18,322,145,137,301,285,470,54,238,208,30,13]
Kv_CBCNf06OZ5Qsx6PAZLQ,33.5064175,-112.001619,16,[33.482601,-112.077617,33.530234,-111.925621],[28,17,29]
vR3DG0nVbZ3xyZpGRyPmZg,33.603618749999995,-111.92700335,155,[33.5515531,-111.9300279,33.6556844,-111.9239788],[99,11,168,265]
9hBO-8GqOWFfiNT0fxV-7A,33.4955035,-112.0836562,4,[33.4955035,-112.0836562,33.4955035,-112.0836562],[61,13,6,70]
fFffXyfS79sZqqYA0PDexQ,33.3640435,-111.8774978,2,[33.3640435,-111.8774978,33.3640435,-111.8774978],[27,11]
zKHpu3jiTAafC6gAiRxCBA,33.3453944,-111.9631388,2,[33.3453944,-111.9631388,33.3453944,-111.9631388],[49,80,82,59]
uDyJwndXli7F_cxNgjvLmg,33.3774958,-112.1705068,4,[33.3774958,-112.1705068,33.3774958,-112.1705068],[49,80,82,59]
VjD7nd5RnZ-a86-BrBBd9A,33.364444199999994,-111.80521725,14,[33.3075024,-111.940391,33.421386,-111.6700435],[92,15,6,63,27,11,24,45,188,23,7,8]
otXShZG3QHxcKS8s825EhQ,33.568247,-112.065977,2,[33.568247,-112.065977,33.568247,-112.065977],[10,11]
dEMM6-g49TWpqphxLAhO9Q,33.49074845,-112.3619429,8,[33.4868393,-112.3657018,33.4946576,-112.358184],[38,26,39,11,123,65]
jgCN8cAcIHA59igjBidU7w,33.3931891,-111.82030059864499,3,[33.2624833,-111.8988895,33.5238949,-111.74171169729],[98,7,224,11,265]
0adP79ddXc7vy5KuARwslQ,33.601342,-111.715591,1,[33.601342,-111.715591,33.601342,-111.715591],[7,108]
JRAl8LMY1xIdX-X_la-x9w,33.4691316,-112.0475116,2,[33.4691316,-112.0475116,33.4691316,-112.0475116],[26,11]
kUgF2Z97kj6fdpoFMzIwZQ,33.594892,-112.222145,8,[33.594892,-112.222145,33.594892,-112.222145],[43,11]
gOacA6lWopfUXlJETVxpxA,33.4267717,-111.92340625,5,[33.420571,-111.9425097,33.4329724,-111.9043028],[57,69,56,38,168,298,88,39,11,7,189,10,24,249,6,15]
M85wDqtAfQT3dYgra4H77A,33.627210250000005,-112.02051689999999,112,[33.4240504,-112.1505589,33.8303701,-111.8904749],[26,17,18,11,38,126,97,39,40,265,48,475,46,6,54,55,122,37,211,328,32,43,182,140,99,49,80,82,59,168,63]
evjiBrFsCqgPxX9p9t1ASQ,33.492335,-111.9236549,13,[33.492335,-111.9236549,33.492335,-111.9236549],[38,99,39,40,11]
idiKkAoWw5a8yObEVPCwtA,33.569861849999995,-111.96324225000001,7,[33.5100097,-112.0152845,33.629714,-111.9112],[72,269,48,11]
5hOiRU4n02xNvxsfKKoznA,33.4354553,-112.0739136,9,[33.4354553,-112.0739136,33.4354553,-112.0739136],[309,285,11]
jjOUTdiCnvPQYx1cTjIS7w,33.4174417,-112.01622595,2,[33.3432384,-112.073196,33.491645,-111.9592559],[253,378,32,38,140,39,40,48,11]
F97G9Uy4xlTf8hocE6jS7w,33.4485897,-111.98186100000001,15,[33.3947699,-112.063756,33.5024095,-111.899966],[48,11,7,108,186,6,57,27,63,140,120,74,119,99,33,182]
LTpRWdntCHAnYJ2cqowq0g,33.5173991,-112.0824683,44,[33.5173991,-112.0824683,33.5173991,-112.0824683],[126,97,11]
