6VzJGsY-ot4jBJSD6eQY_A,33.624036015123,-111.928024291992,2,[33.624036015123,-111.928024291992,33.624036015123,-111.928024291992],[206,11]
43IOJbzc8ob8Jqnqc8761A,32.879795,-111.697382,1,[32.879795,-111.697382,32.879795,-111.697382],[41,11]
UWxowh7LnjX2CewGh6pOuw,33.294803,-111.875618,1,[33.294803,-111.875618,33.294803,-111.875618],[485,106,54,226]
N3x4KnU_nqprybjzGYD2vA,33.49448723714,-112.0745655,14,[33.317906,-112.184993,33.67106847428,-111.964138],[38,11,39,27,128,63,144,104,65]
DBGEhqsq7G6UKg75fGfztg,33.448460999999995,-112.0689771,18,[33.362719,-112.2618153,33.534203,-111.8761389],[182,172,43,11,48,38,39,40,89,224,99,126,97,201,140]
l0tFyukya2-GQfJCXpSArQ,33.507557,-112.040116,22,[33.507557,-112.040116,33.507557,-112.040116],[10,11]
X6vSWes7JpMpQ6tQNtYwmA,33.46455,-112.02599649999999,31,[33.334282,-112.153628,33.594818,-111.898365],[103,211,32,63,99,11,6,35,76,38,128,39,37,205,40,95,164]
ZRkMgGlHnpWmuVAsNRY7wA,33.61861655,-112.13572805,5,[33.5964011,-112.151282,33.640832,-112.1201741],[126,11,43]
5-Gs3DpLZk6FjviyeXvR-A,33.471639499999995,-112.02467295,13,[33.448685,-112.0653186,33.494594,-111.9840273],[24,11,49,193,59,168,144,182,10,145,57,39,205,117]
PkD2PKJbNda35nIoG3p-4g,33.402219900000006,-111.8375428,8,[33.3022008,-111.9325368,33.502239,-111.7425488],[63,27,11,119,99,7,48,47]
_5bJpULon4g1Oa_NtzFZRw,33.4961405,-112.002297,7,[33.49112,-112.079081,33.501161,-111.925513],[26,11,206,117]
6l7g9TvzSlpBcowwXUCqPg,33.4235135,-112.20571875,7,[33.378801,-112.3408385,33.468226,-112.070599],[218,41,11,26,224]
1cKTUGVPmRJRrihjdxbPlA,33.42887,-111.9750485,3,[33.394432,-112.074519,33.463308,-111.875578],[251,11,109,38,48,39]
CKEezRKTXYRt048wSrujMA,33.407825450000004,-112.0004018,132,[33.378926,-112.0359906,33.4367249,-111.964813],[99,11]
NiWYlka6NYK4fUB-KXZlFw,33.4863811286892,-111.99731406849651,200,[33.4566960573784,-112.072327136993,33.5160662,-111.922301],[119,11,57,470,145,39,161,28,65,17,29,33,38,140,40,48,63,99]
69gw3WoAwaKSzD0P2ohc9w,33.5285219,-112.0652717,2,[33.5285219,-112.0652717,33.5285219,-112.0652717],[54,55,256]
EckeEizz8HNchFvo_pG2Aw,33.493629999999996,-112.05420835000001,44,[33.448333,-112.074127,33.538927,-112.0342897],[26,11,265,7,142]
hSRZE3Eb1pcFqZzFSIOWAg,33.550111099999995,-111.88884075,7,[33.5238908,-111.8979041,33.5763314,-111.8797774],[407,106,54,26,11]
aNPypQBOokiFBTqQ9-qYjw,33.55996225,-112.129527,4,[33.457457,-112.18689,33.6624675,-112.072164],[7,108,17,62,26,11,144]
zkWahLjj-Ho-3j_rYN567w,32.950042,-112.70274,18,[32.950042,-112.70274,32.950042,-112.70274],[28,17,29]
kCc44Or_pDdKCmmRolQWeA,33.4930514,-111.9339561,33,[33.4930514,-111.9339561,33.4930514,-111.9339561],[28,17,29]
1FyniRyFbADt46tclWSBBw,33.42032,-111.839576,21,[33.42032,-111.839576,33.42032,-111.839576],[7,36,38,39,109]
Nw4Uaq_g509CCgv1xhKwpw,33.5969623980272,-112.169466018677,1,[33.5969623980272,-112.169466018677,33.5969623980272,-112.169466018677],[38,48,11,128,39]
WQyk2CwF6Uotflrl4ZEfyg,33.431244199999995,-111.9396507,31,[33.4258229,-111.9403254,33.4366655,-111.938976],[38,99,39,40,11,28,17,29,48,41,127]
0XBX3VUCLKS4eAVtpvG12Q,33.326163,-111.978604,4,[33.326163,-111.978604,33.326163,-111.978604],[32,90]
XphYbucf8Am9r3gx29DFtg,33.632868166435046,-111.9329739225005,4,[33.6252063328701,-111.941177845001,33.64053,-111.92477],[126,11,119,120,27,48,24]
zz2L0i5VZlQmqwFBANCWqQ,33.43475,-112.00644,1,[33.43475,-112.00644,33.43475,-112.00644],[28,170]
7nVwfn0egY2umycXr3aNXg,33.462544750000006,-112.0003246,22,[33.4480659,-112.073629,33.4770236,-111.9270202],[182,218,11,109,38,48,39]
bViqppQYIjUCVc7UdHbjIA,33.636322,-111.922456,4,[33.636322,-111.922456,33.636322,-111.922456],[265,11]
Z2RSdN8Gwg2Qoi3dRSE2Ww,33.45850245,-112.1629655,6,[33.4221907,-112.2722856,33.4948142,-112.0536454],[43,11,109,38,48,39,430,224,33,24]
oQ-meRXJnc_trIas1XEYWA,33.4495394,-112.0656645,16,[33.4495394,-112.0656645,33.4495394,-112.0656645],[7,449,97,11]
M_zzgZCs7EZGFjnNnifh1A,33.4922985,-111.9245517,3,[33.4922985,-111.9245517,33.4922985,-111.9245517],[210,11]
JMEernDKtxm22HrEOgdhMg,33.3157539069335,-111.77561816783,2,[33.309943813867,-111.804857,33.321564,-111.74637933566],[33,11,78,79]
W2BqQJEQnJrHrioGNSrhxA,33.4986978,-111.9262675,14,[33.4986978,-111.9262675,33.4986978,-111.9262675],[126,11]
8wK7_qZ18mokBxw5zdSo9w,33.403204849999995,-112.00510815000001,12,[33.3058378,-112.0741143,33.5005719,-111.936102],[33,119,99,11,177,201,126,7,108]
gsDol2_oF3grd3kszznZFw,33.6384336,-112.3331529,1,[33.6384336,-112.3331529,33.6384336,-112.3331529],[123,65]
1Ml7lRVIZiXxKQaAyYyEqQ,33.3050704,-111.9918344,3,[33.3050704,-111.9918344,33.3050704,-111.9918344],[64,65]
LqIMIVyAgdyCog8ElhmIzw,33.6272882,-112.2368451,4,[33.6272882,-112.2368451,33.6272882,-112.2368451],[27,11]
l-144cdHj46kdSyrajw9TA,33.868939,-112.142841,2,[33.868939,-112.142841,33.868939,-112.142841],[32,95,222]
OueXJMVylggHlW-hsZqRyw,33.4517161,-112.0764371,1,[33.4517161,-112.0764371,33.4517161,-112.0764371],[57,39,145]
iH6y1T5AZZxaKpSNmvjGWw,33.479572057941596,-111.924071524205,4,[33.4617545158832,-111.92583554841,33.4973896,-111.9223075],[38,126,39,11,96,72,71,119,48,24]
IpialWbikhMiGU2dbSXdrQ,33.5997274583035,-112.0578037,11,[33.508533016607,-112.0965246,33.6909219,-112.0190828],[175,129,79,7,8,6,45,49,28,190,435,108,210,11]
L4D4Ui5xokIl7hxdZacrmg,33.3293195,-111.9842975,2,[33.320943,-111.994513,33.337696,-111.974082],[71,72,73,123,65]
TNZpPptHsnTQ_PMTbN6K3A,33.4346646089965,-111.994210481644,123,[33.4346646089965,-111.994210481644,33.4346646089965,-111.994210481644],[48,11]
ZRNOreKUjoM00nhBvFV1iw,33.508282,-112.048136,2,[33.508282,-112.048136,33.508282,-112.048136],[41,11]
n7xJezjbA86Jc9wpTyGICg,33.419736,-111.833566,3,[33.419736,-111.833566,33.419736,-111.833566],[44,11]
cY2l6uS-j8teYhrVf9Z9Ig,33.327979,-111.9376177,5,[33.321492,-111.947036,33.334466,-111.9281994],[7,8,84,262,60,6,73,72]
Rodc1tdZTqhtyzDVR9N0rA,33.3518,-111.8036,3,[33.3518,-111.8036,33.3518,-111.8036],[26,11]
IPQ6O2M9JxwvmvHpO8-NkQ,33.47711915,-112.0736319,175,[33.4770236,-112.0736348,33.4772147,-112.073629],[109,38,48,39,11,265]
JvVYWmY3xmiu5cpbsGfTaA,33.313774,-111.859677,2,[33.313774,-111.859677,33.313774,-111.859677],[26,11]
K8CenEuIMDtVTpv7L3zTdg,33.332316,-111.977504,177,[33.332316,-111.977504,33.332316,-111.977504],[24,11]
DBB-WZRU-T1rLBpYnhCqOA,33.265541904057955,-111.80060426758,7,[33.2125748081159,-111.925941,33.318509,-111.67526753516],[65,133,10,24,11]
7H4P71XuPBDVhriA4RIluA,33.577003849652,-111.9185358472445,5,[33.4862787,-111.978514194489,33.667728999304,-111.8585575],[11,27,63,26,49,66,322,57,39,145,119]
0le_CJKwEddm216NlOHlVw,33.3702541,-111.9741847,61,[33.3702541,-111.9741847,33.3702541,-111.9741847],[265,11]
uerxfEFUMmMhO3Ie-50jmw,33.3322784,-111.99062185,2,[33.3156591,-112.0048589,33.3488977,-111.9763848],[168,11,48,63,382]
IW7EiO19FSnD5CUk5Jpk5w,33.6407141,-111.9251855,3,[33.5808348,-111.9268582,33.7005934,-111.9235128],[33,48,307,11,26]
zzQ2b-9Xu7-Tl8PNGZuspg,33.4507490211612,-112.07222242955149,10,[33.444801984944,-112.072327136993,33.4566960573784,-112.07211772211],[38,99,39,128,185,11,119]
7GAjxEA-OscXgPt7YFgkBw,33.572743599999995,-111.97819824999999,26,[33.4668722,-112.0476585,33.678615,-111.908738],[182,48,140,11,7,108,142,39,119,26,38,13,6,115,27,63,99,210,64,65,8,200]
Au3Qs-AAZEWu2_4gIMwRgw,33.321874693519,-111.97727729038999,200,[33.266696887038,-111.99153418078,33.3770525,-111.9630204],[28,29,17,11]
AIVQg9enGug5woxehjmlGg,33.4853168,-111.9087436,200,[33.4853168,-111.9087436,33.4853168,-111.9087436],[7,8]
6wkKxBVwQmB2DnjllZvk0A,33.51519655,-111.94899649999999,200,[33.491546,-111.974566,33.5388471,-111.923427],[38,39,40,99,48,11,26,63,57,145]
JqVSeMnxljJKSUeOF701Bw,33.2762703,-111.8753205,5,[33.2762703,-111.8753205,33.2762703,-111.8753205],[99,11]
QD_LBiPYYI8JO_Wct6_WQw,33.410275999999996,-111.7086395,16,[33.363559,-111.925234,33.456993,-111.492045],[39,439,28,102,190,103,6,155,54,156,57,69,402,7,8,45,30,13,110,182,48,140,11]
nxIG978zZpfgmecDlbBZ4Q,33.3789539,-111.8917862,47,[33.3789539,-111.8917862,33.3789539,-111.8917862],[43,11]
FN6pOl_2oKwbpqkSSS6sPA,33.4884297,-112.02975175,7,[33.3216034,-112.132618,33.655256,-111.9268855],[8,26,7,138,139,11,49,319,59,126,88,38,39,140,192]
BhiRY4wv4j_5iIuP__Po3Q,33.5266038,-111.924627,6,[33.5266038,-111.924627,33.5266038,-111.924627],[119,120,11]
5J2hszQ6hM6MG4RTxbvFKA,33.53432825,-111.99638884999999,6,[33.493181,-112.0651592,33.5754755,-111.9276185],[98,7,108,24,11,38,48,39,40,119]
BHKXflq6SbSynqBPvnvsvg,33.454892,-112.069157,4,[33.454892,-112.069157,33.454892,-112.069157],[64,65]
JuDuni9LTjnSZA2zpZCu3Q,33.4952867,-112.3556173,41,[33.4952867,-112.3556173,33.4952867,-112.3556173],[49,28,178,17,29]
LEZRsLZIWIZEMtXXg9Wxzg,33.639896,-111.94439,7,[33.639896,-111.94439,33.639896,-111.94439],[340,210,11]
jwUoRF_zSK1UIfa0Q7gNXg,33.6235377,-111.925553,4,[33.6235377,-111.925553,33.6235377,-111.925553],[4,13,6,115,160]
C0DQQ_wT4GDGv8olUW06ww,33.4969177,-111.924017,53,[33.4969177,-111.924017,33.4969177,-111.924017],[28,17,29]
26N1RI0ppUkUZgIV1KDmkw,33.49996965,-111.92348605000001,49,[33.499006,-111.926703,33.5009333,-111.9202691],[38,99,39,40,11,212,126,293]
eu14yWjbRumsJM1-7LeHng,33.483281,-111.926895,35,[33.483281,-111.926895,33.483281,-111.926895],[63,27,11]
arI_gwHz95TzPZK6jrFQ1w,33.449233,-112.065458,105,[33.449233,-112.065458,33.449233,-112.065458],[27,11]
-a7d79eTKvmkpHZT7ePYDQ,33.545714849999996,-111.93524955000001,146,[33.378445,-112.2707018,33.7129847,-111.5997973],[168,11,63,265,99,33,27,41,24,185,307,212,43,44,7,189,10,182,119,153,62,17,120,117,292,48,26,98,38,39,128]
vwN4cZHFlIwkgYKi1wFNFg,33.3061062,-111.8603327,2,[33.3061062,-111.8603327,33.3061062,-111.8603327],[7,139,225]
hgkd72Zq68ySHFqG4CUHfQ,33.50080825,-111.9984151,4,[33.492335,-112.0731753,33.5092815,-111.9236549],[352,48,11,38,99,39,40,83,6]
x68zq7SMaDXz4uEPiF9r1A,33.4287313,-111.9415049,17,[33.4287313,-111.9415049,33.4287313,-111.9415049],[28,342,240,241]
5le9W91FMDBdYDOquhsNcg,33.4929205,-111.923823,121,[33.491546,-111.924219,33.494295,-111.923427],[11,48,293,39,26]
u4VTpUUwzdwoq1gULgOb4w,33.5198592,-111.91808135,2,[33.5019817,-111.9276185,33.5377367,-111.9085442],[99,48,11,149,224,43]
TxS4sYeyLCztpSJjh5Hy-Q,33.6235418,-111.9255447,4,[33.6235418,-111.9255447,33.6235418,-111.9255447],[33,11]
CO880lPXR9SIcbdahzAdOA,33.356541653793,-111.787988675485,13,[33.220784807586,-111.9927062,33.4922985,-111.58327115097],[126,11,210,190,28,140]
CeU6QoHSewVkVcK29ZcByw,33.4513376,-112.1560021,3,[33.4513376,-112.1560021,33.4513376,-112.1560021],[214,11]
IQR3dZZM9F6nyNmmk6IfUw,33.493106,-111.933799,200,[33.492914,-111.934032,33.493298,-111.933566],[28,17,29,38,99,39,40,48,11,212]
AWcwYAZyqZOheTNEwdAF8A,33.478448315954054,-111.99893015,123,[33.2815660319081,-112.1230703,33.6753306,-111.87479],[7,292,251,11,57,99,91,126,63,265,168,48,27,169,24,69,212,224,97,42,43,145,258,39,28,17,29,206,327,38,40,26,98,33,185,430]
9W_MeofBxF0lEzdKQMN9uQ,33.45254895,-112.06804604999999,200,[33.4486711,-112.0704276,33.4564268,-112.0656645],[46,13,6,30,28,17,18,29,7,449,97,11,322,57,126,99,48]
Emvo5fKADSbyQzAJJ2cBYw,33.5865074,-111.90769622375001,6,[33.5019817,-111.9296765,33.6710331,-111.8857159475],[126,11,46,6,7,8,27]
fDoRfe_kP9N98eWM-8vJpw,33.4947703,-111.97623355,200,[33.3060616,-112.077617,33.683479,-111.8748501],[43,11,212,229,7,9,10,251,313,28,17,29,99,126]
Z7aw8EbiklwKeaIzGj5Otg,33.5096719,-112.0124898,5,[33.5096719,-112.0124898,33.5096719,-112.0124898],[11,63]
RpAShNqCQ8BVeK_XAJfRvA,33.530335,-112.047101,1,[33.530335,-112.047101,33.530335,-112.047101],[26,11]
ScqixMWo7mNF1lgl0EOhNw,33.37831,-111.861418,3,[33.37831,-111.861418,33.37831,-111.861418],[224,11]
Qqwvsoo5DtV9-y859FElNQ,33.591593450000005,-112.0894543,7,[33.4702022,-112.1648254,33.7129847,-112.0140832],[27,11,265,251,24,7,313]
MUmJBMsXhu7lTV2cd1HCNw,33.31648475,-111.9613258,200,[33.313553,-111.9652346,33.3194165,-111.957417],[185,11,63,26]
WPnoGr_ukB5BubC3bITkjQ,33.6238474681719,-112.0370722,27,[33.4033669363438,-112.133957,33.844328,-111.9401874],[38,140,39,40,48,11,28,17,29,65,105,133,85,6,27,109,26,7,139,189,10,24,49,57,327,330,175,129,79]
44R1syuo0et8sLtRnCojkw,33.470149500000005,-111.87141835,200,[33.3098443,-112.0736563,33.6304547,-111.6691804],[57,186,6,307,212,43,11,177,140,38,39,40,48,101,56,28,170,7,292,99,251,224,182,172,24,49,312,504,91]
jEVt4CQiOLY3VHyu8N3gbA,33.351139,-111.963499,148,[33.351139,-111.963499,33.351139,-111.963499],[33,11]
K2eG-tq94AOFgOHlui2_gw,33.4256064,-111.9236994,33,[33.2774461,-112.1091081,33.5737667,-111.7382907],[119,99,120,11,98,7,229,24,84,414,6,419,13,27,63,139,225,185,39,212,126,293,33,142,108,292,361]
73L8YnUoGVK5wyT0l5NKDw,33.640246,-112.229329,1,[33.640246,-112.229329,33.640246,-112.229329],[26,11]
g-5aOiGQbtlACKsWzb3-1g,33.47591355,-111.9976418,200,[33.449233,-112.0739689,33.5025941,-111.9213147],[33,119,11,28,17,18,29,27,63,24,46,6,38,39,7,142,99,206,48]
3j84GFWj8izOI5lXt-eGGw,33.3432384,-111.9592559,2,[33.3432384,-111.9592559,33.3432384,-111.9592559],[49,146,445,80,59]
SmqIiymHEo4gw9In3vLi0A,33.24463,-111.63408,39,[33.24463,-111.63408,33.24463,-111.63408],[212,41,11]
sdVzdWFhIRU_wvesG6qTeQ,33.2762703,-111.8753205,1,[33.2762703,-111.8753205,33.2762703,-111.8753205],[99,11]
38nlRvRMUjePMMWbN5-kjA,33.5112128,-112.07279145,5,[33.5092756,-112.073765,33.51315,-112.0718179],[48,11,63]
Zvkl4Aj-ty72UDXBsLPzgw,33.321864,-111.726244,2,[33.321864,-111.726244,33.321864,-111.726244],[7,24,108,119,11]
4OVKTcAZkXSChwrZnkPVSQ,33.416081399999996,-112.0123227,11,[33.321342,-112.0800705,33.5108208,-111.9445749],[63,27,24,11,119,7,108]
BtFa_dIBLL9tGmJVWEqqOg,33.68131776591255,-112.08652676874999,15,[33.4932177,-112.2802734375,33.8694178318251,-111.8927801],[99,11,49,304,39,38,26,128,168,265,63,33]
62ui4kpDuBVjPf0-xGn4jg,33.34447575,-111.91405735000001,3,[33.2612195,-111.943236,33.427732,-111.8848787],[26,11,109,38,27,39]
zU0_Br_RMC4oYSISOXzWog,33.624036015123,-111.928024291992,50,[33.624036015123,-111.928024291992,33.624036015123,-111.928024291992],[206,11]
itOOf5rusirI39Fdypm9Ew,33.46719575,-111.9138759,3,[33.4329724,-111.923449,33.5014191,-111.9043028],[33,265,185,11,104,179,65]
TmwSDGxbtXo0vndEvEFG4A,33.4492414,-112.072854,1,[33.4492414,-112.072854,33.4492414,-112.072854],[38,39,40]
MU7eTfBqjBiuotep9Wfs5A,33.3999435,-112.0297841,1,[33.3999435,-112.0297841,33.3999435,-112.0297841],[185,11]
kb2swXmT1yAAg2EbLOZo_A,33.4834483,-111.9097397,12,[33.4799784,-111.9107414,33.4869182,-111.908738],[212,11,39,119,26,38]
R1ELYqt3G2BPF1BQ38EwBQ,33.3775316,-111.8596924,3,[33.3775316,-111.8596924,33.3775316,-111.8596924],[210,181,11]
LEMo0cxymrXQk89snWSf-g,33.4948977,-112.0637645,1,[33.4948977,-112.0637645,33.4948977,-112.0637645],[27,11]
rKiKokChTSYQaoZAkU9kEQ,33.495156752837346,-112.15077473253,47,[33.3779965056747,-112.39201426506,33.612317,-111.9095352],[49,52,469,146,33,119,24,11,117,7,108,126,26,114,13,6,115,168,169,88,38,47,39,99,128]
GdoVDlksQl9XFncSHP3Wow,33.49685545,-111.99837575000001,3,[33.490698,-112.0039285,33.5030129,-111.992823],[7,247,195,65]
KeW8Pmr7IEzBAHBWvwV9AQ,33.558200049652,-111.9803733,4,[33.4486711,-112.0662996,33.667728999304,-111.894447],[322,57,39,145,28,17,29,99,11]
JXf0xtfgQJoN-hjl9iaWeg,33.4922985,-111.9245517,1,[33.4922985,-111.9245517,33.4922985,-111.9245517],[210,11]
tyFMCLu3ezddOzIP-nTFuA,33.3765338041353,-111.9625466447295,2,[33.331655,-111.982113,33.4214126082706,-111.942980289459],[33,119,99,11,7,108]
3rF4DD8mrxqbNFEARrgCbQ,33.678615,-111.9746066,3,[33.678615,-111.9746066,33.678615,-111.9746066],[30,13,6]
vPwuN6G5Miv22Trw1Et3VA,33.529872100000006,-112.0327939,11,[33.494646,-112.0771705,33.5650982,-111.9884173],[109,38,210,39,11,168,99,43,26,182,48,140,205,40]
NzYEA8AZo1KnNjjklUVFzQ,33.4226376,-111.92745099999999,22,[33.4194512,-111.938976,33.425824,-111.915926],[88,38,39,24,11,28,17,29,7,47,48]
g1TlpHiO5q1rN6J470aWsw,33.5997853,-111.9869486,1,[33.5997853,-111.9869486,33.5997853,-111.9869486],[119,201,99,11]
_nffzo0sK8aYVhH7emeWEg,33.41015085,-112.2070405,4,[33.343721,-112.521877,33.4765807,-111.892204],[211,75,32,381,26,11,7,187,139]
HCGPwiaNfhojmuR4PgfPuQ,33.43475,-112.00644,2,[33.43475,-112.00644,33.43475,-112.00644],[28,170]
QlhHz81ConwrEAwZ1cYIYQ,33.5969051,-112.03757315,2,[33.5381392,-112.0631483,33.655671,-112.011998],[7,108,142]
-ojTA-_Km-ZoD0qjAj2oSA,33.309975129193006,-111.7902597841975,6,[33.306176258386,-111.859677,33.313774,-111.720842568395],[26,11,43]
HX3NKRJRsbSr7ft6fgP1Bw,33.378445,-111.638297,1,[33.378445,-111.638297,33.378445,-111.638297],[99,11]
h3KJd-kZ_mIpzPv5Jmn42A,33.5087368,-111.9953195,5,[33.5087368,-111.9953195,33.5087368,-111.9953195],[11,63]
gqtak7Wz8azWHlAMkx6Acg,33.54904125,-111.99061325,162,[33.4194675,-112.100731,33.678615,-111.8804955],[27,11,98,7,108,26,33,117,48,119,24,38,39,10,9,127,44,212,63,99,162]
y00oZaBgHET4IY0VfOw4SA,33.43513075,-111.85073655,8,[33.375057,-112.0142961,33.4952045,-111.687177],[10,48,24,11,7,137,8,139,26,98,119,108]
1aoN21b5hSz-YGXZ8rAFeA,33.639637300000004,-112.1348448,2,[33.6394827,-112.1368503,33.6397919,-112.1328393],[11,64,123,65]
2nXVVKX3K4Httr7-IU1Rew,33.4785507,-111.98824195,75,[33.455036,-112.052224,33.5020654,-111.9242599],[140,192,323,11,28,17,29,7,162,168]
gCgGWmJIv08oJ6fpi98-Iw,33.471677,-111.926688,1,[33.471677,-111.926688,33.471677,-111.926688],[411,476,54,82,59,49]
vE4wudLqWtIoRT13qgE_jA,33.4931793,-111.9320931,3,[33.4931793,-111.9320931,33.4931793,-111.9320931],[39,26,127,11]
8wvbovLW0Ip3UaY8QqZbLA,33.44789475,-111.99267664999999,21,[33.3118314,-112.12561,33.5839581,-111.8597433],[26,11,7,142,119,63,27,24,108,117,214,361,185,48]
DJnYMGgwcJzV_9CIvU8icQ,33.502191,-111.996292,1,[33.502191,-111.996292,33.502191,-111.996292],[109,38,11,39,63]
GBSpKeE9Fe5Gx5H5YXTgsQ,33.5685167,-111.91065975000001,21,[33.554825,-111.9216835,33.5822084,-111.899636],[119,11,201]
h3MWqj3CCZdt9yTBKHkOZg,33.45132675,-112.07249734999999,30,[33.449858,-112.075677,33.4527955,-112.0693177],[26,127,11,307,27,172,7,9,10]
r2LDhWtLL7HP3yqG0gN1OA,33.523638399999996,-112.26394225,2,[33.4508919,-112.3926148,33.5963849,-112.1352697],[78,79,25,6]
i5UMQuT3-Kir160KU8S1lw,33.44955,-112.07175,16,[33.4492,-112.0739,33.4499,-112.0696],[26,11,7,108,119]
D5HexnkldyKVnr3J4ocRUg,33.39987525,-111.9309204,20,[33.2985895,-112.056065,33.501161,-111.8057758],[27,11,7,9,84,147,313,49,80,59,108,338,201,48,26,206,24]
utmdkfgiqKqH5XwV9ulDeg,33.361662285,-111.878643781,4,[33.361662285,-111.878643781,33.361662285,-111.878643781],[1]
l1eXX3p2WL_02FWw5TXhsA,33.4382789,-112.0178286,200,[33.4382789,-112.0178286,33.4382789,-112.0178286],[68,366]
DrCsDwUd-uih6qBGseUYBA,33.4951005,-111.9286351,2,[33.4951005,-111.9286351,33.4951005,-111.9286351],[84,419]
8ssmG3IioT84KRiKE_xH0A,33.349476,-111.80505,4,[33.349476,-111.80505,33.349476,-111.80505],[106,54,107]
XksAcrerz5N02-0Kg3bvUA,33.393841,-111.842039,1,[33.393841,-111.842039,33.393841,-111.842039],[38,39]
d2fTOy_pYeQyn3WIxGMTzA,33.4943696,-111.914338,11,[33.4869182,-111.919938,33.501821,-111.908738],[265,185,11,39,119,26,38]
aHpOgWXsf8BUy6KLCdBs_w,33.303233,-111.842532,1,[33.303233,-111.842532,33.303233,-111.842532],[7,33,48,47,11]
B_62qSWRi2pfCpVHdl-spQ,33.3049006,-111.741423,1,[33.3049006,-111.741423,33.3049006,-111.741423],[129,278,79]
Pmt2ITKgewXDTY1z0YbQLg,33.318093,-111.982438,1,[33.318093,-111.982438,33.318093,-111.982438],[289,6,77,35,76]
MULzi5Iu3EBknUBulNRGXQ,33.4194512,-111.915926,1,[33.4194512,-111.915926,33.4194512,-111.915926],[38,7,47,88,39,48,11]
LjlrZcceysZvCsy2kCMLtQ,33.45099775,-112.06945884999999,200,[33.4492,-112.0696,33.4527955,-112.0693177],[177,140,11,99,48]
ATBRovzxPQSF7mGHBNezbw,33.6986512,-111.9174872,1,[33.6986512,-111.9174872,33.6986512,-111.9174872],[39,224,38,11]
4IciSkmUo8xgW5Ithk12vg,33.5024987,-111.9258947,8,[33.5024987,-111.9258947,33.5024987,-111.9258947],[7,292]
OESKxoNFZcKl47NrOubgAQ,33.5239186,-111.831670825485,77,[33.2174671,-112.0800705,33.8303701,-111.58327115097],[265,126,97,11,6,284,35,57,56,43,7,36,38,39,109,244,172,259,260,98,79,121,206,247,48,182,140,32,433,252,77,137,8,139,224,99,88,40,63,194,26,33,119,440,168,116,113,49,128,341,251,27,24,246,17,423,108,338,190,28,130,92,15,216,65,133,449]
ZMt-Ch1s-DtC96h7RnNWFw,33.383883,-111.812246,47,[33.383883,-111.812246,33.383883,-111.812246],[49,409]
TWUQw8nmKAkUv7gzPWS4Pw,33.822433849999996,-112.1319487,50,[33.8005397,-112.133957,33.844328,-112.1299404],[26,11,33]
TNHwkD2LXBUgFCYF_AHipQ,33.4358405,-111.95467,11,[33.4358405,-111.95467,33.4358405,-111.95467],[49]
fNkRP-ZiQTDUnmFtOmowSQ,33.32697175,-111.99592315,7,[33.305066,-112.015245,33.3488775,-111.9766013],[6,45,7,10,9,11,78,79,63,27]
moMhzjo6SwALi3C9E5pkHw,33.566076550000005,-112.0622224978335,14,[33.4211681,-112.200326,33.710985,-111.924118995667],[15,6,191,26,11,119,99,7,108,57,17,62,48,421,65]
OgDyCVeZtouXDZEymExa1g,33.475129499999994,-111.91892100000001,6,[33.426368,-111.9398551,33.523891,-111.8979869],[88,101,38,39,40,298,11,265,185]
4J17VzosQ2x2O9pZv59zYQ,33.2774819,-111.7316557,1,[33.2774819,-111.7316557,33.2774819,-111.7316557],[32,314]
3VgHutPPmF3TbWwIzlSNCA,33.52259235,-112.03861265,18,[33.4596905,-112.088808,33.5854942,-111.9884173],[26,11,101,38,39,182,48,140,224,219,218,41,265,33,63,27,127]
BFzp34CongI8FAnFrC4WNA,33.38483175153425,-111.9049603,26,[33.2918306030685,-112.0534197,33.4778329,-111.7565009],[38,99,128,39,296,11,27,208,6,35,474,49,80,82,59,177,219,218,41,123,65,50,52,48,130,32,33]
mKdclgspwAWJOazQHfB2AA,33.443780649999994,-112.00159595,8,[33.3782241,-112.0739689,33.5093372,-111.929223],[109,38,48,39,11,99,212,63,97,177,27,24]
2bdxd3c2CXP5UxboQ7agrw,33.4963458,-111.92846515,16,[33.493181,-111.9297091,33.4995106,-111.9272212],[38,48,39,40,11,109,440]
xvg_0yEE5OiRlBNCd6nxlg,33.487032299999996,-112.0349103,7,[33.4642695,-112.0741442,33.5097951,-111.9956764],[38,99,39,11,48,63]
7FBFq151YXe1aEnkFqnEKA,33.41146115,-111.96921334999999,200,[33.3117903,-112.0972094,33.511132,-111.8412173],[38,7,47,88,39,48,11,149,26,28,17,29]
Xj1i3Bge-7KAhg0nm6ikjA,33.4537869019623,-111.927165985107,5,[33.4537869019623,-111.927165985107,33.4537869019623,-111.927165985107],[182,172,11]
q13kODwTH9yPaLZt7fSR8w,33.418881400000004,-111.93936819999999,10,[33.4150348,-111.960264,33.422728,-111.9184724],[26,11,97,98,7,24,244,172,182,48,140,43]
0F2TzQoC1KG1pOqe3wC6gQ,33.52590495,-112.0811607,5,[33.422728,-112.238107,33.6290819,-111.9242144],[88,38,39,89,11,48,205,182,99,128]
WoQ2dlVaAZUEuKKKY679pw,33.42263,-111.940813,3,[33.42263,-111.940813,33.42263,-111.940813],[307,212,43,11]
y23C9j5c71z7Fa5irCC25w,33.4708132,-112.06935335,2,[33.4354553,-112.0739136,33.5061711,-112.0647931],[309,285,11,98,7]
dQEH5gSceaKoS6t2b_octA,33.710890649999996,-112.1142184,57,[33.706685,-112.114738,33.7150963,-112.1136988],[99,11,28,17,18,29]
fEjDFzsmwWwZlfHdp_h0Nw,33.45937735,-111.9960192,20,[33.351089,-112.1490084,33.5676657,-111.84303],[149,126,11,97]
xBEHlvIJNli7wovQOzwqmA,33.530341,-112.047095,62,[33.530341,-112.047095,33.530341,-112.047095],[127,11]
Db5IKqE1M2iP5EnZNDroRQ,33.54621675,-111.97796645,53,[33.4194512,-112.065458,33.6729823,-111.8904749],[109,38,11,39,440,28,17,18,29,33,188,23,63,30,13,6,126,97,205,40,48,49,80,59,7,8,119,26,24,57,327,36,265,27,99,44,168,313,47,88,142]
2Uh-8nt_opzgjUgggWZraA,33.44510405,-112.06783859999999,41,[33.319395,-112.2692793,33.5708131,-111.8663979],[88,38,39,24,11,117,7,292,142,4,6,100,425,182,48,140,63,27,26,128,377,126,224,307,212,43,15,191,148,47,89,373,97,33,119,99,12,114,13,163,109,98]
i5pnQwXsZmug_ghQbdwiMw,33.321269,-111.970802,76,[33.321269,-111.970802,33.321269,-111.970802],[99,11]
4V9Hb-Sya2YQjt5m-BdxbA,33.33809775,-111.9359245,8,[33.276252,-112.0297841,33.3999435,-111.8420649],[24,11,224,185,7,162,43,177,140]
8WQubmP7G0NM3IyzyMnCEA,33.36665105,-111.969326225485,200,[32.902932,-112.3553813,33.8303701,-111.58327115097],[309,11,43,7,8,247,63,26,126,97,168,127,182,48,140,224,27,208,130,6,32,35,119,9,10,212,33,38,39,142,185,379,109,218,71,72,192,265,200,307,99,149,108,313,172,449,24,145,57,88,298,260,40,259,138,139,41,323,190,28,42,251,76,486,101,416,187,120,98,117,162,311,129,278,79,285,351,157,103,352,134,135]
CqKt5QVidwwWQwRTu_vOQA,33.4857546,-111.9091955,12,[33.4857546,-111.9091955,33.4857546,-111.9091955],[44,24,11]
lBERGCqDKgtS7zwQM49ilg,33.4252835,-111.9773499,2,[33.4252835,-111.9773499,33.4252835,-111.9773499],[37,32]
nn2rgORMZ1S22O5MMUn4Zg,33.474145750000005,-112.02872435,13,[33.4527955,-112.0693177,33.495496,-111.988131],[99,48,11,212]
IkRYehCnyqDV-KsI4LWPnw,33.399991,-111.939886,1,[33.399991,-111.939886,33.399991,-111.939886],[11,63]
c3staSLmXY8d6z97YtLAGw,33.4346646089965,-111.994210481644,7,[33.4346646089965,-111.994210481644,33.4346646089965,-111.994210481644],[48,11]
B1g6l9oZfUP_3FOOC8_iSQ,33.652101172709,-112.23368174504,2,[33.652101172709,-112.23368174504,33.652101172709,-112.23368174504],[7,142]
4RFxVkcxUY98k-Rk9E35cQ,33.6077660588006,-112.481632232666,200,[33.6077660588006,-112.481632232666,33.6077660588006,-112.481632232666],[12,13,6]
mignuangYnYmlVoOTMH9Xw,33.510874,-111.922424,3,[33.510874,-111.922424,33.510874,-111.922424],[28,17,29]
9ZVuM4JVscjS7K_65WkGig,33.420571,-111.942444,5,[33.420571,-111.942444,33.420571,-111.942444],[38,168,298,88,39,11]
fUBy5NdfpsffhUah2O56wA,33.6235377,-111.925553,5,[33.6235377,-111.925553,33.6235377,-111.925553],[27,11]
MfoPi7YmpPyB3hUvQZ-zhw,33.5088652465793,-111.925004124641,5,[33.5088652465793,-111.925004124641,33.5088652465793,-111.925004124641],[11,63]
5xUUzFaKAcrFOPTgMKBfww,33.48077245,-112.0515265,63,[33.448775,-112.079564,33.5127699,-112.023489],[38,48,39,40,11,224,109,63,57,145]
GU6rcPRADsnXvaMFShimhQ,33.5919092,-112.06581195000001,50,[33.4710214,-112.200264,33.712797,-111.9313599],[26,11,7,9,119,265,10,142,177,144]
g5QxNUDDU3iATH1H-vE8Og,33.496082900000005,-112.04375755000001,2,[33.4804921,-112.0653185,33.5116737,-112.0221966],[210,11,63]
_kOY5cdtI73oFMPK6OFMgA,33.4087263,-111.9571684,13,[33.3060616,-112.0740241,33.511391,-111.8403127],[26,11,177,140,24,119,265,99,185,126,224,182,219,218,41,48]
9iAHI89dHgU0pl-HEaBA2w,33.34168245,-111.83771505,10,[33.2994159,-111.88557,33.383949,-111.7898601],[119,99,11,63,27]
vZAArMLNqxmOfnRMZTbW8w,33.6869629,-111.87294345000001,45,[33.6471188,-111.8927801,33.726807,-111.8531068],[265,185,11,39,63,99,38]
EvLjGCcQ2gXyRqSWJ8NT_Q,33.277645474259,-111.87433084356,2,[33.277645474259,-111.87433084356,33.277645474259,-111.87433084356],[7,142]
LlHKw2jiXFSyLADpZjHTZw,33.5794806563847,-112.118804454803,1,[33.5794806563847,-112.118804454803,33.5794806563847,-112.118804454803],[38,273,128,39]
6-rRFuWgoDp6_g-KzY8BnQ,33.5520136,-112.0999471,16,[33.5520136,-112.0999471,33.5520136,-112.0999471],[251,11]
1QIW0BgmGESfNdKcfqNT3g,33.31964695,-111.97075465,2,[33.304138,-111.978392,33.3351559,-111.9631173],[74,24,11,54,55,122]
5TL_J5uCWo410wWV7yTCvw,33.388549,-111.856707,7,[33.388549,-111.856707,33.388549,-111.856707],[155,54,6,156]
gs3z4v2R2jFhp2A6W15DIw,33.5437567,-112.037939,3,[33.4483771,-112.150244,33.6391363,-111.925634],[210,11,32,265,126,97]
02SmyhfYo1QtMQrC4T2Z4Q,33.66442175,-111.9448469,9,[33.4951366,-112.0012318,33.8337069,-111.888462],[48,11,168,265,307,27]
0cwi-Haoc48Xgv3H0eiFQA,33.5434486,-112.02375685000001,12,[33.4471735,-112.1223355,33.6397237,-111.9251782],[161,195,65,352,48,11,126,97,38,39,40,119,251,99,218,41,27,63]
XwwVAjlatouyO2N_L8HaJA,33.4943119,-111.96047605,11,[33.479887,-111.9953195,33.5087368,-111.9256326],[11,63,7,142,224]
9a6ncXGd5fFQjp1AU4ZMZA,33.4505863,-112.07167749999999,31,[33.4483771,-112.0740373,33.4527955,-112.0693177],[48,11,26,7,292]
Od5yn2M26nxN3wRE42qphQ,33.393234500000005,-112.02499599999999,9,[33.34167,-112.066662,33.444799,-111.98333],[84,291,57,327]
le3uUb-O_KlrhywrKlty9w,33.466112,-111.917542,1,[33.466112,-111.917542,33.466112,-111.917542],[98,7,307,162,11]
Wfc81zdN4JpxXmTnG7oC6w,33.458839,-112.082895,200,[33.458839,-112.082895,33.458839,-112.082895],[26,11]
brRr5SRQyzYa6S623Kvd5Q,33.44394255,-111.99791525,200,[33.43475,-112.00644,33.4531351,-111.9893905],[28,170,17,29,38,99,39,11]
ypIqy8-gu_OHbRcKrzn7ow,33.6462961,-111.9189477,10,[33.6462961,-111.9189477,33.6462961,-111.9189477],[99,11]
2I4BThJk3NF8ae3H25gnhg,33.4932569,-111.92378565,78,[33.491546,-111.9241443,33.4949678,-111.923427],[26,11,48]
waDs8iY1cJDtuL8-7ZOD-g,33.4512855,-111.8383056,2,[33.4512855,-111.8383056,33.4512855,-111.8383056],[224,11]
-raymRJkFAvBYFMuNuk7JQ,33.4731729,-112.0801056,16,[33.458871,-112.0830342,33.4874748,-112.077177],[26,11,206,63]
usZB9KTOna8AfG3CvCAThQ,33.19142495,-111.94349255,7,[33.0690759,-112.0458143,33.313774,-111.8411708],[26,11]
SHeeGBOf1KZPbsq6Noo8Lg,33.3839362692209,-111.965173494692,2,[33.3839362692209,-111.965173494692,33.3839362692209,-111.965173494692],[12,114,13,6]
PBnaEyGkXjeqXzZ_U1yofQ,33.4957851,-112.0473892,53,[33.4957851,-112.0473892,33.4957851,-112.0473892],[48,11]
l7x6wmHjGr3u02-xNAoIYA,33.458871,-112.077177,1,[33.458871,-112.077177,33.458871,-112.077177],[11,206,63]
0Utl86_U8SBNgphEl0NdPQ,33.55835915,-112.0279749,37,[33.5095354,-112.1156244,33.6071829,-111.9403254],[33,11,48,185,84,291]
irAT2Tvbtjef9-EqHZZTDA,33.4801394,-112.0915342,6,[33.4801394,-112.0915342,33.4801394,-112.0915342],[24,11]
xJx4JHaNBhluOIJXl2_0TA,33.538144,-112.096976,2,[33.538144,-112.096976,33.538144,-112.096976],[43,11]
cQH6xFHA8ICrrPdQmtcfJQ,33.534203,-112.2618153,9,[33.534203,-112.2618153,33.534203,-112.2618153],[182,99,11]
rYLbXiiMwc-iEIuZWtvmdQ,33.572329720571545,-112.1420145563505,7,[33.4611804411431,-112.359774112701,33.683479,-111.924255],[98,7,126,97,307,11,10,161,28,29,17,65,6,345,84,346,141,23]
hgo8q9ZQacW36bMdI2om8Q,33.4352894,-111.9248982,9,[33.4352894,-111.9248982,33.4352894,-111.9248982],[33,44,11]
RW4IaTPNzdbvpiI2ogfSwQ,33.49416485,-112.03770015,90,[33.4787943,-112.0478085,33.5095354,-112.0275918],[26,11,33]
p3u9PAItr1ikie6ZGlSccQ,33.365327,-111.860206,1,[33.365327,-111.860206,33.365327,-111.860206],[249,6,15]
LJFeMU7N89lTjS3-Fbt-Jw,33.51044575,-112.17151735,3,[33.4884066,-112.2603562,33.5324849,-112.0826785],[99,11,27]
3-ObKFlvEAuBSDmQIkVMfQ,33.449233,-112.065458,14,[33.449233,-112.065458,33.449233,-112.065458],[27,11]
KfWLb9vWJda7CurbXSS-gA,33.509243198528154,-111.9183453746935,4,[33.3637683,-111.926296949387,33.6547180970563,-111.9103938],[7,137,8,139,33,11]
RnwoknGkfA1t_S0ONUIDZw,33.2611314,-111.8604649,3,[33.2611314,-111.8604649,33.2611314,-111.8604649],[43,11]
CtHJ8YRU8Rnn-vEGhgoupg,33.62821745,-111.9936685,32,[33.422728,-112.100731,33.8337069,-111.886606],[27,24,11,26,48,117,126,97,88,38,39,89,182,140,84,339,212,168,265,307,49,80,82,59]
kR86gUPgfUumFxtpm0VehA,33.63006709291645,-111.9259877939515,5,[33.6244671692423,-111.927910236417,33.6356670165906,-111.924065351486],[24,11,177,140]
-AnjfTeA4379FWfjoPKA0A,33.445251,-111.8996175,5,[33.413324,-111.925799,33.477178,-111.873436],[119,48,24,11,43]
lIzNmckIF2hyBJv0NacNmA,33.493385,-111.925028,15,[33.493385,-111.925028,33.493385,-111.925028],[7,139,24,11]
i9AxMEwJeqThtvtoxf87Eg,33.4465415,-111.93353615000001,2,[33.392538,-111.940663,33.500545,-111.9264093],[140,177,192,11,119,99]
kk05snSafuIFK0lsxoMNzA,33.5258855,-112.032171325104,132,[33.360804,-112.345359,33.690967,-111.718983650208],[7,108,265,11,130,32,63,27,49,52,36,8,247,48,119,139,24,97,72,395,33,44,28,271,129,121,79,46,6,212,84,166,339,229,168,182,38,39,40,126,172,251,140,181,169,476,80,82,59,170,309,285,109,142,98,206,74,362,20,23,99,147,128,292,117,9,10,175,185,202,26,167,65,78]
__klNeffo7Qjcbwoj65Guw,33.683479,-111.966112,1,[33.683479,-111.966112,33.683479,-111.966112],[212,229,11]
FNbm3ycU2BF8C17UFfWzOg,33.45848195000001,-112.012614873515,120,[33.3497429,-112.115581,33.567221,-111.90964874703],[14,15,6,24,11,101,88,38,39,40,33,128,57,145,186,273,74,27,61,13,26,99,117,168,298,48,7,8]
E_Wc5PLprjk5MjdFKddG-A,33.670908,-112.200966,1,[33.670908,-112.200966,33.670908,-112.200966],[7,142]
VRzQrrqpEonzull95pDCww,33.6127324,-112.01334134999999,4,[33.5971367,-112.0142173,33.6283281,-112.0124654],[43,11,48,99,27]
0nwGDBBbMyu1wUGhmVtMnw,33.5634174,-111.9475691,105,[33.546,-111.96828,33.5808348,-111.9268582],[33,48,307,11,119,127]
s5FgO-U_-TJBzTIPkhVtsQ,33.365327,-111.860206,9,[33.365327,-111.860206,33.365327,-111.860206],[183,421,65]
9Ls-onuzMcA8kZLfefy6cA,33.577691,-111.927632,2,[33.577691,-111.927632,33.577691,-111.927632],[49,80,82,59]
VGw_CarXmsHf-0lpKJpJPg,33.53886115,-111.9057085,5,[33.4942423,-111.927891,33.58348,-111.883526],[39,119,48,38,11,43,24]
OIIz0WoudqkFxwqlsRdZBQ,33.424681500000005,-111.817914,11,[33.380375,-112.074315,33.468988,-111.561513],[43,11,119,26,123,65,48,24]
5MPyxOIueY2nJCugQ-dxRg,33.636322,-111.922456,31,[33.636322,-111.922456,33.636322,-111.922456],[265,11]
1GmKxNW7EdO-DHrpKbiKiQ,33.4548476,-112.0800705,12,[33.4548476,-112.0800705,33.4548476,-112.0800705],[63,27,24,11]
rfhekGGIqRb_zYFuMHe3sA,33.480203,-111.9825532,2,[33.480203,-111.9825532,33.480203,-111.9825532],[26,11]
SDjOxrb9qQZgFY_9YOUt1A,33.5823384,-111.6801411,27,[33.5823384,-111.6801411,33.5823384,-111.6801411],[28,17,18,29]
FCiz_53Ue0E3fO5QK3b1pw,33.4658536,-112.1649839,6,[33.4658536,-112.1649839,33.4658536,-112.1649839],[28,17,29]
zFfXgANzhIcD-JkdBygcZQ,33.4441279,-111.98460564999999,71,[33.378216,-112.0462108,33.5100398,-111.9230005],[38,168,298,88,39,11,219,218,41,57,145,101,48,212,182,172,12,114,13,6,163,49,193,59,33,109,119,26]
7L-_Ig5fUeg6AdBkMSli1g,33.5252117,-112.0476197,1,[33.5252117,-112.0476197,33.5252117,-112.0476197],[79,121]
QF4Ds0ryf0RQzqgCaqnUZg,33.316239,-111.968917,1,[33.316239,-111.968917,33.316239,-111.968917],[26,11]
Py-iGXvODnHodfVXWmpaTg,33.4983571,-112.0535387,200,[33.4354553,-112.1156244,33.5612589,-111.991453],[38,140,39,40,48,11,177,24,26,309,285,185]
5ylJzhyLRwlGXDHujB_Pnw,33.523685799999996,-112.08753115,6,[33.4796744,-112.1609791,33.5676972,-112.0140832],[7,313,43,11,185,84,86]
wyXk5qAx_KQr35UNmyXq-g,33.8303701,-111.9317707,13,[33.8303701,-111.9317707,33.8303701,-111.9317707],[48,11]
31U3QyHBO4-vdy9xfTv7Pg,33.43042105,-112.0008531,12,[33.3480722,-112.0915007,33.5127699,-111.9102055],[109,38,11,39,63,27,101,88,40,105,65,224,251]
vAftB0HEUsCOj2QaiNW5dw,33.622686,-112.237023,3,[33.611537,-112.238173,33.633835,-112.235873],[185,11,26,39]
bVjlC9yiJM9nvp05iMdfFA,33.5160662,-112.029562,22,[33.5160662,-112.029562,33.5160662,-112.029562],[119,48,11]
RCjuKSuPezW6qI3ZKgkncA,33.540148601934945,-111.9562241,65,[33.421676,-112.081705,33.6586212038699,-111.8307432],[7,8,119,11,38,128,39,142,210,57,69,48,109,63,65,133,311,88,201,26,182,140,49,50,52,98,10,9,232,400,194,30,13,6,108,126,97,212,361,72,154,89,99,40,185]
1mRzBLuY-0Li0la7ptXJSg,33.3933063,-111.9082183,25,[33.3933063,-111.9082183,33.3933063,-111.9082183],[27,11]
4CgusCZkipvUhvBZrRD46w,33.4866655,-111.99328349999999,56,[33.337009,-112.202073,33.636322,-111.784494],[24,11,219,218,41,224,251,88,38,39,298,48,340,259,260,7,138,8,139,43,474,10,265,63,168,144,177,140,99,210]
j5ThEB7aE0z8g9jeq7ImgA,33.4560225548764,-111.8653551,14,[33.2664769,-112.0480242,33.6455682097528,-111.682686],[48,11,49,178,43,28,29,17,168,265,126,97,307,158,26,127]
Wot_rDtXUsxe676CfOtjKg,33.545329,-112.043169,139,[33.545329,-112.043169,33.545329,-112.043169],[26,17,18,11]
Z0jU2LSPUGBModCAyeqOQg,33.333925,-111.891194,1,[33.333925,-111.891194,33.333925,-111.891194],[106,54,107]
AmqcbQ9pXg1oMRtQ7yuWag,33.48814795,-112.0567923,6,[33.415037,-112.1156244,33.5612589,-111.9979602],[48,185,11,168,26,28,271,17,29]
TzG6-nMD0nh8gATt-ZaqMg,33.49493245,-112.0635584,24,[33.4580232,-112.0995348,33.5318417,-112.027582],[38,39,11,430,109,63,84,125,26,99,33,128,24,57,7,36,69]
jJNl08GYKUnX_wcFG57nKQ,33.508954,-112.0293073,2,[33.508954,-112.0293073,33.508954,-112.0293073],[28,17,29]
uzekHiz1EuRz0OnBJBswRQ,33.633660750000004,-111.96934404999999,2,[33.6267322,-112.0474847,33.6405893,-111.8912034],[224,11,63,27]
B5eRL0L_ZgEQVHz6xuWoHw,33.492381,-111.9259469,5,[33.492381,-111.9259469,33.492381,-111.9259469],[265,48,11]
W5klqSNCdx3GUdsrveCrzQ,33.479056099999994,-112.07019085,2,[33.448775,-112.079564,33.5093372,-112.0608177],[212,63,97,11,57,39,145]
SbzANP6hRVwDU5pbtz5ANw,33.468466500000005,-112.0552165,73,[33.304492,-112.236796,33.632441,-111.873637],[126,97,11,7,98,8,10,88,38,39,298,47,24,212,26,43,119,63]
_bX5znziYf1uBBYuxiHKfQ,33.5160662,-112.029562,200,[33.5160662,-112.029562,33.5160662,-112.029562],[161,28,65,17,29]
uTL2VV3GBGB5nm_BKO1q7Q,33.3545993,-111.7898391,2,[33.3545993,-111.7898391,33.3545993,-111.7898391],[119,99,11]
-TAJfR0ko-9zY4f4sIK_xA,33.42763185,-111.9911678,7,[33.3490926,-112.0647931,33.5061711,-111.9175425],[7,292,195,65,98]
dCrd49_lbC3YAgTOZZwYmg,33.5671501,-111.925924,2,[33.5671501,-111.925924,33.5671501,-111.925924],[212,43,11]
P-NHUAal77wTgPo7MK1HlA,33.52268318277845,-112.136546060832,8,[33.407162534253,-112.363443374634,33.6382038313039,-111.90964874703],[117,11,7,449,108,251,212]
G5wViODnyHHpTnY2TUSNNQ,33.574883,-111.888113,1,[33.574883,-111.888113,33.574883,-111.888113],[26,11]
0mkn2kvu8ZBX7LwCIVg9xw,33.667149699999996,-111.95231725,10,[33.6556844,-111.9746066,33.678615,-111.9300279],[33,99,117,11,251]
uaoukpaSPrhaLE9-eLJ-Cw,33.447329992472,-112.072001861055,200,[33.444801984944,-112.07211772211,33.449858,-112.071886],[28,17,18,29,38,99,39,128,185,11]
1E13KtzbFzo2mXB0hZm1EQ,33.4014241,-111.83066455,91,[33.220295,-111.982554,33.5825532,-111.6787751],[11,63,39,38,99,128,98,7,177,251,142,57,258,292]
eEujAtPxjKA3tVcXyHgFOg,33.42313941637155,-111.9393520818865,4,[33.422838,-111.939622163773,33.4234408327431,-111.939082],[109,38,27,39,11,7,108]
8LE--IopJlv1opAJrBwczQ,33.501161,-111.925513,1,[33.501161,-111.925513,33.501161,-111.925513],[206,11]
D2j7lvWf0GGOrM3pDrpNmQ,33.4787939,-111.9259092,8,[33.4787939,-111.9259092,33.4787939,-111.9259092],[309,119,285,11]
YOqd9PW2sT8G8KaI6NOwOA,33.579306,-112.0530604,1,[33.579306,-112.0530604,33.579306,-112.0530604],[71,72]
JDE_PFMoii44T2ySwLnBhQ,33.5318681576542,-111.943654588828,19,[33.4608045,-111.981189677656,33.6029318153084,-111.9061195],[57,470,145,39,27,11,7,98,10,9]
P1FvL2GEPJwJDmC1Ke5irw,33.51325725,-112.09272895,4,[33.4915779,-112.2613136,33.5349366,-111.9241443],[119,38,48,39,11,63,127]
dwJra7_dYBjjGNshQmNtfA,33.423805,-111.735789,2,[33.423805,-111.735789,33.423805,-111.735789],[99,11]
1uTS7hrpgphH7ZDK8EThzw,33.51230805,-112.10894189999999,7,[33.4571599,-112.1528407,33.5674562,-112.0650431],[224,11,39,38,48,26]
6-IxUa697Wxje4DXR6oLiA,33.5941644283755,-111.908123177511,2,[33.577365856751,-111.927561,33.610963,-111.888685355022],[7,11,63,78,79]
DnSDTBU1wZZXLNSw5eQbjg,33.4782885,-112.01655840000001,7,[33.4468002,-112.0719926,33.5097768,-111.9611242],[38,181,39,40,11,72,297,48]
sA4HoN9vPEDEsAb4Tuj8Jw,33.4940321,-111.9218306,2,[33.4940321,-111.9218306,33.4940321,-111.9218306],[119,26,185,11]
BHGIho4Wc1nf1_3-NGT7ww,33.6396834,-112.219969,5,[33.6396834,-112.219969,33.6396834,-112.219969],[182,48,140,11]
XqYedcCHAG5KJfb3HxDUUA,33.4787943,-112.0478085,16,[33.4787943,-112.0478085,33.4787943,-112.0478085],[26,11]
lsmW5cl8CuI62TOsvFWF1g,33.4787943,-112.0478085,1,[33.4787943,-112.0478085,33.4787943,-112.0478085],[26,11]
owCSYaRJEiV-kk2L2HP00A,33.4644892,-111.8945852,2,[33.3022462,-111.897967,33.6267322,-111.8912034],[27,11,7,292,99,48]
lVomYoc1M3-4-qawV_gsKw,33.5054715,-112.049476,6,[33.4802381,-112.0837798,33.5307049,-112.0151722],[175,129,121,79,11,63,24,48]
0j8UDIre5SJoKDqgwHLmiw,33.465729,-112.0712152,2,[33.465729,-112.0712152,33.465729,-112.0712152],[202,72]
xggYLsPULcCncxi5_ajQHg,33.4876029,-112.0824895,2,[33.4876029,-112.0824895,33.4876029,-112.0824895],[41,11]
zGaF3xcbDWnuMisgIy9g6Q,33.40839525,-111.91917895,5,[33.3680425,-112.082173,33.448748,-111.7561849],[93,3,26,11]
-XkW4sYeXhvfoUXvTUL-gg,33.6511407,-112.20917084999999,27,[33.6308784,-112.2382757,33.671403,-112.180066],[338,382,206,11,98,7,24,265,99,43,307,212]
jRHzU3h5aCkdjBVKQAn_7A,33.61939835,-112.08097115,9,[33.5237004,-112.1136988,33.7150963,-112.0482435],[99,11,32,95,222]
Mmltr3FPd7-utfD4nUoiyw,33.615055,-111.901117,6,[33.615055,-111.901117,33.615055,-111.901117],[95,374,32,164]
ut24uPCSJrBIB7tcaTxEvQ,33.49542375,-112.34032095,2,[33.4915809,-112.3580699,33.4992666,-112.322572],[49,178,4,6,349]
7cyWZz3-Hs8tvasoZ2CRVg,33.394393,-111.977873,16,[33.394393,-111.977873,33.394393,-111.977873],[26,11]
mfhHam_Ud6GD78_r1ahM6A,33.5089901,-112.0438992,123,[33.5089901,-112.0438992,33.5089901,-112.0438992],[265,11]
SgX0ai4TvltDV4vK1X8vpA,33.4173921,-111.826728,10,[33.3880332,-111.98479,33.446751,-111.668666],[212,11,322,49,57,52,63,27]
ayTDHkGKppEfIe0W5KWfgA,33.5020036165904,-111.928035020828,4,[33.5020036165904,-111.928035020828,33.5020036165904,-111.928035020828],[168,99,11]
XXASa63lj7XotC4e2HZeFQ,33.669118350000005,-112.17499355000001,92,[33.65379,-112.23381,33.6844467,-112.1161771],[20,188,490,23,63,27,11,183,65]
gNq4x8d1hLZj4rAkkWsoUA,33.5127699,-112.0740123,19,[33.5127699,-112.0740123,33.5127699,-112.0740123],[109,38,11,39,63]
Q8VcmNAJlJjpXzqjAKvYPw,33.477178,-111.925799,1,[33.477178,-111.925799,33.477178,-111.925799],[119,48,24,11]
9bl94Vwi121zYD8xa70D1g,33.38170725,-111.72063374999999,5,[33.3788145,-111.839625,33.3846,-111.6016425],[99,11,7,108,9,33,44]
w5FqBDxF3pdfu7fi1atP4Q,33.41696035,-111.93826920000001,68,[33.401137,-111.970253,33.4327837,-111.9062854],[168,11,57,327]
wZOP3G0mPDCwTCLkZjEEAA,33.491645,-112.073196,21,[33.491645,-112.073196,33.491645,-112.073196],[38,140,39,40,48,11]
z4Z-wIgEcnOjeHclfF0yXA,33.4503397,-112.064472,9,[33.3906697,-112.1336153,33.5100097,-111.9953287],[43,11,48,26,38,99,88,39,40]
Yf3BLo0vqOWF5GasAoYWFg,33.3941184,-111.9091208,1,[33.3941184,-111.9091208,33.3941184,-111.9091208],[212,361,11]
j2GS4iC94ie908VnybGkuQ,33.454091866694995,-111.8319953073975,26,[33.321061644794,-111.9400717,33.587122088596,-111.723918914795],[38,26,39,11,192,251,99,7,119,41,223,224,219,218,33,48,307,43,123,65,404,451]
pMPs4NjOOZ4wbzN3iLVbsw,33.5423205,-111.90451949999999,45,[33.501161,-111.925513,33.58348,-111.883526],[7,142,206,11]
Pos9WLwpamFQh7Ir6RrZHw,33.606804100000005,-111.9679184,4,[33.5738453,-112.0718046,33.6397629,-111.8640322],[8,6,116,7,36,113,137,139]
XsBHkPbYV7rRq-a49aABjQ,33.573521382851496,-112.13822967087,15,[33.477933965703,-112.2029357,33.6691088,-112.07352364174],[4,6,425,210,11,63,224]
1eW6wkAw2PEyhX1czz7PUg,33.4661258,-111.9175385,6,[33.4661258,-111.9175385,33.4661258,-111.9175385],[38,48,11,128,39]
nUGV1dVjO84ZI3nplRbwFQ,33.44437025,-111.91830185,5,[33.3929847,-111.925841,33.4957558,-111.9107627],[98,7,206,11,119,38,48,39,84,36]
clyEwf_xB892eOv1tAjGcQ,33.49870725,-112.1901663,14,[33.4590669,-112.332821,33.5383476,-112.0475116],[26,11,117,38,48,39,101,88,40,224]
EUA4UhtFxHAGzOZXdMOZdQ,33.4503996,-112.0648845,3,[33.4503996,-112.0648845,33.4503996,-112.0648845],[322,57]
H8lq0NMy5LkK-x2MZJ7WRQ,33.478155799999996,-112.0780484,19,[33.4556584,-112.0912518,33.5006532,-112.064845],[177,140,24,11,38,181,39,40,212,48,251,27,63]
kF3Rzjx7eQhY_mE15r7j7Q,33.2401696,-111.86056830000001,8,[32.8805539,-111.9869486,33.5997853,-111.734188],[63,27,11,26,119,201,99]
ZM7NnMlqkqt6ukwoBLzA-g,33.5023379,-111.9275313,2,[33.5023379,-111.9275313,33.5023379,-111.9275313],[13,6,115]
k9FoMS595RrfHHg8tIV3-A,33.487963199999996,-112.08689645,3,[33.480771,-112.09158,33.4951554,-112.0822129],[224,11,99,43]
aNUT2kJqD0h38WbXuGMpKQ,33.5189331,-112.02495400000001,2,[33.5160662,-112.029562,33.5218,-112.020346],[161,28,65,17,29]
uYVqGNqwnBDFU2K6B93uWA,33.4942939,-111.925316,10,[33.4942939,-111.925316,33.4942939,-111.925316],[26,11]
fzw2r5fMcB690t3t2aFW4Q,33.48403795,-112.0377799,10,[33.4587919,-112.07454,33.509284,-112.0010198],[224,11,7,108,14,15,6,48,57,145,38,39,40]
bB2aDMRhS8SILqx3YmQYSQ,33.4909729,-111.917904,2,[33.4909729,-111.917904,33.4909729,-111.917904],[53,54,55,122]
EMpFiVyiaMS58XsLZdS6vA,33.3875754,-111.764996,6,[33.342198,-111.895382,33.4329528,-111.63461],[49,80,82,59,50,52,84,336]
ivWvZoSqF0FYWm7_WzL3oA,33.407368,-111.9455692,2,[33.407368,-111.9455692,33.407368,-111.9455692],[169,44,285,11]
mxKgqQgvFwmoHoUrS0sy6A,33.5061904385714,-111.926436424255,1,[33.5061904385714,-111.926436424255,33.5061904385714,-111.926436424255],[48,11]
QMXyrLG4oEChhzh4eGks_w,33.5199869,-111.9976824,6,[33.4977808,-112.0697308,33.542193,-111.925634],[49,52,265,126,97,11]
LW54om8YnBTilDZJXvZVdw,33.4931793,-111.9320931,1,[33.4931793,-111.9320931,33.4931793,-111.9320931],[39,26,127,11]
srwjDH2hYFbQrR0ZH8s7cQ,33.4950066,-112.0178292,1,[33.4950066,-112.0178292,33.4950066,-112.0178292],[72,154]
dd681DMwn081KKpT9i2SGQ,33.5814339,-111.8795353,1,[33.5814339,-111.8795353,33.5814339,-111.8795353],[48,11]
gjX5may1WFsP5eEEPnqsxA,33.634647,-112.220679,1,[33.634647,-112.220679,33.634647,-112.220679],[265,126,97,11]
oNF84HkTTH7mjxCiaevuww,33.51201145,-112.0933515,3,[33.3852846,-112.222145,33.6387383,-111.964558],[46,6,7,36,38,128,39,138,8,139]
hyHX69N6f1RDDP-iq0Sckg,33.4194512,-111.915926,34,[33.4194512,-111.915926,33.4194512,-111.915926],[38,7,47,88,39,48,11]
KdNLLdQ-b_CZ8XQRXbHA1g,33.5828297331931,-111.887102732333,1,[33.5828297331931,-111.887102732333,33.5828297331931,-111.887102732333],[119,99,11]
WHvRsvlwwZhzy19skGB5Jw,33.57322515,-111.97430299999999,5,[33.4742041,-112.06508,33.6722462,-111.883526],[11,63,7,142,119,48]
tE6VVy1iAKjkvdP-QxjMxg,33.498726000000005,-112.057682,4,[33.466124,-112.0999,33.531328,-112.015464],[251,11,43,126,97,27,63]
1oVnli4Me6Z4ePi_g7f-ng,33.492195,-111.9312992,2,[33.492195,-111.9312992,33.492195,-111.9312992],[19,20,6,21,22,13,23]
vaXRXBzshlvIv6AMhPWeuQ,33.44794,-112.059263,1,[33.44794,-112.059263,33.44794,-112.059263],[462,32,95]
KK-aSOSPmgHroFqLsr9E3Q,33.40756715,-111.91944815,19,[33.3351559,-111.9631173,33.4799784,-111.875779],[212,11,251,74,24,88,38,39,89]
0K76DGDc429Ap_NiWmpshg,33.509755,-112.08407,2,[33.509755,-112.08407,33.509755,-112.08407],[185,11]
YCe8Fj4v4TmbpNj-3lX-TA,33.49766975,-111.99361705,22,[33.4860023,-112.0608177,33.5093372,-111.9264164],[33,119,11,212,63,97]
NzlVca80ziZxANoTXxHfvQ,33.46954730625795,-111.73193230000001,28,[33.3117903,-112.0740123,33.6273043125159,-111.3898523],[38,128,39,119,48,11,99,149,63,27,57,69,251,109,265,201,24,10,102,103,127]
fz87VXeaKu7x5P3tdQ_4Bw,33.63261645701305,-112.0909367058185,28,[33.6108797,-112.0982935,33.6543532140261,-112.083579911637],[98,7,239,11,177,140]
Bkpo2iZBMV5w_UCRAjWE1Q,33.4658849,-111.97497254999999,35,[33.4194512,-112.0456423,33.5123186,-111.9043028],[44,296,11,7,47,48,127,212,8,6,200,46,43,119,99,182,140,38,88,39,128,108,33,129,78,332,278,79,36,109,63,265,185]
8p4at4zdzCpueAmSBaorZA,33.588059,-112.0177234,200,[33.3022462,-112.3199449,33.8738718,-111.7155019],[49,368,399,119,99,11,248,6,250,12,114,13,63,48,7,379,210,108,38,140,109,39,24,98,113,116,307,168,26,292,206,54,324,313,142,64,123,65,84,147,30,52,372,22,47,27,322,19,57,20,23,8,40,232,224,137,139,449,97,28,442,241,212,43,251,340,17,62,46,9,80,82,59,182,218,56,115,181,306,333,87,230,334,204,223,455,104,105,128,161,133,145,419,200,177,45,221,106,295,220,369,352,229,69,274,18,225,127,35,36,126,4,5,425,160,146,345,346,141]
5ffD7G6ecZu2w9U1p8aGvQ,33.4145027,-111.9268353,1,[33.4145027,-111.9268353,33.4145027,-111.9268353],[99,11]
TJ-Y-53ofI02KG4W2fbmkg,33.5163565,-111.974492,18,[33.449233,-112.065458,33.58348,-111.883526],[27,11,7,142,182,172]
NJWU6j-bYqnh0pwZlqnl2Q,33.563845,-112.073533,9,[33.563845,-112.073533,33.563845,-112.073533],[7,36,99,11]
ODzzv4W_ROoY-nOCmvybqw,33.399885100000006,-111.9913748,21,[33.3046962,-112.0827836,33.495074,-111.899966],[26,11,99,74,24,126,7,98,10,9,33,117,48,88,38,39,89,40,44,373,97,192,63,27,210,47]
NsL_kBW_zLjGmjspoTEQYA,33.3488977,-111.9763848,7,[33.3488977,-111.9763848,33.3488977,-111.9763848],[168,11,48,63]
q0knAxIgX6Oj1oPQTMfK2A,33.493287,-112.286108,6,[33.493287,-112.286108,33.493287,-112.286108],[26,11]
0vK_wk2dWuPMKCXdIujPlw,33.5384203,-112.1839297,3,[33.5384203,-112.1839297,33.5384203,-112.1839297],[11,27,63]
i4hQNOxxLR22dNm0GFBaaQ,33.589616,-112.115637,30,[33.589616,-112.115637,33.589616,-112.115637],[28,17,18,29]
eiA073MhHpCdwBq8u_luZA,33.482967403332296,-112.06032934999999,79,[33.3365788066646,-112.26167,33.629356,-111.8589887],[28,17,29,251,11,7,108,43,97,224,26,196,126,142,63,27,33,99,44,189,10,24,57,327,109,38,39,307,212]
MhybZXjI3PrrJ2l9QJ5o2w,33.421453,-111.950563,1,[33.421453,-111.950563,33.421453,-111.950563],[224,11]
m03PlEHQBLs9DfwrlBzI2g,33.378039799999996,-111.91494639999999,43,[33.2997534,-112.0737079,33.4563262,-111.7561849],[84,13,6,21,35,22,7,36,8,26,11,43]
KlFHGN1f7my7HLvFl2qQDQ,33.49944035,-111.9736914,3,[33.4881846,-111.9865579,33.5106961,-111.9608249],[352,11,48]
-aCl04VaJ4FWzo7y2diKZg,33.3003980129221,-111.74266192922,1,[33.3003980129221,-111.74266192922,33.3003980129221,-111.74266192922],[43,11]
D7aNcakuiM3AUekXtYZ5Aw,33.4471735,-112.073781,200,[33.4471735,-112.073781,33.4471735,-112.073781],[48,11]
DbudEyeTSPA7P8tFJKS2dA,33.3064976,-111.8308806,2,[33.3064976,-111.8308806,33.3064976,-111.8308806],[123,65]
4wLQR_2P2eYQUC04yxm09A,33.538585350000005,-112.0455753,6,[33.5318417,-112.0479816,33.545329,-112.043169],[38,99,33,39,128,11,26,17,18]
_3QWAaheHYOX-WFX_2VbhQ,33.5391796554639,-111.923670625261,11,[33.5391796554639,-111.923670625261,33.5391796554639,-111.923670625261],[98,7]
FuIeMyb0_UUwxeX_a5H2gA,33.4194512,-111.915926,14,[33.4194512,-111.915926,33.4194512,-111.915926],[38,7,47,88,39,48,11]
bHPKR827qfT-tEtHwkUBFA,33.5160662,-112.029562,21,[33.5160662,-112.029562,33.5160662,-112.029562],[161,28,65,17,29]
4XUS192-sXbG50yyOAQwKA,33.5051806,-112.004105,200,[33.494295,-112.083991,33.5160662,-111.924219],[99,206,11,161,28,65,17,29,48,293,39,38,143,205,46,6,113,33,168,127]
Y9ThWPybp8-z5wt6W8KFiQ,33.4949032,-112.0302201,1,[33.4949032,-112.0302201,33.4949032,-112.0302201],[97,11]
0JxybU2o857zYvsMMCNMJA,33.390792,-112.012504,17,[33.390792,-112.012504,33.390792,-112.012504],[109,38,48,39,11]
YUuvX3e__WbVHYD6sGfVew,33.4074496,-111.9249272,2,[33.4074496,-111.9249272,33.4074496,-111.9249272],[99,48,296,11]
2Pp7NKuZapV_uJ6ucE--pA,33.46747825,-111.9902,6,[33.4255104,-112.0403946,33.5094461,-111.9400054],[63,27,11,32,95,222]
4tTPhPFZOHCHEzXN06QsUg,33.568168,-111.903425,5,[33.554825,-111.927632,33.581511,-111.879218],[119,201,11,212,43,49,80,82,59]
G0KxHWHweobUN3tv1RtadQ,33.4221907,-112.2722856,1,[33.4221907,-112.2722856,33.4221907,-112.2722856],[43,11]
auMvcw-ediUpBdgwwt0uWg,33.4348794896361,-111.999092102051,3,[33.4348794896361,-111.999092102051,33.4348794896361,-111.999092102051],[27,11]
ASXkqzGDsKNEwHl3sWgd1g,33.5100398,-112.0146407,32,[33.5100398,-112.0146407,33.5100398,-112.0146407],[33,38,39,11]
ocjmBEbD5ol7B9upiRP7VQ,33.49590515,-111.9278351,58,[33.4942423,-111.929223,33.497568,-111.9264472],[109,38,48,39,11,119]
OHewH-BhNrtsqrKrU7knqQ,33.5458879,-111.97924305000001,7,[33.5102068,-112.0272041,33.581569,-111.931282],[224,11,26]
FwkrwAxgQg3RjC1prutIKg,33.494205,-111.931447,1,[33.494205,-111.931447,33.494205,-111.931447],[48,11]
3sJ62Mkavx69FBec71agYg,33.5671367,-112.04847105,10,[33.4556584,-112.1223355,33.678615,-111.9746066],[224,126,11,49,193,59,38,181,39,40,63,43,26,17,18,218,41]
ys1mEnUbfWSNauT5EC1L6A,33.461211,-111.699563,2,[33.461211,-111.699563,33.461211,-111.699563],[63,27,11]
ieXOLjjRoPp1Iz_HyOXxbg,33.436293,-112.011827,146,[33.436293,-112.011827,33.436293,-112.011827],[99,11]
0xpo_kT44uzEI5HpZwt4Vg,33.5674685,-112.1872492,1,[33.5674685,-112.1872492,33.5674685,-112.1872492],[24,11]
GJwbccjXgoRPbNuWcNKYXA,33.42192107389635,-111.9922440700135,15,[33.3487055477927,-112.0012318,33.4951366,-111.983256340027],[48,11,119]
YJkt_aW_R4QaMCuP6pZcVQ,33.34974650405795,-111.81139606758,14,[33.2125748081159,-111.9475246,33.4869182,-111.67526753516],[10,24,11,88,38,99,39,168,119,26]
sDcC0wZUjPnrrpc3lcL-sA,33.5098717,-112.0124729,2,[33.5098717,-112.0124729,33.5098717,-112.0124729],[7,109,38,39,36]
uPWuOfd_4I_agdT0CeI_-w,33.683226,-112.092802,2,[33.683226,-112.092802,33.683226,-112.092802],[185,11]
wYv3OXGbT61s_Jtm2tigdg,33.8303701,-111.9317707,50,[33.8303701,-111.9317707,33.8303701,-111.9317707],[48,11]
Z2YFYbusRuNjTNmjfxAIMw,33.527309200000005,-111.91270324999999,20,[33.4986978,-111.9264093,33.5559206,-111.8989972],[382,11,119,99,28,17,18,29,126]
Ksu2OeDaXiHurIX8gUHmkQ,33.48668505,-112.1422202,45,[33.331655,-112.378155,33.6417151,-111.9062854],[33,119,99,11,117,7,232,27,214,309,285,38,88,39,128,43,404,26,265,65,133,168,142,28,17,29,98]
_PZOxen887JYIixu-reMJA,33.573991449999994,-111.93122650000001,27,[33.4922985,-111.938205,33.6556844,-111.924248],[28,17,29,210,11,63,99]
kNbC69F-ErBicx67jaCC6Q,33.5456856,-112.03022615,4,[33.491645,-112.073196,33.5997262,-111.9872563],[126,11,38,140,39,40,48]
jG8TEA7YiB4O76quuIJQGQ,33.3702541,-111.9741847,172,[33.3702541,-111.9741847,33.3702541,-111.9741847],[265,11]
jR_RukNLD63jqctbEAHbhw,33.5626707,-112.1166771,4,[33.5626707,-112.1166771,33.5626707,-112.1166771],[32,433]
egyLktE4_oxHsGq_DaBZpQ,33.5674705,-112.1528921,2,[33.5674705,-112.1528921,33.5674705,-112.1528921],[149,43,11]
r4XMbl4n40DN1lCUuJA8wg,33.56267,-112.2092675,8,[33.463092,-112.34477,33.662248,-112.073765],[11,63]
qgkjG87evbJwrWa0CC7grA,33.4806776,-112.1091081,17,[33.4806776,-112.1091081,33.4806776,-112.1091081],[11,27,63]
kn0gb2LY3WfPbRNGH6DtZA,33.512411,-111.7710505,3,[33.385146,-112.010743,33.639676,-111.531358],[71,72,297,49,80,82,59]
Rwj_uBFy66Uxzq9GHA_Ayg,33.3510672,-111.74961075,2,[33.3215648,-111.7888113,33.3805696,-111.7104102],[99,11,38,128,39,296]
hjriygn9lgOFPBWSnqunKw,33.868913,-112.150449,1,[33.868913,-112.150449,33.868913,-112.150449],[112,248,6,173]
nQ12m3cBkcR64gBsM_OrjA,33.43749,-111.9594181,200,[33.3216034,-112.0272041,33.5533766,-111.8916321],[39,26,127,11,38,7,47,88,48,307,212,43,158,28,17,29,99,128,296,265,126,170,57,327,27,49,178,63]
exefpuK6O1ctUUqTxq5XLg,33.518078972397,-111.9172347,200,[33.321061644794,-112.1201999,33.7150963,-111.7142695],[84,124,125,26,11,126,63,27,109,38,48,39,24,168,127,206,7,108,182,140,265,119,120,33,44,8,6,45,99,128,79,121,9,201,88,28,158,17,29,352,307,212,89,298,139,225,375,97,47,40,43,4,5,36,247,57,18,209,379,210,296,129,175,278,145,137]
QfbqGk9omEEsbaEpjGXVLQ,33.535446300000004,-112.00000664999999,10,[33.4471735,-112.0744706,33.6237191,-111.9255427],[126,11,48,109,38,39,7,108,265,97,292,313,168,181,229]
QWnGyzQX2yaYulHeYmp4-A,33.4952769,-111.9884173,5,[33.4952769,-111.9884173,33.4952769,-111.9884173],[182,48,140,11]
AHBMGoBGjck4SoWQfybFKg,33.5547509,-112.00427725,5,[33.4875788,-112.0817435,33.621923,-111.926811],[7,108,383,426,384,1,40,38,39,205,126,97,11]
swgxrUIPH_TrDj_9-M5aOA,33.4219869,-111.9366872,200,[33.4219869,-111.9366872,33.4219869,-111.9366872],[33,11]
PvOpw3G0uie3w_1uOpkgiw,33.557591349999996,-111.99937449999999,7,[33.491645,-112.073196,33.6235377,-111.925553],[177,140,11,63,7,108,38,39,40,48]
6WrOT1dj6sigl_voiwQ7HA,33.50864815,-112.0424865,132,[33.304331,-112.201447,33.7129653,-111.883526],[7,292,43,11,83,6,77,35,76,99,120,108,12,13,22,119,26,33,177,140,15,25,212,63,97,38,39,296,88,101,210,44,127,143,205,309,40,48,27,145,57,298,311,142,36,74,156,139,225,250,49,341,192,322,293,14,306,333,89,114,340,191,28,17,29,175,129,121,79,70,186,403,117,214,265,10,24,64,123,65,128]
QW0VdzaZcxMUVS2kO090xA,33.467060700000005,-111.91529009999999,51,[33.4321397,-111.9276185,33.5019817,-111.9029617],[38,48,39,11,44,126,97,7,455,139]
nkF7xDv8v-HITsU8KvrjNA,33.45249305,-112.08481019999999,200,[33.348908,-112.2948244,33.5560781,-111.874796],[57,327,38,7,47,88,39,48,11,26,127,33,119,470,145,12,114,13,6,298,322,28,170]
I6KftQl6q4I7IuKV7wPR7w,33.5098711,-112.02739795,11,[33.5095354,-112.0275918,33.5102068,-112.0272041],[26,11,33]
Bl2NvthjzeUdeSG5NqC49g,33.66256305,-111.92502555,2,[33.4977992,-111.9259521,33.8273269,-111.924099],[43,11,307,63]
JGLze0fQtm23AxnfD2u61w,33.3281635,-111.8758774,1,[33.3281635,-111.8758774,33.3281635,-111.8758774],[164,165,32,95]
PPSJlFnbYhh2tLrUN6E1Wg,33.449233,-112.065458,14,[33.449233,-112.065458,33.449233,-112.065458],[27,11]
eIv0Dt6yUxSJmZwL3JLSBg,33.47253335,-111.96312025,13,[33.3059969,-112.0714186,33.6390698,-111.8548219],[30,13,6,45,38,11,99,128,39,48,44,296,24,7,142,8,26,126]
bs0nkKBYNU3m947OZ7jMFQ,33.456936049999996,-112.11005745,20,[33.378926,-112.2797895,33.5349461,-111.9403254],[99,11,57,69,43,38,33,39,128,309,285,185]
HOAFwraJMBTcYy1qTmFmgQ,33.5167400394845,-112.0352805,7,[33.378062078969,-112.153592,33.655418,-111.916969],[7,108,137,8,138,139,43,11,373,97,38,99,39]
-3wwuw0QAkq-7qm9BrpAHQ,33.46357315,-111.88613810000001,8,[33.303233,-111.9297442,33.6239133,-111.842532],[7,33,48,47,11,465,168,265,39]
cQCMaPBvHwv-zYvSYTeI8Q,33.3351559,-111.9631173,2,[33.3351559,-111.9631173,33.3351559,-111.9631173],[74,24,11]
Z1W2xSMoJCfILUP3luiIwg,33.516595,-112.098838,82,[33.516595,-112.098838,33.516595,-112.098838],[106,54,107]
nSVzwdbW202iXZLdCOQ2dA,33.45007149008665,-111.9070896046415,4,[33.4330350801733,-111.9086211,33.4671079,-111.905558109283],[99,11,33,48]
V2dNkzZOk61E-ChEOwDlxA,33.5096585,-111.97185603103,29,[33.392384,-112.100731,33.626933,-111.84298106206],[26,11,28,17,29,7,108,56,57,186,6,322,190,38,39,145,48,251,109,63,27,24,119,99,12,114,13,115,210,15,25,212,43,22,84,262,101]
bN-_rMbEhKAtxfSCtyTTLQ,33.580029,-111.983829,1,[33.580029,-111.983829,33.580029,-111.983829],[17,18]
KVQJjMaCcheA-FL_kl2CSA,33.60417820000001,-111.95125845000001,3,[33.5834449,-111.9770187,33.6249115,-111.9254982],[46,6,177,140,11]
19z2sZCwjNveJf6koqlplQ,33.571111349999995,-112.00259585,37,[33.4587437,-112.0775732,33.683479,-111.9276185],[7,142,182,48,140,11,307,212,43,63,373,41]
Q6D3W-1jaZhui6yiHSl4Cw,33.5664075,-112.072727,15,[33.42183,-112.236716,33.710985,-111.908738],[7,108,57,49,193,59,26,11,210,162,98,292,39,119,38]
MZaI_6ffmE_XzjKnM62oFw,33.5092093,-111.9885861,2,[33.5092093,-111.9885861,33.5092093,-111.9885861],[340,11]
tZn20NR_3RAq_12nNny-fA,33.6717895,-111.9060007,1,[33.6717895,-111.9060007,33.6717895,-111.9060007],[27,11]
3A2H2IfNWSOC4Gn9fQub4A,33.4133999,-111.85285225,5,[33.331044,-111.9159147,33.4957558,-111.7897898],[27,11,89,7,108,48,98,206]
Yzj9vDCJv92t-WhpO3eniA,33.59419590759275,-112.02010923876949,10,[33.5219375,-112.124526977539,33.6664543151855,-111.9156915],[97,43,11,48,182,218,307,7,108]
qt4jpkIfNwVNcDoDRYr1uw,33.4355072,-111.924674,5,[33.378287,-111.9259889,33.4927274,-111.9233591],[11,353,13,6]
FY_pgHYdyfhkWruTPynQ7g,33.4942423,-111.9264472,3,[33.4942423,-111.9264472,33.4942423,-111.9264472],[39,119,48,38,11]
4RkP3B0tpo3WRRxTaYClaw,33.5097112,-112.0962274,20,[33.5097112,-112.0962274,33.5097112,-112.0962274],[251,11]
NIHK2suEoM69QD8Ii-ZAMQ,33.3629805,-111.897013,2,[33.303233,-111.951494,33.422728,-111.842532],[88,38,39,89,11,7,33,48,47]
UQ0e45NC5o_asB9eNvNrHw,33.6059945,-112.10843349999999,7,[33.585056,-112.116136,33.626933,-112.100731],[212,26,11,28,17,29]
9u3u2A_4psVKEMReB3O0Hg,33.5242704,-112.0474619,10,[33.5242704,-112.0474619,33.5242704,-112.0474619],[48,11]
nURs-n-ucizNeoo280nmTQ,33.42666335,-111.9529250573975,17,[33.3148631,-112.1819312,33.5384636,-111.723918914795],[99,11,474,177,140,33,117,26,48,120,43,10,24,63,89,7,108]
M0I4A1u1UiCt9UaNOXc5qA,33.765181,-112.32068,22,[33.765181,-112.32068,33.765181,-112.32068],[49,178,17,18]
xrS-aas8BP9n7C3heJPWog,33.491645,-112.073196,55,[33.491645,-112.073196,33.491645,-112.073196],[38,140,39,40,48,11]
ZUIQbZlcIf0j8ixw9TxOrg,33.4984383934981,-111.92676396553,1,[33.4984383934981,-111.92676396553,33.4984383934981,-111.92676396553],[7,142,108,194]
5aBkPhqXNrI_OoMfKlw9KA,33.60362605,-112.18011245,18,[33.4964751,-112.276259,33.710777,-112.0839659],[99,11,185,24,27,26]
yc3aIiCAn5D6zi1zeYU4QQ,33.4847329786892,-112.066164,9,[33.4566960573784,-112.07679,33.5127699,-112.055538],[15,6,191,109,38,11,39,63,119,108,7,24,155,54]
JEpvJBvjXnrAf4SFDb3EsQ,33.4460756786892,-112.07312036849649,53,[33.4354553,-112.0739136,33.4566960573784,-112.072327136993],[309,285,11,119]
1HGPIlOKLdQhgetMTrnluQ,33.57601125,-112.00191104999999,9,[33.4770236,-112.073629,33.6749989,-111.9301931],[38,212,41,39,11,109,63,99,88,40,361,48,27,182,140]
FBEqdTYFVAEp8NreIrzDkA,33.6404484,-112.0677151,1,[33.6404484,-112.0677151,33.6404484,-112.0677151],[43,11]
85nleVF5j91oSvI4YbPC9g,33.4356207,-112.0095457,200,[33.4356207,-112.0095457,33.4356207,-112.0095457],[212,11]
fy64dq8l5iHNZ3cpYShjng,33.5340361,-112.05942645,32,[33.4801249,-112.134201,33.5879473,-111.9846519],[7,36,8,127,11,43,119,168,169,97,137,139,177,285,140,63,120,41,30,13,6]
LK0thdJVi19n2ECN5M331Q,33.493209300000004,-112.0682786,8,[33.4772147,-112.0736348,33.5092039,-112.0629224],[33,99,44,11,265]
KiSeGf6HupgfJMWm2RJA9g,33.8644291,-112.1353054,1,[33.8644291,-112.1353054,33.8644291,-112.1353054],[185,11]
xvRRyskTOA-w_PKtRbjDJw,33.436293,-112.011827,200,[33.436293,-112.011827,33.436293,-112.011827],[38,128,39]
DG_Cn-jhitcxhipXhBw9Pg,33.3866898,-111.900522,110,[33.3852846,-111.964558,33.388095,-111.836486],[49,312,146,17,152,57,99,91,11]
sBkC50ErR8MZCoUezcURNw,33.6621511,-112.116849,168,[33.6621511,-112.116849,33.6621511,-112.116849],[33,44,11]
9QJ1XfS6ens106WI-PNBYw,33.6324544,-111.88081925,11,[33.5381018,-111.9085317,33.726807,-111.8531068],[126,97,11,265,185,62,27,17]
DSGhoiNsvO8ECmvbezqiRQ,33.55151795,-112.2702521,2,[33.5515055,-112.2707018,33.5515304,-112.2698024],[7,36,38,39,109,108]
FJx4MHiSu4bv71l3Rf5A4A,33.5095354,-112.0275918,24,[33.5095354,-112.0275918,33.5095354,-112.0275918],[33,11]
sWorkoXNJNYWF4zsgXbdRA,33.8273269,-111.924099,6,[33.8273269,-111.924099,33.8273269,-111.924099],[11,307,63]
QYU7ZEzQ8fMzpI4KuJVv9g,33.604316,-112.222555,1,[33.604316,-112.222555,33.604316,-112.222555],[32,203]
n3SqvL7SZ8RAZhTXYJc7eQ,33.44065665,-111.99172855,9,[33.3058378,-112.0740373,33.5754755,-111.9094198],[109,38,27,39,11,185,119,7,309,285,105,133,65,126,337,32,168]
2OPM1-jII_smsHGAvF949g,33.6123075,-112.0124654,1,[33.6123075,-112.0124654,33.6123075,-112.0124654],[43,11]
smmG7rpmdc5dXl2jvzgTcQ,33.4800389,-111.9620393,1,[33.4800389,-111.9620393,33.4800389,-111.9620393],[446,11]
9XRMgi0x8XDvSn9tzvqs8A,33.6009615,-112.06443300000001,5,[33.594818,-112.065439,33.607105,-112.063427],[119,11,27,24]
b6cilj2-x77LFnFwbdVRAQ,33.4211681,-111.942514,1,[33.4211681,-111.942514,33.4211681,-111.942514],[421,65]
iNYLEEEhZ9M1AjS1qofrtQ,33.63606,-111.924248,13,[33.63606,-111.924248,33.63606,-111.924248],[11,63]
MojET8yQhNTyovnq_8w06g,33.4794255,-112.0743511,4,[33.4492,-112.0791022,33.509651,-112.0696],[119,11,33,99,43]
Sek3oLIIHtBSTSFh9z3pXQ,33.5018673,-111.99954245,83,[33.494459,-112.0718179,33.5092756,-111.927267],[38,99,88,39,40,11,352,48]
O2pwb-9f5aOvEvp5aKtEkA,33.298078,-111.7459158,2,[33.298078,-111.7459158,33.298078,-111.7459158],[26,11]
b7xPsEPjvI-wX0IjRE61cA,33.6230152,-111.9297079,1,[33.6230152,-111.9297079,33.6230152,-111.9297079],[126,97,11]
mha1Xd0asQfPeETU9Hx3vw,33.44458755,-112.0203615,113,[33.3783016,-112.134201,33.5108735,-111.906522],[39,38,27,128,11,7,36,182,48,140,177,192,340,145,57,205,101,33,99,44,43,168,298,88,84,125,212,251,6,10,24,47]
P6efUpEPmzcmAMNZtgUvQA,33.67696,-112.1054392,7,[33.6389129,-112.1810524,33.7150071,-112.029826],[168,11,63,26,54,55,122,24,72]
-0b8gEy62r6bHDaaCHWyVA,33.4194512,-111.915926,1,[33.4194512,-111.915926,33.4194512,-111.915926],[38,7,47,88,39,48,11]
X2azeCMDOUdvz6fXzpB05w,33.383123,-111.964485,27,[33.383123,-111.964485,33.383123,-111.964485],[99,11]
PpziMpVR6U-sM8AVC5PqBQ,33.5096855,-111.9257165,7,[33.477178,-111.925799,33.542193,-111.925634],[265,126,97,11,119,48,24]
DxM6HNUWxOus98c13fq0uQ,33.3549553,-111.7897347,1,[33.3549553,-111.7897347,33.3549553,-111.7897347],[109,38,11,39,63]
uCeWoxIggaJyaxAs5goOCQ,33.422728,-111.951494,6,[33.422728,-111.951494,33.422728,-111.951494],[43,11]
RUUVLiB4A0DPSBoTIIAaBA,33.45982005,-111.94622905,2,[33.4176301,-111.9610982,33.50201,-111.9313599],[265,11,108,7,62,24,17]
5fOj5uf9mGBZwU8UP-2CbA,33.4377465,-112.0114223,7,[33.4377465,-112.0114223,33.4377465,-112.0114223],[26,11]
QWtskNOHXDxpmLlbzuwUDg,33.4243474,-111.9398364,1,[33.4243474,-111.9398364,33.4243474,-111.9398364],[177,140,11]
F_3cAyYiCA0lIV8s-Gu4Lg,33.485437149999996,-111.92573095,3,[33.4787939,-111.9259092,33.4920804,-111.9255527],[440,260,11,309,119,285]
jU1a9EJtaT7t5BPknsxP4g,33.6693312,-112.2029352,1,[33.6693312,-112.2029352,33.6693312,-112.2029352],[26,11]
Im21ac2UE0oEUOLtBByWpg,33.4406600546901,-111.9079195215425,12,[33.3068367093802,-112.072167,33.5744834,-111.743672043085],[63,27,11,98,7,10,192,48,142,292,212]
hMfHZz0W5-__Yu6hxHEWtQ,33.4261603,-111.939838,8,[33.4261603,-111.939838,33.4261603,-111.939838],[74,27,11]
LltLmnojLrConGQY5mOhoQ,33.5100455,-112.01408,17,[33.5100455,-112.01408,33.5100455,-112.01408],[126,97,11]
yNBEe_mvR4Nz_-rBOWHFRw,33.548745,-111.9156915,9,[33.548745,-111.9156915,33.548745,-111.9156915],[158,28]
Va4761n8MWZURq7uRCYYBg,33.4240085,-111.9401874,1,[33.4240085,-111.9401874,33.4240085,-111.9401874],[7,189,10,24,11]
_FU448lj8RUeTbMulGMZdQ,33.4678586,-112.02315715,15,[33.2959935,-112.1223355,33.6397237,-111.9239788],[7,108,119,172,11,98,53,54,55,266,256,182,218,307,168,48,265,47,38,39,41]
IdcwNulMu2xQN8JDvm67SA,33.482233,-111.99660485000001,21,[33.441124,-112.0824683,33.523342,-111.9107414],[38,143,39,48,11,4,5,6,212,126,97,27,119,185,63,26]
VCzI2nbNuhXyxDSu4KNrOw,33.494238,-111.977849,1,[33.494238,-111.977849,33.494238,-111.977849],[38,99,88,39,128,11]
nIYZmhUUphaPXbX0dnVCKg,33.5094824,-112.0282825,3,[33.5094824,-112.0282825,33.5094824,-112.0282825],[479,113,6,77,35]
dF6IVBdYoUdHDcf2MLPV2A,33.445036,-111.92582,1,[33.445036,-111.92582,33.445036,-111.92582],[28,17,29]
KxmOlAI4f4bwFMDPzRRzNA,33.486722650000004,-112.16604720000001,2,[33.4641,-112.273257,33.5093453,-112.0588374],[33,11,38,210,26,39]
