q-kTUbrW3GGNZkyjdzPjSw,33.4150348,-111.9184724,1,[33.4150348,-111.9184724,33.4150348,-111.9184724],[182,48,140,11]
Hm1o2-6U7hpdEnV6o1igjw,33.4948197,-111.9798208,20,[33.4948197,-111.9798208,33.4948197,-111.9798208],[119,11]
7gsdM8fXk1F6iiTC4O1o8g,33.403007,-111.795856,1,[33.403007,-111.795856,33.403007,-111.795856],[37,32]
By4VQc_-e1BofLaVa9ZqaA,33.422728,-111.951494,34,[33.422728,-111.951494,33.422728,-111.951494],[88,38,39,89,11]
KnutNOkfu5t1XA8rEhiq2Q,33.475712,-111.88436150000001,13,[33.449233,-112.065458,33.502191,-111.703265],[48,11,27,26,109,38,39,63]
bixj1Uu6cEam1J0BtFAK_Q,33.3997686828515,-112.01828,12,[33.3216034,-112.0739425,33.477933965703,-111.9626175],[126,97,11,224,98,7,108,83,148,6,12,114,13,38,48,39,88,298,49,80,59,26,57,69,40]
24iLL3gdqQrQ5uzbCsfg-w,32.91536775,-111.7191875,14,[32.8773814,-111.757105,32.9533541,-111.68127],[119,24,11,26,27,307,63,99,44]
fMNBJ4G1fx1MfHzM7E5TeA,33.52300305,-112.13233595,63,[33.407088,-112.3531229,33.6389181,-111.911549],[33,11,126,97,7,292,99,48,32,95,222,38,128,39]
QdLwbSPGEqBTbY13_246kw,33.49058185,-111.95850165,6,[33.479852,-111.994039,33.5013117,-111.9229643],[168,144,99,11,38,205,39,40,27]
N-99DP_5HneEa-6So6a3pg,33.529759299999995,-112.0658345,67,[33.4203823,-112.222145,33.6391363,-111.909524],[117,11,309,10,251,43,101,38,26,39,103,210,48,41,219,218,143,205,7,138,8,139]
BwUeCQcuZcOfHmbps6Wv5g,33.4072967,-111.82349289999999,6,[33.381621,-111.9043028,33.4329724,-111.742683],[210,11,33,265,185,434,103]
jfhS4RKcyZ2Q2YLx-WfldQ,33.3064572,-111.8645031,1,[33.3064572,-111.8645031,33.3064572,-111.8645031],[84,124]
5NJ5SBwAe_HaaGcuJtyXlw,33.6204982,-111.8891849,5,[33.585312,-111.943525,33.6556844,-111.8348448],[265,126,97,11,99,168,26,127,63]
u3DA1oEIWi8C_OtQMiTIOA,33.4233146,-112.0024435,26,[33.2711537,-112.232875,33.5754755,-111.772012],[33,44,11,57,39,145,126,212,7,108,338,38,128,24,120,119,168,97,142,99,63]
WanLVOVBYZV-24xBlv_51A,33.489395349999995,-112.0536373,8,[33.4548476,-112.0800705,33.5239431,-112.0272041],[33,11,63,27,24,137,7,6,139,48,225,250]
9Ju7Q6ligUMJfp2TupYOCw,33.5968944,-112.0141296,1,[33.5968944,-112.0141296,33.5968944,-112.0141296],[64,65]
Mq0pRGK0gTWZA5grrCvL-Q,33.497828,-111.927267,1,[33.497828,-111.927267,33.497828,-111.927267],[352,48,11]
ItcOo27cIoU9czkIOW9DkQ,33.502049,-111.9182798,18,[33.502049,-111.9182798,33.502049,-111.9182798],[38,11,99,128,39]
KxKz2izVEGz5aRptAGj28g,33.4932086,-111.91807,172,[33.4869182,-111.927402,33.499499,-111.908738],[48,11,39,119,26,38]
gfmdTcx_F8jqnYA0KTFVjA,33.496647,-111.926503,7,[33.496647,-111.926503,33.496647,-111.926503],[7,313,27,11]
Q-5tp8EOnIKosqZ0MNBVcQ,33.513604992472,-112.109928361055,200,[33.444801984944,-112.147739,33.582408,-112.07211772211],[246,17,18,38,99,39,128,185,11,28,29]
zcwPBJPwh5_Lx15zCOm1aA,33.3193648,-111.9671696,1,[33.3193648,-111.9671696,33.3193648,-111.9671696],[6,21]
5vRPcft8ejLrtH7XeOuNDQ,33.5850664,-111.93109845000001,8,[33.498028,-111.9786709,33.6721048,-111.883526],[109,38,39,43,11,7,292,48,27,251,177,140,206,265,63]
YbX50QSur8AzSwZm7KoTkw,33.5090749,-111.924027,3,[33.491546,-111.924627,33.5266038,-111.923427],[65,133,26,11,63]
KDGFHW2mTjpMCJh8H8XbqQ,33.2125748081159,-111.67526753516,2,[33.2125748081159,-111.67526753516,33.2125748081159,-111.67526753516],[10,24,11]
X3l8NsDcOFBI9yUOFY92Lg,33.559667149999996,-111.97739195,33,[33.5095354,-112.0275918,33.6097989,-111.9271921],[11,63,33]
P4tYuidaQxzoFWn-VgR_Qw,33.5062078,-112.0739142,2,[33.5062078,-112.0739142,33.5062078,-112.0739142],[168,181,229,11]
ELKwr0GCV9C4m83wd1veuQ,33.484439,-112.364213,4,[33.484439,-112.364213,33.484439,-112.364213],[11,63]
7G2ARBNwPrb31caveDvr2g,33.430535,-112.345359,5,[33.430535,-112.345359,33.430535,-112.345359],[24,229,11]
_uNcCzXHXi-Bxwa3byEdag,33.637679,-112.226631,3,[33.637679,-112.226631,33.637679,-112.226631],[26,127,11]
JBqCK91EYYzHws_-1WB8Ag,33.362376630661245,-111.8913924193555,2,[33.299873,-111.940198838711,33.4248802613225,-111.842586],[7,292,142,33,119,11]
AgARllvBE2wIopbJSuSXPg,33.4460525286595,-112.050980443245,200,[33.44522,-112.07107588649,33.446885057319,-112.030885],[99,11,28,17,29]
8mMCJSGcT2LYCnFkS6c-fw,33.5287852,-112.07108274999999,5,[33.477178,-112.26167,33.5803924,-111.8804955],[119,48,24,11,27,57,327]
otaROYFYNX0jVQQgt55BJg,33.408568150981154,-111.9333739925535,4,[33.3633494,-111.939582,33.4537869019623,-111.927165985107],[99,11,43,182,172]
n5Ze-ibCxJN7AxLOAwwhMQ,33.524028200000004,-111.9883313,4,[33.5092093,-112.0124898,33.5388471,-111.9641728],[7,108,11,63,38,57,39,145,99]
DRw2GfcyTo8wjx2G27NxlQ,33.4361911,-112.0136128,28,[33.4361911,-112.0136128,33.4361911,-112.0136128],[27,11]
ftpMvyM57zTxp6K0ttXpkQ,33.4609268,-112.338207,3,[33.4609268,-112.338207,33.4609268,-112.338207],[54,55,122,256]
4aTxrWvo5GKwxmgmqeP6HA,33.5984163,-111.9793285,7,[33.5984163,-111.9793285,33.5984163,-111.9793285],[41,361,11]
ftvVUE3lVH024TYgQImZLw,33.7816141,-111.9257751,1,[33.7816141,-111.9257751,33.7816141,-111.9257751],[322,57]
woXhdtL9ds78_mz8mOY4Vg,33.430442153792995,-111.851735525485,38,[33.220784807586,-112.1201999,33.6400995,-111.58327115097],[190,28,140,11,265,99,63,168,39,38,27,128,78,79,119,309,285,89,169]
XQC-SZOp2oJ5AXqy1bXCUA,33.45484015,-111.9864537,11,[33.4074413,-112.0629953,33.502239,-111.9099121],[38,39,40,168,43,11,119,126,41,99,224]
fdz2JB2sbBZva6JMzJQzHQ,33.55069975,-112.0729495,105,[33.4642695,-112.218148,33.63713,-111.927751],[224,11,7,194,63]
aqqbh1NZoFk48kp0eqSLdg,33.4383732,-111.9602879,8,[33.3889034,-112.0802631,33.487843,-111.8403127],[224,11,33,7,36,26]
Efm8aEx4rOvIRB_b2LAmpw,33.4971883134633,-111.93519,34,[33.4237766269266,-111.96828,33.5706,-111.9021],[99,11,109,38,39,48,265]
O758lrR1X2zI-ySeyjdr6A,33.471239,-111.9436345,79,[33.304703,-112.0738391,33.637775,-111.8134299],[11,63,7,139,225,49,246,178,17,18,99,48,119,66,445,52,109,38,39,440,169,27,26,168,46,6,260,88,127,352,185,265,30,13,206,161,195,65,28,158,29,8,116,36,113,98,10,9,89,137,309,285,33,298,229]
VYrcEmzV6JtkpnKDinaqEQ,33.538873,-111.865693,55,[33.538873,-111.865693,33.538873,-111.865693],[168,169,11]
QJzSjSJCZ3gs6GIW5LOe_Q,33.3370939,-111.8760633,95,[33.3370939,-111.8760633,33.3370939,-111.8760633],[251,11]
AcxwbeNV6Isq2gTGivZ3JQ,33.5364584,-111.8883276,27,[33.5364584,-111.8883276,33.5364584,-111.8883276],[123,65]
31RDtN5wTazpqoTchKD1-A,33.4787939,-111.9259092,5,[33.4787939,-111.9259092,33.4787939,-111.9259092],[251,11]
ygfxTpCYn1-w-O0nv7ngYw,33.3838762,-111.8684146,3,[33.3796211,-111.927402,33.3881313,-111.8094272],[10,182,11,28,17,29]
YBOyn0hfUNjmbVOFbs0FSg,33.41424524999999,-111.96223130000001,14,[33.3480722,-111.9985534,33.4804183,-111.9259092],[309,119,285,11,224,251,155,54,432]
mQdha7IckSdpIPAamk7WKQ,33.5610486,-112.0652985,1,[33.5610486,-112.0652985,33.5610486,-112.0652985],[33,99,11]
rXpW1homxHEXKy19OPaCnA,33.5160662,-112.029562,1,[33.5160662,-112.029562,33.5160662,-112.029562],[161,28,65,17,29]
7yuA6J_ICB3IoddvBJX8Pg,33.5874955,-111.8390112,1,[33.5874955,-111.8390112,33.5874955,-111.8390112],[11,63]
nqAAd2pABEaoCvwPBBRQOA,33.5092756,-112.0718179,74,[33.5092756,-112.0718179,33.5092756,-112.0718179],[48,11]
NaLmdnUgBXJ8ruQmeeyaow,33.470462299999994,-112.20649825000001,2,[33.4503996,-112.348112,33.490525,-112.0648845],[49,399,322,57]
1Ryrpx7M4ziOAcQoScfNRQ,33.49898745,-112.137135845485,7,[33.390792,-112.34971999097,33.6071829,-111.9245517],[11,63,41,361,43,10,24,210,99,246,7,119,139,17,423,38,143,39]
Xm8HXE1JHqscXe5BKf0GFQ,33.460906449999996,-111.9255234,200,[33.2811759,-112.3590018,33.640637,-111.492045],[7,139,8,36,33,11,224,101,38,39,26,99,292,48,57,145,185,12,274,6,13,298,4,49,50,52,79,88,24,306,98,126,46,10,63,403,293,168,9,54,55,122,44,27,258,127,474,129,121,208,130,32,35,265,178,333,137,128,296,119,70,30,97,320,321,193,59,205,212,41,43,469,80,361,69,109,65,133,216,89,71,72,110,219,218,28,17,29,166,161,138,192,323,78,278,157,103,229,244,108,142,112,22,151,186,40,177,140,18,102,190,114,163,317,327,285,377,182,297,440,183]
wyFMGKycI-FLfdYNVgTiuw,33.409605,-111.907712,54,[33.394432,-111.939846,33.424778,-111.875578],[43,11,177,140]
oDP2A1XFPyxeaGcCpUvX0g,33.509755,-112.08407,1,[33.509755,-112.08407,33.509755,-112.08407],[185,11]
hTitFTvQwWLs02FhuRUtcA,33.3915713461002,-111.678633568584,69,[33.3915713461002,-111.678633568584,33.3915713461002,-111.678633568584],[27,11]
E4fGzshE9HtuFKzbCFZSrQ,33.357546181672504,-111.7994645680775,3,[33.321061644794,-111.87501022136,33.394030718551,-111.723918914795],[63,27,11,99]
3WBOmP8ldL3JX8GaH6mTJQ,33.4377465,-112.0114223,7,[33.4377465,-112.0114223,33.4377465,-112.0114223],[26,11]
Z7k2c3J8VSqCHpiqJnEgIg,33.454359499999995,-111.95186534999999,29,[33.362719,-112.0275918,33.546,-111.8761389],[33,11,119,38,48,39,7,24,47,27,224,26,127,40,88,126,6,45,212,108,145,57,205,128,43,41,99]
b6HpEPrZbOWk7pGsBopYmA,33.410997472397,-111.8543544573975,197,[33.321061644794,-111.98479,33.5009333,-111.723918914795],[99,11,63,27,322,49,57,52,33,38,39,40]
iXZAt04l1YSuyqpXni5QIg,33.3550442,-111.7895308,74,[33.3550442,-111.7895308,33.3550442,-111.7895308],[185,11]
L3HT_5LwkK6xgChRLCNpXQ,33.473099500000004,-111.97502625,200,[33.362719,-112.0739136,33.58348,-111.8761389],[285,185,11,7,292,28,17,29,313,27,48,309,57,470,145,39,33,119,142,126,97,89]
p60LV4-we31joKm4bH9d0A,33.396253,-111.9396252,1,[33.396253,-111.9396252,33.396253,-111.9396252],[97,11]
4RvRZUNdaLxei6ikYKnjrA,33.5023577,-111.9266047,6,[33.5023577,-111.9266047,33.5023577,-111.9266047],[57,306]
lHhUQlEu8ZFW6fyu2rwBBQ,33.45653605,-111.93694645,185,[33.4522676,-111.9477654,33.4608045,-111.9261275],[57,470,145,39,28,17,29]
tAV3Fk9hhcg6BmLYlUIQ2Q,33.334712,-111.87479,35,[33.334712,-111.87479,33.334712,-111.87479],[24,11]
8VLvS-0f9URpswRmD9VSrw,33.378717,-111.99207865,200,[33.3051971,-112.0739,33.4522369,-111.9102573],[224,182,11,10,28,17,29,72,395,26]
QTR42Jd_k_AKLNAoKH4Syw,33.4706148,-112.08991950000001,4,[33.304138,-112.201447,33.6370916,-111.978392],[41,43,11,26,120]
zelSJqRGg-qbmFnW5xUmoQ,33.61867744999495,-111.967829445915,5,[33.5817884,-112.01199889183,33.6555664999899,-111.92366],[64,123,65,26,11,27]
yqVOqAd9hQnn7E21ZrruWw,33.458783,-112.0561619,2,[33.458783,-112.0561619,33.458783,-112.0561619],[57,186,6]
QqC9YTlHfS2EyFkqNqCEpQ,33.497828,-111.927267,200,[33.497828,-111.927267,33.497828,-111.927267],[352,48,11]
OUME1h-3AfZTxx2EpD_MZg,33.43596493047875,-112.0045032895155,6,[33.3497113609575,-112.079081,33.5222185,-111.929925579031],[48,11,119,26,7,108,338,201,8]
Nx4D3e-SKtjfmWNCIsKhbA,33.3705837,-112.590673,61,[33.3705837,-112.590673,33.3705837,-112.590673],[265,11]
bKuBsvxg6EaWooKaG5aFMw,33.4168391,-111.9261446,1,[33.4168391,-111.9261446,33.4168391,-111.9261446],[123,65]
Vq1xsmynm47zN0RofrE0NA,33.516481549999995,-111.92038295,27,[33.4659256,-111.922301,33.5670375,-111.9184649],[28,17,29,26,11,158]
H77zOFVd2Jb4pGrNZ5CLTA,33.4861786,-112.1172095,1,[33.4861786,-112.1172095,33.4861786,-112.1172095],[26,11]
4CJKKVkQscrpP6QJrid19A,33.386806675356254,-111.929802786133,19,[33.3497113609575,-111.951494,33.423901989755,-111.908111572266],[7,108,338,201,11,26,36,38,39,63,48,140,88,89]
yKWGjYu00tc8IZQWDjgRXQ,33.4883253,-111.91794295,9,[33.3928296,-111.964696,33.583821,-111.8711899],[26,11,27,63,4,13,6,115,160,96,72,53,54,55,266,44,71,73,49,80,82,59]
QQl4YXbqWvKqWSPo3fd_YQ,33.50369965,-111.968796,12,[33.4973896,-112.0152845,33.5100097,-111.9223075],[38,126,39,11,48]
ksvA6rxnSk5N3frrHSEzFQ,33.308522,-111.771893,1,[33.308522,-111.771893,33.308522,-111.771893],[49,80,59]
FcRfAHSQkWZNcc6tpuhoFg,33.36350695,-111.94967795,19,[33.304845,-111.991311,33.4221689,-111.9080449],[74,24,11,119,296,65,133,63,96,72,39,38,27,128,98,7,62,17,26,120]
aDdkjHrsGbweQJipsMWMsQ,33.6235201,-112.330946,1,[33.6235201,-112.330946,33.6235201,-112.330946],[27,11]
4r0SH8MCP_3ls9arnK-tNw,33.331773,-111.978279,2,[33.331773,-111.978279,33.331773,-111.978279],[126,11]
SjyTBav_uIU1sjs5Uy31gQ,33.4329724,-111.9043028,45,[33.4329724,-111.9043028,33.4329724,-111.9043028],[57,69,56]
Pkzlfei0A7RO2GGE76jBOQ,33.575415,-112.0651595,1,[33.575415,-112.0651595,33.575415,-112.0651595],[33,11]
-5DVq0fSQBsbXXGJaDNvWg,33.338258999999994,-111.8111659,5,[33.298078,-111.876416,33.37844,-111.7459158],[251,11,26]
nsam-QTTO9kkHTrPbttd1g,33.554890799999995,-112.03042224999999,3,[33.5242874,-112.0474855,33.5854942,-112.013359],[99,127,11,224]
PFJoEvaDgdorP5eUNyOb0w,33.51643085,-111.92067795,6,[33.3929657,-111.94439,33.639896,-111.8969659],[340,210,11,54,55,122]
z0OdAENLL18A_u0yeq1kaw,33.451812000000004,-111.95357755,58,[33.306411,-112.065439,33.597213,-111.8417161],[126,11,119,99,49,80,59,26,127,251,48,24,15,25,6,38,379,109,39,212,146,63,52,341,177,27,265]
6tafw2XAMbmDS9A4VYuKpQ,33.435880850000004,-111.85860199999999,3,[33.378544,-111.92571,33.4932177,-111.791494],[65,133,33,26,11]
rERE6NsESVx1SmMlOKDsjQ,33.5116737,-112.0653185,2,[33.5116737,-112.0653185,33.5116737,-112.0653185],[210,11]
qwusoxMfDToqJuhlZD4v7w,33.617799149999996,-112.3763865,6,[33.608919,-112.393776,33.6266793,-112.358997],[26,11,99]
CDL-h1vQZS-rEFRYBGy3nA,33.4803679,-111.9347763,184,[33.4803679,-111.9347763,33.4803679,-111.9347763],[7,108,24,11]
hQa4bOvHqt-aKwTmGAHMXw,33.712251,-112.104722,4,[33.712251,-112.104722,33.712251,-112.104722],[119,11]
rYCncos5jX6QSccHNbFrlw,33.366161,-111.738231,1,[33.366161,-111.738231,33.366161,-111.738231],[65,54,220]
nSS1P9FzT0ivZPkoxmHaZA,33.5308349,-112.1760865,4,[33.438128,-112.426629,33.6235418,-111.925544],[49,80,59,167,65,64,30,13,6,45,133]
2YCv4hjapqlHlmr7hbfkMg,33.5104806,-112.0613987,10,[33.455863,-112.128782,33.5650982,-111.9940154],[11,63,109,38,210,39,7,108,5,6,4,32,235,177,140]
5LBowfIh19Z25enwHJFWNg,33.43487245,-111.9534233,16,[33.3060571,-112.0739136,33.5636878,-111.832933],[309,285,11,182,48,140,43,32,203,38,178,7,39,49,128,126,97,25,6,47,88]
W_QXYA7A0IhMrvbckz7eVg,33.55648051595405,-112.01660795000001,200,[33.2815660319081,-112.3796119,33.831395,-111.653604],[57,186,6,212,11,119,27,63,56,70,88,38,99,39,97,361,120,168,181,229,224,185,26,91,48,7,313,265,43,340,24,327,33,307,182,172,84,345,346,10,139,423,77,35,109,89,322,19,20,23,46,76,112,254,225,250,416,142,40,74,62,17,69,298,145,9,28,29,248,49,80,59,296,44,162,79,121,41,204,65,15,25,312,146,152,75,32,175,129,311,373,102,103,52,209,442,241,50,191,111,113,18,247,276,128,12,13,34,309,285,114,163,36,187,47,292,98,465,157,141,117,108,8,101,137,92,16,169,210,61,194,239,22,116,110,144,258,251,140,60,166,64,244]
rFNpYlWCTz8PjbLeAel62g,33.4443644,-111.93168424999999,3,[33.321205,-112.1371245,33.5675238,-111.726244],[39,212,293,239,11,7,24,108,119,130,32]
FOPR4H_FQ2qmmwVvaZBSfw,33.53253275,-111.9961076,34,[33.498028,-112.0737503,33.5670375,-111.9184649],[38,39,40,99,11,48,119,120]
VAOJODKR_EJF6ZHk8sflTg,33.632796049999996,-111.9670443,5,[33.6243102,-112.008357,33.6412819,-111.9257316],[7,292,99,48,11,57,69]
dWMP2lpyhQTe028N0wAgKA,33.58937445,-112.0214936,17,[33.4657642,-112.134443,33.7129847,-111.9085442],[43,11,27,33,129,121,79,98,7,63,117,24,149,224,26]
kF9QjVMhU3GvK4Uox8Lnjw,33.220295,-111.867508,1,[33.220295,-111.867508,33.220295,-111.867508],[6,32,302,110,1,141]
3_BoXGtzk95Aog5sYgMemw,33.4898596,-112.03980415,5,[33.4702022,-112.091191,33.509517,-111.9884173],[182,48,140,11,88,38,39,298,101,33,128,26,24]
4gIi4L7e870qFbnRemaoBA,33.58717605,-112.047819,83,[33.3406452,-112.179712,33.8337069,-111.915926],[33,119,99,11,57,91,7,139,8,48,307,27,44,292,142,38,140,39,40,128,185,47,88,74,296,6,45,109,63,30,13,352,108,168,265,69,157,103,115,372,24,229,36,10,12,114,77,35,76,483]
Xgs3XPID0qJ3s7I1R_aw5A,33.6710331,-111.9067803,3,[33.6710331,-111.9067803,33.6710331,-111.9067803],[126,11]
3KnIBtTFpS_VNtvcZT4WbA,33.6401217,-112.1116606,17,[33.6401217,-112.1116606,33.6401217,-112.1116606],[99,11]
31OZmHva7Q0dTNqpM4TKug,33.512293650000004,-112.06939249999999,63,[33.3117903,-112.335666,33.712797,-111.803119],[212,126,97,11,7,108,338,201,38,48,39,99,43,293,239,251,9,10,169,27,47,63,119,61,13,6,30,373,153,265,142,44,26,42,292,98,139,138,24,162,149,247,340]
sbjfYosWSEaQByfqCPgrKg,33.6128816,-111.9778065,13,[33.6128816,-111.9778065,33.6128816,-111.9778065],[177,140,11]
uEG5uD9wMJixGWxaq34IEw,33.5602575,-111.9032131073975,139,[33.304775,-112.0825073,33.81574,-111.723918914795],[149,224,43,11,49,52,66,39,63,99,38,109,440,7,142,108,182,48,140,36,168,265,205,26,285,185,24,47,27,57,145,44,33,117,293,6,21,445,162,119,98,88,89,40,128,28,17,29,251,206,71,72,126,296,101]
udEWRf1FWzI1asYpeRjHJQ,33.531425850000005,-111.94883155,71,[33.43475,-112.00644,33.6281017,-111.8912231],[28,170,88,38,39,298,11,158,17,29]
8tMypdFYLjzcYXJkH7ONpQ,33.335767,-111.687299,18,[33.335767,-111.687299,33.335767,-111.687299],[28,17,29]
xKwhDsCdc3j72Io5Qfzl8Q,33.523630600000004,-112.0202852,16,[33.4860023,-112.1156244,33.5612589,-111.924946],[38,48,39,11,33,119,185]
dD3DZhGMNUWNFxqqpaApUg,33.390792,-112.012504,2,[33.390792,-112.012504,33.390792,-112.012504],[119,11]
v1h03QZ40ydxGDIzncb7_g,33.832384,-111.934503,15,[33.832384,-111.934503,33.832384,-111.934503],[99,11]
ngUqhGZTsBEp2JTkqc4cNA,33.44359555,-111.96130125,90,[33.303233,-112.0800705,33.5839581,-111.842532],[63,27,24,11,244,119,99,48,38,181,39,40,192,168,298,88,7,33,47,109,224]
cpWqQg3-nroOJKmVMhzngg,33.581758899652,-112.24551364724451,6,[33.4957888,-112.5125131,33.667728999304,-111.978514194489],[322,57,39,145,38,109,63,27,11,7,189,10,24]
Y6YvhrBLPHI4BjOqKZBu_w,33.54569425,-111.9984339,16,[33.457249,-112.0715044,33.6341395,-111.9253634],[57,69,38,40,39,60,6,145,48,11,109,440,30,13,161,65]
1LgHhWbHvU8sfWbuDubitg,33.667728999304,-111.978514194489,83,[33.667728999304,-111.978514194489,33.667728999304,-111.978514194489],[322,57,39,145]
3ay0VC64u7Tt9sYkjOb46w,33.521024249999996,-112.03759285000001,4,[33.5102068,-112.0479816,33.5318417,-112.0272041],[48,11,38,99,33,39,128]
ZZ43etAB2n_T53YBYtf8Dw,33.500658099999995,-112.06962539548499,200,[33.3022462,-112.34971999097,33.69907,-111.7895308],[26,11,28,17,29,126,97,49,368,7,142,99,246,119,139,24,423,137,108,127,155,54,39,38,143,265,63,27,98,44,33,48,80,59,57,69,46,6,40,313,8,18,200,62,12,114,13,115,168,229,260,259,212,43,292,30,185,182,140,205,36,307,186,10,14,15,9,109,77,112,35,375,111,113]
3Qeual_JgDu2CEHkcsAK4A,33.4556584,-112.0719926,3,[33.4556584,-112.0719926,33.4556584,-112.0719926],[38,181,39,40,11]
Z062SV3xkD_0_kZaekGjGg,33.451572,-112.0791505,6,[33.451572,-112.0791505,33.451572,-112.0791505],[28,17,29]
Bewcfwamp4GSuRnBuN8VoA,33.4150223,-111.5505649,1,[33.4150223,-111.5505649,33.4150223,-111.5505649],[137,7,139]
44302NAooinHOKKIWHDKXA,33.40177895,-111.9189155,41,[33.3022462,-111.939864,33.5013117,-111.897967],[38,205,39,40,88,298,11,48,126,273]
-ayFRlzMmPJuRR1KLN_r-A,33.2531171,-111.86019685,2,[33.2475,-111.87918,33.2587342,-111.8412137],[251,43,11,48]
yCH6WEUBkF9PfJEAaNBz5Q,33.463569,-111.95158705,11,[33.345569,-112.0719561,33.581569,-111.831218],[103,109,38,48,39,11,71,72,224,10,24,63]
2fdyqZooz7YSZ5vgkDLxxA,33.4681029,-111.9942092,19,[33.4261603,-112.0656259,33.5100455,-111.9227925],[39,205,38,40,126,97,11,88,89]
6sk5xYx8bsP7SJkGY8bjJg,33.5711465,-112.084771,1,[33.5711465,-112.084771,33.5711465,-112.084771],[11]
OdlB8Gcz9ydBIaZLGPK5Gw,33.6384337,-112.1929593,1,[33.6384337,-112.1929593,33.6384337,-112.1929593],[129,78,278,79]
IdRIUGz2Z64MXI-pTNUjlw,33.53831179682895,-112.16634085,7,[33.4503315936579,-112.4169902,33.626292,-111.9156915],[65,133,26,11,64,63,27,158,28]
mxNCEUOktRQHkSQkN1kuGg,33.4957558,-111.9159147,1,[33.4957558,-111.9159147,33.4957558,-111.9159147],[98,7,206,11]
wcDnnl1-1rGI4DIV1qIoTg,33.4294581,-111.99586880000001,26,[33.3928392,-112.078974,33.466077,-111.9127636],[12,61,13,6,114,64,65]
7WI0-mI-5glr-AGNM5P6mQ,33.5528968,-112.0550321,1,[33.5528968,-112.0550321,33.5528968,-112.0550321],[84,6,166,339]
EivFjI834PZn1pCYqKENZg,33.45750488598555,-111.9362496365235,23,[33.425711,-112.0715044,33.4892987719711,-111.800994873047],[49,387,38,7,47,39,48,128,11,57,145,40]
JrNSIOrh7S7FmlAmxnk0Mw,33.41090575,-112.24288530000001,14,[33.3574524,-112.4296587,33.4643591,-112.0561119],[126,11,26,309,285,307,212,43,98,7,119]
y0kjuHVdGQhLd-bqQ0gZnA,33.5483215,-111.8000615,110,[33.384398,-112.235873,33.712245,-111.36425],[206,11,27,63,7,292,265,168,48,229,338,382,117,99,33,28,17,29,109,38,39,98,24,194,26,307,119,373,182,41,43,333,161,195,65,10,44,185]
nPBkQ54WgN-BjVCSBagCnQ,33.3336075237925,-111.8441942,12,[33.2323699,-111.9677833,33.434845147585,-111.7206051],[117,24,11,7,162,201,194,8,54,405,99,185,62,26,17,48,44,33]
4DIwC9A-OxcG-M2_Ij--LA,33.3550442,-111.7895308,1,[33.3550442,-111.7895308,33.3550442,-111.7895308],[185,11]
ekMRQH5dkzB2mglNBcNh7Q,33.396362350000004,-111.9078062,62,[33.290743,-111.9741847,33.5019817,-111.8414277],[265,11,177,48,63,27,109,38,39,6,110]
alPG0THw2GabvoEa5jdIQg,33.4435436,-111.95406084999999,7,[33.3919202,-112.0160942,33.495167,-111.8920275],[65,133,10,11,129,78,332,278,79,24]
s156TPajrdig4Uqbkhmuxg,33.4360415,-111.9956337,4,[33.4360415,-111.9956337,33.4360415,-111.9956337],[28,240,241]
u1fxUYcCZsiazNmczJh0hQ,33.62862645,-112.00865870000001,106,[33.423546,-112.127874,33.8337069,-111.8894434],[27,11,7,57,232,306,119,99,177,48,98,24,63,39,38,292,338,206,28,17,29,168,265,307,333,26,139,54,324,40,128,49,80,82,59,185,470,145,142,108,8,212,43,109,137,97,182,218]
7uVLyeR9LGNrbL18kMbjuw,33.2839053,-111.8836436,5,[33.2189331,-111.9766013,33.3488775,-111.7906859],[7,10,9,11,229,65]
uiL0cZ-P_SVwH1_ZWMyJ3A,33.495496,-111.988131,153,[33.495496,-111.988131,33.495496,-111.988131],[7,142]
tq0ZoiyXxEH2JK7TcOqqHg,33.4786797,-112.050218,8,[33.4492414,-112.072854,33.508118,-112.027582],[57,99,7,36,69,11,38,39,40,44,24]
tmkaB6K7dntKcLyEp6ZNxA,33.3366505,-111.8763121,2,[33.3365399,-111.8763382,33.3367611,-111.876286],[7,108,6,204,65]
A7q0D5K9DLN47e284rAYGg,33.4271526,-111.91426770000001,4,[33.388549,-111.9718284,33.4657562,-111.856707],[155,54,6,156,219,218,41,11]
-ORNMqs8RV7sguKJbZt3lg,33.4194512,-111.915926,31,[33.4194512,-111.915926,33.4194512,-111.915926],[38,7,47,88,39,48,11]
NTNnhC_mR0QpxzG8TS7cOA,33.362719,-111.8761389,3,[33.362719,-111.8761389,33.362719,-111.8761389],[89,11]
c6gd0okmkw23Cv0QDRWPGA,33.427634,-111.899966,2,[33.427634,-111.899966,33.427634,-111.899966],[63,27,11]
BUqcdn7483EszRpK0iQQLA,33.4354553,-112.0739136,13,[33.4354553,-112.0739136,33.4354553,-112.0739136],[309,285,11]
T29qmivjMdaq_Cgldw3xmQ,33.422728,-111.951494,15,[33.422728,-111.951494,33.422728,-111.951494],[88,38,39,89,11]
hMh-_JOb8ZbCCPIj1CX0hA,33.45,-112.07,18,[33.45,-112.07,33.45,-112.07],[48,11]
nluS1gzW9Ry6x3xK5DvuKg,33.43475,-112.00644,83,[33.43475,-112.00644,33.43475,-112.00644],[28,170]
0H_vCectpvBsoRRSIbudwA,33.4566960573784,-112.072327136993,74,[33.4566960573784,-112.072327136993,33.4566960573784,-112.072327136993],[119,11]
Gx-7IUTviWy5eqaKknBxWQ,33.449233,-112.065458,4,[33.449233,-112.065458,33.449233,-112.065458],[27,11]
0n2jq7LIPQOzs74kPLCDng,33.54057645,-112.02992950000001,5,[33.4528292,-112.18441,33.6283237,-111.875449],[7,194,13,6,4,5,425,160,117,214,11,43,63]
mTRt9zMpYxVVkBs8Dbchcw,33.46852495,-111.9167971,2,[33.458256,-111.9259092,33.4787939,-111.907685],[251,11,43]
c3RYb9wAzDPuTq4ZQhTpGw,33.49112,-112.079081,1,[33.49112,-112.079081,33.49112,-112.079081],[28,17,29]
UWdiLtN781hyWUY9TnvcMg,33.626365,-112.1258525,5,[33.597474,-112.132618,33.655256,-112.119087],[49,80,59,0,1,88,38,39]
KHxnsmfpt_Oo_0iqfToZuA,33.437199,-112.01629700000001,82,[33.43475,-112.026154,33.439648,-112.00644],[38,99,26,39,11,28,170]
rtyId4LjEq5BgjRE7DLGVQ,33.7005934,-111.9235128,1,[33.7005934,-111.9235128,33.7005934,-111.9235128],[26,11]
HfvuuVcC_8-vmS3cb0C7wg,33.6710502,-111.9403254,1,[33.6710502,-111.9403254,33.6710502,-111.9403254],[132,65]
1QGUQB-nQh3Io8POjM9ROg,33.5384203,-112.1839297,106,[33.5384203,-112.1839297,33.5384203,-112.1839297],[11,27,63]
c2pYnh2TtU92lvNOeaDd7A,33.6384876,-112.1897722,7,[33.6384876,-112.1897722,33.6384876,-112.1897722],[7,138,139,97,11]
ObUDyJJJVrQM6KwkDxLiUA,33.448073,-112.01133865,6,[33.421909,-112.0719926,33.474237,-111.9506847],[244,11,38,181,39,40,99,307,172]
xg_fQ2RVA6_I0K_gvnT_hw,33.6839876,-112.1161771,1,[33.6839876,-112.1161771,33.6839876,-112.1161771],[63,27,11]
-VgSxLlBjMmJTPu95aORgQ,33.41347667543,-112.0057583603,18,[33.34815905086,-112.0478085,33.4787943,-111.9637082206],[185,11,26]
e8Ux_b9e3OGceknRqi44WA,33.5052539005138,-111.96860849999999,44,[33.3350177,-112.100731,33.6754901010276,-111.836486],[49,52,50,127,11,38,229,39,40,48,119,99,72,27,439,63,7,292,104,6,204,65,26,109,142,313,126,128,137,8,139,149,97,212,15,191,13,21,22,54,55,122,66,312,146,17,152]
KeWY4FXhYuOV1lA18tFc4A,33.2976955302097,-111.901330947876,4,[33.2976955302097,-111.901330947876,33.2976955302097,-111.901330947876],[7,98,10,9,11]
jUKe28sTvzssaWIM84JkkQ,33.6366169,-111.9488158846665,5,[33.494247,-111.992535,33.7789868,-111.905096769333],[48,11,109,38,39,33,117,224,71,72]
EZ_Qltx0iJyDN--HzLcXQg,33.58695275,-111.9544359,9,[33.4960515,-111.978579,33.677854,-111.9302928],[182,48,140,11,38,39,63,7,108,201,119]
XxAwOrHw1ImDk3chtu6Krw,33.45,-112.07,136,[33.45,-112.07,33.45,-112.07],[28,170]
Y4jbuThb0o3eo0Sm3Uyirw,33.431075449999994,-111.9066693,83,[33.4291785,-111.9090358,33.4329724,-111.9043028],[7,189,10,24,11,6,204,65]
ZBrJBrFqAy42nxIRhKikwA,33.49112,-112.079081,24,[33.49112,-112.079081,33.49112,-112.079081],[28,17,29]
3kMTQOOW-ZlC0uHAo0JZGA,33.3788436,-111.6330824,3,[33.3788436,-111.6330824,33.3788436,-111.6330824],[155,54,6,156]
v1S1v56XLdWzyyfrhSlSmQ,33.5394005033294,-111.924451589584,1,[33.5394005033294,-111.924451589584,33.5394005033294,-111.924451589584],[168,97,11]
7h1KkV5YwOES6i79qihCSA,33.505809,-112.013309,2,[33.505809,-112.013309,33.505809,-112.013309],[104,65]
qgnequH3yIsYVJAjlazTGg,33.5106961,-111.9865579,4,[33.5106961,-111.9865579,33.5106961,-111.9865579],[352,11]
IbEEi2HSH3aFEShKzzDAZA,33.47173765,-111.9947884978335,32,[33.449233,-112.065458,33.4942423,-111.924118995667],[119,99,11,27,39,48,38]
Tg2Khw3jvLxJhJOEh6TPfg,33.4908904484577,-111.670638696847,2,[33.4908904484577,-111.670638696847,33.4908904484577,-111.670638696847],[168,265,11]
LIWGMn3Yz1LIUZXA-VzOBg,33.3488079,-111.9177636,4,[33.320255,-111.927681,33.3773608,-111.9078462],[182,218,11,8,7,138,139]
3WXPe9xduAMHr5NpG5lbBw,33.492962,-111.927751,5,[33.492962,-111.927751,33.492962,-111.927751],[224,11]
2_31RaL6kz0vRQX41g9iXw,33.5207009511645,-111.94523328103,12,[33.43475,-112.0474855,33.606651902329,-111.84298106206],[7,142,126,11,475,48,206,28,170,119,322,57,190,470,145,39,43,99,127,10,24,158,17,29]
CDQDJ3EPcAhMeOiH8m68FQ,33.6281017,-111.8912231,6,[33.6281017,-111.8912231,33.6281017,-111.8912231],[88,38,39,298,11]
hploNL1XClTbZwneDxDTKA,33.4787943,-112.0478085,1,[33.4787943,-112.0478085,33.4787943,-112.0478085],[26,11]
6sYi16ZbCZngRLhXKakYgw,33.554252149999996,-111.953704,12,[33.4822292,-112.0198194,33.6262751,-111.8875886],[382,11,84,336,126,97,6,21,71,72]
2ZK82ft7iJcSZcFm9jPDmg,33.3813867,-111.8188949,2,[33.3813867,-111.8188949,33.3813867,-111.8188949],[71,72]
satNFPsGiRww2nOLdmHs-Q,33.5173991,-112.0824683,1,[33.5173991,-112.0824683,33.5173991,-112.0824683],[126,97,11]
k0z4Ip0Sk0O_hx31OULD3w,33.4952867,-112.3556173,104,[33.4952867,-112.3556173,33.4952867,-112.3556173],[49,28,178,17,29]
fFnaNnsBfStQKXQ6ymYy4A,33.5110409,-112.2411489,4,[33.3386028,-112.5161858,33.683479,-111.966112],[49,178,28,17,29]
LnMMOFdCcHiYQOpagFINnQ,33.5726734313962,-111.977681974951,4,[33.4978182,-112.029991149902,33.6475286627924,-111.9253728],[224,11,79,121]
S9KOOE4FLaoZ9lAzhwbNLA,33.604685,-111.717821,12,[33.604685,-111.717821,33.604685,-111.717821],[65,133]
Rt6pmxshTSab4l8KTR6_Tw,33.5091953,-112.0509935,2,[33.5091953,-112.0509935,33.5091953,-112.0509935],[72,287]
bNzUpGG4FJrT55MsWjykfQ,33.3489439582423,-111.9211868353575,28,[33.3194479164846,-111.983342170715,33.37844,-111.8590315],[44,24,11,43,106,54,107,317,251,33,7,36,8,373,182,41]
8xbcW7PpBjE6WYgvMtZaGg,33.49380725,-111.9565197,3,[33.4608045,-111.9884173,33.52681,-111.9246221],[79,121,182,48,140,11,57,470,145,39]
F_6eT1J4XGpNCivbXmEbVA,33.4224084,-111.8644947,13,[33.4224084,-111.8644947,33.4224084,-111.8644947],[26,11]
Xo20UqW4t6LHXjz0dbL3bA,33.49764795,-111.93120435,6,[33.411851,-111.9770187,33.5834449,-111.88539],[32,95,222,177,140,11]
RWb-_iDoC_CsfQWDoOa6iA,33.2761017,-111.7921976,12,[33.2452024,-111.8396102,33.307001,-111.744785],[15,6,191,208,130,32,35]
H839ygYDNFMsomNswqOK2Q,33.637161,-112.19974,2,[33.637161,-112.19974,33.637161,-112.19974],[265,126,11]
zExp-BPzrk9yD3sljsHQfA,33.639493,-112.057685,1,[33.639493,-112.057685,33.639493,-112.057685],[7,98,108]
HJdzww_X0Lo8y8ikWssyDQ,33.4962205,-111.9641728,1,[33.4962205,-111.9641728,33.4962205,-111.9641728],[38,140,39,40,48,11]
S7Zlol5qxWrRGX21Uqs4_A,33.5499622,-112.1515413,1,[33.5499622,-112.1515413,33.5499622,-112.1515413],[195,65]
wtz3H1UWW4V5nuZfRWDsSA,33.52189916376755,-112.019615281885,3,[33.5218465,-112.0648577,33.5219518275351,-111.97437286377],[210,11,49,445,66,52]
XE_mTf090IfnKbftagiMfA,33.3370939,-111.8760633,2,[33.3370939,-111.8760633,33.3370939,-111.8760633],[251,11]
6y5OO0oMdKsXEjki_dzTdA,33.676177,-112.2761182,2,[33.676177,-112.2761182,33.676177,-112.2761182],[41,11]
liqkkxqOs7npbH7YnHC6-g,33.3474772,-111.91211415000001,4,[33.3118314,-111.964485,33.383123,-111.8597433],[26,11,27,63]
cNo2ajSPar458uKXEW7uvg,33.4433189,-111.9891509,9,[33.3926383,-112.0691813,33.4939995,-111.9091205],[7,108,43,11,333,36,99,126,26,6,45]
JgDuU82qd_hEjk-cjvqcxA,33.4820996,-111.9087669,57,[33.4820996,-111.9087669,33.4820996,-111.9087669],[26,11]
RvHRn_kKL3w4MCWLsFLgyg,33.494247,-111.92975,1,[33.494247,-111.92975,33.494247,-111.92975],[109,38,48,39,11]
r9Rd8v5-WL1oPsiSTwgxyg,33.5808058,-112.2629118,1,[33.5808058,-112.2629118,33.5808058,-112.2629118],[7,36,11]
2yADbgjdAsKjDQMgmn49XQ,33.55503905,-111.9599356,5,[33.4922985,-111.9953195,33.6177796,-111.9245517],[48,11,210,26,63,27]
hGwI80UInn1-g59nYiRbhA,33.37854,-111.793383,2,[33.37854,-111.793383,33.37854,-111.793383],[54,55,122]
G6Rv0jJXloZiglqqLGFgBA,33.516001,-112.054658,1,[33.516001,-112.054658,33.516001,-112.054658],[54,55,122]
XqAvr9y0Lxcrd6O4rWrc5A,33.38177205,-111.80306715,2,[33.348109,-111.912238,33.4154351,-111.6938963],[26,11,10,24]
TOIbINWPFeVFfFq3pxsg_w,33.4719589,-112.0649208,7,[33.4719589,-112.0649208,33.4719589,-112.0649208],[251,11]
Yj_QNiLwz5BnAiumBmLxoA,33.5258934,-111.9331147,11,[33.426368,-111.9403451,33.6254188,-111.9258843],[119,120,11,27,88,38,39,298,26]
m37RyVMryl9Pd4r24UVZww,33.3367611,-111.876286,24,[33.3367611,-111.876286,33.3367611,-111.876286],[6,204,65]
1w53T7zfCtgJEM371dQAXQ,33.4702022,-112.0653186,1,[33.4702022,-112.0653186,33.4702022,-112.0653186],[182,172,11]
0oh8An_28WS-0EurWKbcPg,33.5008001,-111.9227925,32,[33.5008001,-111.9227925,33.5008001,-111.9227925],[39,205]
DGY3Ui6IkE6tjWVhQ32zAw,33.308771,-111.921403,2,[33.308771,-111.921403,33.308771,-111.921403],[30,13,6]
MXQ-wwpqH-IWuDZm_QJVdQ,33.5815896,-111.94265075,7,[33.3358523,-112.064752,33.8273269,-111.8205495],[109,38,48,39,11,126,63,307]
knAD49enlJ7L0U4iDSL5uA,33.4218839,-111.97218385,10,[33.335031,-112.028453,33.5087368,-111.9159147],[98,7,206,11,108,119,8,48,54,55,122,256,63,44,26]
qvlN0_9dQAOKDgsYT2gWDg,33.495276000000004,-111.925065,4,[33.491546,-111.926703,33.499006,-111.923427],[26,11,39,212,126,293]
287xp-MZcclqvSMmwncztw,33.4589294,-112.08150255,88,[33.4587919,-112.0915007,33.4590669,-112.0715044],[101,88,38,39,40,57,145,48,11]
ao4dEZak0vWdMcwsEDIVpQ,33.6722465,-111.8904642,1,[33.6722465,-111.8904642,33.6722465,-111.8904642],[11,63]
hk4O-ApCLhPe5XxKifBnCA,33.8332781,-111.9513452,2,[33.8332781,-111.9513452,33.8332781,-111.9513452],[7,108,48,11]
1uPt4wavVcLPvvA1v6mUSA,33.248994,-111.86573,3,[33.248994,-111.86573,33.248994,-111.86573],[53,54,55,122,256]
oASqMIKVM3YzbOstSbeVwQ,33.32163875,-111.8501533,4,[33.279525,-111.9100616,33.3637525,-111.790245],[265,11]
WZJEdsPReU5l6ZddRGMq9g,33.5093736,-112.0409502,2,[33.5093736,-112.0409502,33.5093736,-112.0409502],[39,38,99,128,11]
gB3XCuMsfr6RoUFU4U1h7Q,33.4360415,-111.9956337,2,[33.4360415,-111.9956337,33.4360415,-111.9956337],[28,240,241]
8khFZf-u8BFVkNWH4wN94g,33.5005043,-112.0827581,15,[33.5005043,-112.0827581,33.5005043,-112.0827581],[43,11]
_Ssbz8viI2ZgHgvBWy1wTw,33.45572485,-111.9564335,4,[33.416355,-112.227821,33.4950947,-111.685046],[224,11,168,48,185,26]
B8vUrVH6x_y3B0CTSg240w,33.393544,-111.948187,1,[33.393544,-111.948187,33.393544,-111.948187],[98,7,108,292]
rBPe2sODzz-tNyn34CQrlQ,33.4596405,-111.9488692,16,[33.421453,-111.991453,33.497828,-111.9062854],[224,11,26,7,189,10,24,98,9,352,48,63,168]
ozkQagzFcAFP68CfRwHUbw,33.623539,-112.220737,1,[33.623539,-112.220737,33.623539,-112.220737],[132,105,65]
Jztz02CTAIYMmwoDs9H7Ag,33.7079190910832,-112.478628158569,2,[33.7079190910832,-112.478628158569,33.7079190910832,-112.478628158569],[49,52]
Xi8oUCqueuCrLjHGHWnGdQ,33.5092093,-111.9885861,1,[33.5092093,-111.9885861,33.5092093,-111.9885861],[340,11]
5HUE-w-TEw5Mmm_BFwP3dg,33.3632757197692,-111.8840755,4,[33.3199781,-111.9089791,33.4065733395384,-111.8591719],[63,48,140,11,43,65,133]
4rNVYWmp0UyTQfvnfSNUdg,33.533525,-111.965872,18,[33.533525,-111.965872,33.533525,-111.965872],[265,11]
23-FXvM7P1ZJFawV3ccZ1Q,33.532650399999994,-112.06805299999999,11,[33.4581958,-112.07454,33.607105,-112.061566],[49,193,59,38,6,145,186,57,39,88,298,11,27,24,12,114,13,61]
-dESb2jAPYgG9yK6QE8H2A,33.4531502,-111.9869274,53,[33.4531502,-111.9869274,33.4531502,-111.9869274],[28,17,29]
DdlhLZe_QSLwMih_vW1_fg,33.4719808,-112.00254555000001,7,[33.446572,-112.0827836,33.4973896,-111.9223075],[32,95,222,39,205,38,40,185,11]
G3P3IeWNUvKonj1iwSR5iQ,33.5020654,-111.9242599,8,[33.5020654,-111.9242599,33.5020654,-111.9242599],[28,17,29]
YnUOjXIzNebruPbKhCEIHQ,33.402506349999996,-111.9155475,5,[33.3786447,-111.9398551,33.426368,-111.8912399],[7,108,88,38,39,298,11,101,57,145]
VtTtSg4_l7dxLB0uG5nAvQ,33.489085,-112.0740504,14,[33.489085,-112.0740504,33.489085,-112.0740504],[11,63]
iKdMmDTiGAYGIcvS6LzDUg,33.453062599999996,-112.07421095000001,3,[33.449799,-112.074714,33.4563262,-112.0737079],[7,36,8,28,442,241]
r9YO6C-E5QUR9nwXl1Tc7A,33.5410998,-111.92563290000001,4,[33.4981873,-111.9288741,33.5840123,-111.9223917],[7,313]
Q7_5rgLT2fAggeWLX2wPGw,33.3495841,-111.7722731,50,[33.3061062,-111.8603327,33.393062,-111.6842135],[7,142,189,10,24,11,9,139,225,474]
smuPvImE3OoRYD6hL-if6w,33.5754755,-112.0651592,1,[33.5754755,-112.0651592,33.5754755,-112.0651592],[119,11]
lDwBgYORzIIEb8gD2eL31g,33.391982,-111.852108,1,[33.391982,-111.852108,33.391982,-111.852108],[28,17,29]
EYSIfzPC3Sach-hkIvFPiw,33.4942939,-111.925316,79,[33.4942939,-111.925316,33.4942939,-111.925316],[26,11]
gqaIMF91zoG3P15Vzkthqg,33.5675217,-112.13027065,9,[33.4947974,-112.229329,33.640246,-112.0312123],[129,121,79,289,6,35,26,11]
U8NqiMqlLTdag-RQns1oyA,33.566109,-111.9244817,8,[33.566109,-111.9244817,33.566109,-111.9244817],[7,292,338,206,11]
iQQ4TQ-QHGMrLlgq7GUeYQ,33.4659091,-112.0503324,16,[33.4659091,-112.0503324,33.4659091,-112.0503324],[43,11]
NQ5vq3Za4FCBFupqicakqg,33.67498803925635,-111.9418378846665,4,[33.6721220785127,-111.978579,33.677854,-111.905096769333],[7,108,201,119,11,48]
KEs8FODbBAkdlMn7IxZ7Bw,33.5779267,-111.92492245,6,[33.500169,-111.9300279,33.6556844,-111.919817],[39,38,99,128,11]
DtGCXK5Wx0ZHe4BNAjR8pA,33.506941,-111.926536,4,[33.506941,-111.926536,33.506941,-111.926536],[475,48,11]
gqdCwtiDjOvRNcX81LQh-A,33.3312504,-111.97934685,13,[33.3057308,-112.062654,33.35677,-111.8960397],[97,11,102,103,333]
6hgQxLXtptI1EOjvHQR2sQ,33.553468,-112.07339160000001,15,[33.466104,-112.151282,33.640832,-111.9955012],[109,38,11,39,63,168,181,229,27,126,24]
5vGn1Z5TVyqkcnZXGYfN9A,33.5097768,-111.9957399,2,[33.5097768,-111.9957399,33.5097768,-111.9957399],[38,48,39,11]
b8uDmHaC1AMn43DpKHnuSQ,33.4438794,-111.9398855,167,[33.392791,-112.072167,33.4949678,-111.807604],[48,26,11,212,57,27,39,145]
oXTXSVOONazBtXMV1YjvpA,33.5062078,-112.0739142,1,[33.5062078,-112.0739142,33.5062078,-112.0739142],[168,181,229,11]
fT2T9i9m6g1qAdWDGWCZFg,33.43510508951775,-112.010675313838,200,[33.4341900790355,-112.0270114,33.4360201,-111.994339227676],[28,240,241,7,108]
PAuNz-s5buWCc7YdEOoRTw,33.261388,-111.857235,18,[33.261388,-111.857235,33.261388,-111.857235],[7,142]
yY1XXk5-_B7gS5JjVeYyow,33.3596476768799,-111.92282134999999,13,[33.2613563537598,-112.0561119,33.457939,-111.7895308],[26,11,224,185,99]
cv-NyIpK12ePpdG_JsMCVg,33.5533766,-111.8916321,158,[33.5533766,-111.8916321,33.5533766,-111.8916321],[57,327]
Yd3eaK5LJRuS5I8gXm-00A,33.41860185,-111.9314897,9,[33.4150348,-111.944507,33.4221689,-111.9184724],[182,48,140,11,39,38,27,128]
KJRXVZ9T4tzpVmHvYmFPrQ,33.3334981,-111.9116464,3,[33.3334981,-111.9116464,33.3334981,-111.9116464],[65,133]
UXFmzsbt3-vFhryMCA-B6Q,33.374845500000006,-111.937736,3,[33.2475,-111.996292,33.502191,-111.87918],[48,11,109,38,39,63]
kLJsqZ3nwA3DBRd0tmBR_A,33.5025941,-111.9296765,22,[33.5025941,-111.9296765,33.5025941,-111.9296765],[182,99,11]
TDPeE52Wl06LhxgGvuYjiQ,33.5242874,-112.0474855,15,[33.5242874,-112.0474855,33.5242874,-112.0474855],[99,127,11]
XSogNoNxbGAogA2fkiaKAA,33.635846,-112.234319,1,[33.635846,-112.234319,33.635846,-112.234319],[38,99,128,39,296,11]
jm_Ac3DphB7Sgr4OzLJhiQ,33.364621799999995,-111.86675994999999,2,[33.349981,-111.967069,33.3792626,-111.7664509],[261,54,55,106,317]
SjEYPvHV7xogPLPZsuV5Pg,33.453287016969,-111.9260663924,1,[33.453287016969,-111.9260663924,33.453287016969,-111.9260663924],[38,145,57,205,101,39]
igPXimv1AzEkBLWA6mRwKw,33.499982,-112.0050215,4,[33.498028,-112.082092,33.501936,-111.927951],[352,48,11,26]
8Yg8el11sapGi13gM4NfTg,33.50220145,-111.95630435000001,29,[33.4953069,-111.994831,33.509096,-111.9177777],[126,97,307,11,6,45,30,13,202,72,281,28,17,29,212,43,38,99,39,119]
-VMZ8Rie8r45pw7Y8TWG8g,33.6138378,-111.95094505,13,[33.4074496,-112.0670453,33.820226,-111.8348448],[33,26,11,183,65,99,48,296,168,127]
Kbwuyf-Z5NKip0LQBv1rQg,33.6322642,-112.2375029,1,[33.6322642,-112.2375029,33.6322642,-112.2375029],[265,11]
zrhwzWN-SgxTQFpbH8takg,33.49112,-112.079081,1,[33.49112,-112.079081,33.49112,-112.079081],[26,11]
heidxq1vpCDGqSsYM5pzFg,33.5252672,-112.0995348,12,[33.5252672,-112.0995348,33.5252672,-112.0995348],[33,11]
YewCf20PglU7c6JXu6bhcQ,33.459613,-112.357458,2,[33.459613,-112.357458,33.459613,-112.357458],[99,11]
M_4tUydPIWK7a_x2CiXJYg,33.4504867,-112.07462204999999,3,[33.4503624,-112.0750461,33.450611,-112.074198],[38,205,39,40,48,11,161,123,65]
T3nizBSxK68NAC9jeL8s6Q,33.45012485,-112.0719286,3,[33.4474542,-112.0745395,33.4527955,-112.0693177],[26,127,11,99,201,10]
2jg6zEtMpe9QyY9eI9L2zw,33.549913849999996,-112.10752435,10,[33.5062577,-112.176187,33.59357,-112.0388617],[32,203,90,177,140,11]
nwEBy0a6PuZHitIrZPDF_g,33.34992015,-111.83240359999999,3,[33.3068421,-111.9127599,33.3929982,-111.7520473],[57,69,215,32]
ApFSkeGhx4zZJSfxy9C6SA,33.46752095,-112.17352890000001,25,[33.30617,-112.3768048,33.6288719,-111.970253],[57,327,311,11,119,39,38,48,128,99,185]
RPa4TGUDFhR64Q6JennuIg,33.3929295,-111.9308611,3,[33.3929295,-111.9308611,33.3929295,-111.9308611],[112,6]
wPVxk14ij_DInryRt85PjQ,33.52453365,-111.9130416,134,[33.4942423,-111.9264472,33.554825,-111.899636],[119,201,11,39,48,38]
EzbrJku3AdptLEM_zvXd-g,33.479887,-111.992309,1,[33.479887,-111.992309,33.479887,-111.992309],[224,11]
fIcCPXp6q4qfBH1L_r3RTQ,33.502191,-111.996292,6,[33.502191,-111.996292,33.502191,-111.996292],[109,38,11,39,63]
sRWrHdNkL-BAzgH9K-pGUw,33.437199,-112.01629700000001,65,[33.43475,-112.026154,33.439648,-112.00644],[38,99,26,39,11,28,170]
PGykOuHyLidy84Va5txZ2A,33.546,-111.96828,6,[33.546,-111.96828,33.546,-111.96828],[119,127,11]
HEQIE5kvXDCfSiJV2MsdwQ,33.4471735,-112.073781,5,[33.4471735,-112.073781,33.4471735,-112.073781],[48,11]
-5-r7OGVBl5Sfk-FZp388g,33.4587437,-112.0775732,15,[33.4587437,-112.0775732,33.4587437,-112.0775732],[182,48,140,11]
cvd7kvWlRNJX-Cie4w1o4g,33.494459,-111.9953287,2,[33.494459,-111.9953287,33.494459,-111.9953287],[38,99,88,39,40,11]
VOf-qrpRjefMT_7ftpD7_g,33.48209645,-112.06945395,2,[33.4548476,-112.0800705,33.5093453,-112.0588374],[63,27,24,11,38,210,26,39]
Zav7DqNA9HlwKB69gDBEiQ,33.438902999999996,-111.9612058,6,[33.261388,-112.0651766,33.616418,-111.857235],[38,48,39,40,11,126,265,97]
9oEpUQ2GbjJukhA-MVeCRw,33.583729,-111.928052,6,[33.583729,-111.928052,33.583729,-111.928052],[7,36]
m8CLpoVQaI5MdsauwPKcUg,33.331655,-111.982113,5,[33.331655,-111.982113,33.331655,-111.982113],[33,119,99,11]
-i2t7WMFOAujFAUBhxpknQ,33.413324,-111.873436,2,[33.413324,-111.873436,33.413324,-111.873436],[43,11]
VxyQpDw6TlITtnYspVOPvg,33.4938414,-111.9268138,6,[33.4938414,-111.9268138,33.4938414,-111.9268138],[27,11]
vOIe5Kq76mpSkb4tipQ06Q,33.48113,-111.925759,1,[33.48113,-111.925759,33.48113,-111.925759],[72,184]
eST1Gm-T9lHriralMDvGiw,33.580449,-112.134175,1,[33.580449,-112.134175,33.580449,-112.134175],[65,133]
0s619CM--csLmD_Ek21LEQ,33.4322113,-112.0429513,28,[33.4322113,-112.0429513,33.4322113,-112.0429513],[28,271]
kjivTd9V5wrTWBoFMHHKWA,33.4608045,-111.9477654,15,[33.4608045,-111.9477654,33.4608045,-111.9477654],[57,470,145,39]
GSzxxOaFTSI3g4SX-aoVAw,33.499318,-111.927164,4,[33.499318,-111.927164,33.499318,-111.927164],[7,36,142]
9iNwqB9yXwFkf8kYzxUEfw,33.3947699,-111.9088938,1,[33.3947699,-111.9088938,33.3947699,-111.9088938],[7,142,172,11]
yV6rKdVT7E833ffE6UHwRg,33.49112,-112.079081,5,[33.49112,-112.079081,33.49112,-112.079081],[26,11]
RPOWRvIdNKb_K5vkTiPlnQ,33.4869182,-111.908738,48,[33.4869182,-111.908738,33.4869182,-111.908738],[39,119,26,38,11]
La2TZRxsj3RUQX5T_WukqA,33.5384472,-112.11452695,6,[33.5242704,-112.181592,33.552624,-112.0474619],[48,11,41]
ClwvJsIns4ESympKrDaqGQ,33.442852900000005,-112.1376822,7,[33.4150348,-112.356892,33.470671,-111.9184724],[7,148,182,48,140,11,49,178,96,72]
nbt1sfShAG6YaOGbMj6sdA,33.5336234,-111.9652641,61,[33.5336234,-111.9652641,33.5336234,-111.9652641],[161,28,65,17,29]
tFLhyWG--5A01BxiNzT0rw,33.628253,-111.8551127,1,[33.628253,-111.8551127,33.628253,-111.8551127],[27,11]
OB1uFMhT5V7dBNTUwC39tA,33.506989286437246,-112.00048691450499,6,[33.4471735,-112.075503,33.5668050728745,-111.92547082901],[48,11,224]
cvr4aNk01NNzc7KAytLF0w,33.6057305,-111.90433865,3,[33.5711455,-112.0966146,33.6403155,-111.7120627],[27,11,202,72,281]
9LaaM8iHLKo1KvsV_8TRYQ,33.488082000000006,-112.0760695,12,[33.378951,-112.185592,33.597213,-111.966547],[120,11,364,6,35,26,168,99]
YJpYkpsTCIvU0LdueXzTjQ,33.6473667,-112.15126674999999,3,[33.6391352,-112.168382,33.6555982,-112.1341515],[27,307,11,24,43]
GjYhx_UBsndqJ5O0P7y3cw,33.4274125,-111.94152065,52,[33.271662,-112.0740123,33.583163,-111.809029],[71,72,224,11,177,192,10,24,63,15,6,191,25,109,38,39,27,184,7,108,26,17,62,99,127,57,145,119,47,88,48,219,218,41,43,250,139,36,33]
WROmgnA_jpn4up1qqepRmw,33.399991,-111.939886,1,[33.399991,-111.939886,33.399991,-111.939886],[11,63]
9yi4UhvlS0K1fg_kA5SUwQ,33.5670375,-111.9184649,1,[33.5670375,-111.9184649,33.5670375,-111.9184649],[28,158,17,29]
g6MqolUz-ndBGKBlKsfb4A,33.46162255,-111.91597924999999,9,[33.384398,-111.9730855,33.5388471,-111.858873],[11,63,168,99,119,38,48,39,7,148,201,161,195,65,26,177,140]
tlbYNSQE6XtF-8gqpPYtqQ,33.337958549999996,-111.74865429776,17,[33.2903691,-111.755096,33.385548,-111.74221259552],[49,193,80,59,248,6,168,11,63,7,36,126,97]
kY99oZjvnho3QwwOwxJQTQ,33.463629,-112.347038,2,[33.463629,-112.347038,33.463629,-112.347038],[39,38,99,128,11]
b9TcMqRXE0suDiBgNlOBdQ,33.4075743,-111.8562525073975,10,[33.3059393,-111.9885861,33.5092093,-111.723918914795],[149,126,11,48,296,99,26,309,119,285,340,10,44,24]
gWOTPa-AHzl87htI816cqQ,33.46773555,-111.91509875,58,[33.4329724,-111.9258947,33.5024987,-111.9043028],[7,292,26,11]
11m_4W9hPDej-8BOdC-EYg,33.545584399999996,-111.96802395,17,[33.4940321,-112.0142173,33.5971367,-111.9218306],[27,11,119,26,185,99]
3jLy3Ur_b4VxstLnss4-2w,33.49416445,-112.01755610000001,13,[33.4219869,-112.098425,33.566342,-111.9366872],[229,11,126,33,309,285]
Xdu24yBabw0uq4GzKBhWaA,33.54407845,-111.97904324999999,35,[33.413158,-112.0823075,33.6749989,-111.875779],[6,45,267,182,172,11,223,169,251,7,8,218,41,63,27,126,43,265,97,48,185,177,140,26,212,109,38,39,224,142,292,161,28,65,17,29,382,192,117,214,373]
--xayi5_x00uSNZZGQgY6A,33.4806043,-111.9081371,141,[33.4806043,-111.9081371,33.4806043,-111.9081371],[84,147]
WS_xHzXr_vZAfFIlcsSMaA,33.46149225,-111.9734084,7,[33.4132825,-112.042514,33.509702,-111.9043028],[285,185,11,26,33,265,72,275,269]
wLYh6phLnrbj8o3yE3nhYw,33.4923301,-111.924946,16,[33.4923301,-111.924946,33.4923301,-111.924946],[38,48,39,11]
ze9vx8StuAqraMgG9-QrFQ,33.479887,-111.992309,55,[33.479887,-111.992309,33.479887,-111.992309],[224,11]
3mdjLGhT9zfwXHkcJdWx6g,33.50110505,-111.97572955000001,7,[33.4920033,-112.0272041,33.5102068,-111.924255],[265,11,126,97,307,26,48]
c9PdghcU2D80e0FKTZAM0g,33.462171392472,-112.072769511055,9,[33.444801984944,-112.0734213,33.4795408,-112.07211772211],[33,120,11,38,99,39,128,185]
P3BIYP3-onZ8FuA_4usY6Q,33.42786325,-112.15707950000001,15,[33.330835,-112.521877,33.5248915,-111.792282],[39,38,40,206,11,212,63,97,48,373,196,43,6,250,57,56,98,7,292,187,139,108,24]
Q3JJO_DwEn3Ty8xZ0gYPqg,33.1809632,-112.27583,24,[32.9467421,-112.7201876,33.4151843,-111.8314724],[28,481,190,17,152,7,148]
zvT-cvvpJ-JReMqqa0Q9HA,33.3197706645368,-111.89549446106,3,[33.3197706645368,-111.89549446106,33.3197706645368,-111.89549446106],[27,24,11]
0GNkaqOGywvuU-JSrScrMw,33.50938055,-112.02123705,132,[33.508704,-112.028081,33.5100571,-112.0143931],[38,48,39,40,11,26]
WBnDaCld2S9hvmFNIqWCEQ,33.407612099999994,-111.98572625,24,[33.3056888,-112.0741442,33.5095354,-111.8973083],[63,27,11,33,265,48,7,139,416,119,99,352,38,39,73,72]
QrHE16GxYCDwRnjFEGe8lA,33.4922985,-111.9245517,29,[33.4922985,-111.9245517,33.4922985,-111.9245517],[210,11]
oJpDrX1XLB46MiYr6CxY0Q,33.6252456,-112.1299644,1,[33.6252456,-112.1299644,33.6252456,-112.1299644],[83,6]
vRrhUw4nW20euzeLhvBxZw,33.6197586,-112.00388395,6,[33.5993116,-112.0672866,33.6402056,-111.9404813],[7,142,33,44,11,99,8]
TrhqmLnp8fAJrOXNB2m8vA,33.388878851086204,-111.898123025894,8,[33.321061644794,-112.072327136993,33.4566960573784,-111.723918914795],[26,11,99,119]
GQ0mwbM2eRVzCqZaS1Yhjw,33.4786145232413,-111.926500797272,1,[33.4786145232413,-111.926500797272,33.4786145232413,-111.926500797272],[4,5,6]
_XOVjcbUsQL19dXdqEMTwA,33.399883,-111.68413,3,[33.399883,-111.68413,33.399883,-111.68413],[48,11]
U29PDIZFIwoGMDvI1sOU7g,33.3354566,-111.876337,15,[33.3354566,-111.876337,33.3354566,-111.876337],[7,162,43,11]
vDmWHK8Zz42K1aj0et5ZhQ,33.439648,-112.026154,8,[33.439648,-112.026154,33.439648,-112.026154],[99,11]
FQRT0TmiKfKQcLpfPpmrpw,33.47925015,-111.9307641,2,[33.4655863,-111.933566,33.492914,-111.9279622],[7,24,47,27,11,38,99,39,40,48]
A5fchhJJApnDP8AqHLndqQ,33.3021786,-111.8426724,2,[33.3021786,-111.8426724,33.3021786,-111.8426724],[126,39,11]
HEIAOkZen4foUk6UWoP4_g,33.420487800000004,-111.88519575000001,7,[33.360804,-111.9105545,33.4801716,-111.859837],[24,11,229,39,38,128]
yRTKs5w--3hLJWgfSe9ksg,33.379429200000004,-111.9514347,32,[33.3050743,-111.9985666,33.4537841,-111.9043028],[49,368,99,11,57,91,7,148,6,45]
NHN9j2Ar6oL1h2bCqg57cw,33.421303,-111.916969,1,[33.421303,-111.916969,33.421303,-111.916969],[373,97,11]
PPfxiZJU5qvRax-nInEPmQ,33.55942885,-112.18681525,10,[33.507978,-112.275337,33.6108797,-112.0982935],[7,108,33,99,120,11,98,239,138,139]
21OP-c3LrElRTgC-9T9vIg,33.5557353,-111.8988152,4,[33.5557353,-111.8988152,33.5557353,-111.8988152],[48,11]
K37HGtTuPFFtlt5haihVrg,33.3790441,-111.8425949,3,[33.3790441,-111.8425949,33.3790441,-111.8425949],[27,11]
w5rA1b7ZM7G9y1ehVkg1CQ,33.318913,-111.969608,2,[33.318913,-111.969608,33.318913,-111.969608],[33,11]
i94sMKEeWy2ipDaTqyK1Fg,33.43393965,-111.98816065,44,[33.3656883,-112.0739818,33.502191,-111.9023395],[39,212,126,293,11,49,52,6,32,302,110,1,141,140,155,54,26,97,185,98,7,24,38,99,88,128,109,63]
W_hCma8cf6EOLbBUtvHXIA,33.640149,-112.42085,8,[33.640149,-112.42085,33.640149,-112.42085],[78,79]
sJMH5m9c_MjUjNVHkWzlvA,33.59238165,-112.0116692,4,[33.4938414,-112.0965246,33.6909219,-111.9268138],[49,28,190,435,27,11]
LUR2tzgzKQLla0a7unfybQ,33.501161,-111.925513,21,[33.501161,-111.925513,33.501161,-111.925513],[206,11]
VrYBW9kIQeN5Cu8EPEChKQ,33.437384,-112.096872,1,[33.437384,-112.096872,33.437384,-112.096872],[288,32]
Nc7VzfKGU6p6Ig9zQz3SLw,33.3478272,-111.9102573,2,[33.3478272,-111.9102573,33.3478272,-111.9102573],[224,182,11]
OCeSZV_4yTQUZIHkBfUokA,33.5726156912808,-112.118439674377,1,[33.5726156912808,-112.118439674377,33.5726156912808,-112.118439674377],[57,146,91,51,49,312]
CxqDIU0zLeC2UfJpHuVw9g,33.5670375,-111.9184649,199,[33.5670375,-111.9184649,33.5670375,-111.9184649],[28,158,17,29]
_E_JSnGl_ngQNAUyUazTmA,33.3782275,-111.9297442,1,[33.3782275,-111.9297442,33.3782275,-111.9297442],[33,11]
EgPJE7nLq0OBZNwCjr9awg,33.6031538,-111.98997449999999,12,[33.566109,-112.100731,33.6401986,-111.879218],[64,65,7,292,338,206,11,261,54,412,55,47,48,212,26,400,142,182,140,43]
aF4_Gix8djerSB2Vpga4Uw,33.41294057629395,-111.9850153410155,2,[33.3999435,-112.0297841,33.4259376525879,-111.940246582031],[185,11,39,38,128]
yGLdFYchByt6FBNSop_Fpg,33.606079,-111.716541,1,[33.606079,-111.716541,33.606079,-111.716541],[38,39]
Ph36AX_dR5RO0ono2Nd7zw,33.612438499999996,-111.971457,8,[33.536861,-112.0475028,33.688016,-111.8954112],[7,108,5,6,4,71,72,98,24,11,62,27,17]
B7tOC8K6oGE36O1ORstqLw,33.3350531,-111.9445728,200,[33.3350531,-111.9445728,33.3350531,-111.9445728],[27,11]
izOUjRwXReNSYtIl_AUR9w,33.5806118,-112.04695715,39,[33.3631506,-112.1854,33.798073,-111.9085143],[38,39,40,210,11,27,219,218,41,48,26,109,129,332,278,79,7,47,126,97,99,63,403,121,17,18,251,182,172,43,352]
_FAs7lqBtDitWxTRpCJt4g,33.705703,-112.150494,1,[33.705703,-112.150494,33.705703,-112.150494],[215,32]
3ZEc0JBnmJHpak2cNyCIPA,33.4326998206449,-111.7454716201855,10,[33.383382,-111.806509,33.4820176412898,-111.684434240371],[27,11,33]
Dcv7XF8K_QNKaJJscyQczQ,33.5810927,-112.0555769925535,23,[33.4471783,-112.183988,33.7150071,-111.927165985107],[38,39,40,27,11,26,57,145,48,182,140,7,292,98,139,99,172,108,126,97,218]
_rcPBlfL6SPBJAaqE_-KIA,33.495024,-112.063756,1,[33.495024,-112.063756,33.495024,-112.063756],[33,11]
ujDoMIAlFDAP14ebf5Xczw,33.37597815,-111.945054,2,[33.372546,-111.948589,33.3794103,-111.941519],[7,139,292,62,17,375]
93rkBOyASqzxtJ1FIAavIA,33.302903150000006,-111.84195395,64,[33.3013903,-111.842609,33.304416,-111.8412989],[7,33,48,47,11,62,26,17,28,18,29,224]
FhW_jRJSxk734fY-4qn9Pg,33.502191,-111.996292,152,[33.502191,-111.996292,33.502191,-111.996292],[109,38,11,39,63]
_UAyLUAFAe8lnry2NEfVGA,33.5935514,-111.81869485,200,[33.4504828,-112.0739897,33.73662,-111.5634],[127,11,26,38,99,128,39,296,28,17,29]
7K3db25E3Vrk2AAEBRZjtA,33.4206217692857,-111.81896305000001,72,[33.3350531,-111.9445728,33.5061904385714,-111.6933533],[28,17,29,48,11,27,98,7,307,162,26]
CVw2CL-OSvOpcNBR5mIV5w,33.499504,-111.927891,1,[33.499504,-111.927891,33.499504,-111.927891],[48,24,11]
uJVv3nSqscK0_c8cZSlJ_A,33.422728,-111.951494,2,[33.422728,-111.951494,33.422728,-111.951494],[88,38,39,89,11]
L1K--UxLtkxZf-iWXK0hTQ,33.5005719,-112.0741143,1,[33.5005719,-112.0741143,33.5005719,-112.0741143],[7,108]
juv6YXxWDCsUpMupMSPRow,33.5087368,-111.9953195,1,[33.5087368,-111.9953195,33.5087368,-111.9953195],[11,63]
dlco_HADLtoLHjiwil1Rdw,33.50207665000001,-112.0557911,3,[33.4948977,-112.0736999,33.5092556,-112.0378823],[27,11,134,135,7,142]
NYq3lcw0WOh4fst8pjmFHQ,33.5011424,-111.9213147,11,[33.5011424,-111.9213147,33.5011424,-111.9213147],[28,17,18,29]
qTqwkuQkKhGvmidz9WYAzA,33.499318,-111.927164,56,[33.499318,-111.927164,33.499318,-111.927164],[7,36,142]
GKdYT2Qr7BsqZNrL-pjXCg,33.4040682,-111.9201741,10,[33.3055423,-111.9778222,33.5025941,-111.862526],[49,80,82,59,182,99,11,7,108]
gqpWictKApC_rWpkmR8hfg,33.4261603,-111.939838,55,[33.4261603,-111.939838,33.4261603,-111.939838],[39,38,126,97,11]
VJUjrSX5_AUzVrDqdnI6zQ,33.3778368,-112.0358927,2,[33.3778368,-112.0358927,33.3778368,-112.0358927],[11,27,63]
tbXPJB8xlhhhD1skkCi01g,33.4946746890568,-111.922958252286,1,[33.4946746890568,-111.922958252286,33.4946746890568,-111.922958252286],[46,102,6,103]
RagnKPkg8SJa3J-p0tkZ8Q,33.50303905,-111.9310695,6,[33.45,-111.97,33.5560781,-111.892139],[92,15,6,106,408,54,49,80,82,59,72,390,39,38,26,127,11]
wqPaSfr7teGzs-w3N1CO7g,33.4659256,-111.9216144,1,[33.4659256,-111.9216144,33.4659256,-111.9216144],[26,11]
WmjeXlIHl9X_jPOMmx5CyQ,33.28542995,-111.73815289999999,15,[33.2497757,-111.8418289,33.3210842,-111.6344769],[84,345,6,346,7,138,139,162,108,26,11]
GYkxnJplDi9KjNvWhEfrmQ,33.485664549999996,-111.9880871,11,[33.4154085,-112.077177,33.5559206,-111.8989972],[38,265,39,11,206,63,382,7,36,352,48]
sp8bUg7COC_PYIZel83koQ,33.4080213,-111.99001455,6,[33.3209686,-111.9909114,33.495074,-111.9891177],[210,11,104,105,65]
oai7WVGgwIDIov75Qqs_Jw,33.55587595,-112.22889485,6,[33.4732683,-112.3928444,33.6384836,-112.0649453],[7,33,142,24,11]
pOwI9VgLDG5qGp8i9dPIrw,33.498028,-111.927951,1,[33.498028,-111.927951,33.498028,-111.927951],[352,48,11]
teHVZZ_RlMFzZAJticQFyQ,33.498915,-111.928258,1,[33.498915,-111.928258,33.498915,-111.928258],[26,11]
zPfZdsTf1VmMxpirft8zVQ,33.3917177901471,-111.908305687358,2,[33.3917177901471,-111.908305687358,33.3917177901471,-111.908305687358],[24,11]
gcjhZXMVVl_IBABRtkvCvw,33.544051800000005,-112.11877215,7,[33.4493238,-112.1672471,33.6387798,-112.0702972],[99,11,17,18,7,33,142,120]
AhfLEVQ0fESI5doCb9L7Lg,33.4070051,-111.9068084,6,[33.3199781,-111.9218306,33.4940321,-111.8917862],[119,26,185,11,43]
Yt0XfbCdDpRGlsbS3uMiSg,33.4862787,-111.9102055,1,[33.4862787,-111.9102055,33.4862787,-111.9102055],[11,27,63]
OqgL64SkHicaRtYpw08r9g,33.5199975,-111.97017275,16,[33.497828,-112.0152845,33.542167,-111.925061],[352,48,11,7,8,119,265,38,128,39,99]
V9fqRDGc-jBv7wwTLUOODA,33.49843425,-111.9644144,200,[33.494459,-111.996292,33.5024095,-111.9325368],[119,11,7,8,109,38,39,63,99,88,40]
HEjagh35HyKc8NeXxCQ8_w,33.4286005,-111.91074,4,[33.383981,-112.04806,33.47322,-111.77342],[38,39,40,337,32,88,89,11]
aEZarRBZY7qEMNKk5nePxA,33.446641,-111.9575113,15,[33.351089,-112.0719926,33.542193,-111.84303],[251,11,43,33,38,48,39,149,126,181,40,265,97]
tyLAyMMg-y2RgVx7qypQfA,33.482871,-112.047946,1,[33.482871,-112.047946,33.482871,-112.047946],[65,133]
Vv89iM91KdciCALtg6hJtw,33.48574935,-111.970570066406,27,[33.3478272,-112.072854,33.6236715,-111.868286132812],[26,127,11,27,218,7,142,292,328,32,38,39,40,182,172,98,48]
b2QI9Q7tqoCwai4LB5yGLw,33.41829941637155,-111.91348149999999,6,[33.413158,-111.951184,33.4234408327431,-111.875779],[109,38,27,39,11,251,98,7,24]
3AG-0UVeO3_zK0axpVHzdA,33.5818637,-112.1879216,6,[33.5818637,-112.1879216,33.5818637,-112.1879216],[98,7]
UCOssThZufcqehMMe6OA0g,33.48835835,-112.32093115,200,[33.425207,-112.3727582,33.5515097,-112.2691041],[307,212,43,11,48,109,38,265,39,26]
jgHjTC_Mdf4IeiwAeDqmbA,33.578890842472,-112.091924511055,5,[33.444801984944,-112.1117313,33.7129797,-112.07211772211],[38,99,39,128,185,11,123,65]
swgRfa4vN6mAMigyp2eCCQ,33.42796115,-111.7373954,10,[33.360621,-112.0323598,33.4953013,-111.442431],[26,11,126,43,219,218,41,27]
mYwd5uSF0yQkBf5BYuI3HQ,33.4950082,-112.0114032,70,[33.4950082,-112.0114032,33.4950082,-112.0114032],[182,172,43,11]
zo8gBqkFNJ4KwhZwUxfB8g,33.477178,-111.925799,10,[33.477178,-111.925799,33.477178,-111.925799],[119,48,24,11]
7I3VONKeELnqZbdYleS1HA,33.43475,-112.00644,84,[33.43475,-112.00644,33.43475,-112.00644],[28,170]
7215qBflcxWNNoiXa4MByg,33.55957649585615,-112.03845706608399,17,[33.457118,-112.1868211,33.6620349917123,-111.890093032168],[11,24,63,48,99,38,39,119,260,28,17,29,446]
EXBOkXWPNYZk5HFBg5NbTQ,33.4073714,-111.9729121,25,[33.304703,-112.086757,33.5100398,-111.8590672],[92,15,6,216,38,7,47,88,39,48,11,177,140,309,119,285,27,33,293,109,126,108,24,43,149,97,26]
ck-sjY6_f-3VCUAazs6MUQ,33.349964799999995,-111.83238754999999,82,[33.3060616,-111.8748501,33.393868,-111.789925],[7,313,142,11,24,33]
eA8MSUJDUB4ELz-Y6yhDEA,33.5394273,-111.9245481,1,[33.5394273,-111.9245481,33.5394273,-111.9245481],[64,65]
nuMQS4wXUnDT3aM_OWjWDg,33.4787943,-112.0478085,23,[33.4787943,-112.0478085,33.4787943,-112.0478085],[26,11]
BioAZDKHS28VxA52NHPp4g,33.55435695,-111.92772504999999,3,[33.498915,-111.928258,33.6097989,-111.9271921],[11,63]
5j0hoUVgYJTyNshMXgJ4rg,33.4457615,-111.91438035,9,[33.414345,-111.925799,33.477178,-111.9029617],[119,48,24,11,192,7,455,139]
vAAeeV-kqabpuVr-DmtdFA,33.4660407,-112.0814642,4,[33.4660407,-112.0814642,33.4660407,-112.0814642],[24,11]
SnZ1aSonwVkQBtayiH_A-Q,33.492381,-111.9259469,6,[33.492381,-111.9259469,33.492381,-111.9259469],[265,48,11]
7Y3bu9los2f5QKC7vhhdYA,33.4503592,-112.2744769,2,[33.4503592,-112.2744769,33.4503592,-112.2744769],[235,32,90]
PSRL0VX3C4azHWfEnhcOVg,33.4661258,-111.9175385,56,[33.4661258,-111.9175385,33.4661258,-111.9175385],[38,48,11,128,39]
bSxRMman23jqYU_-aMPOHg,33.6019467,-112.0058383,7,[33.5636878,-112.0672866,33.6402056,-111.94439],[32,203,7,142,38,99,33,39,128,11]
T5TeLBETUXg4VXhjHskCrw,33.379116350000004,-111.80304050000001,6,[33.3086797,-112.075503,33.449553,-111.530578],[27,11,26,10,24]
78akFsTwDcO0i0NlDZX3SQ,33.480084500000004,-111.98874939999999,28,[33.4329724,-112.073196,33.5271966,-111.9043028],[49,320,321,193,59,212,361,11,63,27,38,140,39,40,48,182,126,97,33,119,172,7,292,99,229,307,128,26,88,6,45,65,148,204]
F1QFJa7GLu9ydXYFU2q4kw,33.527911999652005,-111.9549752,50,[33.388095,-112.0734644,33.667728999304,-111.836486],[322,57,192,11,49,312,146,17,152,39,145,368]
7x2zxgUPmC3nRRoyCdkHJQ,33.30564,-111.99901,1,[33.30564,-111.99901,33.30564,-111.99901],[64,65]
tZ_NXkSCR3QWecfQ73JxKw,33.6389039,-112.154998,2,[33.6389039,-112.154998,33.6389039,-112.154998],[96,72]
QbmLOhkI8C4esBGcY1q5zQ,33.45767305,-111.97078435,6,[33.3934996,-112.0648577,33.5218465,-111.876711],[212,63,97,11,210,176,1,26]
Xs8pk4HhA_VTyulvM7byjg,33.50766385,-112.006651599202,16,[33.3313401,-112.1185366,33.6839876,-111.894766598404],[63,27,11,309,265,126,97,88,7,38,47,39,248,249,6,15,57,69,48,89]
jAO9zgmbTXk4LaTxdSP_TA,33.6123075,-112.0124654,33,[33.6123075,-112.0124654,33.6123075,-112.0124654],[43,11]
SXYUFYpnS6BLUcvfoeEscw,33.473313250000004,-112.04098385,2,[33.4527955,-112.0693177,33.493831,-112.01265],[38,99,128,39,296,11,26]
VahXLKIxYT3X2rq_F93VQA,33.1171151,-111.772244743622,15,[32.879529,-111.859488487244,33.3547012,-111.685001],[11,57,69,7,108,48,97]
o5AWgV0c4eO1V7FJnTjjlA,33.365530750000005,-111.90937565,12,[33.306499,-111.9409053,33.4245625,-111.877846],[224,11,127,63]
vjMMOI0WW-WEPY0GeVfm7A,33.383123,-111.964485,6,[33.383123,-111.964485,33.383123,-111.964485],[7,142]
_9e363BqgWI3EWHLHLZPjQ,33.6556844,-111.9300279,2,[33.6556844,-111.9300279,33.6556844,-111.9300279],[26,11]
9zDVfc4wjY2U4XSjb2CPXg,33.569308649999996,-111.98771785,8,[33.498028,-112.0474847,33.6405893,-111.927951],[352,48,11,26,63,27,39,38,128]
oMDSmhe72hjxoR3EAj6sXQ,33.5074140075615,-112.112702,39,[33.390792,-112.341878,33.624036015123,-111.883526],[88,7,38,47,39,11,27,63,26,210,311,206,48,142,108,119,212,97,109,126,175,129,121,79,218,41,98,24,162]
RsTLCiG6FadWm38J1iGKfw,33.6387798,-112.1672471,1,[33.6387798,-112.1672471,33.6387798,-112.1672471],[7,33,142,120,11]
bDdag0--JTG3Vol1EsN99w,33.654105,-112.237054,1,[33.654105,-112.237054,33.654105,-112.237054],[72,275,269]
RqWIxCYG4a42mUCChgMQvA,33.6255307,-112.0307001,1,[33.6255307,-112.0307001,33.6255307,-112.0307001],[112,6,151,254]
mmZk-DnajPfiCDu67CWrKg,33.63932145,-112.02599810000001,13,[33.4787939,-112.126087,33.799849,-111.9259092],[218,41,11,108,7,182,139,137,64,65,54,220]
GIwdJzBzacIFLHEZ81CloQ,33.495445200000006,-112.149155998864,26,[33.3359104,-112.4159659,33.65498,-111.882346097728],[7,98,10,9,11,27,449,97,63,109,38,39,292,338,206,99,168,43,265,126]
zn5yVTHJdLfaun94hkVLsA,33.6235377,-111.925553,81,[33.6235377,-111.925553,33.6235377,-111.925553],[7,142]
DIVcFjShU5JjMUDxqU5VWQ,33.639544,-112.168382,1,[33.639544,-112.168382,33.639544,-112.168382],[27,307,11]
FIBdkKFEn4rPo5kMXYyMOg,33.494326,-112.1140536,34,[33.315619,-112.2798692,33.673033,-111.948238],[65,105,54,220,369,27,11,84,291,64]
mWI0jgWEADAQXO0798TG7w,33.302011,-111.842615,18,[33.302011,-111.842615,33.302011,-111.842615],[109,38,48,39,11]
3HvZNzlLZBm02fjrGXHZxw,33.5094461,-112.0403946,1,[33.5094461,-112.0403946,33.5094461,-112.0403946],[63,27,11]
Tw7EYil0FMZPLZjjDyDqsg,33.384734,-111.857879,18,[33.384734,-111.857879,33.384734,-111.857879],[99,27,400,11]
K9dHUYCn1_yFFEp19nz8oA,33.492517,-111.930037,2,[33.492517,-111.930037,33.492517,-111.930037],[38,7,57,18,109,209,17,39]
8jZPjWA_5xg7RpvbQrDHlA,33.3775316,-111.8596924,2,[33.3775316,-111.8596924,33.3775316,-111.8596924],[210,181,11]
-69HRk_D8Hq3Ki1cagvDcA,33.5035929,-112.01213185,23,[33.426351,-112.1352495,33.5808348,-111.8890142],[43,11,26,38,99,39,41,33,48,307,119,24,120,57,69]
9UNlzSAKWHZDDkHn7Gz6iw,33.52515445,-112.39817450000001,14,[33.441414,-112.557102,33.6088949,-112.239247],[99,11,7,108,26,6,118,27,48,47,142,38,109,39,63,247]
d-bzzVMjfVHzVDb-EW2lVw,33.7982936,-112.1204014,4,[33.7982936,-112.1204014,33.7982936,-112.1204014],[27,11]
Nd0sVw-AyeF-9skvjKHl6Q,33.473295500000006,-112.072267,30,[33.305759,-112.151282,33.640832,-111.993252],[99,11,126]
5Ht4W7Vu2j6E31UN6Y2zww,33.49147245,-111.95329645,34,[33.3788924,-111.977892,33.6040525,-111.9287009],[38,99,33,39,128,11,192,140]
2K5Z79LIKu2F0M3IfsUmtg,33.5183691,-112.0047498,5,[33.5183691,-112.0047498,33.5183691,-112.0047498],[99,11]
RbvcOMQagxqnhXl5vsvWNQ,33.552191,-112.0760169,9,[33.448586,-112.132916,33.655796,-112.0191178],[49,39,341,146,57,56,145]
3MaEy96jJbN6qmixakBswQ,33.435146,-111.998367,41,[33.435146,-111.998367,33.435146,-111.998367],[119,38,99,39,11]
Zfi8ibJgwCrR4W43cjnc7w,33.449188,-112.0772,48,[33.449188,-112.0772,33.449188,-112.0772],[38,39]
ZP20a41dAYlbHGrFjXndXg,33.494513,-112.0344355,49,[33.334509,-112.228106,33.654517,-111.840765],[10,11,182,48,140,46,6,130,32,7,138,8,139,30,13,36,33,117,24,108,15,25,60,372,129,121,79,84,345,346,141,38,210,26,39,340,201,63,27,212,168,181,229,77,35,76,71,72,49,406,52,34,154,200]
-rXESVt_Jgz5MDd5oX3dRw,33.495194850000004,-112.020531,7,[33.4218047,-112.11582,33.568585,-111.925242],[28,17,29,38,39,74,27,11,26,10,24,63,224,33,119,99]
FotNQyhpdWUmNiu5rSwmng,33.44326635932925,-111.8995646085135,2,[33.394030718551,-111.924118995667,33.4925020001075,-111.87501022136],[119,99,11,63,27]
-Jj2EiC8B5P2opyeQQ6OQw,33.422728,-111.951494,36,[33.422728,-111.951494,33.422728,-111.951494],[88,38,39,89,11]
_977TriQp2lqEBv89FuNSA,33.385748500000005,-111.88557080000001,12,[33.2614572,-112.0146407,33.5100398,-111.7565009],[48,11,109,38,39,63,99,33,128]
EXbbC-fymHpjQlvnxx3S0w,33.38459815,-111.92640525,198,[33.3344463,-112.00644,33.43475,-111.8463705],[119,120,11,28,170]
pAFA57y75RlL4eGXl6E-wg,33.492053,-112.332821,9,[33.492053,-112.332821,33.492053,-112.332821],[224,11]
U2Y9W0puMqg0cLJaNMj0XQ,33.4593423,-112.3404129,1,[33.4593423,-112.3404129,33.4593423,-112.3404129],[33,44,11]
urgpFYv53h07iZUJRooI6w,33.5950968646478,-112.065436542034,19,[33.5950968646478,-112.065436542034,33.5950968646478,-112.065436542034],[28,17,29]
C9pgzBsu5akJKsobPLJuHw,33.2851939715441,-111.796875,16,[33.2851939715441,-111.796875,33.2851939715441,-111.796875],[6,112,152,17,111,246,113]
dM28E7HkF-7A3ZrhISAG3g,33.269369943518996,-111.98588249039,173,[33.266696887038,-111.99153418078,33.272043,-111.9802308],[49,265,146,11,28,29,17]
de7YHIrP22hKIY116i6lvw,33.6034949,-112.1175001,1,[33.6034949,-112.1175001,33.6034949,-112.1175001],[71,72,73]
jfMCiJd17AUiRxH1_FZy2Q,33.583142,-111.927321,3,[33.583142,-111.927321,33.583142,-111.927321],[27,11]
OLtpWG394b4VVQhYht2cIg,33.5042006,-111.97660845,71,[33.492335,-112.029562,33.5160662,-111.9236549],[38,99,39,40,11]
YXHWwk2fTBEjpKYWv4pngg,33.3057949,-111.9677833,1,[33.3057949,-111.9677833,33.3057949,-111.9677833],[99,185,11]
G3Bh03r_uWYf9aWPePn1vg,33.574603100000004,-112.1160456,7,[33.5612589,-112.1164668,33.5879473,-112.1156244],[168,169,11,48,185]
gYcLmcMSTaEvJBFBO3U_Kw,33.3370939,-111.8760633,3,[33.3370939,-111.8760633,33.3370939,-111.8760633],[251,11]
0bKzvtpZjT9FNDj1YoiotA,33.5792886,-111.97620795,9,[33.532125,-112.0301549,33.6264522,-111.922261],[41,43,11,72,184,210,48,39,265]
aM72jFxgmCII32qUZS6CWw,33.4940321,-111.9218306,1,[33.4940321,-111.9218306,33.4940321,-111.9218306],[119,26,185,11]
2dAMXFpEHMAhCodSL3qyjQ,33.337557653793,-111.734455375485,12,[33.220784807586,-111.8856396,33.4543305,-111.58327115097],[7,142,190,28,140,11,265,64,65]
l6mxvIhgM92WuCd7GvGopw,33.6181515,-112.2914278,2,[33.6181515,-112.2914278,33.6181515,-112.2914278],[113,6,116]
d_wwtal1GrHXbc2fkHoIPg,33.5090487,-112.0709232,4,[33.5090487,-112.0709232,33.5090487,-112.0709232],[6,32,35,75,76,77]
69Rezd3L0A0H7S7HibDQ1A,33.4346646089965,-111.994210481644,118,[33.4346646089965,-111.994210481644,33.4346646089965,-111.994210481644],[48,11]
9LZP7Ll7N9zkuWfA5DUAYw,33.573478,-111.92160849999999,200,[33.499499,-111.927402,33.647457,-111.915815],[11,48,63,28,17,29,109,38,39,440,40]
VeXFuPCA8IP-dCQ7K8H0QA,33.4480659,-111.9270202,1,[33.4480659,-111.9270202,33.4480659,-111.9270202],[182,218,11]
TR0E_EmulgPBHw8C7mqPEg,33.457487,-112.354786,7,[33.430535,-112.364213,33.484439,-112.345359],[104,161,195,65,133]
