T-maPZJUOpwG9skIvYFxAQ,33.454997,-112.066857,91,[33.454997,-112.066857,33.454997,-112.066857],[28,17,18,29]
7APbnvYPaqH38EDbbOf3og,33.5222185,-111.9595033,21,[33.5222185,-111.9595033,33.5222185,-111.9595033],[48,11]
nS9_mx7xtdZXHPkGsZGsKg,33.5008018,-112.0824532,9,[33.5008018,-112.0824532,33.5008018,-112.0824532],[26,11]
vvImsgqK7_GUo4iuD57XTw,33.4823901048764,-111.995616365069,29,[33.319212,-112.0741143,33.6455682097528,-111.917118430138],[28,158,17,29,33,119,99,11,127,7,36,108]
aLLFiXiztg_klCOtaCJNRw,33.4949416,-112.0019948,2,[33.4949416,-112.0019948,33.4949416,-112.0019948],[119,24,11]
aslhrfpgkB3HL_RF0anGlw,33.6247911,-111.9257312,115,[33.6247911,-111.9257312,33.6247911,-111.9257312],[11,63]
1NUvXxp5GzRTb4ubqvv_RQ,33.6397913,-112.2245556,1,[33.6397913,-112.2245556,33.6397913,-112.2245556],[6,204,65]
FUsvo9BjMNgkwmw5ivVA8Q,33.6142384623396,-112.196640764097,17,[33.6028169,-112.414919428194,33.6256600246792,-111.9783621],[65,133,64,161,78,79]
wm0mxDog5BR_x2HY-Ed1Wg,33.6071829,-111.9403254,1,[33.6071829,-111.9403254,33.6071829,-111.9403254],[11,63]
67q6sdXeuVRvzgHQNNHHVQ,33.542167,-111.925061,1,[33.542167,-111.925061,33.542167,-111.925061],[38,128,39]
VBKbZD9X4zruXYORIhJhhg,33.40249825,-111.9311836371885,73,[33.220295,-112.118439674377,33.5847015,-111.7439276],[11,26,251,24,177,140,28,17,29,229,7,139,108,142,375,99,63,38,39,40,48,43,206,57,145,273,128,313,212,126,182,218,146,91,51,49,312,33,6,204,65,27,10,224,62,292,296,42,322,97,192,36,143,123,265,13,115,44,127,109,101]
yiGA-4VvmfeIhltOXMnlpg,33.498840799999996,-112.2026815,10,[33.4946576,-112.358184,33.503024,-112.047179],[219,218,41,11,38,26,39]
vRCobuFps6RSR3HYkjPf0w,33.3003980129221,-111.74266192922,1,[33.3003980129221,-111.74266192922,33.3003980129221,-111.74266192922],[43,11]
4IcHv23kWfhDhXX3tTyqwQ,33.750575,-111.860187,1,[33.750575,-111.860187,33.750575,-111.860187],[48,11]
puzfvhzRSBi20-ZDKl2NfA,33.5990432,-111.9812072,2,[33.5990432,-111.9812072,33.5990432,-111.9812072],[84,359]
GgUZ324etNyusv993M-S8Q,33.386737499999995,-111.877161,15,[33.383123,-111.964485,33.390352,-111.789837],[26,11,7,142]
CN6kQAUSR-vTKs6pz4oEkg,33.458356021322004,-111.93798428765001,16,[33.421617342644,-111.9466751753,33.4950947,-111.9292934],[63,27,11,168,48]
b8IP0MtAq9K64bAlczx-Gw,33.3784723,-111.8770833,1,[33.3784723,-111.8770833,33.3784723,-111.8770833],[65,133]
hORy0O17fXiPM5g_ouY3-A,33.38894555,-112.13494915,5,[33.3313401,-112.290989,33.446551,-111.9789093],[7,8,63,27,11,26,84,291]
6N1qmSdYxhUsp2ouZDZlGA,33.63248075,-111.9637838,20,[33.566109,-112.0370612,33.6988525,-111.8905064],[7,9,10,11,36,60,6,108,292,338,206,177,140,99,49,50,52,61,13]
sTp0tbs1M2H8ykmUTCBlJQ,33.393199,-111.97627,12,[33.393199,-111.97627,33.393199,-111.97627],[26,11]
KGXmojW7Fq2vg6jS5bD02w,33.4685283,-112.3398448,1,[33.4685283,-112.3398448,33.4685283,-112.3398448],[7,8]
MJI4PpvkzHhcxNOyAK0GxA,33.678615,-111.9746066,3,[33.678615,-111.9746066,33.678615,-111.9746066],[57,69]
1uVRAA9UJje1X09QD9PfQQ,33.47746535,-111.932986,6,[33.427081,-111.9400878,33.5278497,-111.9258842],[7,142]
RelbFgVOJMPXuYzsEKuOvg,33.530234,-111.925621,59,[33.530234,-111.925621,33.530234,-111.925621],[28,17,29]
D4UTWSNLk_Ird04z3-2vhQ,33.553457,-112.098337,1,[33.553457,-112.098337,33.553457,-112.098337],[27,11]
F8P_fHNXGAwD-v7NYrHIuA,33.487083549999994,-111.995407,26,[33.3350308,-112.150244,33.6391363,-111.84057],[38,26,39,11,126,97,224,185,210]
nrfgLpqiyIbAf29cAb3BeQ,33.414363,-111.551433,1,[33.414363,-111.551433,33.414363,-111.551433],[265,11]
6Tx26vqYFpEGi3tIwQ7XFQ,33.450357999999994,-112.011738,11,[33.442375,-112.067833,33.458341,-111.955643],[7,108,119,11,26]
wc0GboWkT_nc1Dga8L32Zw,33.569524,-111.889631,7,[33.569524,-111.889631,33.569524,-111.889631],[98,7,11,24,63]
g5XFARMWC2rZrujXRCa0Hw,33.496857899999995,-112.0734255,11,[33.4549678,-112.082092,33.538748,-112.064759],[119,120,11,26,33,99,32,95,222,27,24,63]
8xzqzbxG80Wp5lz_jRUwJQ,33.491645,-112.073196,200,[33.491645,-112.073196,33.491645,-112.073196],[38,140,39,40,48,11]
SqwJLXrRJbrDT7s96M43nw,33.436858,-112.098174,4,[33.382596,-112.117267,33.49112,-112.079081],[119,11,26]
zCl3T8KazVlTGN6ONCtEMA,33.5530823,-112.1256063,2,[33.5530823,-112.1256063,33.5530823,-112.1256063],[308,54,195,65]
2UPPp-p0Yk7l56o75ZCIBg,33.541290849999996,-112.1423126,28,[33.383848,-112.3947036,33.6987337,-111.8899216],[208,6,35,372,265,11,28,17,29,34,31,32,45,12,114,13,22]
NIhxofj-clTLkKxe6l6eQg,33.5025941,-111.9296765,18,[33.5025941,-111.9296765,33.5025941,-111.9296765],[98,7,24,11]
h-BP-EaadBq-HIfXqzBP8A,33.5849412,-112.0133842,12,[33.5849412,-112.0133842,33.5849412,-112.0133842],[44,97,11]
psKmvETtm5OV5TEPyIdyGA,33.2031068,-111.68080035,2,[33.0359595,-111.9741847,33.3702541,-111.387416],[62,26,17,11,265]
y3Vd0DkA5_XrZNExMugnBA,33.45,-112.07,198,[33.45,-112.07,33.45,-112.07],[26,11]
crpuBf9sv2w2gI963bw_xQ,33.4165461,-111.836832,1,[33.4165461,-111.836832,33.4165461,-111.836832],[7,49,108,193,59]
3hj2fXJWTW_npZqYVlX4sQ,33.3845874,-111.8057823,9,[33.3845874,-111.8057823,33.3845874,-111.8057823],[26,11]
D-7TJBhuTW_CllRyzA6A8w,33.6770475,-111.999038,3,[33.670616,-112.031964,33.683479,-111.966112],[212,229,11,26]
WJkmgkrSPMHTfDTD3VgqqA,33.5095598,-112.11425013253,200,[33.3852846,-112.39201426506,33.633835,-111.836486],[43,11,27,7,138,8,139,63,224,119,177,140,108,33,99,98,10,340,142,292,49,312,146,17,152,71,72,38,143,39,205,309,285,126,97,128,120,40,298,57,145,24,251,117,129,278,79,181,229,26,48,88,247,293,50,52,212,361,185,162,44,137,307,172,54,317,36,69,168,136,84,345,6,346,186,60]
bAWxcnQ9qCQQcOMn58nPtw,33.3836503,-111.96650439999999,4,[33.3201271,-112.073781,33.4471735,-111.8592278],[99,11,7,139,416,36,48]
dmCdSE_X9rSyvcLtAgXKbQ,33.580542,-112.1215834,1,[33.580542,-112.1215834,33.580542,-112.1215834],[7,33,142,11]
E3knTWKAEpp0fY_Qhyudvg,33.6729823,-111.8904749,1,[33.6729823,-111.8904749,33.6729823,-111.8904749],[38,126,97,39,40,11]
unTvHyNDXmkWwoXzV7c1WQ,33.3633494,-111.9275536,1,[33.3633494,-111.9275536,33.3633494,-111.9275536],[43,11]
RIHioh6CtCoEwB2D_Tl_OA,33.4940045,-112.3376344,2,[33.4940045,-112.3376344,33.4940045,-112.3376344],[44,26,11]
_BcyuDANZtPA81G4Ik268Q,33.351854,-111.829865,1,[33.351854,-111.829865,33.351854,-111.829865],[7,15,108,6,191]
9R5KOoQBLJxjBqcqiq71tg,33.472674,-112.064752,2,[33.472674,-112.064752,33.472674,-112.064752],[11,63]
GA9-h9rRosmKN-NzvyepLQ,33.42944651461665,-111.90010645,23,[33.2341019292333,-112.0739689,33.6247911,-111.726244],[126,97,11,99,27,7,24,108,119,224,63,265,292,338,206,251,26,48,43,38,39,109]
BkiYK8vr-oo9mHugzxg5Pg,33.4961605,-111.927986,2,[33.409766,-111.930192,33.582555,-111.92578],[26,11,126,97]
U0QGtmk81ca5CK0Alh_x_w,33.4749493,-112.0002401,200,[33.4503996,-112.0730782,33.499499,-111.927402],[38,181,39,40,11,322,57,48,157,103]
sXWvDlMQspjJ1zzr3cEM7Q,33.517692999999994,-111.9608065,200,[33.303233,-112.079081,33.732153,-111.842532],[88,38,39,89,11,27,33,119,99,26,265,48,206,10,24,63,126,97,224,28,17,29,7,47,128,101,140,40,158,298,465,57,145,168,205]
fr_P0ianAL-64D5J9UXo2g,33.48053825,-112.19544635,19,[33.4657898,-112.3585329,33.4952867,-112.0323598],[26,11,49,28,178,17,29,119,120]
4WyOI4x62W2EsvZO-RV-MQ,33.375463800000006,-111.93965705,7,[33.321266,-111.9676661,33.4296616,-111.911648],[33,168,11,49,52,43,27,93,3]
ZsqSDOeYGb-DinY6x3-YgQ,33.3863481,-112.0311844,45,[33.272043,-112.221156,33.5006532,-111.8412128],[26,11,27,177,140,63,296,119,99,43,265,48,293,39,219,218,41,212,126,10,117,24,224,340,49,146,223,175,129,278,79,74,38,285]
v-t1qOuJHxV2b2cdJFuDJA,33.6024846,-111.79952635000001,19,[33.4869182,-111.9275797,33.718051,-111.671473],[39,119,26,38,11,49,178,7,36,8]
5DeZJFtHX2U6RUcSHJGqlg,33.4947792,-111.9175074,1,[33.4947792,-111.9175074,33.4947792,-111.9175074],[113,6,17,116]
OZjJGMHf5zYrEiGel7KywQ,33.2125748081159,-111.67526753516,3,[33.2125748081159,-111.67526753516,33.2125748081159,-111.67526753516],[10,24,11]
sTbkWoOX8Q3yzrpjzJKGpQ,33.569663649999995,-112.0850696,14,[33.492914,-112.2365732,33.6464133,-111.933566],[7,292,38,99,39,40,48,11,126,265]
bLHqbSt3SaE_H1Fud035Ag,33.4150348,-111.9184724,4,[33.4150348,-111.9184724,33.4150348,-111.9184724],[223,11]
DqgtH33V5ad7E6dPrL_4LA,33.484487,-112.07643,1,[33.484487,-112.07643,33.484487,-112.07643],[224,11]
YOAfbHMQr04lXSzluxYgLQ,33.5135194,-111.8887889,48,[33.5135194,-111.8887889,33.5135194,-111.8887889],[14,15,25,6]
pxSJnxAYE6PwUiyvMIWSjg,33.4939895,-112.02147719999999,25,[33.448775,-112.095189,33.539204,-111.9477654],[93,3,94,32,95,322,57,7,108,208,6,35,39,145,449,119,11,470,27,24,98,404,99,41,210,5,4]
y3G08sNWisaMAhqad77RYg,33.50741,-112.031029,3,[33.50741,-112.031029,33.50741,-112.031029],[57,69]
DMCGCo1D88u61SBx8jXAWg,33.36097270405795,-111.7777395,131,[33.2125748081159,-112.063434,33.5093706,-111.492045],[7,108,48,11,119,309,33,47,398,54,99,185,44,49,265,146,182,140,10,24,27,62,26,17,28,102,190,103,43]
PmDHdnS-EkD4mOIsHD-dVQ,33.357187749999994,-111.88561275,12,[33.2814031,-111.9819,33.4329724,-111.7893255],[27,11,99,265,43,38,251,39,40,185,26,340,201,41,101,33,117,48]
_uaE6QuGOZcwopWWC_2Z-Q,33.626933,-112.100731,2,[33.626933,-112.100731,33.626933,-112.100731],[119,11]
nqGUvFesGQ0UYBc5z92Q7w,33.5670375,-111.9184649,1,[33.5670375,-111.9184649,33.5670375,-111.9184649],[161,65]
1ZDJRz3UADJNBE2cbbunaA,33.65096,-111.87218390000001,2,[33.628253,-111.8892551,33.673667,-111.8551127],[17,62,27,11]
D1G8W0SgCbsKTv7cAqKcNg,33.683479,-111.966112,200,[33.683479,-111.966112,33.683479,-111.966112],[161,28,29,17,65]
NhwRyo7pqVn8bmEXtzxSTg,33.5091143,-112.0599919,2,[33.5091143,-112.0599919,33.5091143,-112.0599919],[79,121]
XndLjLnVBALukDduJ_VTNA,33.606990100000004,-112.07373495,4,[33.5599538,-112.0821641,33.6540264,-112.0653058],[38,11,128,39,26]
6X3e7Mfm9_cHfDKBS5Dzuw,33.3928392,-111.9402378,1,[33.3928392,-111.9402378,33.3928392,-111.9402378],[12,61,13,6]
CY5lvNkNQR1TzIIGjx_2Nw,33.624662,-111.943525,4,[33.624662,-111.943525,33.624662,-111.943525],[11,63]
Kt-3VaROAt3vRhaprpkoqA,33.4658779,-111.9061195,11,[33.4658779,-111.9061195,33.4658779,-111.9061195],[27,11]
2C-GjIDP0L8f8kPfftxbHw,33.4148812,-111.9167809,2,[33.4148812,-111.9167809,33.4148812,-111.9167809],[27,11]
BYz7kq0XSZDV9laSRSBNZg,33.495263,-111.928554,1,[33.495263,-111.928554,33.495263,-111.928554],[26,11]
ebsr5Hg2hE99-iEzSRPdBg,33.55768745,-111.98878565000001,9,[33.4596905,-112.0476668,33.6556844,-111.9299045],[251,11,6,284,35,99,48,7,137,8,139,63,98,10,192]
L9oLWWTC-TDA1xJ-G2vfGQ,33.678615,-111.9746066,1,[33.678615,-111.9746066,33.678615,-111.9746066],[123,65]
GoQe-Ykinsb41wx_0OMqmQ,33.5383534,-112.1658193,1,[33.5383534,-112.1658193,33.5383534,-112.1658193],[119,11]
hGau6MgSwBydtPeJuGcCZw,33.4947792,-111.9175074,2,[33.4947792,-111.9175074,33.4947792,-111.9175074],[113,6,17,116]
51-ZrwQODnpIX0dQEshZNw,33.415027,-111.94332460000001,84,[33.3350458,-112.0114032,33.4950082,-111.875246],[219,218,41,11,251,126,43,182,88,38,39,89,7,108,24,8,32,95,222,168,42,172,142]
X2dUXICm_4au_rnCwppQJA,33.306896,-111.752395,1,[33.306896,-111.752395,33.306896,-111.752395],[126,48,11]
u8Ikf_-QcT5NNut-4DvqlQ,33.466124,-112.015464,44,[33.466124,-112.015464,33.466124,-112.015464],[11,27,63]
-3xdOKU-5gx-p7Ggmkb4jg,33.414345,-111.913031,1,[33.414345,-111.913031,33.414345,-111.913031],[192,11]
wsI3CcfnOiOlGgWB3cTuNw,33.41648335,-111.810205,8,[33.331655,-111.982113,33.5013117,-111.638297],[119,99,11,38,205,39,40,64,65,33]
xWFveKkD_On3HUQuVs9WJQ,33.491942,-111.955105,1,[33.491942,-111.955105,33.491942,-111.955105],[136,17]
TRn2YfGZtGPmH6vztt_tMg,33.356493208401005,-111.950833786445,3,[33.305824,-111.991311,33.407162416802,-111.91035657289],[404,451,11,7,108,338]
8Zu82Fh4CG3sqilh6mjOCQ,33.5466889,-112.05799295,2,[33.5094197,-112.1371188,33.5839581,-111.9788671],[182,218,307,11,334,181]
-y0UY-IaRZvh-lKiEklJ0w,33.453023650000006,-111.9748334,102,[33.3181,-112.1164668,33.5879473,-111.8332],[28,190,168,169,11,161,65,17,29]
HZGFiNjDm0R_bNCFosnx_Q,33.640408,-111.995167,2,[33.640408,-111.995167,33.640408,-111.995167],[117,26,307,11]
xoeDPWM2khcwMPfDoFzmKg,33.5285042075615,-111.98891789999999,11,[33.4329724,-112.073533,33.624036015123,-111.9043028],[212,11,224,126,97,206,78,79,119,38,48,39,33,44,296,7,36,99]
U2R9D3Y5pE-iDOOuWXq43g,33.5153489,-111.9262635,1,[33.5153489,-111.9262635,33.5153489,-111.9262635],[65,54,369,105,220]
nkVrJzwHyLgPi07wUg_Xdw,33.4476162,-111.9776638,9,[33.3926383,-112.0827836,33.5025941,-111.872544],[11,63,7,108,33,117,48,38,39,40,99,126,72,297,182]
ILGInX_7PgGBnur3d0Vx7Q,33.4707301,-112.00161075,12,[33.4492414,-112.0791022,33.4922188,-111.9241193],[38,39,40,259,260,11,33,119,99]
LSIJi_BKL9oC9_k2ShWmBA,33.4922985,-111.9245517,3,[33.4922985,-111.9245517,33.4922985,-111.9245517],[210,11]
NnUmdnkkeFgRHsdqKJvhMg,33.548933,-112.046248,1,[33.548933,-112.046248,33.548933,-112.046248],[48,11]
hY9auEfm3Bdrdrwm8NlpuQ,33.4214126082706,-111.942980289459,2,[33.4214126082706,-111.942980289459,33.4214126082706,-111.942980289459],[7,108]
YMB29SPB8Z_a2be4O5gxOg,33.52913031676705,-112.0669079365235,193,[33.34697,-112.332821,33.7112906335341,-111.800994873047],[27,11,99,265,7,194,126,97,101,38,143,39,40,57,145,224,223,182,48,140,88,89,108,24,43,49,326,52,68,366,248,249,6,15,56,47,120,293,322,8,26,177,210,69,10,46,63,212,91,379,36,138,139,192,323,109,185,33,469,80,59,285,142,309,251,244,181,205,218,98,361,172,54,317,157,103,186,106,280,292,155,156,149,307,17,62,306,25,311,387,168,144,296,229,128,84,345,346,219,41,44,191,14]
ibCGO8RH3zT5SBLkicPLQQ,33.4097819,-111.8575439,4,[33.4097819,-111.8575439,33.4097819,-111.8575439],[72,287,269]
5FSnzxxlF3WVmGkiIwyIgg,33.5132048,-112.01042475,55,[33.5011424,-112.0995348,33.5252672,-111.9213147],[28,17,18,29,33,11,168,99]
7dXCYATrblG4pW3wRnNQeQ,33.49762375,-112.05160240000001,2,[33.4837225,-112.055538,33.511525,-112.0476668],[98,7,10,192,11,108,38,39,24]
PXlvgzU25CBGA0JHzzpmOQ,33.364542763463305,-111.9024056,18,[33.3053089,-111.9636082,33.4237766269266,-111.841203],[24,11,63,27,7,162,38,39,142,10,119,99,33,26,89,6,45,74,292,265,212,361]
PsQu7LRPxiHj_gl3bbZaNQ,33.3623676,-111.89127264999999,9,[33.2917628,-111.9927062,33.4329724,-111.7898391],[212,26,43,11,126,97,119,99]
-jbU3CRzxS2uT7PxhlFSNw,33.377862050000005,-111.8852392,8,[33.362719,-111.910786,33.3930051,-111.8596924],[493,11,89,210,181]
cF4c9u9BM7iKuytFXSj1Jg,33.515752649999996,-111.97532945,10,[33.494295,-112.0264399,33.5372103,-111.924219],[11,48,293,39,49,66,52]
HXaQ5lV6NdgZX9I2KiKw5w,33.4471735,-112.073781,2,[33.4471735,-112.073781,33.4471735,-112.073781],[48,11]
MkrOMGLmcV0TW8MAKZiF3A,33.4931793,-111.9320931,5,[33.4931793,-111.9320931,33.4931793,-111.9320931],[39,26,127,11]
z4Dx11YMDxCllksYHU_S3Q,33.652158,-112.257284,1,[33.652158,-112.257284,33.652158,-112.257284],[11]
9hW1QaZMHRQY5iiwiuNpUw,33.6353354,-112.30003855,5,[33.6322642,-112.3625742,33.6384066,-112.2375029],[265,11,168,63]
cJbqVMlCjezh1xoaHwQjRQ,33.548713,-111.90026119999999,4,[33.477178,-111.925799,33.620248,-111.8747234],[104,161,195,65,119,48,24,11]
2ARM6NFVciTzV21r7p8jiw,33.51923871663365,-111.988141165187,42,[33.3928601,-112.1156244,33.6456173332673,-111.860657930374],[251,11,48,43,98,7,24,149,8,177,140,6,35,70,76,373,97,212,185,309,119,285,27,63,265,99,4,5,77,161,65,129,79,108,195,224,133,33,44,137,139,126,26,10,13,115,372,39,293,64]
oy_0JzDPYGXBZ2YhDhxK9w,33.54114275,-112.00400615000001,25,[33.4587437,-112.0824683,33.6235418,-111.925544],[129,78,278,79,7,142,11,63,177,140,182,48,126,97,8,119,27,24,64,65]
KZ1INBF4z8S5Lw7EQ5O7yw,33.306608,-111.85203899999999,5,[33.278582,-111.913015,33.334634,-111.791063],[43,11,98,7,24]
jopndPrv-H5KW2CfScnw9A,33.49422965,-111.96914225,196,[33.3098443,-112.2691041,33.678615,-111.6691804],[109,38,27,39,11,26,212,63,97,33,99,128,119,177,140,17,18,7,48,28,170,108,201,265,98,10,9,8,40,142,182,378,32,95,222,6,204,65,292,210,88,89,206,41,224,126,12,114,13,46,127,298,307,29,24,120,45,47,145,57,168,205,49,319,80,82,59,44,296,202,72,43,73,465,74]
sfgzXgByqkgXgBQuEbhu3A,33.4148837,-111.9169665,2,[33.4148837,-111.9169665,33.4148837,-111.9169665],[192,11]
dmNZqXGGhNbSYaBJZfn75w,33.56140392043825,-112.01047449296851,128,[33.4829993408765,-112.0959734,33.6398085,-111.924975585937],[28,17,29,32,318,44,24,11]
7NF_JQ18tkXQqs_eSVWqKw,33.4825272,-112.0536373,4,[33.4548476,-112.0800705,33.5102068,-112.0272041],[12,114,13,6,63,27,24,11,7,292,139,225,250]
GyMtf2ztj7mRVQZIqFbJcA,33.34650355,-111.85405865,13,[33.24463,-112.0740373,33.4483771,-111.63408],[403,79,212,41,11]
xxh4tLTIFA7Bnk4P8l9h6A,33.3496582,-111.8212381,2,[33.3496582,-111.8212381,33.3496582,-111.8212381],[26,11]
uOf5aXoJaQYt3qcOFwNkpg,33.304775,-111.947948,1,[33.304775,-111.947948,33.304775,-111.947948],[33,11]
085TP4qzSt6sr2COT4lVCg,33.50742485,-111.95684555739749,78,[33.2997534,-112.1897722,33.7150963,-111.723918914795],[7,292,139,99,11,112,6,28,170,26,108,8,138,47,48,27,224,137,185,97,43,126,49,38,39,128,341,322,57,146,52,442,241,182,140,142,24,119,201,17,62,84,212]
Nc5w9PF_czEwfftMy5iGNA,33.4146185,-111.9099219,2,[33.4146185,-111.9099219,33.4146185,-111.9099219],[71,72,96,184]
Cx1PjhwBUE4ZX1ZksgWU-g,33.4925020001075,-111.924118995667,200,[33.4925020001075,-111.924118995667,33.4925020001075,-111.924118995667],[119,99,11]
SIG_tdhVIapMsHzYjIFyAg,33.5779522,-111.8793502,1,[33.5779522,-111.8793502,33.5779522,-111.8793502],[6,155,54,156]
YD2trEiFhj_ehUNCpFtfsA,33.494226,-111.9305985,103,[33.494205,-111.931447,33.494247,-111.92975],[48,11,109,38,39]
vNI1uv2sJs70cHLWn7vzpA,33.4949597,-111.98959,73,[33.4949597,-111.98959,33.4949597,-111.98959],[11,140,63]
-cscgA-lVPipPwEX4RmcgQ,33.4726589,-112.0734644,200,[33.4726589,-112.0734644,33.4726589,-112.0734644],[7,36,24,11]
x2thDeAf3O6Q9HLpUuSklg,33.465368,-112.072134,173,[33.465368,-112.072134,33.465368,-112.072134],[7,108]
8gnkwlcYBBr5CZ67caw20g,33.40690325,-112.00426565000001,115,[33.3656883,-112.0971145,33.4481182,-111.9114168],[26,11,49]
Sw0a2MqKmcsXhtNPxM8vcw,33.4075875,-111.995213536445,13,[33.3058378,-112.0800705,33.5093372,-111.91035657289],[404,451,11,63,27,24,48,126,98,7,292,212,97]
4O4o5K6ooE7SSbvTCRW6ww,33.3260297,-111.8747445,2,[33.3260297,-111.8747445,33.3260297,-111.8747445],[27,11]
R2EinS2rNxx-w7nIkyCttw,33.070554,-112.044347,1,[33.070554,-112.044347,33.070554,-112.044347],[79,121]
B72_9HjEY0U6IxVIZz86uQ,33.5572562,-111.9330194,10,[33.4942939,-111.9917837,33.6202185,-111.8742551],[32,314,26,11,39,212,126,293,63,27]
bpHL9UwijhIxcfDHptKUOA,33.5529609,-112.1011633,14,[33.5529609,-112.1011633,33.5529609,-112.1011633],[7,162]
aUX_97sAEb5Hxzzq4Od4xQ,33.4898564,-112.02895975000001,5,[33.4548476,-112.0800705,33.5248652,-111.977849],[43,11,38,99,88,39,128,63,27,24]
vucBWjVH6Hc_BP4CxcAhSg,33.277017,-111.857122,1,[33.277017,-111.857122,33.277017,-111.857122],[71,72,287]
XOST6fNtPAUg_0JJo5ai6w,33.48069191637155,-112.0051666,30,[33.4234408327431,-112.083886,33.537943,-111.9264472],[48,11,26,7,108,27,24,99,109,38,39,140,40,33,126,119,49,80,59,63,168]
hLWcJFhKX8GnzW8qC_-S3g,33.352666,-111.653604,1,[33.352666,-111.653604,33.352666,-111.653604],[7,18,247,49,276,17]
JzMxOCO39CAXEYz4X9Thvg,33.4949678,-111.9241443,32,[33.4949678,-111.9241443,33.4949678,-111.9241443],[11,63]
EX0xWFfDGLBnyj8KFw0Q3g,33.3845635,-112.0118925,200,[33.32041,-112.059954,33.448717,-111.963831],[26,11,33,44,158,28]
mSyCw4WTV3oLtTtRE-uylQ,33.574148300000004,-112.13869844999999,9,[33.4745289,-112.3556173,33.6737677,-111.9217796],[109,38,11,39,63,48,13,6,4,5,425,160,78,79,168,181,229,26,49,28,178,17,29,99,126]
dm6y1JAwWKpoW10W6i1lvw,33.5267851207369,-111.95669135,12,[33.378216,-111.9878697,33.6753542414738,-111.925513],[12,114,13,6,163,206,11,43,38,48,39,40,168,265]
bEp3ZMXTnd2nDrAsGkN7DA,33.5134849,-112.047693,24,[33.5134849,-112.047693,33.5134849,-112.047693],[120,11]
zh7idZeMQJ0G3jcQhsAigg,33.7802448,-111.9257693,1,[33.7802448,-111.9257693,33.7802448,-111.9257693],[26,11]
BtyE8hh4aOUGreU_kXGKkQ,33.522983,-112.186792,1,[33.522983,-112.186792,33.522983,-112.186792],[129,278,79]
MZfzynK-tKu5Lg0GbrAgpA,33.2611314,-111.8604649,24,[33.2611314,-111.8604649,33.2611314,-111.8604649],[43,11]
2WIVdhTYOphDnVTvjh-ZnA,33.5386433,-112.1145297,1,[33.5386433,-112.1145297,33.5386433,-112.1145297],[33,11]
hi_thAZJUhMxZ7wSCfC-eg,33.443301500000004,-112.03982355,192,[33.43475,-112.0732071,33.451853,-112.00644],[27,11,7,9,10,28,17,29,46,13,6,30,119,170]
EDOl11p9YHR5gmL6i0LMtA,33.57856305,-112.1185139,51,[33.5777369,-112.1195513,33.5793892,-112.1174765],[38,99,39,265,128,11,28,17,29]
GIBTgFC8amRa295ozndJIQ,33.637161,-112.19974,2,[33.637161,-112.19974,33.637161,-112.19974],[265,126,11]
fhMY3B3m0XnN_8tMsLR9mQ,33.637034,-111.9217796,11,[33.637034,-111.9217796,33.637034,-111.9217796],[26,11]
lYvV3LUUfjNprqeZxf1AmQ,33.57405885,-112.1079149,7,[33.5090619,-112.1799118,33.6390558,-112.035918],[63,27,11,188,23,49,80,82,59]
2P5EhEXdd8eKLcmuQJETNw,33.6270766,-111.8912361,50,[33.6270766,-111.8912361,33.6270766,-111.8912361],[26,11]
Sw3A6WoyVZAy1lIoVaPQqQ,33.5122105,-112.13392935,47,[33.4480659,-112.3408385,33.5763551,-111.9270202],[182,218,11,26,41]
vmAK0l5BLU9ia0d2roVJ6g,33.379721700000005,-111.951831,200,[33.3056593,-112.00805,33.4537841,-111.895612],[7,47,48,27,11,201,119,28,17,29,49,368]
XsqrW1jBKg2IFuyGbn6YiA,33.4787939,-111.9259092,4,[33.4787939,-111.9259092,33.4787939,-111.9259092],[309,119,285,11]
zZSG1Zh4OHGKTNEaGQ_VSA,33.3218705,-111.94804930000001,18,[33.301377,-111.958036,33.342364,-111.9380626],[219,218,11,106,54,280,55,122,17,152]
qbfYNYSn-wab17y98d1R0g,33.446885057319,-112.07107588649,1,[33.446885057319,-112.07107588649,33.446885057319,-112.07107588649],[99,11]
clCgi0QSYpBc0rthfrWZyg,33.5807467,-111.97166845000001,3,[33.505809,-112.013309,33.6556844,-111.9300279],[251,11,104,65]
exVEuv0K2noyinu7xxdm2Q,33.403689,-111.981986,10,[33.403689,-111.981986,33.403689,-111.981986],[7,292]
LJjcM1LgGWZKVWrxN5if1w,33.6539064,-112.1862712,1,[33.6539064,-112.1862712,33.6539064,-112.1862712],[65,133]
q90fCIE60jCb2nQYpiYrRg,33.615544,-111.954623,1,[33.615544,-111.954623,33.615544,-111.954623],[119,99,11]
xsIKn8jSG4Ih48j8DXtOdA,33.4946927,-111.9802875,1,[33.4946927,-111.9802875,33.4946927,-111.9802875],[7,108]
Tt4peYe_-af0xqBB_4eWPQ,33.531484,-112.26167,34,[33.531484,-112.26167,33.531484,-112.26167],[57,327]
w-dj9_nKb5_P9q9WYL8umA,33.56916605,-111.88670379999999,4,[33.5686041,-111.8872046,33.569728,-111.886203],[39,38,212,128,11,202,72]
oC_7qxRNN1moc-36V-cFZQ,33.56832765,-112.1062474,10,[33.497437,-112.1530072,33.6392183,-112.0594876],[108,145,7,57,39,11,63,251,149]
dqj7QQrDeaOfKUpxaj0stQ,33.63580475,-111.9744997,58,[33.439648,-112.026154,33.8319615,-111.9228454],[265,126,97,11,119,120,48,99,161,65,158,17,28,29]
T2u4D_GmKo5KbDiXLRTcyA,33.43686615,-111.9914299,15,[33.3926383,-112.073966,33.481094,-111.9088938],[38,26,39,11,168,298,88,223,7,108,198,197,134,23,344,135,182,48,140,101]
S8eREweSPzsDYZT41xmj9Q,33.3788924,-111.9287009,2,[33.3788924,-111.9287009,33.3788924,-111.9287009],[192,140,11]
VR3knsuJlZx3Ulx0WRpuWw,33.3975612,-111.86410545,7,[33.2856763,-112.0403946,33.5094461,-111.6878163],[48,11,202,72,63,27,109,38,39]
aRUSXJd_DxBARNBnaCUinA,33.493040199999996,-112.1664968,2,[33.4556584,-112.261001,33.530422,-112.0719926],[57,228,38,181,39,40,11]
0Pv-4SxJz7I_R_IKmfnvFg,33.4503996,-112.0648845,10,[33.4503996,-112.0648845,33.4503996,-112.0648845],[322,57]
NdLqTI8Z1ONGadKhKijF1Q,33.683226,-112.092802,3,[33.683226,-112.092802,33.683226,-112.092802],[185,11]
Guwjw_3YGvxKzuNxdpgKHA,33.595945,-111.985658,4,[33.595945,-111.985658,33.595945,-111.985658],[11]
j-Pa8FpUKNLh8FTy-3kxjQ,33.458855799999995,-111.991294,65,[33.4194512,-112.066662,33.4982604,-111.915926],[57,327,38,39,119,48,11,273,7,47,88,99]
rWFCaDU05dUelPe8gFtJvg,33.4964001,-112.000516,34,[33.4468002,-112.073765,33.546,-111.927267],[38,140,39,40,48,11,49,80,82,59,72,297,202,281,65,133,119,127,352,27,63,104,6,204,26,128,293,177]
4lskLEiDSYlq4DWcPsJwAw,33.580082149999996,-112.150801,13,[33.4471735,-112.227821,33.7129908,-112.073781],[177,140,192,11,7,108,138,139,33,117,24,63,218,49,38,39,128,341,26]
qu6HMYgjt7dZi71khV3skg,33.678615,-111.9746066,1,[33.678615,-111.9746066,33.678615,-111.9746066],[38,265,39,11]
kfvcQcMouoxlw4bmQebxww,33.5515531,-111.9239788,4,[33.5515531,-111.9239788,33.5515531,-111.9239788],[168,265,11]
catuMapA9vteHKsG5u4lJQ,33.3459373,-111.9636701,9,[33.3459373,-111.9636701,33.3459373,-111.9636701],[38,39,293]
uVn-jkBYXCapRhLgvwQjmQ,33.480203,-111.9825532,1,[33.480203,-111.9825532,33.480203,-111.9825532],[26,11]
c4tnj1VcBzULY3pwqKOWyw,33.182315,-111.66403199999999,9,[33.061657,-111.842536,33.302973,-111.485528],[98,7,24,11,43,6,35]
2qkHJ1oqE01DovTqpqCC0Q,33.5192142,-112.000596291746,24,[33.382744,-112.125614583492,33.6556844,-111.875578],[27,11,38,210,26,39,48,182,172,126,97,99,128,188,23,33,63,251,109]
MIborYaCXsWYFfqsyyDSmA,33.423546,-111.937394,183,[33.423546,-111.937394,33.423546,-111.937394],[48,11]
2xLxall49l0O9GZkFy7LVg,33.498323400000004,-112.08592110000001,32,[33.4874748,-112.088808,33.509172,-112.0830342],[224,11,26]
Yops4h4AMxyzBy7q_CRp4A,33.5685840575826,-112.151302099228,3,[33.5685840575826,-112.151302099228,33.5685840575826,-112.151302099228],[33,11]
GqXDKXyh7wsqGetFMh3MdQ,33.34125705,-111.9518405,2,[33.3051122,-111.99506,33.3774019,-111.908621],[7,108,119,172,11]
sghgNj-rwkf_CxfnHnkRzA,33.370577,-111.969446,7,[33.304861,-112.011827,33.436293,-111.927065],[99,11,38,251,39,40]
t_q3dXJM9TJQpQJqZIn5KQ,33.5549818,-112.0993968,2,[33.4691316,-112.151282,33.640832,-112.0475116],[126,11,26]
bzViw3e_mTGBUA08TlRIRA,33.3482841,-111.9803928,2,[33.3482841,-111.9803928,33.3482841,-111.9803928],[177,140,11]
KLuZo1fNJKo6sCCO_6nqAw,33.556121149999996,-111.92454155,6,[33.4869182,-111.9403451,33.6253241,-111.908738],[88,38,99,39,11,119,26,120]
yZPPS9X6iY7BY2DBqr2oeg,33.481341549999996,-111.9427487,14,[33.3354566,-112.0739136,33.6272265,-111.8115838],[7,47,48,11,39,38,99,128,88,89,309,285,43,162]
Gwxg6WEXOXOzD1MsfrhJnA,33.6729823,-111.8904749,2,[33.6729823,-111.8904749,33.6729823,-111.8904749],[38,126,97,39,40,11]
IJlg6DJ0p8MlIV0ZyKWmUQ,33.4655722,-112.0764977,1,[33.4655722,-112.0764977,33.4655722,-112.0764977],[123,65]
87QnaJv4_BaQnCbFrpQSUQ,33.501585,-112.064367,200,[33.491645,-112.073196,33.511525,-112.055538],[108,7,38,39,11,24,140,40,48]
4-B3sWLNd9LYDlHc6SquYQ,33.495605,-111.929345,3,[33.495605,-111.929345,33.495605,-111.929345],[112,6]
SEjYxEV_Y723uyTq3ADBvw,33.607602799999995,-111.9624207,13,[33.574883,-112.0367284,33.6403226,-111.888113],[48,11,99,185,26,224]
3lFm0LxamztfM6-lM5SoYg,33.487706,-112.047329,1,[33.487706,-112.047329,33.487706,-112.047329],[32,95,222]
fVnigcLzLCVd_0bLW6ofyw,33.5815035,-112.0934555,4,[33.4499,-112.113011,33.713107,-112.0739],[26,11,182,48,140]
Q0aGX_btFLw-G-4_yPEI2A,33.2614572,-111.8830248,3,[33.2614572,-111.8830248,33.2614572,-111.8830248],[48,11]
180tLY4YhUAuckejm5v53A,33.5359896,-111.960169839514,24,[33.4480659,-112.0275918,33.6239133,-111.892747879028],[33,11,182,218,12,114,13,6,345,84,346,141,23,106,54,107,7,142,38,99,128,39,8,352,48,40,206,126,97,63,117,24,26,88]
Wse8fzq2b0rCgO6s-ZtWJw,33.58004410602655,-112.020925247983,8,[33.4842339783194,-112.075116563471,33.6758542337337,-111.966733932495],[7,194,108]
Bj--kVuMa9h_Ouiert0I1A,33.3488977,-111.9763848,45,[33.3488977,-111.9763848,33.3488977,-111.9763848],[168,11,48,63]
2bGMR2P9ZWR-mJn5aEE1EA,33.55580905,-112.01239369999999,49,[33.413158,-112.1490084,33.6984601,-111.875779],[65,133,149,97,11,63,27,224]
xPwGsED_o2bwiQt7X6JTlw,33.4940698,-112.05332295,18,[33.4787943,-112.0588374,33.5093453,-112.0478085],[26,11,38,210,39]
OyBfnv5-vUh5jboec6A2xQ,33.4548476,-112.0800705,12,[33.4548476,-112.0800705,33.4548476,-112.0800705],[63,27,24,11]
d0PHPwf_MZs-ZZ_d0iSapw,33.48968071637155,-111.9472492,200,[33.4234408327431,-111.9955012,33.5559206,-111.8989972],[161,195,65,174,54,126,11,106,226,109,38,27,39,99,40,48,382,7,8,119,28,17,29]
abrMcW5457gQ4ya379RPpA,33.49494455,-112.11561180000001,13,[33.45107,-112.1752666,33.5388191,-112.055957],[99,11,8,26,7,138,139]
GVH_iuoPc0aP3ZNYlWuKag,33.480406450000004,-111.99934915,19,[33.4471735,-112.0827836,33.5136394,-111.9159147],[7,142,108,292,38,99,88,39,40,11,63,48,26,109,119,24,126,97,33,98,206,27]
o7-VIRjk8X2VaOaS-wVJ_Q,33.55644755,-112.08362825,6,[33.47118,-112.23758,33.6417151,-111.9296765],[26,11,65,133,99,126]
Eywicgbp19Xvx1vD_lKBsw,33.3298603,-111.8166938,5,[33.2763346,-111.8416866,33.383386,-111.791701],[130,32,25,6]
02JMm1ncjMQoL6QPfyhc8A,33.50397925,-111.97311185000001,64,[33.4861585,-112.020346,33.5218,-111.9258777],[28,17,29]
YdGfVCbgkoqjgMd5hMt_IQ,33.5046875,-111.9861349,2,[33.4990986,-112.0463575,33.5102764,-111.9259123],[38,265,39,11,161,65,133]
3lVJQov1_fNIqFlW74KsVw,33.491645,-112.073196,1,[33.491645,-112.073196,33.491645,-112.073196],[38,140,39,40,48,11]
9_o45jcQXczQzvCf8DsPaw,33.427634,-111.899966,36,[33.427634,-111.899966,33.427634,-111.899966],[63,27,11]
LmJgp5tPRHCspsp-atn6hA,33.52039345,-111.93099075,17,[33.502191,-111.996292,33.5385959,-111.8656895],[109,38,11,39,63,7,36,40]
UtJMURxITcaD03R2yG84VA,33.586772800000006,-111.748101033252,52,[33.4724336,-112.0725189,33.701112,-111.423683166504],[126,97,11,99,109,38,48,39,168,201]
ongLwoM_V72_qASSGIPXcA,33.5953221,-112.2567801,1,[33.5953221,-112.2567801,33.5953221,-112.2567801],[71,72]
MYLBku4sRCoZmi4Z7yESGw,33.56063535,-111.9873611,200,[33.4655863,-112.079081,33.6556844,-111.8956412],[7,36,38,39,109,99,26,17,28,29,11,49,445,66,52,108,24,119,140,40,48,47,27]
HqBcfr3jUQ4hthuF4zdSug,33.59738295,-111.9331305,17,[33.4947329,-111.977799,33.700033,-111.888462],[43,11,44,26,38,39,27,6,77,35,76,7,142]
AiKb49kXcaa3B1J3hgxZsQ,33.546374,-111.9189073,17,[33.4525494,-112.0703864,33.6401986,-111.7674282],[64,65,113,6,116]
k4et6M4RoQUrBEFQD5WJBg,33.506941,-111.926536,4,[33.506941,-111.926536,33.506941,-111.926536],[475,48,11]
br71i9brhWxV_qA8GKgkFA,33.692388949999994,-112.0390586,3,[33.6737677,-112.1142778,33.7110102,-111.9638394],[99,126,11,33]
SxVe1C1V0wY174FSUhUlzQ,33.683479,-111.966112,200,[33.683479,-111.966112,33.683479,-111.966112],[48,11]
EatFwqsWfwitv6r605Q20A,33.42672255,-111.96149591068,17,[33.3216034,-112.0479816,33.5318417,-111.87501022136],[126,11,43,373,97,63,27,98,7,404]
xaqzWyjcYhjvzmbYLnhOOg,33.611020499999995,-111.894741,5,[33.581511,-111.92477,33.64053,-111.864712],[7,142,338,11,126,63,212,43]
yJLkkYfCKk5Pj8zvDzEvOQ,33.494205,-111.931447,1,[33.494205,-111.931447,33.494205,-111.931447],[48,11]
DdTeogCxVNhFNSymlXHQYg,33.46441195,-111.95710865000001,18,[33.3046998,-112.0718179,33.6241241,-111.8423994],[48,11,83,6,63,168,265]
zG7NW5vCKJZRcBR95qEuMw,33.538935050000006,-111.98954,69,[33.2475,-112.0999,33.8303701,-111.87918],[352,48,11,26,43,119,24,63,27,7,292,232,206,162,117,98,251,99,185,126,97,210,49,265,146,177,168,338,214,38,140,39,40,8,138,139,212,101,33,128]
v6vYWdB64EMyixtIKDjKtA,33.535862,-112.099055,6,[33.535862,-112.099055,33.535862,-112.099055],[355,356,54]
aK8shZb9dEQNyxk5ycfO2A,33.538096,-112.260068,103,[33.538096,-112.260068,33.538096,-112.260068],[99,11]
gejveJHaq2rG6z_7YnhHMA,33.60047165,-112.116165,8,[33.5612122,-112.1310388,33.6397311,-112.1012912],[26,39,11,227,32,90,44,212]
sgsWknuCFoIGDqOBzq_WJQ,33.66921215,-112.1839067,48,[33.4724491,-112.2680974,33.8659752,-112.099716],[26,11,265,99,185,168,41,43,224]
oQGhJqNK_Dv3ZVUHovr6dA,33.286428693519,-111.91639219039,35,[33.266696887038,-111.99153418078,33.3061605,-111.8412502],[161,65,11,28,29,17]
T_N5g44CASK63PGAa-KnDw,33.423572050000004,-111.94657855,33,[33.4218047,-111.9533039,33.4253394,-111.9398532],[33,119,99,11,28,17,29,127,38,205,39,128]
X-EV080aSeC5V00YBwxR1Q,33.526844,-112.1057225,16,[33.413158,-112.335666,33.64053,-111.875779],[38,48,39,11,33,44,117,177,192,149,229,63,119,99,169,126,97,224,251,7,139,8,380]
ZhsWVwjIijF_w0nZxs07jg,33.4210896,-111.93461495,111,[33.4194512,-111.9533039,33.422728,-111.915926],[38,7,47,88,39,48,11,89,33,119,99]
ROnKzhdfk1qj8qTVQkgkyA,33.53114395,-112.00965550000001,9,[33.4217299,-112.093723,33.640558,-111.925588],[11,38,140,39,40,48,181,24,26]
rY0T1Sx-kSeSHgnPbLOA1g,33.529668,-112.05077539999999,196,[33.4922985,-112.1830859,33.5670375,-111.9184649],[28,17,29,38,140,39,40,48,11,158,161,65,99,311,224,210,119,109]
V_AD83triBOl_86zGuOlqQ,33.4969773,-111.9275971,170,[33.4969773,-111.9275971,33.4969773,-111.9275971],[101,38,26,39,11]
JwRWL5jW9U5sI3wM0EUPMg,33.5580205,-111.81760895,35,[33.379421,-112.0718179,33.73662,-111.5634],[192,11,33,119,98,7,24,404,451,127,27,48,206,182,172,43]
Lt3VE0iblUXzIh2ZrW3nrQ,33.4938414,-111.9268138,47,[33.4938414,-111.9268138,33.4938414,-111.9268138],[27,11]
NvDR3SPVPXrDB_dbKuGoWA,33.388401900000005,-112.01080619999999,200,[32.902932,-112.2948244,33.8738718,-111.726788],[41,400,11,99,7,108,119,63,27,24,48,177,140,201,39,38,128,6,32,302,110,1,141,150,112,17,151,33,117,142,44,57,69,265,43,212,8,28,190,185,202,72,5,4,10,333,322,145,9,126,229,71,26,327,161,65,29,404,451,184,296,240,241,149,49,146,52,239,169,61,13,148,154,98,45,293,62,153,115,91,311,309,47,481,152,138,139,223,88,298,182,200,395,224,51,168,373,21,130,170,352,127,275,269]
E5NiRsacAytTt81fGPFKVA,33.340542,-111.711671,3,[33.315619,-111.948238,33.365465,-111.475104],[84,291,43,11]
uqKVss8WBsLiizSSbHUzzw,33.5242103,-111.88204139999999,35,[33.3478272,-111.9235128,33.7005934,-111.84057],[38,26,39,11,224,182]
h3WSnBJKQTndnejB4RrHrg,33.515663,-112.04903405,6,[33.455863,-112.0827836,33.575463,-112.0152845],[26,11,212,38,39,40,413,32,48,99]
buOO6GWXeTN0y1nMR9ailA,33.3818893,-111.975815215187,8,[33.3051122,-112.0909725,33.4586664,-111.860657930374],[27,11,7,292,98,139,108,129,79,119,172]
ysbCkzzgqhyZa6rAuktTDw,33.4304066,-112.00461335,17,[33.319395,-112.1825527,33.5414182,-111.826674],[64,105,428,65,89,11,57,99,91,7,365,142,292,404]
8v1LLSBCPmAmRTN8zOj4vg,33.434736,-111.924312,24,[33.434736,-111.924312,33.434736,-111.924312],[28,17,29]
D9DZppob1YSEkAxie-7lyw,33.447521,-112.063434,1,[33.447521,-112.063434,33.447521,-112.063434],[309,11]
UQ56g5jXfUod9B4nZ0oZcg,33.4702022,-112.0653186,2,[33.4702022,-112.0653186,33.4702022,-112.0653186],[182,172,11]
9QSI33wlJGBQByolpsNOqA,33.4197783134633,-111.7883458707885,4,[33.41578,-111.908025741577,33.4237766269266,-111.668666],[212,11,265]
9CfVkXle219-ENfB3jTerg,33.585312,-111.8348448,1,[33.585312,-111.8348448,33.585312,-111.8348448],[168,26,127,11]
d677KabukU9AGSwxCmGkZw,33.3782275,-111.9297442,6,[33.3782275,-111.9297442,33.3782275,-111.9297442],[33,11]
A-w9BwZHo9kFYXHfGK7_cA,33.384398,-111.858873,29,[33.384398,-111.858873,33.384398,-111.858873],[119,11]
77c6_kDEP0qZlCkdd-2GzA,33.480203,-111.9825532,1,[33.480203,-111.9825532,33.480203,-111.9825532],[26,11]
m9B_x5Xog-GXkXVpBgGWYw,33.463543,-112.341878,2,[33.463543,-112.341878,33.463543,-112.341878],[126,97,11]
OYpsdMcpdCdlkknpgpFMLA,33.47302535,-112.10001065,144,[33.306501,-112.3248003,33.6395497,-111.875221],[7,247,265,11,65,133,99,27,24,168,181,229,38,39,40,98,63,36,44,192,109,101,48,182,172,108,128,251,43,440,260,49,59,4,6,57,145,185,117,214,88,89,33,250,161,28,17,29,15,191,8,449,84,419,210,137,139,292,26,244,186,13,61,35,70,76,47]
o1d0mxf1XM9ebf-LwVwi6A,33.5087368,-111.9953195,5,[33.5087368,-111.9953195,33.5087368,-111.9953195],[11,63]
qxrwOv6pQ6rpP-zwshtEgA,33.322286649999995,-111.8324995,7,[33.2818543,-111.8761389,33.362719,-111.7888601],[127,11,89]
AR6WQiMa9FlthVEBv_BG5w,33.493697299999994,-112.36911549999999,6,[33.492737,-112.380047,33.4946576,-112.358184],[11,27,63,38,26,39]
z-aDgE-LwrwM0JaZMaB5PQ,33.4243474,-111.9398364,1,[33.4243474,-111.9398364,33.4243474,-111.9398364],[177,140,11]
MEm5jMXMQvjVsc9EX-8o8Q,33.64125555,-111.9540797,11,[33.449233,-112.065458,33.8332781,-111.8427014],[48,11,49,178,119,476,80,82,59,27,38,7,36,109,39,41,8,99,33,117,60,6,108]
SRsofHYNavGfAuDtIJ_n2Q,33.4476463,-112.050282975065,83,[33.2587342,-112.2641158,33.6365584,-111.83645015013],[27,11,38,379,109,39,48,182,99,440,6,32,130,35,208,75,57,327,7,98,10,9,33,293,212,26,43,306,117,24,44,145,205,40,210,28,170,71,72,128,251,260,36,63]
6wX7uHlJMl_kaGvhNpNTnA,33.5097112,-112.0962274,70,[33.5097112,-112.0962274,33.5097112,-112.0962274],[251,11]
JDkJXg8LoOxeE3tcz0d4Vw,33.6264628,-112.0111959,1,[33.6264628,-112.0111959,33.6264628,-112.0111959],[43,11]
OM7Kt66Gu3CN-jwhZJwIGQ,33.6400831,-112.1077108,7,[33.6400831,-112.1077108,33.6400831,-112.1077108],[96,72]
u7kNZm_LGv5rNdUbqy3Xsw,33.5151523,-112.1965938,4,[33.4691316,-112.345676,33.561173,-112.0475116],[26,11,88,7,38,47,39,71,72]
UZ59Vac9Dgl4Q7ygVLwEnA,33.56723835,-111.9134566,110,[33.5638767,-111.9248132,33.5706,-111.9021],[38,48,99,39,11,28,17,29]
j21LKP46QDD-okNXnOyWNA,33.6243102,-111.9257316,2,[33.6243102,-111.9257316,33.6243102,-111.9257316],[7,292,99,48,11]
JWoEudEzcN0BP-yeHAiE1g,33.2902522,-111.8670886,3,[33.2607328,-111.9445618,33.3197716,-111.7896154],[96,72,98,7,108,13,6,272,4,5,49,160]
vLylGo747e00BjfiGErsvw,33.5005043,-112.0827581,2,[33.5005043,-112.0827581,33.5005043,-112.0827581],[43,11]
24dqIYeCK19yRxon82gmag,33.42390545,-111.93826179999999,200,[33.4219869,-111.9398364,33.425824,-111.9366872],[33,11,27,28,17,29]
g2T2i91ppI7xhDhPcnx3SA,33.4329724,-111.9043028,59,[33.4329724,-111.9043028,33.4329724,-111.9043028],[26,11]
Y6g47SyNnoYhTjCjPNXEUA,33.507046,-112.02992,1,[33.507046,-112.02992,33.507046,-112.02992],[195,65]
iEZfMGszjIV7NHNhk1pRRA,33.45835524910915,-112.0372655741655,200,[33.4341094982183,-112.077617,33.482601,-111.996914148331],[117,11,185,109,38,48,39,28,17,29]
MvrEZpJHf4zRg_mEIVnYFA,33.5024407,-112.0070787,24,[33.4952769,-112.0257401,33.5096045,-111.9884173],[126,11,182,48,140]
QNcU0JjbYS_joNKvZ6nCpg,33.35031285,-111.92290905,10,[33.304814,-112.004102,33.3958117,-111.8417161],[119,62,24,17,11,33,44,26,43,7,142,15,25,6]
JxlwGkorERKcUndkJhwg4w,33.4948197,-111.9798208,13,[33.4948197,-111.9798208,33.4948197,-111.9798208],[119,11]
PricGIXn1FT4Rz0Fwp2HVA,33.413158,-111.875779,1,[33.413158,-111.875779,33.413158,-111.875779],[251,11]
OpUXG69nP4YjlEZDlkdVcQ,33.467467049999996,-111.94835065000001,69,[33.31081,-112.1246893,33.6241241,-111.772012],[195,65,39,38,40,206,11,98,7,24,224,109,63,26,48,168,265,30,13,6,10,119,139,8,36,333,247,99,127,27,212,97,307,172]
13xj6FSvYO0rZVRv5XZp4w,33.5265459,-112.053441520225,41,[33.4291785,-112.2705607,33.6239133,-111.83632234045],[210,11,63,39,212,126,293,81,54,7,8,48,10,24,6,204,65,117,33,119,38,64,352,97,27,168,181,229,223,61,13,465,265,99,40]
Q21OV1lb98UohC5usZpLCg,33.45,-112.07,102,[33.45,-112.07,33.45,-112.07],[48,11]
BeWEB0xLooqG301LA6sOtg,33.528911580797654,-111.805463789514,4,[33.4373518,-111.892747879028,33.6204713615953,-111.7181797],[63,27,11,117,24]
Czumrvhas61y6JRNU9iSFw,33.5934753417969,-112.168670654297,1,[33.5934753417969,-112.168670654297,33.5934753417969,-112.168670654297],[81,65,54,220]
dnHFuNQGuGRw2aAwiBoX6g,33.5091253,-112.06691205,5,[33.479992,-112.076718,33.5382586,-112.0571061],[27,11,307,172,43]
hKOa6B79sE3WZ8hQZ1I19Q,33.4315119,-112.0561119,4,[33.4315119,-112.0561119,33.4315119,-112.0561119],[26,11]
R0ri2eSynL8-M93wGq-R8Q,33.498915,-111.928258,1,[33.498915,-111.928258,33.498915,-111.928258],[26,11]
AdNbFzW14o88wNo7dTKz6g,33.683226,-112.092802,3,[33.683226,-112.092802,33.683226,-112.092802],[185,11]
8tlbT4-mYEqXYR_2I8mJ2w,33.423879799999995,-112.33490330000001,200,[33.383123,-112.784167,33.4646366,-111.8856396],[28,17,29,57,258,38,40,39,98,7,239,11,72,154,108,138,139,99,46,6]
PmKMXo7Zv0m-IziyTmlnag,33.653242,-112.0997451,4,[33.653242,-112.0997451,33.653242,-112.0997451],[208,6,35]
6LkJLvvNdr2nNMf40xvWjQ,33.5020241,-111.97628845,200,[33.4938414,-112.0272041,33.5102068,-111.9253728],[27,11,48,98,7,24,206]
EwL5wKRsc1DgMc3BToQQMw,33.51243345,-111.9731634,4,[33.4691316,-112.0475116,33.5557353,-111.8988152],[26,11,48]
-UDZu8sGloFIAIeFBvqK_g,33.572241000000005,-111.99539645,8,[33.492381,-112.064846,33.652101,-111.9259469],[10,119,11,106,408,54,295,265,48]
t5Zx963QYeGT0IPYuRqG9w,33.4948111,-111.9263601,200,[33.4948111,-111.9263601,33.4948111,-111.9263601],[26,11]
bkT7ST-K5XIccr0Ztsw3Hg,33.5442293454526,-111.905472278595,6,[33.5442293454526,-111.905472278595,33.5442293454526,-111.905472278595],[7,9,119,11]
gDX0QrF7xnhuzSd9nDy9Aw,33.465341,-112.166488,200,[33.465341,-112.166488,33.465341,-112.166488],[28,17,29]
mAWDlmTrBCbxZftZfdJf3w,33.41424670000001,-111.99184174999999,32,[33.3184674,-112.056065,33.510026,-111.9276185],[48,11,43,109,38,39,33,99,128,224,24,212,229,119,246,7,139,17,423,265]
onnvR2mrzlhlPaT0fBqsrA,33.48898560000001,-112.002759,10,[33.4480659,-112.079081,33.5299053,-111.926437],[182,218,11,38,48,39,265,483,212,63,97,219,41,26,8,7,138,139,192,323]
ZLhvjMXJd3wLKpEqiu4NRQ,33.479523,-111.9991109184965,6,[33.447521,-112.072327136993,33.511525,-111.9258947],[119,11,309,108,7,38,39,24,292,109,48]
BxMqUbA9sxNgE5X30NmExw,33.403009350000005,-111.9066709,3,[33.3928607,-111.9375628,33.413158,-111.875779],[251,11,64,123,65]
jqquRRNHW_doSZ4aAwC1sA,33.321061644794,-111.723918914795,3,[33.321061644794,-111.723918914795,33.321061644794,-111.723918914795],[99,11]
eNmvc7sxqNMvdUdU27m2EA,33.51393285,-111.94585565,12,[33.4942423,-111.9652641,33.5336234,-111.9264472],[161,28,65,17,29,39,119,48,38,11]
mJlLb2jEvd3-WmCPB49Qfg,33.655105,-112.081705,1,[33.655105,-112.081705,33.655105,-112.081705],[126,97,11]
40-dPni2cbqyYZ21OHN63w,33.49287735,-111.9110824,11,[33.416355,-112.1371188,33.5693997,-111.685046],[7,449,97,11,177,140,138,139,334,181,210,224,185,43,26]
RClIAr-yokjP3Jtw51iD-w,33.49195245,-111.91999595,20,[33.2333299,-111.9819,33.750575,-111.8580919],[168,11,38,39,251,48,224,33,26,126,97]
AykKAdiXYoIpFp74H_ZKMg,33.6717895,-111.9060007,8,[33.6717895,-111.9060007,33.6717895,-111.9060007],[169,11]
CBuG-DwgM3T0T-HujIxIBQ,33.4296444,-111.9809769,4,[33.3494889,-112.0122745,33.5097999,-111.9496793],[7,189,10,24,11,48]
Ndd7pLVkhO-I2ko4IHm5Yw,33.5409028386777,-111.869723796844,4,[33.5409028386777,-111.869723796844,33.5409028386777,-111.869723796844],[7,119,41,11]
_VhRJnEP_YcfFIerTSd7XQ,33.48735335,-112.0167331,4,[33.479887,-112.0536454,33.4948197,-111.9798208],[7,139,11,63,430,224,119]
HErv4zp1mxRf0Bl0z1Un3Q,33.38507385,-111.91088585,4,[33.3782275,-111.9297442,33.3919202,-111.8920275],[33,11,10]
eRaumxPQaxx2M3037hNg8A,33.59174445,-111.9985349,6,[33.4514309,-112.151282,33.732058,-111.8457878],[126,11,48,33,38,117,39]
XHQbXj0WqAc8LHeR9suq8w,33.449233,-112.065458,9,[33.449233,-112.065458,33.449233,-112.065458],[27,11]
tCobUVoJSBdFrb3041vklg,33.3807127456417,-111.725978851318,3,[33.3807127456417,-111.725978851318,33.3807127456417,-111.725978851318],[27,11]
1jJktRMj1OfMDo-clbYvrg,33.545830550000005,-112.0809562,29,[33.45,-112.2339614,33.6416611,-111.927951],[38,128,39,212,26,11,119,168,181,229,7,108,352,48]
6VmaHtXs2d21e80YH6NOBQ,33.43475,-112.00644,12,[33.43475,-112.00644,33.43475,-112.00644],[28,170]
oJFtaqTm4iAbyDlfErusPg,33.54663365,-112.0263531,3,[33.5093092,-112.0738391,33.5839581,-111.9788671],[49,80,82,59,119,11]
RU8NsWNhI6R5OlDLR-SKOA,33.4522344,-111.923696,13,[33.3197478,-112.014278,33.584721,-111.833114],[57,56,39,439,6,118,26,11,108,7,119,38,109]
KwQs1O_M5Y83LYrmES7KIQ,33.306501,-111.875221,2,[33.306501,-111.875221,33.306501,-111.875221],[251,43,11]
ys5wfKmGh_z_PcNUp321xw,33.5821056,-112.02978955,6,[33.5242704,-112.0474619,33.6399408,-112.0121172],[129,175,278,79,48,11]
hlAkBrhXD5JfQS6CQn-9mA,33.58564675,-111.91328935,16,[33.499504,-111.9300279,33.6717895,-111.8965508],[44,11,49,80,82,59,48,24,43,27,361,182,140,267,172,177,251]
i5qb98zI786PT40mgCn_IQ,33.540910249999996,-112.14719345,8,[33.4471735,-112.220679,33.634647,-112.0737079],[7,108,11,63,149,265,126,97]
owslT-L2Fnhlh5flSjaHOw,33.4803943,-112.0491027,2,[33.4803943,-112.0491027,33.4803943,-112.0491027],[26,11]
2tGj7QCpYJHid3Q-Vo_zWA,33.388386999999994,-111.87544055000001,6,[33.38323,-111.948187,33.393544,-111.8026941],[11,98,7,108,292,265,24,162]
bCILJi1F58Rtz-rrzlJ_eg,33.42263,-111.940813,1,[33.42263,-111.940813,33.42263,-111.940813],[27,11]
ODDa9SDxu2_DoGGtMRasEg,33.55958235,-112.04059964999999,2,[33.4803901,-112.1709674,33.6387746,-111.9102319],[99,120,11,185]
edsx57T90ww6EodFRO-qiQ,33.31116645,-111.868454,3,[33.2611314,-111.8764431,33.3612015,-111.8604649],[43,11,99,44]
kDd9xHsUOg_HYOvxkQcnXA,33.53739055,-112.012897449202,25,[33.43475,-112.1310283,33.6400311,-111.894766598404],[63,27,11,57,69,48,104,161,195,65,7,108,28,170,126,97,33,168,169,10,119]
5S9qsoHWUcMeahMtBwuX3g,33.54241915,-112.03365600000001,13,[33.415189,-112.235193,33.6696493,-111.832119],[307,212,43,11,126,97,109,38,48,39,123,65,265,251,79,121,205,17,18,99,128,296,168,181,229,63,27,185]
XtVk1s9I7gzrrgZuaAyGRQ,33.655256,-112.132618,1,[33.655256,-112.132618,33.655256,-112.132618],[88,38,39]
gTs3AALeNJhSbVrgamKQyg,33.359447,-111.76549255,20,[33.079653,-112.0852921,33.639241,-111.445693],[99,11,49,178,246,17,265,126,97,168,48,80,59,475,28,29,18,119,24,190,140]
BvYENFsJJ-l5S8MNkGTRUw,33.6396854,-112.2289957,80,[33.6396854,-112.2289957,33.6396854,-112.2289957],[41,11]
s9P8JRH74CzfFSjJkEfNtg,33.4374503089285,-111.83484022153499,200,[33.308653617857,-111.9257768,33.566247,-111.74390364307],[48,11,24]
XeDbXueGKrfMLyIG45QIOg,33.4326885,-111.94708735,58,[33.319377,-111.96828,33.546,-111.9258947],[265,11,212,229,119,99,38,39,127,7,292]
BFoeGtu5ZTd_SNA-J1cWsA,33.575463,-112.051049,1,[33.575463,-112.051049,33.575463,-112.051049],[413,32]
0JC7aBkxhV8by4iVGCU5Wg,33.5905465,-111.90288509999999,144,[33.3488957,-112.0915007,33.8321973,-111.7142695],[117,11,251,27,126,97,88,38,39,89,168,119,24,219,218,41,298,99,43,185,84,262,26,33,101,40,57,145,48,44,177,140]
eSVMbqlVNCajFPRMptUdPA,33.5451942671265,-112.00122537351501,5,[33.407162534253,-112.092802,33.683226,-111.90964874703],[185,11,7,162,119,117]
EC02poZ1XacwSb4HY1RcoQ,33.7988269,-112.1293761,2,[33.7988269,-112.1293761,33.7988269,-112.1293761],[7,10,9,11]
7gqEtOSupTUwR28Jel2VUQ,33.4437157,-111.83669655,10,[33.305093,-111.993252,33.5823384,-111.6801411],[26,11,224,38,128,39,63,99,71,72,28,17,18,29]
zfD4SwR5texVoniCNn4yPQ,33.3434077617518,-111.817619116224,11,[33.3078616235036,-111.8917862,33.3789539,-111.743452032448],[185,11,43]
1tbo1s2UhQvkF9LRRqLK0A,33.500805,-112.0740863,1,[33.500805,-112.0740863,33.500805,-112.0740863],[4,5,6]
wgrVu4RU0gul2dv-o6klag,33.221913799999996,-112.61288855000001,5,[32.9479262,-112.7128951,33.4959014,-112.512882],[119,99,120,11,352,201]
2K6g_aj64nBBWggtgR1ijA,33.4706962,-111.83810600000001,20,[33.3050704,-111.9918344,33.636322,-111.6843776],[30,13,6,7,292,108,24,11,307,212,43,166,21,265,64,65,98]
QS9WaWlRiHwrtFJjlvuTdQ,33.4732683,-112.0649453,5,[33.4732683,-112.0649453,33.4732683,-112.0649453],[7,33,142,24,11]
LxDfOBxJdH55G5Te7-fqyg,33.5817757,-111.92807429999999,6,[33.581569,-111.931282,33.5819824,-111.9248666],[224,11,26]
NWh7AAPcOmAKSFOfukEsSw,33.452034100000006,-112.01331669999999,15,[33.378801,-112.0995348,33.5252672,-111.9270986],[26,11,340,63,27,168,33,98,7,24,38,39,10]
AYHLPhePcbEX0_Mfn5wHVQ,33.55962845,-111.89417105000001,4,[33.5093453,-112.0588374,33.6099116,-111.7295047],[7,9,201,11,38,210,26,39]
ewIzFWba8q9PBBZzNeDGdw,33.59764625,-111.98163595,4,[33.5478355,-112.0474569,33.647457,-111.915815],[28,17,29]
H9Pub64JNgIs7l2Iu_sGYg,33.47596225,-112.0134232,2,[33.4608045,-112.079081,33.49112,-111.9477654],[26,11,57,470,145,39]
aPSS51Ea1VrQtJUvieqWKg,33.700033,-111.888462,2,[33.700033,-111.888462,33.700033,-111.888462],[27,11]
k4kfGfvZyVUndQgFJNyD3g,33.825118,-111.92344,47,[33.825118,-111.92344,33.825118,-111.92344],[119,11]
0o0VMEJeQY0pAAZ9nxErBA,33.45679255,-111.979323,200,[33.2349701,-112.305042,33.678615,-111.653604],[6,87,311,11,38,99,39,40,26,218,41,88,7,139,416,251,224,27,48,206,247,333,126,142,108,119,120,71,72,63,84,124,125,65,112,151,204,300,24,43,15,191,73,177,138,8,97,49,146,341,178,101,128,33,47,168,42,265,147,201,292,297,77,35,76,382,244,196,18,276,17,12,13,22,274,129,175,332,79,121,140,52,89,239,28,29,475,57,327,36,296,340,210,98,9,10,137,187,21,74,250,465,145,78,180,20,23,149,106,54,107,317,130,32,104,105,369,133]
lRgvHKKpJo6WOJn5R7qyPQ,33.50435025,-112.40089885,6,[33.370363,-112.578859,33.6383375,-112.2229387],[27,11,99,265,168]
urQgYRstXEki_MJXHLgOwQ,33.510699900000006,-111.99895710000001,3,[33.3369531,-112.1214781,33.6844467,-111.8764361],[42,43,11,20,188,490,23]
xDuHqrzxJvMyBnQ84d4CaQ,33.4217227,-111.8056733,2,[33.4217227,-111.8056733,33.4217227,-111.8056733],[7,139,225]
8aW9JKcJYZ8repy4pMVA_g,33.43539575,-112.00103684999999,36,[33.43475,-112.00644,33.4360415,-111.9956337],[28,240,241,170]
RJ835QwvhNTXJYJVvDAjxg,33.6382038313039,-112.363443374634,1,[33.6382038313039,-112.363443374634,33.6382038313039,-112.363443374634],[251,212,11]
RUmnmK0e6gtk79psET9uQQ,33.5072767861995,-111.950915577535,18,[33.378062078969,-111.9777114,33.63649149343,-111.92411975507],[88,38,39,298,11,168,7,108,6,345,84,346,141,23,175,129,79,121,63,32,302,110,1]
_1PmRIeiFmevDYJtHz4bkw,33.4801578,-111.99726989999999,6,[33.479889,-111.997771,33.4804266,-111.9967688],[26,11,43]
lES1lPyuaxML9f0wuIp4Tw,33.6556844,-111.9300279,23,[33.6556844,-111.9300279,33.6556844,-111.9300279],[99,11]
UGa1Aqh06x4b8jS4j0Ff7Q,33.457939,-112.0520855,6,[33.457939,-112.0520855,33.457939,-112.0520855],[26,11]
FEvBsBGJI-rvf9xwB23big,33.48320515,-111.9604609,9,[33.378463,-112.1164668,33.5879473,-111.804455],[48,11,26,168,169,24,119,38,39,63]
OleHEDCfysQ5cdHXIMAOxA,33.59727355,-112.0220641,3,[33.5674705,-112.1528921,33.6270766,-111.8912361],[149,43,11,26]
UKUcz891pYT5JEZkJjqO4w,33.4748213,-111.9992781,16,[33.4074496,-112.073629,33.542193,-111.9249272],[38,168,298,88,39,11,89,99,48,296,24,109,13,6,115,26,265,126,97]
ath172XQdOhXIWUa5oI4Wg,33.4034925,-111.9500245,5,[33.305824,-111.991311,33.501161,-111.908738],[206,11,39,119,26,38]
3bpZ7LSFyaNy9q3SOaGCYg,33.536861,-112.0475028,1,[33.536861,-112.0475028,33.536861,-112.0475028],[7,108,5,6,4]
1_elcJD6-0y4uu7ZP2q8kQ,33.5832045,-112.2222835,12,[33.531725,-112.261226,33.634684,-112.183341],[99,26,11,43,307,212,38,181,39,48]
67Oymtwu_K9awGqNQXBd1A,33.306695,-111.833137,2,[33.306695,-111.833137,33.306695,-111.833137],[71,72,73]
hZxWmF4trZTXcPgic6_MAA,33.377697734012,-111.9388855672,4,[33.377697734012,-111.9388855672,33.377697734012,-111.9388855672],[26,11]
HZv-bRUFJq9Msqvs0c1JgA,33.67030065,-112.00539965,4,[33.6400079,-112.0872865,33.7005934,-111.9235128],[26,11]
degKAGH6J_Jok-nmEzpqFQ,33.502412,-112.13775845,7,[33.4952704,-112.1683457,33.5095536,-112.1071712],[168,265,99,11,96,72]
xBV-_02XDLKEVXkGka_vxg,33.500169,-111.919817,2,[33.500169,-111.919817,33.500169,-111.919817],[39,38,99,128,11]
PFdrJ8frCZfGrI01zvAfKw,33.4931793,-111.9320931,30,[33.4931793,-111.9320931,33.4931793,-111.9320931],[39,26,127,11]
giYUKKkzV3IxQamPtAeYDw,33.5242874,-112.0474855,14,[33.5242874,-112.0474855,33.5242874,-112.0474855],[99,127,11]
5AEmSyzLN9prcvdD3iV8GA,33.6124178,-111.932306,77,[33.424778,-111.96418,33.8000576,-111.900432],[15,6,191,28,17,29,177,140,11,7,43,65,158,161,190,12,46,13,22]
5XgmhWHPyNbPkAc5WKiX8Q,33.28833995,-111.85860994999999,5,[33.276252,-111.8753199,33.3004279,-111.8419],[168,11,24]
rLaAn949mz_8WlL4vYGqkA,33.4931793,-111.9320931,2,[33.4931793,-111.9320931,33.4931793,-111.9320931],[39,26,127,11]
qis3040X__uozHkiy8eT7g,33.569374499999995,-112.050692898422,88,[33.460134,-112.231662,33.678615,-111.869723796844],[99,127,11,141,6,26,49,445,66,52,27,57,91,149,97,7,119,41,194,120,98,10,9,43,168,8,45,126]
Ms1mA7mIltssSBm-bSly1A,33.514027,-111.92487,1,[33.514027,-111.92487,33.514027,-111.92487],[28,17,29]
yhIPCe1_YnokKDCzyPIVgA,33.54540675,-112.22363035000001,42,[33.4564268,-112.3768331,33.6343867,-112.0704276],[126,97,11,64,65,28,17,18,29,24,43]
xxMoW5Xj8mvuqoawsK-l6A,33.4925020001075,-111.924118995667,2,[33.4925020001075,-111.924118995667,33.4925020001075,-111.924118995667],[119,99,11]
GlFPBnBkDMxpVCUg6VWVxQ,33.5906455,-111.9624344,200,[33.449233,-112.079081,33.732058,-111.8457878],[210,11,26,27,38,39,40,119,99,352,48,7,108,33,117]
3VbnpctsWawjCu1bS62tFw,33.300664999999995,-111.895195,4,[33.299873,-111.947804,33.301457,-111.842586],[49,80,82,59,33,119,11]
x-A-VC9dWLif8-oQYqS1qw,33.5222185,-111.9595033,111,[33.5222185,-111.9595033,33.5222185,-111.9595033],[48,11]
-PHa7aOr-nNvTIRCSvmGwA,33.4356304165363,-111.9916088733985,2,[33.407162534253,-112.073568999767,33.4640982988196,-111.90964874703],[117,11,212,97]
snd45oedwXxF9tsHUX_6dg,33.4788463,-111.99791685,200,[33.4493145,-112.074519,33.5083781,-111.9213147],[48,24,11,19,20,6,21,22,13,23,161,28,65,17,29,12,274,210,18,99,109,38,39,212,126,293,224]
RSKu897WeAxJtKPPzJdFuA,33.5549435,-111.97364405,16,[33.472853,-112.056065,33.637034,-111.8912231],[48,11,88,38,39,298,26]
eLNXK0FaB5Snooc-0AjN_A,33.536865750000004,-111.99858865,13,[33.4342595,-112.134201,33.639472,-111.8629763],[119,99,11,218,38,88,39,40,41,43,26,224,7,142,97,449,219]
FP8AlpY4p9XfvvADi64znQ,33.648143950000005,-112.12281569999999,4,[33.5820359,-112.1503054,33.714252,-112.095326],[33,11,112,173,6,248,250]
TQJJdtLQmTKMvLuWByuLbQ,33.538927,-112.048079,1,[33.538927,-112.048079,33.538927,-112.048079],[26,11]
y_axP-A76EJEUGuC1_b-Qg,33.53570125,-112.2627319,57,[33.5324161,-112.2634935,33.5389864,-112.2619703],[127,11,4,6,28,17,29]
APfyUI-KCL9R_kfrPQ2ukA,33.4911341,-112.30934199999999,23,[33.430535,-112.357458,33.5517332,-112.261226],[99,11,7,27,48,47,8,38,181,39]
7k9tifO1tFrnyuh-wcQ-3w,33.3947699,-111.9088938,1,[33.3947699,-111.9088938,33.3947699,-111.9088938],[84,339]
fcN4Ia18HJRQkHTzKuWi6w,33.348162,-111.9819,4,[33.348162,-111.9819,33.348162,-111.9819],[27,11]
OeF4ktJqY5Qf_gf494uE_g,33.536960199999996,-112.00329645,17,[33.4492414,-112.0822129,33.624679,-111.92438],[33,11,48,38,39,84,419,7,292,142,6,156,40,139,36,119,108,224,298,57,145]
oDELXd8KC0DoOYlQfazkvQ,33.4982564,-112.07503975,2,[33.4874748,-112.0830342,33.509038,-112.0670453],[26,11]
cVMXSZR_tiW5XKqgKspyxw,33.364066300000005,-111.88414675,24,[33.3045866,-111.947744,33.423546,-111.8205495],[6,270,48,11,109,38,39,99,7,36]
Q98XefD3J9LYqc-QSe_fwQ,33.363755499999996,-111.886142,3,[33.350443,-111.945167,33.377068,-111.827117],[71,72,84,389]
2LE_1IcSFlOUUM_lDKwE4A,33.52396195,-111.97328024999999,200,[33.4920033,-112.0475633,33.5559206,-111.8989972],[206,11,382,126,97,28,17,29,7,139,62,416]
jPljsCJ5mLvuzQ5sAWB8zQ,33.306607,-111.998885,1,[33.306607,-111.998885,33.306607,-111.998885],[64,65]
OWAy9WZlaynKX7kenEKPOQ,33.5095669,-112.042103,1,[33.5095669,-112.042103,33.5095669,-112.042103],[96,72]
OQzzFulZZUPjpBDzUC0CqQ,33.508704,-112.028081,91,[33.508704,-112.028081,33.508704,-112.028081],[38,48,39,40,11]
jwWI_EAAPoUuFkyFiJxNbw,33.49697855,-111.9852916,28,[33.3550442,-112.1810524,33.6389129,-111.7895308],[38,39,40,126,11,185,109,48,168,63]
Fec3jKhFWNJDvI7oDiLakw,33.46592985,-111.93579184999999,16,[33.4218047,-111.9533039,33.510055,-111.9182798],[7,292,57,327,139,38,11,99,128,39,307,212,43,33,119,63,74,27]
kYo3moMT2gGswdnLaooUVQ,33.6235377,-111.925553,1,[33.6235377,-111.925553,33.6235377,-111.925553],[7,108]
kh4CW4cQSsoV-ziKB0HYtw,33.5388471,-111.9641728,7,[33.5388471,-111.9641728,33.5388471,-111.9641728],[7,47,48,11]
4mCfNFI8GsJbYcEq_TskUQ,33.4724491,-112.1345686,66,[33.4724491,-112.1345686,33.4724491,-112.1345686],[26,11]
r8RzK9bDHaDEN74JubAErw,33.36361,-111.91347045,5,[33.304492,-111.9533039,33.422728,-111.873637],[33,119,99,11,88,38,39,89,26,48,296,212,43]
0t-WhCdn8vCtheVvKi3oYA,33.377251,-111.895382,1,[33.377251,-111.895382,33.377251,-111.895382],[49,80,82,59]
Rab-ec4QFFcd8j8OJyVsOQ,33.3490097,-111.9636082,1,[33.3490097,-111.9636082,33.3490097,-111.9636082],[63,27,11]
kwj-OtX7cVK02NbV8i07fQ,33.335767,-111.687299,200,[33.335767,-111.687299,33.335767,-111.687299],[28,17,29]
nXFteEd3o2Fi7opr3M4ZFw,33.3997,-111.7883,2,[33.3997,-111.7883,33.3997,-111.7883],[161,105,195,65]
wXyzYr2-kuLfdFG9-X_IPw,33.407705,-111.98782714999999,4,[33.3056067,-111.9968967,33.5098033,-111.9787576],[7,292,63,27,11]
SFH23ByUq8sSPJYvMCq1Pw,33.436293,-112.011827,200,[33.436293,-112.011827,33.436293,-112.011827],[38,48,39,11]
fYFQNW-Cyw-eiRyYWW38JA,33.25004455,-111.8253433,4,[33.238358,-111.8608449,33.2617311,-111.7898417],[64,65,7,142,99,11,49,50,406,52]
VJIwFsZ7-udXymDm2inE0Q,33.5264705,-111.996567,200,[33.473335,-112.073196,33.579606,-111.919938],[7,119,9,10,11,265,185,48,8,6,200,340,41,400,38,140,39,40]
mLLs3IXeRISGZONoflEo3g,33.4578317,-112.04056424999999,58,[33.4495394,-112.0656645,33.466124,-112.015464],[7,449,97,11,27,63]
wMHnLpVNYQY0dlXEMXsP2g,33.38259305,-111.8535304573975,45,[33.2729621,-111.983142,33.492224,-111.723918914795],[96,72,7,108,48,11,185,224,251,6,200,119,99,8,45,71,184,106,54,107,26,62,17,74,24,43,57,306,63,27,189,10,33,47,247,208,35]
_RbGVrd8NvmsIY0BAQL_ng,33.55996675,-112.11094355,10,[33.5092756,-112.1500692,33.6106579,-112.0718179],[48,11,177,140,49,193,59]
7eJ-_bE8O_jwT63m5jZ1iw,33.376367450000004,-111.9186848,12,[33.3197625,-111.978279,33.4329724,-111.8590906],[126,11,39,38,128,7,142,97,212,361]
IP0F0SO-m6Y2sYg-9qcs7Q,33.640637,-111.9086,70,[33.640637,-111.9086,33.640637,-111.9086],[49,178]
hq3eEhPlJjxkGU2OcYYlZQ,33.4216347,-111.9536334,2,[33.4216347,-111.9536334,33.4216347,-111.9536334],[79,121]
zUocCf7E6_y64mDL-3FlSA,33.49535705,-112.01444910000001,6,[33.4272811,-112.088808,33.563433,-111.9400902],[11,7,162,108,98,119,48,224,229]
x7krezc3EpXd_qL4v-YUnA,33.477178,-111.925799,1,[33.477178,-111.925799,33.477178,-111.925799],[119,48,24,11]
L7HO-Qv_ens2FunHLG1p1Q,33.55986635,-111.97001365,10,[33.4949416,-112.0142961,33.6247911,-111.9257312],[48,11,119,24,98,7]
TocDkq1UljoZ9_Q0cR-3eQ,33.60057745,-112.0068344,22,[33.4590669,-112.1709674,33.742088,-111.8427014],[38,7,36,109,39,11,27,101,88,40,99,120,63,210,56,57,13,6,115]
XeoAojoz5johV2MQ5ngNig,33.45520795,-112.014334114291,135,[33.303233,-112.345359,33.6071829,-111.683309228582],[224,11,169,251,265,126,97,7,108,338,201,192,140,13,6,115,33,117,48,9,212,26,43,57,69,56,38,47,88,39,24,373,119,62,17,210,142,407,106,408,54,10,98,189,49,102,103,333,52,32,95,222,99,185,89,44,177,500,27,229,298,273,128,168,309,285,296,80,82,59,96,72,109]
j3Ua8CBcaL4XZhn4fzQhYg,33.5223489,-111.94727375,200,[33.4986978,-111.96828,33.546,-111.9262675],[119,127,11,126,206,161,28,65,17,29]
w9Eh-2Sd_tAPVVjSTx9gxw,33.3637562,-111.9100616,21,[33.3637562,-111.9100616,33.3637562,-111.9100616],[49,54,193,242,59]
2IaQQuZtbZKhOcNwYJOVuQ,33.5094453,-112.0290689,1,[33.5094453,-112.0290689,33.5094453,-112.0290689],[6,21,358]
QyZ9HcNnj-k1oJnP_t1JFA,33.5097112,-112.0962274,1,[33.5097112,-112.0962274,33.5097112,-112.0962274],[43,11]
7zPLyv3dXX2qlgoyAenF3w,33.4329724,-111.9043028,14,[33.4329724,-111.9043028,33.4329724,-111.9043028],[26,11]
c7xefzxCtr0ebCL6VR2t7Q,33.47243305,-111.99539494999999,13,[33.4320962,-112.083991,33.5127699,-111.9067989],[109,38,11,39,63,168,181,229,210,57,99,7,36,69,4,13,6,115,160,48,143,205,5]
gGD2c5_nzHvxWi_IotwnCQ,33.4315119,-112.0561119,81,[33.4315119,-112.0561119,33.4315119,-112.0561119],[26,11]
W9h1ufjEzDp7THyAqRw65g,33.448057703793,-111.831176075485,133,[33.220784807586,-112.079081,33.6753306,-111.58327115097],[7,108,352,48,11,85,6,12,114,13,139,225,142,265,27,126,97,46,30,96,72,36,8,49,233,33,117,204,65,84,262,60,98,57,69,26,71,297,24,35,61,38,39,47,88,137,208,270,4,5,145,45,115,182,140,401,63,451,28,442,241,162,21,22,109,40,99,128,219,218,41,80,343,59,210,168,298,161,17,29,223,89,148,15,191,190,440,425,160,292,77,76,372,341,200,79,121,10,9,206,201,138,247,313,475,56,124,274,236,103]
HBqcozgL4nSTDJMaMAP7Xw,33.3478272,-111.9102573,1,[33.3478272,-111.9102573,33.3478272,-111.9102573],[224,182,11]
M-vZFTvTzi6KsLQFHnaRfg,33.64064310701305,-112.0921554558185,4,[33.626933,-112.100731,33.6543532140261,-112.083579911637],[212,26,11,177,140]
eSLH2TYj-6WIDvAky37TwQ,33.54711375,-111.9088162,11,[33.4661258,-111.9264093,33.6281017,-111.8912231],[88,38,39,298,11,119,99,311,7,8,26,48,128]
Zq08BRGciAp-cGfgfdWU1A,33.360804,-111.859837,28,[33.360804,-111.859837,33.360804,-111.859837],[63,27,11]
ED5xDqDU9JDtlVEOqNCB5g,33.4950535,-111.9958183,3,[33.4950535,-111.9958183,33.4950535,-111.9958183],[11,27,63]
_IJEA20VGmwFptePgCkPkw,33.50088985,-111.98678385,5,[33.4787939,-112.0476585,33.5229858,-111.9259092],[174,54,195,65,48,11,119,24]
p9-NtL4bfgj3pi8l-XwZug,33.496175,-112.020561,64,[33.496175,-112.020561,33.496175,-112.020561],[11,63]
QdL_0vTwo4N7NzcONjaKyw,33.55293255,-112.10709365,10,[33.5386441,-112.115581,33.567221,-112.0986063],[88,38,39,26,11]
rZKsBmKhw48z1WmLQl_a8g,33.5393442,-111.948684,3,[33.495263,-111.9790882,33.5834254,-111.9182798],[7,36,8,38,11,99,128,39,26]
Hwte_jm0feC2ujAlCiaGLw,33.453287016969,-111.9260663924,2,[33.453287016969,-111.9260663924,33.453287016969,-111.9260663924],[38,145,57,205,101,39]
GN20gCrMHjXH7zdZ3AaAcA,33.4925913,-112.0536373,17,[33.4548476,-112.0800705,33.530335,-112.0272041],[63,27,24,11,38,181,39,40,140,48,97,26,108,7,210,99,212,168,229]
zWzaUZSskbk29hO4BpPAZg,33.37844,-111.876416,1,[33.37844,-111.876416,33.37844,-111.876416],[251,11]
qI29EDR7IT_sJ_CnKQ6dDg,33.48854165,-111.92184775,6,[33.4787939,-111.9347763,33.4982894,-111.9089192],[7,108,119,11,63,27,24,251]
LcGZNmhxrfZXw3neKSTECw,33.6777292,-112.0308733,3,[33.6777292,-112.0308733,33.6777292,-112.0308733],[96,72]
LOpT-BlxDRh4dJ0ZEG-V9Q,33.6759702,-112.20281,1,[33.6759702,-112.20281,33.6759702,-112.20281],[49,178]
fIgmd3pyCatW8LsnLsrosQ,33.56723915,-111.91766444999999,9,[33.4787939,-111.9300279,33.6556844,-111.905301],[78,79,10,24,11,251]
e2jlDTohcvd9WXV8Ix8wZw,33.633283649999996,-112.34889305,7,[33.6266793,-112.393776,33.639888,-112.3040101],[7,108,63,27,307,11]
lBAo9_ObtbbIhRVpZ_VEJg,33.6700635,-111.9571865,5,[33.640094,-112.025911,33.700033,-111.888462],[218,11,26,27,63]
BLf7keHkjX70eGqmVtCSUw,33.5668585,-112.05082465,6,[33.455863,-112.1230703,33.677854,-111.978579],[7,108,201,119,11,212,63]
27NDI06WlPOCf3OcMH6vNw,33.5488373,-112.10979435,2,[33.457863,-112.1512297,33.6398116,-112.068359],[44,11,38,48,39]
Z24kr7bMK7uvOhoOgDvzOA,33.378516899999994,-111.96441095,5,[33.3021074,-112.086757,33.4549264,-111.8420649],[224,11,24,7,108,119,177,140]
foKuHkBpfPVi4K84OxLBUg,33.4226734,-111.7729677,2,[33.4226734,-111.7729677,33.4226734,-111.7729677],[26,11]
DDCsDoBqEVXxPBUB40NAsQ,33.5014744,-111.9816502,2,[33.493947,-112.0409994,33.5090018,-111.922301],[28,17,29,13,6,115,372]
Fz7FY3mmUEu5grxaJNZhqQ,33.31081,-111.772012,1,[33.31081,-111.772012,33.31081,-111.772012],[7,11,63]
AbiHG8PBMQb0H26SoSZSWg,33.5079662,-112.08801885,22,[33.491645,-112.1285522,33.5242874,-112.0474855],[206,11,38,140,39,40,48,168,181,229,99,127,7,8]
86y1i5FfQnSQL8pB4_M-wQ,33.507954,-112.065162,5,[33.507954,-112.065162,33.507954,-112.065162],[6,21,200]
L-HIOYCzkZ09AXIsCnOH-Q,33.55285945,-111.969555,173,[33.4940659,-112.074398,33.611653,-111.864712],[11,63,27,119,64,133,65,44,97]
5V0nVAMzVo5axfYzxcOtEA,33.6431653,-112.1332859,11,[33.6246556,-112.235873,33.661675,-112.0306988],[182,48,140,11,84,419,185,382]
mtZ4VaV0nI477rw5BFLNHw,33.5791307,-112.00239385,67,[33.4796464,-112.0301811,33.678615,-111.9746066],[119,99,11,26]
xOND8er0cm55ASsUVzvD0A,33.4556958,-112.0740398,73,[33.4556958,-112.0740398,33.4556958,-112.0740398],[7,36,8,247]
ZyMXu3gJmSK_0stiOLwB8A,33.5099619,-112.02330359999999,25,[33.378951,-112.1201741,33.6409728,-111.9264331],[168,99,11,63,46,6,26,177,140,57,69,27,7,98,10,9,162,119,108,43,340,210,48,62,17,265,142,104,161,195,65,202,72,38,128,39,296,201]
sh9jprxGj-rCBK1yxwIQSg,33.45216415,-112.03387895,6,[33.4287313,-112.126253,33.475597,-111.9415049],[28,170,7,139,8,423,342,240,241]
Wazr2FXSFHNebPvTO42z-g,33.35302215,-111.81638235,11,[33.351089,-111.84303,33.3549553,-111.7897347],[64,65,109,38,11,39,63]
wN8_AGI-XDMVEH36lypvfw,33.54524895,-112.02328575,3,[33.5083781,-112.1207056,33.5821198,-111.9258659],[161,28,65,17,29,6,87]
k0PzO9N5-7mPiY4eS76yVw,33.4128172,-111.76237230000001,7,[33.3996663,-111.939852,33.4259681,-111.5848926],[26,11,27,201,7,139,423]
MKUv9aV4Aq6fmNeFHQjqPQ,33.4330350801733,-111.905558109283,4,[33.4330350801733,-111.905558109283,33.4330350801733,-111.905558109283],[99,11]
FXdED-g8OIZGOoKpvUcsqA,33.423797500000006,-111.9425475,122,[33.421657,-111.944749,33.425938,-111.940346],[11,377,224]
vhU762PKH23VIUUGrcHnBA,33.5271966,-111.9259109,3,[33.5271966,-111.9259109,33.5271966,-111.9259109],[119,99,11]
rnqv2DT-yo0HRIn6VOZ5Gg,33.537649,-112.060401,2,[33.537649,-112.060401,33.537649,-112.060401],[98,7]
7aTZtZMHDe9yFpMAHkIFcg,33.5840123,-111.9223917,1,[33.5840123,-111.9223917,33.5840123,-111.9223917],[182,48,140,11]
85KyBP0JPdT2-VC_StXKBQ,33.393544,-111.948187,3,[33.393544,-111.948187,33.393544,-111.948187],[98,7,108,292]
VSZNrRKPq98F11xasO5xTg,33.653685,-112.135621,8,[33.653685,-112.135621,33.653685,-112.135621],[7,182,194,172,11]
eVt4NOU0W6HyljU0-WNCcw,33.481157,-112.202073,4,[33.481157,-112.202073,33.481157,-112.202073],[43,11]
BCQsC_85KH5gtknX3YyCRw,33.615544,-111.954623,5,[33.615544,-111.954623,33.615544,-111.954623],[119,99,11]
qxjuLp9TDMts5EjfrtzoGA,33.4437373692857,-111.8465642818865,5,[33.3812843,-111.939622163773,33.5061904385714,-111.7535064],[48,11,109,38,27,39,475,10]
mp8z8DI2HgAnR6Qob5EQUw,33.492637988980846,-111.9179090772095,8,[33.4765807,-111.927080154419,33.5086952779617,-111.908738],[39,119,26,38,11,99,7,313,27]
_2qk1vQjKw6iJV9dnX_k5w,33.306896,-111.752395,2,[33.306896,-111.752395,33.306896,-111.752395],[126,48,11]
buZbr2ArOz8S2dRyHExk0Q,33.5092756,-112.0718179,1,[33.5092756,-112.0718179,33.5092756,-112.0718179],[48,11]
9wtl15Sn5DcHE0def5p7hw,33.348763010086,-111.9443510501,1,[33.348763010086,-111.9443510501,33.348763010086,-111.9443510501],[119,62,24,17,11]
tqo-Lc6azCzcTPeXpUQ8AQ,33.34927,-111.822446,3,[33.34927,-111.822446,33.34927,-111.822446],[33,11]
S5zDAjR2JDPU6ZLWwVTJ3A,33.4016233679125,-111.84655715709499,11,[33.307983735825,-111.97493461419,33.495263,-111.7181797],[265,11,26,38,7,47,88,39,48,126,63]
wha2RtvuIpEzekV4tmTFpQ,33.50210765,-111.97794325000001,2,[33.4952135,-112.0409994,33.5090018,-111.9148871],[78,79,13,6,115,372]
HZvh9bsWCBL2Bo_nM9EWmg,33.335548,-111.907832,12,[33.335548,-111.907832,33.335548,-111.907832],[7,108]
HEo4t-REzz_eiMRhJt6jXg,33.3547012,-111.7897898,5,[33.3547012,-111.7897898,33.3547012,-111.7897898],[7,108,48,11]
NCW3YZYX1NGO9NAr_Yf4kA,33.5557353,-111.8988152,1,[33.5557353,-111.8988152,33.5557353,-111.8988152],[48,11]
yGJ4E0uaDJROTeqmmVA4LQ,33.35367,-111.964931,2,[33.35367,-111.964931,33.35367,-111.964931],[7,139,423,189]
zWh2ADr76uhQvVDcBkLllg,33.58478645,-112.0474146,7,[33.4942423,-112.168382,33.6753306,-111.9264472],[39,119,48,38,11,27,307,40]
eicY263RLPCOLrNGSGekvQ,33.468734749999996,-112.00473604999999,49,[33.3201965,-112.2205041,33.617273,-111.788968],[26,11,7,57,69,99,127,72,184,126,63,108,48,109,38,39,206,97,33,27,40,140,185,30,13,6,119,24,142,265,292,117,251,17,18,475,440,351,186,8]
7eB3U1a2Cd8wRNyR1WItNg,33.7129847,-112.1114555,3,[33.7129847,-112.1114555,33.7129847,-112.1114555],[27,11]
EEbAaS_gPd3d5iu73u1lwQ,33.4340647310654,-111.994457244873,29,[33.4340647310654,-111.994457244873,33.4340647310654,-111.994457244873],[98,7]
lwbKWidGOvbfCBlaijB8WA,33.5092756,-112.0718179,1,[33.5092756,-112.0718179,33.5092756,-112.0718179],[48,11]
HDitrG8xK9HnkU9j4d0N7w,33.6253241,-111.9403451,5,[33.6253241,-111.9403451,33.6253241,-111.9403451],[119,120,11]
