-xCoP4eNfYT_u8OIOJ2ALw,33.4948197,-111.9798208,2,[33.4948197,-111.9798208,33.4948197,-111.9798208],[119,11]
wVuavblHM0NixaJKtpSdng,33.56289425,-111.9990145,12,[33.4471735,-112.073781,33.678615,-111.924248],[373,182,41,11,48,63,126,24,99,44,38,128,39,296]
P_GFy9eP7YA93KRsYbkY9g,33.62417645,-112.22910605,3,[33.6112229,-112.2400641,33.63713,-112.218148],[7,142,126,97,11]
-N9ZDQoMdzVio8EsGRBCkA,33.5261565,-111.912173,2,[33.427634,-111.92438,33.624679,-111.899966],[7,139,36,63,27,11]
mcOaenmq4iLxTHY1dGlg3g,33.3549553,-111.7897347,9,[33.3549553,-111.7897347,33.3549553,-111.7897347],[109,38,11,39,63]
7IlprBW6NF27-ixxGZRFhQ,33.2762703,-111.8753205,1,[33.2762703,-111.8753205,33.2762703,-111.8753205],[99,11]
R1LM22oR9EpqDdrWDNx8gw,33.493181,-111.9297091,4,[33.493181,-111.9297091,33.493181,-111.9297091],[38,48,39,40,11]
Wwu5wBNnAcvb4cRrR4KAmA,33.44431445,-111.93131075,3,[33.3932601,-111.9940154,33.4953688,-111.8686061],[24,11,32,95,222,177,140]
-Do-a2vqE9EoXtnV-TZEBg,33.534444750000006,-111.99969395,158,[33.43475,-112.0740373,33.6341395,-111.9253506],[26,11,123,65,30,13,6,28,170]
2-TbWuUHErOMxo0EHSE-Yw,33.455863,-112.072167,2,[33.455863,-112.072167,33.455863,-112.072167],[201,11]
MpOe2etTwIk3-LvzwPG-1A,33.58268165,-111.90934250000001,19,[33.492381,-111.928554,33.6729823,-111.890131],[307,212,43,11,265,48,38,126,97,39,40,27,26,168,28,17,29]
wJmj_ijVdpgzlfRulKcm4A,33.4149678,-111.93142315,3,[33.360804,-112.0475116,33.4691316,-111.8153347],[26,11,229]
NegAl0i8do_XnBR7Am0B0w,33.8644291,-112.1353054,1,[33.8644291,-112.1353054,33.8644291,-112.1353054],[185,11]
llu0xnAghOiQ1y22J-tK1g,33.396540900000005,-111.98681024999999,27,[33.3402863,-112.0693177,33.4527955,-111.9043028],[99,11,27,38,128,39,296,126,97,33,117,48,49,80,82,59]
zKF1JKX_pHj6lCyqbSXROQ,33.4751675,-111.9982636260265,200,[33.4402837,-112.073568999767,33.5100513,-111.922958252286],[157,103,46,102,6,57,470,145,39,212,97,11,7,108,49,52]
TWV4ZYB1_THleG02T42QSg,33.53616485,-112.00187765,2,[33.4493145,-112.0740474,33.6230152,-111.9297079],[126,97,11,224]
KuPscbI0KPxudSMPZIcrCA,33.48682235,-112.06446389999999,91,[33.3022417,-112.2707018,33.671403,-111.858226],[7,8,6,45,108,26,11,49,50,52,27,63,24,33,120,41,39,212,293,239,126,97,142,48,400,38,99,128,72,184,44,57,69,30,13,110,168,298,88,98,9,119,185,64,65,202,214,84,345,346,129,121,79,236,103,115,117,47,309,285,10,210,251,43,265,66,200,327,51,445]
-L0i4tIcOIbAq_gPvykkLA,33.49451045,-111.93925755000001,60,[33.3057949,-112.19974,33.683226,-111.6787751],[185,11,224,126,97,63,27,7,137,8,139,24,49,146,39,341,88,38,298,109,361,26,99,246,119,17,423,128,33,117,48,41,206,168,404,451,10,292,352,449,177,140,161,28,65,29,373,265,43,212]
w28WFItNNBKRQ7iaFf15Dg,33.3117467,-111.9169283,3,[33.3117467,-111.9169283,33.3117467,-111.9169283],[28,342]
ml2D_nrsAK1Cxh8dDB7Iqg,33.677854,-111.978579,6,[33.677854,-111.978579,33.677854,-111.978579],[7,108,201,119,11]
P9RsjnAbkIMIb-DIZ7wKZw,33.6691088,-112.2029357,2,[33.6691088,-112.2029357,33.6691088,-112.2029357],[11,63]
ohFmwq57Quu5hnFSIA6e7w,33.3746149,-111.94655080000001,14,[33.292803,-112.0704276,33.4564268,-111.822674],[141,6,7,8,45,142,265,126,97,11,200]
IdX3Z5CVwwQ0d75Y5-gPnQ,33.372894,-111.9449635,11,[33.321266,-111.978279,33.424522,-111.911648],[88,38,39,40,48,11,126,99,49,80,59,168,97,43]
Q5xONoG98eMpS7Xcl1rDSA,33.5021785,-112.03751919999999,6,[33.4950814,-112.0718179,33.5092756,-112.0032205],[7,108,48,11]
IGAde3ti9zjnuQgi4CgjNA,33.509625,-112.026171,23,[33.508118,-112.027582,33.511132,-112.02476],[28,17,29,57,99,7,36,69,11]
Vp-gQXeKoY7D3BF47sOj0Q,33.8005397,-112.1299404,61,[33.8005397,-112.1299404,33.8005397,-112.1299404],[33,11]
YUQjHy13NvQA5B88V0P0Lg,33.757546,-111.990434,1,[33.757546,-111.990434,33.757546,-111.990434],[11]
r0wIdw5TtXXaJPaPum0OCw,33.335942,-111.790625,1,[33.335942,-111.790625,33.335942,-111.790625],[64,65]
voaIw-JcPRZYb-yGEkVaWQ,33.580802744298,-111.81248785,5,[33.5744834,-111.8629187,33.587122088596,-111.762057],[223,11,28,17,29,48]
rmUJGvphy7GXY9Y_kGutgA,33.411201750000004,-111.9643993,16,[33.3216034,-112.071756,33.5008001,-111.8570426],[39,205,38,145,57,101,4,5,6,88,99,11,169,7,47,48,89,138,8,139,126,36,185]
CEEIQq93JO8aSRx25wir9g,33.42141246595405,-111.9186881,29,[33.2815660319081,-112.3566862,33.5612589,-111.48069],[99,185,11,177,500,140,192,57,145,258,39,28,17,29,48,33,26,27,168,43]
qKvbgG-Z2REd7Sa68Iz-2Q,33.37791475,-111.86158823025801,9,[33.3406452,-111.9701824,33.4151843,-111.752994060516],[6,77,35,76,126,97,11,7,108,26,24,54,55,266,122,256]
H1MyeQeyUw4mm8KU_0Yelw,33.4951002,-111.9286582,2,[33.4951002,-111.9286582,33.4951002,-111.9286582],[123,65]
D7u4yT7Z6UVS6TtaTPHwOQ,33.4732683,-112.0649453,32,[33.4732683,-112.0649453,33.4732683,-112.0649453],[7,33,142,24,11]
cTqmpgCg7DGp_lPStRDkEw,33.716582,-112.501124,3,[33.4641,-112.728991,33.969064,-112.273257],[33,11,185]
VLSHpVGZUgxHY6qc-UnPKw,33.601951400000004,-111.90368459999999,6,[33.5799879,-111.9255304,33.6239149,-111.8818388],[48,11,106,54]
CpG-O_CfqWUH10-74nvwWA,33.4659256,-111.9216144,2,[33.4659256,-111.9216144,33.4659256,-111.9216144],[26,11]
VZPB7EU00lPxrzKuyOqQAw,33.48618115,-111.98906684972451,3,[33.331773,-112.0474847,33.6405893,-111.930648999449],[126,11,63,27,12,13,6,22]
J2JfCaiaZku8HgfNceU8Rg,33.5092027,-111.96413530000001,194,[33.43475,-112.00644,33.5836554,-111.9218306],[38,99,39,40,11,119,26,185,20,23,243,352,48,293,7,313,27,28,170,108,17,29,109,63]
LBxeyr3bl2O9kevQGTBP5A,33.48042635,-112.00239775,4,[33.458871,-112.077177,33.5019817,-111.9276185],[38,48,39,11,206,63]
7qtSIuBvYgyNshHWXPqz4g,33.6117382,-111.9969697,1,[33.6117382,-111.9969697,33.6117382,-111.9969697],[11,63]
LYKcgtDQM3P7CBedArsjrw,33.610963,-111.927561,4,[33.610963,-111.927561,33.610963,-111.927561],[7,11,63]
BrtlPS9Isg-I2-1EM9zMEw,33.617273,-111.926576,1,[33.617273,-111.926576,33.617273,-111.926576],[7,142]
QOHol7m1LkMh-dH3QD12Vg,33.531456750000004,-112.00954435,7,[33.422728,-112.0675947,33.6401855,-111.951494],[33,11,7,36,182,24,120,44,127]
4D63Ui_-R1ghY8TmpPOB8g,33.4183015,-111.9072525,2,[33.414027,-111.918234,33.422576,-111.896271],[119,24,11,28,17,29]
2y3LWFfyRp02EdjwcVv7sw,33.6005123,-111.99089115,27,[33.3852846,-112.2618153,33.81574,-111.719967],[84,419,98,7,8,137,139,6,43,11,108,212,26,49,52,66,185,27,224,309,119,285,13,115,48,142,60,47,38,39,40,128,36,182,99,57,69,145]
UOz5sphR_cDJjqX61mvePw,33.348162,-111.9819,22,[33.348162,-111.9819,33.348162,-111.9819],[26,11]
8Hx19QBVCCwkheysUcuObw,33.447521,-112.063434,18,[33.447521,-112.063434,33.447521,-112.063434],[309,11]
JzJHj1VK_-LncdNS14c22A,33.4741375,-112.0649666,1,[33.4741375,-112.0649666,33.4741375,-112.0649666],[119,201,11]
pWp54yiE0i-cdSx0inw4kw,33.4984501,-111.92476435,7,[33.4973896,-111.9272212,33.4995106,-111.9223075],[38,126,39,11,109,440]
L-LGq7YcviLmmbkmW81f3w,33.480081,-111.99297,1,[33.480081,-111.99297,33.480081,-111.99297],[202,72]
-A0CPl7ipFe0HNfSGIyrYQ,33.510026,-112.024174,2,[33.510026,-112.024174,33.510026,-112.024174],[48,11]
iueoPNiz895IQZaMojq5dA,33.493947,-111.922301,45,[33.493947,-111.922301,33.493947,-111.922301],[28,17,29]
IcIV2t78tbDehsPUsz2TGQ,33.3993331,-112.00575875000001,11,[33.3044612,-112.0800705,33.494205,-111.931447],[7,187,36,139,27,11,26,48,63,24]
0Kxoa6X4MzOOMEZueuwWUg,33.42256675,-111.94167465,200,[33.420571,-111.942444,33.4245625,-111.9409053],[127,11,38,168,298,88,39]
v7IXfb8qEOY24spMC9gDFw,33.4951366,-112.0012318,3,[33.4951366,-112.0012318,33.4951366,-112.0012318],[48,11]
Qxi9r0XVKC96_fQmZoaivA,33.5832252,-111.682686,8,[33.5832252,-111.682686,33.5832252,-111.682686],[49,178]
--rlgfAvvi0BtfRDA1p-VQ,33.42260215,-111.84124109999999,9,[33.379618,-111.9279622,33.4655863,-111.75452],[97,43,11,24,33,10,44,7,142,181,229,47,27]
YBvZbjDNOlAROImown8GOw,33.700172249999994,-112.07136775000001,4,[33.4471735,-112.0753485,33.953171,-112.067387],[38,39,248,249,6,15,32,95,222,123,65]
66aU_4HfubG5wJ3ZPR29og,33.58060213898085,-111.9300160772095,5,[33.5086952779617,-111.932952,33.652509,-111.927080154419],[99,11,49,80,82,59]
xw77viWz_BbmyntxoBVH4A,33.40137245,-111.9097359,3,[33.3947699,-111.910578,33.407975,-111.9088938],[7,108,162]
yIZEkXaVXs_1bV5Gehljsw,33.5636878,-112.0595603,2,[33.5636878,-112.0595603,33.5636878,-112.0595603],[32,203]
Rt9fD4mPsz4o3Octv97oMw,33.539212500000005,-111.9891435,12,[33.449233,-112.088808,33.629192,-111.889479],[27,11,7,142,338,182,48,140,251,224,108,33,38,39]
jU5Q0THWMPv4R24VmAXRVg,33.6109125,-111.91000199999999,14,[33.495018,-111.984512,33.726807,-111.835492],[224,212,43,11,265,185,7,47,48,38,27,99,39,49,246,178,17,109]
hKfeV80rP54McmEBQ618yA,33.55453585,-112.0615434,2,[33.5382586,-112.0657374,33.5708131,-112.0573494],[98,7,108,24,11,26]
NPGcJgQHmBFKnG8Voypm9Q,33.4352894,-111.9248982,3,[33.4352894,-111.9248982,33.4352894,-111.9248982],[33,44,11]
1oZ167ICCWvd-T9K0qOvkw,33.579606,-111.927552,2,[33.579606,-111.927552,33.579606,-111.927552],[7,119,9,10,11]
MCZCZTYRnUmZBcGU737MEQ,33.700033,-111.888462,17,[33.700033,-111.888462,33.700033,-111.888462],[48,206,11]
YvKOj_nuKPdLEbXOCEfrVQ,33.4483771,-112.0740373,2,[33.4483771,-112.0740373,33.4483771,-112.0740373],[30,13,6]
SSGhIunh6uhGTFc67ILZ0g,33.66645285,-112.18752939999999,16,[33.6624675,-112.188538,33.6704382,-112.1865208],[126,97,11,236,103,7,108,17,62,6,45,188,23]
Vh7CdxGFglD0Tgfm0wtCPw,33.422863199999995,-111.94991835,3,[33.421676,-111.959765,33.4240504,-111.9400717],[38,26,39,11,185]
IE1K1W8XbfYpVIKbnE1ePg,33.67106847428,-112.030189633369,2,[33.67106847428,-112.030189633369,33.67106847428,-112.030189633369],[38,11,39,27,128,63]
0FO2LQOD0eMO_G1m1aMPKQ,33.407857699999994,-111.82679585,4,[33.379099,-111.8663979,33.4366164,-111.7871938],[4,6,100,425,7,36,8,108,322,57,56]
vKUvdMHLqr9Orkvmjmkbpg,33.583208299999995,-111.93946285,34,[33.4941704,-111.9884173,33.6722462,-111.8905084],[27,48,24,11,7,142,182,140,63]
89pcv2RshBN-e6gZFgwWQg,33.36595965,-111.9657062,5,[33.305759,-111.993252,33.4261603,-111.9381604],[10,11,326,80,84,343,59,49,39,38,126,97,88,24]
SNyNjS2Dw77cRmRaD1muAQ,33.449233,-112.065458,84,[33.449233,-112.065458,33.449233,-112.065458],[27,11]
TQKPQR8csbXmC-_-2XB0PA,33.6237191,-111.9255427,1,[33.6237191,-111.9255427,33.6237191,-111.9255427],[126,11]
5VDSCXcqgGCgcuKnHRFFvQ,33.407088,-111.911549,4,[33.407088,-111.911549,33.407088,-111.911549],[126,97,11]
Gyj4JrP6uOMLjYjuOqfXYA,33.370767150000006,-111.87895975,4,[33.3344463,-111.911549,33.407088,-111.8463705],[126,97,11,377,323,33,117,48]
fYWsB3usJWoojArG0Ycdew,33.4255005,-111.9402424,3,[33.4255005,-111.9402424,33.4255005,-111.9402424],[7,148,117,11]
7B_LFcB6u1olDoWjd6fSiw,33.5019817,-111.9276185,25,[33.5019817,-111.9276185,33.5019817,-111.9276185],[99,48,11]
e8hCPj_UF5nAaiYm3M5yTw,33.4930514,-111.9339561,87,[33.4930514,-111.9339561,33.4930514,-111.9339561],[28,17,29]
0BT613A1PBxuwxUzjEb6VQ,33.491022349999994,-112.1965761,38,[33.430535,-112.392162,33.5515097,-112.0009902],[109,38,265,39,11,44,10,119,72,395,63,98,7,26,27,99,168,128,229]
4Zk_SPnvJ8Ybdjwo4BOJ5A,33.4165057,-111.7330654,1,[33.4165057,-111.7330654,33.4165057,-111.7330654],[79,121]
A1wT-uCePKnV4SJJVHfcgA,33.5879473,-112.1164668,14,[33.5879473,-112.1164668,33.5879473,-112.1164668],[168,169,11]
PkHqIhIHzLH3GySOx4BSww,33.5093372,-112.0608177,9,[33.5093372,-112.0608177,33.5093372,-112.0608177],[212,63,97,11]
_uBFjCsLsaKnIWNsQZzTFQ,33.675576,-112.025073,95,[33.675576,-112.025073,33.675576,-112.025073],[49,54,242,82,59]
xuE5jLgVc1Wjt-op3AMJWw,33.5019817,-111.9276185,1,[33.5019817,-111.9276185,33.5019817,-111.9276185],[38,48,39,11]
vLPOnPYof1u7pMJE0XofTQ,33.47979498642805,-111.975973048864,49,[33.377348,-112.0696,33.5822419728561,-111.882346097728],[7,108,119,11,24,27,98,10,9]
qXxwTfCGF9tAvXOrY-hWlQ,33.385445000000004,-111.8767771,16,[33.348162,-111.9819,33.422728,-111.7716542],[33,117,48,11,38,273,39,128,26,7,47,88,142,172,126,57,145,101,27,119,24,89,99]
n36ZWu5peSE6ZkrJR0YRZQ,33.56887675,-111.99840885,4,[33.497568,-112.0675947,33.6401855,-111.929223],[109,38,48,39,11,33]
u0I4brEggoQ0uemHbk_n0Q,33.3053089,-111.9007734,1,[33.3053089,-111.9007734,33.3053089,-111.9007734],[38,39,11]
AId2VP00iC-QGUpicVhYYw,33.4240085,-111.9401874,1,[33.4240085,-111.9401874,33.4240085,-111.9401874],[33,11]
dkOEHtpH3sCOemDNhwbEzw,33.5173991,-112.0824683,2,[33.5173991,-112.0824683,33.5173991,-112.0824683],[126,97,11]
8lwPgqdk3mlXURnm2mn4_A,33.5094495,-112.0467981,1,[33.5094495,-112.0467981,33.5094495,-112.0467981],[6,45]
6qo04lq-8q9P1w9n8spmGA,33.37858595,-111.9737695,21,[33.2475,-112.068359,33.5096719,-111.87918],[38,88,39,352,48,11,63,119,26,185,99,17,28,29]
nxyR1XhJ1XUmhyVW5KusBg,33.45154995,-111.95161675,11,[33.3208915,-111.98155,33.5822084,-111.9216835],[168,11,63,32,95,222,119,65,133]
EXazs8tdrCNEvFbaL0EnGA,33.3997,-111.7883,4,[33.3997,-111.7883,33.3997,-111.7883],[161,105,195,65]
uKI5GkgKFNMpk1lILNjWHA,33.4930514,-111.9339561,7,[33.4930514,-111.9339561,33.4930514,-111.9339561],[28,17,29]
XxxLMD5K-xLtnjpi5ZIM-g,33.5341803,-111.90760735,111,[33.5304177,-111.9262005,33.5379429,-111.8890142],[57,69,13,6,70]
_L9bVY6Z6_zO4UwDAwzsaQ,33.56236235,-111.77900994999999,56,[33.42,-111.9880199,33.7047247,-111.57],[57,306,403,79]
g8a_CLScjHztpxY-Sp9_6w,33.5233762,-111.99308515,12,[33.4495394,-112.0824683,33.597213,-111.903702],[11,63,265,7,449,97,65,133,26,126]
loJkedgXjeguaAUbWBO4kg,33.348162,-111.9819,1,[33.348162,-111.9819,33.348162,-111.9819],[26,11]
bTMdohssK8vaYBXa-Ynhqw,33.5822419728561,-111.882346097728,2,[33.5822419728561,-111.882346097728,33.5822419728561,-111.882346097728],[7,98,10,9,11]
ataZjyrcOkTYmcPrFKcocQ,33.5119225,-111.9423927,8,[33.383949,-112.0409994,33.639896,-111.843786],[182,172,11,13,6,115,372,99,246,7,119,139,24,17,423,38,33,39,128,48,140,63,27,340,210]
xXYpFbG-FcD0fx62eLwHug,33.50201,-111.9313599,41,[33.50201,-111.9313599,33.50201,-111.9313599],[265,11]
2knPIVT2Y6xz7n9leqh6_g,33.5061904385714,-111.926436424255,1,[33.5061904385714,-111.926436424255,33.5061904385714,-111.926436424255],[48,11]
vfhcSdD3qRiUNFxJkUOqwg,33.49566195,-112.1716256,4,[33.458839,-112.2603562,33.5324849,-112.082895],[99,11,43,26]
s0WQWqtvnvvEucW1agQwMw,33.516512250000005,-112.0248531,19,[33.4948853,-112.0631483,33.5381392,-111.9865579],[185,11,352,7,142,108]
7Il2Gr2Eat7tEqoaf29isg,33.4702022,-112.0653186,3,[33.4702022,-112.0653186,33.4702022,-112.0653186],[182,172,11]
_cTsiT441B6VM0zAH17wNA,33.491645,-112.073196,6,[33.491645,-112.073196,33.491645,-112.073196],[38,140,39,40,48,11]
mqR_K-ytrPrwS7x8FdNJgQ,33.6359912,-111.9527874,4,[33.492914,-111.9798208,33.7790684,-111.925754],[177,11,7,142,38,99,39,40,48]
tmGQS3JDslWAgusyARvLcg,33.4512855,-111.8383056,8,[33.4512855,-111.8383056,33.4512855,-111.8383056],[224,11]
Dh0axbFyi2UPmDgK8_ymUQ,33.5826276,-111.9358862,2,[33.494205,-111.9403254,33.6710502,-111.931447],[48,11,132,65]
r1jeWJCyZ9xLr-ECuMnQPw,33.468462205043,-111.98685975,38,[33.348763010086,-112.1839297,33.5881614,-111.7897898],[119,48,24,11,7,108,127,210,311,88,38,39,26,89,33,27,63,43,224,192,62,17,265,483,182,218,307]
E9R6P3DmR6IoHGfBslcc8Q,33.4760247,-111.9266644,4,[33.4760247,-111.9266644,33.4760247,-111.9266644],[71,72,96,184]
3oc5xoPfPkYwJ04rqU46uQ,33.5879617,-111.9777348,1,[33.5879617,-111.9777348,33.5879617,-111.9777348],[106,54]
oGBEo9K5MwfNneMh01B7lA,33.659131,-111.98638485000001,4,[33.640408,-111.995167,33.677854,-111.9776027],[117,26,307,11,7,108,201,119,182,48,140]
f8dilgbBoQLxDgQB_T_qFw,33.5099852,-112.01417095,17,[33.319377,-112.1371188,33.7005934,-111.8912231],[26,11,251,126,97,88,38,39,298,7,108,27,212,229,334,181,293]
n2rQSpWpJQZZ2sOa2vDHwA,33.4922985,-111.9245517,38,[33.4922985,-111.9245517,33.4922985,-111.9245517],[210,11]
JsGeRgm1o5yyF_0B2gfyvA,33.4194512,-111.915926,33,[33.4194512,-111.915926,33.4194512,-111.915926],[38,7,47,88,39,48,11]
fUG_SlQYpW23WnWjNu8WXA,33.389611,-111.85020349999999,9,[33.360804,-111.859837,33.418418,-111.84057],[38,26,39,11,229]
NApabmsdRCSJpyP609MXQQ,33.362444,-111.912417,5,[33.362444,-111.912417,33.362444,-111.912417],[15,6,191]
Qbt2iSlt01Lx8lJgUrG5rQ,33.494295,-111.925461,21,[33.494295,-111.925461,33.494295,-111.925461],[101,38,39,128]
pcWpgymwaR-tyODP3pdSZg,33.4816959,-111.89277335,6,[33.33985,-111.9255447,33.6235418,-111.860002],[48,11,33,373,196,43]
66wwxYE9y3Wroyez_umdXg,33.4389448,-112.5564756,8,[33.4389448,-112.5564756,33.4389448,-112.5564756],[26,11]
C5n3mHkxJzZbmQ_bKRQQug,33.4150955,-111.9153953,4,[33.407561,-111.9475246,33.42263,-111.883266],[7,148,88,38,99,39,11,27]
BPfHtTzVDOLnhDPJLOy9eA,33.5325312,-112.04478615,13,[33.4653362,-112.102316,33.5997262,-111.9872563],[99,127,11,430,126,39,38,128,224,137,7,6,139,40,32,203,293,169,26]
d7YTFopV-Ak7jvSW3uykIQ,33.3350308,-111.877431,5,[33.3350308,-111.877431,33.3350308,-111.877431],[126,97,11]
RxX5_RP3hSGpMhGY6y6OiQ,33.33268264606325,-111.8485553359375,13,[33.2484501921265,-111.911222,33.4169151,-111.785888671875],[39,38,296,128,11,251,43,84,14,15,6,26,224,1,426,384,383,427]
sGFNEKkxvXq6TafvW1urcw,33.384449000000004,-111.674189,2,[33.352666,-111.694774,33.416232,-111.653604],[7,18,247,49,276,17,99,11]
JpAoiszDErOaJ2qb-2YQKA,33.43475,-112.00644,42,[33.43475,-112.00644,33.43475,-112.00644],[28,170]
WgNTIUhSIC482tB8SXtvCA,33.4112586,-111.90017915,10,[33.321864,-112.0741143,33.5006532,-111.726244],[7,24,108,119,11,27,63]
FpCmGLWHe5Y-kDS7ZYaF5w,33.462591,-111.8945497,9,[33.4157359,-112.0403946,33.5094461,-111.7487048],[48,11,63,27,98,7,292,36,142,224,43]
f5RoIaZdVCj1mgubOR-WTg,33.377523,-111.788968,1,[33.377523,-111.788968,33.377523,-111.788968],[26,11]
dqXrfceufjtje1I7mzyJ-A,33.50298885,-111.98647755,28,[33.3338729,-112.0824683,33.6721048,-111.8904868],[109,38,39,126,97,11,63,33,48,40,352,265,210,57,145,206]
RFxGMdmY1QusSsLPCVY6Vg,33.506148499999995,-111.96373,198,[33.390792,-112.029562,33.621505,-111.897898],[119,11,7,292,99,246,139,24,17,423,161,28,65,29,26]
3f7pjoTY1ojkbmJq5D7qvA,33.4537186,-112.0702713,4,[33.4492414,-112.072854,33.4581958,-112.0676886],[38,48,39,11,6,145,186,57,40]
O_EswPq9esodgPjh-fUdBw,33.444582249999996,-111.95497495000001,6,[33.3197625,-112.1204191,33.569402,-111.7895308],[38,145,57,88,39,298,11,126,97,185]
rTMsw1YYYQhzrXX9ovtLJw,33.53170315,-112.0307905,85,[33.407724,-112.1708949,33.6556823,-111.8906861],[212,43,11,109,38,39,40,158,28,177,140,48,26,33,117,54,55,122,256,97,333,99,7,108,205,6,156]
0OlBRrpqsF-yuty-UODoHQ,33.4922985,-111.9245517,27,[33.4922985,-111.9245517,33.4922985,-111.9245517],[210,11]
IaDpxTn0uHCiZgeN1eatLA,33.4602475,-111.9969881,25,[33.4596905,-112.0462108,33.4608045,-111.9477654],[57,470,145,39,7,98,8,10,11]
P0IYeNlH0PegjlFGu0lNYg,33.45168,-111.916537,1,[33.45168,-111.916537,33.45168,-111.916537],[26,11]
KCuXFajr8xmCHSU3di033A,33.53165735,-112.0259026,13,[33.5100523,-112.0554926,33.5532624,-111.9963126],[43,11,206]
s5RFs4OKcBMwqrBi9bpXSw,33.6389712,-112.1668434,1,[33.6389712,-112.1668434,33.6389712,-112.1668434],[113,6,116]
WhLEj4nXKeX3UBkj35WJwA,33.534453799999994,-112.02565835,16,[33.3906697,-112.1336153,33.6782379,-111.9177014],[99,11,26,38,39,128,185,126,140,40,48,62,17,32,203,43,84,336]
27ieBXHQocroAXIBHDGKNA,33.41157905,-111.94279365,13,[33.305759,-112.0824683,33.5173991,-111.803119],[126,97,11,99,63,48,119,149,212,33,38,26,39]
nF7YBcpgTjNDtzSF1YrC7g,33.45916715,-112.36614735,6,[33.449806,-112.3924499,33.4685283,-112.3398448],[98,7,10,11,142,8]
-BxKy9CzNpByGOCTLkekHQ,33.6151575,-111.9264331,1,[33.6151575,-111.9264331,33.6151575,-111.9264331],[57,48,62,17,69,11]
e92tCM4zaZHeT-HXIp-itA,33.4778329,-111.986396,24,[33.4778329,-111.986396,33.4778329,-111.986396],[33,11]
EfwZvobUxjDNhdiEoAl3wQ,33.49881835,-112.02849345000001,2,[33.4874299,-112.0297828,33.5102068,-112.0272041],[182,24,11,39,38,40,206]
yDsc12EGhMyk4xXL6DDytw,33.4782723,-112.0779569,8,[33.4587437,-112.0837798,33.4978009,-112.072134],[7,108,175,129,121,79]
af5FWCN9M7Fvxy433o-P9A,33.442928249999994,-112.00540075,47,[33.3852846,-112.0741143,33.5005719,-111.9366872],[26,11,33,46,6,157,103,7,108]
-JLiC5WLQIu2usjYTNmS2w,33.442375,-112.03822,200,[33.43475,-112.07,33.45,-112.00644],[26,11,28,170]
fzxebpHbrCfednlT-R4a_Q,33.6693312,-112.2029352,1,[33.6693312,-112.2029352,33.6693312,-112.2029352],[26,11]
pDGCgU4ei0RGkId44oGguA,33.554825,-111.899636,2,[33.554825,-111.899636,33.554825,-111.899636],[119,201,11]
0gluDDIU3wmIYQrgJarTmw,33.413324,-111.873436,1,[33.413324,-111.873436,33.413324,-111.873436],[43,11]
VSXzkivCslRyp2S6bXZQrg,33.4218047,-111.9533039,7,[33.4218047,-111.9533039,33.4218047,-111.9533039],[33,119,99,11]
GnRBfNVmXyuMXAlfSWUriA,33.5062078,-112.0739142,2,[33.5062078,-112.0739142,33.5062078,-112.0739142],[7,108]
ca7b5CbixASz_1e1uxZ3AA,33.324369,-111.755956,2,[33.324369,-111.755956,33.324369,-111.755956],[234,363,1]
KfG0MSObJNU9vlV9hLVy2g,33.4470995,-112.0757434,18,[33.4354553,-112.0775732,33.4587437,-112.0739136],[309,285,11,7,108]
p82w-cc9HIGwjI3ljWwZgw,33.24463,-111.63408,6,[33.24463,-111.63408,33.24463,-111.63408],[212,41,11]
8GercFIWOWCAHoLrEruIlQ,33.6252063328701,-111.941177845001,1,[33.6252063328701,-111.941177845001,33.6252063328701,-111.941177845001],[27,48,24,11]
slJrbI92rtg04ybQmOiEcQ,33.51692105,-112.01572815,200,[33.3941184,-112.1223355,33.6397237,-111.9091208],[26,11,99,212,361,218,41]
Z38k5LG0DAxuE_yM6YUuQQ,33.4745473,-112.01494755,5,[33.4548476,-112.1001451,33.494247,-111.92975],[109,38,48,39,11,63,27,24,119,251,43]
55jhGhaLoUJI9EJByQoNaw,33.2264505,-111.66815235,15,[33.030992,-111.9506847,33.421909,-111.38562],[244,11,7,162,177]
0WGhBuP4Fi805zqc7I9hCA,33.68532035,-112.06422764999999,4,[33.5384434,-112.1830859,33.8321973,-111.9453694],[311,11,26]
-WDIKh0cXhKCiUPJ9Tudjg,33.64324355,-111.9075715,5,[33.6339781,-111.932952,33.652509,-111.882191],[54,55,122,49,80,82,59]
T6GOExPqV83ywd4a9cqMeA,33.5100523,-111.9963126,3,[33.5100523,-111.9963126,33.5100523,-111.9963126],[206,11]
tfgvVASpYye2Mnzk-qtfIA,33.511552944079,-112.071084161415,3,[33.5094087,-112.07341192283,33.513697188158,-112.0687564],[88,7,38,47,39,48,11]
qxCjt2r-CElC5QIzAuaUwA,33.646283,-111.908385,22,[33.646283,-111.908385,33.646283,-111.908385],[28,17,29]
o6UBnPe5kvBzfjxV5RCExA,33.4587437,-112.0775732,1,[33.4587437,-112.0775732,33.4587437,-112.0775732],[7,108]
xILPzgi5uffw-wsqpdHjbw,33.4535069,-112.0722782,6,[33.4535069,-112.0722782,33.4535069,-112.0722782],[43,11]
B6bkUynS0ia5WKsqZ2EOtQ,33.490397719285696,-111.99577171212749,4,[33.474605,-112.065107,33.5061904385714,-111.926436424255],[48,11,219,218,41,182,172,43]
efFZzBoAwEL4I4zvq49Vaw,33.5599538,-112.0653058,1,[33.5599538,-112.0653058,33.5599538,-112.0653058],[26,11]
h-qMXH5qae0KUJBrU-PmFg,33.5675238,-112.1371245,1,[33.5675238,-112.1371245,33.5675238,-112.1371245],[39,212,293,239,11]
LycBOkA2piDMQTdpkY5YoQ,33.3940444671265,-111.8564320247375,22,[33.3809264,-111.973214149475,33.407162534253,-111.7396499],[229,11,33,30,8,13,6,7,110,117,28,17,29,119,99,44,153,108,265,120]
c67Z0fdZHN5efJ5KHIHKzw,33.4065733395384,-111.908111572266,2,[33.4065733395384,-111.908111572266,33.4065733395384,-111.908111572266],[63,48,140,11]
bCg53cmGHnNaJL_uObkGbw,33.445370600000004,-111.9316111,11,[33.4251549,-111.93526,33.4655863,-111.9279622],[38,7,47,88,39,48,11,24,27]
WIGcC8tj583Wa_ccp5dX3A,33.53682055,-112.0266587,8,[33.4471783,-112.0744503,33.6264628,-111.9788671],[43,11,7,36,99,71,72,57,145,38,39,48,140,192,63,54,55,122]
-C_WmWe4ZlqScasDkkPmyw,33.363016,-111.841114,4,[33.363016,-111.841114,33.363016,-111.841114],[7,9]
q0IW1-twB0WY8UDtvt_zFQ,33.4194512,-111.915926,2,[33.4194512,-111.915926,33.4194512,-111.915926],[38,7,47,88,39,48,11]
QcKEeYgwB5W8aL5MJN-Drg,33.3488957,-111.9766015,12,[33.3488957,-111.9766015,33.3488957,-111.9766015],[168,126,97,11]
tbGhbpQXd9EiHcGDc6k7BQ,33.431188649999996,-111.8715357,4,[33.4151843,-111.911599,33.447193,-111.8314724],[49,146,28,481,190,17,152]
kbFQgrOAdzeYTPZOeVO99A,33.56555204030175,-111.999645223805,4,[33.513697188158,-112.07341192283,33.6174068924455,-111.92587852478],[48,11,38,39,40,128]
qN8P7KwQHyWGStVjfJYPBw,33.304775,-111.947948,200,[33.304775,-111.947948,33.304775,-111.947948],[33,11]
Vd1lCsB9-O18Nj8HOZyfCw,33.654517,-112.18729,1,[33.654517,-112.18729,33.654517,-112.18729],[26,11]
8VbK8pAotgfI0bnGfqPykg,33.5337123956404,-112.0709643371885,3,[33.4948091,-112.118439674377,33.5726156912808,-112.023489],[38,39,40,57,146,91,51,49,312]
t-oCTx27POLVLcJYKq03zQ,33.449858,-112.071886,6,[33.449858,-112.071886,33.449858,-112.071886],[28,17,18,29]
xLv1yWsquf6WkSDDSOvZKw,33.321216500000006,-111.8414205,7,[33.306491,-111.892216,33.335942,-111.790625],[99,265,168,11,7,142,64,65]
YEyx8t2Okqy8JDWHcF8C9Q,33.54524445,-111.82997305,19,[33.4822292,-111.9403254,33.6082597,-111.7196207],[71,72,208,6,35,119,99,11,88,38,48,39,49,4,5,367,65,133,210,7,57,18,109,209,17]
OUnLED5mLilndghT_zXEqw,33.530642,-112.185846,2,[33.530642,-112.185846,33.530642,-112.185846],[38,39]
Ov9oOxOibkjl4BYZoyvG6Q,33.45914085,-111.93999314999999,5,[33.4216347,-111.9536334,33.496647,-111.9263529],[7,108,313,27,11,79,121]
P06zD_IZY7EI97YZ7lFX0w,33.5302696775354,-111.926350593567,3,[33.5302696775354,-111.926350593567,33.5302696775354,-111.926350593567],[109,38,265,39,11]
Nza2x1X87hk4AEYIwsG7Ww,33.4230344,-111.9262026,1,[33.4230344,-111.9262026,33.4230344,-111.9262026],[99,11]
2tHomdjrNIabZ06Yczp_zw,33.581787,-111.923672,1,[33.581787,-111.923672,33.581787,-111.923672],[104,65]
bwN0CXRm7KuiBUbjwB3IHw,33.4913765,-111.94320455,29,[33.304138,-112.0272041,33.678615,-111.859205],[28,11,17,29,63,168,265,99,218,41,323,6,155,54,156,43,126,97,48,251,224,212,322,57,39,145,26,177,140,55,122]
mecKX_usq0XwtpLEHSGKAg,33.2125748081159,-111.67526753516,2,[33.2125748081159,-111.67526753516,33.2125748081159,-111.67526753516],[10,24,11]
OsxLUDXk8L0JEfQzvicjfg,33.4061243,-111.86149950000001,4,[33.3939166,-111.9357269,33.418332,-111.7872721],[119,11,117,26]
p-98CTogkHNHqfd04LDavQ,33.435146,-111.998367,143,[33.435146,-111.998367,33.435146,-111.998367],[119,38,99,39,11]
wC1CPV5bf--bDLtlhNSPLg,33.581780550000005,-112.07504800000001,176,[33.4483771,-112.2705607,33.715184,-111.8795353],[10,24,11,48,7,98,9,26,27,182,140,201,38,99,39,218,41,323,63,212,97,61,13,6,265,126,168,54,55,122,33,119,43,172,137,8,139,142,36,127,149,30,128,115,372,224,210,49,57,327,330,129,121,79,84,166,339,251,345,346,141,23,64,65,307,40,483,69,47,185,340,267,373,332,45,177,361,181,229,169,96,72,200,46,120,167,133]
YS8Oc7ZBjUr8_yuklLmcbA,33.34878655,-111.85863549999999,5,[33.2762581,-111.929773,33.421315,-111.787498],[26,11,273,39,224]
BDa9RGFZv9TV2lGAiuqjxQ,33.5003089,-111.9176155,1,[33.5003089,-111.9176155,33.5003089,-111.9176155],[7,8,247]
M9JugRNRz70gwVNX6WzrCQ,33.6526367,-112.2524564,1,[33.6526367,-112.2524564,33.6526367,-112.2524564],[65,133]
951ZkI3piLv_QUCqXtv85g,33.494205,-111.931447,1,[33.494205,-111.931447,33.494205,-111.931447],[48,11]
YurPP5__x4n8WRAZ3VsBIw,33.418418,-111.84057,2,[33.418418,-111.84057,33.418418,-111.84057],[38,26,39,11]
Aqp302PvkyVNBOe_L0krnQ,33.334666299999995,-111.940016,6,[33.3202484,-111.987816,33.3490842,-111.892216],[65,133,49,80,82,59,33,119,99,11,7,142]
PimB4yUetjP2ylJGMpK21g,33.578663664548,-112.0200467,46,[33.458692129096,-112.174034,33.6986352,-111.8660594],[98,7,108,49,80,59,142,63,27,11,26,82,57,306,123,65,168]
3eit3w0zDbb-z57c9P60vg,33.4425994,-111.9343059,103,[33.261657,-112.079081,33.6235418,-111.7895308],[27,11,177,140,26,48,265,57,145,38,39,40,126,224,119,210,7,313,139,24,218,62,17,99,108,182,212,293,63,128,8,185,49,341,192,10,168,47,88,33,206,43,309,285,259,260,109,97,307,6,65,112,151,204,300,127,123,18,251]
Gzh93lma7vWTK2WiENHd4w,33.5408903,-112.08691644999999,3,[33.4548476,-112.100731,33.626933,-112.0731019],[63,27,24,11,44,212,26]
yOaEPTiXxIE2Y3GtYHyyBA,33.67089285,-112.1916677,8,[33.6307755,-112.2690576,33.7110102,-112.1142778],[57,69,7,8,182,48,140,11,33,117,265,99]
qWLezzHxOXN-GQdInixZzw,33.4360415,-111.9956337,200,[33.4360415,-111.9956337,33.4360415,-111.9956337],[28,240,241]
bD6MnZIIc1IlcjFzkKvd4g,33.5195968,-111.9815553,82,[33.5092883,-112.0366736,33.5299053,-111.926437],[265,11,483,28,17,29]
AF3WdPrIZEVfbR-BOGEfxw,33.41432535,-111.93954350000001,12,[33.406846,-111.971545,33.4218047,-111.907542],[28,17,29,218,41,11,33,119,99]
otQccYbeW2y35AHjsX2k4A,33.4566960573784,-112.072327136993,11,[33.4566960573784,-112.072327136993,33.4566960573784,-112.072327136993],[119,11]
47hHeyJsPQjgC4YFjrPUwQ,33.303233,-111.842532,2,[33.303233,-111.842532,33.303233,-111.842532],[7,33,48,47,11]
A9PlVYW_PobkDF6ZskCpXQ,33.45101055,-112.0746941,10,[33.4471735,-112.0800705,33.4548476,-112.0693177],[48,11,26,127,43,63,27,24]
N7_mE1cI1GmL8s5Gd3dq7g,33.603975950000006,-111.9729445,2,[33.5811009,-112.021829,33.626851,-111.92406],[84,389,378,32,433,274,6,13]
k4MFlFwLEvDaMqwP2mrqKA,33.532918,-111.96937464999999,4,[33.4483771,-112.0740373,33.6174589,-111.864712],[403,79,106,54,226,27,11,63]
Djt2-R2FfhsGM9CWxKgjPg,33.483281,-111.926895,1,[33.483281,-111.926895,33.483281,-111.926895],[63,27,11]
YvLaskqbzT19EEVjq36VSQ,33.4361718155327,-112.00614292243651,151,[33.4340647310654,-112.0178286,33.4382789,-111.994457244873],[48,27,11,98,7]
nZ9XFVETN4hxdK4qPb-T3Q,33.6331685,-112.03979580000001,44,[33.534184,-112.246581,33.732153,-111.8330106],[13,6,65,331,118,161,30,35,76,7,108,17,62,36,46,28,29,8,116,113,202,72,3,335,284,32,314,247,45,137,139,204,208,129,78,278,79,15,191]
fT4msWDNNHsezEvXStLeRQ,33.2902073655016,-111.754624843597,1,[33.2902073655016,-111.754624843597,33.2902073655016,-111.754624843597],[7,139,8]
NQDdhVEhAvqirltBhNXeCQ,33.49710895,-112.0230556,28,[33.319219,-112.1868299,33.6749989,-111.8592813],[260,265,11,224,43,63,88,38,39,89,219,218,126,97,251,377,182,48,140,41]
-1wHRzKcr6c4t1Ani1Qt9g,33.4961,-111.929344,21,[33.4961,-111.929344,33.4961,-111.929344],[161,167,65]
R2iKkK8EzAEBMrruh-LsFA,33.352666,-111.653604,1,[33.352666,-111.653604,33.352666,-111.653604],[7,18,247,49,276,17]
49lK33nuV1dVj3l2Jto8Bg,33.47835545,-111.9716342,28,[33.335143,-112.0841901,33.6215679,-111.8590783],[12,114,13,6,63,27,11,26,61,331,14,15,163,250,60,70,7,139,225,108,118,39,99,246,119,24,17,423]
SfXcp7C6lzRgYBiNL6zX7w,33.660170050000005,-112.1982276,26,[33.6088949,-112.2731482,33.7114452,-112.123307],[224,11,26,182,48,140,7,247,43,218,307,212,142,292,27]
A0r6dCcT1UZJcEkdYs4H_Q,33.62687765,-112.0930494,29,[33.421558,-112.340311,33.8321973,-111.8457878],[27,11,168,26,63,251,43,7,108,24,6,250,57,145,205,39,48,38,101,33,117,99,14,15,19,20,23,212,49,52]
ilPveGTgb_lhJgO_OkH0Ig,33.3930673,-111.91026205,7,[33.3786776,-111.979265,33.407457,-111.8412591],[177,11,71,72,297]
Q39QyQ_YKkbyiFQFRimDOg,33.3657547,-111.8868732095,163,[33.30617,-111.981214,33.4253394,-111.792532419],[119,11,265,30,13,6,45,26,24,465,57,39,145,77,35,76,7,137,8,139,32,95,222,99,48,296]
x6M3TOaTRl50t4SrYxOATA,33.342419500000005,-111.91926749999999,5,[33.336677,-111.9819,33.348162,-111.856635],[26,11,63,27]
_xt9upq-UIMNFFFbklranw,33.4670316046901,-111.9296482215425,39,[33.3068367093802,-112.1156244,33.6272265,-111.743672043085],[224,11,7,47,48,119,8,33,38,39,109,63,26,128,142,292,296,57,69,99,210,373,97,185,36,108,212,361,98,137,139]
t2F0Dq0RGif2IlWwk-I28w,33.6194903,-111.8964356,1,[33.6194903,-111.8964356,33.6194903,-111.8964356],[13,6,272,4,5,49,160]
UbNaRi-4GDKSKfQGXH1Nvw,33.678615,-111.9746066,2,[33.678615,-111.9746066,33.678615,-111.9746066],[373,48,24,11]
RzHNDCGLrGtlB_gRWiOXEQ,33.3770537,-111.8779084,2,[33.3770537,-111.8779084,33.3770537,-111.8779084],[6,110]
5ICTAq9VC_EYvNXIt-nnBA,33.500440042472,-111.985412061055,40,[33.444801984944,-112.07211772211,33.5560781,-111.8987064],[39,38,26,127,11,99,128,185]
A-NqsBF27E5x-Q8ryUCUwA,33.3059969,-111.88516,1,[33.3059969,-111.88516,33.3059969,-111.88516],[26,11]
rW2vATgjQ3HEgtB3DaAIhQ,32.9484261,-112.7117802,35,[32.9484261,-112.7117802,32.9484261,-112.7117802],[63,27,11]
iQbk1wH9tP-y9n_oS_ezGg,33.5393536,-112.00067995,11,[33.4657642,-112.0731019,33.612943,-111.928258],[79,121,7,98,108,11,63,292,232,64,65,133,129]
1V5iHy5GokQdxGM_24e-CQ,33.683479,-111.966112,127,[33.683479,-111.966112,33.683479,-111.966112],[161,28,29,17,65]
K_LDpp5F6Swdx_enGA9Q2Q,33.406846,-111.907542,2,[33.406846,-111.907542,33.406846,-111.907542],[6,284,35]
kDJ9PRlYugp5RIa9ontPZg,33.47293795,-112.0266019,90,[33.3054275,-112.2641158,33.6404484,-111.789088],[57,327,119,11,228,224,168,99,43,126,27,101,88,38,39,40,69,24,48,26,6,145,186,212,49,80,82,59,298,56,270,12,114,13,115,352,109,182,172,63,140,52,7,98,10,9,142,33,68,366,247,250,8,192,104,204,65,128,333,161,28,17,29,152,92,15,108,137,139,445,66,4,5,367,14,340]
EKUTzT9CK02SFYmxT_DaCA,33.4277923,-111.9289,14,[33.3549553,-112.073306,33.5006293,-111.784494],[98,7,206,11,185,109,38,39,63,27,474,212,40,251,85,6]
Q6KsBO0T1DcYMwXP_AgZmQ,33.488527,-112.1001451,23,[33.488527,-112.1001451,33.488527,-112.1001451],[251,43,11]
vuhfGYfkxQBueaCly6rn0Q,33.4528292,-112.0685027,3,[33.4528292,-112.0685027,33.4528292,-112.0685027],[117,214,11]
5lB5YlqRryKgp1dqTHj9jA,33.4982768,-112.05645290000001,19,[33.4576266,-112.065431,33.538927,-112.0474748],[126,97,11,168,26,7,98,108,172,182,63,27,24]
aadAcCdHdtFu_gwBrJkN2A,33.3056067,-111.9787576,4,[33.3056067,-111.9787576,33.3056067,-111.9787576],[63,27,11]
MdRIGmHLiJ_HmIIC9t7eow,33.52895115,-111.89665565,17,[33.5019817,-111.9276185,33.5559206,-111.8656928],[382,11,104,195,65,99,48]
L33wTO2rPoaYLl60WDgUow,33.5100097,-112.0152845,6,[33.5100097,-112.0152845,33.5100097,-112.0152845],[48,11]
q-fFsMij_f4Pz_XAf4IzTw,33.281017,-111.706137,3,[33.281017,-111.706137,33.281017,-111.706137],[32,90]
gEoWGJotLXK5Xht90mfUFg,33.5386441,-112.0986063,1,[33.5386441,-112.0986063,33.5386441,-112.0986063],[26,11]
AEkUJGjfclWg2JXw9UpuEw,33.5297548,-111.96968905,200,[33.43475,-112.00644,33.6247596,-111.9329381],[28,17,29,170]
8U7_9ccG10nULjZZANxjCA,32.950042,-112.70274,27,[32.950042,-112.70274,32.950042,-112.70274],[28,17,29]
g-d3aSrTf0yuWhaSD8AJug,33.507169,-112.07894915,26,[33.497437,-112.083886,33.516901,-112.0740123],[7,108,109,38,11,39,63,84,147]
WM6Fq5MUeeB0IM11ZEWI9Q,33.4804921,-112.0221966,2,[33.4804921,-112.0221966,33.4804921,-112.0221966],[11,63]
MaQitBPwdgbh2DVFMcnLKg,33.305759,-111.993252,2,[33.305759,-111.993252,33.305759,-111.993252],[99,11]
OlKtvqN_1y62p6mkYCPSlg,33.436293,-112.011827,20,[33.436293,-112.011827,33.436293,-112.011827],[38,128,39]
IwV_vmu_LDVndV-l8jyqxw,33.3919992,-111.8577518,1,[33.3919992,-111.8577518,33.3919992,-111.8577518],[119,99,11]
9orieVsntdlQZe1yor0I5A,33.5193784,-112.0031446,7,[33.4549678,-112.0791022,33.583789,-111.927187],[32,314,161,65,133,33,119,99,11,352,48]
kl4OrBh9LA9-kGAgUWKiBg,33.472019599999996,-111.9244804,8,[33.439261,-111.926521,33.5047782,-111.9224398],[98,7,99,11,161,65]
Tmdp9goVSoHXWSELkfQpFA,33.5012351,-111.92662555,109,[33.4990986,-111.9276185,33.5033716,-111.9256326],[38,265,39,11,48,7,142]
VH1WbmbrUvgvSWQr68QA6g,33.545013094827,-112.130728969555,39,[33.422187189654,-112.395467777214,33.667839,-111.865990161896],[98,7,26,11,10,24,63,44,48,120,32,203,90,99,126,97,30,8,13,6,110,162,108,292,185,27]
I8x-1p661zOvgkXFSPOLIQ,33.51351135,-111.989559,7,[33.4295988,-112.0999,33.5974239,-111.879218],[7,142,251,11,247,49,304,305]
Qn8PxVBzFOm9FC9mdbGgbw,33.52190515,-112.0809649,11,[33.455863,-112.124921,33.5879473,-112.0370088],[88,298,39,38,11,32,95,222,99,128,202,72,168,169]
55ecDCpJIXzTWjEzMQ11Vg,33.46553205,-112.027529286326,26,[33.319374,-112.165567972652,33.6116901,-111.8894906],[177,140,11,119,43,64,65,251,24,7,162,108,98,194,168,15,6,365,41,33,117,10,149,212,63,97]
RZRnKchHvuJRyJKls4OAUg,33.5095354,-112.0275918,4,[33.5095354,-112.0275918,33.5095354,-112.0275918],[33,11]
1YfyLNrvBJDjhlUZDpBLMA,33.6040637,-112.0541854,4,[33.4951366,-112.1130158,33.7129908,-111.995355],[119,99,11,7,108,48]
Kfoq607M16S4pKVbPh8Pmg,33.7100723,-112.13637655,31,[33.5879473,-112.355266,33.8321973,-111.9174871],[57,69,126,11,119,120,7,142,108,168,169,99,26,177,140,38,33,39,128,150,17,43]
gOsglhrZIlF28705aQq3aA,33.449233,-112.065458,16,[33.449233,-112.065458,33.449233,-112.065458],[27,11]
E_88QJPI415THY6buMbEoA,33.2969845,-111.8419208,2,[33.2969845,-111.8419208,33.2969845,-111.8419208],[71,72,96,184]
tIDhqxBcwWLyMnbN49LzWQ,33.463182,-111.94010800000001,2,[33.449186,-111.954417,33.477178,-111.925799],[119,48,24,11,57,327]
dXaPbAbuPskkSVRSTOVu2A,33.3214689033323,-111.87344274362201,3,[33.306359,-111.887397,33.3365788066646,-111.859488487244],[41,11,97]
iu7CtAZcwavVl3UkX2r1Hg,33.640076,-112.004291,1,[33.640076,-112.004291,33.640076,-112.004291],[26,11]
We5-1ccu54PAvZwh3Uj4Gg,33.5021956,-111.96155985,64,[33.5019817,-111.9955012,33.5024095,-111.9276185],[7,8,119,11,38,48,39]
yCZWhNAVXeZHv_g08P4x_Q,33.285466150000005,-111.86897300000001,4,[33.2644333,-111.877846,33.306499,-111.8601],[224,11]
zUg0W9zOh6gJqLkpSa9Drw,33.5381018,-111.9085143,68,[33.5381018,-111.9085143,33.5381018,-111.9085143],[126,97,11]
IujnsdeQzIxJryoYfOFx_A,33.59802365,-111.92252305,46,[33.4969773,-111.9275971,33.69907,-111.917449],[101,38,26,39,11]
VnSKbTPCwTXy3D21uho2nQ,33.4214221,-112.01442,55,[33.2614572,-112.1525613,33.581387,-111.8762787],[26,11,38,7,47,39,48,128,265,99,88,40,89,28,17,29,57,145,101,46,6,45,185,298]
7I2-EEWBEZTxGeOyY7PrSQ,33.597833,-111.9784028,1,[33.597833,-111.9784028,33.597833,-111.9784028],[38,99,128,39,296,11]
SUpQKzhxpNxIeU2c9uTOXA,33.4930514,-111.9339561,5,[33.4930514,-111.9339561,33.4930514,-111.9339561],[28,17,29]
dDPZdy7RMCGQmHdm80YBiQ,33.63850136565195,-112.360838637317,5,[33.6382038313039,-112.363443374634,33.6387989,-112.3582339],[7,142,251,212,11]
DFhT3ZOTw_GB4vXU57nTlg,33.439648,-112.026154,23,[33.439648,-112.026154,33.439648,-112.026154],[7,108]
m9_1jCgU7mvSkL6oLPJT5Q,33.3627421,-111.817300577427,149,[33.31081,-111.913402,33.4146742,-111.721199154854],[119,201,11,251,33,7,24,108]
2fSkR5EjUk2CgwI4e2oWjQ,33.3634806,-111.8243284,7,[33.3488956,-111.859126,33.3780656,-111.7895308],[180,20,23,185,11,65,133]
KnWrfK0Swa17XxmlNHRB-A,33.37071505,-111.92757895,9,[33.3201271,-111.977873,33.421303,-111.8772849],[10,44,24,11,126,97,26,373]
UV6WkH0W-OC_OVEeN9GD3g,33.58110885,-112.08186595000001,52,[33.449233,-112.273257,33.7129847,-111.8904749],[7,8,27,307,11,109,38,48,39,33,142,177,140,361,185,119,104,161,195,65,99,128,54,324,26,212,72]
7-KGj9HJpiG1xBQ7fxwODw,33.42140195,-111.93448760000001,8,[33.304861,-111.979961,33.5379429,-111.8890142],[7,9,10,11,6,35,264,8,138,218,139,57,69,292,182,48,140,192]
2lmLnXGJ-9iop1eLctKsTg,33.443695500000004,-111.98614656849651,43,[33.4218047,-112.072327136993,33.4655863,-111.899966],[7,24,47,27,11,63,33,119,99]
wbucZgoh85IZl2WdWRiwiw,33.501656249999996,-111.92477505,15,[33.5013308,-111.9276185,33.5019817,-111.9219316],[38,48,39,11,128]
Z-1BdQOqTpkbrhyudwX1jQ,33.47875435,-112.02457100000001,22,[33.4482331,-112.115576,33.5092756,-111.933566],[49,80,59,109,38,48,39,11,7,36,8,15,6,191,289,35,26,99,40,12,13,22,449,97]
UQeI7rCDfDmXJpRnZ-sljg,33.6402149,-112.0645843,2,[33.6402149,-112.0645843,33.6402149,-112.0645843],[149,97,11]
i5UBvz_VPvAEFRMYjtqGSA,33.549068500000004,-112.01346185,10,[33.414851,-112.101067,33.683286,-111.9258567],[265,11,27,44,7,292,33]
F011HLNzETJdLKsfOkWkuQ,33.378152799999995,-111.79264325,26,[33.3045866,-111.9006511,33.451719,-111.6846354],[11,63,7,8,27,99,26,57,69,142,43,44]
LK6tFwz7dk7Nl0bJdoW8Dw,33.600399322612105,-111.943232633354,11,[33.5229446452242,-111.978579,33.677854,-111.907886266708],[7,36,8,49,50,52,365]
pSPEc4o21c5Aoy3htlHSWw,33.53940195,-112.0347355,8,[33.4235479,-112.132618,33.655256,-111.936853],[88,38,39,10,119,11,26,40,177,192]
hjPDVLfQsghAHJv6jogDDA,33.6389749,-112.118301,91,[33.4155338,-112.613772,33.862416,-111.62283],[109,38,48,39,11,128,24,63,210,71,72,287,206,99,265,44,49,304,387,212,120,88,298,7,108,43,8,27,168,447,33,311,6,45,142,57,209,292,185,126,97,64,65,101,177,140,40]
bncYCVjPfL7w1hIafXZwNg,33.60115365461535,-111.8733732,197,[33.4326053092307,-111.9778024,33.769702,-111.768944],[49,276,126,97,11,7,137,8,139,292,108,24]
Mkty25J0B1vkWOQocJo2pQ,33.44569261340865,-111.9781022155005,4,[33.3999435,-112.0297841,33.4914417268173,-111.926420331001],[185,11]
HR_Lxh2ycv0t745Ohiziew,33.3741609,-111.8898287,125,[33.0314508,-112.3923143,33.716871,-111.3873431],[265,11,483,7,142,27,63,99,57,186,6,4,13,115,56,352,48,39,145,38,91,128,403,121,79,189,10,24,71,72,96,333,126,97,119,47,30,85,49,212,26,182,140,40,322,109,440,108,201,138,8,139,88,298,98,12,114,69,168,41]
oUWXcTBkSuYX-xD_tj5n7A,33.437291,-112.381811,2,[33.437291,-112.381811,33.437291,-112.381811],[106,54,280,315]
yaSum52zpFnOXrudvqx2-g,33.422728,-111.951494,12,[33.422728,-111.951494,33.422728,-111.951494],[88,38,39,89,11]
kMiQnYFmAYbjHyyIPGSwoA,33.49005555,-111.85205049999999,85,[33.3051122,-112.26167,33.6749989,-111.442431],[7,108,119,11,63,27,26,251,192,57,39,145,142,248,249,6,15,322,48,126,97,172,12,114,13,163,38,40,214,88,89,47,99,36,69,8,138,139,323,182,140,210,327,161,65,133,109,212,187,10,28,442,241,244,284,35,24,177,285,260,224,56,309,41,101,218,186,185]
HnA7YdI1UcRm8UrqdDFrbg,33.384163,-111.803119,1,[33.384163,-111.803119,33.384163,-111.803119],[229,11]
Cx9Xe5JfMUEWdNVcAAjrvA,33.58348,-111.883526,25,[33.58348,-111.883526,33.58348,-111.883526],[84,419]
H4HyYjNt9Vcu-a4ZMugdeA,33.278703750000005,-111.87838335000001,11,[33.2491155,-111.898601,33.308292,-111.8581657],[43,11,99,104,161,105,65,185,7,137,8,139,24,49,80,59]
mzLOxegMl2yLUkblIaO-1g,33.4594596,-112.06263630000001,5,[33.448717,-112.0653186,33.4702022,-112.059954],[182,172,11,26]
Q0I8AjLNnqwqiek6wqeCfQ,33.448685,-112.012634,2,[33.448685,-112.012634,33.448685,-112.012634],[168,144,11]
EKXYxm3gzsTMzOBbxw8rNg,33.631662,-112.013035,1,[33.631662,-112.013035,33.631662,-112.013035],[337,32]
bgDqBVENTrioOpQOozOYLg,33.5019817,-111.9276185,2,[33.5019817,-111.9276185,33.5019817,-111.9276185],[99,48,11]
BHzAqcFETkV9eQv5ApszAA,33.6245623,-112.2365569,5,[33.6112229,-112.2400641,33.6379017,-112.2330497],[33,44,11,126,97]
fbAOpPBTMvZf7baVmg_OVw,33.5385627746582,-111.882514953613,2,[33.5385627746582,-111.882514953613,33.5385627746582,-111.882514953613],[6,35,76]
3CKkDPMS9Uft43gB8_iBIw,33.58501231686685,-111.9666024,11,[33.4941704,-112.0272041,33.6758542337337,-111.9060007],[26,127,11,265,126,97,7,142,48,251,27,24,108]
epD0uEmWTpOXtkVB24P8fw,33.7112906335341,-112.111108853248,6,[33.7112906335341,-112.111108853248,33.7112906335341,-112.111108853248],[229,185,11]
u8ZZKGsDnWGrzRSLofWTxA,33.348162,-111.9819,1,[33.348162,-111.9819,33.348162,-111.9819],[26,11]
AggiSuuFoQ-4llZQxxYxPg,33.7650354904243,-111.935703456402,13,[33.6456173332673,-111.954288482666,33.8844536475813,-111.917118430138],[161,195,65,49,276]
kzL2COV2uZeghim_gkeE8g,33.402305600000005,-111.9993159,5,[33.3051122,-112.0712298,33.499499,-111.927402],[57,69,38,40,39,7,108,119,172,11,48]
SVlyvrwhJoDcHeHM2EWJ8Q,33.422728,-111.951494,56,[33.422728,-111.951494,33.422728,-111.951494],[88,38,39,89,11]
pl_V5Ly1xUz2pNQylhoOIA,33.4787943,-112.0478085,1,[33.4787943,-112.0478085,33.4787943,-112.0478085],[26,11]
8UpH5wkOlt1krMtZvxpK-g,33.5094293,-112.029503,17,[33.5094293,-112.029503,33.5094293,-112.029503],[84,345,6,346]
gL5UmjTAS7AUMA5Z5AtDPA,33.585080500000004,-111.94901680000001,23,[33.491546,-111.9746066,33.678615,-111.923427],[26,11]
Y0u9VblTwls46wX-w-dJrQ,33.46301185,-112.00493134999999,8,[33.4243648,-112.0724302,33.5016589,-111.9374325],[38,181,39,40,11,57,56,224,119,120,430]
2J8BlhGmctdjxsP4mp6E5w,33.43475,-112.00644,133,[33.43475,-112.00644,33.43475,-112.00644],[28,170]
-tP11OHD4YWuteQQI13x1Q,33.652673,-111.890559,3,[33.652673,-111.890559,33.652673,-111.890559],[84,419]
KduoViYfSyiIg3bG_-wbgA,33.4149725,-111.8941101,1,[33.4149725,-111.8941101,33.4149725,-111.8941101],[26,11]
iChi2kAiHDJtmzw4va-rbA,33.3702541,-111.9741847,52,[33.3702541,-111.9741847,33.3702541,-111.9741847],[265,11]
X_CHrTLNixy_5Pj-AvKhPw,33.331773,-111.978279,2,[33.331773,-111.978279,33.331773,-111.978279],[126,11]
9dMLYid-27d4TI_AkHanMA,33.421385,-111.893092,1,[33.421385,-111.893092,33.421385,-111.893092],[25,6]
ZxU3PjaGOdNfIEZ8aDjtRQ,33.5466657,-112.033297,2,[33.4549264,-112.086757,33.638405,-111.979837],[13,6,115,22,248,12,177,140,11]
SmsSJciSTvsBSml3pKDB_g,33.46574355,-112.06725385,200,[33.4588282,-112.0734644,33.4726589,-112.0610433],[120,11,322,57]
MzVRsfBNyrhSvgjnsm5VCA,33.392040449999996,-112.04209184999999,2,[33.3022462,-112.1862167,33.4818347,-111.897967],[168,11,48,126]
4slfk7uBSmD7iJRYE5Dpkw,33.4655483,-112.0410568,32,[33.4655483,-112.0410568,33.4655483,-112.0410568],[168,11]
Aiywi3Up01jRi5tX9HV-sg,33.43475,-112.00644,54,[33.43475,-112.00644,33.43475,-112.00644],[28,170]
Ja8SAyDdf1aY-E7vVixJiw,33.58275460625795,-111.9032625,22,[33.5382049,-111.927307,33.6273043125159,-111.879218],[7,162,99,11,15,6,191,194,24,33,108,57,69,48,365,41,212,43,313,28,17,29,26,142,137,139,177,140]
ckD7r8WYMBUXYobLvhqcBw,33.6717895,-111.9060007,27,[33.6717895,-111.9060007,33.6717895,-111.9060007],[169,11]
FXs0UttdgKvyQYDDhVG1ZA,33.497437,-112.083886,1,[33.497437,-112.083886,33.497437,-112.083886],[7,108]
-BIA3SfGExj9ncF1m-MvRg,33.639971,-112.029015,1,[33.639971,-112.029015,33.639971,-112.029015],[44,11]
zpVkBsBZGRZGl-gGj_uCSQ,33.65621095,-112.00827595000001,22,[33.4787939,-112.25351,33.833628,-111.7630419],[126,97,11,7,108,43,109,38,48,39,26,9,119,309,285]
ebvTXWHg2x0B9DEvKFBsLg,33.460134,-112.0777852,3,[33.460134,-112.0777852,33.460134,-112.0777852],[49,52]
rIkxXjBKAeKKSYfLMgocLA,33.565782,-112.233632,12,[33.492053,-112.332821,33.639511,-112.134443],[6,118,33,117,24,11,224,338,382,206]
gb6zSqA3OfETc1bgazDLwg,33.5024095,-111.9955012,3,[33.5024095,-111.9955012,33.5024095,-111.9955012],[7,8,119,11]
13g5LJ6s_Md9FEvhiuTaqQ,33.149901,-112.01339992481999,24,[32.97846,-112.04424584964,33.321342,-111.982554],[6,45,7,8,123,65,72,154]
g2Wx2pkNhyUKKM8dKIEfsg,33.4423345,-112.0736563,2,[33.4423345,-112.0736563,33.4423345,-112.0736563],[38,39,40,11]
mvP5gK8rmugI0a65YmGwGQ,33.4593423,-112.3404129,200,[33.4593423,-112.3404129,33.4593423,-112.3404129],[33,44,11]
zosu0NQxEeVOUgo25afoug,33.385254700000004,-111.89285054999999,14,[33.333612,-111.951184,33.4368974,-111.8345171],[7,108,43,11,49,193,59,97,98,24,33,44]
gfo6kC21zlw5ByJc4rCpSw,33.3792532,-111.9285013,14,[33.3792532,-111.9285013,33.3792532,-111.9285013],[126,11]
Dt3sS75q3PczAGx_bCW7qA,33.513668294079,-112.07345021141501,2,[33.5136394,-112.0734885,33.513697188158,-112.07341192283],[48,11,7,142,108,292]
WS6HFYOlMZTK25EkZel4xQ,33.4787943,-112.0478085,18,[33.4787943,-112.0478085,33.4787943,-112.0478085],[26,11]
FCMejZ69_j6xue7Ye3M_IA,33.4586664,-112.0909725,13,[33.4586664,-112.0909725,33.4586664,-112.0909725],[7,292,98,139]
Fyc_FceEM4Bce1wx-x3RYA,33.56349605,-112.01740875,23,[33.4483771,-112.1371188,33.678615,-111.8976987],[210,11,7,108,201,119,177,140,334,181,63,24,232,48,33,307,221,38,39,40,27,139,225,182,218,117]
R57hCiBW-cVKvehy-gyIjA,33.59467,-111.6972267,11,[33.367309,-111.9177014,33.822031,-111.476752],[161,28,65,17,29,126,11,78,79]
liI8PxidwlvjybXKh91ygg,33.571905099999995,-111.99438345,7,[33.4969773,-112.0688289,33.6468329,-111.919938],[101,38,26,39,11,215,32,265,185]
BA1dwbJgzXFyed5MluqPFQ,33.393868,-111.789925,41,[33.393868,-111.789925,33.393868,-111.789925],[7,142,11,24,33]
mQYYtK3BSpA7EHED_YYA4Q,33.417845094079,-111.914459311415,3,[33.321993,-112.07341192283,33.513697188158,-111.7555067],[129,332,278,79,48,11]
hkTFtAbe_yYfwv_c339Eww,33.3354566,-111.876337,1,[33.3354566,-111.876337,33.3354566,-111.876337],[7,162,43,11]
r2x_cvgM5hNwXj8pbbDV6A,33.5511958134633,-112.0724108707885,37,[33.4237766269266,-112.236796,33.678615,-111.908025741577],[265,11,38,39,27,128,63,26,44,33,99,117]
0Wr1r1cma5uaH865CYyWdw,33.351089,-111.84303,2,[33.351089,-111.84303,33.351089,-111.84303],[149,126,11]
_WjZIZP9JnYgE_fBp8tIJg,33.3401488,-111.9669525,2,[33.3401488,-111.9669525,33.3401488,-111.9669525],[4,6]
ToAdJfUZUy5E39kH8SGjRA,33.3461213592755,-111.92151906068,14,[33.298212,-111.9680279,33.394030718551,-111.87501022136],[168,42,43,11,224,182,185,63,27]
T5RxmvWb_TXaTYD97NdJhQ,33.5825532,-111.9301931,1,[33.5825532,-111.9301931,33.5825532,-111.9301931],[38,212,41,39,11]
ttahUKmCKWm6FF_aLJus9Q,33.58085575,-112.1110419,26,[33.4487268,-112.257911,33.7129847,-111.9641728],[12,61,13,6,114,38,140,39,40,48,11,100,181,33,265,126,7,108,292,98,142,47,27,57,69]
uGmQ6ab4iVpWn5m61VFhkQ,33.508421850000005,-112.06517155,200,[33.449233,-112.1008401,33.5676107,-112.029503],[27,11,13,6,115,372,84,345,346,63,24,28,170,26,14,15,16]
zzJYSV5tgvgKuz7RxovBCw,33.8694178318251,-112.2802734375,4,[33.8694178318251,-112.2802734375,33.8694178318251,-112.2802734375],[49,304]
rOCAJLDDbtav_N-1IM9lQw,33.4931793,-111.9320931,42,[33.4931793,-111.9320931,33.4931793,-111.9320931],[39,26,127,11]
_irS9baysa8fxt63LkMQUw,33.4925020001075,-111.924118995667,2,[33.4925020001075,-111.924118995667,33.4925020001075,-111.924118995667],[119,99,11]
WBZIgIXpNaFgrPNZF1V-EQ,33.5222185,-111.9595033,1,[33.5222185,-111.9595033,33.5222185,-111.9595033],[28,17,29]
jw97MC4Iv4nWWb_BYe1qzw,33.511272,-111.988814,1,[33.511272,-111.988814,33.511272,-111.988814],[195,65]
LibQNc4rhPDPVWI3CHvvUg,33.48937325,-112.0557114,12,[33.4837225,-112.063756,33.495024,-112.0476668],[98,7,10,192,11,33]
wq6y3RaK0EAyknlsNzJI-w,33.4789849,-112.03038875,4,[33.449233,-112.065458,33.5087368,-111.9953195],[11,63,27]
LSGM71wdNkbaPXSALP14ZA,33.4080436,-111.9806615,21,[33.3046962,-112.069119,33.511391,-111.892204],[44,11,211,75,32,381,46,6,24,182,48,140,101,38,26,39,10,74,27,57,69,7,229,117,33,192]
dUrVJl5qi2CJWff7s8HJNw,33.5165573504615,-112.08877989999999,70,[33.3931628,-112.273257,33.639951900923,-111.9043028],[27,11,57,145,38,39,40,48,168,169,88,24,181,7,108,292,99,43,98,119,140,177,285,97,212,63,251,47,229,142,194,41,202,72,281,357,265,91,182,172,465,109,307,33,44,126,192,210,26]
Yzpq8Uw0n-2NSy2d_6ACgQ,33.494247,-111.92975,5,[33.494247,-111.92975,33.494247,-111.92975],[109,38,48,39,11]
2jeoZ_I55xu59s_bpvP8Pg,33.32623755,-111.9613424,84,[33.317422,-111.978112,33.3350531,-111.9445728],[27,11,127,57,69]
Ts2ipR4zCYClEQTAuJuIjw,33.5514432,-112.2705607,6,[33.5514432,-112.2705607,33.5514432,-112.2705607],[33,11]
WNICEXsRUDAkZ0wEW38IeQ,33.4951703,-111.9234034,200,[33.4951703,-111.9234034,33.4951703,-111.9234034],[28,17,29]
n8IuPDLXBrafIB9NcmxNjA,33.5062078,-112.0739142,1,[33.5062078,-112.0739142,33.5062078,-112.0739142],[168,181,229,11]
vUPDYpf-7N_Shy5EZrKv_g,33.5959315,-112.0131475,3,[33.5959315,-112.0131475,33.5959315,-112.0131475],[123,65]
upSFjfwYXZbXP3m4PcYedw,33.5377976,-112.2378285,1,[33.5377976,-112.2378285,33.5377976,-112.2378285],[38,296,39,293,128,11]
ZzcyL-8PT-PEmJ6Sym_Hpw,33.4462892,-112.0686882,2,[33.4462892,-112.0686882,33.4462892,-112.0686882],[38,128,39]
4OnussgeseojRRimclMnSA,33.581461225763846,-111.88260385000001,7,[33.5747610515277,-111.927321,33.5881614,-111.8378867],[38,11,99,128,39,43,109,63]
BDQjq30H2gFncFvaapvm6A,33.49798375,-112.03213704999999,41,[33.3209686,-112.172642,33.6749989,-111.8916321],[33,265,185,11,483,26,6,77,35,76,8,7,138,139,64,65,46,403,121,79,108,38,99,128,39,296,49,52,96,72,57,145,48,36,69,133,449,97,4,13,115,160,47,88,327,24,27,45,148,204,212,40,182,140,54,55,122,208,78,106,107,236,103,28,170,71]
m3jyRjtTSzxOaVhL5ZpYog,33.5198725,-112.09983700000001,3,[33.443864,-112.134443,33.595881,-112.065231],[39,38,143,120,11,33,117,24,48,128]
j3JBwrBomduNdWTC34Knnw,33.5152839,-112.02978605,8,[33.3195828,-112.200326,33.710985,-111.8592461],[7,9,119,11,126,97,43,108,57]
pIuRwWH-mVwJeD1m8W2yng,33.4476995,-112.3500935063505,12,[33.430535,-112.359774112701,33.464864,-112.3404129],[99,265,168,11,26,48,120,98,7,229,33,44]
EVN484M7GZxhVpp61JgQBA,33.49499,-111.987976,200,[33.306501,-112.100731,33.683479,-111.875221],[101,38,39,26,11,126,97,48,168,99,206,63,27,24,119,251,43,177,140,192,265,212,49,80,82,59,98,7,108,33,28,17,29,161,65,88,298,8,10]
NRfRTZFpd7G1InJUcp9D-w,33.304861,-111.927065,1,[33.304861,-111.927065,33.304861,-111.927065],[7,292,182,218,11]
8M7x9jHjQ-avsLFE1zi0cg,33.44309915,-112.0016469,4,[33.3790514,-112.0744706,33.5071469,-111.9288232],[48,11,26]
EeSBXLMh3CvjSqBpJWT9gw,33.640225799999996,-112.0358847,83,[33.4471735,-112.236796,33.8332781,-111.8349734],[185,11,99,127,7,108,27,24,224,63,49,469,146,8,26,33,322,57,142,201,119,48,46,6,104,161,195,65,12,30,13,118,9,39,145,96,72,91,43,210,15,191,38,64,54,324,120,292,133,98,128,52,4,182,140,373,97]
MPNAtjtftwawoW2mwjRA7Q,33.419866,-111.8393707,3,[33.419866,-111.8393707,33.419866,-111.8393707],[177,140,11]
FJo2KGfnWL1JHthdVDyoag,33.399991,-111.939886,1,[33.399991,-111.939886,33.399991,-111.939886],[11,63]
gmMaY83-a9XIYOj5vID7sA,33.331044,-111.791284,1,[33.331044,-111.791284,33.331044,-111.791284],[27,11]
6ZFTuA6Cb9YvIjmFK9beog,33.5255778,-112.0998586,6,[33.5255778,-112.0998586,33.5255778,-112.0998586],[106,54,226]
Tvukt6Vy-FEWjBrNqlwgCA,33.490050999999994,-112.20643530000001,200,[33.445899,-112.3415576,33.534203,-112.071313],[119,11,182,99,7,148,43,57,327,8]
_4jCSPg-swQsi8Cx_gO2OA,33.37153675,-111.8510421,28,[33.250775,-111.9677833,33.4922985,-111.7343009],[89,11,161,65,210,181,33,119,173,6,112,10,44,24,49,52,168,42,43,97,7,108,219,218,292,142,177,140,99,185,224,27,377,323,26,440,260]
To_5WFLrNzmTCtrr7npQMw,33.43348755,-111.96231505,6,[33.360804,-112.0647931,33.5061711,-111.859837],[7,292,168,11,63,27,224]
d8ieH5AiSkMhCSQd_5NLUw,33.5623845,-112.362875,7,[33.484449,-112.364198,33.64032,-112.361552],[7,142,63,27,11]
E1V_seqCW99grhRVDgDRdg,33.417325000000005,-111.88411500000001,140,[33.304416,-111.925621,33.530234,-111.842609],[28,17,18,29]
PgvWwsS6h0Dyogcf2oCHzA,33.304775,-111.947948,42,[33.304775,-111.947948,33.304775,-111.947948],[33,11]
8ZRXdhCI5XqsfUe_6mAMSw,33.4528292,-112.0685027,1,[33.4528292,-112.0685027,33.4528292,-112.0685027],[117,214,11]
4JB-HXNl4MpwvIH8NsOC0A,33.294624,-111.773553,2,[33.294624,-111.773553,33.294624,-111.773553],[106,444,54,226]
wRbsyZTRvjWIQk_tSwsReA,33.4946362,-111.9299092,1,[33.4946362,-111.9299092,33.4946362,-111.9299092],[101,38,39]
6K6GvIJZ_G_luOrVZDwrZw,33.469885999652,-111.93937489999999,48,[33.272043,-112.0912518,33.667728999304,-111.787498],[265,11,43,26,49,146,27,140,119,182,48,244,84,147,185,13,6,22,35,77,224,63,7,47,322,57,39,145,99,177,24,187,36,139,88,38,168,33,104,161,65,54,220,273,474,128]
ww9NVwdTe_5lMQBGH1_kXg,33.53917785,-112.0893869,2,[33.4549678,-112.0996716,33.6233879,-112.0791022],[33,119,99,11,49,178]
Uoitq4NVeYH62Rv3a0uUHw,33.5069633,-112.0738685,1,[33.5069633,-112.0738685,33.5069633,-112.0738685],[308,54]
zSW2DW9ZXEtNIQtHU-Xrtw,33.498915,-111.928258,4,[33.498915,-111.928258,33.498915,-111.928258],[11,63]
xeLIqZ-19WL2ai22ZL2rgQ,33.3053419,-111.7586552,1,[33.3053419,-111.7586552,33.3053419,-111.7586552],[161,65,133]
07Z8AFJYDHaiqy1cmFaQRw,33.455741,-111.80265664999999,5,[33.415571,-111.931525,33.495911,-111.6737883],[40,57,38,39,145,28,17,29]
Rrh2EzbpwBvqnCUwNwss7Q,33.4953688,-111.9940154,1,[33.4953688,-111.9940154,33.4953688,-111.9940154],[177,140,11]
8G3ZQJ2GHuY0ZAahkUBdEQ,33.496117749999996,-111.9218132,31,[33.492335,-111.9236549,33.4999005,-111.9199715],[38,229,39,40,48,11,99]
G3-bBwsmdGLXXW_PEvYr9A,33.3358523,-111.8205495,3,[33.3358523,-111.8205495,33.3358523,-111.8205495],[109,38,48,39,11]
FSR9ObuaOPyqygPV20jLUg,33.3156591,-112.0048589,2,[33.3156591,-112.0048589,33.3156591,-112.0048589],[382,11]
tTa7FOsuzCMJNyM9d4Riew,33.44566125,-111.9880007,86,[33.3064118,-112.1342853,33.5849107,-111.8417161],[7,8,119,11,38,48,39,40,49,52,33,109,63,126,97,24,6,118,250,15,191,465,57,145,25,27,309,285,12,114,13,163,331,106,54,280,111,112,113,17,84,254,339,88,89,322,140,61,212,251,224,99]
UfLochgmOc01-EaXUGWWwQ,33.486352500053755,-111.9533360978335,6,[33.480203,-111.9825532,33.4925020001075,-111.924118995667],[119,99,11,26]
WxSMeBeDgXx6lylvx_OjoQ,33.500169,-111.919817,1,[33.500169,-111.919817,33.500169,-111.919817],[39,38,99,128,11]
kDfaps_TKwxBvEVbTNBXNQ,33.59760465,-111.8951139,3,[33.5555237,-111.8987034,33.6396856,-111.8915244],[38,11,99,128,39,218]
gShu18YTnbHy8_lD4x0PZw,33.3770283,-111.89320190000001,11,[33.3210842,-111.9445749,33.4329724,-111.8418289],[33,11,99,48,296,27,7,292,98,65,133,162,108,177]
X6czZuPKVqzzkUfsRImZ0w,33.5826785,-111.9043245,2,[33.581877,-111.925123,33.58348,-111.883526],[7,142,27,11]
-mg0tZ8TJyv3VD7ng3VVHg,33.43626445,-111.9510765,9,[33.3644109,-112.027582,33.508118,-111.874571],[57,99,7,36,69,11,108,38,47,88,39,48,13,6,115,63,27,251]
p6jchsvNUFBKHhN0cdsbZw,33.4657203,-112.0911242,1,[33.4657203,-112.0911242,33.4657203,-112.0911242],[7,162]
hk-DjiOm62VRVuJPBBEuSQ,33.4950947,-111.9292934,2,[33.4950947,-111.9292934,33.4950947,-111.9292934],[168,48,11]
jr21MPoA3mhWLasU2mYbZw,33.4377465,-112.0114223,7,[33.4377465,-112.0114223,33.4377465,-112.0114223],[26,11]
067gQ2JZS15cdUhnot6rKQ,33.4982604,-111.9251128,170,[33.4982604,-111.9251128,33.4982604,-111.9251128],[38,39]
kpY5I-J2Ch-4GmNrERBMGg,33.2995498,-111.96957925000001,9,[33.2809096,-111.9777693,33.31819,-111.9613892],[181,11,44,361,74,24]
vaS6CHPcwkYQ3S8u_zfTrg,33.2799251,-111.7895718,2,[33.2789582,-111.793222,33.280892,-111.7859216],[30,8,13,6,7,110,156]
wapnZrMhivxyy0djBaHoeg,33.419848,-111.9999152430085,32,[33.293696,-112.259674072266,33.546,-111.740156413751],[27,11,26,185,98,7,119,33,142,12,114,13,6,163,44,200,99,46,117,49,80,82,59,292,30,39,120,24,63,265,92,15,400,8,110]
fUGKPnPd9fYOUgw722mSgg,33.4221871,-112.224884,4,[33.343721,-112.521877,33.5006532,-111.927891],[48,24,11,27,63,7,187,139,49,193,59]
-tnZ1xO6sb0jChrGSH-Q_w,33.393596208401,-111.874990786445,4,[33.38003,-111.91035657289,33.407162416802,-111.839625],[404,451,11,33,44]
hbPw_GOkfXMlyEgnHFDnZQ,33.4969773,-111.9275971,15,[33.4969773,-111.9275971,33.4969773,-111.9275971],[101,38,26,39,11]
1f6ruYO5N0T_M8bRje0evQ,33.474691500000006,-112.2116145,7,[33.468226,-112.221156,33.481157,-112.202073],[43,11,224]
83wSOjFAUrSS98jygNAldg,33.64053,-111.92477,1,[33.64053,-111.92477,33.64053,-111.92477],[126,11]
07ZirzeJGf66FeXsgjg9ow,33.4525494,-111.7674282,3,[33.4525494,-111.7674282,33.4525494,-111.7674282],[113,6,116]
0rvzj1aY7tTkQFAJN0Gnqw,33.420571,-111.942444,2,[33.420571,-111.942444,33.420571,-111.942444],[38,168,298,88,39,11]
0sqJ3h7sxqaEvqNzO2b29Q,33.4864139,-111.98022879999999,8,[33.4194512,-112.0688255,33.5533766,-111.8916321],[33,38,48,39,11,99,128,168,298,88,7,47,57,327,182]
tJQ58w2uklXUjcmVmJLlag,33.542969,-112.07226,26,[33.49112,-112.079081,33.594818,-112.065439],[63,99,11,26]
E54TO3WE5HZ6zDKP8gFIgQ,33.4957558,-111.9159147,2,[33.4957558,-111.9159147,33.4957558,-111.9159147],[98,7,206,11]
fZJLA1nj16Z3j73qVZYPBQ,33.335855,-111.8759563,7,[33.3060217,-111.9114168,33.3656883,-111.8404958],[26,11,27,63]
hj_J3GxPHsbMbjKLlnR9-g,33.5705669,-111.886606,1,[33.5705669,-111.886606,33.5705669,-111.886606],[126,97,11]
sdZI3VAVPQY-U2l6Z7bb1A,33.495018,-111.975898,1,[33.495018,-111.975898,33.495018,-111.975898],[7,47,48,11]
WURxeqfudWIuNnKAMRNIUQ,33.3354566,-111.876337,10,[33.3354566,-111.876337,33.3354566,-111.876337],[7,162,43,11]
otOAV5myz6pu2aHpPga6RA,33.5127699,-112.0740123,2,[33.5127699,-112.0740123,33.5127699,-112.0740123],[109,38,11,39,63]
vK0-o9jIxY1wpJWHOySpDQ,33.46005831595405,-111.8520523,46,[33.2815660319081,-112.2234146,33.6385506,-111.48069],[49,341,14,15,6,38,143,39,205,99,128,11,106,54,315,296,40,57,145,258,28,17,29,293,7,47,88,48,109,440,58,56,59,238,36,185,91,64,123,65,309,119,285,362,20,23]
6vohYDZx3O6AcnWCBRU3Dw,33.4423345,-112.0736563,2,[33.4423345,-112.0736563,33.4423345,-112.0736563],[38,39,40,11]
sa9XyMnSrXHTNpvZ9IHy3w,33.658156500000004,-112.0886814,14,[33.637698,-112.2027562,33.678615,-111.9746066],[7,142,49,146,47,48,27,11,10,44,24,1,301,32,302]
r3jqWFbLS9D70oZ6YeFzvw,33.446390694298,-111.83321645000001,10,[33.3056593,-111.996292,33.587122088596,-111.6701409],[27,11,109,38,39,63,28,158,17,29,223,7,47,48,142]
4PswRWKpz2fs7lcCQtJrSw,33.4643735,-111.9275459,1,[33.4643735,-111.9275459,33.4643735,-111.9275459],[149,11]
XkctnoE-zH2WLJF-VNmvRA,33.3193788,-111.9778751,1,[33.3193788,-111.9778751,33.3193788,-111.9778751],[63,27,11]
GXLngNuIL1cyqIbis8W95g,33.4946927,-111.9802875,3,[33.4946927,-111.9802875,33.4946927,-111.9802875],[7,108]
HZXOUkFp7ufpOyNePyC4dQ,33.4457178,-111.9230032,3,[33.4457178,-111.9230032,33.4457178,-111.9230032],[159,1,199,32]
2Gdowb5WUwMh26Pao1EBXw,33.479887,-111.992309,1,[33.479887,-111.992309,33.479887,-111.992309],[224,11]
_UYIO5gOdWyhR0kKcRCZqg,33.43539575,-112.00103684999999,200,[33.43475,-112.00644,33.4360415,-111.9956337],[28,170,240,241]
REmvNHtlGDUoc-KQpq-s0A,33.30624795,-111.88150300000001,10,[33.3059969,-111.88516,33.306499,-111.877846],[26,11,224]
J8DFr8CLuUVizfdOKBLF6w,33.5375352,-112.05194975,4,[33.491645,-112.1248113,33.5834254,-111.9790882],[38,140,39,40,48,11,7,36,8,10]
G4d85iN-6NjP2kjHG5YiyA,33.523465,-111.90194364999999,52,[33.426368,-111.9398551,33.620562,-111.8640322],[88,38,39,298,11,8,6,116,7,36,113,182,48,140,119]
3Z-yFqBcYGAIjIBn5gM13g,33.5379306068733,-112.056109349649,2,[33.5378713137466,-112.0570577,33.5379899,-112.055160999298],[7,292,142,63,27,24,11]
udt4bX2gbeqd1qEEc_P2gg,33.5019817,-111.9276185,1,[33.5019817,-111.9276185,33.5019817,-111.9276185],[38,48,39,11]
laIUB9P9tO4lu9Z0M87xZA,33.493947,-111.922301,86,[33.493947,-111.922301,33.493947,-111.922301],[28,17,29]
G1I6aEESFq26w0rLs_0Uew,33.364144,-111.942408,1,[33.364144,-111.942408,33.364144,-111.942408],[71,72]
ujFsnxs3wmEV-VHBT01bhQ,33.67003605,-111.98714235,14,[33.509702,-112.042514,33.8303701,-111.9317707],[48,11,26]
8BcSuB8Wv6laf_mRif6k5A,33.49112,-112.079081,6,[33.49112,-112.079081,33.49112,-112.079081],[26,11,28,17,29]
q1Q2ETkV6TVH8nfXtdyFUw,33.6556844,-111.9300279,13,[33.6556844,-111.9300279,33.6556844,-111.9300279],[99,11]
xnHHPouPk7yxyWeKhedJ_A,33.5200773,-112.1732428,3,[33.5200773,-112.1732428,33.5200773,-112.1732428],[129,32,79]
ujBFcX607swXhq4oNk0R7A,33.370902099999995,-111.8947469,22,[33.2467202,-111.999963,33.495084,-111.7895308],[7,142,11,27,63,33,117,43,62,26,17,10,24,185]
7flujPoGz3nhN1YmTf-KJQ,33.289903,-111.773272,1,[33.289903,-111.773272,33.289903,-111.773272],[104,161,65]
IFhyhyRsLPlKSclaovJTAw,33.4208474,-111.99837685,3,[33.331655,-112.0146407,33.5100398,-111.982113],[33,38,39,11,119,99]
qyGeYp_HEs2QWa0LFW-Q4A,33.6267322,-111.8912034,1,[33.6267322,-111.8912034,33.6267322,-111.8912034],[27,11]
fHoBC19CHOLpd2F8OT5Uyg,33.5907532,-111.8857987,58,[33.383949,-111.9278114,33.7975574,-111.843786],[119,99,11,43]
R26OG_BxwYBROnYatS7_og,33.2985428,-111.8932204,4,[33.2985428,-111.8932204,33.2985428,-111.8932204],[28,17,29]
padk2haRN8qMHaDgbneKvw,33.533525,-111.965872,1,[33.533525,-111.965872,33.533525,-111.965872],[265,11]
PxPHm3aIe662wy_lj_AQpg,33.5244306,-111.9246373,11,[33.4216347,-111.9536334,33.6272265,-111.8956412],[79,121,71,72,7,47,48,11]
sI1h44NobQ6FVF1RwXgEBQ,33.47099385,-112.0637132,4,[33.4471735,-112.073781,33.4948142,-112.0536454],[430,11,48]
fKfyj2ZV8aFKMXxuwfMANw,33.5104737,-111.9863556,1,[33.5104737,-111.9863556,33.5104737,-111.9863556],[104,105,65]
9epg0IWtKhcdM_nfbKBsMA,33.56114758462115,-111.94336265,6,[33.497828,-111.9595033,33.6244671692423,-111.927222],[24,11,352,48,13,6,38,39,40]
pYytP4YBySaUnAhA4AKa5A,33.4961814880371,-111.928810119629,2,[33.4961814880371,-111.928810119629,33.4961814880371,-111.928810119629],[119,48,201,11]
VvmxisXbLxEW11syVcItuw,33.508550520571546,-112.12938565635051,37,[33.4611804411431,-112.359774112701,33.5559206,-111.8989972],[26,11,382,98,7,33,38,39]
ExwvxbTz2VhSIPo-7E_xsQ,33.569869,-111.876309,1,[33.569869,-111.876309,33.569869,-111.876309],[49,80,82,59]
u3ZL6O-UDgoZFZr26XP_xg,33.5081754,-111.9865073,5,[33.4920804,-112.0474619,33.5242704,-111.9255527],[48,11,88,38,39,63]
nFU9wLuDVkATikguaOomVg,33.320203785852,-111.9446939218,1,[33.320203785852,-111.9446939218,33.320203785852,-111.9446939218],[126,97,11]
VNrfaZHW-W25e8bYE6DTPg,33.492722,-112.073346,1,[33.492722,-112.073346,33.492722,-112.073346],[26,11]
u97bp6sTXE04wen6CnHzHg,33.491546,-111.923427,1,[33.491546,-111.923427,33.491546,-111.923427],[26,11]
cv3jacBm4kRK0MxZax0GfQ,33.4661264,-111.9175425,17,[33.4661264,-111.9175425,33.4661264,-111.9175425],[98,7]
nSkdplyJyYT_ZI9pezHzfA,33.44561695,-111.98644999999999,29,[33.2664769,-112.047101,33.624757,-111.925799],[26,11,161,65,119,48,24]
2M2zvYGgatjk9HZ42E8fOA,33.5020036165904,-111.928035020828,1,[33.5020036165904,-111.928035020828,33.5020036165904,-111.928035020828],[168,99,11]
9GY7UYYCluJTvcQ8Zu4yQQ,33.389959149999996,-112.16422065,4,[33.318093,-112.3460033,33.4618253,-111.982438],[12,30,13,6,118,289,77,35,76]
pOEKRus9XhBP-ZZCjyvUnw,33.5161968,-112.15244630000001,9,[33.3937246,-112.231662,33.638669,-112.0732306],[41,11,43,168]
0fk5rMRx5hReUcsucXdJeQ,33.397272,-111.892204,3,[33.397272,-111.892204,33.397272,-111.892204],[211,75,32,381]
lX6ZOsD8w9Gl8Gr5QQH14A,33.539055250000004,-112.0216746,4,[33.4949032,-112.0302201,33.5832073,-112.0131291],[97,11,108,7,119,38,109,39]
fP5Ljxa0NQglfdNFXJ-Yjg,33.3845874,-111.8057823,11,[33.3845874,-111.8057823,33.3845874,-111.8057823],[26,11]
y-atxCuWtPorcC-yTRYceQ,33.5565529,-112.16322035,2,[33.531073,-112.1675807,33.5820328,-112.15886],[38,39,40,11,27,63]
92pT5SJe99K-Yb4hngdL9w,33.700395,-112.109583,4,[33.700395,-112.109583,33.700395,-112.109583],[28,17,29]
uXRu6bQ2nUkBBw2aC9fd1g,33.5823408973639,-111.923882961273,1,[33.5823408973639,-111.923882961273,33.5823408973639,-111.923882961273],[26,11]
0WjhxboBfAJ08RrayT53Jg,33.48215195,-112.0733302,2,[33.4726589,-112.0734644,33.491645,-112.073196],[322,57,38,140,39,40,48,11]
YS4ZnQVZ_Kt46mC80DVg7w,33.41080855,-111.95182405,7,[33.3496582,-112.08241,33.4719589,-111.8212381],[251,11,24,26]
8firtwi9_rQ3dpSuIyDIUg,33.597166399652,-111.9515705972445,3,[33.5266038,-111.978514194489,33.667728999304,-111.924627],[27,11,322,57,39,145]
BTi8uDbaM9v02HeXitkHQA,33.4949347,-112.0020575,8,[33.4949347,-112.0020575,33.4949347,-112.0020575],[38,128,39]
mPeaekzF_dP-vKi1btToJA,33.6403226,-112.0210482,2,[33.6403226,-112.0210482,33.6403226,-112.0210482],[99,185,11]
8Fsd4yro0ymNLkkX0QyUOw,33.368707,-111.92190980000001,5,[33.3044612,-111.998885,33.4329528,-111.8449346],[120,11,64,65,104,308,54,195]
0NhJ_wWt2wBKwGcI9Ne2OA,33.6411185,-112.0473308,3,[33.6411185,-112.0473308,33.6411185,-112.0473308],[98,7,139,138,292]
k4L1SYe2okW-nXw3cL4B7Q,33.677854,-111.978579,1,[33.677854,-111.978579,33.677854,-111.978579],[7,108,201,119,11]
ZH-56E6Jlhmx4QkY7qCBnw,33.3439375110552,-111.966004371643,2,[33.3439375110552,-111.966004371643,33.3439375110552,-111.966004371643],[71,72,297]
4u9mbI9imT4N7dRFHb5B-g,33.52429705,-111.9784403,41,[33.5025941,-112.0272041,33.546,-111.9296765],[265,48,11,26,127]
