fCdEmHIY9F2FP087ztLldQ,33.3053504,-111.9665052,2,[33.3053504,-111.9665052,33.3053504,-111.9665052],[38,11,128,39]
Ox6PoMBwhoq4Ud2_Uxu9Mg,33.4967622,-111.9250451,1,[33.4967622,-111.9250451,33.4967622,-111.9250451],[28,17,29]
2YP7Tl5UvbrAkAaDya2_kw,33.3842442286595,-111.9365647,33,[33.3216034,-112.0850235,33.446885057319,-111.7881059],[27,11,7,8,119,212,361,43,63,48,41,54,55,99,78,79,98,10,9,44,307]
GHyP09GSMd5frdKWNtBw1A,33.4874151,-112.06713819999999,4,[33.480016,-112.080631,33.4948142,-112.0536454],[430,11,119,120]
mFP7RqSEngLxYhxZScP7hQ,33.6028169,-111.9783621,2,[33.6028169,-111.9783621,33.6028169,-111.9783621],[65,133]
hWDUP9IYWu59UGgxNrbh5Q,33.509578,-112.060185,6,[33.509578,-112.060185,33.509578,-112.060185],[63,27,11]
U-3BiOIBeS0D2rbrw7XjzA,33.54595200322715,-111.90819925,15,[33.46339228184,-111.9296765,33.6285117246143,-111.886722],[185,11,30,13,6,218,119,48,24,99,265,88,38,39,89,44,127]
IeNnnlqPhuEeG0HNs6ou8Q,33.45877955,-111.95188,3,[33.4225411,-111.9995818,33.495018,-111.9041782],[38,145,57,101,39,439,7,47,48,11,71,72,184]
UkSl9KmmMyW0EK2ozCRTPA,33.639896,-111.94439,1,[33.639896,-111.94439,33.639896,-111.94439],[340,210,11]
bTxF_dSqxvSO93nibrJJTg,33.481429000000006,-111.968015,2,[33.393334,-112.046399,33.569524,-111.889631],[7,139,380,98,11,24,63]
-d0M53vRvvZ_ZXL0nWbH5Q,33.5081016,-112.22693905,8,[33.463092,-112.34477,33.5531112,-112.1091081],[11,27,63,361,185]
4MOQEXlDBuhsdsl5FevsEQ,33.582262150000005,-112.06598965,5,[33.497568,-112.2027563,33.6669563,-111.929223],[98,7,24,11,99,153,185,109,38,48,39]
pni4uLN1j4qwh_4dSUPnlQ,33.4261603,-111.939838,4,[33.4261603,-111.939838,33.4261603,-111.939838],[39,38,126,97,11]
WqDKY2-MAM6lCBhZpgeEDA,33.440197,-111.921297,1,[33.440197,-111.921297,33.440197,-111.921297],[71,72,287]
ac_bHapmfUrVZj9j0ZDX7A,33.4796744,-112.0739818,27,[33.4796744,-112.0739818,33.4796744,-112.0739818],[185,11]
ajRsMQrin1cZN-KNOjyCSQ,33.611218449999996,-112.19393215,4,[33.5962399,-112.2009493,33.626197,-112.186915],[27,11,123,65]
JiSt1mjxvz-nTYHk3A2vbg,33.5506715,-112.06824449999999,18,[33.422728,-112.184995,33.678615,-111.951494],[57,56,7,99,47,11,65,133,38,48,128,39,78,79,182,194,172,88,89]
EcgpGtxB5916NPqvXwMcjQ,33.4824894,-112.0426469,200,[32.9953532,-112.7210438,33.9696256,-111.36425],[44,26,11,49,66,447,38,39,33,129,175,278,79,63,52,6,32,130,35,208,75,72,299,96,200,307,99,24,46,7,8,13,4,5,425,160,168,144,379,210,108,158,28,48,322,57,47,27,9,201,15,191,403,121,45,112,254,173,30,298,88,212,43,102,103,127,292,190,100,69,119,41,154,128,438,265,387,341,368,117,333,231,304,54,324,470,145,137,139,225,375]
0LOQYfwdFetaQ-gc6h9NLA,33.56625205,-111.982995,17,[33.4922985,-112.0672866,33.6402056,-111.8987034],[218,11,210,167,65,26,28,17,29,7,162,119,13,6,115,372,142]
UnULuT5gJCwxbFC3pL9Awg,33.426368,-111.9398551,7,[33.426368,-111.9398551,33.426368,-111.9398551],[88,38,39,298,11]
-2mNBuY67QaGeUznM8Dssg,33.533614,-111.927209,16,[33.533614,-111.927209,33.533614,-111.927209],[99,11]
vnSa9PyjWHj2tXdZmdZcjQ,33.3781338,-111.94785010000001,6,[33.319377,-111.970802,33.4368906,-111.9248982],[38,273,39,99,11,57,145,212,229,33,44]
R0zu-s2gMM-dGMf86f-yIg,33.5410958,-112.138064645485,25,[33.44238,-112.34971999097,33.6398116,-111.9264093],[11,27,63,7,162,38,143,293,39,28,17,29,44,24,26,119,99]
r9_tXmlmmm1OTtEzezcnRQ,33.461219299999996,-112.3075805,9,[33.430535,-112.345359,33.4919036,-112.269802],[11,119,65,133,72,154,26]
y569Flu6Cx69CQ0JNMzL5g,33.482601,-112.077617,2,[33.482601,-112.077617,33.482601,-112.077617],[28,17,29]
ZRrDJPEoaD4lbLAxZKLzCw,33.62583055,-112.1582016,9,[33.5708131,-112.2506658,33.680848,-112.0657374],[294,106,105,54,65,212,26,11,33,49,326,52]
XRg6mnWqX6vaChK-x2Pliw,33.560566,-111.94483550000001,4,[33.4962205,-111.9641728,33.6249115,-111.9254982],[46,6,38,140,39,40,48,11]
CLqGdE4DtWWvZDEsa7QFzg,33.4731393,-111.98605792087,6,[33.4219147,-112.07352364174,33.5243639,-111.8985922],[224,11,27,63,37,32]
IBS-PA4a3KSo4MBtML_8yA,33.6207149,-111.894704,107,[33.6207149,-111.894704,33.6207149,-111.894704],[7,137,8,139]
FYv6zQqWYj-yw8WGNxLYjA,33.2125748081159,-111.67526753516,11,[33.2125748081159,-111.67526753516,33.2125748081159,-111.67526753516],[10,24,11]
VRDiQMV8GN3JySRjmdraEg,33.50552265,-112.02764385,11,[33.4949791,-112.0647931,33.5160662,-111.9904946],[84,112,6,254,339,7,292,99,48,11,43,161,28,65,17,29]
edNdxDyzMiZCHEBMbo8H4Q,33.516999,-112.01314199999999,8,[33.407065,-112.100731,33.626933,-111.925553],[212,26,11,27,88,38,39,89,7,47,48,33,119,99,43]
gHNpqYiHLW3dXLh7Skgbgw,33.38688250098115,-111.91896305,6,[33.3199781,-111.928947,33.4537869019623,-111.9089791],[43,11,7,292,98,123,65,212,41,182,172]
2gK9ICdVreDVMgaYLoSkJQ,33.38810615,-111.86602239999999,2,[33.3550442,-111.942514,33.4211681,-111.7895308],[421,65,185,11]
nRYl7gIk4lWTASL-jvFLTA,33.395686100000006,-111.9665823,4,[33.3118314,-112.0734213,33.4795408,-111.8597433],[33,120,11,27,63]
oOA-q1cVmo6vgPbdWCE8zA,33.5945419,-111.88034,2,[33.5945419,-111.88034,33.5945419,-111.88034],[64,65]
AldCuqkS5qNO6cYTg6gDMw,33.340371700000006,-111.81415905,4,[33.3022008,-111.8410615,33.3785426,-111.7872566],[7,142,33,44,11,119]
YpVj9ryV6kva9jqmWMj1UA,33.37740815,-111.98263795,6,[33.3055833,-112.065458,33.449233,-111.8998179],[150,17,7,189,10,24,11,27,142,352,109,38,39]
FxmKq6rzhCVhwfv4frJrYQ,33.3356118,-111.826674,1,[33.3356118,-111.826674,33.3356118,-111.826674],[64,65]
BhZZQ_mTyljq6bP4peio8w,33.40312350000001,-111.743593,7,[33.381469,-111.939846,33.424778,-111.54734],[177,140,11,208,6,35,41,43]
p3mKmLQUnJYz5YKoWllv2A,33.5241357,-112.04723275,2,[33.523984,-112.0474855,33.5242874,-112.04698],[265,11,99,127]
K0YMZcrmKRPEQtvkxIebzA,33.5101347,-112.0366194,31,[33.4423345,-112.1825527,33.5779349,-111.8906861],[27,11,333,119,6,70,311,71,72,28,442,241,10,24,63,26,79,121,12,13,21,7,247,62,17,194,239,129,38,39,40,404,33,117,78,278,114,224]
zRmIm9WaWoeqz-Of0MNFDQ,32.87882095,-111.73178385,9,[32.87808,-111.74778,32.8795619,-111.7157877],[43,11,41]
6D0KGpAoNF-LvAxElCrSYw,33.24989355,-111.8067432,3,[32.8786089,-111.8976987,33.6211782,-111.7157877],[11,63,224,41,43]
eyHVf400eZQGoP9lL3KNtA,33.57219805,-111.97447555,93,[33.5609161,-112.0654251,33.58348,-111.883526],[7,142,26,11]
UsgNMvqJtuzS_D43DOl4gA,33.5691907,-112.09856884999999,6,[33.5011424,-112.275823,33.637239,-111.9213147],[28,17,18,29,33,11]
kerkHKuY_6J_svaTNAswFg,33.480780499999995,-111.927953,2,[33.479597,-111.929127,33.481964,-111.926779],[37,32,202,72]
djBhPaLfi91wK0NlZyHkhQ,33.6979715,-111.8929195,6,[33.6979715,-111.8929195,33.6979715,-111.8929195],[175,129,79]
SoPdyetYpOu39DSj3kmVZg,33.6737677,-111.9638394,1,[33.6737677,-111.9638394,33.6737677,-111.9638394],[166,6]
vM6LCjDjTCXrhyrSvFQb_A,33.5832252,-111.682686,1,[33.5832252,-111.682686,33.5832252,-111.682686],[49,178]
sdydB8SH3vqhJXB-kjW6Kw,33.594818,-112.065439,2,[33.594818,-112.065439,33.594818,-112.065439],[63,99,11]
J97h3WVYQQoJQH42lTRFjA,33.2714025,-111.8241335,2,[33.26458,-111.858834,33.278225,-111.789433],[161,195,65]
PC7p9SsL0GLe1KXt1q06YQ,33.4947792,-111.9175074,9,[33.4947792,-111.9175074,33.4947792,-111.9175074],[113,6,17,116]
3yxEifuwn2Ulhbdy89esww,33.498061621321995,-112.02374175,16,[33.421617342644,-112.1164379,33.5745059,-111.9310456],[63,27,11,119]
Gtp0ElvV_1EWMnenXtnCdg,33.6247596,-111.9329381,1,[33.6247596,-111.9329381,33.6247596,-111.9329381],[28,17,29]
TgV_e3iwHL4i49lA-4mtPQ,33.4691316,-112.0475116,1,[33.4691316,-112.0475116,33.4691316,-112.0475116],[26,11]
LxZ5RaVZU_Ibdc3RYhtZiA,33.508736,-112.0477023,3,[33.508736,-112.0477023,33.508736,-112.0477023],[83,6]
r-6GYkCVeEFVArUKMme-OQ,33.51038565,-112.07331959999999,37,[33.305675,-112.2610692,33.7150963,-111.88557],[88,38,39,40,27,11,26,89,109,265,126,97,7,108,449,47,57,99,91,185,48,414,13,6,21,292,33,177,140,192,63,212,168,298,69,28,170,229]
3RD504bNEwOmeqImRuVSsw,33.461459500000004,-111.9685985,71,[33.306501,-112.079081,33.616418,-111.858116],[11,48,63,206,202,72,281,269,7,162,43,109,38,39,26,177,352,251,57,69,119,62,24,17,311,88,474,219,265,126,97,27,28,29,40,98,142,108,292]
TrgCQ7q2i-lT4Gtp0IyjNA,33.4925951,-111.9259858,9,[33.4925951,-111.9259858,33.4925951,-111.9259858],[265,11]
vRuOmOVtg9R0YU6GoRWLKQ,33.52233105,-112.0993877,3,[33.390792,-112.1862714,33.6538701,-112.012504],[7,36,11,109,38,48,39]
EZORwyVnI1XXKtAKPiWZFw,33.477933965703,-112.07352364174,1,[33.477933965703,-112.07352364174,33.477933965703,-112.07352364174],[224,11]
AQum4T1dROG2taFhCWNkDA,33.4839406,-112.0126693,7,[33.4584286,-112.0775732,33.5094526,-111.9477654],[7,108,14,15,6,57,470,145,39,34,35]
TLHB5BA_a6i1P-aXNq85sw,33.4773852,-111.87215065000001,3,[33.3550442,-111.9872563,33.5997262,-111.757045],[373,24,400,11,185,126]
9v8IyMk_S6eJujux1Cno7g,33.49447826595405,-112.17009015,200,[33.2815660319081,-112.4159659,33.7073905,-111.9242144],[99,11,129,278,79,38,39,126,236,103,57,327,119,49,230,285,26,127,48,40,63,27,205,7,47,229,96,72,24,36,33,108,30,13,6,8,84,147,28,17,18,29,139,375,145,258,15,191,265,128,78,194,182,71,73,112,151,98]
z4dkZQ2AYEnoKyyhxmBtCQ,33.2631834,-111.8575939,1,[33.2631834,-111.8575939,33.2631834,-111.8575939],[61,13,6]
qGWiDh9vp2U_VLNx40LfQA,33.3772505,-111.917771,6,[33.331773,-111.978279,33.422728,-111.857263],[33,117,48,11,88,38,39,89,43,26,63,27,126]
9ellV9VrEOPA3vX2pZptSA,33.46597735,-111.97097629999999,34,[33.2762703,-112.0998877,33.6556844,-111.8420649],[212,11,99,7,189,10,24,449,97,139,36,30,13,6,49,80,59,4,322,57,202,72,108,168,181,229,46,156,224,182,28,17,29,26,48,206,63,126,27,119]
0KklV9X8U-ow9Sy6gURfsw,33.581154,-111.927268,11,[33.581154,-111.927268,33.581154,-111.927268],[54,238]
QXOYXX71lKuNLnDst0WevQ,33.8321973,-111.9453694,16,[33.8321973,-111.9453694,33.8321973,-111.9453694],[26,11]
lxWwi3-EW9meZ_vOAP9JoQ,33.43475,-112.00644,44,[33.43475,-112.00644,33.43475,-112.00644],[28,170]
GMkF0yJWwFRVO9kiGOcojQ,33.419399999999996,-112.01539933168951,66,[33.299873,-112.34971999097,33.538927,-111.681078672409],[7,162,108,63,27,11,33,38,39,182,172,48,57,69,89,26,43,99,127,44,24,265,143,205,117,251,10,212,140,373,210,296,119,36,292,128,224,98,192,145,6,21,120,123,65,430]
RXm1zYwplj7TGXieN_3zdg,33.3664831786892,-111.97298206849649,8,[33.2762703,-112.072327136993,33.4566960573784,-111.873637],[119,11,33,212,26,43,49,178,99]
MKqJ_6cFLsWw02UlHmjJFw,33.4194512,-111.915926,3,[33.4194512,-111.915926,33.4194512,-111.915926],[38,7,47,88,39,48,11]
SzrCBphy0xwRngM2xCO_mQ,33.4978671568733,-112.061759999649,7,[33.457863,-112.068359,33.5378713137466,-112.055160999298],[38,48,39,11,63,27,24]
xi2kJWNXXu8hfP1dwaXMcg,33.58675765,-111.92044185,12,[33.4990986,-111.9514403,33.6744167,-111.8894434],[265,11,109,38,39]
35R7zyp6RZF3x1vycXCYfA,33.6113056,-112.0983488,2,[33.6113056,-112.0983488,33.6113056,-112.0983488],[26,11]
yXov_V3WqjI0yhSVuDQxJQ,33.4840002,-111.926329,1,[33.4840002,-111.926329,33.4840002,-111.926329],[75,32]
tm3snXzLvv83jwN1-vrqdw,33.5579905,-111.90282105,5,[33.492962,-111.9301931,33.623019,-111.875449],[224,11,43,38,212,41,39]
-K-oYsjoiJb27S45-Aj8OQ,33.640232,-111.9432645,6,[33.640232,-111.9432645,33.640232,-111.9432645],[54,55,122,256]
IRAAra0N-Hu-betcWCKpgw,33.5220328,-112.1183647,97,[33.4168391,-112.3410882,33.6272265,-111.8956412],[7,98,10,9,11,119,123,65,47,48,99,26]
Z7p7FlOI-5d079b_zLioMw,33.5046798041353,-111.95188425,200,[33.4214126082706,-112.0659413,33.587947,-111.8378272],[7,108,38,39,33,44,11,182,172]
k3xYkBTGMmMdDzGN_AbZ0w,33.373465,-111.971852,2,[33.373465,-111.971852,33.373465,-111.971852],[158,28]
uq3YA75VQj3y3AlxuxZvbA,33.501161,-111.925513,1,[33.501161,-111.925513,33.501161,-111.925513],[206,11]
3lPOjxZ08f8VyXGIDqCyHg,33.5671955,-111.99398565,9,[33.5092118,-112.04749,33.6251792,-111.9404813],[112,6,7,108,9,10,11]
0_HU1W2Bys9KnXMDmOavbA,33.425938,-111.940346,7,[33.425938,-111.940346,33.425938,-111.940346],[11,377]
45nBHl14ke_y60L_NuZ9Og,33.567452,-112.073536,1,[33.567452,-112.073536,33.567452,-112.073536],[44,192,11]
X0PATv7B8ZfREefiXjfiEg,33.56814385,-112.08544315,17,[33.5093547,-112.100731,33.626933,-112.0701553],[212,26,11,27]
j_WJjiBbkiU5qlFDkU0SYg,33.41188235,-111.9365895,75,[33.321266,-111.964558,33.5024987,-111.908621],[101,38,39,11,224,7,108,26,33,44,24,98,168,298,88,189,10,117,48,27,292,99,296,182,162,36,8,119,46,6,43]
CJWaJ8MfppMDGCiMXyl0pg,33.43476185,-111.9243849,11,[33.314,-112.048271,33.5555237,-111.8004988],[119,99,11,26,251,218,446,210]
3U-tmyv3uz1SVU0AsyY0gw,33.5266038,-111.924627,11,[33.5266038,-111.924627,33.5266038,-111.924627],[27,11]
xVTQGVRDnkhpbcfEbszBJw,33.36081235,-111.8388002,12,[33.299873,-111.9513564,33.4217517,-111.726244],[24,11,63,33,119,7,108,49,319,59]
U3xYRAOZCAPVYpQBd3aGQw,33.495263,-111.928554,2,[33.495263,-111.928554,33.495263,-111.928554],[26,11]
a6RdPFIw670HqKyAQi6flg,33.619412,-111.8980932,2,[33.619412,-111.8980932,33.619412,-111.8980932],[44,24,11]
j3tsCLDfix-PJpxIRS8lnA,33.4326053092307,-111.904946565628,2,[33.4326053092307,-111.904946565628,33.4326053092307,-111.904946565628],[7,292,108,24,11]
QKW7sYPWPSsIcWqSiDzChQ,33.5051677,-111.9581548,50,[33.3317204,-112.1255725,33.678615,-111.7907371],[210,11,6,250,33,13,65,114,204,12,7,119,104,161,195,284,35,292,101,88,38,39,40,49,50,52,117,142,168,144,99,109,48,63,27,84,345,346,162,445,66,103,262,112,151]
Su-TQs1UDM-2U5FLsfYcVQ,33.4222653,-111.9199824,1,[33.4222653,-111.9199824,33.4222653,-111.9199824],[7,98,10,9,11]
gKMFzK96ZoefFRtW1WUN2Q,33.56943865,-111.9130137,3,[33.5557353,-111.927321,33.583142,-111.8987064],[48,11,39,38,26,127,27]
lnMAYDWlBLdfkZM_tcVaiA,33.48520835,-112.0303947,5,[33.475597,-112.126253,33.4948197,-111.9345364],[119,11,71,72,101,38,39,7,139,8,423]
ymvG5845Ro8cW-2wwa5vzA,33.321266,-111.911648,2,[33.321266,-111.911648,33.321266,-111.911648],[43,11]
3wTXuo5-DazxVMRBNKYtFw,33.383066,-111.90568379999999,39,[33.3742118,-111.9193401,33.3919202,-111.8920275],[48,11,10]
r3cmHtEtqGEJlOjMuHn3FQ,33.3529065,-111.66706085,17,[33.321864,-111.843786,33.383949,-111.4903357],[119,99,11,7,24,108,48,49,66,126]
vXvvI6ChFWZ8b5-H8DWJCQ,33.327278,-111.858116,11,[33.327278,-111.858116,33.327278,-111.858116],[251,11]
q4vJ4yxvblde5EBZ-UmIKQ,33.4795408,-112.0734213,2,[33.4795408,-112.0734213,33.4795408,-112.0734213],[33,120,11]
DC3MfdeMqZFsST5lL8RfEg,33.5083781,-111.9258659,3,[33.5083781,-111.9258659,33.5083781,-111.9258659],[161,28,65,17,29]
ZVxhmJFEm0w3lO8Oa4GytQ,33.645467100000005,-112.1943115,3,[33.6382871,-112.253795,33.6526471,-112.134828],[224,11,43,212,361]
-CKutXMmEuP47OJX0uJSUg,33.49112,-112.079081,71,[33.49112,-112.079081,33.49112,-112.079081],[28,17,29]
CtStnKex43b3tNvcPkU-xQ,33.4384287,-112.3410882,2,[33.4384287,-112.3410882,33.4384287,-112.3410882],[119,99,11]
AvaMFMBbZJ1iBGCZcIkN0Q,33.3939372,-111.8772849,14,[33.3939372,-111.8772849,33.3939372,-111.8772849],[97,11]
7IR-KQPtekUg9yeWO9tq9w,33.4216092,-111.9429427,3,[33.4216092,-111.9429427,33.4216092,-111.9429427],[26,11]
nRHT5CAgDGe_s8Ol_FAJ3A,33.53814654999999,-111.97562335,55,[33.492335,-112.0275918,33.5839581,-111.9236549],[48,11,38,99,39,40,33,63]
-rutaYKpWZoWcupIJ2OkHQ,33.44309145,-112.038333,13,[33.305824,-112.1677722,33.5803589,-111.9088938],[7,108,285,185,11,33,117,48,41,42,43,338,186,6,57]
5B1r6kW7c5SCvJjXnX_KbA,33.348908,-111.874796,5,[33.348908,-111.874796,33.348908,-111.874796],[88,38,39,298,11]
YHsXC1pBglfXQNhVN_weFw,33.4975247286892,-112.0449691478335,13,[33.4566960573784,-112.1658193,33.5383534,-111.924118995667],[177,11,109,38,39,63,92,15,6,24,27,119,26,48,99,33,117]
9sPFuYRp0YhWws8eV03JLw,33.603618749999995,-111.95107915,3,[33.5515531,-111.9781795,33.6556844,-111.9239788],[168,265,11,98,7,24]
oc1lRuxG1n_8UKIwF82wKw,33.4097819,-111.8575439,3,[33.4097819,-111.8575439,33.4097819,-111.8575439],[72,287,269]
bxBqL78U8sELSXm1QziKbQ,33.5090018,-112.0409994,2,[33.5090018,-112.0409994,33.5090018,-112.0409994],[13,6,115,372]
ZqfByZ_Abvp55YsWaPU-hA,33.3931281,-111.9103707,3,[33.3931281,-111.9103707,33.3931281,-111.9103707],[265,11]
rnKbY1suGVX6g-MLLXtFZQ,33.6393269,-111.8792188,1,[33.6393269,-111.8792188,33.6393269,-111.8792188],[48,11]
umk_6ysXhErEbSRaWTZn8Q,33.53073785,-112.0855765,8,[33.4217923,-112.219969,33.6396834,-111.951184],[265,126,11,7,142,108,292,98,24,182,48,140,38,6,145,186,57,39]
tbPsiXw36CoxYnQbGzGNng,33.51408285,-111.9257749,3,[33.4982604,-111.926437,33.5299053,-111.9251128],[265,11,483,38,39]
Go6-YxraN6QeU0ZmRCJDcw,33.6987337,-111.8899216,19,[33.6987337,-111.8899216,33.6987337,-111.8899216],[265,11]
-3PEIZHovDzOvFXP_HskKA,33.218296,-111.822055,1,[33.218296,-111.822055,33.218296,-111.822055],[371,54,242,238]
6OEcnerZj5N9be8HWF6YgA,33.581011449652,-111.9519150972445,80,[33.4942939,-111.978514194489,33.667728999304,-111.925316],[26,11,322,57,39,145]
ac2FRbOgBkC7zJOWlTlFAQ,33.3824115,-111.8530355,12,[33.285218,-112.016481,33.479605,-111.68959],[53,54,55,84,291,33,119,11,177,140]
ygHmi1PTgAeohFpYpxa2FA,33.534184,-112.174034,2,[33.534184,-112.174034,33.534184,-112.174034],[224,11]
eyFZRC2OkfRdSpkXn4oJKA,33.3209061,-111.875001,2,[33.3209061,-111.875001,33.3209061,-111.875001],[11]
WdPXuvjLzbdbOes0oCVpwQ,33.477178,-111.925799,1,[33.477178,-111.925799,33.477178,-111.925799],[119,48,24,11]
p7VKdqjT3WNvL7dRNNetcw,33.5834744,-111.9457985,24,[33.5388471,-112.012379,33.6281017,-111.879218],[7,48,47,11,43,63,27,212,88,38,39,298,84,86,145,57,99,24,185,26,139,128,416]
LW9gGP16NyYBCPXo-XJ_sg,33.43265625,-112.04256005,43,[33.4161245,-112.0772,33.449188,-112.0079201],[28,17,18,29,126,97,172,11]
66aTAn_Qwvokwkc9pgQq3A,33.454319999999996,-111.7432047,73,[33.334824,-111.9487344,33.573816,-111.537675],[49,305,38,99,128,39,296,11]
dpamrzfUzCAIebh6r8IWsg,33.589392000000004,-111.94721179999999,2,[33.500169,-111.9746066,33.678615,-111.919817],[39,38,99,128,11,182,48]
IGxI9LDWyIpk3PMshtV2QQ,33.307711,-111.890393,2,[33.307711,-111.890393,33.307711,-111.890393],[78,79]
CdspVJZT7iK8droC1FO_UQ,33.4922985,-111.9245517,1,[33.4922985,-111.9245517,33.4922985,-111.9245517],[210,11]
iWh7h24DpKWFtKZGl81kxg,33.50856135,-111.99830775000001,30,[33.304138,-112.1114555,33.7129847,-111.88516],[57,39,145,26,11,98,7,404,451,212,63,97,96,72,71,73,126,41,43,54,55,122,27,33,120,38,143,205,142,292,99]
-_kYtEITbj5khWLI1P9TDQ,33.6556844,-111.9300279,6,[33.6556844,-111.9300279,33.6556844,-111.9300279],[251,11]
VPVHihYwrlvzx_o_gLtk5A,33.53097565,-112.0396002,6,[33.4793963,-112.1490084,33.582555,-111.930192],[126,97,11,149]
6wpEHXevnaIZp2kUTUfhxQ,33.44113595,-111.898123025894,91,[33.2587342,-112.072327136993,33.6235377,-111.723918914795],[33,99,44,11,224,26,265,10,24,63,38,39,212,43,71,72,275,269,181,149,7,47,48,27,40,49,146,96,184,127,185,251,126,119,137,8,139,182,98,9,340,201,244,172,168,42,229,138,162,62,17]
JWNChFeIO1776M-lS7i4TA,33.624272,-112.186155,3,[33.624272,-112.186155,33.624272,-112.186155],[192,11]
97pvR5Efmgk441go6AEDHg,33.5997262,-111.9872563,7,[33.5997262,-111.9872563,33.5997262,-111.9872563],[126,11]
k3yuawPEvzlAJPj_RMO0MQ,33.53777235,-112.140553688607,83,[33.4354452,-112.395467777214,33.6400995,-111.8856396],[27,11,49,178,7,48,47,26,38,39,142,63,43,298,99,128,212,123,65,57,232,306,126,30,8,13,6,110,97,265,36,146,91,51,312,361,185,273,307,258,40,119]
NTD7T9g9rKvAuOfAeGS2VQ,33.4437798,-111.98039185,5,[33.3782224,-112.0608177,33.5093372,-111.899966],[63,27,11,112,6,254,7,142,212,97]
F8d1zNBZ_TBC_cFveLBhRQ,33.30519835,-111.84123485,4,[33.3013903,-111.8412989,33.3090064,-111.8411708],[62,26,17,11]
PrjFBX802rUZT7eB5JggGQ,33.40663465,-111.88068565,8,[33.304138,-112.0283059,33.5091313,-111.7330654],[79,121,38,265,39,11]
l_PaecWmj6pFt85xqgv2Vw,33.6326465,-112.16973565,2,[33.6106567,-112.1888101,33.6546363,-112.1506612],[7,142]
BRNVGPDi58XPDyxfxX39sg,33.40776915,-111.8738334,118,[33.2333299,-112.004102,33.5822084,-111.7435648],[65,133,168,11,63,28,17,29,119,7,142,33,99,292,201,41,126,97,48,27,108,162,9,24,139,225,98,236,103,120,26,46,6,32,95,222,101,38,39,43,62,439,189,10]
kp1JDSgCapsBAve4Wd7yZQ,33.34200945,-111.76588015,8,[33.3054789,-111.793383,33.37854,-111.7383773],[54,55,122,84,13,6,125,317]
ngXlgVnQDSAmlSg4hvpUog,33.451723,-111.72055,1,[33.451723,-111.72055,33.451723,-111.72055],[120,11]
7ofXs_JOBxZSkPHZE6M0sA,33.5094087,-112.0687564,6,[33.5094087,-112.0687564,33.5094087,-112.0687564],[88,7,38,47,39]
xLOVXOxioGV9ogDKw1TAbA,33.5098766,-112.340743,2,[33.5098766,-112.340743,33.5098766,-112.340743],[63,27,11]
b0TKkri35IywONfxBJNJuQ,33.4164472,-111.90865840000001,3,[33.334634,-111.9251128,33.4982604,-111.892204],[211,75,32,381,6,21,38,39]
BzsUOXhZ_i-fjigkudOLcw,33.5025941,-111.9296765,5,[33.5025941,-111.9296765,33.5025941,-111.9296765],[6,204,65,104]
lRdniIECxKsYNYmXPzMOug,33.5093372,-112.0608177,3,[33.5093372,-112.0608177,33.5093372,-112.0608177],[212,63,97,11]
V0ai_JpXl2YnL9-JhZWhIA,33.364510866371546,-111.9039170818865,5,[33.3055809,-111.939622163773,33.4234408327431,-111.868212],[109,38,27,39,11,96,72,26]
IoCDlKeBBSfCBTMZdD1zJQ,33.373465,-111.971852,200,[33.373465,-111.971852,33.373465,-111.971852],[158,28]
zLlRos9Wqm-yh4fIj0yhYg,33.34098295,-111.949536,27,[33.332733,-111.952101,33.3492329,-111.946971],[65,133]
VCGf1FicMWLPUUAk93TSSA,33.38019215,-111.89335825,5,[33.3344463,-111.940346,33.425938,-111.8463705],[11,377,182,48,140,323]
vQtgAlIlKm0KzN_GTVEfDQ,33.407765,-111.682463,60,[33.407765,-111.682463,33.407765,-111.682463],[178,17,49,28,29,11]
qdtRCwO1jcD85xtLY8XYmA,33.420941,-111.966874,2,[33.420941,-111.966874,33.420941,-111.966874],[24,11]
fiyOnIEKBOgj00NJLwDBVg,33.464904950000005,-111.90783155739749,77,[33.289903,-112.0917442,33.6399069,-111.723918914795],[168,265,11,109,38,39,63,64,65,12,114,13,6,115,105,220,104,54,369,205,40,22,181,229,48,7,108,57,145,69,306,372,26,128,119,185,127,293,27,221,30,28,17,18,29,140,99,8,49,52,469,327,51,322,19,20,23,43,126,97,33,47,89,88,72,297,333,41,4,110,80,59,210,465]
oeskiHfddkOfrAEj_N8NQg,33.3350531,-111.9445728,4,[33.3350531,-111.9445728,33.3350531,-111.9445728],[27,11]
_E65XMhRQgtMxfBOrxIrDA,33.5398988,-111.9600542,8,[33.497568,-112.0275918,33.5822296,-111.8925166],[38,48,39,11,63,33,109,49,233,193,59]
kBZk8VZfXV9Kqe8YOYsL7Q,33.4385287,-112.02175059999999,22,[33.3781994,-112.0916761,33.498858,-111.9518251],[119,11,60,6,26,71,72]
2H1cfjSPdeJb1GmFKx87cg,33.362439,-111.445693,9,[33.362439,-111.445693,33.362439,-111.445693],[49,178]
7RZ0mJJ00IiT56sloLBd1w,33.581102200000004,-112.1071293,66,[33.449233,-112.2900174,33.7129714,-111.9242412],[169,11,26,10,24,7,139,416,137,8,57,69,117,99,44,138,140,6,45,63,47,27,185,142,292,43,33,38,145,205,39,40]
i5rKVG1rkqnIbayp7XQ71A,33.52681,-111.9246221,2,[33.52681,-111.9246221,33.52681,-111.9246221],[11,63]
sEZvhiIjrJcLOdeB_ygOMQ,33.4542977,-112.0719248,24,[33.4492,-112.0742496,33.4593954,-112.0696],[7,108,28,17,29,119,11]
rb29M6_fiJsyqJ4cK13_KQ,33.44995,-112.07194999999999,3,[33.4499,-112.0739,33.45,-112.07],[26,11]
VD_SBeEWnul3awz5pqSrbw,33.496896,-112.074156,1,[33.496896,-112.074156,33.496896,-112.074156],[6,70]
VA4S-YVveftw5Yh6o0oD_g,33.63606,-111.924248,1,[33.63606,-111.924248,33.63606,-111.924248],[11,63]
Zg2LR5D8jFmdy3GQJnz8vg,33.6704382,-112.1879299,3,[33.6704382,-112.1879299,33.6704382,-112.1879299],[64,65]
76ruVCFJyWfLJ5AQHS45dQ,33.6416611,-112.1001169,5,[33.6416611,-112.1001169,33.6416611,-112.1001169],[26,11]
rivFNjiDn9GX6uFID_lfiw,33.5160662,-112.029562,2,[33.5160662,-112.029562,33.5160662,-112.029562],[65]
rJfJ_o2EsadZIyfvOTjiiA,33.4405243,-111.8751264,10,[33.3947699,-111.9102055,33.4862787,-111.8400473],[38,11,109,39,27,63,119,99,84,339]
pC0H6U0ExZNPUcbB7LgNbg,33.5672627,-111.9259052,6,[33.5672627,-111.9259052,33.5672627,-111.9259052],[109,38,48,39,11]
XwhPAQfkVpzlnJ_pYlJ7Ag,33.5054706,-112.0370088,17,[33.5054706,-112.0370088,33.5054706,-112.0370088],[38,11,99,128,39]
_PzSNcfrCjeBxSLXRoMmgQ,33.49439176209025,-112.12541465000001,200,[33.2972473,-112.5125131,33.6915362241805,-111.7383162],[99,11,49,28,506,52,229,27,44,97,38,140,39,40,48,404,57,69,43,24,341,119,7,36,218,145,88,298,64,161,6,204,65,292,126,212,45,108,201,26,148,182,15,133,63,308,54,238,159,32,141,9,10,46,142,127,265,4,338,382,206,317,251,8,224,98,168,128,30,13,91,282,72,345,19,20,21,22,23,34,35,33,149,47,327,109,25,138,139,169,120,333,181,112,254,77,296,87,76,177,500,192,185,162,129,121,79,202,313,307,12,56,264,96,78,278,17,29,210,191,260,41,222,95,61,110,322,193,59,113,116,361,175,332,70,111,114,115,240,241,309,285,42,158,117,289,170,18]
bvYk98zUE61KoWifshskpw,33.4059001,-111.87072549999999,41,[33.3022462,-112.015207,33.509554,-111.726244],[48,11,109,38,39,63,26,168,99,382,126,7,24,108,119,309,285,10,205,373,182,41,43,27,40,338,44,162,292,265]
D4y7Q7TouWOAEOczuXuZhQ,33.371083999999996,-111.8657304,4,[33.319412,-111.925685,33.422756,-111.8057758],[7,142,26,11]
mh82Bh93fcpRcfR6CvYQ1Q,33.587387500000006,-111.94265395,6,[33.4994444,-111.9633729,33.6753306,-111.921935],[38,145,57,205,39,40,26,128,11,48]
7r5O5B324zC1Qbh44vmhwg,33.3156591,-112.0048589,5,[33.3156591,-112.0048589,33.3156591,-112.0048589],[382,11]
HC4O4xXqPaNjJhiDmwdf5g,33.6247596,-111.9329381,5,[33.6247596,-111.9329381,33.6247596,-111.9329381],[28,17,29]
_mqsvFD9hbFVpzLele419g,33.4901415,-111.9080943,2,[33.301668,-111.9746066,33.678615,-111.841582],[7,47,48,27,11,104,65,105,369]
yi3DcaYzHXe8G1F5TE9EmQ,33.277061,-111.860579,1,[33.277061,-111.860579,33.277061,-111.860579],[177,140,11]
nKXVRIQtKpcw2z6ltGnPCw,33.4084734,-111.7548001,3,[33.4084734,-111.7548001,33.4084734,-111.7548001],[71,72]
4nhpjqzX0fkLFRLRcAPbjA,33.467310850000004,-112.0078033,4,[33.422948,-112.0739136,33.5116737,-111.941693],[145,57,17,18,39,309,285,11,210]
NZrLmHRyiHmyT1JrfzkCOA,33.5123186,-111.995355,1,[33.5123186,-111.995355,33.5123186,-111.995355],[119,99,11]
9yfH2b8sndVh3X9HY2SAAA,33.49523205,-112.00118575,20,[33.4517161,-112.0800705,33.538748,-111.922301],[33,11,48,64,65,63,27,24,179,195,99,26,57,39,145]
CpgAgsEn2I7KADvOGlG_tg,33.5302696775354,-111.926350593567,1,[33.5302696775354,-111.926350593567,33.5302696775354,-111.926350593567],[109,38,265,39,11]
3Ax4oygxpSHX1vOJllGfKg,33.5612589,-112.1156244,7,[33.5612589,-112.1156244,33.5612589,-112.1156244],[48,185,11]
eSfzeof1cYHnYyt0YVyvgg,33.4822292,-111.9221077,2,[33.4822292,-111.9221077,33.4822292,-111.9221077],[71,72]
sJxsV2PBGQF2HkJygXTLug,33.534655349999994,-111.9847049,13,[33.4329724,-112.065107,33.6363383,-111.9043028],[26,11,212,43,224,127,48,97]
O2RG98pWmkiNJtCMhl1f0w,33.494238,-111.977849,5,[33.494238,-111.977849,33.494238,-111.977849],[38,99,88,39,128,11]
W5S41c1sOeeRARcXti39gw,33.388549,-111.856707,2,[33.388549,-111.856707,33.388549,-111.856707],[155,54,6,156]
-mMgdN3HjPkn4Q3rLZLCfw,33.3518,-111.8036,1,[33.3518,-111.8036,33.3518,-111.8036],[364,6,32,35,314]
OVffArTHuWdQDWFGx0X71A,33.40775725,-111.94632684999999,24,[33.362719,-112.0693177,33.4527955,-111.823336],[109,38,27,39,11,99,48,26,43,169,285,185,89,210,7,292,108,126,97,49,193,59,446]
Fq6HNH2y1qNJRG-JygLIcQ,33.421385,-111.893092,1,[33.421385,-111.893092,33.421385,-111.893092],[25,6]
w5zMB_mIZVUv5f2FNhqDzA,33.582907,-111.979028,1,[33.582907,-111.979028,33.582907,-111.979028],[7,108]
sNfDdw01xZ8RnLBRkpVdsw,33.62365355,-112.15045755,93,[33.6085273,-112.1672471,33.6387798,-112.133668],[4,6,425,7,33,142,120,11]
SIJ237q2EZE-1Z8zFQYJgQ,33.449233,-112.065458,30,[33.449233,-112.065458,33.449233,-112.065458],[27,11]
8rXqa1KoyH_YhoF-XqJAig,33.6382038313039,-112.363443374634,8,[33.6382038313039,-112.363443374634,33.6382038313039,-112.363443374634],[251,212,11]
Hnl7cO5-WTg5ELgdDWKlXQ,33.449233,-112.065458,28,[33.449233,-112.065458,33.449233,-112.065458],[27,11]
522VUC6Fjuj6JAPo5tHSCw,33.321061644794,-111.723918914795,2,[33.321061644794,-111.723918914795,33.321061644794,-111.723918914795],[99,11]
OD7nfm02bJDvbz7nsikFsA,33.370670700000005,-111.7660788,46,[33.2475,-111.9268138,33.4938414,-111.6053438],[49,312,146,17,152,157,103,7,162,108,33,44,11,62,26,142,43,288,159,328,32,27,46,13,6,30,99,127,54,55,122,84,419,28,29,57,39,145,77,35,194,212,361,71,72,65,133,124,125,313,96]
q1i41qr-zNBDj42dhB16Ww,33.46035225,-111.95088315,5,[33.305759,-111.993252,33.6149455,-111.9085143],[126,97,11,74,24,165,32,95,222,71,72,99]
yxL7MRJ-ceDSPXef7ZhW4Q,33.5061904385714,-111.926436424255,9,[33.5061904385714,-111.926436424255,33.5061904385714,-111.926436424255],[48,11]
1KVpui8f9g0kyoP7s7WCLA,33.5100097,-112.0152845,1,[33.5100097,-112.0152845,33.5100097,-112.0152845],[48,11]
Ac3Kbc7w1G6N5SzTrZZWlw,33.4776948,-111.9994971,8,[33.4527955,-112.0693177,33.5025941,-111.9296765],[99,126,11,48]
kTg3OgRAEVyX6ON-FmWDHg,33.7315317,-112.2107935,11,[33.597474,-112.3025,33.8655894,-112.119087],[32,90,0,1,84,346,3,376,363,384,383]
V6Sr8w8mdkTU1sVKW0Ok8w,33.4245625,-111.9409053,1,[33.4245625,-111.9409053,33.4245625,-111.9409053],[127,11]
hUvyjB7zSt7_rDCId_Zslw,33.4724491,-112.1345686,2,[33.4724491,-112.1345686,33.4724491,-112.1345686],[26,11]
YhkpGX0LPsmxR0aycm1pFg,33.548764028689206,-112.03705099999999,128,[33.4566960573784,-112.151282,33.640832,-111.92282],[28,17,29,27,11,119,126]
FqMOyb71w3YIKvlaq13Uzw,33.5061711,-112.0647931,22,[33.5061711,-112.0647931,33.5061711,-112.0647931],[98,7]
QAwWrE6LLbVHNtZOoDdRRw,33.4311206,-111.88901265,11,[33.3044612,-111.9945753,33.55778,-111.78345],[65,133,373,182,41,11,400,168,127,7,142,9,108,24,27]
fJH98Ok6ZlfBmsd0h_HaUQ,33.302670199999994,-111.84229845,8,[33.3021074,-111.842532,33.303233,-111.8420649],[224,11,7,33,48,47]
2sr930CwqODBPou2fDa00Q,33.3478272,-111.9102573,4,[33.3478272,-111.9102573,33.3478272,-111.9102573],[7,292,98]
ODMCcj_3_sfsjyHNQi8qVw,33.6431970746648,-111.95225555,8,[33.6071829,-111.9746066,33.6792112493296,-111.9299045],[99,48,11,63,27]
H3ieSfAzIkoX7Cdv3pj6RA,33.44448745,-111.9201704,8,[33.3947699,-111.931447,33.494205,-111.9088938],[182,48,140,11,33,117]
1odf2Ebf210FAd8OlPxjug,33.5025941,-111.9296765,115,[33.5025941,-111.9296765,33.5025941,-111.9296765],[46,6]
BBRJjyns_859ARBOKQxSrg,33.4862234,-112.13355315,2,[33.4823893,-112.3408511,33.4900575,-111.9262552],[212,11,311,88,38,39]
u16bR8GliGYeKutolUzqLQ,33.661049000000006,-112.0760872,26,[33.501161,-112.229329,33.820937,-111.9228454],[48,185,11,206,7,108,63,26,265,126,97]
fDN-t4FQ06oWs5UojfDGRg,33.439907399999996,-112.01145389999999,2,[33.422728,-112.0714138,33.4570868,-111.951494],[88,38,39,89,11,48]
chxzx8Xm-77YCYkfgak-YA,33.3354566,-111.876337,5,[33.3354566,-111.876337,33.3354566,-111.876337],[7,162,43,11]
Y8ez_3OTcV-xkyCW99f4bQ,33.36287365,-111.9966014,3,[33.318913,-112.0235948,33.4068343,-111.969608],[33,26,11]
Bq4o8L-bmu58H42WM3iCqw,33.4446654,-112.1557615,34,[33.383123,-112.347038,33.5062078,-111.964485],[39,38,99,128,11,48,40,63,27,24,168,181,229,119,57,69,298,145]
hyMvJGNU_V2PaM3N-VbgqQ,33.6314087,-111.9277678,2,[33.6314087,-111.9277678,33.6314087,-111.9277678],[68]
eCiH5QFuCHoa54L0EHC2-Q,33.42432,-111.954679,39,[33.41389,-112.00644,33.43475,-111.902918],[28,17,29,170]
NkGgNPfbB5Pvid4rnzF-Tw,33.5231165,-112.16786445,6,[33.4354553,-112.2618153,33.6107777,-112.0739136],[182,99,11,33,309,285]
6ZZ2Q8GxBmHr7fNDu5w1Nw,33.652101172709,-112.23368174504,1,[33.652101172709,-112.23368174504,33.652101172709,-112.23368174504],[7,142]
lzIyGPLGbSP3wPzDim2IOQ,33.3355201,-111.89210715,4,[33.2762703,-111.9088938,33.3947699,-111.8753205],[99,11,33,117,48]
XQ7MOtTjnriHXnwoPPNddw,33.6387746,-112.1709674,2,[33.6387746,-112.1709674,33.6387746,-112.1709674],[99,120,11]
bcZd4ohK6CIT_BOQ0_O53w,33.5249592,-112.079573595485,200,[33.3369531,-112.34971999097,33.7129653,-111.8094272],[26,11,210,48,28,170,224,99,333,10,24,7,36,8,247,162,38,273,128,39,138,139,57,69,47,88,298,108,357,27,63,98,142,33,306,140,40,292,117,218,41,323,145,182,185,309,285,293,143,327,192,119,126,97,43,168,232,416,101,42,251,44,205,475,17,152,253,32,172]
QRoOimQBcTQJ296QTWVUNQ,33.48266235,-112.13776875,13,[33.4413816,-112.349511,33.5239431,-111.9260265],[99,44,11,137,7,6,139,33,117,26,38,48,39,210]
EZTu-FHX-nN9shwObRLRAw,33.321061644794,-111.723918914795,9,[33.321061644794,-111.723918914795,33.321061644794,-111.723918914795],[99,11]
nn0cXFcXYRNbAku35h5ZTg,33.449553,-112.075503,2,[33.449553,-112.075503,33.449553,-112.075503],[10,24,11]
i1nj7yZAUypvPJPslhlotQ,33.473124299999995,-111.99908415,29,[33.4360418,-112.0723024,33.5102068,-111.9258659],[7,108,161,28,65,17,29,170,265,11,83,6,48]
Y0TBF33seSRuwkQhJVeRFg,33.4977808,-112.0697308,5,[33.4977808,-112.0697308,33.4977808,-112.0697308],[49,333,52]
adSrV9DKzNvF4eBndQnccA,33.450477649999996,-111.87900735,2,[33.3549553,-111.96828,33.546,-111.7897347],[109,38,11,39,63,265]
dORVpnQ-HR6AVQV54OOo-w,33.4874748,-112.0830342,1,[33.4874748,-112.0830342,33.4874748,-112.0830342],[26,11]
1in3AjAS3r2WrPFllnQ9MA,33.6396979,-112.1369979,1,[33.6396979,-112.1369979,33.6396979,-112.1369979],[282,72]
LCG87SGg1wrtj5psS19YGA,33.498279499999995,-111.92693295000001,9,[33.493947,-111.9315649,33.502612,-111.922301],[13,6,65,114,204,12,30]
JJnS30Cjv5CBa1JXyZU5yw,33.4962752,-111.93067905000001,140,[33.4930514,-111.9339561,33.499499,-111.927402],[48,11,28,17,29]
cMrXOviueBrWDS_wa2YQOw,33.6166032,-112.20281305,3,[33.5944266,-112.238379,33.6387798,-112.1672471],[24,11,7,33,142,120,27]
bBYJ4vDrF5WP72EV-d_rVA,33.4346646089965,-111.994210481644,200,[33.4346646089965,-111.994210481644,33.4346646089965,-111.994210481644],[48,11]
kR19tIpfp_OhwbTu6R8uWw,33.475590499999996,-112.03374785,11,[33.455863,-112.072167,33.495318,-111.9953287],[38,99,88,39,40,11,63,208,130,6,32,35]
Fpgz5S8wUw7zzxUjrSQTow,33.6384459,-112.3114297,8,[33.6384459,-112.3114297,33.6384459,-112.3114297],[98,7]
QSGrnwtk5ajtDoQRbpI3dw,33.43562,-111.861593,52,[33.43562,-111.861593,33.43562,-111.861593],[28,17,29]
LQDnciGomjSi-6aubHdE7w,33.5423850174182,-112.22731575,13,[33.5331494348364,-112.2707018,33.5516206,-112.1839297],[11,27,63,12,13,6,24,54,317,7,142]
MUliKalnxiHIBmeRB5d-oQ,33.40272006510485,-111.991918673938,7,[33.2976955302097,-112.0825064,33.5077446,-111.901330947876],[38,140,39,40,48,11,61,13,6,7,98,10,9,168,181,229]
v721TYO7DMiU5Dfd8tOnmQ,33.5337181,-112.13889800000001,5,[33.4292429,-112.2040132,33.6381933,-112.0737828],[26,11]
_drH36K4L-ygi8Q-7qA4rg,33.546,-111.96828,1,[33.546,-111.96828,33.546,-111.96828],[26,127,11]
pKk6NoBezFylhIz9JM0zdA,33.3966674057474,-111.9544479091615,8,[33.3192686114948,-111.981797218323,33.4740662,-111.9270986],[140,24,11,88,38,39,298,99,10,63]
H1IG-ba_yLJ2S5DAOfr_IQ,33.447944,-112.03393,16,[33.447944,-112.03393,33.447944,-112.03393],[28,271]
1MN25_dkxf4282x8lgs6jQ,33.423726,-111.9426366,200,[33.4221126,-111.94542,33.4253394,-111.9398532],[10,24,11,38,99,128,39,296]
MGVbnW9-eYx_DDXmWIpGRw,33.52744905167375,-111.90966800000001,21,[33.3783296,-111.9869486,33.6765685033475,-111.8323874],[126,11,119,201,99,33,37,32,168,285,185]
pOl0ZOiPXxYX5OVtc8WY2g,33.4942059,-111.9602054978335,41,[33.4860023,-111.996292,33.5024095,-111.924118995667],[109,38,11,39,63,7,8,119,101,33,99,27]
palND-kF1qpMLhkcgAnSxA,33.619175850000005,-112.04077885000001,200,[33.4134157,-112.2690577,33.824936,-111.8125],[25,6,57,69,41,11,33,44,224,126,97,7,36,38,39,40,4,13,160,12,114,21,327,108,201,119,162,48,400,63,27,449,89,46,49,50,52,65,112,151,204,300,322,145,101,109,440,78,79,341,26,264,77,35,34,66,265,99,221,186,56,24,128,333,9,8,157,103,10,182,100,425,83,236,212,115,98,45,205,43,120,30]
c4cFM9QSSZE1SxdeGqhBng,33.494205,-111.931447,110,[33.494205,-111.931447,33.494205,-111.931447],[48,11]
EynhUSt-jmNEG_edn-EQRA,33.470126,-112.04693,2,[33.470126,-112.04693,33.470126,-112.04693],[168,26,11]
8qNHkQ39yZMEruWEifhh3g,33.426368,-111.9398551,38,[33.426368,-111.9398551,33.426368,-111.9398551],[88,38,39,298,11]
ZvU1QM-gBP382qZAIjGr5A,33.4329724,-111.9043028,5,[33.4329724,-111.9043028,33.4329724,-111.9043028],[57,69,56]
xUptWoxKv2CONb9UhknHcA,33.492737,-112.380047,3,[33.492737,-112.380047,33.492737,-112.380047],[224,11]
roQMTCeXlPcuT5rp8BFvaA,33.47424218222305,-111.9079874350065,3,[33.3786756,-111.9259092,33.5698087644461,-111.890065670013],[106,54,315,309,119,285,11]
vgWVNDeeWVabcjf8WC6F0A,33.4661264,-111.9175425,3,[33.4661264,-111.9175425,33.4661264,-111.9175425],[49,438,367]
74MN4NWtem-D8vwRuPItHQ,33.305824,-111.991311,4,[33.305824,-111.991311,33.305824,-111.991311],[26,11]
UFLywSnynN3IDgRlynhMcQ,33.5240169,-111.9729581,5,[33.4922985,-112.047101,33.5557353,-111.8988152],[48,11,210,26]
w0y9n8hj7XHMXbO-QzvD8Q,33.494459,-111.9953287,4,[33.494459,-111.9953287,33.494459,-111.9953287],[38,99,88,39,40,11]
Fm3EDKCVdRKsUnfWvJGa_g,33.492381,-111.9259469,29,[33.492381,-111.9259469,33.492381,-111.9259469],[265,48,11]
_GEQxhvVDdE4qBYNem4aZg,33.4653362,-112.0827836,3,[33.4653362,-112.0827836,33.4653362,-112.0827836],[38,39,40]
Pyh9NF78fKSdTQoWk6au-A,33.269014850000005,-111.83229745,6,[33.2333299,-111.8580919,33.3046998,-111.806503],[11,63,33,211,32]
hU93q0Q1IILmFbEGGy4xdQ,33.333768000000006,-111.854072,19,[33.319374,-111.9819,33.348162,-111.726244],[26,11,43,7,24,108,119,109,38,48,39,142,96,72,71]
mYEM5_NAVBkto88I_RF7ow,33.5441745,-112.09837685,26,[33.4493145,-112.2707018,33.6390345,-111.9260519],[27,11,219,218,224,7,138,8,139,15,25,6]
MmkvXw8iscS60FBNnc8amQ,33.3406452,-111.9701824,4,[33.3406452,-111.9701824,33.3406452,-111.9701824],[6,77,35,76]
zsv2dPr2Dg_TKaTQSkj1TQ,33.52977385,-111.9782126,15,[33.5061711,-112.0647931,33.5533766,-111.8916321],[7,292,57,327]
eIwttJhpD7kGjCfsTY_toQ,33.5136394,-112.0734885,10,[33.5136394,-112.0734885,33.5136394,-112.0734885],[7,142,108,292]
7x_veK3owaudG7_8EJCJVw,33.5077595,-112.096706,6,[33.476771,-112.128782,33.538748,-112.06463],[71,72,14,15,6,99,26,11,32,235]
iq0jmx30U0ZAAdm60bz1LA,33.52357996637155,-111.9303080266815,20,[33.4234408327431,-111.997697353363,33.6237191,-111.8629187],[109,38,48,39,11,26,126,27,119,99,352]
Ph4FLAZvEZ2kMF-4Nna4FQ,33.46359525,-112.05350200000001,5,[33.4471735,-112.075503,33.480017,-112.031501],[57,56,10,24,11,38,39]
4jdDJgie5LZvwxjKEfbk3Q,33.4803943,-112.0491027,2,[33.4803943,-112.0491027,33.4803943,-112.0491027],[26,11]
bEJMn_jbXWHTmDPzPOflRw,33.54468675,-112.05751895,38,[33.449188,-112.1835909,33.6401855,-111.931447],[7,24,108,119,11,12,13,6,22,109,38,39,63,27,48,33,40,206]
ZFumpo95KdVjPkImxzSqVA,33.61029,-112.16218699999999,113,[33.579999,-112.226631,33.640581,-112.097743],[99,11,28,17,29,265,126,120,224,26,127]
BEdApkuGmgqI6g4EOPyE8A,33.3483149,-112.00260510000001,3,[33.3058378,-112.012504,33.390792,-111.9927062],[99,246,7,119,139,24,17,423,11,126]
XssqApMkryWqc71ANvemJQ,33.4253128,-112.0291199,28,[33.4253128,-112.0291199,33.4253128,-112.0291199],[28,17,29]
VBUl7VZXBaymJeYLumNwnw,33.373465,-111.971852,160,[33.373465,-111.971852,33.373465,-111.971852],[48,11]
a1nWywtyYJnTRPIk7nRo8w,33.320203785852,-111.9446939218,1,[33.320203785852,-111.9446939218,33.320203785852,-111.9446939218],[126,97,11]
hO7qiLvCzzzf9O_hlpw7fQ,33.74002315,-112.12138780000001,15,[33.6111073,-112.142841,33.868939,-112.0999346],[32,95,222,43,11,7,26,63,27,39,38,128,44,119,108,99,162]
zf68Wa0q1330oL4hpPGyQA,33.4483771,-112.0740373,2,[33.4483771,-112.0740373,33.4483771,-112.0740373],[129,332,79]
krOd6-nWhQTczGwR8gtwiQ,33.43044561768265,-111.951343516084,18,[33.2918306030685,-112.012594,33.5690606322968,-111.890093032168],[26,11,38,7,57,18,109,209,17,39,43,140,27,108,338,24,224,142,74,49,50,52,10]
TFI0Ew5F_9x6LKN8Xp5Igg,33.503134200000005,-112.0487013,19,[33.4354553,-112.0739136,33.5708131,-112.023489],[26,11,309,285,251,24,38,39,40]
1v-zBgBOc5IPm8GlLDNCtg,33.5148507,-111.9520480978335,15,[33.4368974,-111.9799772,33.592804,-111.924118995667],[33,119,11,44,99,63,4,5,6,10,24,49,80,82,59]
FOuh6rLmaU8s5WpI7cst9g,33.4552907,-111.9878697,2,[33.4552907,-111.9878697,33.4552907,-111.9878697],[43,11]
ozN9CiKHceENpjQzroPHGA,33.5612589,-112.1156244,19,[33.5612589,-112.1156244,33.5612589,-112.1156244],[48,185,11]
EPryZwHVaxgBspLbZoZ2CA,33.65316,-112.184993,3,[33.65316,-112.184993,33.65316,-112.184993],[144,11]
9Dw9rhqDdihNHH9JuOvUqQ,33.4645681900305,-112.272752523422,1,[33.4645681900305,-112.272752523422,33.4645681900305,-112.272752523422],[177,500,140,192,11]
3Jw-rYwJEz6jSqPgVVmmhA,33.4743274,-112.03825399548501,182,[33.3211423,-112.34971999097,33.6275125,-111.726788],[6,270,45,8,7,138,97,139,11,65,133,98,10,192,265,142,108,119,224,236,103,44,126,57,69,38,99,128,39,33,148,204,48,137,149,21,127,54,324,9,46,168,181,229,285,185,87,24,12,274,13,22,63,27,26,292,40,434,140,177,206,30,4,5,88,109,89,17,62,153,114,173,112,47,96,72,117,146,91,51,49,312,248,249,15,225,145,101,115,182,28,29,189,18,212,293,188,23,205,307,43,143,311,333,191,162,251,223,170]
50a1qnWBiv5F2KsclkgUlA,33.3263361,-111.8695424758505,8,[33.304845,-111.9797877,33.3478272,-111.759297251701],[120,11,17,62,96,72,24,65,133,63,27,7,292,98]
KQboyl_fk9tmNNm5N7R07Q,33.4169185,-111.9897464,6,[33.378801,-112.070599,33.455036,-111.9088938],[8,7,138,139,192,323,11,33,117,48,26]
ZIc7-zscJgx1l3ADCjWyQw,33.58675635,-112.01918555,6,[33.4948977,-112.0637645,33.678615,-111.9746066],[177,140,11,373,182,41,63,27]
jOs47GO0b7iPsbYZe-lLSQ,33.4481125,-112.0903655,62,[33.25107,-112.309848,33.645155,-111.870883],[38,119,109,39,11,24,26,127,48,49,178,99,63,89,224,244,128,27,251,43,210,10,219,218]
zAfxIeb4aX5XJA1g5C_1uQ,33.541907300000005,-111.98553275,200,[33.4596905,-112.0474855,33.6241241,-111.92358],[161,195,65,99,127,11,48,168,265,185,7,98,8,10]
oiauQVHGdWpYB1jFz2Nbdw,33.5612589,-112.1156244,1,[33.5612589,-112.1156244,33.5612589,-112.1156244],[48,185,11]
mVpNGcC2jULEP_qs029OUg,33.4194512,-111.915926,2,[33.4194512,-111.915926,33.4194512,-111.915926],[38,7,47,88,39,48,11]
wNra71BDprWJ0hgPP0WF6Q,33.5879473,-112.1164668,1,[33.5879473,-112.1164668,33.5879473,-112.1164668],[168,169,11]
sbSC6LegpxXwy5zRd7MwYw,33.407162534253,-111.90964874703,81,[33.407162534253,-111.90964874703,33.407162534253,-111.90964874703],[117,11]
jXRYf6YTVHHi2rLs9NFpeQ,33.5025941,-111.9296765,2,[33.5025941,-111.9296765,33.5025941,-111.9296765],[99,126,11]
t-L-Uz6wESJeSeLb_dP3Jw,33.5879473,-112.1164668,15,[33.5879473,-112.1164668,33.5879473,-112.1164668],[168,169,11]
MnWT2NwEyb3dUDvtqwDevw,33.4973469,-112.05181705000001,5,[33.484487,-112.07643,33.5102068,-112.0272041],[26,11,38,143,293,39,33]
OEIoHR0ERrCqshpQ8qoV1w,33.528532450053746,-111.93190440000001,4,[33.4925020001075,-111.9641728,33.5645629,-111.899636],[119,201,11,88,38,99,39,7,47,48]
AZvMU_d22jUAj6n6PW6wPQ,33.495263,-111.928554,7,[33.495263,-111.928554,33.495263,-111.928554],[26,11]
uSnVWoe8i6kIn2nA9YBvTA,33.578712,-112.124921,1,[33.578712,-112.124921,33.578712,-112.124921],[202,72]
RbLpTIR8UqLRhuMd0zrHJg,33.42010955,-111.92468955,127,[33.4194512,-111.9334531,33.4207679,-111.915926],[38,7,47,88,39,48,11,188,23]
l1gYC_KwH6JLUJBWWhUI_g,33.3870551,-111.99624229255349,92,[33.303908,-112.0653186,33.4702022,-111.927165985107],[6,200,182,172,11]
aPxuJN0t7ORfWiRv_Ve15g,33.5825532,-111.9301931,1,[33.5825532,-111.9301931,33.5825532,-111.9301931],[38,212,41,39,11]
EBdXf-Dl0floRF2A0MDuQw,33.3046998,-111.8423994,3,[33.3046998,-111.8423994,33.3046998,-111.8423994],[11,63]
EN4uD2S9DSqyu1ZReIX9bA,33.49112,-112.079081,63,[33.49112,-112.079081,33.49112,-112.079081],[28,17,29]
Gdg_A_ff-YtLwqHoVv04FA,33.304331,-112.054775,1,[33.304331,-112.054775,33.304331,-112.054775],[340,11]
9JXw_lyO67YQUhxp6mIKvQ,33.4007473,-111.953414743622,11,[33.3354566,-112.047341,33.466038,-111.859488487244],[26,11,7,162,43,97]
gNXf3MEIGpUk7mTMx-YKHQ,33.49842805,-111.92651125,24,[33.494262,-111.9296765,33.5025941,-111.923346],[7,142,192,11]
MGeV5Uy8GIZaAV7qVPV2tw,33.378951,-111.966547,1,[33.378951,-111.966547,33.378951,-111.966547],[168,99,11]
WczdDqTWfFbk9P0db2J3YQ,33.57507045,-112.06716655,200,[33.4371562,-112.1207132,33.7129847,-112.0136199],[27,11,28,240,241,33,43]
IDDmPa9TFatbg6Kx6X8AIw,33.44341385,-111.92886010000001,16,[33.4329724,-111.9534174,33.4538553,-111.9043028],[57,99,91,11,49,66,333,368]
jvmLlf5cG48fCUEPx0Il1g,33.626933,-112.100731,7,[33.626933,-112.100731,33.626933,-112.100731],[212,26,11]
Ejeq3V3-BrhO_4iwWmVBag,33.4787943,-112.0478085,59,[33.4787943,-112.0478085,33.4787943,-112.0478085],[26,11]
t0KIdifpGbCBS4S0U2J0fg,33.41644,-111.834415,2,[33.41644,-111.834415,33.41644,-111.834415],[113,6,116]
mqeNQ4vcv4SSgg2M4lGSsg,33.377274400000005,-111.9681065,2,[33.3197988,-112.00644,33.43475,-111.929773],[49,319,80,59,28,170]
VYKj2fGEMJ5mzudW8808Jg,33.58421975,-111.95181645,135,[33.4920804,-111.9780802,33.6763591,-111.9255527],[54,317,440,260,11]
q8SBDZy6rrYRJVuGP0ncdQ,33.6383817,-112.3460338,8,[33.6381341,-112.3547252,33.6386293,-112.3373424],[129,278,79,119,11]
milzi9DDC_g-GyVY_rLgTA,33.5693997,-112.0740526,2,[33.5693997,-112.0740526,33.5693997,-112.0740526],[26,11]
4p2sI247tCgX5TacNED92w,33.6227623,-111.8739177,105,[33.6227623,-111.8739177,33.6227623,-111.8739177],[98,7,8,137,139]
jiYLfkJo6KPSwWwLRgLpvQ,33.4482756,-112.0697052,6,[33.4471735,-112.0737845,33.4493777,-112.0656259],[26,11,48,88,38,39,89]
0A8YGP_AZOpcdm85khOhkw,33.482598,-111.935074,2,[33.482598,-111.935074,33.482598,-111.935074],[26,11]
jDhIoI1Xw4o_T_d-18madg,33.647373,-112.05474895,6,[33.6390616,-112.17947,33.6556844,-111.9300279],[99,11,71,72]
PwGc-ZpLD70ATbNdEi7uOA,33.5709348,-112.04805565000001,6,[33.4881846,-112.135621,33.653685,-111.9604903],[7,47,48,11,54,55,122,256,182,194,172]
NvIAJ9JCeDZyVmjxLPGBPQ,33.4922985,-111.9245517,84,[33.4922985,-111.9245517,33.4922985,-111.9245517],[210,11]
ii1_Yg7Sc1-bEtpiM5gGkw,33.6553068,-111.9737791,8,[33.6345046,-112.022179,33.676109,-111.9253792],[49,80,59,97,11]
hNc8MsGiqAQZCXLuuG2-wA,33.448588,-111.684508,1,[33.448588,-111.684508,33.448588,-111.684508],[28,241,394]
ZyqXiqZjP9O-iZqqqBy9IQ,33.3702541,-111.9741847,9,[33.3702541,-111.9741847,33.3702541,-111.9741847],[265,11]
fG7s459inqGcAwvm9_aeWA,33.502191,-111.996292,2,[33.502191,-111.996292,33.502191,-111.996292],[109,38,11,39,63]
QTB78VnF09xbjJlZflClYQ,33.5470924,-111.93104985,9,[33.5288312,-111.9730855,33.5653536,-111.8890142],[49,80,59,161,195,65,39,38,26,127,11,57,69]
hpSXX0T80dpiTHeOIphFHA,33.38711355,-111.92301215,67,[33.2614572,-112.0740123,33.5127699,-111.772012],[63,27,11,99,48,109,38,39,7,108,26,210,24]
uHLV3M6iaG_WFpkmokzeog,33.5123186,-111.995355,19,[33.5123186,-111.995355,33.5123186,-111.995355],[119,99,11]
0Gw3cFUg-vRWe_gtN3wG3Q,33.43595315,-111.91071725,5,[33.3926383,-111.9110915,33.479268,-111.910343],[64,104,65,133,7,108]
a2Eczq8Hi0iN2cNFC7xRSw,33.4322113,-112.0429513,2,[33.4322113,-112.0429513,33.4322113,-112.0429513],[28,271]
7IWNzfnDVs16lcQaoOk4lg,33.4379391,-111.96921069999999,27,[33.422728,-111.9869274,33.4531502,-111.951494],[88,38,39,89,11,28,17,29]
JP6nHrIgmAMPMchiwbSnnw,33.4446468592755,-111.90178211068,21,[33.394030718551,-111.928554,33.495263,-111.87501022136],[63,27,11,26]
eZkcGIRHgXLVojwGa1ZXFQ,33.5019817,-111.9276185,9,[33.5019817,-111.9276185,33.5019817,-111.9276185],[38,48,39,11]
emsiinAn0aqY4uTK9QFrVg,33.6091116,-111.93193085,48,[33.519588,-111.9746066,33.6986352,-111.8892551],[7,142,108,26,11,185,63,17,62,126,9,10,27]
EAgEqyk9xX29zylZao3rBA,33.60755925,-112.14187725,10,[33.5030185,-112.201447,33.7121,-112.0823075],[49,230,7,142,292,251,11,43,24,9,119]
HhQgGzG9OvGNj8vEZxaFrQ,33.3053089,-111.9007734,7,[33.3053089,-111.9007734,33.3053089,-111.9007734],[38,39,11]
qFmdRn9ymfL1XANdKUPERw,33.55422205,-111.88976815000001,3,[33.4354618,-111.9102319,33.6729823,-111.8693044],[185,11,27]
wWTPOKaUgcB0z6uWZOqpLw,33.84064335,-112.4977476,111,[33.709536,-112.7223852,33.9717507,-112.27311],[7,142,27,11,26]
AIWn658mehwltRRQwe-RHg,33.487631050000005,-112.0393342,12,[33.457863,-112.0829285,33.5173991,-111.9957399],[38,48,39,11,12,114,13,6,126,97,7,187,10,139,61,35,70,76]
H1kH6QZV7Le4zqTRNxoZow,33.495379,-111.976742,12,[33.495379,-111.976742,33.495379,-111.976742],[106,54]
aNlZYLDNgnvLjFRisY70Bw,33.3136539,-111.91711635,2,[33.3060918,-111.967898,33.321216,-111.8663347],[10,11,71,72]
iQiiCZDlisBYApaPCM7uxA,33.5346548,-112.172661,21,[33.430535,-112.345359,33.6387746,-111.999963],[26,11,212,361,43,33,117,7,108,49,39,341,99,120,322,57]
VEBEgP5znWFtgmS5u3A_4g,33.425938,-111.940346,1,[33.425938,-111.940346,33.425938,-111.940346],[123,65]
rgNBZ5k7q0cXs50hd6X2eA,33.4726901926666,-111.868286132812,1,[33.4726901926666,-111.868286132812,33.4726901926666,-111.868286132812],[328,32]
IPyJI6oEpG7AnI7JYW4gcA,33.6228432,-111.9253506,1,[33.6228432,-111.9253506,33.6228432,-111.9253506],[123,65]
renfVZ7QaPXyqGxsn3AOlQ,33.41430105,-111.99938315,14,[33.317906,-112.072854,33.5106961,-111.9259123],[38,265,39,11,126,97,63,27,6,77,35,76,99,88,40,48,352,57,228,109]
IBvVM-Y_cZMqF7qzM4MXTw,33.5288312,-111.9730855,2,[33.5288312,-111.9730855,33.5288312,-111.9730855],[161,195,65]
qQkgx1tX3KcAfApXoPAmtQ,33.8104593,-112.0657477,4,[33.756006,-112.1388544,33.8649126,-111.992641],[119,11,65,133]
GUrPmYze-oF6NFDJusiSNw,33.4693705,-111.97145975000001,200,[33.4287313,-112.0152845,33.5100097,-111.927635],[7,8,119,11,28,342,240,241,38,99,39,40,48,24,109,63,17,29]
UhojU4JtImA_1AQLuoofsA,33.2762703,-111.8753205,1,[33.2762703,-111.8753205,33.2762703,-111.8753205],[99,11]
FrQ6yJ3ZQet28UsnxfHgmA,33.4642694,-111.97726355,10,[33.418499,-112.0146407,33.5100398,-111.9398864],[224,11,7,108,24,36,99,26,98,8,247,33,38,39]
LBadB-iG05FtCXHyj-KfMA,33.43360315,-111.8883956,4,[33.3986293,-112.0735262,33.468577,-111.703265],[11,63,168,26]
I0dkf0amlNqsz-dYwlwhNA,33.4303965,-111.9377527,4,[33.4303965,-111.9377527,33.4303965,-111.9377527],[234,263,498,1]
Uk5MT5yT3rnVeSAcbNbSGA,33.545477399999996,-111.95070145,4,[33.480803,-111.9768512,33.6101518,-111.9245517],[101,38,39,49,193,59,210,11]
9sHPMcbjaaKX1MufCn_vew,33.28526225,-111.85065685000001,8,[33.2587342,-111.8601,33.3117903,-111.8412137],[7,142,149,24,11,251,43]
Bel0JfJSWfHew_scPr6VBQ,33.3498343,-111.91543200000001,7,[33.3060616,-111.98155,33.393607,-111.849314],[26,11,251,43,32,95,222,373,153,72,354]
1pvyoQKpAsgp013TIhabpA,33.425711,-111.94047,30,[33.425711,-111.94047,33.425711,-111.94047],[38,7,47,39,48,128,11]
b8vpDCrjDwjXSr92JVp-PQ,33.492513849999995,-112.0718523,79,[33.272043,-112.2581306,33.7129847,-111.885574],[7,36,39,119,48,38,11,142,27,24,126,49,146,341,44,212,265,206,32,95,222,33,292,99,127,352,194,43,128,101,109,440,63,475,46,6,97,322,57,293,8,307,40,120]
cOaan-hRNqiZHPJ24gUhSg,33.4003437,-111.9670276,9,[33.2618144,-112.073781,33.538873,-111.8602742],[48,11,177,168,169,63,26,57,145,38,39,40,140]
sVs1Fi-oKH2PUgPIGncdvA,33.5160857786892,-112.01061490000001,15,[33.4566960573784,-112.0734644,33.5754755,-111.9477654],[57,470,145,39,119,11,322]
xctkOGOyxJdKFmK931MbrA,33.66952695,-111.9782675,6,[33.6071829,-112.103672,33.731871,-111.852863],[48,11,210,7,162,108,201]
blEfx8SZGoojgrEBaKvESw,33.499619749999994,-111.92554385,5,[33.4922985,-111.926536,33.506941,-111.9245517],[210,11,475,48]
IkOaRADjz1YxUXpe7BNf4A,33.47940875,-112.03793830000001,5,[33.4487652,-112.079564,33.5100523,-111.9963126],[57,39,145,206,11,38,99,128,33,48]
JkrcJEYrAonLW3mW2nM3Hw,33.4483771,-112.0740373,167,[33.4483771,-112.0740373,33.4483771,-112.0740373],[26,11]
KnOEu28IKLhEX3sCmTn9_A,33.493572,-112.0220912,81,[33.441144,-112.0759024,33.546,-111.96828],[26,11,127,48]
7_ZhEUnA-ymFeBObvs40Fw,33.490321949999995,-112.2123993,11,[33.463308,-112.3556173,33.5173359,-112.0691813],[64,123,65,109,38,48,39,11,43,224,26,49,28,178,17,29]
ZOfnb8K6xjteg6XwKGgEdw,33.55471075,-112.11467809999999,40,[33.4471735,-112.1883568,33.662248,-112.0409994],[119,11,48,63,13,6,115,372]
6S738WNX_y4uK-izT7VSRA,33.4373684849164,-112.002139091492,11,[33.4373684849164,-112.002139091492,33.4373684849164,-112.002139091492],[38,26,39,40,11]
R9sHk0qYLnDujDnzLahm5A,33.4587919,-112.0715044,22,[33.4587919,-112.0715044,33.4587919,-112.0715044],[57,145,38,39,40,48,11]
Fy1IUWY-zaQPc6R-0RrIxg,33.4874748,-112.0830342,2,[33.4874748,-112.0830342,33.4874748,-112.0830342],[26,11]
kQ7gYD590yv3_pWJMj68Ag,33.5021397,-112.06210175,60,[33.479992,-112.076718,33.5242874,-112.0474855],[307,27,172,11,99,127]
xi0j2fpeE4yQkpHwq7evEg,33.598143,-112.1551645,5,[33.563845,-112.236796,33.632441,-112.073533],[7,36,99,11,63]
4DpuATPK5ZvYjb3ypoKsBw,33.32741955,-111.88610990000001,4,[33.3201271,-111.911648,33.334712,-111.8605718],[43,11,168,42,24,10,44]
aASheH6VJ9bJCK9zrHSYcw,33.5022311,-111.924255,114,[33.5022311,-111.924255,33.5022311,-111.924255],[126,97,307,11]
NetQ77yoT8wIZjXPpYjZtw,33.351089,-111.84303,21,[33.351089,-111.84303,33.351089,-111.84303],[149,126,11]
ZurWLobUIpoh2wd_jqxASA,33.379421,-111.923529,1,[33.379421,-111.923529,33.379421,-111.923529],[27,11]
MvrDvzGQqJxeoGFdYZSq3w,33.406657949999996,-111.89178305,75,[33.3826659,-111.9398551,33.43065,-111.843711],[57,327,88,38,39,24,11,28,17,29,298]
J7i0vruZjgRRZAFTFH_SQg,33.55451825,-111.9613501,5,[33.5024095,-111.9955012,33.606627,-111.927199],[49,80,82,59,7,8,119,11]
GN3sM0eFW5wotXl2Pc2j9w,33.5086952779617,-111.927080154419,1,[33.5086952779617,-111.927080154419,33.5086952779617,-111.927080154419],[99,11]
AQxlX8bOQiSDwvlrHThnMg,33.4063544,-111.9833776,13,[33.306501,-112.0915342,33.5062078,-111.875221],[24,11,48,38,39,251,43,119,7,8,108,40]
93B3zXGm_7LWJJMhdD2hFQ,33.575415,-112.0651595,1,[33.575415,-112.0651595,33.575415,-112.0651595],[33,11]
_JHs2fAdeWf0Wp_rAAg4iw,33.6256318760014,-111.817810132016,13,[33.3779531,-112.149875164032,33.8733106520028,-111.4857451],[7,108,192,140,11,46,13,6,372,30,142,33,49,66,57,69,445,52,114,484,8,119]
8_X1QE1QFdLNAezPQUC2wg,33.38416985,-111.96662845,7,[33.3211614,-112.0744503,33.4471783,-111.8588066],[57,145,38,39,48,11,27]
vipSiSxRH0fIo9qbfjsHpg,33.4622851,-111.9821733,7,[33.3840503,-112.0772,33.5405199,-111.8871466],[173,6,420,112,177,140,11,49,233,26]
ZqGuGrszydORg8m0fOLZWQ,33.5828297331931,-111.887102732333,9,[33.5828297331931,-111.887102732333,33.5828297331931,-111.887102732333],[119,99,11]
YzZI-nzzrpqN1Q4PVIQBzA,33.6556844,-111.9300279,3,[33.6556844,-111.9300279,33.6556844,-111.9300279],[99,11]
Ey811HjTgSc_sbg9nnfHig,33.3051971,-111.9660156,11,[33.3051971,-111.9660156,33.3051971,-111.9660156],[28,17,29]
vHbANQMpUNyu_E9NJECKeg,33.5668050728745,-111.92547082901,3,[33.5668050728745,-111.92547082901,33.5668050728745,-111.92547082901],[224,11]
FDPjfyyHNfy9tqyxo27QeQ,33.51362435,-111.949316381885,130,[33.4986978,-111.97437286377,33.5285509,-111.9242599],[28,17,29,251,224,212,43,11,126,49,445,66,52]
AocZllFfyIzNWmoUUPJ9TA,33.5025941,-111.9296765,7,[33.5025941,-111.9296765,33.5025941,-111.9296765],[7,292,99,48,11]
6lop0NHAg7fGeVqzMm_YUw,33.3932601,-111.8686061,2,[33.3932601,-111.8686061,33.3932601,-111.8686061],[24,11]
R0kqmv0FsYKdz8w-Fe2IgQ,33.4299135,-111.993675,80,[33.425077,-112.00644,33.43475,-111.98091],[28,17,29,170]
N8N0FDyHnZzpDGiKvzw0yA,33.491382200000004,-111.9237284,3,[33.488923,-111.9268138,33.4938414,-111.920643],[38,99,39,40,11,27,57,327]
wR9Ts7p6mwHA82njQgRT3Q,33.4710594,-111.73191704999999,71,[33.4156823,-112.0739818,33.5264365,-111.3898523],[185,11,27,99,102,103,127]
RSPbzc9odhigfqNCQIj4ow,33.5024987,-111.9258947,8,[33.5024987,-111.9258947,33.5024987,-111.9258947],[7,292]
Enu9wMbeIQ-NMypyqgI_8g,33.421166,-111.910514,1,[33.421166,-111.910514,33.421166,-111.910514],[71,72]
xfq1TTY4Vw0WSKLQDZZLuA,33.498915,-111.928258,59,[33.498915,-111.928258,33.498915,-111.928258],[11,63]
VX19Ko2AmiAr8KwBCNpqvg,33.824936,-111.923786,10,[33.824936,-111.923786,33.824936,-111.923786],[7,449,89,11]
vWZsmtNF2O5W_hcBRFK3lg,33.52719875,-111.9502974,55,[33.4239428,-111.996292,33.6304547,-111.9043028],[465,57,39,145,205,38,99,128,11,44,7,194,49,312,504,91,126,97,8,6,45,119,48,101,26,265,109,63,27,33,40,273,158,28,306,470,52,333,326,341,88,229]
9wHht9GLLiyxtoNMRNBiAA,33.8321704,-111.9583011,100,[33.8321704,-111.9583011,33.8321704,-111.9583011],[48,11]
nfQBSI4UymhmBTJpd_D_VA,33.502049,-111.9182798,3,[33.502049,-111.9182798,33.502049,-111.9182798],[38,11,99,128,39]
1KU73MSwUzxhrDMKsJ0T7Q,33.400566749999996,-111.9839718,6,[33.3059969,-112.0827836,33.4951366,-111.88516],[38,39,40,48,11,99,88,26]
fWsujQq_PGtCAgOGQw2jFw,33.3949852,-111.8417698,2,[33.3949852,-111.8417698,33.3949852,-111.8417698],[4,6]
B4wYawXXCI-5GR6FdCAGJw,33.45908625,-111.95994265,12,[33.278073,-112.1307323,33.6400995,-111.789153],[7,108,39,38,26,127,11,27,128,33,142,24,99,265,57,145,98,192,65,105,133]
1mal-cvLhyX8iGEt56_5Dw,33.4421156,-111.9940173573975,98,[33.2587342,-112.2641158,33.625497,-111.723918914795],[7,162,108,36,298,99,11,26,8,98,119,24,177,140,46,13,6,30,18,17,27,48,206,311,38,128,39,78,79,182,33,47,313,224,142,63,57,69,327,110,265,251,43,212,397,56,65,133,71,72,73,62,126]
BTKjGAOLe-ZY8bPGHGb0jw,33.5051799,-111.9267422,20,[33.5019817,-111.9276185,33.5083781,-111.9258659],[28,17,29,26,11]
lbczieT2o1cVCxwlo8-_xw,33.34260795,-111.94565614999999,7,[33.3057949,-111.9677833,33.379421,-111.923529],[27,11,99,185]
m7j9e53ycZxjWYBD7rZVng,33.593425876001405,-112.10021069999999,200,[33.3135411,-112.3594533,33.8733106520028,-111.8409681],[251,11,38,99,39,40,48,119,7,57,18,109,209,17,49,50,52,10,139,8,24,322,56,260,259,126,292,108,157,103,137,111,112,113,6,185,30,13,45,163,115,4,114,12,160,101,33,128,231,182,140,84,147,98,218,307,26,28,170,44,138,254,142,155,54,156,63,117,333,177,224,27,46,129,175,332,121,79,43,200,204,65,265,97,240,241,29,62,483,41,181,64,36,372,47,88,298,210,473,373,91,141,69,161,80,59,379,77,35,375,118,229]
huQGRk1HTfmBSlry9syljA,33.5008018,-112.0824532,1,[33.5008018,-112.0824532,33.5008018,-112.0824532],[26,11]
oFAwYw-QY5giKjil_QpQaQ,33.4216092,-111.9429427,128,[33.4216092,-111.9429427,33.4216092,-111.9429427],[26,11]
65gHHzdRTx0PPSD3sYVw5Q,33.443158,-111.94520714999999,7,[33.348162,-111.9819,33.538154,-111.9085143],[49,322,57,146,52,126,97,11,26]
LNOSAWJOKbesMvtVbBYMRw,33.24463,-111.63408,1,[33.24463,-111.63408,33.24463,-111.63408],[212,41,11]
MqNlJFQsrq5qc2M6vC_Hkw,33.564316,-112.287647,1,[33.564316,-112.287647,33.564316,-112.287647],[212,11]
NEKbYSlk9r8llHddrhXFgw,33.4492,-112.0696,4,[33.4492,-112.0696,33.4492,-112.0696],[214,239,11]
1uqJgtauGrghzYzQPjEW5w,33.48853175,-112.0262762,2,[33.4645035,-112.039829,33.51256,-112.0127234],[72,154,398,54]
sOhtJDy7nOuVK3Zchxhg_g,33.31798155,-111.8162349,4,[33.2812619,-111.84268,33.3547012,-111.7897898],[4,5,6,7,108,48,11,340,201]
W0JW3wOpgcpR2FXY01B6jg,33.421657,-111.944749,2,[33.421657,-111.944749,33.421657,-111.944749],[88,109,38,39]
QnpJPMOj88k7jzNPFTEb0A,33.54263385,-112.17191735,8,[33.4471778,-112.2707018,33.6380899,-112.0731329],[49,38,39,128,341,46,6,15,191,27,11,13,30,18,17,7,48,47]
jGXQJkVV-fuq8GfhjUw2eQ,33.321726,-111.875811,21,[33.321726,-111.875811,33.321726,-111.875811],[109,38,27,39,11]
Uuq_2GXv7UPp5m9REvWw0A,33.6400311,-112.070196,11,[33.6400311,-112.070196,33.6400311,-112.070196],[7,108]
X0_NDdJRx6lXFonjP6RtRQ,33.421617342644,-111.9466751753,1,[33.421617342644,-111.9466751753,33.421617342644,-111.9466751753],[63,27,11]
nSB9tYj1ysPG2BAvuvTg3g,33.5380237,-112.06963675,3,[33.5005719,-112.0741143,33.5754755,-112.0651592],[7,108,119,11]
re_KrjXQ1A-W4FLuzZmGlw,33.49112,-112.079081,9,[33.49112,-112.079081,33.49112,-112.079081],[26,11]
KtrSxnWC0I18huCAfjAAcA,33.483768350000005,-112.06874275,2,[33.455863,-112.072167,33.5116737,-112.0653185],[210,11,212]
xK2O0YBqryz9RR1drjbmdA,33.578039000000004,-111.92936105,11,[33.477178,-111.93753,33.6789,-111.9211921],[38,39,40,106,54,107,64,65,28,17,29,11,210,119,48,24]
MBZDzN04PlnKUnWUw6-yTQ,33.492722,-112.073346,25,[33.492722,-112.073346,33.492722,-112.073346],[26,11]
31OCtFHS1IdRBI__XDalrA,33.4938414,-111.9268138,26,[33.4938414,-111.9268138,33.4938414,-111.9268138],[27,11]
xANq-pjGN0Dtf61OKMe1zA,33.4074413,-111.9099121,1,[33.4074413,-111.9099121,33.4074413,-111.9099121],[224,11]
L0etHeDUy1hiL0jOwH9WhA,33.677854,-111.978579,2,[33.677854,-111.978579,33.677854,-111.978579],[27,11]
4PtC1I1t3OH_31rYJ2daeQ,33.579585,-112.01248,1,[33.579585,-112.01248,33.579585,-112.01248],[261,54,55]
mPXVpfOgnFA6KK5aMjg-AQ,33.4399949,-111.9265,1,[33.4399949,-111.9265,33.4399949,-111.9265],[10,11]
3wT2nMenh6XxchJFZZuexQ,33.35591975,-111.9383076,11,[33.333612,-111.946871,33.3782275,-111.9297442],[6,110,43,11,27]
r_w5uQcFH_5516hVXkbSrw,33.4588800976063,-112.067981958389,2,[33.4588800976063,-112.067981958389,33.4588800976063,-112.067981958389],[27,214,11]
l-mt2osx26NqUjs2D_3JDw,33.54697935,-111.92518294999999,2,[33.5278497,-111.9258842,33.566109,-111.9244817],[7,142]
N9hoIdFcTiEzqHypxfu1Nw,33.2664769,-111.9918702,1,[33.2664769,-111.9918702,33.2664769,-111.9918702],[48,11]
-uymjihQpqfeoQ1J2vq47w,33.493181,-111.9297091,26,[33.493181,-111.9297091,33.493181,-111.9297091],[38,48,39,40,11]
3e3Ckqy5wR_NIyGppVsO4A,33.6696493,-112.1868299,15,[33.6696493,-112.1868299,33.6696493,-112.1868299],[126,97,11]
rNsEqyER_kBh6mjPXEPkmA,33.4509426,-111.7881823,1,[33.4509426,-111.7881823,33.4509426,-111.7881823],[96,72]
f6I4_Nn4LII0oy84UxEhuQ,33.594561,-111.7126629,4,[33.594561,-111.7126629,33.594561,-111.7126629],[43,11]
HfwO9GnaP-9VdI0afwgmrA,33.452330149999995,-111.91436005,116,[33.320648,-112.07454,33.5840123,-111.7541801],[126,11,49,52,57,327,99,48,38,168,298,88,39,251,145,4,5,6,322,40,7,36,8,229,12,114,13,97,101,47,128,63,24,27,33,44,177,140,89,51,186,56,109,440,77,35,76,250,119,182,14,15,333,28,170,202,72]
Kmtui6Q9md18Cqk7QHTBOA,33.290035599999996,-111.83080770000001,11,[33.25107,-111.870883,33.3290012,-111.7907324],[10,24,11,43,49,99,178,341,30,8,13,6,7,110]
1d2rxUAYHfMzdnyTfC2U5Q,33.3055845,-111.9002766,14,[33.3055845,-111.9002766,33.3055845,-111.9002766],[4,6]
mEQeTyMs9sSQHFpWebGRRw,33.582555,-111.930192,12,[33.582555,-111.930192,33.582555,-111.930192],[126,97,11]
9iSPdf9MGAzDAstPgqzdYg,33.4368307424582,-112.006983045746,14,[33.436293,-112.011827,33.4373684849164,-112.002139091492],[38,48,39,11,26,40]
PTCJOtFcT0Y9nNJ37FV99A,33.5009259,-112.05020005,5,[33.491645,-112.073196,33.5102068,-112.0272041],[38,140,39,40,48,11]
yrjYaNwH2lA3-xOAtwvKDw,33.4957558,-111.9159147,2,[33.4957558,-111.9159147,33.4957558,-111.9159147],[98,7,206,11]
_haLHDP1L8zYIoZUqmlX_A,33.5025941,-111.9296765,9,[33.5025941,-111.9296765,33.5025941,-111.9296765],[265,48,11]
Yw-xww_bW2vHYEpFmw3-AQ,33.705829126001404,-112.1067334,20,[33.5383476,-112.2680974,33.8733106520028,-111.9453694],[117,11,26,43,27,99,62,17,185,285,46,13,6,372,30,307,212,126]
0cIXWwrIWEW0qBzfPVZjMQ,33.3033574,-111.9842837,1,[33.3033574,-111.9842837,33.3033574,-111.9842837],[136,17]
-b7cOaw9H_SnyrHir7i2hg,33.3820317,-111.8060739,1,[33.3820317,-111.8060739,33.3820317,-111.8060739],[129,121,79]
qWU5Uzmc__HsOzz_owypuQ,33.5238655422589,-111.803608908299,29,[33.4652707845178,-111.928442716598,33.5824603,-111.6787751],[99,11,28,17,18,29,7,168,380,139,185]
tLrjg5jMmBfnnTs3d61SWw,33.4430836,-112.08644135,74,[33.3582072,-112.2641158,33.52796,-111.9087669],[26,11,24,49,178,101,38,39,265,185,7,98,10,9,57,327,99,128,119,33,48]
T_aIPJKo-w5WAzNyTCo76w,33.5025941,-111.9296765,6,[33.5025941,-111.9296765,33.5025941,-111.9296765],[414,13,6,21]
1RzVTIr6nxAwPV7RB7-U0Q,33.479041550000005,-111.99863295,24,[33.3210491,-112.1819312,33.637034,-111.8153347],[26,11,7,313,27,212,361,33,168,42,43,224,265,48,126,97,119,15,25,6,108]
VDQYAOpUqizcbSz0BFn6bA,33.4360415,-111.9956337,200,[33.4360415,-111.9956337,33.4360415,-111.9956337],[28,240,241]
06gumhkxl787Td84ljLt1w,33.9690851,-112.7294646,111,[33.9690851,-112.7294646,33.9690851,-112.7294646],[39,11]
r5qsCgszWKK7rmPgvO_9kQ,33.536248799999996,-112.00706305,8,[33.4471735,-112.073781,33.6253241,-111.9403451],[7,142,43,11,48]
weYT-xJwz8o7mLNWIhD6HA,33.4266736,-111.9316105,182,[33.2135559,-112.371176,33.6397913,-111.492045],[182,172,11,26,49,265,146,119,99,7,142,169,48,47,126,6,35,76,139,247,219,218,41,212,39,439,185,98,24,224,416,36,84,414,419,13,140,78,79,28,102,190,103,38,128,161,65,251,168,101,27,361,57,56,33,221,40,43,109,127,8,147,133,63,181,229,253,32,90,88]
T59ockI_okAa9FC1G9CxbA,33.4577783,-111.97432715,16,[33.4149847,-112.0741143,33.5005719,-111.87454],[7,162,108]
i1MrAu2gmWBRe5blYu0n4g,33.345569,-111.831218,1,[33.345569,-111.831218,33.345569,-111.831218],[71,72]
9zojQp5cEbeNuZSkTg1h2g,33.5778875048764,-111.972161265069,3,[33.5102068,-112.0272041,33.6455682097528,-111.917118430138],[28,158,17,29,48,11]
CjiTbNTTay-ItJScCeEQGQ,33.4603439792529,-112.1341666425535,118,[33.4536003,-112.3411673,33.4670876585058,-111.927165985107],[119,11,182,172]
wiqyTpHUG3diuTXcdqjlsg,33.509207950000004,-112.0149924,17,[33.3054251,-112.1130158,33.7129908,-111.916969],[11,63,219,218,41,7,142,187,10,139,373,97,33,99,108,120,72,390,212,24]
MwlG5hlG2lft1dRIkTHAXg,33.4150496,-111.8328578,21,[33.4150496,-111.8328578,33.4150496,-111.8328578],[84,86]
jnhnClOy9H2_MUOK59MFsw,33.4540627068733,-112.013506499649,200,[33.3702541,-112.055160999298,33.5378713137466,-111.971852],[63,27,24,11,265,158,28]
vlqzcpI2AbmuQIjCgBCIcQ,33.494205,-111.931447,1,[33.494205,-111.931447,33.494205,-111.931447],[48,11]
q9HeJR36OE4bX2z5q6hgeg,33.529580949999996,-111.89036085000001,5,[33.384163,-111.9776027,33.6749989,-111.803119],[212,126,97,11]
0lyVoNazXa20WzUyZPLaQQ,33.548553916371546,-112.11518079999999,21,[33.4234408327431,-112.3411065,33.673667,-111.8892551],[63,27,11,48,120,17,62,109,38,39,128]
tex4GbKOwVVV8VW268EJKg,33.2762703,-111.8753205,2,[33.2762703,-111.8753205,33.2762703,-111.8753205],[99,11]
MoDaWSTSJpMjrW6Vf6w4lw,33.541849,-111.9225305,129,[33.501821,-111.925123,33.581877,-111.919938],[27,11,265,185]
pib2byZGRbdt5pFfwsxS4Q,33.65379,-112.23381,2,[33.65379,-112.23381,33.65379,-112.23381],[65,133]
dM6rgf2VAiWKjhKxSqDSWw,33.3793261,-111.6002804,1,[33.3793261,-111.6002804,33.3793261,-111.6002804],[7,292,142]
fAVmVIGVKNypvKdXBUi7Dw,33.6078991,-112.0431124,3,[33.5754756,-112.0651766,33.6403226,-112.0210482],[38,48,39,40,11,99,185]
S5OH3jGdfK3hMDmQTK0vUw,33.449233,-112.065458,1,[33.449233,-112.065458,33.449233,-112.065458],[27,11]
CzTk3ANVak4EbUOsS79j5w,33.494770700000004,-112.11629405,6,[33.448474,-112.1849382,33.5410674,-112.0476499],[28,17,29,274,6,13,38,39,40,112,22,151,12,57,56]
4lc_H2Cf7CO0tCgyA3aSVQ,33.4552907,-111.9878697,200,[33.4552907,-111.9878697,33.4552907,-111.9878697],[43,11]
HFIuj45MwNx-cJkTamazSQ,33.423526,-111.9707715,41,[33.308292,-112.082949,33.53876,-111.858594],[10,24,11,212,43,7,108,46,6,8,119,57,56,39,145,63,27,168,265,26,88,38,298,104,161,105,65,33,40,48,126,97,99,194,307,172,210,224,140,177,285,12,114,13]
qiFSE6XqglTE9FDXkzSiNQ,33.40946955,-111.75032680000001,4,[33.3833071,-111.815296,33.435632,-111.6853576],[126,11,26]
ATdMWtGvpaJGmA9AfS73Yw,33.56373665625795,-111.907291799202,2,[33.500169,-111.919817,33.6273043125159,-111.894766598404],[39,38,99,128,11,57,69,48]
NrdRic2OHEwD7V60CfUFAA,33.5307049,-112.0151722,1,[33.5307049,-112.0151722,33.5307049,-112.0151722],[11,63]
g3fGZBCMH9Z_eG4nLYnIpA,32.9479262,-112.7128951,70,[32.9479262,-112.7128951,32.9479262,-112.7128951],[119,99,120,11]
cstP7n6bm3cOOS9qGj0CNQ,33.617734,-112.235972,1,[33.617734,-112.235972,33.617734,-112.235972],[129,332,79]
IHVF5R6CKV3oCVnyusdOOQ,33.2618144,-111.8602742,4,[33.2618144,-111.8602742,33.2618144,-111.8602742],[177,11]
MRCFC1By7hvPyLXVQzDYOw,33.6551017,-111.9258431,4,[33.6551017,-111.9258431,33.6551017,-111.9258431],[141,6]
4mILqmATFktvFYWqrpRAUg,33.408025499999994,-111.8925314,28,[33.306349,-112.042514,33.509702,-111.7425488],[7,48,47,11,38,39,99,43,182,140,101,40,24,109,27,173,6,112,26,57,91,128,189,10]
Et01UwrnAtebjDQWxqt2pA,33.4462892,-112.0686882,1,[33.4462892,-112.0686882,33.4462892,-112.0686882],[38,128,39]
djYtigvUdXUDih6z9HlmtQ,33.4962205,-111.9641728,78,[33.4962205,-111.9641728,33.4962205,-111.9641728],[38,140,39,40,48,11]
