2KXDf0BSxLmEj0ubzrnlvg,33.4517257,-112.0967863,1,[33.4517257,-112.0967863,33.4517257,-112.0967863],[7,108]
9NFCtdbq9o9L1mqOFoOcSA,33.5222185,-111.9595033,2,[33.5222185,-111.9595033,33.5222185,-111.9595033],[38,39,40]
hbERnrsgpSrhxckeqvLhyA,33.3775316,-111.8596924,1,[33.3775316,-111.8596924,33.3775316,-111.8596924],[210,181,11]
HynpVB8jLFTtjajMkK181A,33.487276,-112.030849,3,[33.487276,-112.030849,33.487276,-112.030849],[120,11]
eWZ4aKOULfOwZ6iWWCYW0g,33.47011245,-111.99916635,160,[33.4471735,-112.073781,33.4930514,-111.9245517],[17,18,28,29,322,57,470,145,39,210,11]
zYEGSiySw-UTGjz0g9iz_A,33.5065813,-111.9257416,1,[33.5065813,-111.9257416,33.5065813,-111.9257416],[132,105,65]
xhrZ65fnDEAOpQkjvF49PQ,33.600977900000004,-112.22084965,3,[33.5948508,-112.3782723,33.607105,-112.063427],[65,133,27,24,11]
YscFkZFf11-P_mAYOj-qIw,33.4940321,-111.9218306,1,[33.4940321,-111.9218306,33.4940321,-111.9218306],[119,26,185,11]
-cgRVFtXsNWsYYaXps2H9g,33.50849235,-111.96391295000001,23,[33.4329724,-112.0235231,33.5840123,-111.9043028],[182,48,140,11,126,97,73,72]
tBxxmge4dPT2WqHQrKbBIA,33.3056067,-111.9787576,4,[33.3056067,-111.9787576,33.3056067,-111.9787576],[63,27,11]
VI6LmpMnF1ZbpDKDmfJOuQ,33.4556584,-112.0719926,3,[33.4556584,-112.0719926,33.4556584,-112.0719926],[38,181,39,40,11]
LZDOYPPr7ZgdGjtKJg5ZKw,33.502069399999996,-112.01034105,14,[33.4946927,-112.0403946,33.5094461,-111.9802875],[7,108,63,27,11]
meBMvIdGbCIjlIRllT_noQ,33.459506000000005,-111.964452,3,[33.423546,-112.003105,33.495466,-111.925799],[48,11,38,128,293,39,119,24]
1lg6MstlLP-ihDgPa2xPpg,33.43518965,-112.01461055,108,[33.4194512,-112.1132951,33.4509281,-111.915926],[26,11,38,7,47,88,39,48]
sNUu7x4lrbtuWJ1SEr_pUw,33.6101518,-111.9768512,2,[33.6101518,-111.9768512,33.6101518,-111.9768512],[49,193,59]
e9d4iLgBycM4D4G45WCnPQ,33.6057312,-112.3010423,122,[33.6057312,-112.3010423,33.6057312,-112.3010423],[28,17,29]
ydXHK-xdFzo0T_tNNCwijw,33.49888085,-111.92722435,4,[33.495263,-111.928554,33.5024987,-111.9258947],[7,292,26,11]
6XjyjauX14oRVQTCPHaZ9w,33.3068367093802,-111.743672043085,4,[33.3068367093802,-111.743672043085,33.3068367093802,-111.743672043085],[7,142,292]
GUIssMjHzsfFs8W3E7lJlw,33.484439,-112.364213,1,[33.484439,-112.364213,33.484439,-112.364213],[11,63]
V8w32UV03_uaJB43p_kbqA,33.495114349999994,-112.0059014,2,[33.495084,-112.0118398,33.4951447,-111.999963],[33,117,11,43]
1T144LSs2AAp34fWf9VOkg,33.308675,-111.7437065,5,[33.308675,-111.7437065,33.308675,-111.7437065],[4,13,6,160]
VxZ6GSn2gqIBpL0AS6aGmw,33.497828,-111.927267,3,[33.497828,-111.927267,33.497828,-111.927267],[352,48,11]
sbEBFw6htnUzhyetgF-7zQ,33.3055045,-111.9443912,1,[33.3055045,-111.9443912,33.3055045,-111.9443912],[202,72,281]
Q6G-h33BWe1h0SwUmzP4qA,33.524162,-111.9281844,1,[33.524162,-111.9281844,33.524162,-111.9281844],[65,54,220]
N2zZupG902tU8v5rvCzD9Q,33.6099116,-111.7295047,118,[33.6099116,-111.7295047,33.6099116,-111.7295047],[7,9,201,11]
H8UYrNq6RRgqtNqd7vvnTA,33.5824016,-112.1115893,4,[33.5824016,-112.1115893,33.5824016,-112.1115893],[1,460]
U741-ROVukI6-oe-kcV_Fg,33.350068,-111.944983,2,[33.350068,-111.944983,33.350068,-111.944983],[218,41,11]
yrcX6EFmYiHY07fDLXnNMg,33.629487,-112.117382,1,[33.629487,-112.117382,33.629487,-112.117382],[106,54,280]
1EuuU_hW9M3v5lWcAdxUng,33.2482807,-111.8644958,2,[33.2482807,-111.8644958,33.2482807,-111.8644958],[6,155,54,156]
Hnlxl7kQRem4uOnbgLEcIQ,33.4346825157367,-111.994403600693,35,[33.4346825157367,-111.994403600693,33.4346825157367,-111.994403600693],[39,38,99,128,11]
XHXE62yzurEJ53tSmKbQkw,33.248126,-111.866538,22,[33.248126,-111.866538,33.248126,-111.866538],[28,17,18,29]
FYLClp_7HYV3JnMOiSQiJg,33.49507235,-112.00927805,17,[33.4803679,-112.0837798,33.5097768,-111.9347763],[38,48,39,11,175,129,121,79,123,65,78,7,108,24,142]
FIxk46nEAN4_YEZGM5zs4Q,33.4148837,-111.9169665,1,[33.4148837,-111.9169665,33.4148837,-111.9169665],[192,11]
4uCqsNsOs4xFQs1Kk5h_Og,33.425938,-111.940346,6,[33.425938,-111.940346,33.425938,-111.940346],[24,11]
2u-R9xUTeqQ3MXadclYHHQ,33.654831,-112.0622231,2,[33.654831,-112.0622231,33.654831,-112.0622231],[65,133]
iDsAP_iWCSO3HRx5xVzy4g,33.37869105,-111.9849844,9,[33.3045866,-112.0693177,33.4527955,-111.9006511],[46,13,6,30,99,11]
maU9ML-1Qr6ep4Tewr7Rdw,33.433908773792496,-111.885996578495,42,[33.4329724,-111.9043028,33.434845147585,-111.86769035699],[48,24,11,33,265,185]
-2Ig3GSBkj8JQT8eETmDPg,33.69538545,-111.8473376,37,[33.6210689,-111.9257312,33.769702,-111.768944],[11,63,49,276,224,212]
YJ69qGzOvGYmxkjbQjAejQ,33.407125208401,-111.910952786445,3,[33.407088,-111.911549,33.407162416802,-111.91035657289],[126,97,11,404,451]
PMCrTvBpGXOIep1zmHEjkg,33.498028,-111.927951,1,[33.498028,-111.927951,33.498028,-111.927951],[352,48,11]
KRbef5i2vIfjo8KaFTiIAA,33.435146,-111.998367,200,[33.435146,-111.998367,33.435146,-111.998367],[7,142]
YtY8Ej_8pX8jboA77OQLfg,33.4545216,-112.07206285000001,4,[33.4500212,-112.0764371,33.459022,-112.0676886],[38,6,145,186,57,39,4,5,83,7,148]
mTmHkMOdv-VQdE8VCJ8GlQ,33.4682855,-111.963189,200,[33.43475,-112.00644,33.501821,-111.919938],[28,170,265,185,11]
5bZb7hF6rBhOm-ptQNr57w,33.54017905,-111.9515691,5,[33.493181,-111.9790882,33.5871771,-111.92405],[38,48,39,40,11,7,36,8,26,99,293]
EwmIaTmwwPyOTp15orvwlQ,33.8303701,-111.9317707,2,[33.8303701,-111.9317707,33.8303701,-111.9317707],[48,11]
wipxoCTPDEFRbaa30KmO3w,33.340865,-111.90813600000001,2,[33.339532,-111.951338,33.342198,-111.864934],[49,50,52]
D8T-yayG1cpyMA8P0CiACw,33.442375,-111.955643,1,[33.442375,-111.955643,33.442375,-111.955643],[140,11]
Fpd-Q0_stZUq4jP1DtLxjw,33.555433096063254,-112.19983033593749,9,[33.2484501921265,-112.613772,33.862416,-111.785888671875],[4,6,26,11,46,13,30,18,17,39,38,296,128,49,304,387,33,28,29,115]
u4m_jwpa-g3PiQwQiuwbiQ,33.3341503,-111.8592314,1,[33.3341503,-111.8592314,33.3341503,-111.8592314],[219,218,11]
kWq7Imvce6pLqHaccV1zbw,33.53605165625795,-111.98071429920199,8,[33.444799,-112.066662,33.6273043125159,-111.894766598404],[57,69,48,11,71,72,327]
AlfXlAz9uDkoaJL6ZHn4fg,33.5299053,-111.926437,25,[33.5299053,-111.926437,33.5299053,-111.926437],[265,11,483]
Xg3waoR_qjW8WNhYWD9-MQ,33.306119699999996,-111.8418514,4,[33.303233,-111.842532,33.3090064,-111.8411708],[7,33,48,47,11,26]
OE_-ugCrwMj2BF3DkM8fgg,33.678615,-111.9746066,3,[33.678615,-111.9746066,33.678615,-111.9746066],[26,11]
-06LYbA4Qm_9E83KNT1Jrg,33.4328506,-112.00167445,7,[33.365048,-112.0739689,33.5006532,-111.92938],[99,11,27,63,24]
HAV50pwRVkmu8ZHD0bbZHQ,33.508949,-112.065877,10,[33.364213,-112.219969,33.653685,-111.911785],[7,182,194,172,11,108,218,219,142,39,38,27,128,48,140]
wPZbTeLERaa_nk4X5RAiOA,33.400886299999996,-111.8847326,8,[33.3023282,-111.926703,33.4994444,-111.8427622],[39,212,126,293,11,7,162,43,251,373,97,292,142,38,145,57,205,40,265]
X5GbNXY_nNoa_vTZDD0aCA,33.47299195,-111.958598,200,[33.2763346,-112.238107,33.6696493,-111.679089],[38,39,11,48,145,57,205,101,7,47,128,137,8,139,108,88,109,126,43,265,30,13,6,63,117,97,333,40,33,119,143,24,232,115,372,161,195,65,99,112,225,168,298,27,129,78,278,79,69,9,10,327,36,142,12,26,162,84,147,25,98,292,17,62,44,56,18,96,72,118,352,214,239,181,373,46,204,236,103,440,60,182,140,148,154,21,22,201,185,229,186,397,419,133,28,29,89,212,361,91]
mt1Sy0paU9h9f9e8FUTWdw,33.4615225,-111.93361999999999,123,[33.423546,-111.939838,33.499499,-111.927402],[48,11,39,38,126,97]
fksrAfKZYrhCzOjUIoFudw,33.57579615,-111.8543988,200,[33.319395,-112.1711226,33.8321973,-111.537675],[182,99,11,224,126,97,251,49,305,65,133,43,168,26,7,108,201,119,27,63,178,52,9,10,38,265,39,229,185,105]
Of61EGMCDsGGnq3eb08csQ,33.56925545,-112.06631540000001,5,[33.5401509,-112.151223,33.59836,-111.9814078],[7,138,8,139,43,11,337,32]
PGtWPzwh3M7-9AjWABkoNg,33.5097465515137,-112.035583496094,6,[33.5097465515137,-112.035583496094,33.5097465515137,-112.035583496094],[201,26,11]
r3L5d8wUxQsiyxAR1FZZVw,33.494247,-111.92975,15,[33.494247,-111.92975,33.494247,-111.92975],[109,38,48,39,11]
dQ-1xUgYJ92RVaICnXgGQg,33.335171,-111.912778,1,[33.335171,-111.912778,33.335171,-111.912778],[98,7,108,24,11]
bxNa7Aa64xDhid8Rb6BQWQ,33.5097112,-112.0962274,8,[33.5097112,-112.0962274,33.5097112,-112.0962274],[251,11]
jOnE59WV2_CMZiuSPcZfTw,33.41389,-111.902918,1,[33.41389,-111.902918,33.41389,-111.902918],[28,17,29]
NgECxSZCX6qXLLgOoZu0_Q,33.4949678,-111.9241443,1,[33.4949678,-111.9241443,33.4949678,-111.9241443],[11,63]
k7ogZDy4QJtnBEvFIRCa6g,33.4483606,-111.9866864,1,[33.4483606,-111.9866864,33.4483606,-111.9866864],[28,17,29]
xynvN_YDNcqJjpqtRGgr5w,33.3488977,-111.9763848,200,[33.3488977,-111.9763848,33.3488977,-111.9763848],[168,11,48,63]
dZGeOrP3hBbVyCSfq6IO1Q,33.4772842,-112.0303003,200,[33.4483606,-112.0739142,33.5062078,-111.9866864],[28,17,29,168,181,229,11]
UpcVov-qPEKJk6FXl3LLHA,33.562472299999996,-112.11447100000001,22,[33.449188,-112.364213,33.6757566,-111.864729],[26,11,182,229,24,27,38,128,39,48,49,233,193,59,63,99]
PYP1NhV2mbk3YIMMmRIeQw,33.4607312,-111.88044535,13,[33.42032,-111.9213147,33.5011424,-111.839576],[7,36,38,39,109,49,80,82,59,28,17,18,29]
xrnAYMBODPFoYc7FFAbVQw,33.474509299999994,-112.0137567,10,[33.439648,-112.0742496,33.5093706,-111.9532638],[7,108,265,11,49,368,177,26]
tL3SD3P_fwIQXBgqBfVjBg,33.551311749999996,-112.0734328,49,[33.4240085,-112.261226,33.678615,-111.8856396],[99,11,27,41,57,69,119,126,97,26,91,168,7,189,10,24,33,74,296,309,251,38,181,39,48,229,142,63,306,117,333,120,265,98,9,258,40,183,65,210]
Qpr3kzCGlQTX952vwvP0mQ,33.4483047,-112.0461926,2,[33.4483047,-112.0461926,33.4483047,-112.0461926],[6,35,76]
hjA3U2ASZQNzx2SzX-x1mg,33.798176,-112.119549,1,[33.798176,-112.119549,33.798176,-112.119549],[65,133]
J9iQwRUyJtLWM7gkFhy5Qw,33.31496325,-111.8670036,17,[33.2818543,-111.9451471,33.3480722,-111.7888601],[63,27,11,119,99,7,162,43,292,48,10,138,8,139,265,24,168,127]
gsIKV0pzZQjWnfsltjSUiQ,33.6721048,-111.8904868,3,[33.6721048,-111.8904868,33.6721048,-111.8904868],[109,38,39]
iZ8GHvr9IzXF_3VXxidRYw,33.3935197,-111.5998386,2,[33.3935197,-111.5998386,33.3935197,-111.5998386],[119,11]
Dg1oOOOzNyOK0PnMU1bgJA,33.5094087,-112.0687564,1,[33.5094087,-112.0687564,33.5094087,-112.0687564],[88,7,38,47,39]
G1v-8CISygmCfoWHQBtDvA,33.432869,-111.871831,24,[33.432869,-111.871831,33.432869,-111.871831],[123,65]
mEetRHRY4U4zl0ngk2Xw4g,33.472853,-112.056065,1,[33.472853,-112.056065,33.472853,-112.056065],[48,11]
QT5YXlArOzCTp6Cja0h5rw,33.5461346,-112.00463135,10,[33.4653362,-112.100731,33.626933,-111.9085317],[38,39,40,27,11,212,26,62,17]
3_lUp16BtJO0nvyoBAmAiw,33.47980440098115,-111.97965214999999,8,[33.4537869019623,-112.0413088,33.5058219,-111.9179955],[182,172,11,109,38,48,39,54,55,122,49,58,57,56,59]
64iAH7ECe3l5Z_Albkt3Nw,33.5705674,-112.07264850000001,3,[33.5025941,-112.2194127,33.6385407,-111.9258843],[26,11,119,99,98,7,24]
ChpTXRbbQt4AWCtB9rTaLA,33.45078675,-111.9872972,10,[33.2792938,-112.1728283,33.6222797,-111.8017661],[413,211,328,32,67,68,20,23,243]
fp89nhGGf4qGZE_X-3PHug,33.495198,-112.1858356,1,[33.495198,-112.1858356,33.495198,-112.1858356],[26,11]
393k8tPZbsOZx8-tZyhm0g,33.425938,-111.940346,5,[33.425938,-111.940346,33.425938,-111.940346],[182,307,172,11]
EywoJN6CPbBvUhrURrRe1Q,33.497828,-111.927267,12,[33.497828,-111.927267,33.497828,-111.927267],[352,48,11]
F0DSsZlkFojnNILX92QAeA,33.321086,-111.979696,1,[33.321086,-111.979696,33.321086,-111.979696],[7,142]
tkav0HZR7BE1U3vohwkwpg,33.5088428,-112.0342897,14,[33.5088428,-112.0342897,33.5088428,-112.0342897],[265,11]
PmDSDjaZUhNeo6XiqtoSFw,33.34359475,-111.85207750000001,8,[33.279743,-111.908621,33.4074465,-111.795534],[11,71,72,73,219,218,41]
boaibwtjO7W7a5xOV49PWg,33.7019056,-111.9252766,1,[33.7019056,-111.9252766,33.7019056,-111.9252766],[37,32]
jZP8v-DOYzIoYRctYl35wQ,33.43313105,-111.9549942,53,[33.3656089,-112.074714,33.5006532,-111.8352744],[182,48,140,11,119,24,322,57,92,15,6,27,63,72,287,26,120,39,145,33,99,224,62,17,12,114,13,88,38,89,28,442,241,186]
If5dvqEOjoLI6juxscfa7A,33.3356167,-111.7583655,6,[33.3356167,-111.7583655,33.3356167,-111.7583655],[7,142]
1ujV5rwY6EYmdO4Fx9ySwg,33.356760708401,-111.898876786445,2,[33.306359,-111.91035657289,33.407162416802,-111.887397],[41,11,404,451]
CRMUFyygVaM5bQKbLnRQGQ,33.37751395,-112.01662065,200,[33.3057949,-112.065458,33.449233,-111.9677833],[27,11,99,185]
6EoO-Dry59aqtjuuI_YE0Q,33.678615,-111.9746066,7,[33.678615,-111.9746066,33.678615,-111.9746066],[119,99,11]
wbh2exI-1UDI0Oula8--LA,33.6550188,-112.01301165000001,2,[33.6401752,-112.030859,33.6698624,-111.9951643],[33,99,26,11,251]
u74AsCsDA4gSOGHySJTm3w,33.4219869,-111.9366872,25,[33.4219869,-111.9366872,33.4219869,-111.9366872],[33,11]
MlrTLN17gLNcmTD64OUQrg,33.50520315,-112.05409664999999,2,[33.5008018,-112.0824532,33.5096045,-112.0257401],[126,11,26]
I0DkvjOPosQJboR34P3AyQ,33.6461503,-112.170318,24,[33.6112406,-112.239905,33.68106,-112.100731],[65,133,212,26,11,43]
V0Nu9rPSwzj1i4rBSEop5w,33.2464762,-111.8428373,2,[33.2464762,-111.8428373,33.2464762,-111.8428373],[7,142]
8SsgD4VymiDDTZiZ0CEs0Q,33.3236177046901,-111.7673165215425,2,[33.3068367093802,-111.790961,33.3403987,-111.743672043085],[49,321,59,7,142,292]
jbbmkaCIW4zitaebHWZk2A,33.383521099999996,-111.936653,4,[33.347591,-111.95738,33.4194512,-111.915926],[119,99,11,38,7,47,88,39,48]
CPpJepVLI3g3_0h84Xp-yg,33.43475,-112.00644,110,[33.43475,-112.00644,33.43475,-112.00644],[28,170]
a1G_KMD3o42LyIf1icnHBA,33.42339491376755,-111.881534431885,27,[33.324838,-111.97437286377,33.5219518275351,-111.788696],[7,142,17,18,49,445,66,52]
49gP_g_eAFhVvjhWKYB_tg,33.4732683,-112.0649453,6,[33.4732683,-112.0649453,33.4732683,-112.0649453],[7,33,142,24,11]
R1OPEk3y7idumMcxFjxY8g,33.6570846738415,-112.179572582245,4,[33.6570846738415,-112.179572582245,33.6570846738415,-112.179572582245],[49,50,51,52]
uH91DuLfdHhOO4_o3vSnew,33.4373518,-111.7181797,71,[33.4373518,-111.7181797,33.4373518,-111.7181797],[11,63]
7kRN8IkOWlLblEltNlnfRQ,33.4941509,-112.05888105,21,[33.3216034,-112.2018361,33.6666984,-111.915926],[7,36,126,11,26,10,88,109,38,39,119,48,89,6,145,186,57,97,33,47,168,298]
7WA9d-JDb_IfibC2AMyUvg,33.3549553,-111.7897347,1,[33.3549553,-111.7897347,33.3549553,-111.7897347],[109,38,11,39,63]
qcXpyzzkQmfn5MPXXe9wWA,33.583746,-111.9777478,1,[33.583746,-111.9777478,33.583746,-111.9777478],[74,27,11]
ci9mK1xSTvNCO8H2LYiAjA,33.465252050000004,-112.00498999999999,14,[33.378951,-112.134201,33.5515531,-111.875779],[43,11,168,265,224,63,27,48,251,99,33,38,39,79,121,7,108]
bKlAQA_fdpVjkkG2hFJc0Q,33.44756955,-111.96848779999999,8,[33.2853711,-112.1841886,33.609768,-111.752787],[65,133,49,178,17,18,84,345,6,346]
W1DgQBvJbRofyolTbDg0Kw,33.4951559,-112.0629953,2,[33.4951559,-112.0629953,33.4951559,-112.0629953],[99,11]
3HaFwDbqCCAbs6L_DXTSLQ,33.4354553,-112.0739136,150,[33.4354553,-112.0739136,33.4354553,-112.0739136],[309,285,11]
-vdiJzXc3KcZbPogbM5ziA,33.4059049134633,-111.7958727707885,6,[33.3880332,-111.908025741577,33.4237766269266,-111.6837198],[63,27,11,265]
tn-q7INs2k2es3CgyPTcOw,33.4164531,-111.97852055000001,5,[33.3637746,-112.0475116,33.4691316,-111.9095295],[11,63,26]
lHphRcMa6QbFxYUIOOIAwQ,33.465368,-112.072134,1,[33.465368,-112.072134,33.465368,-112.072134],[7,108]
htY7q-uvpDJFL7YiC1rNrg,33.42593565,-111.940154,69,[33.425711,-111.94047,33.4261603,-111.939838],[39,38,126,97,11,7,47,48,128]
lewSwtDdnly9NciS4Wa9yw,33.5638767,-111.9248132,25,[33.5638767,-111.9248132,33.5638767,-111.9248132],[28,17,29]
LLQ2uiJgcMfXHQcnoetpqA,33.532125,-111.96086,3,[33.532125,-111.96086,33.532125,-111.96086],[48,11]
L2kTFOvFu4qTAtVMJ8vWFw,33.4537869019623,-111.927165985107,38,[33.4537869019623,-111.927165985107,33.4537869019623,-111.927165985107],[182,172,11]
k0iLX341x3mm9golh9wejQ,33.5166737516647,-111.9368709,200,[33.493947,-111.9514408,33.5394005033294,-111.922301],[33,11,265,168,97,28,17,29,119,63]
8DDNfQcjHIAgllWG3NCrkw,33.4110876,-111.94593295,52,[33.3852846,-111.964558,33.4368906,-111.9273079],[11,57,39,145,28,17,29]
uQlzSOUfMRs1sxCA8HU3bA,33.5650982,-112.0737503,2,[33.5650982,-112.0737503,33.5650982,-112.0737503],[48,11]
gWbOL-qekQwG_xX5NCbGaA,33.42195635,-111.99621685,7,[33.3338729,-112.0146407,33.5100398,-111.977793],[33,38,39,11,26,352,109]
h7LwpnOPnBrbJiosSfIyfw,33.5093372,-112.0608177,1,[33.5093372,-112.0608177,33.5093372,-112.0608177],[212,63,97,11]
5NY4-JqZlFXFmDfZABuxiw,33.4953515,-112.0323605,7,[33.4075588,-112.1553012,33.5831442,-111.9094198],[38,99,39,11,109,63,48,185,296,168]
Vv0wKVg53xLoL5YvSLpLPw,33.5427775,-111.976032,13,[33.449233,-112.065458,33.636322,-111.886606],[126,97,11,465,168,265,39,27,279,54,63]
EWGvh7Cs8SLBgjoo8C2-9w,33.70578355,-112.1274928,4,[33.6984601,-112.1419746,33.713107,-112.113011],[182,48,140,11,63,27]
8FUGf-oPwgdm7jQG0Jc67w,33.6273043125159,-111.894766598404,84,[33.6273043125159,-111.894766598404,33.6273043125159,-111.894766598404],[57,69,48,11]
CoO7q1yFPVy-nRqPOYLglA,33.4487831,-112.072798,3,[33.4477082,-112.075503,33.449858,-112.070093],[168,265,99,11,10,24,48]
FWqA5tpXnV19GzlZDlPxfQ,33.5497597,-111.95304540000001,6,[33.5092756,-112.0718179,33.5902438,-111.8342729],[54,55,122,48,11]
dDajI9NOU2hPx1uI6kVT6Q,33.3197514,-111.9606292,1,[33.3197514,-111.9606292,33.3197514,-111.9606292],[20,231,59,49,23,415]
mrYXmsDu64cK4_H0c4HTcg,33.420861450000004,-111.8851266,15,[33.419736,-111.9366872,33.4219869,-111.833566],[33,11,44]
CDFqomuZcFRPJkqhKSVcHA,33.4514813,-112.0906616,4,[33.4514813,-112.0906616,33.4514813,-112.0906616],[43,11]
ZHOEvWkeUY1nr-FNFMIKzQ,33.4732683,-112.0649453,1,[33.4732683,-112.0649453,33.4732683,-112.0649453],[7,33,142,24,11]
IVandVePK1LTs7Hzg6ah0g,33.461166500000004,-111.95529515,15,[33.348162,-112.0247943,33.574171,-111.885796],[7,8,288,84,32,213,348,106,54,315]
z76WQ92Me0BJPlNgVP-Zsw,33.4938414,-111.9268138,4,[33.4938414,-111.9268138,33.4938414,-111.9268138],[27,11]
_FbZ1gXZL349iiz5D8gz2Q,33.58257375,-112.17751390000001,22,[33.4527955,-112.4249999,33.712352,-111.9300279],[7,36,8,6,45,224,11,27,24,26,63,48,251,99,44]
pC5ql4hTi70tRhVYc6JR4g,33.453843750000004,-112.06923735000001,4,[33.4527955,-112.0693177,33.454892,-112.069157],[26,11,32,95,222]
J22xKV4IMSj_dfyjtzBs0g,33.4824838,-112.00175780000001,5,[33.4556584,-112.0738391,33.5093092,-111.9296765],[7,142,30,13,6,38,181,39,40,11,119,46]
CUKdN8wqjrrweiRJ62919g,33.5020654,-111.9242599,28,[33.5020654,-111.9242599,33.5020654,-111.9242599],[28,17,29]
jQ4U24uOw_Ya4aVw_VWy8g,33.502772256257956,-111.8680696,14,[33.3782402,-111.964485,33.6273043125159,-111.7716542],[33,11,97,57,69,48,99,265,126,71,72,297,43,169]
eoLjLWPeJymzmk4Dc_PtJw,33.5463364,-112.1425337,21,[33.4977808,-112.222145,33.594892,-112.0629224],[6,45,65,7,148,204,8,33,99,44,11,138,139,49,333,52,30,13,36]
kJzyatV2YZrflEZDEeNPnQ,33.50023265,-112.0689592,4,[33.49112,-112.079081,33.5093453,-112.0588374],[38,210,26,39,11]
fBen2Nl94-hqmd0AQ4zt6g,33.3941184,-111.9091208,1,[33.3941184,-111.9091208,33.3941184,-111.9091208],[212,361,11]
0Z9igY921CBM1OMDcmLx-w,33.330835,-111.792282,3,[33.330835,-111.792282,33.330835,-111.792282],[7,36]
MB_xLQQohP60SKbrYS8jQg,33.300506,-111.900786,2,[33.300506,-111.900786,33.300506,-111.900786],[48,11]
sKJde4Tr5NVzSUYlhSaQEA,33.43475,-112.00644,73,[33.43475,-112.00644,33.43475,-112.00644],[28,170]
nIQnFfdKXXgyh0w_vvek6A,33.6247911,-111.9257312,121,[33.6247911,-111.9257312,33.6247911,-111.9257312],[48,11]
EN-BTXig5Ym5zM7QF_yTwQ,33.4329724,-111.9043028,1,[33.4329724,-111.9043028,33.4329724,-111.9043028],[33,265,185,11]
Pz7kF-b9ns_-M4EhQmuZsw,33.6243224,-112.19421990000001,7,[33.5808058,-112.2629118,33.667839,-112.125528],[7,36,11,99]
uM-Vc-yM0Gr3MJRfZPeIwA,33.407213,-111.9248986,68,[33.3021074,-112.0777852,33.5123186,-111.772012],[84,419,137,7,139,210,181,11,174,54,43,48,26,224,161,65,108,142,375,119,99,109,38,39,206,182,218,49,52,33,322,57]
HSKV9gfn9ZkeYRlPWZvAOQ,33.5264661,-111.95414629999999,22,[33.4151572,-112.073196,33.637775,-111.8350966],[33,11,38,48,39,24,136,17,126,97,109,63,140,40]
w2wJUsZ43P4m1FmhsCNXvQ,33.5705669,-111.886606,1,[33.5705669,-111.886606,33.5705669,-111.886606],[126,97,11]
dE6ReFkmb-mbAZbBCp884g,33.55977715,-111.93407595,90,[33.446572,-111.977677,33.6729823,-111.8904749],[158,28,185,11,27]
y7Pn7X4xLNmylTgq56zEVw,33.610963,-111.927561,13,[33.610963,-111.927561,33.610963,-111.927561],[7,11,63]
1jjgnx45Q7KOR99Yp8i03g,33.471334,-111.92642925,13,[33.360804,-112.0474855,33.581864,-111.805373],[229,11,212,99,127,39,293,38,265,64,65,72,28,241,394,395]
nHbrv--r_SIXSWUmXeIH0w,33.678615,-111.9746066,2,[33.678615,-111.9746066,33.678615,-111.9746066],[185,11]
L8ku1GYcb1P5FOp9G97hYw,33.510874,-111.922424,110,[33.510874,-111.922424,33.510874,-111.922424],[28,17,29]
oKX-QfUJAGekWrlyxdUJJg,33.5318417,-112.0479816,1,[33.5318417,-112.0479816,33.5318417,-112.0479816],[98,7,404,11]
TZC5vq2Rxpo0oJv7ACtcFg,33.466795738862146,-112.36592953253,7,[33.4615009,-112.39201426506,33.4720905777243,-112.3398448],[126,11,7,8,108]
gsqoVdBFqtBHgB-zSWUSVg,33.3055809,-111.868212,4,[33.3055809,-111.868212,33.3055809,-111.868212],[96,72]
19tzKl1TdZDbkgc3JcvNcw,33.498028,-111.927951,1,[33.498028,-111.927951,33.498028,-111.927951],[352,48,11]
LuvQCyWp5Y_PxVdmaa1HEg,33.60399065,-112.33473795,11,[33.581302,-112.4159659,33.6266793,-112.25351],[43,11,26,7,108]
tBAnOo-YFoKvNUCu5K2scg,33.4948142,-112.0536454,1,[33.4948142,-112.0536454,33.4948142,-112.0536454],[430,11]
RvrzEt68T7ZpTjEc_YK5Yg,33.5183691,-112.0047498,1,[33.5183691,-112.0047498,33.5183691,-112.0047498],[99,11]
J9jys5k9dIIV5OpaylzMUg,33.32500949999999,-111.91135209999999,9,[33.3148631,-111.9631173,33.3351559,-111.8595869],[74,24,11,177,140]
IKYWkFT_vGTdxZLlDhuLyQ,33.4942939,-111.925316,1,[33.4942939,-111.925316,33.4942939,-111.925316],[26,11]
BKo0QW3LGBzAZug4doJrgA,33.304138,-111.978392,200,[33.304138,-111.978392,33.304138,-111.978392],[41,43,11]
BbkQwyR2G-eJviGqZkFjPw,33.51982975,-111.9115271,6,[33.494247,-111.92975,33.5454125,-111.8933042],[28,17,18,29,109,38,48,39,11]
GiT-bQdpkWJuOeNS43A6xw,33.62365,-111.978418,1,[33.62365,-111.978418,33.62365,-111.978418],[65,133]
WFGIPvGbw4qY9rbsd54K-g,33.4659059,-112.27421,1,[33.4659059,-112.27421,33.4659059,-112.27421],[96,72]
9HRcINwsWitz8RGUsiW0EQ,33.4074097,-111.9390695,1,[33.4074097,-111.9390695,33.4074097,-111.9390695],[72,184]
OxChLNgPX2YkhQ79cGMnUQ,33.5816285,-112.04249,3,[33.581302,-112.25351,33.581955,-111.83147],[48,11,26]
HPZSxpjcTEgLMD0pwHTo9g,33.678615,-111.9746066,97,[33.678615,-111.9746066,33.678615,-111.9746066],[182,48,11]
ItJIxITRdrJBU2lf9oOfOw,33.3465268679125,-111.71664912713,7,[33.307983735825,-111.74430125426,33.38507,-111.688997],[126,11,26]
ke7gECriSA6SCDVNmcRfnw,33.407162416802,-111.91035657289,1,[33.407162416802,-111.91035657289,33.407162416802,-111.91035657289],[404,451,11]
OpOqoz60Cnzme6ARCAwWAA,33.547658,-112.1752209,11,[33.438128,-112.426629,33.657188,-111.9238128],[33,44,11,49,312,57,504,91,30,13,6,45]
CasruV0ltB3FgfwSmGvTwg,33.5091640583035,-112.012371562556,2,[33.508533016607,-112.029066725112,33.5097951,-111.9956764],[210,11,38,99,39]
NlZE2Oir3HLV0XdELgkjcg,33.39136935,-111.8895875,41,[33.28024,-112.026154,33.5024987,-111.753021],[7,292,224,11,54,55,266,122,256,38,101,33,39,128,62,99,17,88,298,309,119,285,142,138,251,139,71,72,287,269,108,48,27,185,10,24,63,106,315,311,229,26,207]
7_qUCaZXrT6aSEBvj3k8ZA,33.51407981376755,-112.024143531885,5,[33.5062078,-112.0739142,33.5219518275351,-111.97437286377],[49,445,66,52,168,181,229,11]
0a_yttIaorlvinGd9712dg,33.54298935,-111.89780924842199,42,[33.5024987,-111.9258947,33.58348,-111.869723796844],[7,292,9,119,11,41,142]
ZtLmnhBjThesrAaekS3P1g,33.4493238,-112.0718824,10,[33.4493238,-112.0718824,33.4493238,-112.0718824],[99,11]
vCYykpiB_edGrLUWObs_Fg,33.414208,-111.892197,1,[33.414208,-111.892197,33.414208,-111.892197],[72,299]
WrXvYs7ZTdAYWPRXJ1tkbw,33.55727095,-111.9000197,4,[33.4942939,-111.925316,33.620248,-111.8747234],[104,161,195,65,26,11]
72ijS5pMR_-ZJYJ2Z5RJXw,33.68112395,-112.3187615,4,[33.3931628,-112.7294646,33.9690851,-111.9080584],[192,11,39,27,218,41]
H3Qq5TUKItmDIaoKlHzuJg,33.509497,-112.03645,4,[33.509497,-112.03645,33.509497,-112.03645],[15,6,191]
qVOKVCRwEll67W-nL0knnw,33.446885057319,-112.07107588649,3,[33.446885057319,-112.07107588649,33.446885057319,-112.07107588649],[99,11]
hJs4jIn56ivKLEbbtOHXjQ,33.3570864,-111.9506352,136,[33.2985428,-112.00805,33.41563,-111.8932204],[119,11,46,6,28,17,29,38,265,39]
u5bvcT_3Go0O3Xk4Am8CWQ,33.56802435,-111.99957520000001,200,[33.4354553,-112.1156244,33.7005934,-111.883526],[309,285,11,48,185,63,27,24,26,7,142]
hAeEV2xYw-iL5His9zE_6g,33.6458006,-112.36397640000001,9,[33.63636,-112.37466,33.6552412,-112.3532928],[99,11]
fMOtWYbGaSHQL908xoQjMg,33.52119585,-111.9994007,7,[33.4587919,-112.0715044,33.5835998,-111.927297],[208,6,35,57,145,38,39,40,48,11,7,8,119]
eIDnn3qk2kRfN_S1Hjoyxg,33.4899044,-112.00165565,16,[33.4772147,-112.0736348,33.5025941,-111.9296765],[265,11,182,99]
uTOyHdWw0t6LzYm8kmUqOg,33.4951366,-112.0012318,2,[33.4951366,-112.0012318,33.4951366,-112.0012318],[48,11]
DVsaRY9aXw8IAxwx0u9KPw,33.4503547,-111.7875689,1,[33.4503547,-111.7875689,33.4503547,-111.7875689],[60,6]
plXs2jC0sEgJkEWNMc5rEQ,33.5632295,-111.9251405,116,[33.501821,-111.930343,33.624638,-111.919938],[265,185,11,168,48,229]
cVvhYxU8nTSsR5dTClTf3Q,33.4495944,-112.0732071,20,[33.4495944,-112.0732071,33.4495944,-112.0732071],[28,17,29]
7sSQteGLkQ2MSroV1KY35Q,33.3549553,-111.7897347,39,[33.3549553,-111.7897347,33.3549553,-111.7897347],[109,38,11,39,63]
YXlgzDDainf_K1Lk7c9Q5w,33.5372522393252,-111.963802423372,89,[33.5372522393252,-111.963802423372,33.5372522393252,-111.963802423372],[137,7,139,24,11]
QX-xv-TUbSfkJs7PAwMnJQ,33.422356449999995,-111.9974351,6,[33.3345061,-112.0272041,33.5102068,-111.9676661],[39,38,40,206,11,33,168]
8GOUkY49Z3CYRl3-g8Q3jw,33.508118,-112.027582,3,[33.508118,-112.027582,33.508118,-112.027582],[57,99,7,36,69,11]
wsouO79E-BW7lStwopkfjA,33.5052119,-112.0522928,6,[33.4549264,-112.086757,33.5554974,-112.0178286],[212,11,177,140,49,66,109,38,48,39,6,156]
js7b_GmOa6cmbWhP_Xnadw,33.52539335,-111.9136287,2,[33.495263,-111.928554,33.5555237,-111.8987034],[218,11,26]
hrue6umjfwoIorAEHIhddg,33.5674985,-112.1670965,1,[33.5674985,-112.1670965,33.5674985,-112.1670965],[185,11]
00KxB2nOCoIYU7FCG1I4Rg,33.4150988,-111.6301113,4,[33.4150988,-111.6301113,33.4150988,-111.6301113],[38,128,39]
uNbB1uR4EBhmygUc3IfPAw,33.491493000000006,-111.886691,200,[33.281874,-112.151282,33.701112,-111.6221],[39,26,127,11,161,65,7,36,8,97,38,48,47,251,10,44,24,139,375,57,470,145,119,41,142,98,9,30,13,6,118,265,105,195,168,42,43,99,185,110,63,27,236,103,117,33,12,114,22,224,108,143,62,17,182,239,200,64,255,54,55,162,212,126,181,229,71,72,49,368,324,317,130,32,322,35,76,292,69,297,120,273,146,52,340,201,84,147,483,112,439,203,90,274,133,361,205]
X96aIwCj2h6vfhw2fG_RbA,33.5409643,-112.1841291,2,[33.5409643,-112.1841291,33.5409643,-112.1841291],[7,108,24,11]
NmUN9q27IU3DiueGJvdt1Q,33.31864965,-111.9212699,3,[33.3022462,-111.9445728,33.3350531,-111.897967],[182,97,11,48,126]
UuDIWTg7yjripbYEAanORw,33.299014,-111.932617,1,[33.299014,-111.932617,33.299014,-111.932617],[129,277,278,79]
_IbTUk58api4jiv0YBVFOA,33.535149950000005,-112.0236924,7,[33.4292429,-112.0737828,33.641057,-111.973602],[71,72,275,269,108,7,119,38,109,39,11,26]
p-aKSlOjVweONWw0z_RzTg,33.567341,-111.942379,68,[33.567341,-111.942379,33.567341,-111.942379],[57,186,6]
8DEUlP4uN8tUuJLbyeqTpw,33.5237453,-112.0487368,9,[33.5237453,-112.0487368,33.5237453,-112.0487368],[38,48,39,11]
BflKR-n71IzZb65wzVBPwA,33.56167960098115,-111.974186,10,[33.4537869019623,-112.064846,33.6695723,-111.883526],[10,119,11,33,38,39,24,7,142,63,27,182,172,6,21]
U7hTZ-Vfh8d143I93ICRFA,33.351510000000005,-111.8508959573975,45,[33.2359121,-111.977873,33.4671079,-111.723918914795],[24,11,63,27,38,265,39,6,118,48,128,26,109,49,80,59,7,142,99,185,33,47,319,97,98,10,9]
JrcKt4t1DYpFO1H6QRnTGg,33.5361067,-111.900326,16,[33.4329724,-111.925588,33.639241,-111.875064],[7,142,180,20,23,65,149,126,11,119,48,104,161,105,97,9,98,247]
oq3P2W7JPr0pPl3kbQEr7Q,33.53579395,-112.03020144999999,3,[33.4315119,-112.0561119,33.640076,-112.004291],[26,11]
GOaSt0gnkalPsx9zb6paWQ,33.6393269,-111.8792188,1,[33.6393269,-111.8792188,33.6393269,-111.8792188],[48,11]
BlbdPK_FWgLMKbDutrjLng,33.3783016,-111.906522,1,[33.3783016,-111.906522,33.3783016,-111.906522],[43,11]
_vYaOd7kdLpbT-YxkiJOaQ,33.4689204,-111.96941380000001,6,[33.427634,-112.0388616,33.5102068,-111.899966],[108,7,182,139,137,11,265,63,27,48]
JXO5WbdPxFHjk7k3Q_gHpQ,33.4210896,-111.93370999999999,65,[33.4194512,-111.951494,33.422728,-111.915926],[38,7,47,88,39,48,11,89]
F1c-nCdFI7pnSxUv2cszyA,33.6355157,-112.233809,9,[33.6355157,-112.233809,33.6355157,-112.233809],[24,11]
XUA2Pt83Tqcrz2SQ5v37dw,33.465504,-112.08241,2,[33.465504,-112.08241,33.465504,-112.08241],[24,11]
zDOtcXCiZu9VWloMLf1lBQ,33.5100097,-112.0152845,200,[33.5100097,-112.0152845,33.5100097,-112.0152845],[48,11]
6tNuTWlgotBCXuVR62E1Dw,33.500297149999994,-112.03407725,18,[33.4787943,-112.0478085,33.5218,-112.020346],[119,48,11,26,28,17,29]
2eVF68QkqhjPBFYI_4ErLA,33.50483275,-112.03760965000001,9,[33.4710214,-112.0986063,33.5386441,-111.976613],[212,63,97,11,27,7,8,119,26,38,99,39,187,10,139]
Ajwj692GA2UV9VLV-KRenQ,33.5906054,-111.997258,2,[33.5828508,-112.0131082,33.59836,-111.9814078],[43,11]
yUc9j85vBFtVKesZPHVBdQ,33.42949097389635,-112.0148069200135,5,[33.3487055477927,-112.0463575,33.5102764,-111.983256340027],[119,11,161,65,133]
UsKrZhxQ91fMM6fdtxWlyg,33.39868225,-111.8065226,4,[33.3750117,-111.8234151,33.4223528,-111.7896301],[26,11,78,79]
lecIaeFWoZGvEKA7Gu74Ag,33.5384434,-112.1830859,9,[33.5384434,-112.1830859,33.5384434,-112.1830859],[311,11]
SPdwERxC38aQIZETT-kzIw,33.3838835,-111.8059007,1,[33.3838835,-111.8059007,33.3838835,-111.8059007],[33,11]
c_1qNMUkMYxqQUbh0H51JA,33.4991165,-111.927711,27,[33.498915,-111.928258,33.499318,-111.927164],[7,36,142,26,11]
xU7gAXB54LvfGqDUd2ViaQ,33.504051000000004,-111.9260245,2,[33.501161,-111.926536,33.506941,-111.925513],[475,48,11,206]
2uZpgsGaIYOxUdQkF3B0bQ,33.4709373,-112.12950219999999,56,[33.428648,-112.2948244,33.5132266,-111.96418],[57,327,28,17,29]
8oiC7hf9MRBzltqGcOGOtw,33.6363383,-111.9213957,4,[33.6363383,-111.9213957,33.6363383,-111.9213957],[212,43,11]
TDbKPzfPclw3MxrpBISVcA,33.361971600000004,-111.88783465,4,[33.304492,-111.915926,33.4194512,-111.8597433],[38,7,47,88,39,48,11,10,44,24,212,26,43,27,63]
iWhMp072z8xUIXrquQ12QQ,33.4542695,-111.9094198,1,[33.4542695,-111.9094198,33.4542695,-111.9094198],[168,11]
Z3c7xGRfeV-uMkSbAzxV9g,33.51919665,-111.96957105,6,[33.4146742,-112.0257401,33.6237191,-111.913402],[126,11,265,48,39,212,293,251]
Uq00UdRwZycZkHsf1TMk7g,33.4797129,-111.981506,1,[33.4797129,-111.981506,33.4797129,-111.981506],[48,11]
wJcZjow4PS-ID3iuLYrmCg,33.506941,-111.926536,1,[33.506941,-111.926536,33.506941,-111.926536],[475,48,11]
6Shwgc-rqr30a_0vinFCFQ,33.4281319,-111.96543614999999,2,[33.4090855,-112.0744503,33.4471783,-111.856422],[101,38,39,57,145,48,11]
gl8Y8d6JUDNbUcUZ78Earg,33.5288312,-111.9730855,2,[33.5288312,-111.9730855,33.5288312,-111.9730855],[7,139,98,375]
ebLgXvfhQri5Ilbkt5YYrA,33.3633494,-111.9275536,2,[33.3633494,-111.9275536,33.3633494,-111.9275536],[43,11]
oGbORkgf1iMnEfqP57q76w,33.306499,-111.877846,5,[33.306499,-111.877846,33.306499,-111.877846],[224,11]
u56KJdva4Fu0_7GoVEJ1-g,33.55506345,-112.151996,26,[33.4315119,-112.359602,33.678615,-111.94439],[26,11,7,292,142,63,8,93,3,94,32,95,38,99,33,39,128,364,6,35]
XzTfPbJZ00aLdqfMPez9Iw,33.492962,-111.927751,5,[33.492962,-111.927751,33.492962,-111.927751],[224,11]
2xTUqAMJHjfzw6wGwxvTWw,33.57481955,-111.92288495,9,[33.5684851,-111.927268,33.581154,-111.9185019],[49,246,178,17,18,27,11]
veozp-GYT06kjHyFBwm08w,33.4149386,-111.8332581,7,[33.4149386,-111.8332581,33.4149386,-111.8332581],[104,6,204,65]
_wfE9qupXGPasdhwhRWrEw,33.4578212,-111.81277220000001,44,[33.3057308,-111.8960397,33.6099116,-111.7295047],[97,11,7,9,201]
EV6MQoHdG8Xygf3YlJvbCA,33.38375025,-111.93164,7,[33.337104,-111.970377,33.4303965,-111.892903],[7,36,71,72,28,342,49,4,5,6,367,234,263,498,1]
M9brG4O-GZT4ULfYnwM7mA,33.499499,-111.927402,10,[33.499499,-111.927402,33.499499,-111.927402],[48,11]
ev-UEVPMK70y2XtVMD53LQ,33.415449100000004,-111.9315215,12,[33.407088,-111.951494,33.4238102,-111.911549],[126,97,11,88,38,39,24,99,89,168,298]
H_JsAwjiGEOr_RlZmwfNsA,33.5920603260014,-111.843775082016,127,[33.31081,-112.149875164032,33.8733106520028,-111.537675],[168,99,11,322,57,39,145,7,8,43,142,307,212,27,12,274,6,13,22,84,147,4,61,114,119,201,24,20,472,23,195,65,88,38,298,21,160,26,49,52,127,445,66,98,10,9,32,302,110,1,141,112,35,77,48,40,224,163,30,36,46,5,425,327,28,442,241,172,63,89,372,128,45,304,305,194,151,152,17,421,47,50,79,312,146,140,240,18,29,265]
sAoxLKuiH-R7NA_9xcDTXA,33.5386441,-112.0986063,2,[33.5386441,-112.0986063,33.5386441,-112.0986063],[26,11]
M8DaT0zmcumO5gfdrf0KEQ,33.49505,-112.0442682,7,[33.479887,-112.0962274,33.510213,-111.992309],[117,11,7,138,6,139,251,224,26,43]
ZGbAXbuP1HTKUFNugv-3JA,33.4932316,-111.9240949,2,[33.4932316,-111.9240949,33.4932316,-111.9240949],[38,39]
Cg9ii2bsqBqgjWwxGWz8CA,33.35644225,-111.918493,2,[33.3491162,-111.9265922,33.3637683,-111.9103938],[7,36,298,99,11,33]
Dw0b16ira4GoAm0wlWlYQA,33.453052171322,-112.01155258765,45,[33.421617342644,-112.07643,33.484487,-111.9466751753],[63,27,11,44,24,224,177,140,33,120,265]
6tLgJ6EFsiKPQB1d-TAVwQ,33.6236534118652,-112.424331665039,2,[33.6236534118652,-112.424331665039,33.6236534118652,-112.424331665039],[26,11]
LMtai51Bc3n1sy3WOreQ1g,33.30571535,-111.9850343,4,[33.3056067,-111.991311,33.305824,-111.9787576],[7,108,338,11,63,27]
FvbORaB3Nndqp_42TmI1sA,33.4931793,-111.9320931,1,[33.4931793,-111.9320931,33.4931793,-111.9320931],[39,26,127,11]
rlPI56sWALYy_PtLDeH2Dw,33.595881,-112.134443,2,[33.595881,-112.134443,33.595881,-112.134443],[33,117,24,11]
nzJbI_NNZEq5YqcQbyz9Eg,33.570102204876406,-111.923513815069,5,[33.4946362,-111.9299092,33.6455682097528,-111.917118430138],[28,158,17,29,126,11,101,38,39,119,99]
lcu7u9kSWMeSNq6j135BfQ,33.4966066,-112.04612297849499,40,[33.3022462,-112.2245556,33.690967,-111.86769035699],[7,194,98,84,6,166,339,162,142,46,78,79,48,24,11,33,44,126,97,204,65,38,99,39,338,382,206,21,359,43,168,169,139,225,129,332,278,12,114,13,22]
WJxuLs1x5LrzLWHuiZymdg,33.305824,-111.991311,1,[33.305824,-111.991311,33.305824,-111.991311],[26,11]
eP9AigoizFeVdYNoBtRC7g,33.5023291,-111.9897666,6,[33.4948142,-112.0536454,33.509844,-111.9258878],[430,11,65,133,84,339,4,6]
myXq7PFXkD_yfXT580SXMw,33.5688769,-112.06597815,10,[33.5108208,-112.2009493,33.626933,-111.931007],[119,11,26,309,6,250,27]
HnqzojvN3AyZHjslUlxiJQ,33.4008453,-111.833411,47,[33.3022462,-111.926867,33.4994444,-111.739955],[49,469,57,327,51,38,145,205,39,40,7,108,6,45,65,148,204,236,103,248,250,149,11]
Mt3dPqOlnlGyVCftCcokmg,33.49557705,-111.924267,200,[33.488923,-111.927891,33.5022311,-111.920643],[126,97,307,11,57,327,38,48,39,24,119,99]
1iR775qBwLkSOJckZ3XRjA,33.394726,-111.823455,1,[33.394726,-111.823455,33.394726,-111.823455],[282,72,184]
o-QXovKDprlnyhU_Ypy2BA,33.436899,-112.0037255,8,[33.422728,-112.055957,33.45107,-111.951494],[88,38,39,89,11,8,26,7,138,139]
WkosBA3O-DfTfBCFkM6geQ,33.4255104,-111.9400054,2,[33.4255104,-111.9400054,33.4255104,-111.9400054],[129,278,79]
CHViLgiLqevRojgax8g4SA,33.6056895,-111.97222550000001,5,[33.533525,-111.978579,33.677854,-111.965872],[265,11,7,108,201,119]
3muiSpg2l-H57T8fdNE8qg,33.574618,-111.903702,4,[33.574618,-111.903702,33.574618,-111.903702],[104,65]
BzRswwtZ4i57K4LgrMeB7g,33.580584,-112.124178,1,[33.580584,-112.124178,33.580584,-112.124178],[84,345,6,346,461]
W2e_nq-oH7bZwhGeSXxbMA,33.477178,-111.925799,2,[33.477178,-111.925799,33.477178,-111.925799],[119,48,24,11]
ZWx9uGzEGl0QzLUHI9rT2w,33.56801075,-112.08105985,4,[33.4527955,-112.092802,33.683226,-112.0693177],[185,11,26,127]
-6PiX3-exeBBaJI02Wy6yQ,33.356561847155405,-111.961890392615,3,[33.3187306943108,-111.9803928,33.394393,-111.94338798523],[177,140,11,43,26]
1CpyQ1VkgmNwA6RxHoq2bA,33.54698445,-112.18934795,29,[33.4537841,-112.4254321,33.6401848,-111.9532638],[311,11,44,26,224,208,6,35,71,72,1,301,32,302,49,368,4,7,8,142,38,119,109,39,24,43,27]
9HHUNmBFHkh_N-dNAHGo5Q,33.3932914733887,-112.047294616699,1,[33.3932914733887,-112.047294616699,33.3932914733887,-112.047294616699],[181,11]
PATykPjfDM-MbMr2OIqRrg,33.57162075,-112.080534586326,4,[33.5024095,-112.165567972652,33.640832,-111.9955012],[27,11,99,126,149]
2SMKgqXgSmbHNOLqCG5qVg,33.51287845,-111.92587565,4,[33.4480659,-111.927632,33.577691,-111.9241193],[182,218,11,259,260,49,321,193,59]
DqQS7QjT_7mW4U6HxwNoKA,33.479852,-111.994039,3,[33.479852,-111.994039,33.479852,-111.994039],[27,11]
A3r8QWYpddabr6ug8s_IwA,33.632873566450996,-112.15373205,16,[33.5964011,-112.18729,33.669346032902,-112.1201741],[43,11,99,120,218,41,338,382,206,26,7,108,39,251]
MQiH2r_YcOvDVjRORz01Dg,33.4320178253347,-111.8762112,4,[33.2815753506694,-112.0736473,33.5824603,-111.6787751],[26,11,212,41]
stHRlDnfHSldwqGvdwZbGw,33.380077150000005,-111.69549599999999,92,[33.3786853,-111.7925535,33.381469,-111.5984385],[48,120,11,41,43]
fhmcdMc7VWP2OuyOqwJtUg,33.509516,-112.059755,3,[33.509516,-112.059755,33.509516,-112.059755],[6,77,35,76]
BJUXMLNyQKjQq57BDWy1Ow,33.63646,-111.920975,200,[33.63646,-111.920975,33.63646,-111.920975],[168,11]
IZXAVCOmNLZj9EMjJ6yBbw,33.8321973,-111.9453694,149,[33.8321973,-111.9453694,33.8321973,-111.9453694],[26,11]
bjmpCjiMtO17s24yanaGFA,33.6071829,-111.9403254,36,[33.6071829,-111.9403254,33.6071829,-111.9403254],[210,11]
t94r7YgBKeWpFsXo2_1M0Q,33.4150348,-111.9184724,1,[33.4150348,-111.9184724,33.4150348,-111.9184724],[182,48,140,11]
k3GhVlpzw-VquUeLGK2m6Q,33.476983,-111.9258,10,[33.476983,-111.9258,33.476983,-111.9258],[26,11]
6ZLjNYVfOfAtkkC-64ADZQ,33.53125205,-112.0690286,200,[33.4245151,-112.2712148,33.637989,-111.8668424],[224,11,127,28,17,29,265,99,185,7,142,292,26]
W-BKs7YY0MoZ2fgAzvvMUA,33.4483606,-111.9866864,200,[33.4483606,-111.9866864,33.4483606,-111.9866864],[28,17,29]
S5Dz-rjurmXSE8WQoxGO-g,33.289966750000005,-111.92763769999999,2,[33.2748213,-111.99506,33.3051122,-111.8602154],[7,108,119,172,11,43]
OfSGG-8E-A93vH_PS17_8A,33.50201,-111.9313599,3,[33.50201,-111.9313599,33.50201,-111.9313599],[265,11]
FoKEIIUt4iaT2Dw4bTCk2g,33.4964751,-112.0839659,35,[33.4964751,-112.0839659,33.4964751,-112.0839659],[99,11]
P20F9OqUh3glwcxdTfazmg,33.5102445,-111.92320140000001,38,[33.319377,-111.9878697,33.701112,-111.8585331],[265,11,48,43,99,126,97,212,229,7,98,10,9,119,63,27,307,149,168]
eaOuLkJoT1i0YF4na3FPhQ,33.6468329,-112.0688289,2,[33.6468329,-112.0688289,33.6468329,-112.0688289],[215,32]
hrir05cqfGJTK4AtSb8ODw,33.3947699,-111.9088938,2,[33.3947699,-111.9088938,33.3947699,-111.9088938],[33,117,48,11]
q-CFs-eE3mu6aCOUohvALg,33.30422145,-111.98782019999999,6,[33.3037399,-111.9945753,33.304703,-111.9810651],[65,133,109,38,11,39,63,26]
dsf1mbQdqrKcFvJyXA9Nwg,33.5824859,-111.892395,1,[33.5824859,-111.892395,33.5824859,-111.892395],[218,41,11]
L3Jsd79upFBPk2z4EBOsVQ,33.49544535,-112.1106593,200,[33.436293,-112.2618153,33.5545977,-111.9595033],[43,11,46,6,372,28,17,29,38,99,33,39,128,182]
rWasSzqPd4__hnE_bP61Kg,33.3791486,-111.805341,2,[33.3791486,-111.805341,33.3791486,-111.805341],[212,126,11]
EAN6K-KmG8CEfwiHM6PZsw,33.5876959,-111.94298805,4,[33.5024095,-111.9955012,33.6729823,-111.8904749],[168,265,11,7,8,119]
FAR0buHdQ8fQo3eR7Zjesw,33.5092756,-112.0718179,5,[33.5092756,-112.0718179,33.5092756,-112.0718179],[48,11]
EJVwqmV-yBdN9gt3jW6IwA,33.52643965,-111.99552545,18,[33.38323,-112.1883568,33.6696493,-111.8026941],[119,11,7,247,99,63,27,24,48,84,147,26,127,120,108,17,62,38,39,40,340,210,109,126,97]
9NQaHuHKvSiyxRiNyqnZgQ,33.657218900000004,-111.890226,21,[33.4986978,-111.996292,33.81574,-111.78416],[119,11,182,48,140,126,109,38,39,63,49,52,66,33,117,99,379,168,265,27,26]
LfKu6UreK0iX0AN5hlzsiQ,33.343131,-111.789408,1,[33.343131,-111.789408,33.343131,-111.789408],[119,48,11]
2BO2FuR_U0Jg_-3hDW2nUw,33.507425,-112.0366323,4,[33.507425,-112.0366323,33.507425,-112.0366323],[11,63]
QInj9uyVJtIrgZu_IL-3dw,33.4585646,-111.80582319999999,4,[33.290397,-111.8912034,33.6267322,-111.720443],[224,11,78,79]
5pYESAEJbPvYpbbjqp3E-w,33.464599199999995,-111.8312277,3,[33.4391409,-111.9262552,33.4900575,-111.7362002],[311,88,38,39,11,26]
uDFdXhoESrH6HXwcDQp2rg,33.4795094,-112.1125311,101,[33.4795094,-112.1125311,33.4795094,-112.1125311],[28,17,29]
OFXscP6sh-6YlDvFH2DgJA,33.2627338,-111.7360489,11,[33.175751,-111.8567868,33.3497166,-111.615311],[27,11,44,10,24,212,41,119,197,23]
Wc53RGXl4g40cONMntUq2w,33.36268565,-111.92903125000001,3,[33.332733,-111.946971,33.3926383,-111.9110915],[24,11,7,108]
yhljUpxKhMcnGcfAfIUvpw,33.4360415,-111.9956337,36,[33.4360415,-111.9956337,33.4360415,-111.9956337],[28,240,241]
FHZ9erIjBY10Cl7uJnd51w,33.464516,-112.320879,2,[33.463502,-112.351228,33.46553,-112.29053],[106,408,54,280]
m21EE2_CqPzpXdKsYsbVIA,33.531358749999995,-112.014202,12,[33.4471735,-112.073781,33.615544,-111.954623],[119,99,11,201,48,43,108,7,38,109,39,40,206]
sAt_1qUHwhcJe3lSMArzeQ,33.4716571,-111.8900188,21,[33.378216,-112.081655,33.5650982,-111.6983826],[57,69,168,11,33,229,109,38,210,39,7,63,24,26,43,12,114,13,6,163,88,298,84,147,265,126,97,99]
Uc3cIIGqRoWRPm5pRS4CBA,33.4743013,-112.0649235,9,[33.4743013,-112.0649235,33.4743013,-112.0649235],[27,11]
jL2QwzZSd6RGaODdhe0WSw,33.6272381,-111.8956517,2,[33.6272381,-111.8956517,33.6272381,-111.8956517],[64,65]
U1VhMJAKHaTqCSIp9RoRcg,33.3044612,-111.9945753,15,[33.3044612,-111.9945753,33.3044612,-111.9945753],[219,218,41,11]
HAvvprWjiN0Dak2_Fc_ceQ,33.5072548,-111.9958235,15,[33.502191,-111.996292,33.5123186,-111.995355],[119,99,11,109,38,39,63]
MDJPj3OwhnYBpo417bFEZQ,33.4710214,-112.0649272,4,[33.4710214,-112.0649272,33.4710214,-112.0649272],[26,11]
fgVV7T1cTZRHb2M77_DV9g,33.457939,-112.0520855,48,[33.457939,-112.0520855,33.457939,-112.0520855],[26,11]
PAKk1wwnRJ2ETy-A8tzYUQ,33.475049999999996,-112.0274725,3,[33.448717,-112.059954,33.501383,-111.994991],[26,11,0,1,2,3]
yAO2SIS1xR7-QBxzXeEhBQ,33.552624550000004,-112.06515155,6,[33.5401509,-112.0737503,33.5650982,-112.0565528],[48,11,337,32]
eg6UEoXcjMplDPL_cjGu5Q,33.437139349999995,-111.99654595,2,[33.3211614,-112.1342853,33.5531173,-111.8588066],[215,32]
WJYJ4GHhDsnke86uOwRAvA,33.5820728,-111.9285251,9,[33.5820728,-111.9285251,33.5820728,-111.9285251],[96,72]
nOLTuMulF2ZQmhHzVFGJmg,33.4187933,-111.89043015,7,[33.4149566,-111.940813,33.42263,-111.8400473],[119,99,11,27]
kOldgft3-vWF30qQtuk_gQ,33.338052922397,-111.7567248573975,5,[33.321061644794,-111.7895308,33.3550442,-111.723918914795],[185,11,99]
Wwn_tQ_USUNP7xUWxPK-7w,33.58630535,-112.15635230000001,13,[33.459626,-112.338098,33.7129847,-111.9746066],[43,11,382,49,80,59,177,140,129,175,332,79,121,212,26,4,6,27,33,30,8,13,7,110,98,119,24,63]
ev7D2jo5OUDeHf0dWoWlsQ,33.4897882,-112.0005791,14,[33.4492414,-112.073196,33.530335,-111.9279622],[43,11,38,39,40,7,24,47,27,140,48,117,214,101,26,224,98,108]
cPoY0vyJWRzeozsinMM6Lg,33.599591950000004,-112.12508475,8,[33.5318417,-112.2021879,33.6673422,-112.0479816],[98,7,404,11,27]
LUDHnXp0VxoHlAb10GpEvw,33.5024095,-111.9955012,2,[33.5024095,-111.9955012,33.5024095,-111.9955012],[7,8,119,11]
oleGqnQMgL3BzIGM1AbgGQ,33.2815660319081,-111.97295665741,10,[33.2815660319081,-111.97295665741,33.2815660319081,-111.97295665741],[57,145,258,39,28,17,29]
Akwr-Kqif-NylJ3-EUlnWQ,33.4742682,-111.97606905,59,[33.3216034,-112.1091081,33.626933,-111.84303],[126,11,451,89,38,168,298,88,39,99,48,28,240,241,46,6,372,43,109,440,98,7,119,24,36,148,27,63,293,212,26,442,271,97,149,101,57,145]
VdL4eS8fAWCNInNtMvd-tw,33.5000245,-111.92715015,17,[33.499504,-111.927891,33.500545,-111.9264093],[48,24,11,119,99]
FAWMl8BMsdAkSLPekafbGw,33.347805,-111.97176095,4,[33.3473259,-111.9803928,33.3482841,-111.9631291],[177,140,11,38,99,273,39,128]
td2QVwngo-bmLdNv0es8Fg,33.3792626,-111.7664509,3,[33.3792626,-111.7664509,33.3792626,-111.7664509],[261,54,55]
9yZSunXrCxmS5TitSUchww,33.398475399999995,-111.95767095,8,[33.290743,-112.0739142,33.5062078,-111.8414277],[224,251,11,38,39,40,352,48,168,181,229]
5YMVUDRQe9bYSFadFScI5w,33.504442100000006,-111.98408570000001,2,[33.4995106,-112.0409502,33.5093736,-111.9272212],[39,38,99,128,11,109,440]
6DV2bUfPgZ7JcC-kTi9p3A,33.465454,-112.096342,22,[33.465454,-112.096342,33.465454,-112.096342],[26,11]
ZqnD-bi48ThElMfvIvYuTw,33.6283492842802,-111.897029906854,5,[33.54255,-112.142043113708,33.7141485685604,-111.6520167],[49,193,59,17,18,39,12,114,13,6,115]
z-1EMmNU3BA_DxciNW6tQg,33.5391796554639,-111.923670625261,1,[33.5391796554639,-111.923670625261,33.5391796554639,-111.923670625261],[98,7]
X_CYZS9ACTKiPeWjOt5obQ,33.587953,-111.9359673,8,[33.497291,-111.9746066,33.678615,-111.897328],[126,11,38,39,26,48,4,5,6,98,7]
bEEOlaSQrlPBZVQw4bjdUA,33.409735,-111.857263,10,[33.409735,-111.857263,33.409735,-111.857263],[38,26,39,11]
3gBhA4bNoPWQYeONL5NPQQ,33.49082455,-112.16447575000001,200,[33.449233,-112.2634935,33.5324161,-112.065458],[27,11,63,28,17,29]
vwAwUu0v_Jw5HOgWvjaviw,33.5641946,-112.2584939,2,[33.5641946,-112.2584939,33.5641946,-112.2584939],[37,32]
3TTWu3lElFi-c3fOZ3Gkrw,33.47656055,-111.94437815,9,[33.414477,-112.0986063,33.5386441,-111.79015],[168,144,11,26]
EfBQiT5JpgZaT9e-_cMtPA,33.4710214,-112.0649272,2,[33.4710214,-112.0649272,33.4710214,-112.0649272],[26,11]
F-iOCZDAJc9QvIqmyn3v7w,33.311685,-111.926503,4,[33.304861,-111.927065,33.318509,-111.925941],[38,251,39,40,11,208,6,35]
mRTY_S2IQyAweG0pLNOgLQ,33.43828,-111.86274320000001,30,[33.352666,-112.0718824,33.523894,-111.653604],[7,8,101,38,39,128,99,11,18,247,49,276,17,146,6,250,26,98,109,48]
4WYHYA3EB9JrRJ4sFbQZ2w,33.44218215405795,-111.79730381758,23,[33.2125748081159,-111.9193401,33.6717895,-111.67526753516],[48,11,7,292,142,10,24,6,77,35,26,99,169]
SC4qr96J3tsexcwCcAsmig,33.38298415,-111.78005289999999,5,[33.298078,-111.876336,33.4678903,-111.6837698],[33,99,117,11,7,162,201,194,26]
ZXT-v6IaRuVOZUBv9f4VSw,33.4939313,-111.9256266,1,[33.4939313,-111.9256266,33.4939313,-111.9256266],[185,11]
nA17_QEU8ghH0JvrUmdwdQ,33.446715,-112.357469,11,[33.446715,-112.357469,33.446715,-112.357469],[28,17,29]
gKL6lu1vN1wB2L0w9XMW4w,33.625313,-112.0717097,3,[33.5832073,-112.1302903,33.6674187,-112.0131291],[108,7,119,38,109,39,11,98]
N_Cgf5FVbMAPfS004x-jQA,33.44983945,-112.0514325,4,[33.3468019,-112.132431,33.552877,-111.970434],[7,138,139,11,99,71,72,297]
iO5zZNYhiG8IodSETOnsyA,33.493531700000005,-112.04413485,8,[33.4770236,-112.073629,33.5100398,-112.0146407],[33,38,39,11,140,40,48,109]
yh7Jop3WGJQKTPZq0zoPvg,33.4087405,-111.98784395,12,[33.304331,-112.073765,33.51315,-111.9019229],[43,11,340,63,129,78,278,79,212,112,6,151,152,17]
sRgUoLpEWhu6jnr6Nqr9-w,33.39711,-111.6677265,4,[33.377497,-111.698453,33.416723,-111.637],[26,11,44]
8zkcn-b6ecCc11t3p8QCkg,33.436051,-111.839288,1,[33.436051,-111.839288,33.436051,-111.839288],[33,44,117,11]
8RyV2qmm-TVhdC4sHQUK6A,33.631158,-111.89414719999999,5,[33.6226304,-111.89677,33.6396856,-111.8915244],[38,11,99,128,39,65,133,57,69,48]
PpN0IY-my49pZEXaZopGdA,33.3344463,-111.8463705,1,[33.3344463,-111.8463705,33.3344463,-111.8463705],[377,323,11]
-YKyVo9t-tRkLWrdrxOsFQ,33.4772147,-112.0736348,43,[33.4772147,-112.0736348,33.4772147,-112.0736348],[265,11]
_hRW2sdeatdsuKrOxP0lLQ,33.455863,-112.072167,1,[33.455863,-112.072167,33.455863,-112.072167],[88,298,39,38,11]
tDnBmtKUT_Tra9vd5sA3dQ,33.6251838,-111.9255108,3,[33.6251838,-111.9255108,33.6251838,-111.9255108],[168,265,11]
BHK7CPqIR5AAda6YiOmahQ,33.247815,-111.636153,1,[33.247815,-111.636153,33.247815,-111.636153],[155,54]
8_kscayjjEfRBpZShXBGgA,33.579659,-112.114685,2,[33.579659,-112.114685,33.579659,-112.114685],[28,17,29]
Fk0WOooGd4zKu2gqBDg6xg,33.5097979,-112.0119734,8,[33.5097979,-112.0119734,33.5097979,-112.0119734],[11,63]
g6SHLVyD4fG6J8miqG5ckA,33.40310715,-111.8818842,46,[33.383949,-111.9199824,33.4222653,-111.843786],[119,99,11,7,98,10,9]
hoJeBHi7JNoZ5aN6Ix31uw,33.491645,-112.073196,1,[33.491645,-112.073196,33.491645,-112.073196],[38,140,39,40,48,11]
eWWv-1viDN319EexYJO-MQ,33.637034,-111.9217796,11,[33.637034,-111.9217796,33.637034,-111.9217796],[26,11]
mpm2NngNAJkl5srF5A3oQA,33.4253394,-111.9398532,101,[33.4253394,-111.9398532,33.4253394,-111.9398532],[38,99,205,39,128,11]
aUEXPkhY6gA8KL9KVD915A,33.509554,-112.015207,17,[33.509554,-112.015207,33.509554,-112.015207],[168,265,11]
w3-jEwGrNUdBmFQsPprYbA,33.62401575,-111.79143155,7,[33.4153525,-111.9788671,33.832679,-111.603996],[7,137,8,139,24,11,6,284,35,126,4,5]
21iOujAEuKcsLpDXviKWvg,33.3482841,-111.9803928,3,[33.3482841,-111.9803928,33.3482841,-111.9803928],[177,140,11]
EcfsIPRE8TT09K-2bLF_kA,33.6116901,-112.1648254,5,[33.6116901,-112.1648254,33.6116901,-112.1648254],[251,11]
AjY5jom4tntbDSAQIaRQYA,33.49877,-111.917694,2,[33.49877,-111.917694,33.49877,-111.917694],[113,6]
1_QioJPyWR1NtiutASM4uQ,33.5090158,-112.05881695,5,[33.508756,-112.0718179,33.5092756,-112.045816],[48,11,177,285,140]
6BepcWSuDX5MISnzcOTzVw,33.5169536,-112.03772380000001,3,[33.5102068,-112.0482435,33.5237004,-112.0272041],[46,6,99,11]
Se-8iHeuDGv8kZXM7E7qxg,33.3276429,-111.902556,3,[33.320255,-111.927681,33.3350308,-111.877431],[126,97,11,182,218]
twGBOEmXtE5BDF0wsvZKVg,33.512237338767704,-111.9288987967835,3,[33.494205,-111.931447,33.5302696775354,-111.926350593567],[109,38,265,39,11,48]
CvmIjHdL2RJ7CZWXdGU_sg,33.632948,-112.031266,3,[33.632948,-112.031266,33.632948,-112.031266],[39,38,26,128,11]
G74oogzLeQPl5AWAHs-y1Q,33.611835,-111.914411,2,[33.611835,-111.914411,33.611835,-111.914411],[84,125]
avzVuoEUSiaB6t7a1cf5HA,33.5282521,-112.23013165,35,[33.4466932,-112.3410693,33.609811,-112.119194],[24,11,43]
objFz7l7RnsISeqnMwWJlA,33.482871,-112.047946,5,[33.482871,-112.047946,33.482871,-112.047946],[65,133]
xnUeNynBAw3AEHsom9-3mw,33.5879473,-112.1164668,2,[33.5879473,-112.1164668,33.5879473,-112.1164668],[168,169,11]
yT_7mYWBJdV0RFgI6rmnCA,33.516530565060705,-112.045840593994,14,[33.4354553,-112.169380187988,33.5976058301214,-111.922301],[99,48,11,57,69,84,345,6,346,38,143,39,212,33,309,285,13,65,114,204,12,7,36,26,43]
bivEb1NWuDjXOZAqI0mFpA,33.494459,-111.9953287,1,[33.494459,-111.9953287,33.494459,-111.9953287],[38,99,88,39,40,11]
s1Ir3usIcswwq9JyFo9UqQ,33.43475,-112.00644,200,[33.43475,-112.00644,33.43475,-112.00644],[28,170]
d8hI4HDZCLxN5G6xlOGRPA,33.4150786,-111.95413975,7,[33.350068,-111.9847505,33.4800892,-111.923529],[71,72,96,73,27,11,218,41]
8PIWp5924KnV0Za1ioXkig,33.4219869,-111.9366872,136,[33.4219869,-111.9366872,33.4219869,-111.9366872],[33,11]
ikzyZTdFumUndn9Ch8aBzg,33.5192265,-112.0373415,10,[33.508118,-112.047101,33.530335,-112.027582],[26,11,57,99,7,36,69]
fidu_4aHqkL_QHC1guZAWw,33.602802999999994,-112.15249215,22,[33.534203,-112.2618153,33.671403,-112.043169],[26,17,18,11,43,63,38,128,39,182,99]
HPzapqMz5oTL1MUPs4tAfg,33.348162,-111.9819,5,[33.348162,-111.9819,33.348162,-111.9819],[7,8]
liuI2O10hPfJ7VUf41IUPw,33.4082719,-111.7902823,2,[33.4082719,-111.7902823,33.4082719,-111.7902823],[44,43,11]
59m6T_Nlc1cFNkqqUKr8fA,33.545827349999996,-112.1418481,36,[33.4217923,-112.3625742,33.6698624,-111.921122],[6,155,54,156,98,7,24,11,119,43,449,108,65,133,251,168,63,49,193,59,64,27,267,182,172,80,166,21,292,48,82,99,38,126,39,26,127,142,140,97,139,10]
zVcWU4odOgKVZPQkvRW6sw,33.425938,-111.940346,114,[33.425938,-111.940346,33.425938,-111.940346],[33,99,44,11]
c3y3mVpDVrNIdNzuQmABag,33.27364340405795,-111.82078726758,10,[33.2125748081159,-111.966307,33.334712,-111.67526753516],[43,11,24,26,212,229,109,38,48,39,10,224]
Hj59uMUVw3iPk1z3sIUawA,33.304703,-111.981558,1,[33.304703,-111.981558,33.304703,-111.981558],[26,11]
sANCNbBFQM_zF9XyYfmPQA,33.493181,-111.9297091,2,[33.493181,-111.9297091,33.493181,-111.9297091],[38,48,39,40,11]
dvu9jhoAg88OIKRxuaTKpA,33.558211299999996,-111.92750935000001,3,[33.4922985,-111.9307637,33.6241241,-111.924255],[168,265,11,126,97,307,210]
otbdx8rU-f8D7mN0JfED3w,33.462815916371554,-111.96017415,8,[33.4234408327431,-111.996292,33.502191,-111.9240563],[99,11,119,38,48,128,39,109,63,27]
k7uFwC-drvJJgAlvqK1pig,33.435146,-111.998367,30,[33.435146,-111.998367,33.435146,-111.998367],[119,38,99,39,11]
BPXzpOZpIl0eepU6GfKbIQ,33.502148250000005,-111.92425745,57,[33.5020654,-111.9242599,33.5022311,-111.924255],[126,97,307,11,28,17,29]
K79GX5FZe-6DkcIqaRTJUw,33.531725,-112.261226,1,[33.531725,-112.261226,33.531725,-112.261226],[38,99,181,39,48,11]
ibylT1jObEe-j9XG8dHtyQ,33.448466028659496,-112.073376443245,24,[33.446885057319,-112.075677,33.450047,-112.07107588649],[99,11,28,17,29,307,27,172,38,128,39,26,13,6,22,21]
4Sk33mHimlXNCyBzERP1Zw,33.4946362,-111.9299092,9,[33.4946362,-111.9299092,33.4946362,-111.9299092],[101,38,39]
SycnHCkjO-EolHsnLZa9IA,33.3779891872164,-111.689758300781,1,[33.3779891872164,-111.689758300781,33.3779891872164,-111.689758300781],[224,11]
RGnODSWkk6lYIlAzlP0EBQ,33.45758113898085,-111.990439273515,16,[33.406467,-112.0712298,33.5086952779617,-111.90964874703],[177,192,11,117,96,72,33,44,24,99,119,38,48,39,57,69,40]
6MwUmq0Nh2RKZJifuxQ-2Q,33.4070807,-111.9516376,4,[33.3927242,-111.9607632,33.4214372,-111.942512],[27,11,43]
6DQkpGTMRs5c7YNx28D54Q,33.683479,-111.966112,11,[33.683479,-111.966112,33.683479,-111.966112],[161,28,29,17,65]
1eCkN2jhDVWyg51GV85VVA,33.40468735,-111.88013895,200,[33.3550442,-112.00644,33.4543305,-111.7538379],[57,258,38,40,39,119,48,11,28,170,99,128,296,185,126,97]
og36YVAp4jiqrWEJNpcX-w,33.3622991,-111.9079319,4,[33.3053504,-111.975816,33.4192478,-111.8400478],[38,11,128,39,99,67,68]
e2h6wEcKDbBOqaAow00J0A,33.5378713137466,-112.055160999298,1,[33.5378713137466,-112.055160999298,33.5378713137466,-112.055160999298],[63,27,24,11]
Yc9ZkRtM5iqRUjOqHXuArg,33.4400719,-111.9265573,1,[33.4400719,-111.9265573,33.4400719,-111.9265573],[54,317]
4pi5L3KDxNiYLMQG7rTkdw,33.29229695,-111.92178785,28,[33.2475,-111.9682552,33.3370939,-111.8753205],[43,11,109,38,265,39,99,63,27,7,162,48,224,251]
rydJILFTxLWmb055KenIsg,33.3637662,-111.9304053,1,[33.3637662,-111.9304053,33.3637662,-111.9304053],[185,11]
k9_Zq-gTjRBz5K-Lxg3BZw,33.6238874,-111.93132299999999,26,[33.6230152,-111.9329381,33.6247596,-111.9297079],[126,97,11,28,17,29]
k_WgOAhe6QWolkI2NLdnmg,33.4354553,-112.0739136,32,[33.4354553,-112.0739136,33.4354553,-112.0739136],[309,285,11]
l6eB_WbjS_0y2C1MArUiOA,33.49537485,-111.9787793,6,[33.42135,-112.0740526,33.5693997,-111.883506],[219,218,41,11,244,38,26,39,172]
84rrG_P9CrT9FJZDYj38sQ,33.775183,-112.47420185,7,[33.581302,-112.728991,33.969064,-112.2194127],[26,11,119,99,98,7,185]
aAJ46mQbd9AlAqriDlxscw,33.5685206,-112.0381974,11,[33.4240504,-112.151282,33.7129908,-111.9251128],[39,212,293,239,11,168,126,7,108,38,26]
j3EtDdv0uK_iQvQmN8Kswg,33.5847015,-111.9257372,2,[33.5847015,-111.9257372,33.5847015,-111.9257372],[38,39]
t5UhO1jW8jXn1gFux4XGIw,33.61891,-111.91235900000001,12,[33.617273,-111.926576,33.620547,-111.898142],[38,27,99,39,11,7,142]
cZafRbHIiObaMZEhSEOOxw,33.5004883,-111.9387427,8,[33.388095,-112.0409994,33.6128816,-111.836486],[6,204,65,46,13,115,372,7,108,49,312,146,17,152,43,11]
wBlxwkue3wRvKqETfty8lA,33.580610994018556,-112.1651969598145,9,[33.4961814880371,-112.4015838,33.6650405,-111.928810119629],[98,7,99,11,119,48,201,27]
I4s-qCcxtmnqGJ3imOThgA,33.4930514,-111.9339561,15,[33.4930514,-111.9339561,33.4930514,-111.9339561],[28,17,29]
nV6HtBgzG25_fq_bvqZ31g,33.4598255,-111.8991846073975,8,[33.303233,-112.0744503,33.616418,-111.723918914795],[57,145,38,39,48,11,89,265,126,97,99,43,7,33,47]
8uZ6WzOoyQwv69N-xPnQjw,33.494594,-111.9893448,1,[33.494594,-111.9893448,33.494594,-111.9893448],[10,24,11]
TQ4vRT9ETlxaL2Bvoj0fMg,33.5904174,-111.93859225,5,[33.554825,-111.9775485,33.6260098,-111.899636],[119,201,11,49,80,59]
W2aEoLWdgN2esaGIOIrBfQ,33.447521,-112.063434,23,[33.447521,-112.063434,33.447521,-112.063434],[309,11]
LZ8LKEf2dbBt2lyOQ1Y__w,33.4528757,-111.9601323,19,[33.425711,-111.9797946,33.4800404,-111.94047],[28,17,29,38,7,47,39,48,128,11]
EUldMVJpTJX7HwzDZ6m9-A,33.6693312,-112.2029352,3,[33.6693312,-112.2029352,33.6693312,-112.2029352],[26,11]
wrLFGheJC-OqN2QGZfM6fw,33.5063196,-112.04226235,5,[33.496155,-112.0632767,33.5164842,-112.021248],[12,61,13,6,114,99,11]
iGk_2PjZbRzIsMOnbAsecQ,33.445974,-111.8032005,3,[33.445974,-111.8032005,33.445974,-111.8032005],[235,328,32,90]
l-b5Ew0-Bp5vT5GOuFKbXg,33.607835,-112.0633045,1,[33.607835,-112.0633045,33.607835,-112.0633045],[54,55]
DGJFuqAxVJkyF0_BhpfKfg,33.4740662,-111.9270986,25,[33.4740662,-111.9270986,33.4740662,-111.9270986],[10,11,24,63]
h6DbdlOieRqalIhOF8K_Bg,33.459739049999996,-111.96460045,58,[33.2194451,-112.1045404,33.700033,-111.8246605],[43,11,26,117,322,57,27,109,38,39,33,177,63,210,181,251,99,400]
XL9D0wXPLcmNox-d9XDfTg,33.40781200000001,-111.9718185,200,[33.304492,-112.07,33.511132,-111.873637],[185,11,49,80,82,59,212,26,43,28,17,29,126,97,146,38,48,128,39,46,6,170,10]
TVGABS46CAXhnF4K9mTAWQ,33.4477082,-112.070093,32,[33.4477082,-112.070093,33.4477082,-112.070093],[168,265,99,11]
Q6uL5MqR9u5aqJuWChoyTw,33.6240886,-112.0644224,23,[33.52796,-112.2641158,33.7202172,-111.864729],[24,11,38,99,128,39,26,57,327,3,93,376,335]
z_5D4XEIlGAPjG3Os9ix5A,33.5302696775354,-111.926350593567,200,[33.5302696775354,-111.926350593567,33.5302696775354,-111.926350593567],[109,38,265,39,11]
jGYO8hQ-szCcp-jh1t5eZA,33.4197517,-111.9780669,14,[33.3370939,-112.0800705,33.5024095,-111.8760633],[109,38,48,39,11,7,142,224,8,119,63,27,24]
SqE440A80WYwajn_qTM9SA,33.49417605,-112.05184985,18,[33.4354553,-112.0986063,33.5528968,-112.0050934],[169,11,6,87,7,98,108,172,210,117,84,166,339,26,33,309,285,182]
1Hlq-WCpTU7jJ2luxfn3wg,33.25975865405795,-111.69883696758001,5,[33.2125748081159,-111.7224064,33.3069425,-111.67526753516],[10,24,11,117,7,142]
gUXfVNgnNF9WU73T-d-FKQ,33.53795185,-112.04601844999999,63,[33.4354553,-112.168382,33.6404484,-111.9236549],[7,137,8,139,38,119,109,39,11,24,63,27,307,168,144,48,26,36,99,224,40,247,108,6,225,250,33,142,309,285,212,185,210,140,49,50,52,98,177,9,10,104,161,195,65,175,129,121,79,187]
Adq1NeKNVncZxNs9Pl677w,33.5553661,-111.99504429999999,8,[33.4702022,-112.0653186,33.64053,-111.92477],[126,11,182,172]
IvewlnCqNuLKMnR-qwZCMw,33.47559005,-111.88189879999999,2,[33.413158,-111.8880186,33.5380221,-111.875779],[251,11,41,400]
qJLwxox0nyiVM2Xvq0lMPQ,33.3637683,-111.9103938,1,[33.3637683,-111.9103938,33.3637683,-111.9103938],[33,11]
rCVY6UnJ_L0tXWwHXwuL5A,33.5025941,-111.9296765,200,[33.5025941,-111.9296765,33.5025941,-111.9296765],[99,126,11]
d8geeKYzPeGp8uSP8C6PTw,33.5745515,-112.0216245,17,[33.304775,-112.133957,33.844328,-111.909292],[26,11,33,7,108,48,293,39,64,65,182,140,162,38,99,292,27,63,104,6,204]
nMwgC0DuMsBR0V5v4-J8wg,33.532831036137495,-111.876055800514,82,[33.233464772275,-112.06466,33.8321973,-111.687451601028],[44,126,97,11,212,43,7,137,8,139,26,41,168,119,63,12,61,13,6,114,99,27,65,204,98,24,224,127,38,39,108,79,121,201,48,33,47,115,372,162,292,185,229,361,219,218,265]
oIiVkznNlNfAzihT2nSHgw,33.475656,-112.875482,2,[33.475656,-112.875482,33.475656,-112.875482],[120,11]
6iM2r9sNClTV-X7NPIN24g,33.6368734,-111.8854724,1,[33.6368734,-111.8854724,33.6368734,-111.8854724],[20,499,23]
QfYJ4TWYdfgo2uHvHSRpFg,33.069079,-112.046189,3,[33.069079,-112.046189,33.069079,-112.046189],[43,11]
0KwVXPj_S0pFZgX842V0YA,33.3032859,-111.86466145,6,[33.0241115,-112.0505478,33.5824603,-111.6787751],[7,119,41,11,244]
_TUmUYMRZSa3rLwADWlqcQ,33.425330349999996,-111.89317750000001,5,[33.348162,-111.9819,33.5024987,-111.804455],[26,11,48,7,292]
Akk8XZQ0U0dt4MDxUjvagg,33.3386259,-111.8027964,200,[33.298078,-111.859677,33.3791738,-111.7459158],[26,11,99,41,212]
BJc-XLfQC7txkSvkey0i8w,33.4034755,-111.8779955,6,[33.384163,-111.952872,33.422788,-111.803119],[212,126,97,11,229,24,149]
FaNuRsu18qxS2ad7t93EjQ,33.402034099999995,-111.98055135,6,[33.31648,-112.0486857,33.4875882,-111.912417],[99,11,15,6,191,38,143,39,27]
MYVgzfsFXMAdByQWUirZlw,33.39935815,-111.87571205,46,[33.298212,-112.0827581,33.5005043,-111.668666],[43,11,7,108,201,98,10,9,182,218,224,126,139,8,36,189,24,142,292,117,185,338,48,88,38,99,39,265,168,177,192,251,212,149,229,97,373,153,63,140,26,41,138]
mIc0L_veUJNzZiAykGLZYg,33.49112,-112.079081,3,[33.49112,-112.079081,33.49112,-112.079081],[26,11]
nmISrBWgD7Ima5VVUkV8ug,33.683226,-112.092802,1,[33.683226,-112.092802,33.683226,-112.092802],[185,11]
gc-epptzKqDxwWn7olP7Ig,33.545329,-112.043169,2,[33.545329,-112.043169,33.545329,-112.043169],[26,17,18,11]
6OpoMBYHo5OSG_jeOFH27w,33.4926382,-111.926313,1,[33.4926382,-111.926313,33.4926382,-111.926313],[11,63]
Ysk6muC403bMC_GPeAQLDQ,33.5363516,-111.808691,66,[33.3406452,-112.253132,33.732058,-111.36425],[24,11,98,7,404,202,72,6,110,26,311,44,39,38,128,57,333,88,89,10,9,33,36,40,117,177,56,145,99,47,48,27,119,294,106,54,120,279,424,77,35,76,63,296]
y6i7RbD3j74zCzW3oC7YyQ,33.3782224,-111.9364223,3,[33.3782224,-111.9364223,33.3782224,-111.9364223],[7,142]
IW8laxfV2OK91dPHFIyPSQ,33.5173991,-112.0824683,8,[33.5173991,-112.0824683,33.5173991,-112.0824683],[126,97,11]
Snc090I2QOdJ2IhsDElbTA,33.480794,-112.07937405000001,47,[33.30617,-112.2328389,33.655418,-111.9259092],[27,307,11,120,119,6,72,345,35,282,264,309,285,105,65,15,191,7,138,8,139,137]
43J92CIluy-yGhJGcDtGjQ,33.3877855,-111.8565327,7,[33.3877855,-111.8565327,33.3877855,-111.8565327],[168,11]
xZiPsFRtUp_DB126u8qvOQ,33.4041468,-111.94113974999999,32,[33.3057949,-112.0478085,33.5024987,-111.834471],[182,172,11,26,7,142,44,119,210,181,218,41,38,39,292,99,185,285,57,145,10,48,24]
qAy3JtGAC1EDAQ1i2dLxEQ,33.508704,-112.028081,20,[33.508704,-112.028081,33.508704,-112.028081],[38,48,39,40,11]
tac4rzdsVmgQ1YjbMhgjWA,33.319561,-111.9778408,124,[33.319561,-111.9778408,33.319561,-111.9778408],[119,99,11]
V9rPKsWM0qaFyLPY9X-n6w,33.50340775,-112.08204155000001,18,[33.3369531,-112.287647,33.6698624,-111.8764361],[38,99,39,11,43,42,212,48,63,27,251,224,126,109,26,127]
1INYTFNTc5uJIJiGtGa-IA,33.6288709,-111.886982,2,[33.6288709,-111.886982,33.6288709,-111.886982],[126,212,43,11]
AXHAksv-Y84Ww5uVw8RdHA,33.44407515,-111.926182,200,[33.304138,-112.047023,33.5840123,-111.805341],[182,48,140,11,212,126,38,99,39,40,44,24,28,170,7,108,57,258,41,43,138,8,139,63,137,26,127]
22jazDlKlsHYG1z7lmTZCQ,33.546603250000004,-112.13240055,15,[33.4542695,-112.3553813,33.638937,-111.9094198],[168,11,7,142]
JeDXg5tMVVAj1mRRRPD2Pg,33.524388200000004,-112.00318905,13,[33.4118097,-112.0841165,33.6369667,-111.9222616],[46,6,429,32,48,11,64,123,65,63,27,307,49,20,23,415,59,168,265]
oVqnL6vEeC8gYrVTeOmr5w,33.5102068,-112.0272041,5,[33.5102068,-112.0272041,33.5102068,-112.0272041],[48,11]
F9gLnpnWD5q8hKPmFhza-Q,33.4938219,-111.9259965,17,[33.4938219,-111.9259965,33.4938219,-111.9259965],[7,142]
Q2FBL_p9j8J8snUhBLYztA,33.5744834,-111.8629187,1,[33.5744834,-111.8629187,33.5744834,-111.8629187],[48,11]
z99Xto9oUSRfaj03mqQlfA,33.31613645,-111.90782150000001,9,[33.3056789,-111.957417,33.326594,-111.858226],[224,11,161,65,133,10,44,24,26,38,39]
32gAXjU-AHBrTz1uzngMNw,33.343624311751796,-111.79184511622401,21,[33.3078616235036,-111.8402382,33.379387,-111.743452032448],[185,11,63,27,181,48,120,119,99,7,108,142,292,38,128,39]
V8W4ixzX0GCTQEK-xJbA2w,33.33010965,-111.85955325,2,[33.2762703,-111.8753205,33.383949,-111.843786],[99,11,119]
RghDAJ32A7hoMyqvoqFpmA,33.409735,-111.857263,83,[33.409735,-111.857263,33.409735,-111.857263],[38,26,39,11]
zw59tpahxWMmlzi7v4qq1Q,33.5506715,-111.96305029999999,23,[33.422728,-111.9746066,33.678615,-111.951494],[38,265,39,11,88,89]
apf_19hkXrWrOvNHYRwsAA,33.54278925,-112.029459,11,[33.4471735,-112.079081,33.638405,-111.979837],[224,11,7,98,108,172,28,17,29,48,212,38,39,40,49,80,59,78,79,119,99]
glaLKjNLa9uNWxqpxBNsag,33.6270766,-111.8912361,6,[33.6270766,-111.8912361,33.6270766,-111.8912361],[26,11]
Q6V3qjxOFlCOSED8lxWAsQ,33.6226416,-111.8741292,2,[33.6226416,-111.8741292,33.6226416,-111.8741292],[65,133]
VSgbmmHro5z2aQMocOwz5Q,33.4964751,-112.0839659,200,[33.4964751,-112.0839659,33.4964751,-112.0839659],[99,11]
CbvxZGfTYdTVS7BlUpg1iA,33.43475,-112.00644,200,[33.43475,-112.00644,33.43475,-112.00644],[28,170]
WT8NRPTXaeA5NU9oEdNH4g,33.578829999999996,-112.11789925,5,[33.5612589,-112.1201741,33.5964011,-112.1156244],[48,185,11,43]
GPtxnyEXlbHj_KHRpTa6MQ,33.4317278536161,-111.843223571777,5,[33.4317278536161,-111.843223571777,33.4317278536161,-111.843223571777],[44,27,11]
nr5-g3HCSidJ9fBoAP39jA,33.53723685,-112.06438775000001,29,[33.43475,-112.1223355,33.6397237,-112.00644],[28,170,218,41,11,240,241]
U98yxAsZ56R1yLqUiSjnHA,33.631662,-112.013035,1,[33.631662,-112.013035,33.631662,-112.013035],[337,32]
