DxDZ9AFN2mTjbizWeqbyBg,33.51052521376755,-111.95014258188499,3,[33.4990986,-111.97437286377,33.5219518275351,-111.9259123],[38,265,39,11,49,445,66,52]
Ez5MCwE9JU0xTbGp65GkbQ,33.6108797,-112.0982935,14,[33.6108797,-112.0982935,33.6108797,-112.0982935],[98,7,239,11]
YCB_VYsBp3ccM1hGcJ21hA,33.320203785852,-111.9446939218,2,[33.320203785852,-111.9446939218,33.320203785852,-111.9446939218],[126,97,11]
XiViwzOy78pSE7lCw415wA,33.483281,-111.926895,3,[33.483281,-111.926895,33.483281,-111.926895],[63,27,11]
V0y4fqp-4pSRfsz0FmsjPA,33.574372,-112.096164495485,190,[33.304416,-112.34971999097,33.844328,-111.842609],[39,63,99,38,11,48,26,7,142,15,6,191,57,327,145,24,27,205,40,28,17,18,29,33,137,8,139,98,119,126,97,149,56,65,133,210,192,224,128,43,185,162,10,45,44,46,357,69,265,30,13,322,47,143,79,121,307,212,84,147,138,177,140,36,206,91,341,49,141,345,87,260,259,274,146,51,312,9,421,129,109]
FykVufQvDKBXzvFyJrxodA,33.568265350000004,-111.91832405,7,[33.423546,-112.1114555,33.7129847,-111.7251926],[126,97,11,27,24,48]
DAjWhk4XjrVzfVIaTQyTYQ,33.45715245,-112.00728305,2,[33.4484009,-112.0715171,33.465904,-111.943049],[27,11,72,297]
jwqUwErUOGxtqBKadZDOcQ,33.47088575,-111.98515929999999,20,[33.3197625,-112.0657286,33.622009,-111.90459],[307,212,43,11,26,99,48,126,97,28,290,241]
DG8F7So24DWKT7oZuwks-Q,33.3928392,-111.9402378,13,[33.3928392,-111.9402378,33.3928392,-111.9402378],[12,61,13,6]
WHEpTU6yMSMp0zRssPbVxw,33.349950072397,-111.79145380739749,19,[33.321061644794,-111.8589887,33.3788385,-111.723918914795],[43,11,185,99,24]
3Ad65AsOvp1O1LSHnKreVA,33.2475,-111.87918,2,[33.2475,-111.87918,33.2475,-111.87918],[48,11]
iH8_OGL1mDOyDQsWstdrBg,33.3550442,-111.7895308,6,[33.3550442,-111.7895308,33.3550442,-111.7895308],[185,11]
ONNDmhFp4i8Io9wiaHWv1A,33.50513565,-112.05305809999999,11,[33.4794961,-112.0912518,33.5307752,-112.0148644],[44,24,11,38,39,40,12,13,6,22,177,140]
62YBvqnHn0gLLOnz7WWLKg,33.497939,-112.00176300000001,5,[33.4903739,-112.073654,33.5055041,-111.929872],[60,6,70,112]
pdHGCH1cXzGPuE_0dmwuAA,33.43645,-111.71847,31,[33.43645,-111.71847,33.43645,-111.71847],[99,24,11]
fLSQrBfRwlVCEWPsgsfStw,33.5024095,-111.9955012,67,[33.5024095,-111.9955012,33.5024095,-111.9955012],[27,11]
KJUiuRErNvt6QQZvDShuZg,33.46531795,-111.993866,200,[33.435146,-112.065431,33.4954899,-111.922301],[28,17,29,351,57,186,6,39,7,98,108,172,11,240,241]
nYXZIHGhUNQexIyqtSy2Og,33.4908904484577,-111.670638696847,2,[33.4908904484577,-111.670638696847,33.4908904484577,-111.670638696847],[168,265,11]
YkMtJxbpV_AyAclxDpmi3w,33.362590999999995,-111.7991945,17,[33.3057308,-111.915926,33.4194512,-111.682463],[38,7,47,88,39,48,11,97,178,17,49,28,29]
xXMO40nW5oSy1phHw57ZFg,33.3779891872164,-111.689758300781,2,[33.3779891872164,-111.689758300781,33.3779891872164,-111.689758300781],[224,11]
VDCHcdTkrUUSLz0hcKK6vQ,33.39216865,-111.9511435,10,[33.2748213,-112.059755,33.509516,-111.842532],[43,11,14,15,6,77,35,76,26,7,292,142,98,24,101,38,39,40,33,48,47,27]
yqHUDsS-rgkfPX-VDDsQ5A,33.4948197,-111.9798208,2,[33.4948197,-111.9798208,33.4948197,-111.9798208],[119,11]
bSpLvkXlZuw-icYDK6BdKg,33.448333,-112.074127,1,[33.448333,-112.074127,33.448333,-112.074127],[99,11]
c5JW3ZAFA6KTFipc8eBv9w,33.263243,-111.861722,1,[33.263243,-111.861722,33.263243,-111.861722],[30,13,6]
MfBHBiSNol6fsNU46AlhgQ,33.494679250000004,-112.03965984999999,6,[33.4770399,-112.083991,33.5123186,-111.9953287],[11,24,63,119,99,43,84,147,38,88,39,40,143,205]
gc4rNAgbGydNMAPJ85FZag,33.50975115,-112.1531601054075,200,[33.407561,-112.390394210815,33.6119413,-111.915926],[38,145,57,88,39,298,11,127,101,26,99,128,119,48,33,117,307,212,43,185,168,144,40,327,44,27,63,293,28,170,265,7,47]
UHWaq40uTeO9ojnTRZqNCQ,33.75502565,-111.9619742,35,[33.677854,-111.978579,33.8321973,-111.9453694],[27,11,26]
Qp1AJD1cdTf7JVY9mXixBw,33.37325395,-111.86649605,20,[33.2174671,-112.012504,33.5290408,-111.7204881],[219,218,41,11,98,7,108,137,8,139,79,121,109,38,48,39,163,13,6,250,26,84,147]
9tas2s5Dh4ly_6-lKehvRA,33.4016499,-111.925736,1,[33.4016499,-111.925736,33.4016499,-111.925736],[54,55,122]
FE-4YFtK2KQUcOaWzcm6gQ,33.492335,-111.9236549,5,[33.492335,-111.9236549,33.492335,-111.9236549],[38,99,39,40,11]
NlPthx4THxqLFz2q_PqBfg,33.5025941,-111.9296765,2,[33.5025941,-111.9296765,33.5025941,-111.9296765],[141,345,6]
nV7XSkR8SgMLoOlD1_TiuA,33.4787943,-112.0478085,8,[33.4787943,-112.0478085,33.4787943,-112.0478085],[26,11]
0FFBcUtz8_t3Rer6XfV8yQ,33.5642575,-112.0242533,5,[33.4499,-112.0739,33.678615,-111.9746066],[48,11,26,185]
VixMZ-iRlDC_yKIIZ6ApiA,33.6402149,-112.0645843,1,[33.6402149,-112.0645843,33.6402149,-112.0645843],[149,97,11]
fw4BmstcyqW4w4r4tTfp5A,33.4719589,-112.0649208,1,[33.4719589,-112.0649208,33.4719589,-112.0649208],[251,11]
p2vElRhZOor2leIG5k6R2g,33.39981815,-111.9330711,10,[33.3057949,-111.9927062,33.4938414,-111.873436],[63,27,11,43,126,99,185,212,41]
_5Xbe23yDhtR0D_q3yJqwA,33.5147784,-112.0482692,7,[33.4587437,-112.0824552,33.5708131,-112.0140832],[182,48,140,11,26,7,313]
-DRza4wuHHWfQx5HcG6qaw,33.56412098642805,-111.91505368675249,21,[33.546,-111.96828,33.5822419728561,-111.861827373505],[26,11,38,7,206,139,109,39,98,10,9,99,128,48,47]
wUXSmppXrGdztyKwz5b_Ng,33.452834100000004,-112.07164080000001,8,[33.4492414,-112.072854,33.4564268,-112.0704276],[38,39,40,126,97,11]
yR6ZcAcpSqzH6_87upvokA,33.50466155,-111.9760336,200,[33.4997186,-112.0257401,33.5096045,-111.9263271],[126,11,119,99,109,38,39,63,48]
JB3YcHhrOoFwY2QG3z_slw,33.377068,-111.945167,2,[33.377068,-111.945167,33.377068,-111.945167],[84,389]
LIZ97dvjKqwKeb0_d3flcQ,33.5007047,-112.03528565,7,[33.3310474,-112.0909725,33.670362,-111.9795988],[44,11,7,292,98,139,9,108,24]
RnbQiRQIlp2AIxRCM0gPRw,33.4503379,-111.93097839999999,45,[33.3184674,-112.072167,33.5822084,-111.7897898],[168,11,33,78,79,37,32,203,177,140,161,65,88,38,39,109,63,126,26,43,265,49,368,7,108,48,99,97,119,9,24,129,278,98,292]
pyMZEyuFjQNDtozyBPvJfQ,33.637034,-111.9217796,22,[33.637034,-111.9217796,33.637034,-111.9217796],[26,11]
pxD7uZarYMDtdTY_pLqDAg,33.578710900000004,-111.8903713,15,[33.5285509,-111.9259207,33.6288709,-111.8548219],[48,11,126,97,182,140,251,224,212,43,27,63]
RchRewIEVWrBu19_bulyhg,33.5102372,-111.9993631,48,[33.5044082,-112.029562,33.5160662,-111.9691642],[119,99,11,161,28,65,17,29,7,108]
xczPu68ZLBFxWtArYVJJcg,33.7336667,-111.8473856,24,[33.7336667,-111.8473856,33.7336667,-111.8473856],[265,11]
CI1RpU3YSeImNLniEUC6sw,33.4578271,-112.0674563,3,[33.4578271,-112.0674563,33.4578271,-112.0674563],[57,186,6]
Gg9J7s7lSonKU0tTaH8Wog,33.56370745,-111.9248829,30,[33.5022311,-111.9255108,33.6251838,-111.924255],[168,265,11,126,97,307]
QO4TLsJNcXx8Xaa5PkYXZw,33.5095841,-111.91808434999999,7,[33.4356882,-112.020834,33.58348,-111.8153347],[7,142,99,43,11,26,72,154,137,8,139,313,27,44]
DBkn-FIeRRwg9rUoiR2nkw,33.474605,-112.065107,11,[33.474605,-112.065107,33.474605,-112.065107],[48,11]
W9f0YU0C9JnFBnel2d7pPw,33.392234450000004,-111.80008345158251,29,[33.305675,-111.9803928,33.4787939,-111.619774103165],[48,296,11,7,292,99,47,27,224,182,311,185,88,38,39,89,251,212,126,74,168,63,97,218,41,181,43,309,119,285,177,140]
VLEicvujLbpjHO8nP2uGgA,33.424476350000006,-111.9333015,14,[33.2614572,-112.0275918,33.5874955,-111.8390112],[109,38,27,39,11,33,48,63,98,7,24]
p-gh5S7yRQKRFL-HoxF08Q,33.43318625,-112.55159305000001,17,[33.3705837,-112.590673,33.4957888,-112.5125131],[38,109,39,63,27,11,265]
intz_M3Q3Toe0pwoN0zdzw,33.3990974,-111.93175629999999,200,[33.303233,-112.0739818,33.4949618,-111.7895308],[7,108,185,11,98,57,39,145,33,48,47,88,38,99]
zKq8DcCQ2mlVByb36BlWeg,33.3897576,-111.9343636,7,[33.3897576,-111.9343636,33.3897576,-111.9343636],[71,72]
lmvohdrRD8SKitMVynzTcg,33.4661258,-111.9175385,2,[33.4661258,-111.9175385,33.4661258,-111.9175385],[38,48,11,128,39]
73mnV7tc0eIsVpm1PMI7fA,33.508118,-112.027582,53,[33.508118,-112.027582,33.508118,-112.027582],[57,99,7,36,69,11]
E-4XVptsZFhPQhXjEHoxUw,33.4975072,-111.92812255000001,200,[33.4930044,-111.9313599,33.50201,-111.9248852],[38,48,39,11,265]
OVG1HS7A_oxJYuXLzbvVAQ,33.6251838,-111.9255108,119,[33.6251838,-111.9255108,33.6251838,-111.9255108],[168,265,11]
RXueZzFMARyR16QBtxlFeg,33.4413508,-111.87713719999999,188,[33.3817443,-111.9477654,33.5009573,-111.806509],[57,470,145,39,33,11,12,114,13,6,22,119,99,120]
FiBjwxapFrgrGMub_-nMrQ,33.4655786,-111.9331774,1,[33.4655786,-111.9331774,33.4655786,-111.9331774],[71,72,297]
mTzkpoLsDwjVHYr-L7B9SQ,33.4487652,-112.0714186,28,[33.4487652,-112.0714186,33.4487652,-112.0714186],[38,11,99,128,39]
i6a0TWBm7zeaBD8gk4Xlrg,33.3903699,-111.6987464,3,[33.3903699,-111.6987464,33.3903699,-111.6987464],[71,72]
3__t5LGrD4ER9qvFxmlHzA,33.57113695,-112.15455499999999,12,[33.4590669,-112.233809,33.683207,-112.075301],[41,11,99,153,185,24,101,88,38,39,40,44,26,27,43]
iCSJP0i_jGJTK0gMP2lzew,33.3059969,-111.88516,2,[33.3059969,-111.88516,33.3059969,-111.88516],[26,11]
qZ_dR2o3naAhnb3-6D6sIw,33.444801984944,-112.07211772211,19,[33.444801984944,-112.07211772211,33.444801984944,-112.07211772211],[38,99,39,128,185,11]
V0eO8JXMJisxFnk3KLZwRw,33.2711537,-111.7898246,1,[33.2711537,-111.7898246,33.2711537,-111.7898246],[126,212,11]
vKs0r5yZhfJYdBSd0J1a3Q,33.378303527832,-111.906135559082,1,[33.378303527832,-111.906135559082,33.378303527832,-111.906135559082],[26,11]
rm8nhbvNlO4PKbKVhcWXFQ,33.3488957,-111.9766015,4,[33.3488957,-111.9766015,33.3488957,-111.9766015],[65,133]
B3D1DTdGz6ObaXfoYLjeCg,33.595881,-112.134443,1,[33.595881,-112.134443,33.595881,-112.134443],[33,117,24,11]
Bk_YETV7aBMa7aLcM0kYxg,32.9484261,-112.7117802,8,[32.9484261,-112.7117802,32.9484261,-112.7117802],[63,27,11]
SdrxxfTQGbT7iSdrGkulfg,33.506283,-111.96768935,40,[33.334712,-112.181569,33.677854,-111.7538097],[251,11,26,149,126,212,10,24,182,48,140,38,168,298,88,39,117,307,41,43,7,108,201,119,57,69,40,185,98,137,139,128]
qPNGqu8P6qiQRQX0wTQmgA,33.7110102,-112.1142778,75,[33.7110102,-112.1142778,33.7110102,-112.1142778],[185,11]
t0emYeukE9ajGwa7-oBTvA,33.3786209,-111.8096718,1,[33.3786209,-111.8096718,33.3786209,-111.8096718],[64,65]
HmBtnW0VB30oRosce3nZxg,33.4692543,-111.89171975,69,[33.3897636,-111.9264164,33.548745,-111.8570231],[158,28,26,11,33,119]
pypjujPA3eK-H2WQHWvfew,33.3117903,-111.8412173,1,[33.3117903,-111.8412173,33.3117903,-111.8412173],[149,11]
ZfzzRLJ_kQTC3JDlf7TJbA,33.6721881,-111.8904906,8,[33.6721881,-111.8904906,33.6721881,-111.8904906],[64,161,65]
Nh1-RLlCU5i0MCH7so6_-g,33.4217383,-111.9476151,2,[33.4217383,-111.9476151,33.4217383,-111.9476151],[26,11]
IpopQlrJlbUXKVKOJ93m_w,33.55989865,-112.11407249999999,4,[33.4803943,-112.180066,33.639403,-112.048079],[63,27,11,26,338,382,206]
LilI1X3jj9IM161QS43_JQ,33.6241241,-111.9307637,58,[33.6241241,-111.9307637,33.6241241,-111.9307637],[168,265,11]
MsZsKpzipbm7sgYbJ2wk9Q,33.5612589,-112.1156244,1,[33.5612589,-112.1156244,33.5612589,-112.1156244],[48,185,11]
Enb_ZJ8WciiZuEv606po1w,33.2544786,-111.8811024,67,[33.2475,-111.8830248,33.2614572,-111.87918],[48,11]
zek-G12O-hMadeLixnc4Bg,33.710985,-112.200326,2,[33.710985,-112.200326,33.710985,-112.200326],[11,63]
mStG97tC8q2s1Z3b4HL0Xw,33.6396834,-112.219969,43,[33.6396834,-112.219969,33.6396834,-112.219969],[182,48,140,11]
xMl2HNZXgvzUFbX3ptonXg,33.5620385,-112.04673495,16,[33.523984,-112.0567199,33.600093,-112.03675],[71,72,96,73,265,11,126,97,26,7,8]
TGHKt5Iz_4c4Zhg_d_hKzA,33.4798805,-111.9882712,2,[33.4798805,-111.9882712,33.4798805,-111.9882712],[44,296,11]
7R4Rol3QSt9sys1FYFmg2w,33.306491,-111.890258,2,[33.306491,-111.890258,33.306491,-111.890258],[99,265,168,11]
XRuyQeO3dAUGeVdG6YfyEA,33.4214126082706,-111.942980289459,25,[33.4214126082706,-111.942980289459,33.4214126082706,-111.942980289459],[7,108]
ip-qfAieO8FiHUKp3K9ACA,33.510026,-112.024174,3,[33.510026,-112.024174,33.510026,-112.024174],[48,11]
gZ2WWQUaL8wRowUQSp21Jg,33.384163,-111.803119,1,[33.384163,-111.803119,33.384163,-111.803119],[212,126,97,11]
MtwKgPbXr71HumNRtZ7YEQ,33.4493691,-111.9334202191545,131,[33.2896402,-112.00644,33.609098,-111.860400438309],[177,140,11,43,119,24,28,17,29,38,99,39,170,182,7,142,352,48,6,200,30,8,13,72,96,9]
nHKYXypVAz3mwNUVVUu4VA,33.45241825,-111.9554359,12,[33.3931628,-112.0740398,33.5116737,-111.836832],[7,108,192,11,38,181,39,40,26,24,182,172,49,193,59,210,36,8,247]
slp8VQWuW0Dq_azDCAshCw,33.44236825,-112.01856409999999,103,[33.3208915,-112.1247112,33.563845,-111.912417],[224,11,182,172,43,48,168,126,97,38,181,39,40,143,205,212,117,214,177,140,63,15,6,191,7,142,292,99,206,27,229,24,244,192,285,98,108,251,8,10,265,26,101,88,45,65,148,204,79,121,161,298,49,59,175,129,36]
UmRq9KblJUe132lM-tspuA,33.47757255,-111.9603752,66,[33.4531351,-111.9893905,33.50201,-111.9313599],[265,11,28,17,29]
4f7pj8j1T23qxfIXi0aj_g,33.550602433017,-112.22111137499499,76,[33.449799,-112.36750874999,33.651405866034,-112.074714],[28,442,241,212,120,11,7,36,8]
N4yUR5SMvpgSmNNOizuTxQ,33.51731915,-111.89843515,13,[33.3789539,-111.9300279,33.6556844,-111.8668424],[43,11,98,7,265,99,185]
FLZ3tlOYEV-sG1H1CkTuxA,33.4152304,-111.8234333,1,[33.4152304,-111.8234333,33.4152304,-111.8234333],[72]
Rl95HirqjvG5nN_P9xTnZA,33.4483606,-111.9866864,62,[33.4483606,-111.9866864,33.4483606,-111.9866864],[28,17,29]
NWUcC8acMnuIBwD81PgIWw,33.43804465,-111.9789119,20,[33.3637707,-112.0649208,33.5123186,-111.892903],[27,11,119,99,251,43,49,4,5,6,367,63,212]
X7zK27xxRmZBd79g-KM9kg,33.566247,-111.9257768,6,[33.566247,-111.9257768,33.566247,-111.9257768],[48,11]
1Xt3qdnMbHwqIefVShS1sg,33.4922985,-111.9245517,1,[33.4922985,-111.9245517,33.4922985,-111.9245517],[210,11]
1cjXceQTPW1byV5ulqz7KQ,33.39282945,-111.9182339,5,[33.390889,-111.927574,33.3947699,-111.9088938],[157,103,33,117,48,11]
vmilZ7O_00r7rja-3bbxPg,33.4436715,-111.7910715,20,[33.43562,-111.861593,33.451723,-111.72055],[120,11,28,17,29]
dnVtj0QI74Qa2-zLVWdhiw,33.41031425,-111.93689795,29,[33.407561,-111.9475246,33.4130675,-111.9262713],[88,38,99,39,11,28,17,29]
s1Skvk3sRkTHdp4V3cK8XQ,33.434852750000005,-111.9004057,4,[33.408901,-111.9477654,33.4608045,-111.853046],[57,470,145,39,60,61,13,6,49,52]
HNcxoXgQ6GGGfpvjMfb2rQ,33.482601,-112.077617,58,[33.482601,-112.077617,33.482601,-112.077617],[28,17,29]
hTKFGpi3ltCV4B-XDFRT-A,33.567239,-111.99499305,30,[33.455863,-112.100731,33.678615,-111.8892551],[28,17,29,109,38,48,39,11,63,27,99,212,26,7,108,47,57,145,119,88,18,65,105,133,128,126,265,97,182,218,307]
3dno9Y7mtvi2tq6IfMpDeA,33.64478215,-112.0825416,107,[33.4606143,-112.239905,33.82895,-111.9251782],[26,11,63,119,99,127,117,39,84,147,7,36,38,128,6,21,359,33,30,13,8,45,48,40,169,10,24,88,126,97,185,57,306,46,333,43,49,178,177,140,210,292,35,76,72,275,269,44,4,248,17,152,112,101,206,27,108,161,28,65,29,116,62,113]
BRpbP8FI9Q-MULAj6iyXHA,33.524434549999995,-111.94498300000001,9,[33.3702541,-112.00644,33.678615,-111.883526],[265,11,7,8,6,270,33,44,168,28,240,241,142,99,126,97]
X-8Y1lIzM6acMxkp5Tnihg,33.420206199999996,-111.83332060000001,122,[33.415073,-111.9398532,33.4253394,-111.726788],[311,11,465,57,39,145]
c7QLCxUGLBmiZ_UN-icbXg,33.4499,-112.0739,3,[33.4499,-112.0739,33.4499,-112.0739],[99,11]
K4Tv4Sc6nUKCDE3roprjwA,33.798073,-111.926458,103,[33.798073,-111.926458,33.798073,-111.926458],[26,11]
5WrOiOobqAtsHvTG9PaF8Q,33.31668395,-111.93085915,2,[33.298212,-111.9631173,33.3351559,-111.898601],[185,11,74,24]
6ms7fAY1vyKz1Zw89YCFaQ,33.341706900000005,-111.82036965,10,[33.2486638,-112.00644,33.43475,-111.6342993],[28,170,12,114,13,6,115]
eq70YTKG9yXnIvq5-KSlWA,33.7129847,-112.1114555,1,[33.7129847,-112.1114555,33.7129847,-112.1114555],[27,11]
4eraKSgRK92ryGuAOBnLgQ,33.4922514,-112.0875023,7,[33.4329724,-112.2707018,33.5515304,-111.9043028],[33,11,27,57,69,56,7,36,38,39,109,327]
FETE6AGIakT7XqABVv7Aig,33.403689,-111.981986,7,[33.403689,-111.981986,33.403689,-111.981986],[7,292]
JInvoKoR5O1f-4lgGi2AcA,33.56065095759275,-112.0243874887695,10,[33.4548476,-112.124526977539,33.6664543151855,-111.924248],[251,11,109,38,39,63,181,40,27,24,26,97,43,168,48,229,224]
8eH7olqrxizIdscDZvE-Nw,33.5803978,-111.8993491,2,[33.538154,-111.924569,33.6226416,-111.8741292],[65,133,49,322,57,146,52]
26ZwCqByPbfY1wek6uRnaA,33.4943672,-112.0912518,1,[33.4943672,-112.0912518,33.4943672,-112.0912518],[177,140,24,11]
RkcFYB1wcMHOhSugOsZwZQ,33.395974,-111.8406513,1,[33.395974,-111.8406513,33.395974,-111.8406513],[26,11]
sr4HxcIgqhStKh6_7FhdRA,33.47055125,-111.8467044515825,15,[33.313876,-112.0736348,33.6272265,-111.619774103165],[265,11,74,27,26,7,162,119,201,53,54,55,57,56,17,18,47,48]
IQyX8dOoglnn5FipjBLUAg,33.3478272,-111.9102573,1,[33.3478272,-111.9102573,33.3478272,-111.9102573],[7,292,98]
dnimMmZEGiDOVLBDMHIb_w,33.56394295,-112.02536035,15,[33.4949379,-112.121424,33.632948,-111.9292967],[39,38,26,128,11,120,6,270,208,35]
ubgSwNH21K191QIzZmDASw,33.411968968171905,-111.9578290747375,33,[33.4033669363438,-111.973214149475,33.420571,-111.942444],[28,17,29,38,168,298,88,39,11]
Ve4WO0fGiu2yi3ONC2fl0w,33.3637662,-111.9304053,9,[33.3637662,-111.9304053,33.3637662,-111.9304053],[185,11]
f9H3QWfvt2EtsbXfSY-gGg,33.5937119,-112.099237,5,[33.5937119,-112.099237,33.5937119,-112.099237],[185,11]
y25eyx9uFr9Z2JQuhfwJsg,33.5409028386777,-111.869723796844,6,[33.5409028386777,-111.869723796844,33.5409028386777,-111.869723796844],[7,119,41,11]
MuncJ_BzgD8OZQ42EWIEcQ,33.4044445,-111.954156,89,[33.383812,-111.98091,33.425077,-111.927402],[28,17,29]
zkiO4yUrt0tcqlslG3BSqg,33.333182,-111.983142,6,[33.333182,-111.983142,33.333182,-111.983142],[43,11]
Cp-PV8rsypbO-xBrQ6KmQg,33.5493371,-111.97877854999999,200,[33.2664769,-112.167718,33.8321973,-111.7898391],[307,27,172,11,182,48,140,30,13,6,38,39,40,265,99,33,7,313,77,35,76,251,26,108,126,97,206,46,101,205,127,143,119,8,364,44,24,57,91,36,142,120,43,12,61,114,15,70,191,63,14,10,88,128,296,21,311,98,298,292,69,49,341,54,317,109,62,17,185,177,138,139,9,145,112,216,151,149,168,56,306,4,115,440,192,186,47,357,224,379,28,170,89,29,212,148,439,22,361,137]
KWw2RU9e5D3rxUFtN5yfTg,33.6403226,-112.0210482,4,[33.6403226,-112.0210482,33.6403226,-112.0210482],[99,185,11]
NAohdbmsThewbeUkMMBohg,33.359160200000005,-111.70833314999999,200,[33.017727,-112.0739,33.7005934,-111.3427663],[333,173,6,112,38,39,11,119,185,7,162,63,99,27,46,292,48,128,26,455,139,218,8,137,142,57,306,49,368,15,191,85,35,56,17,18,108,24,12,13,168,106,54,107,238,126,97,47,96,72,397,181,229,33,145]
M8c4PGV1d4ySILp3iRYouQ,33.3044612,-111.9945753,3,[33.3044612,-111.9945753,33.3044612,-111.9945753],[219,218,41,11]
SUqkMcaExHU7banABGtkJg,33.321061644794,-111.723918914795,2,[33.321061644794,-111.723918914795,33.321061644794,-111.723918914795],[99,11]
tG8Wgkhc608DWrE4NZ5KzQ,33.5152391,-112.06100095,7,[33.5062078,-112.07454,33.5242704,-112.0474619],[7,139,36,14,15,6,48,11,168,181,229]
DlWcFkYdHlWO8WD5rkAVgA,33.3364199,-111.836904,1,[33.3364199,-111.836904,33.3364199,-111.836904],[32,95,222]
GLPYxgAU5gf3rumutCLcVw,33.4930514,-111.9339561,8,[33.4930514,-111.9339561,33.4930514,-111.9339561],[28,17,29]
a2iePKEff34WbpgYrPQbew,33.4495394,-112.0656645,33,[33.4495394,-112.0656645,33.4495394,-112.0656645],[7,449,97,11]
KTUS3MBxfjXYt39zYICn8A,33.58462,-112.011927,1,[33.58462,-112.011927,33.58462,-112.011927],[78,79]
BXNjm_lge7FCKn90wS8JjQ,33.53450785,-112.0506119,4,[33.5090619,-112.0653058,33.5599538,-112.035918],[49,80,82,59,26,11]
hpwppHQOzG3kly9s7q3vkg,33.438073628689196,-111.994913,164,[33.4194512,-112.0739,33.4566960573784,-111.915926],[26,11,38,7,47,88,39,48,127,119]
7bWU66Ig1dUJo0y2pzvW8g,33.4354553,-112.0739136,12,[33.4354553,-112.0739136,33.4354553,-112.0739136],[309,285,11]
OrGfca0Pc6Yl2zWab4kkOQ,33.713107,-112.113011,200,[33.713107,-112.113011,33.713107,-112.113011],[182,48,140,11]
XoNSmEkutP_17dO7HLYc1Q,33.820937,-111.9228454,31,[33.820937,-111.9228454,33.820937,-111.9228454],[48,11]
cgoX_o37gaOm2S0kMtqORQ,33.4128045,-111.975606,6,[33.316873,-112.073781,33.508736,-111.877431],[27,11,126,97,48,84,419,373,24]
fhXgbwFwNDx749yGoPQODQ,33.47998867026685,-111.926801204681,54,[33.4537869019623,-111.927165985107,33.5061904385714,-111.926436424255],[182,172,11,48]
WniIbI5DAuGGGpuRCELp7A,33.277037,-111.826282,1,[33.277037,-111.826282,33.277037,-111.826282],[71,72]
fc84xziqvCO__-XlQH6yag,33.493380900000005,-112.03489504999999,13,[33.4564268,-112.0744706,33.530335,-111.9953195],[48,11,63,26,119,99,38,265,39,27,168,181,229,126,97,109]
80OFMLRA0yW3sE4ciYg_vA,33.532212650000005,-112.20319255,22,[33.425207,-112.358184,33.6392183,-112.0482011],[43,11,33,74,296,38,26,39,251,44]
FRdQICEr7bcv2gbXDFyS_A,33.46450584092,-111.928163526755,22,[33.46339228184,-111.929324,33.4656194,-111.92700305351],[27,11,88,38,39,89,7,24,47]
YlHcKpwrxcVm189MCWPOuw,33.4882049,-111.9604903,1,[33.4882049,-111.9604903,33.4882049,-111.9604903],[54,55,122,256]
GazCY-UBCDoczuXlQgP1ug,33.539599,-112.136914,27,[33.539599,-112.136914,33.539599,-112.136914],[65,133]
6xKqpcJ6MrfV_jP1Q3gHAw,33.638937,-112.3553813,1,[33.638937,-112.3553813,33.638937,-112.3553813],[126,97,11]
-fmRNyMkziYBpepZatdNZg,33.569458850000004,-111.98664145000001,12,[33.4977992,-112.0473308,33.6411185,-111.9259521],[98,7,139,138,292,33,11,39,38,40,206,43]
yY0tg2qd7Xfc83PmuPmZNQ,33.4950535,-111.9958183,2,[33.4950535,-111.9958183,33.4950535,-111.9958183],[11,27,63]
5CxDB73dVSrVE7u6IL51JQ,33.379261,-111.940552,4,[33.379261,-111.940552,33.379261,-111.940552],[99,11]
jYH7XmtmpTTBUQ315NR9gQ,33.616483450000004,-111.70587185,13,[33.39926,-112.0474937,33.8337069,-111.36425],[99,11,101,38,39,57,333,7,108,322,145,48,109,440,168,265,307,27,128,63]
qVxY6p2mvAqoCjAGQMyszQ,33.299209399999995,-111.9158596,4,[33.220295,-111.9642112,33.3781238,-111.867508],[126,11,33,63,27]
9PlUziikbTAOAPovWKrtRg,33.509656,-112.07454,1,[33.509656,-112.07454,33.509656,-112.07454],[12,114,13,6]
RQQUjslzUkikKVr4kpYOMw,33.677854,-111.978579,3,[33.677854,-111.978579,33.677854,-111.978579],[7,108,201,119,11]
CtGJDZNxt_wSevRZqkmwhw,33.4224084,-111.8644947,3,[33.4224084,-111.8644947,33.4224084,-111.8644947],[26,11]
tXFDMyOBQHK-YDSsDFLK2g,33.6228432,-111.9253506,1,[33.6228432,-111.9253506,33.6228432,-111.9253506],[123,65]
Ok25QJsvVz04sK2dw5Mksg,33.349311549999996,-111.8416957,9,[33.2762703,-111.8753205,33.4223528,-111.8080709],[26,11,33,119,99,7,9]
JJubJmmJetLNfWP93noWCA,33.5005719,-112.0741143,1,[33.5005719,-112.0741143,33.5005719,-112.0741143],[7,108]
AKr7FmLvlVgahMdtmkuNHQ,33.4932054,-112.0282337,5,[33.480203,-112.0739142,33.5062078,-111.9825532],[168,181,229,11,26]
Wwr8HfGoqk3Hu_MjXOv29A,33.507978,-112.275337,2,[33.507978,-112.275337,33.507978,-112.275337],[7,108]
_h8xgDlbQyHkB_6gx3ExWA,33.652086,-111.930669,1,[33.652086,-111.930669,33.652086,-111.930669],[407,106,408,54]
CuBlJME3OzIK7x-Wk0HAQQ,33.48180195,-112.06905839999999,6,[33.4719589,-112.073196,33.491645,-112.0649208],[38,140,39,40,48,11,251]
sRRfC8iajN2W_scNRnjJYQ,33.33565045,-111.85083435,4,[33.334619,-111.8589887,33.3366819,-111.84268],[340,201,11,26]
rXghmXPfM8Bmzqn-v5UGgA,33.5054679,-112.08283879999999,5,[33.4331989,-112.1174765,33.5777369,-112.0482011],[38,99,39,265,128,11,26]
VSOGgQkO_Xdc9Yd4S2b9gw,33.4661215,-112.1338934,9,[33.4221907,-112.2722856,33.5100523,-111.9955012],[26,11,43,27,206]
ThwP5h2Bw-KhXH2tuBitXg,33.3359104,-111.9080449,2,[33.3359104,-111.9080449,33.3359104,-111.9080449],[11,63]
qt8Edb5E1LiQTTVkXoHzug,33.4684872,-111.92543995,15,[33.4366655,-111.9403254,33.5003089,-111.9105545],[39,38,128,11,7,137,8,139,212,57,145,119,48,24]
OewHb7qhcgFjste1Omrb9g,33.5237203,-112.0480242,4,[33.5237203,-112.0480242,33.5237203,-112.0480242],[26,127,11]
4YcJqGGs9Ayi11SmgVnNVg,33.394405250000005,-111.91565415,17,[33.3369531,-112.0254076,33.4518574,-111.8059007],[24,11,28,38,26,39,119,48,42,43,97,33]
k0wP3yIwELVltFVYmLi0yw,33.4986978,-111.9262675,38,[33.4986978,-111.9262675,33.4986978,-111.9262675],[126,11]
G550WlW6ifOGJHvMkYWDQQ,33.449319403793,-111.910387025485,36,[33.220784807586,-112.2375029,33.677854,-111.58327115097],[119,99,11,265,440,260,26,190,28,140,49,66,33,48,307,38,39,221,40,10,24,373,181,63,27]
l57OMtdbP4Y4MLO4CT6vPg,33.335487,-111.82885,7,[33.277037,-111.936102,33.393937,-111.721598],[71,72,7,292,142,99,265,11,177,224]
F4b7DAN8XJKXB0tEJ2WlqA,33.247517,-111.624033,3,[33.247517,-111.624033,33.247517,-111.624033],[64,65]
aUWLSsTqraEORdiNCpNq3w,33.45966455,-111.97044299999999,24,[33.413158,-112.065107,33.5061711,-111.875779],[33,11,48,99,307,172,7,292,251]
k80yVKevElmhonj_2CueKw,33.551675,-112.15574749999999,4,[33.450047,-112.235818,33.653303,-112.075677],[54,55,122,256,63,27,11]
SYiYDRPjOt4hlgQMqSeYMA,33.7264655,-111.948094,4,[33.652509,-111.963236,33.800422,-111.932952],[208,6,35,49,80,82,59]
tOoh576gSkKsrWqikRi5Ew,33.4986978,-111.9262675,11,[33.4986978,-111.9262675,33.4986978,-111.9262675],[126,11]
4XrpU7kpxbFqMNdDEsj-xQ,33.625473,-111.9263251,200,[33.625473,-111.9263251,33.625473,-111.9263251],[265,11]
-yykKveiSaWxcXM2QZE_7g,33.6108797,-112.0982935,53,[33.6108797,-112.0982935,33.6108797,-112.0982935],[98,7,239,11]
WA76awqdzFLlHIjb9O2BCQ,33.485485,-112.359275,2,[33.485485,-112.359275,33.485485,-112.359275],[71,72]
ilf7UPi_14f-rDsbtlDZvw,33.46025151595405,-112.12728335,28,[33.2815660319081,-112.3643087,33.638937,-111.890258],[126,97,11,7,138,8,139,224,57,145,258,39,28,17,29,265,99,168,212,120]
QnIm5uXIvBQ8k4FGVSu3CQ,33.469260272397,-111.88685965,28,[33.321061644794,-112.0741598,33.6174589,-111.6995595],[39,38,99,128,11,185,7,108,24,139,225,63,119,43,126,97,71,72,10,74,27]
NnI6oGvwhN8CmEYQSzxBjw,33.4875504,-112.06947965,7,[33.4745289,-112.0741143,33.5005719,-112.064845],[48,11,7,108]
ia4AnjbeyXPKZc_FyzSVUw,33.505809400000004,-111.99204365,21,[33.5024095,-111.9955012,33.5092093,-111.9885861],[7,108,8,119,11]
nyy1g_bZ0-7t0nDaJkGUsg,33.4471735,-112.073781,28,[33.4471735,-112.073781,33.4471735,-112.073781],[48,11]
vomMxUNGHvVns9LV4E9HHQ,33.652509,-111.932952,1,[33.652509,-111.932952,33.652509,-111.932952],[49,80,82,59]
aThEyMMxMPOfPEE5UNGRyg,33.3958117,-111.8417161,2,[33.3958117,-111.8417161,33.3958117,-111.8417161],[15,25,6]
tNg_bWOMz_zedUT_zx6VZg,33.502274,-111.9120495,2,[33.421385,-111.931007,33.583163,-111.893092],[57,56,7,292,139]
cVrh_fc0YYoGJF_Z4KYIJg,33.41162385,-111.93069990000001,15,[33.321266,-111.951338,33.5019817,-111.9100618],[43,11,63,57,39,145,49,50,52,12,114,13,6,79,224]
TT_cld9pq7BvbJFyr8eUHQ,33.484439,-112.364213,11,[33.484439,-112.364213,33.484439,-112.364213],[65,133]
L3XWX_dd8_pYnRSMdppjDg,33.40497605,-111.93939075,105,[33.300506,-112.0919692,33.5094461,-111.7868123],[26,11,63,27,38,7,47,88,39,48,119,99,109,62,24,17,89,33,44,251,74,78,79,8,138,139,192,323,188,23,224,126,120,403,121,108,71,72,73,182,140,210,212,97,265,177,43,98,10,455,128,117,168,42,189]
y5FhRPbYgcrOCFpF4UYoiA,33.4695225,-112.1007532,5,[33.407561,-112.26167,33.531484,-111.9398364],[177,140,11,88,38,99,39,57,327]
IL0vjq_k3sV1fvaFyz2XZQ,33.2851939715441,-111.796875,3,[33.2851939715441,-111.796875,33.2851939715441,-111.796875],[6,112,152,17,111,246,113]
KgeU-NH198TeRRdZItsM2w,33.4656542,-111.8050794,3,[33.3061292,-111.9409053,33.6251792,-111.6692535],[127,11,99,48]
40HC7nlcNpeAC0SSY0RIdg,33.5044193,-112.0475633,2,[33.5044193,-112.0475633,33.5044193,-112.0475633],[206,11]
3RKBQQm39hdApRh-MbgmoA,33.463543,-112.341878,1,[33.463543,-112.341878,33.463543,-112.341878],[126,97,11]
0cUeP41LWMpjI6b6Z6X4yQ,33.46584935,-111.71847364999999,35,[33.3086797,-112.047095,33.623019,-111.3898523],[38,26,39,11,33,49,341,7,108,48,36,298,99,57,69,27,24,127,102,103,224,182,10,9,43]
vtedgK7wCKBqRyPOh6alPg,33.567236,-112.08214,2,[33.567236,-112.08214,33.567236,-112.08214],[7,292,98]
r9zQ1148seI_7AQ7s0JO9g,33.305759,-111.993252,2,[33.305759,-111.993252,33.305759,-111.993252],[99,11]
w2-LYY74W16RXCUYJa86MQ,33.59480015,-111.97395975,10,[33.3624072,-112.0734213,33.8271931,-111.8744982],[181,11,26,99,48,177,27,24,140,33,120]
ASDRgz4AAaJY9IvTrIJNsg,33.6290441196486,-111.8908399030375,7,[33.6215679,-111.8971547,33.6365203392972,-111.884525106075],[60,6,35,76]
pXXNCtkJnG7M5tPujubLjg,33.4366655,-111.9403254,2,[33.4366655,-111.9403254,33.4366655,-111.9403254],[285,185,11]
2-TcM7Ywl3rtCvfBOguPsQ,33.43614465,-112.00854435,5,[33.393495,-112.0915007,33.4787943,-111.925588],[7,138,8,139,6,156,26,11,101,88,38,39,40,48]
_8WRSGHw6lHgchVK3Apqgg,33.53721965,-111.98604195,7,[33.5266038,-112.0474569,33.5478355,-111.924627],[99,265,11,119,120]
K5a0ULAa21W5gv-LJkNl8Q,33.492381,-111.9259469,50,[33.492381,-111.9259469,33.492381,-111.9259469],[265,48,11]
PsgaIq8P_5BWTX1IbmlCVw,33.33463725,-111.85852305,4,[33.3211655,-111.912238,33.348109,-111.8048081],[71,72,65,133]
FLBYoSkDXqwpLJaVQ2KR_w,33.4387532394845,-111.93123378936,3,[33.378062078969,-111.93822637872,33.4994444,-111.9242412],[7,108,38,145,57,205,39,40]
3BT0SAlXM1rfIIs6LGlGMw,33.4940321,-111.9218306,31,[33.4940321,-111.9218306,33.4940321,-111.9218306],[38,88,39,352,48,11]
t5R-7B3rI2nJE6QMVWV2kQ,33.320211,-111.912266,2,[33.320211,-111.912266,33.320211,-111.912266],[49,193,59]
qASGlYeWeeGKi7t3MEmqjA,33.44325775,-111.8957382,3,[33.425711,-111.9477654,33.4608045,-111.843711],[57,470,145,39,38,7,47,48,128,11,327]
cBG3WD3mKDfZ1BNu7Do50A,33.380532200000005,-111.9274944,13,[33.3118314,-112.065458,33.449233,-111.7895308],[11,27,63,168,26,109,38,39,185,89,382,140,177,192]
GrrlhpgemJtWlBlxsEbl1w,33.557724050000004,-112.049788,6,[33.5175821,-112.120266,33.597866,-111.97931],[11,63,265,10,119]
YyavHs3U4XaX9shLcUV6bA,33.50841855,-111.93105745,200,[33.3871231,-112.0739,33.629714,-111.7882149],[72,269,44,11,28,17,29,63,27,99,170]
Vn_XO4CfIVVtbCk8PBSxmg,33.535379,-112.125568495485,11,[33.44238,-112.34971999097,33.628378,-111.901417],[134,135,104,105,65,96,72,11,63,7,292,99,48,38,143,39,313,27]
XtzSu8tDs_XDVAhO_J1VDw,33.538398650000005,-111.97484349999999,118,[33.4942423,-112.024174,33.582555,-111.925513],[38,11,39,63,99,48,251,224,212,43,206,126,97,24,307,83,6,119,352]
BrutMNrLnQGDajFoKYkzaQ,33.538886,-111.9906574,2,[33.511525,-112.055538,33.566247,-111.9257768],[108,7,38,39,11,24,48]
KKz4r-HjYamPsy6abg-cAg,33.3496317,-111.9156016,5,[33.3060079,-111.946871,33.3932555,-111.8843322],[6,118,43,11,197,23,344,106,54,107,317]
pKzxhw0dvjR-kxz6-x16ew,33.3692452,-111.94452100000001,18,[33.360804,-112.029205,33.3776864,-111.859837],[229,11]
LqoX0cXXIqNyTk46HvQO7g,33.50607005,-111.96025900000001,9,[33.473293,-111.996292,33.5388471,-111.924226],[71,72,38,48,39,40,11,28,17,29,109,63]
FOPkuc4vEeSQoQCICCEANQ,33.4471735,-112.073781,1,[33.4471735,-112.073781,33.4471735,-112.073781],[11,63]
7cerwCctRxDq_5w13KXMAQ,33.615544,-111.954623,139,[33.615544,-111.954623,33.615544,-111.954623],[119,99,11]
BwDJPjbiY-IO50fMaBozRw,33.49886720000001,-111.96056475,3,[33.4951403,-111.991453,33.5025941,-111.9296765],[141,6,26,11]
7Z9RNEGMPIS8ohLam33rHg,33.4188309,-111.79888224999999,8,[33.3635956,-111.9270986,33.4740662,-111.6706659],[33,99,44,11,26,10,24,63]
TAy04sXA_XAaAEMr4-2Wpw,33.5342495,-111.927563,3,[33.5342495,-111.927563,33.5342495,-111.927563],[1,384]
iUaoGYL3GPWRtQtkcML1yQ,33.40960785,-111.73649215,10,[33.3824032,-111.7542367,33.4368125,-111.7187476],[8,6,116,7,36,113,11,99]
Bgyv-X3yTL4XjPzqJP-QxQ,33.37408315,-111.8846334,2,[33.3637683,-111.9103938,33.384398,-111.858873],[33,11,49,319,80,59]
SXtjW6aonFzo3hj3kXBuIw,33.47278745,-111.97236815,15,[33.2333299,-112.101899,33.712245,-111.8428373],[212,11,48,210,44,340,33,99,168,181,229,38,39,40,117]
LC3x0HMsOFYYnZXJeyap9w,33.4881846,-111.9608249,2,[33.4881846,-111.9608249,33.4881846,-111.9608249],[48,11]
zRgw6RX_y2zf2LHu_XGRfA,33.5100398,-112.0146407,23,[33.5100398,-112.0146407,33.5100398,-112.0146407],[33,38,39,11]
9JR1jGKMkK2IzFEo_3i-jA,33.509517,-112.061566,9,[33.509517,-112.061566,33.509517,-112.061566],[88,38,39,298,11]
LOENjNpItvW21f2BHYnlMQ,33.45218265625795,-111.9314295987795,10,[33.277061,-112.0388617,33.6273043125159,-111.823997497559],[337,32,177,140,11,57,69,48]
LIMhwY7NMgiVCeSnN21kcg,33.398232050000004,-111.94966199999999,13,[33.3022462,-112.059748,33.4942179,-111.839576],[7,36,38,39,109,142,88,24,11,57,145,6,204,65,177,192,14,15]
LWSpVS5jcySEgDoZjWlVSQ,33.3211423,-111.9104666,3,[33.3211423,-111.9104666,33.3211423,-111.9104666],[38,11,99,128,39]
KzbHOuRLfSWLjs6zmHWH2g,33.6403191,-112.0477218,6,[33.6403191,-112.0477218,33.6403191,-112.0477218],[175,129,79]
grnREHaMj2lPiem8etHV0A,33.445747850000004,-112.00438109999999,6,[33.4212935,-112.082895,33.4702022,-111.9258672],[26,11,7,108,24]
dFQP8bZ2nhDb_zKbg35FlQ,33.4484279,-112.0731767,37,[33.4484279,-112.0731767,33.4484279,-112.0731767],[13,6,22,21]
Iq_2tq-f_NyhcAa6Yim-fA,33.571473999999995,-112.055543838828,53,[33.487843,-112.129898,33.655105,-111.981189677656],[7,8,6,45,33,11,71,72,126,97,98,10,9,188,23]
y9qlfC0f3qwGhguDtt0rtQ,33.325768100000005,-111.8622947,9,[33.0690759,-112.0458143,33.5824603,-111.6787751],[27,11,212,96,72,99,28,17,18,29,57,258,48,41,43,62,26]
lC0KGXmIhyjzghBUlVnkhQ,33.4995174,-111.98230889999999,200,[33.4587437,-112.0775732,33.5402911,-111.8870446],[182,48,140,11,38,39,40,109,7,8,119,142,30,13,6,206,265,161,28,65,17,29,18,99,88,128,292,194,4,19,20,21,22,23,251,224,212,43]
uOdEsOgPW48Ky4j8U8CEcw,33.49159415,-112.07098099999999,81,[33.3045733,-112.222145,33.678615,-111.919817],[4,5,6,7,187,10,139,11,46,135,26,36,88,38,39,298,40,108,99,322,57,48,137,208,35,49,52,83,189,24,47,145,251,212,206,149,126,219,218,41,54,55,8,168,181,229,292,142,27,128,182,98,172]
TZfpMx086IiaL0h9DFZWvw,33.4657125,-111.987184,41,[33.304492,-112.100731,33.626933,-111.873637],[212,26,43,11]
2OA7gcQBejOKVKYMkRiQxA,33.490540100000004,-111.925557,67,[33.483281,-111.926895,33.4977992,-111.924219],[43,11,27,63,48,293,39]
umKyfH9bLCGdvpF7U7voXg,33.4895736,-111.95539265,4,[33.379421,-111.9872563,33.5997262,-111.923529],[27,11,126]
Z4ArjFhywwlHPPfrwclD2g,33.479887,-111.992309,1,[33.479887,-111.992309,33.479887,-111.992309],[224,11]
xPyOv6xUcywHaLEPJ4HWQA,33.54972975,-112.0560696,4,[33.523984,-112.0651592,33.5754755,-112.04698],[119,11,265]
EQcq4HOhvBiHGC0B0cUQuw,33.5910015,-111.94362815,7,[33.533525,-111.978742,33.648478,-111.9085143],[126,97,11,6,35,265,224]
FKg5GKz7_hG_c6QdKIcjwA,33.698323,-112.1401701,11,[33.698323,-112.1401701,33.698323,-112.1401701],[65,133]
Z5EYUGPc7u6IsN4GPvVd7Q,33.57158975,-111.95785000000001,4,[33.5024095,-111.9959466,33.64077,-111.9197534],[17,18,33,44,11,27,28,29]
7v4XUOZ0jwArjNhiJmc6Qg,33.494238,-111.977849,12,[33.494238,-111.977849,33.494238,-111.977849],[38,99,88,39,128,11]
C-jENNLMoQaHHpFq1J6s8g,33.501161,-111.925513,54,[33.501161,-111.925513,33.501161,-111.925513],[206,11]
IRkzkjR8vKYC1O9HVwxvGA,33.334824,-111.9487344,4,[33.334824,-111.9487344,33.334824,-111.9487344],[38,99,128,39,296,11]
Bt59fHffzfgvFn1n2IGVJw,33.4234408327431,-111.939622163773,1,[33.4234408327431,-111.939622163773,33.4234408327431,-111.939622163773],[109,38,27,39,11]
_Pb1oErQ1d0gOEt5D3XTlw,33.5474675,-112.07293325,7,[33.457863,-112.080548,33.637072,-112.0653185],[210,11,38,48,39,128,28,17,29,140,40,168,181,229]
jP0aILelQe0oJGnn8dW1jg,33.6915362241805,-112.202396350165,3,[33.6915362241805,-112.202396350165,33.6915362241805,-112.202396350165],[49,52]
wYzOrThSYP8WwioLfsu4vQ,33.5003578,-112.135990795485,35,[33.3637489,-112.34971999097,33.6369667,-111.9222616],[57,69,84,124,125,182,229,11,26,99,24,48,140,145,38,101,39,27,28,442,241,143,7,189,40,177,192,119]
tPstbtdQa8sDLAsBDZOVuw,33.498347499999994,-111.95223895000001,4,[33.4869182,-111.9957399,33.5097768,-111.908738],[177,140,11,39,119,26,38,48]
o2pa8F9789P2VFz-wS1EJg,33.530364399999996,-112.09266665,7,[33.4483771,-112.1201741,33.6123517,-112.0651592],[119,11,43,169,126]
ppUVb4TsizhfHV9D-heXUA,33.621505,-111.897898,3,[33.621505,-111.897898,33.621505,-111.897898],[99,26,11]
6fQc4fxb9tE7397B-AS_Og,33.408002350000004,-112.06004675,6,[33.304331,-112.0653185,33.5116737,-112.054775],[210,11,340]
k-H-OF6hla5f-rgnbK_qEQ,33.4217383,-111.9476151,13,[33.4217383,-111.9476151,33.4217383,-111.9476151],[26,11]
LieGFgWLj7ZXk1HPGs1ECQ,33.5825219,-111.8926245,2,[33.5825219,-111.8926245,33.5825219,-111.8926245],[173,6,112]
9BvPJnPms8x7G2Hi4BBmmQ,33.505135,-112.038008,138,[33.505135,-112.038008,33.505135,-112.038008],[28,17,29]
xlU0EFuUHlxNbIg17oTM6g,33.458341,-112.067833,1,[33.458341,-112.067833,33.458341,-112.067833],[7,108,119,11]
udzY22a6foBOcsU7_7nIPA,33.451522350000005,-111.86508140000001,19,[33.3936711,-112.0409502,33.5093736,-111.6892126],[465,57,39,145,296,11,26,38,99,128,10,24,126,97,7,8,247,177,140,109,27]
zIR41UH7edvQZbBrfWeAIg,33.378926,-111.964813,4,[33.378926,-111.964813,33.378926,-111.964813],[99,11]
jK1pWtisgxgsTuVo0RSaeg,33.37854,-111.793383,1,[33.37854,-111.793383,33.37854,-111.793383],[54,55,122]
iikqizMQyLOp-zdv8MpQ5w,33.3914682,-111.96505429999999,8,[33.327278,-112.0719926,33.4556584,-111.858116],[38,181,39,40,11,251]
smWTrHKnj0WKUqRxNfL0bQ,33.4012922,-111.95008945000001,200,[33.37714,-111.965209,33.4254444,-111.9349699],[57,327,13,6,115,28,17,29]
U-yLIh_kNYIVA-2IBZlKMw,33.6272238,-111.8956455,3,[33.6272238,-111.8956455,33.6272238,-111.8956455],[224,126,97,11]
aJmhsbRo5DPNkqrOYzuyrg,33.4803396,-112.00713909999999,67,[33.4483606,-112.0275918,33.5123186,-111.9866864],[28,17,29,119,99,11,33]
rF7PJO_wur7GMr7rIR7ntw,33.51532675,-111.9813035,156,[33.4471735,-112.079081,33.58348,-111.883526],[48,11,7,142,108,26,322,57]
KqJieEtc2eHIpb7ncXj3NA,33.574684649999995,-112.2184949,167,[33.509578,-112.3768048,33.6397913,-112.060185],[119,99,11,98,7,201,28,17,29,63,27,189,10,24,46,6,57,327]
TA1CDnQFChcD--YoQ6NFmQ,33.3354566,-111.876337,197,[33.3354566,-111.876337,33.3354566,-111.876337],[7,162,43,11]
f1EokGAtmy2OChSs1XbETA,33.38472465,-111.9184654,10,[33.3228773,-111.977677,33.446572,-111.8592538],[24,11,163,13,6,185,74,109,38,27,39]
Y5QSu1-NuP6GD-qZJ1ns3Q,33.50071475,-111.929911,102,[33.4930514,-111.9339561,33.5083781,-111.9258659],[161,28,65,17,29]
hRdhlyNVtVvcf7oLn2J1Xw,33.5606364,-112.20207055,173,[33.4957888,-112.5125131,33.625484,-111.891628],[26,11,265,48,311,38,109,39,63,27]
-kAyBTbLEchtXri5RLPEKw,33.3488775,-111.9766013,2,[33.3488775,-111.9766013,33.3488775,-111.9766013],[7,10,9,11]
yAy-mAYFGgZr8SKa3ez8Mw,33.48878416933885,-111.905024598422,3,[33.4366655,-111.9403254,33.5409028386777,-111.869723796844],[7,119,41,11,285,185,28,17,29]
V3kCh0EPMTug_Ovu-TiknA,33.50192295,-111.9440591,25,[33.3051122,-112.0823359,33.6987337,-111.8057823],[98,7,206,11,33,119,99,26,72,28,241,394,395,187,10,139,43,108,185,265,172]
FWOMdItlF6t4eiN3U5DImw,33.5483233,-111.996391645996,24,[33.4576266,-112.064759,33.63902,-111.928024291992],[206,11,44,97,48,168,26,99,112,6,254,224]
sidDcN2RTlR2E2U9yNpYvQ,33.677854,-111.978579,14,[33.677854,-111.978579,33.677854,-111.978579],[126,11]
B-Q70q2HStGFf2rH3TR9tg,33.422728,-111.951494,32,[33.422728,-111.951494,33.422728,-111.951494],[88,38,39,89,11]
r--07noDBnEz-t5toanZOQ,33.3518,-111.8036,1,[33.3518,-111.8036,33.3518,-111.8036],[26,11]
38g6gd6pexKGW_DXsGj6uA,33.4930514,-111.9339561,12,[33.4930514,-111.9339561,33.4930514,-111.9339561],[28,17,29]
M-BM4F7LM3_FXlZhUB-2GA,33.566626049999996,-111.99317405,3,[33.5093372,-112.0608177,33.6239149,-111.9255304],[48,11,212,63,97]
db0B0P2Xa3g8g7vQXgeiiw,33.53207055,-112.26235975,5,[33.531725,-112.2634935,33.5324161,-112.261226],[38,99,181,39,48,11,28,17,29]
xhQA4rffVRkOqS3-ClqdfA,33.4354553,-112.0739136,3,[33.4354553,-112.0739136,33.4354553,-112.0739136],[309,285,11]
dT2yS4VH4OEAZ5WqXDzXtw,33.405317600000004,-111.87092705,19,[33.336569,-111.952224,33.4740662,-111.7896301],[10,24,11,26,7,189,63,57,228,117,119,33]
GakNjX-35PDYzbNQjihJQQ,33.4745289,-112.064845,1,[33.4745289,-112.064845,33.4745289,-112.064845],[48,11]
O9Sa4Me-wKqY1zbFHhb5nA,33.4821613,-112.1627637,19,[33.451096,-112.2948244,33.5132266,-112.030703],[26,11,57,327]
hY-0o1m7zWQe9lrieAue-A,33.4366655,-111.9403254,2,[33.4366655,-111.9403254,33.4366655,-111.9403254],[285,185,11]
NQ4ztG-0vyo_HPEDx8Ut7A,33.3889234,-112.5910284,6,[33.3889234,-112.5910284,33.3889234,-112.5910284],[26,11]
jcuzf41WUk0JkLWv4whS7w,33.34722735,-111.8808737,3,[33.3209897,-111.971852,33.373465,-111.7898954],[158,28,64,65]
fYl8GGAVXglkl4CEbcThIQ,33.6471188,-111.8927801,22,[33.6471188,-111.8927801,33.6471188,-111.8927801],[39,63,99,38,11]
emDHHDoKce35amdO2yAHpw,33.492335,-111.9236549,2,[33.492335,-111.9236549,33.492335,-111.9236549],[38,99,39,40,11]
FM8_r9bLqG99B5HCVoX8jg,33.492335,-111.9236549,105,[33.492335,-111.9236549,33.492335,-111.9236549],[38,99,39,40,11]
hV225B_UgT368FKzOk2daw,33.595713715360205,-112.0114095810395,11,[33.494594,-112.132496,33.6968334307204,-111.890323162079],[7,8,161,28,65,17,29,99,185,11,113,6,175,129,79,121,27]
28PVUhUrMVWCRwc9exfOuA,33.546608,-112.047023,1,[33.546608,-112.047023,33.546608,-112.047023],[38,11,99,128,39]
ZvBCjXavtXq06uAcqR9aPw,33.404013500000005,-111.9125365,2,[33.305681,-111.92752,33.502346,-111.897553],[12,114,13,6,22]
oftV7dXvBMgJDM4LuiK3_A,33.299873,-111.842586,1,[33.299873,-111.842586,33.299873,-111.842586],[33,119,11]
_G1IeedTiTN4dR3kAWDwUQ,33.4948977,-112.0637645,1,[33.4948977,-112.0637645,33.4948977,-112.0637645],[27,11]
Rgg8NtGzr623HWgK-hw9hg,33.5670375,-111.9184649,39,[33.5670375,-111.9184649,33.5670375,-111.9184649],[28,158,17,29]
AtH6R8W4y6lYNKunDhBk9A,33.4331989,-112.0482011,7,[33.4331989,-112.0482011,33.4331989,-112.0482011],[26,11]
1trGpEFdN507bKzJZvZuGQ,33.424778,-111.939846,200,[33.424778,-111.939846,33.424778,-111.939846],[177,140,11]
SW1qky1cct3B_gDcJUIY1Q,33.5525005,-112.13027045000001,2,[33.484439,-112.364213,33.620562,-111.8963279],[119,11,65,133]
xJCwTM3OuP-PCp5vfs1egw,33.574335,-112.12561,9,[33.574335,-112.12561,33.574335,-112.12561],[361,185,11]
htIl7PvCc0CxA9De56TifA,33.356187,-111.842606,8,[33.356187,-111.842606,33.356187,-111.842606],[32,203]
dQO0tQISZyb9L4d5ASnXyQ,33.540720050000004,-111.81824850000001,200,[33.25107,-112.190804,33.8303701,-111.445693],[218,219,11,39,119,48,38,265,26,98,7,24,206,161,195,65,63,27,49,178,99,88,128,126,43,120,108,246,17,177,140,62,210,352,168,97,10,311,224,28,29,72,287,292,338,117,33,139,423,247,194,239,109,9,475,36,8,40,192,416,145,57,101,439,442,241,285,323,44,158,30,13,6,45,34,32,35]
2LoZV78f_HGRBz0BoZZb2A,33.480463,-112.111414,3,[33.480463,-112.111414,33.480463,-112.111414],[7,108]
E2DlGe8W08T4jzpNh9EB9A,33.6353356,-112.2441063,1,[33.6353356,-112.2441063,33.6353356,-112.2441063],[71,72]
CzTInpK-5gYUyF9SVpat5w,33.4465225,-111.934044,62,[33.413158,-111.992309,33.479887,-111.875779],[224,11,63,27]
Bm8ZbLiZL6In8ovH-SgboA,33.4351659963261,-111.866054534912,3,[33.4351659963261,-111.866054534912,33.4351659963261,-111.866054534912],[26,11]
I35ctfDb1kmPmb2dRyqnBA,33.5990613,-111.9819747,1,[33.5990613,-111.9819747,33.5990613,-111.9819747],[12,114,13,6,22]
8muD8I29PJuSnvOzlh5GOw,33.499504,-111.927891,1,[33.499504,-111.927891,33.499504,-111.927891],[48,24,11]
wt6585C8WtScTX-bqq84hw,33.41170995,-111.98415655,7,[33.3058378,-112.1091081,33.5175821,-111.859205],[185,11,7,142,27,63,26,54,55,122,10,119,126]
J0EmEq35lYd3t4PIDySgcg,33.4154597,-111.564352,1,[33.4154597,-111.564352,33.4154597,-111.564352],[28,17,29]
6JZ6h6y8Amvntws4oL-JGw,33.5100398,-112.0146407,1,[33.5100398,-112.0146407,33.5100398,-112.0146407],[33,38,39,11]
4_wj9ctsUdw4YPg1Vts3jA,33.573713549999994,-112.06527105,6,[33.5093372,-112.2051629,33.6380899,-111.9253792],[97,11,24,212,63,57,27,91]
Laas9Ip1BoMGMlli1K4XcQ,33.645219,-112.0610883750825,21,[33.4571599,-112.202396350165,33.8332781,-111.9197804],[109,38,39,7,108,48,11,99,88,40,28,190,49,52,212,97]
n0rrCEVs7ln3iY6C2nfN5Q,33.5665508,-112.10970409999999,2,[33.4950066,-112.201579,33.638095,-112.0178292],[72,154,71,96]
SiKuBKxMJlRbqLx6U2UfmA,33.4526933,-112.0701129,21,[33.4526933,-112.0701129,33.4526933,-112.0701129],[28,17,29]
7yv0YRX1ZFXeanyI1prIkw,33.321061644794,-111.723918914795,1,[33.321061644794,-111.723918914795,33.321061644794,-111.723918914795],[99,11]
BHsHX6muz8Cd8ZvVqGIQfg,33.5311391661484,-111.907901516084,5,[33.4932177,-111.92571,33.5690606322968,-111.890093032168],[24,11,33,26]
FvkpCbsI1QkYx-jFfqxgEA,33.49451045,-111.938267,22,[33.3057949,-112.092802,33.683226,-111.783732],[185,11,285,49,4,5,6,367,10,127,72,354,99,7,137,8,139,119]
upxwzKFYiSRIJzGoPmx1AA,33.47688425,-111.9184109,3,[33.4542695,-111.927402,33.499499,-111.9094198],[48,11,168]
QZpZEqBsC8EXp-BDdRbAlQ,33.5747610515277,-111.861827373505,2,[33.5747610515277,-111.861827373505,33.5747610515277,-111.861827373505],[38,11,99,128,39]
QIg4JUSki0Q_B0Eth-hAWw,33.4787943,-112.0478085,4,[33.4787943,-112.0478085,33.4787943,-112.0478085],[26,11]
hE_0AUwYJnrbinZJuJCSXg,33.5019817,-111.9276185,111,[33.5019817,-111.9276185,33.5019817,-111.9276185],[38,48,39,11]
74scTVqdD0WhXnqZwQkYYg,33.4689216,-111.8585554,3,[33.3547012,-111.927321,33.583142,-111.7897898],[7,108,48,11,109,38,39,63,136,17]
GlVIC6S7gs2MgWp89oDu7Q,33.4959397,-112.0925258,29,[33.4365834,-112.2581306,33.555296,-111.926921],[33,11,38,265,39,119,7,8,43,99,120,26,177,140,24,48,27,63,126,97]
iqP9cGJIVakQfaW3QL3WFA,33.653685,-112.135621,1,[33.653685,-112.135621,33.653685,-112.135621],[7,182,194,172,11]
r8MNTusMkf9UMbqvkmfyMQ,33.383848,-112.131565,12,[33.383848,-112.131565,33.383848,-112.131565],[31,32]
DXWzfsWOiF6RN7cgNrdLsg,33.304705,-111.982147,1,[33.304705,-111.982147,33.304705,-111.982147],[27,11]
ebzU5h9EYxm5dZw4bbaOTA,33.452588750000004,-112.0731072,2,[33.4493145,-112.0740474,33.455863,-112.072167],[224,11,88,298,39,38]
LGv3w9S0p4YaYx0wZAhxwg,33.6095762,-112.3912643,1,[33.6095762,-112.3912643,33.6095762,-112.3912643],[64,161,65]
fkV8rNFJTqCWNThksPeGkA,33.320017,-111.98251,3,[33.320017,-111.98251,33.320017,-111.98251],[65,133]
jAVKFq7iAE_IQYdRT--hiA,33.48491185,-112.0122719,16,[33.394647,-112.1166078,33.5751767,-111.907936],[265,48,11,7,8]
5lLqKs1JNV3ZNgVS6z9aaA,33.3983033,-111.9310361,12,[33.3013903,-112.0207733,33.4952163,-111.8412989],[62,26,17,11,7,108]
udYb_bndkIamYIjSpUmXog,33.5071686,-112.0944492,21,[33.4801532,-112.174034,33.534184,-112.0148644],[27,11,224,12,13,6,22]
6i1e6g_0ChMbHzEIjKymLg,33.5295058,-112.08842200000001,8,[33.420571,-112.2370076,33.6384406,-111.9398364],[98,7,24,11,377,38,168,298,88,39,177,140,43,10]
e8xySFEt090GxyMLrZVRsQ,33.654517,-112.18729,200,[33.654517,-112.18729,33.654517,-112.18729],[26,11]
sfY1HQk4lMu21lrr59t6zQ,33.198640100000006,-112.37207555,2,[32.94577,-112.725502,33.4515102,-112.0186491],[28,17,29]
qUdXbLXXMjvFmf0_DTODiQ,33.6670895,-111.9394405,200,[33.5019817,-111.995355,33.8321973,-111.883526],[26,11,168,265,63,7,8,99,119,48,142,292,38,39]
kpFx1hEnRUg4fk6D1APRjQ,33.47207645,-111.75999395,135,[33.2664769,-112.0742949,33.677676,-111.445693],[49,178,185,11,168,265,48,101,38,39,114,13,6,117,17,18,79,121,127,52,33,140,27,99,44,188,23,63,26,24]
T--G8645Ew-iC8LQha1j3w,33.429035,-111.8852901,9,[33.220295,-112.0270114,33.637775,-111.7435688],[7,47,48,27,11,6,32,302,110,1,141,63,292,99,28,240,241]
mTeK5mjxgZhBjvvZc5mViA,33.486046900000005,-111.98677570000001,19,[33.333983,-112.2212624,33.6381108,-111.752289],[285,185,11,30,13,6,85,208,130,32,35,265,372,37,98,8,116,7,113,71,72]
dcnkH3B6ZjlNJfKKWLU4Mg,33.4608045,-111.9477654,57,[33.4608045,-111.9477654,33.4608045,-111.9477654],[57,470,145,39]
9TvVzTs089mTzleOtP5Dlg,33.6556844,-111.9300279,6,[33.6556844,-111.9300279,33.6556844,-111.9300279],[26,11]
0lxf4v5NuJ1U6Bk7SGAJ5w,33.5170635,-112.09711185,164,[33.3211423,-112.3591069,33.7129847,-111.8351168],[119,260,48,11,7,142,208,6,35,45,65,148,204,8,138,139,192,323,26,140,109,38,39,24,251,212,143,293,224,40,127,168,181,229,219,218,41,205,99,108,49,80,82,59,145,186,57,128,27,88,63,36,247,445,66,52,72,184,182,172,12,13,307,22,47,133,43,112,341,137,298,322,28,190,70,194,4,5,114,163,126,97,244,104,161,195,33,311,248,173,177,77,76,254,206,61,34,15,191,273,98,210,193,17,111,113]
bk57CKdrfWXH70ZyJqWeKw,33.4537869019623,-111.927165985107,14,[33.4537869019623,-111.927165985107,33.4537869019623,-111.927165985107],[182,172,11]
aT22zBuISirSNZ7Bytxe3g,33.4261603,-111.939838,2,[33.4261603,-111.939838,33.4261603,-111.939838],[39,38,126,97,11]
N1ks5lX2Lu-OLBr5A5W91Q,33.42491175,-111.9080522,3,[33.413158,-111.9403254,33.4366655,-111.875779],[251,11,373,97,150,17,152]
iAoC1Qk6RUdhNgRznO4SeA,33.393642,-111.8533195,9,[33.393642,-111.8533195,33.393642,-111.8533195],[88,298,39,38,11]
PIlvxBG07abPDAfHZnOMSA,33.497828,-111.927267,4,[33.497828,-111.927267,33.497828,-111.927267],[352,48,11]
0-TC-p37h-4HAMUyjB4v5g,33.412732399999996,-111.7804691,3,[33.24463,-111.9268582,33.5808348,-111.63408],[33,48,307,11,212,41]
cWbMUmY403W_QGrTNNlr5g,33.333925,-111.891194,4,[33.333925,-111.891194,33.333925,-111.891194],[106,54,107]
LK6vmQ121ZnLwg2sbWp2zA,33.4542695,-111.9094198,2,[33.4542695,-111.9094198,33.4542695,-111.9094198],[168,11]
lm7K16xQNoLh1Yc0yaTxuA,33.405829999999995,-112.2210349,14,[33.34697,-112.357469,33.46469,-112.0846008],[26,11,120,49,52,27,33,44,126,97,99,168]
1YNBPrGtQsm5KyGIsR1dbg,33.5970430942383,-112.0629877907715,5,[33.537943,-112.063117,33.6561431884766,-112.062858581543],[49,80,59,33,11]
TgozceegTvmvntoUbzGc1w,33.771363,-111.97969699999999,2,[33.771197,-111.979807,33.771529,-111.979587],[175,129,79,84,147]
ae_T5GPo-sB-n0ed-UQUaQ,33.460923550000004,-112.0568967,200,[33.3903631,-112.26167,33.531484,-111.8521234],[38,48,39,11,119,99,28,17,29,57,327,7,313,27]
7uITOSDUAVSmZ035ub2BDg,33.546,-111.96828,1,[33.546,-111.96828,33.546,-111.96828],[265,11]
Kv9z6Qwt2Vc9PyYx7K07Hg,33.4340647310654,-111.999521255493,125,[33.4340647310654,-111.999521255493,33.4340647310654,-111.999521255493],[99,27,11]
jwpjh-yC3nRrPNick9Er1A,33.6696493,-112.1868299,3,[33.6696493,-112.1868299,33.6696493,-112.1868299],[126,97,11]
P-LEnOvpI3ECSm6QWo9ueA,33.546608,-112.047023,1,[33.546608,-112.047023,33.546608,-112.047023],[49,321,59]
rx9_ITcD9MTJoAdkJv4-KA,33.46727755,-112.0224219,4,[33.4537841,-112.09158,33.480771,-111.9532638],[49,368,99,43,11,27]
hkAw1S_ZynQ3FaXfZc_a8w,33.6575537,-111.89311945,18,[33.4941704,-111.9260519,33.820937,-111.860187],[48,11,26,28,17,29]
ErrRCGGRbce7tqIavT6XNg,33.76251,-111.935963,3,[33.76251,-111.935963,33.76251,-111.935963],[37,32]
WH6JiQPf2452-PaEN4a3Ew,33.4673827,-111.9171592,3,[33.4327837,-111.928033,33.5019817,-111.9062854],[26,11,168,64,65]
KlzpEfSiETdmvUNIOwVz2w,33.137175,-111.539477,1,[33.137175,-111.539477,33.137175,-111.539477],[10,24,11]
wm48MHuJ9O8yWGyNoBxmhA,33.5024095,-111.9955012,26,[33.5024095,-111.9955012,33.5024095,-111.9955012],[7,8,119,11]
a58D196J4BxujUnO2-7_bA,33.7271425,-112.0370637,9,[33.6239149,-112.151282,33.8303701,-111.9228454],[48,11,63,27,126]
gSg4CG04rAVfrSAgqjcJIw,33.392497,-111.823336,2,[33.392497,-111.823336,33.392497,-111.823336],[210,11]
BQsuqktG5o2XXB0Un-JCUw,33.4224084,-111.8644947,4,[33.4224084,-111.8644947,33.4224084,-111.8644947],[26,11]
Cu20yAqUngf2v9BHXKiw4Q,33.394432,-111.875578,7,[33.394432,-111.875578,33.394432,-111.875578],[7,292,108]
CgOvGQB4vkFGbfNzRr5-dw,33.3053089,-111.9007734,2,[33.3053089,-111.9007734,33.3053089,-111.9007734],[38,39,11]
guGjet7TkuIngeHE-14giw,33.529833350000004,-112.00846905,13,[33.393442,-112.1240351,33.6662247,-111.892903],[57,69,7,137,8,139,49,4,5,6,367,373,97,11,244,172,470,145,39]
LEa6zm8cns4-iLW5I00Lwg,33.49099975,-111.94068010000001,3,[33.4900575,-111.955105,33.491942,-111.9262552],[136,17,311,88,38,39,11]
nbkxuEFnPqitQ0KrQYgFIw,33.4516715,-112.0733143,4,[33.4516715,-112.0733143,33.4516715,-112.0733143],[48,11]
QlVcWWOemKbRp9Zcn7njfQ,33.4724491,-112.1345686,200,[33.4724491,-112.1345686,33.4724491,-112.1345686],[26,11]
4TxvU00TQLFrMIaEWDi-Hw,33.50822225,-112.0203724,6,[33.3775316,-112.1810524,33.6389129,-111.8596924],[168,11,63,43,27,99,98,7,210,181]
No1oU3ysRxoUJbLfDCVQXQ,33.4920033,-111.9258022,80,[33.4920033,-111.9258022,33.4920033,-111.9258022],[126,97,11]
5RuEn7IONyVuvrOimjFSZA,33.5735562,-111.96546186616649,21,[33.3490394,-112.043821,33.798073,-111.887102732333],[57,69,7,194,24,11,99,63,54,55,122,256,39,145,249,6,15,88,38,298,48,62,17,10,128,27,119,30,13,26]
C7lPrHmw-BDKJY-8TWY9TA,33.4493238,-112.0718824,17,[33.4493238,-112.0718824,33.4493238,-112.0718824],[99,11]
PsINehro-PhgEFEEc3iLRA,33.3024839,-111.71351229999999,14,[33.2210188,-111.843786,33.383949,-111.5832386],[7,108,119,99,11]
agZpsM7jdioBesGurtWGZQ,33.5106684,-112.029752,1,[33.5106684,-112.029752,33.5106684,-112.029752],[32,90]
82vsbM8ggZV4BVrtLB9s3A,33.437661250000005,-111.99057930000001,26,[33.3197988,-112.0824552,33.5555237,-111.8987034],[309,285,11,26,48,265,251,33,117,218,224,168,38,39,185]
veWVDFqvNumZSe4SJeUrsA,33.69907,-111.917449,3,[33.69907,-111.917449,33.69907,-111.917449],[26,11]
GQKLtkqVdh-SPFiRBhCbqA,33.5612589,-112.1156244,5,[33.5612589,-112.1156244,33.5612589,-112.1156244],[48,185,11]
S9R4_Vb25wdyHv95H_JP6A,33.53571015,-112.08233535,10,[33.4157359,-112.4159659,33.6556844,-111.7487048],[265,11,483,298,43,98,7,292,113,6,116,99]
90I5TAGope2V6PNGjITjCQ,33.4593954,-112.0742496,2,[33.4593954,-112.0742496,33.4593954,-112.0742496],[7,108]
NsIoM2PlaL28E-jbrs4Zlw,33.445557449999995,-112.000945678495,200,[33.2664769,-112.134201,33.624638,-111.86769035699],[104,161,195,65,212,11,43,33,119,24,27,109,38,39,440,251,63,202,72,99,127,168,48,229,7,189,10,26,47,265,44,154,185,88,219,218,41,140,361,309,285,89,108,186,6,57,169,128,142,196,298]
QuOQ5lH4LhXfd0AKktI0UA,33.4990986,-111.9259123,32,[33.4990986,-111.9259123,33.4990986,-111.9259123],[38,265,39,11]
U3tS3IPsJmpC4j7sjP_62w,33.4938414,-111.9268138,6,[33.4938414,-111.9268138,33.4938414,-111.9268138],[27,11]
hkktVdBvVDOxQg8oHE-jOA,33.382117540086654,-111.9768514,7,[33.3312,-112.0494,33.4330350801733,-111.9043028],[24,11,99,126,97]
a1DUUGOKHbjuoL_Z90AnuQ,33.41096615,-111.8965501073975,200,[33.298212,-112.0691813,33.5237203,-111.723918914795],[10,44,43,11,177,140,192,41,33,119,99,212,63,97,26,127,251,38,39,40,57,69,185]
rtceTYFWm-CZxyH2fnB5eg,33.4795094,-112.1125311,88,[33.4795094,-112.1125311,33.4795094,-112.1125311],[28,17,29]
TipKplskSSMKdy5uQmYGVw,33.6545822,-111.98561775,200,[33.4787943,-112.0478085,33.8303701,-111.923427],[26,11,48]
Aw-X8A2zzz2vwAAR_koQ8g,33.4948142,-112.0536454,1,[33.4948142,-112.0536454,33.4948142,-112.0536454],[430,11]
-FiTp3bcQ27BBtDIO9_TcA,33.317906,-111.964138,9,[33.317906,-111.964138,33.317906,-111.964138],[63,27,11]
E-2gAPE8tJfMgKgXbr3xjg,33.40376085,-111.9613335925535,28,[33.3051122,-111.9955012,33.5024095,-111.927165985107],[224,11,98,7,108,292,26,119,172,27,24,182]
Bq4bG5DUFSTryEwWZY_x2Q,33.6396854,-111.9998451,62,[33.4471735,-112.073781,33.8321973,-111.9259092],[43,11,251,48,99,33,117,26,38,39,128]
hu0jW75RBiyNmyGxXKCX3Q,33.523984,-112.04698,3,[33.523984,-112.04698,33.523984,-112.04698],[265,11]
Jo8PCFtp6BkUMsuU5AkSSw,33.4184074,-111.9786559,10,[33.3351559,-112.04725,33.5016589,-111.9100618],[119,120,11,7,98,10,9,218,219,43,162,74,24,39,48,38]
-LjCA5YsvnfdNJoaL4x3Yw,33.499504,-111.927891,1,[33.499504,-111.927891,33.499504,-111.927891],[48,24,11]
eB8AnBiszC2ljcV4jBYYiw,33.31819,-111.969203,3,[33.31819,-111.969203,33.31819,-111.969203],[361,11]
vq66V4-JAKN1GBD-9Wl5-Q,33.4932316,-111.9240949,1,[33.4932316,-111.9240949,33.4932316,-111.9240949],[38,39]
BL00rDLTx70bwXhgDA4WAg,33.503246,-111.996302,3,[33.503246,-111.996302,33.503246,-111.996302],[78,79]
RhE8v5RK_lLrOnGLfNbfpA,33.43475,-112.00644,50,[33.43475,-112.00644,33.43475,-112.00644],[28,170]
3pKHiyAlMqQgTbeF5BTf-g,33.5136394,-112.0734885,2,[33.5136394,-112.0734885,33.5136394,-112.0734885],[7,142,108,292]
9HlTgd6F6NOiJuMfKnW4SA,33.508756,-112.045816,4,[33.508756,-112.045816,33.508756,-112.045816],[177,285,140,11]
EiD6jKEPhaPIWRvk4AQPDw,33.39121985,-111.9866317,5,[33.3503,-112.0420074,33.4321397,-111.931256],[31,32,28,271]
WiBnYAfG2-tJkXAryVOLbQ,33.407162416802,-111.91035657289,2,[33.407162416802,-111.91035657289,33.407162416802,-111.91035657289],[404,451,11]
Ze4YIsiTXq2yrNM87Ue31A,33.4829108,-111.98880045,100,[33.3406452,-112.1148748,33.6251764,-111.8627261],[6,77,35,76,7,119,41,11,212,43,85,28,17,29]
wNRk30HOJvdD_vU0z0RFUQ,33.5999386,-111.9797159,1,[33.5999386,-111.9797159,33.5999386,-111.9797159],[126,97,11]
0ki_1cY4o1BCv2VywG-Zpg,33.3021074,-111.8420649,2,[33.3021074,-111.8420649,33.3021074,-111.8420649],[224,11]
Xe3roFVZWGe1ABkuhN9UCg,33.5443134,-112.00831405,25,[33.447654,-112.1179247,33.6409728,-111.8987034],[48,11,26,6,137,7,139,218,83,38,39,40,292,99,108,27,140,63,24,265,57,69,43]
HuhnsSl6wnK00SO8a40a9Q,33.379618,-111.757045,1,[33.379618,-111.757045,33.379618,-111.757045],[10,44,24,11]
rMVVlPc8515khcIqAsWf1w,33.1554745,-111.7468271,14,[32.87808,-111.970802,33.432869,-111.5228522],[123,65,129,78,278,79,97,11,99,7,139,416,36,38,39,63,43,48,128]
9px_0geJ2JdrWKNRmrFSkQ,33.446195133741,-111.97493461419,12,[33.446195133741,-111.97493461419,33.446195133741,-111.97493461419],[265,11]
U4s9LjTZEJ5Fq2gruxq9Ng,33.449129,-112.308732,10,[33.449129,-112.308732,33.449129,-112.308732],[7,8]
DupQVr6x98F2fTDICPz7ww,33.32026375,-111.9049819,7,[33.3046171,-111.9080449,33.3359104,-111.9019189],[27,11,63]
tv1HjAn7pD3aucjV5eywqg,33.6272265,-111.8956412,8,[33.6272265,-111.8956412,33.6272265,-111.8956412],[7,47,48,11]
NBR37xR3we8s4GuBMaszgQ,33.4516361,-111.9979602,104,[33.4516361,-111.9979602,33.4516361,-111.9979602],[28,17,29]
gxxRAoy5jFxuYz9VuvPTRw,33.4964705,-111.9995095,9,[33.49112,-112.079081,33.501821,-111.919938],[265,185,11,140,63,28,17,29]
2TaOmpSCAmKob2YBOhvsIw,33.541827299999994,-111.87034845,66,[33.4940321,-111.927267,33.5896225,-111.8134299],[119,26,185,11,49,66,38,88,39,352,48,109,201]
qxSW9pM7Er94vra_otoVRw,33.46648135,-111.98250205,6,[33.304861,-112.073781,33.6281017,-111.8912231],[88,38,39,298,11,48,251,40,214,239]
IVuTqZSQ-DHemW7gNazGNw,33.491441949999995,-111.99888955,16,[33.4726589,-112.0736348,33.510225,-111.9241443],[177,140,11,63,265,322,57]
lH2382hYJUtus8fP0IaPIQ,33.37837115,-111.9910299,7,[33.3055423,-112.070889,33.4512,-111.9111708],[49,80,82,59,104,161,65,57,56]
Jb8p4tDOrq_IKjBJXM0GSg,33.4924794,-111.9261931,107,[33.4765807,-111.9265203,33.5083781,-111.9258659],[26,11,161,28,65,17,29]
F8MIgcGzop_Mv0gFYJc4fA,33.5301276,-111.9230417,83,[33.4932177,-111.9276185,33.5670375,-111.9184649],[265,126,97,11,99,48,33,26,28,158,17,29]
aDiGGNZ8Dtbjnz_ml5qYwA,33.4920448,-111.9240429,2,[33.4900575,-111.9262552,33.4940321,-111.9218306],[311,88,38,39,11,352,48]
O_cG48evZMO-PyjNfZmCcA,33.566247,-111.9257768,1,[33.566247,-111.9257768,33.566247,-111.9257768],[48,11]
4C0mR_KFAa0hzPcyymbNFg,33.6400995,-112.1201999,2,[33.6400995,-112.1201999,33.6400995,-112.1201999],[39,38,27,128,11]
YMOMIHYT39xw488NlcE3rQ,33.3200423,-111.9265518,4,[33.3200423,-111.9265518,33.3200423,-111.9265518],[119,11]
l9FkqOaLoGQ8IC160uCegQ,33.4330350801733,-111.905558109283,2,[33.4330350801733,-111.905558109283,33.4330350801733,-111.905558109283],[99,11]
hnlMMP-HV4YsxAFNmM6bYA,33.3740437,-111.9194609,3,[33.3740437,-111.9194609,33.3740437,-111.9194609],[57,56]
aOma3hOCEes6PqLJb6kc6g,33.36048825,-111.8830049,5,[33.3212765,-111.9777098,33.3997,-111.7883],[123,65,161,105,195]
J-gRjbJ_36x9ETmBY-88Hw,33.4939313,-111.9256266,1,[33.4939313,-111.9256266,33.4939313,-111.9256266],[185,11]
MAv2llS6Cu5NICW5z5ZeqA,33.360423,-111.789894,1,[33.360423,-111.789894,33.360423,-111.789894],[26,11]
cU1DmXmOZOki28RVjoxT7w,33.2706978,-111.9702426,27,[33.2706978,-111.9702426,33.2706978,-111.9702426],[49]
JD37iBDY9RNOoyLegn6amA,33.661028200000004,-111.91184229999999,9,[33.621463,-111.9253792,33.7005934,-111.8983054],[126,229,43,11,26,97]
mnyZvcyV0mRSdsoxrqfu2g,33.4873859,-112.030173,6,[33.4873859,-112.030173,33.4873859,-112.030173],[27,11]
oBJzsp4RyWw0zo9GlFjL6Q,33.4741375,-112.0649666,3,[33.4741375,-112.0649666,33.4741375,-112.0649666],[7,108,201,11]
hc49oWjcK_KQVZefA5SDwg,33.5384434,-112.1830859,6,[33.5384434,-112.1830859,33.5384434,-112.1830859],[311,11]
qSTiKwurunzLJTIi9j8NGA,33.5055943,-111.97809995,8,[33.4869182,-112.0474619,33.5242704,-111.908738],[48,11,168,99,39,119,26,38]
zn81QpflLDUaGZkCMUowCg,33.5161704,-112.13607744999999,62,[33.3773608,-112.3643087,33.65498,-111.9078462],[169,11,212,120,224,168,43,8,7,138,218,139,41,126,97,251,108,26]
prRoFkx8fgt1X42jTAVhjg,33.630246,-111.907026425065,15,[33.581877,-111.9776027,33.678615,-111.83645015013],[27,11,57,69,251,26,182,48,140,7,108]
wjLVSNHQP7Y4b1VN_PyPgA,33.461050400000005,-112.00106579999999,16,[33.4272811,-112.076505,33.4948197,-111.9256266],[185,11,265,119,48,309,7,142,108,43,33,120]
WPmSh_u-dKTkAacRZgUBww,33.5659416,-112.0887642,6,[33.4477082,-112.2029218,33.684175,-111.9746066],[27,11,96,72,168,265,99,7,108,47,48,28,170]
ErDRGdE0-AyayAjJWe_JFQ,33.492962,-111.927751,13,[33.492962,-111.927751,33.492962,-111.927751],[224,11]
bWX4vTTS6sRrS0YMzdEHJQ,33.317906,-111.964138,1,[33.317906,-111.964138,33.317906,-111.964138],[27,11]
_JTIS12jwEMVUwaoQWPFog,33.38495015,-111.96475755,14,[33.348162,-111.9819,33.4217383,-111.9476151],[26,11]
feCwLQ96P7768_zuRQ3bFw,33.6782379,-112.1012912,12,[33.6782379,-112.1012912,33.6782379,-112.1012912],[84,336]
CXG5XhPlR1R-MrY5jE8rUA,33.43475,-112.00644,200,[33.43475,-112.00644,33.43475,-112.00644],[28,170]
ddttP5OfCJTEl2VEtMfRag,33.6043836260014,-111.996428113046,5,[33.3354566,-112.149875164032,33.8733106520028,-111.84298106206],[46,13,6,372,30,119,11,7,162,43,322,28,57,190,292]
4sWeH-XzDCC-C3WFrvMcVA,33.7129797,-112.1117351,6,[33.7129797,-112.1117351,33.7129797,-112.1117351],[307,212,43,11]
lwmU2ons5ei8p107XTLfOQ,33.422756,-111.925685,4,[33.422756,-111.925685,33.422756,-111.925685],[7,142]
0TuOVaf4sM11UUbqGRL-4A,33.51063395,-112.0772473,45,[33.3459373,-112.2559024,33.6753306,-111.8985922],[84,343,57,39,145,119,38,48,11,7,27,71,72,96,184,182,140,129,121,79,293,43,65,133,10,24,49,80,59,109,63,218,307,6,186,99,26,40,9,33,137,8,139,35,76,128,20,23,415,142,108]
B5UBCB7rtRtRHkIb_rvNIA,33.3417835,-111.8033929,6,[33.319412,-111.8073148,33.364155,-111.799471],[26,11,84,336,44]
ljCAOLOE8Uw2Vh97A5oVZQ,33.4169120286892,-112.0193435684965,23,[33.377128,-112.072327136993,33.4566960573784,-111.96636],[119,11,28,17,29]
3H7ebj32d3BnaEhD4Y3qxg,33.47290865,-111.93364975,10,[33.3057949,-112.1113493,33.6400224,-111.7559502],[309,119,285,11,26,98,7,113,6,116,162,48,120,8,99,185,108]
AYqt1NEJwphVyuiMMf1e6g,33.3197625,-111.9780071,1,[33.3197625,-111.9780071,33.3197625,-111.9780071],[126,97,11]
5ayecpkNIPysCdkDB5OKrQ,33.4771519,-111.926615,3,[33.4771519,-111.926615,33.4771519,-111.926615],[71,72]
EFlCMnMLeVimG2ygT6iFpw,33.5232204,-111.9968582,8,[33.3630958,-112.084629,33.683345,-111.9090874],[492,17,27,11,7,36,8,26,43]
HcxWWLD3ejPWVAMBzuCoig,33.504953799999996,-111.9781879,112,[33.4938414,-112.029562,33.5160662,-111.9268138],[161,28,65,17,29,27,11]
8YIXjWZR8pZCKjqIw6V1gg,33.423546,-111.937394,10,[33.423546,-111.937394,33.423546,-111.937394],[48,11]
FHs_gnpooF1mV5MyqX-ryQ,33.5092419,-111.92951335000001,6,[33.489047,-111.931447,33.5294368,-111.9275797],[26,11,48,7,36,8]
eZeewXWVwln6JcTiI1iRhg,33.605098049999995,-111.90049435,49,[33.5871771,-111.9255397,33.623019,-111.875449],[43,11,26]
heBfl3yfm_Cph2JaHQCPfA,33.5274859,-112.02918315,5,[33.495018,-112.0824683,33.5599538,-111.975898],[169,11,27,26,7,47,48,126,97]
-RK1bDuq9ARnlZL7XW5Pcg,33.634647,-112.220679,1,[33.634647,-112.220679,33.634647,-112.220679],[265,126,97,11]
zsSoPSYu3yg4KwSeI8dEFg,33.474566,-111.99908264999999,4,[33.448587,-112.071756,33.500545,-111.9264093],[119,99,11,38,48,39]
uQz9qbfiy6A50qF9LG_dkw,33.6657455,-112.1170653,5,[33.6657455,-112.1170653,33.6657455,-112.1170653],[54,324]
rCr2j3Cty5vv2UzQYbv0iw,33.3796211,-111.8094272,21,[33.3796211,-111.8094272,33.3796211,-111.8094272],[10,182,11]
WBBH95Uusd59f6eNuftBug,33.5386441,-112.0986063,49,[33.5386441,-112.0986063,33.5386441,-112.0986063],[26,11]
QKPLkz_VC6GVwnC4B3_Y2w,33.45465225,-111.930748,15,[33.3997,-112.073196,33.5096045,-111.7883],[126,11,49,80,82,59,161,105,195,65,169,38,48,39,133,99,88,128,140,40,109,212,293]
-QBvFb5nDWilF7S1x8ZD5w,33.301377,-111.946065,1,[33.301377,-111.946065,33.301377,-111.946065],[106,54,280]
atNHYH7WdoX7a7Dlry0VcQ,33.463592500000004,-111.90272775,200,[33.413158,-111.9296765,33.514027,-111.875779],[196,11,251,46,6,28,17,29,38,7,47,88,39,48]
dmc1wO5WVY_eGFm-ku0Htw,33.637775,-111.926212,1,[33.637775,-111.926212,33.637775,-111.926212],[11,63]
0clhhTKZhUSUyf-Ivkcl_Q,33.483501649999994,-111.9224947,2,[33.42263,-111.940813,33.5443733,-111.9041764],[49,80,82,59,27,11]
3D6NMslDjw4oMsiQA4wcGw,33.3564605,-111.93828214999999,5,[33.319377,-111.966307,33.393544,-111.9102573],[212,229,11,224,182,98,7,108,292]
x8xIJVbGORz4pR1LXNffNw,33.306349,-111.891192,4,[33.306349,-111.891192,33.306349,-111.891192],[24,11]
_6seymnSl8rS-pw801ENAg,33.4421211,-112.0254665,11,[33.373465,-112.079081,33.5107772,-111.971852],[28,17,29,158,307,27,172,11,64,428,65]
5ZdC1W0ZbVAesDJGeZo6SA,33.5239431,-112.0478898,2,[33.5239431,-112.0478898,33.5239431,-112.0478898],[137,7,6,139]
0mavbdWpbOK-BTuL_sV2Iw,33.2210188,-111.5832386,1,[33.2210188,-111.5832386,33.2210188,-111.5832386],[7,108]
Sp5GeSfICo8wjDumsoma1g,33.466112,-111.917542,2,[33.466112,-111.917542,33.466112,-111.917542],[98,7,307,162,11]
GGqfPqVy3LMCYfLZ-hz_OQ,33.430535,-112.345359,2,[33.430535,-112.345359,33.430535,-112.345359],[25,6]
yZqI8yyhYznP0wIV0S3MrQ,33.27655085,-111.869276,6,[33.2329052,-111.8977298,33.3201965,-111.8408222],[24,11,7,142,212,26,43,97]
eeEj90eJiwYMLJfPW9kdxg,33.460058849999996,-111.82591704999999,99,[33.2644333,-112.1141591,33.6556844,-111.537675],[117,214,11,333,99,7,142,24,26,98,206,33,119,139,225,267,182,172,49,305,27,10,210,109,38,39,63,168,144,212,43,48,341,57,69,224,138,8,140,71,72,73,137,340,92,15,6,195,65,287,297,62,17,127,108,46,13,114,204,12,265,44,149,194,40]
6gZ-gZcWgg9_uPQ1beqkYw,33.385192722397,-111.8979006573975,3,[33.321061644794,-112.0718824,33.4493238,-111.723918914795],[99,11]
z6-1X3JyDlJdViIDuEPkzQ,33.3928186,-111.9426217,4,[33.3928186,-111.9426217,33.3928186,-111.9426217],[83,6]
AwT82s3aTBcUUznj87hWzA,33.462012099999995,-111.6790354,2,[33.4156013,-111.6842402,33.5084229,-111.6738306],[26,11,49,387]
