cncWMR3A_zAwDi8EOb2ztw,33.546,-111.96828,8,[33.546,-111.96828,33.546,-111.96828],[265,11]
WditeVOxm9LcK4COOWZ-qg,33.3931181,-111.86293465,12,[33.337009,-112.0722653,33.4492272,-111.653604],[7,138,8,139,119,99,11,177,26,18,247,49,276,17]
ysUOLUo56rl7CXIpK7zKkQ,33.534602,-112.29058735000001,8,[33.430535,-112.3495127,33.638669,-112.231662],[168,41,11,57,69,27,49,17,152,341]
Um91onA-gVE-kCux78ApQA,33.607346,-112.268858,1,[33.607346,-112.268858,33.607346,-112.268858],[11]
fGI7KjgdAjWEbr0YXkYhBA,33.5822379,-111.9254568,1,[33.5822379,-111.9254568,33.5822379,-111.9254568],[7,36]
RtU7tO7V12FNrxIJshgI5Q,33.4750705323239,-111.9274849,165,[33.3550442,-112.065439,33.5950968646478,-111.7895308],[119,11,185,28,17,29,26]
npb5jlKwUG-zKETzZxuRQQ,33.483108882851496,-112.07837862087,4,[33.477933965703,-112.0832336,33.4882838,-112.07352364174],[224,11,26]
DmkeOatkbXg5kYKhhBncjw,33.3051122,-111.99506,1,[33.3051122,-111.99506,33.3051122,-111.99506],[7,108,119,172,11]
012iOVBiZfpK67KUCHBFdw,33.4471735,-112.073781,1,[33.4471735,-112.073781,33.4471735,-112.073781],[48,11]
OrsAXZD8cHcZrIfpQEuplA,33.407282699999996,-111.8583988,7,[33.3216034,-111.9626175,33.492962,-111.7541801],[224,11,41,126,97,119]
CNBpi7gYX_NwRxGx3wgZiw,33.8321704,-111.9583011,4,[33.8321704,-111.9583011,33.8321704,-111.9583011],[48,11]
o9d41KaPZsbKe2cPYt90jg,33.4261603,-111.939838,66,[33.4261603,-111.939838,33.4261603,-111.939838],[74,27,11]
HOeDPrTZlOUu5LyBzMiIHg,33.44347185,-112.06783300000001,74,[33.3046962,-112.26167,33.5822475,-111.873996],[30,13,6,77,35,34,24,11,98,7,10,63,99,246,119,139,17,423,92,15,57,14,327,97,71,72,49,66,52,115,372,142,84,124,385,182,172,56,18,202,469,38,47,88,39,48,12,22,368,322,208,265,191,26,120,146,250,292,46,8]
-ehQ1_AnMxqf4IM0wJltrg,33.638626,-112.217296,1,[33.638626,-112.217296,33.638626,-112.217296],[212,361,11]
NDkStqTVh-sTDKtKIZkDxQ,33.469521,-112.0020291,8,[33.3582072,-112.0772,33.5808348,-111.9268582],[126,97,172,11,27,63,24,49,178,33,48,307]
pBaqj89zwUOkwr6xY0NcHA,33.371859549999996,-111.97301834999999,36,[33.3702541,-111.9741847,33.373465,-111.971852],[265,11,158,28]
n-5kEVStcjRB725NtI8qXw,33.364213,-111.911785,1,[33.364213,-111.911785,33.364213,-111.911785],[7,142]
2uz3B-11DieFlELzqUCAlw,33.5232935,-112.0297869,38,[33.42183,-112.134201,33.624757,-111.9253728],[26,11,7,108,126,97,63,27,24,430,98,206,8,218,41,265,142,292,161,65,43,212,38,39,40,483,251,162,119,172,48,449,109]
qW3SrY86weVRDNorA1aOcQ,33.350068,-111.944983,1,[33.350068,-111.944983,33.350068,-111.944983],[218,41,11]
kA7gZoPRQ33rD2T6_Uoh3A,33.48164735,-112.05930275,38,[33.2959525,-112.23811,33.6673422,-111.8804955],[182,48,140,11,127,26,99,24,27,7,108,17,62,224,265,126,185,142,251,47,168,63,106,54,280]
1OTnkDxkVFjdOpePMiXv6A,33.5490087,-112.02712249999999,9,[33.4495394,-112.075503,33.648478,-111.978742],[24,11,38,48,39,10,7,292,6,284,35,449,97]
Wuk-ajsN4e7n1zBLIedQ-A,33.479293999999996,-112.00609345,19,[33.331655,-112.1029093,33.626933,-111.9092776],[192,11,212,26,54,55,266,122,256,33,98,7,10,119,99,309,168,49,193,80,59,43,285,88,38,39,89]
R4qNmuMRxSnERbppj78zRg,33.5044082,-111.9691642,5,[33.5044082,-111.9691642,33.5044082,-111.9691642],[161,28,65,17,29]
4mD9esIGj6U3A_mbLun4eg,33.413158,-111.875779,1,[33.413158,-111.875779,33.413158,-111.875779],[251,11]
oOqaB3JUiBFAZcJ4Z8AXxg,33.5280012,-112.12438785,2,[33.5175821,-112.1839297,33.5384203,-112.064846],[11,27,63,10,119]
UgBlVUaJ96D3pLdMDeAIRg,33.626151,-112.186851,2,[33.626151,-112.186851,33.626151,-112.186851],[38,128,39]
3rKSUZPYv3odS9dCGg947A,33.4152932,-111.8071572,4,[33.4152932,-111.8071572,33.4152932,-111.8071572],[26,11]
eLSCi6yjVuq2bXQmDiqAng,33.5822836,-111.8920671,1,[33.5822836,-111.8920671,33.5822836,-111.8920671],[32,314]
LCP1WFiRAPoM70_SKmpucA,33.464651599999996,-111.89805910000001,33,[33.4354618,-111.9268138,33.4938414,-111.8693044],[185,11,27]
7Jwu9tWICEJ2Qw-lIPuxxA,33.5061711,-112.0647931,2,[33.5061711,-112.0647931,33.5061711,-112.0647931],[7,292]
88TKglDFYivf_WkZYCjVWg,33.5571942,-111.9124779,71,[33.4938414,-111.9268138,33.620547,-111.898142],[38,27,99,39,11]
RfJw63fo1yWAgOze5YeHwg,33.46031803066125,-111.92805676935549,183,[33.4248802613225,-111.940198838711,33.4957558,-111.9159147],[7,292,142,98,206,11]
RiWyLrlbg6EzAXt8O36VAg,33.441804250000004,-111.8888038,20,[33.3014001,-112.0898778,33.5822084,-111.6877298],[48,11,182,140,223,168,63,119,192,7,108,172,36,8,177,99,189,10,24,292,6,200,30,13,110]
FNS90B7FvkGNe-OpTR1AQA,33.542193,-111.925634,1,[33.542193,-111.925634,33.542193,-111.925634],[265,126,97,11]
8tQXePmUCe5YvMpW-6n4Ug,33.4495394,-112.0656645,22,[33.4495394,-112.0656645,33.4495394,-112.0656645],[7,449,97,11]
GFaNvkbnwES0ysDJqRMabQ,33.6244719,-112.1838028,4,[33.6104562,-112.233809,33.6384876,-112.1337966],[84,147,202,72,7,138,139,97,11,24]
d1WzBV6LA-s6K6f16qFv2Q,33.4259365387677,-112.005269,9,[33.3216034,-112.134201,33.5302696775354,-111.876337],[109,38,265,39,11,126,373,97,48,43,168,298,88,7,162]
yDCjypQo1dpQ7rwgNx9f6Q,33.47849655,-112.00323990000001,10,[33.4548476,-112.0800705,33.5021455,-111.9264093],[7,108,119,11,99,48,24,63,27,98,10]
duVxJGJKzXqgxZc-EEhC0w,33.49344585,-111.98889654999999,15,[33.4402837,-112.047023,33.546608,-111.9307701],[38,11,99,128,39,49,52]
BHfbMHeKa6olyr8YDsI2VQ,33.564969500000004,-112.0478687,17,[33.489409,-112.1709674,33.64053,-111.92477],[126,11,44,127,7,139,416,99,120]
AtGCjn72SIphZqy1kWFnJg,33.42439011637155,-111.9397376818865,2,[33.4234408327431,-111.9398532,33.4253394,-111.939622163773],[465,57,39,145,109,38,27,11]
V0F6ChBpYGdGbqUOE9LdNQ,33.349256100000005,-111.89380489999999,17,[33.306513,-111.929858,33.3919992,-111.8577518],[7,9,10,11,119,99,38,128,39]
iDSd31CR4Q9j_z9UC_gjww,33.468041400000004,-111.99709014999999,2,[33.443864,-112.070061,33.4922188,-111.9241193],[39,38,48,128,11,259,260]
MrPOzC4Fz_xEwJkA051V8g,33.474626,-112.20575515,90,[33.305824,-112.5125131,33.643428,-111.8989972],[109,38,48,39,11,265,63,27,24,140,177,285,126,195,65,7,142,40,54,317,64,161,6,204,10,119,238,148,108,8,133,224,168,99,43,182,98,36,338,78,79,212,26,206,194,17,62,309,298,57,145,210,106,280,315,307,172,382]
vvIrbuLIF6gRLGbMLDn8pw,33.46122965,-111.99428685000001,6,[33.42183,-112.0653186,33.5006293,-111.9232551],[8,7,138,97,139,11,182,172,27]
JdbRJlPhDTW2Rno9cqEmtg,33.49112,-112.079081,1,[33.49112,-112.079081,33.49112,-112.079081],[28,17,29]
6j5cqcWyMjN4ez_4iU7a_Q,33.5091939,-111.97014431232051,139,[33.5083781,-112.0152845,33.5100097,-111.925004124641],[11,63,161,28,65,17,29,99,48]
UIX8SAds68IhDVq1BAxE2w,33.4948977,-112.0637645,2,[33.4948977,-112.0637645,33.4948977,-112.0637645],[27,11]
GsJSS4495PrebRrD7aLZlQ,33.3924537,-111.91018464999999,5,[33.3633494,-111.945394,33.421558,-111.8749753],[27,11,43,119]
ggEAPrayDfR-57tLJRxM7w,33.5706,-111.9021,1,[33.5706,-111.9021,33.5706,-111.9021],[38,48,99,39,11]
bi-cjl__VcBUruHW2Ufjlw,33.3505011,-111.9082504,13,[33.3049257,-111.976715,33.3960765,-111.8397858],[88,38,99,39,11,49,81,54,82,59,298,248,6,250,48]
hRv1EcyXnVWAo--BikySTw,33.555213949999995,-111.92549815000001,3,[33.5285509,-111.9258733,33.581877,-111.925123],[27,11,251,224,212,43]
SFGZ6klvcqTRO1KOFjSEYw,33.4579759,-112.07074115,4,[33.4571599,-112.0715044,33.4587919,-112.0699779],[57,145,38,39,40,48,11,69]
GddzHEd1FTGBmSOLvo0kLQ,33.461177442407845,-112.060933098198,44,[33.4495394,-112.0656645,33.4728154848157,-112.056201696396],[7,449,97,11,38,48,39]
YPLy9LTkOAZz2WG-6V9vDg,33.3053504,-111.9665052,1,[33.3053504,-111.9665052,33.3053504,-111.9665052],[38,11,128,39]
A90YDxPBa7umj6QsR3RkJQ,33.538748,-112.064759,63,[33.538748,-112.064759,33.538748,-112.064759],[99,26,11]
m0Oq3vhnWAY8G4-KyKAmgA,33.55598174910915,-111.9875316948395,28,[33.4341094982183,-112.073196,33.677854,-111.901867389679],[48,11,24,27,7,108,201,119,38,140,39,40,26,33,99,71,72]
A_2KohxLaGb6510GD6pNjQ,33.499444528689196,-111.9989805684965,19,[33.4566960573784,-112.072327136993,33.542193,-111.925634],[48,11,119,265,126,97,99,49,445,66,52]
Tyzh8dkLdtpn8IcCS2BAzA,33.450948222397,-111.89894565464999,6,[33.321061644794,-112.073972394505,33.5808348,-111.723918914795],[168,181,229,11,33,48,307,99,7,142,292]
4BTZkeZMJDKlyVMbGbVxig,33.5489009,-112.02131955,2,[33.4576266,-112.0474748,33.6401752,-111.9951643],[168,26,11,33,99]
-Rk_M0veSqcwPrmkEKIiRQ,33.5906315,-112.18141990000001,200,[33.52796,-112.265074,33.653303,-112.0977658],[7,108,99,44,11,38,181,39,48,8,63,27,182,24,57,327,28,17,29]
pR0Q4UMBRujcz6dSCgo35A,33.486318,-111.918022,1,[33.486318,-111.918022,33.486318,-111.918022],[294,106,54]
ixkG1Nq9r2dRoqt_lxOngg,33.4943672,-112.0912518,1,[33.4943672,-112.0912518,33.4943672,-112.0912518],[177,140,24,11]
s7_1a2QHEQIoSffJvyPb8g,33.53235495,-111.904101,37,[33.492443,-111.920607,33.5722669,-111.887595],[38,11,99,128,39,157,103,71,72]
ceyFnFHTTkaiDRVRnmUlmA,33.46813455,-112.01330505,7,[33.3559111,-112.23675,33.580358,-111.7898601],[63,27,11,32,314,224,38,48,39]
qnj4hUBiIv1KfwRLs-4uBQ,33.466241499999995,-111.915762,9,[33.4329724,-111.9272212,33.4995106,-111.9043028],[109,38,11,39,440,212,361]
usa1RXf_GiyXmfC4rXXMlw,33.54048105,-112.1545372,15,[33.442375,-112.3534314,33.6385871,-111.955643],[7,47,44,11,24,108]
lem_02njy6O3Etzwiy4uuQ,33.4952867,-112.3556173,5,[33.4952867,-112.3556173,33.4952867,-112.3556173],[49,28,178,17,29]
tah3CrZ5W6m7E_grQdnA_w,33.4786651328515,-112.07356847087,11,[33.477933965703,-112.0736133,33.4793963,-112.07352364174],[97,11,224]
E1k6GLUyZvgqrXex7wDa7Q,33.4526933,-112.0701129,42,[33.4526933,-112.0701129,33.4526933,-112.0701129],[28,17,29]
o2J22OK7xXL-sDPzANxy5g,33.481630949999996,-111.8584769,64,[33.379099,-112.0823438,33.5841629,-111.63461],[7,36,8,39,439,26,11,57,20,56,362,59,49,58,23,206,145,99,38,48,327,78,79,33,52,64,65,340,63,27,352,139,416,98,10,9,133,292,17,62,185,137]
5RxpP2Woo7CpOGUmKgDyAw,33.562962999999996,-112.084854,169,[33.383123,-112.2797864,33.742803,-111.8899216],[11,63,109,38,48,39,265,126,97,99,379,10,120,145,57,88,298,7,137,8,139,27,260,40,259,311,142,41,400,49,445,66,52,247,382,6,45,193,59,69,128,292,210,98,46,168,127,28,17,29,182,140,36,26,119,24,33]
HyjycFSvHG3hjS8VjvxAUg,33.502191,-111.996292,19,[33.502191,-111.996292,33.502191,-111.996292],[109,38,11,39,63]
a8vhLZ-P_kE_qFNYvBI_9w,33.4147109,-111.834934,2,[33.4147109,-111.834934,33.4147109,-111.834934],[246,17]
mjqplysx8-A7RJD5qfWHXg,33.3702541,-111.9741847,3,[33.3702541,-111.9741847,33.3702541,-111.9741847],[265,11]
Q1MsaJUZtoWKcJfH9WHUAg,33.37808965,-112.0944976,5,[33.3773984,-112.1778842,33.3787809,-112.011111],[101,38,39,26,11]
vhH1X8o0ngjRYpne6UmFEw,33.414851,-111.9258567,1,[33.414851,-111.9258567,33.414851,-111.9258567],[27,11]
tVYWRl3OZ0NARLoss7dV3g,33.5218465,-112.0648577,5,[33.5218465,-112.0648577,33.5218465,-112.0648577],[210,11]
W_pLy7-OTLCCdH-fAInv9Q,33.616076,-111.94763900000001,6,[33.58348,-112.011752,33.648672,-111.883526],[126,97,11,188,23,7,142,194]
PGnxop6r6sxxTSWVAFCVnw,33.31975735,-111.8636631,19,[33.3086797,-111.98374,33.330835,-111.7435862],[65,133,7,36,27,11]
b5ksiCn6IOi8Dmfp4EH5tA,33.4955394,-111.92684895,22,[33.492381,-111.927751,33.4986978,-111.9259469],[224,11,265,48,126]
WJNMh_hUymOX7CDKtCOKUA,33.5050424,-111.9991166478335,64,[33.4292429,-112.0741143,33.5808419,-111.924118995667],[54,55,122,26,127,11,119,7,108,169,99]
MCRoP2xDEghCEZ-U6kAjZw,33.5997262,-111.9872563,2,[33.5997262,-111.9872563,33.5997262,-111.9872563],[126,11]
TCnWZgGuV3oRsXb_fJmoZg,33.49110455,-112.15972909999999,11,[33.4582251,-112.2724782,33.523984,-112.04698],[109,38,11,39,63,265,27,24,71,72,297]
m4nePNGsRfjunV4qCkxDhQ,33.3209686,-111.9909114,1,[33.3209686,-111.9909114,33.3209686,-111.9909114],[104,105,65]
1LnFNNVikJT9vN3MY1Cxvg,33.4475343,-111.8576775,8,[33.2711537,-111.9255304,33.6239149,-111.7898246],[126,212,11,48]
yonxmP5ykCceOcOV3H--WA,33.3050646,-111.9985862,1,[33.3050646,-111.9985862,33.3050646,-111.9985862],[11,63]
D7_VivGHNJ_XJrGPOrrApQ,33.383123,-111.964485,3,[33.383123,-111.964485,33.383123,-111.964485],[99,11]
9J2qULE0Fn56Wy1yK--frA,33.4978075,-112.151748,12,[33.465357,-112.380047,33.530258,-111.923449],[192,11,48,27,63,224,104,179,65,39,71,72,218,88,38,298]
3EiTxrYYhdz8gCQuxTZr9Q,33.5409028386777,-111.869723796844,27,[33.5409028386777,-111.869723796844,33.5409028386777,-111.869723796844],[7,119,41,11]
ApQgY6e9lJip6Yu28V7uGA,33.49019405,-112.00021335,50,[33.4504828,-112.0739897,33.5299053,-111.926437],[265,11,483,28,17,29,119]
j_i3dcd64xaKhnq-uFzeTQ,33.484272394079,-112.0038445,6,[33.4548476,-112.0800705,33.513697188158,-111.9276185],[38,48,39,11,109,63,27,24]
t26BkflgTw8VZ5cICU8bnQ,33.68722485,-111.8889527,8,[33.6744167,-111.8894434,33.700033,-111.888462],[109,38,265,39,11,27]
394ECIL6M0w8S-nJypi7Kg,33.3847189892578,-111.8323769,24,[33.3480529785156,-111.945593,33.421385,-111.7191608],[7,142,292,84,124,386,72,393,213,57,56,17,18,177,140,11,202,281,269]
ROczkFAAmW8UOhXUWJADGA,33.726807,-111.8531068,36,[33.726807,-111.8531068,33.726807,-111.8531068],[265,185,11]
a21CBPYMAzJt95qh7Y4fMQ,33.49207405,-111.97914105000001,11,[33.406166,-112.1185366,33.5779821,-111.8397455],[88,38,39,89,11,48,54,55,122,7,148,71,72]
gITFg65GtRDUb-0n460vNg,33.5609484,-112.0208576,2,[33.4481291,-112.0778758,33.6737677,-111.9638394],[177,11,99,126]
2Ei7GKlAr5ncp1cXWzPcRw,33.656005,-112.09836,2,[33.656005,-112.09836,33.656005,-112.09836],[26,11]
SUsdHmuQHjQyEE9MkGKlRQ,33.42909541637155,-111.97303108188649,200,[33.4234408327431,-112.00644,33.43475,-111.939622163773],[28,17,29,170,109,38,27,39,11]
O9OWCZ3KteuKiEJ2zv3gmA,33.455290149999996,-111.9888048,2,[33.3929982,-112.064846,33.5175821,-111.9127636],[7,9,10,119,11]
AfG4PQHxRWna1flRErYTbw,33.4822765,-112.0015755,6,[33.455036,-112.078017,33.509517,-111.925134],[8,7,138,139,192,323,11,168,99,88,38,39,298,180,20,23,108,27,24]
wRa5LDOUErvrW8UfqvlFUA,33.44698095,-111.9697272,40,[33.421303,-112.0734644,33.4726589,-111.86599],[322,57,373,97,11,44,26]
_H7YQYiXToV0paIoOeFNng,33.4580334021351,-112.01326935,13,[33.304416,-112.1839297,33.6116508042702,-111.842609],[28,17,18,29,224,11,89,38,101,33,39,128,149,71,72,96,27,63,41,43]
uZlr6nEF8iz4hdgTRn1PyA,33.6543532140261,-112.083579911637,2,[33.6543532140261,-112.083579911637,33.6543532140261,-112.083579911637],[177,140,11]
xqZylh6j9xzPbzzEpJ6Jag,33.629168,-111.89157,1,[33.629168,-111.89157,33.629168,-111.89157],[38,11,99,128,39]
5ATM5m3jeXk7_tUgHyxprQ,33.4204062,-111.94234725,99,[33.3894085,-111.973603,33.4514039,-111.9110915],[33,11,7,108,38,47,88,39,48,182,140,185,8,138,97,139,26]
Ua6jcqGoD2UQyqXpmCRJsA,33.5739801,-111.9661708,4,[33.5019817,-112.0152845,33.6459785,-111.9170571],[33,265,11,99,48]
kW115gi1DYmi5y9SWuQnEw,33.4953442,-112.0141559,1,[33.4953442,-112.0141559,33.4953442,-112.0141559],[84,125]
qL9furBTKxTl-ioxNFfjmA,33.424778,-111.939846,5,[33.424778,-111.939846,33.424778,-111.939846],[177,140,11]
WCczRD5yEtr9jUTZtUYs9w,33.5094461,-112.0403946,4,[33.5094461,-112.0403946,33.5094461,-112.0403946],[63,27,11]
z0KqfwVM--tkitj5Nfki3g,33.6696907,-112.0997102,1,[33.6696907,-112.0997102,33.6696907,-112.0997102],[10,63,11]
3p_muaP7a652QYtHUZNsFQ,33.52275005,-111.96787555,20,[33.493947,-112.0272041,33.5515531,-111.908547],[11,63,28,17,29,265,168,10,24]
Hm9VC9r2G4sjN6tjiGUGCg,33.3503,-111.931256,6,[33.3503,-111.931256,33.3503,-111.931256],[31,32]
CL4SZbLn3j7HU_k1uNawiQ,33.361901653793,-111.841585575485,39,[33.220784807586,-112.0999,33.5030185,-111.58327115097],[190,28,140,11,251,212,49,193,59]
eNghycuLBSMrCL7i80qL_w,32.879938,-111.744678,5,[32.879938,-111.744678,32.879938,-111.744678],[63,27,11]
d2MQu3iEzDqcHQnaulG2hw,33.42183,-111.960264,1,[33.42183,-111.960264,33.42183,-111.960264],[7,162]
SebEEWJbMVbe67m_EYnT1g,33.299014,-111.932617,1,[33.299014,-111.932617,33.299014,-111.932617],[129,277,278,79]
M2W1nTqC_uhhN2iJI_elMg,33.466392549999995,-111.99649149999999,6,[33.422728,-112.041489,33.5100571,-111.951494],[24,11,63,33,38,39,26,7,8,119,99,88,40]
qACPHlEkOxUFXd20YQbADA,33.407975,-111.910578,109,[33.407975,-111.910578,33.407975,-111.910578],[7,162]
-ryiwN1RxngKFAhLxKsDoA,33.47452495098115,-111.9278599925535,4,[33.4537869019623,-111.928554,33.495263,-111.927165985107],[26,11,182,172]
rtLrxg-nbRL_CvwG66aKeQ,33.5024987,-111.9258947,1,[33.5024987,-111.9258947,33.5024987,-111.9258947],[7,292]
0Wq5xmoMkoC4P8pqr_P-Ew,33.423638350000004,-111.9991896,23,[33.3411056,-112.0824532,33.5061711,-111.915926],[49,52,7,142,27,11,39,38,128,26,292,47,88,48,83,6,108,224]
FDQ8BeIBUSeC23uCAvbBQg,33.371197499999994,-112.5768045,6,[33.370363,-112.578859,33.372032,-112.57475],[27,11]
HiBTUkTuSTAf9tvTu4Uw3w,33.4493238,-112.0718824,2,[33.4493238,-112.0718824,33.4493238,-112.0718824],[99,11]
XvQ6aCBfxP9QnWSZKifhoA,33.530341,-112.047095,86,[33.530341,-112.047095,33.530341,-112.047095],[127,11]
oT2VS-bfM0GoIDNuMANr2A,33.48168545,-112.0750884,4,[33.458341,-112.0823438,33.5050299,-112.067833],[57,39,145,7,108,119,11]
5MbsgK5qo1BODknrDLN49g,33.4748241,-112.11278949999999,68,[33.4129192,-112.264529,33.536729,-111.96105],[38,33,39,11,128,27,26]
QEra6ZQ0Ai0B1a1EMiop0Q,33.4400719,-111.9265573,1,[33.4400719,-111.9265573,33.4400719,-111.9265573],[54,317]
qrxku8Vih1CNHbh3D_C1ZQ,33.3947699,-111.9088938,1,[33.3947699,-111.9088938,33.3947699,-111.9088938],[33,117,48,11]
TEAueF-kcVXj8RvAtrmAUA,33.6539064,-112.1862712,1,[33.6539064,-112.1862712,33.6539064,-112.1862712],[65,133]
nEzOUbeAixT47rIkJXBaig,33.63968295,-112.11380975,2,[33.6390345,-112.1798866,33.6403314,-112.0477329],[219,218,11]
OeLaSOptivY9f1_ALFRabA,33.5613759,-111.9690003,7,[33.497568,-112.0124898,33.6251838,-111.9255108],[11,63,119,99,109,38,48,39,168,265]
3g6jCGJ9YiR8IHLG5SWFDg,33.6345046,-111.9253792,2,[33.6345046,-111.9253792,33.6345046,-111.9253792],[97,11]
NUxtwE7HWgnmTqUVSkW39g,33.3992672,-111.93779135,83,[33.3059393,-111.973603,33.4925951,-111.9019797],[185,11,265,26]
fglrdduR59GBnhci5qApiQ,33.407022850000004,-111.94435519999999,17,[33.3053089,-111.9953195,33.5087368,-111.8933909],[11,63,7,137,8,139,265,38,39,145,57,205,40]
Zwtx7FLZcK5F2P0-Tz8mHg,33.428422403793,-111.833935975485,200,[33.220784807586,-112.0846008,33.63606,-111.58327115097],[11,27,63,48,182,218,39,119,26,38,4,13,6,115,160,99,333,246,7,139,24,17,423,77,35,76,137,8,322,57,56,127,49,50,52,12,114,98,108,126,97,455,10,28,388,241,205,40,185,109,206,265,224,172,80,59,439,91,212,43,54,55,266,122,256,18,209,307,201,101,128,33,120,65,133,247,74,440,260,451,46,47,311,88,82,210,145,326,434,103,475,78,79,306,190,140,292,44,221,36,62,69,219,168,181,229,293,352,208,130,32]
j_zRlPVNl-QZr-eKqcWS3w,33.61051155,-111.92823254999999,39,[33.5825532,-111.9301931,33.6384699,-111.926272],[39,38,99,128,11,27,26,24]
ZzaGa2nsW5bh71N3GOFO2w,33.363740500000006,-111.95078415,5,[33.305824,-111.991311,33.421657,-111.9102573],[7,108,224,11,338,182]
IFOFRBrl4Cm08xGQjrA7OQ,33.6902246,-112.1940056,11,[33.6693312,-112.2029352,33.711118,-112.185076],[7,8,6,45,43,11,26]
wzpwO4RVn4uxU42Jf-IJQA,33.502694399999996,-111.9834227,2,[33.4946927,-111.9865579,33.5106961,-111.9802875],[7,108,352,11]
di-TbkFNH9_-4gy6ZgVaCQ,33.53838399999999,-112.039199,8,[33.42135,-112.153592,33.655418,-111.924806],[244,11,137,7,8,138,139]
RYrDLpVArGRTgZ_xDtccHA,33.664516,-112.2026347,2,[33.664516,-112.2026347,33.664516,-112.2026347],[32,90]
8oYJtqiBr6JbHNr8btCW6w,33.420571,-111.942444,2,[33.420571,-111.942444,33.420571,-111.942444],[38,168,298,88,39,11]
zYPMRtqvIjtpmq9FIP687Q,33.5294368,-111.9275797,2,[33.5294368,-111.9275797,33.5294368,-111.9275797],[7,36,8]
u2t-YcnCrSc5MCeaSPX_zA,33.53517592665735,-111.9155958877255,4,[33.4480659,-111.9270202,33.6222859533147,-111.904171575451],[218,41,323,11,182]
rSsxwEXl-99C2b23w_c7bw,33.5102068,-112.0272041,47,[33.5102068,-112.0272041,33.5102068,-112.0272041],[48,11]
_JdBh0bj-O5TxK85WnbB9w,32.9103236,-111.7573007,6,[32.9103236,-111.7573007,32.9103236,-111.7573007],[26,11]
YrWk2WOQtwzJct-5WRluOA,33.632441,-112.236796,160,[33.632441,-112.236796,33.632441,-112.236796],[11,63]
71tSkox87Z1hma4lP7Uf9Q,33.3468019,-111.970434,2,[33.3468019,-111.970434,33.3468019,-111.970434],[71,72,297]
Ow8iWYjwgn7DzOU6yCBvXw,33.406642149999996,-111.9702331,55,[33.303233,-112.0987501,33.5100513,-111.8417161],[57,39,145,7,8,247,108,38,205,40,48,11,14,15,6,148,36,92,191,26,33,44,47,88,138,139,120,119,63,27,16,168,298,12,61,13,114,219,218,41,25]
43TfX1I8gW3LvoWEzTzKOg,33.493409,-111.9341104,30,[33.420571,-111.942444,33.566247,-111.9257768],[48,11,38,168,298,88,39,273]
t7ADWS28HCYXJpbIPSIuqw,33.3022008,-111.8410615,50,[33.3022008,-111.8410615,33.3022008,-111.8410615],[119,11]
qwpmstbtCm8SDszJjRhc7g,33.489964,-111.926699,4,[33.483281,-111.926895,33.496647,-111.926503],[7,313,27,11,63]
Foe_x9I0OhY1hp62BtFSgQ,33.58230065,-112.01165205,8,[33.5093453,-112.132618,33.655256,-111.8906861],[333,57,69,48,11,7,142,292,168,169,38,210,26,39]
NWeEAnBxuRtYrqa-4K2iOQ,33.5316391,-112.15396835,3,[33.4528292,-112.239434,33.610449,-112.0685027],[7,142,117,214,11]
mcMmD0gytawTGoJrzvBZSQ,33.6272906,-111.8548219,1,[33.6272906,-111.8548219,33.6272906,-111.8548219],[48,11]
KD2t6YxMPCdwtCpHt-HT8w,33.579504650000004,-112.1006188,9,[33.4803943,-112.226631,33.678615,-111.9746066],[33,44,11,26,39,38,128,127]
BKP8vEwsgghGysDXCYNykg,33.3425583,-111.9003492,4,[33.2631834,-111.9431045,33.4219332,-111.8575939],[61,13,6,78,79,12,114]
gmImSCRhliREDM-lVUa_Tg,33.464932149999996,-112.05188275,200,[33.45107,-112.055957,33.4787943,-112.0478085],[26,11,8,7,138,139]
gUK4eRO1iR9K6MlBIqbTeA,33.4828122,-111.99750555,133,[33.4352894,-112.0701129,33.530335,-111.9248982],[26,11,33,44,39,38,40,206,28,17,29,48]
LkDeO6yplqSFsuvcSGdB0Q,33.32900925,-111.80703845,16,[33.3021074,-111.8420649,33.3559111,-111.772012],[27,11,99,26,7,108,48,63,119,39,38,128,224]
T8Q_p8G2RskpyFM4-C_LpQ,33.494500349999996,-111.97622175000001,76,[33.4787939,-112.0273984,33.5102068,-111.9250451],[265,11,7,142,309,119,285,206,28,17,29]
9Gucz-rh3r50wZ6Ww3Z-lg,33.5302696775354,-111.926350593567,7,[33.5302696775354,-111.926350593567,33.5302696775354,-111.926350593567],[109,38,265,39,11]
7Eik8k-ayZUvjTSmvXz3nQ,33.4474542,-112.0745395,75,[33.4474542,-112.0745395,33.4474542,-112.0745395],[33,11]
6Jy9P_ncZgqu86PFlyURQA,33.41007385,-111.849805716665,27,[33.3210491,-111.9278401,33.4990986,-111.77177133333],[38,265,39,11,128,43,7,49,108,193,59,168,42,440,260,142,63,27]
udK1-SLvAIHFGES_xEhahw,33.5006532,-112.0739689,65,[33.5006532,-112.0739689,33.5006532,-112.0739689],[27,63,24,11]
U7PgMLq8al8gsr76Xfs-pg,33.5438964,-112.1457798,24,[33.449682,-112.2212624,33.6381108,-112.0702972],[17,18,30,13,6,85]
ytwikDFEnPEF_oNZGQgFiw,33.464349,-111.908369,9,[33.464349,-111.908369,33.464349,-111.908369],[224,11]
0Ke0iSAPYi8hUVxLocAlYQ,33.465083,-112.04248985,200,[33.303233,-112.392714,33.626933,-111.6922657],[4,6,100,425,119,11,7,139,109,38,39,36,33,145,186,57,169,225,120,88,99,44,43,48,108,30,13,296,27,63,416,24,128,49,146,341,12,163,22,311,232,138,187,46,15,25,87,191,8,110,17,18,41,400,212,97,338,201,168,298,84,124,117,214,449,10,89,210,47,45,54,55,122,256,177,140,26,98]
nIG2I1IgdaroByGuuyl0gw,33.393327961751794,-111.895630266224,47,[33.3078616235036,-112.0478085,33.4787943,-111.743452032448],[251,11,185,98,7,24,48,120,26,43,27]
swGwPMNo2mI4Gw9WkRdj1w,33.52425005,-111.9102427,4,[33.422576,-111.9242144,33.6259241,-111.896271],[119,24,11,48,39,205,71,72]
3BpeKXH2LHF5X2TJKkZJrw,33.500545,-111.9264093,9,[33.500545,-111.9264093,33.500545,-111.9264093],[119,99,11]
OjdKNGWyuNDEJJwNs1TN0A,33.563924,-111.99820745,10,[33.449233,-112.0699779,33.678615,-111.926437],[38,48,39,11,33,182,140,265,483,27]
AujgXK1WUgud7e7Zb4oeSQ,33.5470883,-111.981765,41,[33.494238,-111.985681,33.5999386,-111.977849],[28,17,29,126,97,11,33,27,63]
rqAArSOKpLB1LYNIvC9dXA,33.494238,-111.977849,1,[33.494238,-111.977849,33.494238,-111.977849],[38,99,88,39,128,11]
w55MLMeKcHtBHd-2G1zO1A,33.418579758295195,-111.94557616041399,5,[33.3351559,-111.9631173,33.5020036165904,-111.928035020828],[74,24,11,168,99]
6vqPzr1gS--g5GU3_eodew,33.4698115,-111.9260612,4,[33.4698115,-111.9260612,33.4698115,-111.9260612],[282,72,141,6]
_ZJanTGDypTxfm1Ut7IqaQ,33.4974897,-112.142199,49,[33.2706978,-112.4781,33.7242816,-111.806298],[71,72,57,327,7,98,10,9,11,108,63,26,43,38,145,205,39,40,56,186,6,99,46,32,95,222,49,312,146,17,152,24,154,333,84,147,91,27,69,215,48]
3JzxeH48cLiDDQUVvSuX8Q,33.619689,-111.881446,1,[33.619689,-111.881446,33.619689,-111.881446],[54,55,122]
ApRRz7fmtLKsfFU6963OUw,33.609596249999996,-112.05804105,14,[33.5062078,-112.225396,33.7129847,-111.8906861],[27,11,7,108,142,33,117,24,26,251,189,10,63,182,48,140,126,333]
nnevroDLs0gKbJ-WdzhvSw,33.3197478,-111.9795005,1,[33.3197478,-111.9795005,33.3197478,-111.9795005],[6,118]
3vcRMmtk71ORwvwYOsez_w,33.50449965,-111.95335130000001,27,[33.33861,-112.0474748,33.6703893,-111.8592278],[38,48,39,11,10,63,24,168,26,128,265,7,139,416,36,27,99,88,40,142]
9MaQPBj09xiZxQ_Mm5mhLg,33.370736199999996,-111.96041685,18,[33.317422,-111.980762,33.4240504,-111.9400717],[127,11,28,17,29,38,26,39]
z56iGb60FeQ34l7ov-FAbw,33.324551799999995,-111.84072775,3,[33.3117903,-111.8412173,33.3373133,-111.8402382],[149,11,181]
ytn7I5qqDfu-BEqYScr_DQ,33.59865945,-112.0203574,14,[33.5612589,-112.1164668,33.63606,-111.924248],[168,169,11,48,185,63]
CMr0uCQW03pnhSWVTc1LoQ,33.6405893,-112.0474847,4,[33.6405893,-112.0474847,33.6405893,-112.0474847],[63,27,11]
rHDHYJBf06souV9WEwjuew,33.5955014243405,-111.892633676976,12,[33.569728,-111.899064353952,33.621274848681,-111.886203],[26,11,39,38,212,128]
PV0F0TkrYKZ5QcdUHgHdAA,33.3053866,-111.9998453,2,[33.3053866,-111.9998453,33.3053866,-111.9998453],[78,79]
044ayfuEbad7SKyM_c0OZw,33.4458420286595,-112.068868943245,144,[33.444799,-112.07107588649,33.446885057319,-112.066662],[57,327,99,11]
lS6LniF_pemBHBzigzWBbg,33.5238949,-111.8988895,2,[33.5238949,-111.8988895,33.5238949,-111.8988895],[98,7]
180Ba6K60KMQAp0F4dUKvQ,33.277017,-111.857122,1,[33.277017,-111.857122,33.277017,-111.857122],[71,72,287]
RrlhvligYMDGFxmLonJzow,33.579076,-111.767128,125,[33.579076,-111.767128,33.579076,-111.767128],[49,178]
MGwohWWS8e2XIXGSw7OAkQ,33.6767649264512,-111.924730539322,3,[33.6767649264512,-111.924730539322,33.6767649264512,-111.924730539322],[49,193,59]
4N5_rd3_eCjVKljZADFJ5A,33.3201271,-111.8977616,1,[33.3201271,-111.8977616,33.3201271,-111.8977616],[10,44,24,11]
k6jTHpivcE1AGgofIS8nzQ,33.3653449,-111.9214606,122,[33.3053504,-111.9665052,33.4253394,-111.876416],[38,99,128,39,296,11,212,361,251]
OQHrgQ28uRy8kIfikZRPbQ,33.407162416802,-111.91035657289,2,[33.407162416802,-111.91035657289,33.407162416802,-111.91035657289],[404,451,11]
ZQQLz5EJ-k_2wczZJxCnOA,33.4776875,-111.98716440000001,19,[33.4765807,-112.0478085,33.4787943,-111.9265203],[26,11]
Xf8KJauIFa6t7rf2mOCSHg,33.54476,-112.211559,47,[33.4492,-112.361552,33.64032,-112.061566],[38,11,99,128,39,26,88,298,322,57,56,84,336,265,177,140,63,27,30,8,13,6,7,110]
xH5ETGmT8IUaPjbwZmj-Ow,33.3774019,-111.908621,2,[33.3774019,-111.908621,33.3774019,-111.908621],[219,218,41,11]
PsIWPkHHFWSoujVsIzFcnw,33.348929600000005,-111.901015,7,[33.304861,-111.927065,33.3929982,-111.874965],[7,292,182,218,11,137,8,139,9,10,48,140]
gp52zPyUkSnkIm-TciK3cw,33.5769705887677,-111.9257643967835,46,[33.5302696775354,-111.926350593567,33.6236715,-111.9251782],[109,38,265,39,11,48,40]
dY1DjSfdl_2EOhBH0Jc-FQ,33.5299932,-112.05816010000001,6,[33.4253394,-112.220679,33.634647,-111.8956412],[265,126,97,11,127,309,285,465,57,39,145,7,47,48]
ytXdodzypThe1MC8Wcan0Q,33.47074345,-111.8318601,10,[33.4391409,-111.92752,33.502346,-111.7362002],[65,133,96,72,71,12,114,13,6,22,185,11]
rA5V0vI-2O3yDYb0NWcPzQ,33.263379216921,-111.823654174805,2,[33.263379216921,-111.823654174805,33.263379216921,-111.823654174805],[65,105,369]
BncUtrl2bphVTu12y5fTlQ,33.46969555,-112.02204405,34,[33.3559111,-112.254228,33.58348,-111.7898601],[26,11,7,108,63,27,49,193,59,142,88,298,39,38,98,24,224,109,40,192,126,97]
MOkS1980rkq27Daiug6_Nw,33.53383915,-111.96862915,28,[33.5288312,-111.9730855,33.5388471,-111.9641728],[11,63,161,195,65]
87B-nvw7UFWzfNOo6vOHCQ,33.4974247,-111.9262954,17,[33.4974247,-111.9262954,33.4974247,-111.9262954],[177,140,11]
xuE8WnPRs8eqcJDcr3fFjA,33.494646,-111.9947,21,[33.494646,-111.9947,33.494646,-111.9947],[43,11]
U-x9Hx392dea8YWdgYFiLA,33.4451052,-111.9280655,200,[33.306501,-111.98091,33.5837094,-111.875221],[126,11,26,28,17,29,251,43]
TNTIOrhp3-tHEIy55YKvUg,33.655671,-112.011998,1,[33.655671,-112.011998,33.655671,-112.011998],[7,108]
wT5ra95KbF5v02FDla6lAA,33.498028,-111.927951,34,[33.498028,-111.927951,33.498028,-111.927951],[352,48,11]
G3aKOt4E-D5BVECL4ljlUQ,33.61222574999999,-111.88914115,132,[33.4922985,-111.9245517,33.732153,-111.8537306],[27,11,28,17,29,33,44,210]
pD-z-CJ0CgO6QQrpF8zB2Q,33.480005399999996,-111.9295995,6,[33.421909,-111.9506847,33.5381018,-111.9085143],[38,99,39,40,11,126,97,265,244]
iwPnLjQsghQUcJO5Y05UBA,33.780666,-111.925585,4,[33.780666,-111.925585,33.780666,-111.925585],[15,6,191]
O8tNWUq6vPmvq2YTVD8hlA,33.40771005,-111.96542980000001,200,[33.3771412,-112.0178286,33.4382789,-111.913031],[33,119,24,11,28,17,29,251,7,98,10,9,192,117]
_uJfNzJxh1XcsS1D8AGaTQ,33.4329724,-111.9043028,6,[33.4329724,-111.9043028,33.4329724,-111.9043028],[33,265,185,11]
90-uDWiQKa5B8Xa2hiRu8w,33.646131,-112.2184774,6,[33.611202,-112.2559024,33.68106,-112.1810524],[168,11,63,177,140,43,38,212,39]
ZNWa3QAVfqEzJNaHggz-eA,33.6236715,-111.9251782,1,[33.6236715,-111.9251782,33.6236715,-111.9251782],[6,156]
gyzJFtRuzprkbOzWWJEGzg,33.507425,-112.0366323,1,[33.507425,-112.0366323,33.507425,-112.0366323],[11,63]
8Hb8d9n7ibD5w7pc5Vq7Hw,33.288027150000005,-111.7656238,2,[33.2711537,-111.7898246,33.3049006,-111.741423],[129,278,79,126,212,11]
vLi60zqzc675Q5c24ooOUw,33.35749215405795,-111.87499076758,46,[33.2125748081159,-112.074714,33.5024095,-111.67526753516],[119,11,28,442,241,7,8,149,63,177,140,26,43,251,168,10,24,108,48,181,192]
48DXrpTDt2OOpLt-9rsFoA,33.36165675,-111.9447154,40,[33.220295,-112.0999,33.5030185,-111.7895308],[7,108,48,11,12,13,6,21,22,99,251,63,27,162,98,62,17,24,126,120,185,49,265,146,224,83,177,140,142,43,168,97,57,69,3,376]
8GZn5tU1JZXmvkrbiTgBvg,33.4360415,-111.9956337,44,[33.4360415,-111.9956337,33.4360415,-111.9956337],[28,240,241]
oALMvE6YMJUC94hni6ACDw,33.50456515,-112.01193950000001,3,[33.4994191,-112.0962274,33.5097112,-111.9276516],[251,11,38,39,40]
06XTzJG5VebZuqoYWXiP7Q,33.446885057319,-112.07107588649,1,[33.446885057319,-112.07107588649,33.446885057319,-112.07107588649],[99,11]
9ZSOo4-1S-Sr5n9jjIResw,33.233122,-111.850915,2,[33.233122,-111.850915,33.233122,-111.850915],[54,55,122]
6SLj8XiCdqeR_DHR2JmEdw,33.4471735,-112.073781,3,[33.4471735,-112.073781,33.4471735,-112.073781],[48,11]
OtektmqmzeVeECizrPWhuQ,33.6464133,-112.2365732,1,[33.6464133,-112.2365732,33.6464133,-112.2365732],[265,126,11]
It59fqX9clVz4IL0gUh9VA,33.4287313,-111.9415049,200,[33.4287313,-111.9415049,33.4287313,-111.9415049],[28,342,240,241]
X9WC37SBYKRs_Eaxzgp5pA,33.4152952,-111.8442578,31,[33.4152952,-111.8442578,33.4152952,-111.8442578],[26,11]
QFd3dM160KRCN2q1Sx892A,33.61769095,-112.17535649999999,9,[33.5521559,-112.257911,33.683226,-112.092802],[27,11,185,44,24]
SHieHKBOvlu4f8LBQVdcvg,33.5294368,-111.9275797,6,[33.5294368,-111.9275797,33.5294368,-111.9275797],[7,36,8]
Z85rkLvSMFXUv7weNNlw1w,33.3788924,-111.9287009,1,[33.3788924,-111.9287009,33.3788924,-111.9287009],[192,140,11]
keKopFd6jdsiUFYmLni6Fw,33.597833,-111.9784028,1,[33.597833,-111.9784028,33.597833,-111.9784028],[38,99,128,39,296,11]
qO_SuKGhAEGaSIhwUMT0cw,33.493753,-111.928103,3,[33.493753,-111.928103,33.493753,-111.928103],[65,133]
Ekti4X6-8dGlp7iM9ChXDg,33.5815900932834,-111.92253112793,3,[33.5815900932834,-111.92253112793,33.5815900932834,-111.92253112793],[7,48,47,11]
9GjQ6W7ubI4wK6ELSOiXcw,33.6097989,-111.9271921,10,[33.6097989,-111.9271921,33.6097989,-111.9271921],[11,63]
NgA9ZwJmL93Ynon67Oml_g,33.368150400000005,-111.9150602,3,[33.321266,-111.9184724,33.4150348,-111.911648],[15,6,191,182,48,140,11,43]
YuY8MA5BaDpXROleb0RI2g,33.6236715,-111.9251782,1,[33.6236715,-111.9251782,33.6236715,-111.9251782],[38,48,39,40,11]
hqMxvV9jSS_KhFgVTh4MOg,33.3338729,-111.977793,1,[33.3338729,-111.977793,33.3338729,-111.977793],[352,109,38,39,11]
2l7uaXfi9fYt_9Uw3OKwNA,33.552877,-112.132431,3,[33.552877,-112.132431,33.552877,-112.132431],[7,138,139,11]
ud-CjTXGlZPQA0TN5IGvAA,33.4881846,-111.9608249,1,[33.4881846,-111.9608249,33.4881846,-111.9608249],[48,11]
Xv2-Fkx77xAKp5WvttLMGg,33.35484745,-111.98622215,3,[33.3057949,-112.004661,33.4039,-111.9677833],[185,11,99]
hXd2psqNP2GkyDMxUSzglQ,33.327519643415,-111.823848605838,5,[33.277061,-111.936617211676,33.37797828683,-111.71108],[177,140,11,38,265,39,181,185,78,79]
9nO7lVmLTIyIpaMSfgW7gw,33.4065733395384,-111.908111572266,4,[33.4065733395384,-111.908111572266,33.4065733395384,-111.908111572266],[63,48,140,11]
yR3jLGMZ1ug7zdPI_xKgTA,33.454997,-112.066857,34,[33.454997,-112.066857,33.454997,-112.066857],[28,17,18,29]
h2mCt5iGT5UUe0rBZJwesw,33.48949995,-112.02915225000001,13,[33.465462,-112.078017,33.5135379,-111.9802875],[38,48,39,40,11,210,49,82,59,7,8,108,27,24,195,65]
_mA9NNHOSjId9kLarbMf1w,33.316873,-112.004102,1,[33.316873,-112.004102,33.316873,-112.004102],[27,11]
4r4vhVSc3bYpRdKSAAivEA,33.5663052,-111.83724205,22,[33.4920804,-111.9652641,33.64053,-111.70922],[440,260,11,26,7,379,210,108,27,104,161,105,65,48,208,6,35,63,28,17,29,44,126,38,39,40]
iQWWHRt5-eO5ttOlbCfYRg,33.58348,-111.883526,19,[33.58348,-111.883526,33.58348,-111.883526],[7,142]
-f9P0CIUrw3BhBDmiudirA,33.44441585,-111.80530694999999,4,[33.3950098,-111.9259965,33.4938219,-111.6846174],[7,9,142]
yMxAfok5pO2IwvMlfoGKbg,33.594818,-112.065439,4,[33.594818,-112.065439,33.594818,-112.065439],[63,99,11]
yvP9GrT2HbTI2JwAIh7Khg,33.658505700000006,-111.9249114,9,[33.616418,-111.92631,33.7005934,-111.9235128],[26,11,265,126,97]
ih8pG-QxzbtwTWAL9NzP8g,33.34776,-111.91190965,25,[33.2596494,-111.9819,33.4358706,-111.8419193],[49,20,23,415,59,6,72,345,35,282,264,93,3,27,11,26,99,63,219,218,41,32,95,222,24,44,98,7,188]
_M1XuXiMlgi2Bkh43v9y3A,33.5090487,-112.0709232,1,[33.5090487,-112.0709232,33.5090487,-112.0709232],[6,32,35,75,76,77]
fn1TYXMG0_sE28xzMTHsAQ,33.47268725,-112.13409244548501,20,[33.378337,-112.34971999097,33.5670375,-111.9184649],[38,143,39,161,65,126,97,11,109,63,99,40,12,114,13,6,10,119,22,274,27,24,7,8,98,26,206,313,61,265]
prt4Pvu69WGv5pc87RuLMQ,33.497568,-111.929223,200,[33.497568,-111.929223,33.497568,-111.929223],[109,38,48,39,11]
V6rhoTCw7S6H8eHwv2M6Vg,33.50912005,-112.09541699548501,105,[33.303233,-112.34971999097,33.7150071,-111.841114],[475,48,11,26,109,38,39,40,205,7,162,120,292,140,117,47,88,89,24,128,44,127,168,181,229,57,145,373,97,9,186,6,169,30,8,13,110,214,99,27,63,84,147,33,108,224,41,49,193,59,206,4,5,298,352,232,218,333,239,126,71,72,297,79,121,143,210,104,64,133,65]
sXhy3NgNOlu7UXg1dbcefA,33.398660500000005,-111.839449,7,[33.384163,-111.875779,33.413158,-111.803119],[251,11,212,126,97,239]
ZCqTmubdt3tfTYEHlmd1iQ,33.626788,-111.994838,1,[33.626788,-111.994838,33.626788,-111.994838],[63,27,11]
JheYRrfzkNPWy9IkI2vpfg,33.3048695,-111.94121355,2,[33.2961979,-112.041459,33.3135411,-111.8409681],[374,32,95,17,62]
NhbkTLXX2srey5kPtVOAcw,33.240373500000004,-111.99341100000001,6,[33.058117,-112.046009,33.42263,-111.940813],[26,11,27]
1mPTt-Wdqk886_sbjO3_4w,33.4549264,-112.086757,5,[33.4549264,-112.086757,33.4549264,-112.086757],[177,140,11]
T3OqI85mcQe8cBT0nEffsw,33.5549885,-112.10941315,200,[33.278582,-112.828974,33.831395,-111.3898523],[57,327,28,190,212,11,30,13,6,49,66,52,445,158,17,29,27,258,38,40,39,26,99,128,185,102,103,333,63,127,33,35,77,70,46,170]
ztpR-OyFCrvpePHTBglRTg,33.5092756,-112.0718179,64,[33.5092756,-112.0718179,33.5092756,-112.0718179],[48,11]
5V1Bnbf3cpeo_dxjF8GXsg,33.40632085,-111.9556442,3,[33.303233,-112.0687564,33.5094087,-111.842532],[88,7,38,47,39,33,48,11,120]
ptTRwFsV3r4Whi3-EEBABA,33.4973896,-111.9223075,1,[33.4973896,-111.9223075,33.4973896,-111.9223075],[38,126,39,11]
lsjrxHDriP2W4vIvzg8fDg,33.327286599999994,-111.91018405,3,[33.306501,-111.9451471,33.3480722,-111.875221],[251,43,11,224]
HLGREeWew_M4y4rw7MLLdg,33.5820498,-111.9307316,11,[33.5820498,-111.9307316,33.5820498,-111.9307316],[78,79]
hTF1_YtLhW6RM1p8_tthug,33.554501200000004,-112.12433535,24,[33.4360201,-112.3581958,33.6729823,-111.8904749],[48,11,39,38,99,128,168,265,64,6,204,65,49,80,82,59,12,61,13,114,40,205,28,240,241,101]
vrTs9qvS5bVRXEeKyjwCWQ,33.4691316,-112.0475116,118,[33.4691316,-112.0475116,33.4691316,-112.0475116],[26,11]
NIzF5MMddl12972ID8loRw,33.5200001048764,-111.90317085000001,72,[33.394432,-111.9307637,33.6455682097528,-111.875578],[28,158,17,29,168,265,11,251,210]
CVB7vI0anHADHuJAOvedkg,33.4070995,-111.99648400000001,200,[33.390792,-112.012504,33.423407,-111.980464],[28,17,29,119,24,11]
QAppiRRu_L7tk7NZlMNhsA,33.450653,-111.9379165,22,[33.401137,-111.970253,33.500169,-111.90558],[39,38,99,128,11,57,327,202,72,251,168,298,88,33,48,24,84,147,311]
YT6LFBRiSxgP97J8Ihplig,33.449188,-112.0772,3,[33.449188,-112.0772,33.449188,-112.0772],[38,39]
8e7-_g7kdk1Nqa7zZmktuw,33.444801984944,-112.07211772211,16,[33.444801984944,-112.07211772211,33.444801984944,-112.07211772211],[38,99,39,128,185,11]
BHkLsFmztoCibaX1OmJIqw,33.3053866,-111.9998453,1,[33.3053866,-111.9998453,33.3053866,-111.9998453],[78,79]
a8uZ3HEqqbs1HODTdaywfQ,33.5089987,-112.25553325000001,6,[33.4796464,-112.5125131,33.538351,-111.9985534],[155,54,432,27,11,38,109,39,63,26,99]
mActDFMagqEYvJxmO3MUhA,33.5671501,-111.925924,69,[33.5671501,-111.925924,33.5671501,-111.925924],[44,212,43,11]
vTHYHqV9qAJH5IaXqHBA_g,33.4556584,-112.0719926,3,[33.4556584,-112.0719926,33.4556584,-112.0719926],[38,181,39,40,11]
K4jiuwpunwXd6vniQgQ4vg,33.4252007,-111.94010435,61,[33.4240504,-111.940137,33.426351,-111.9400717],[38,99,39,11,26]
FNhmP09rf4w5BjBRIYkdMw,33.4874748,-112.0830342,88,[33.4874748,-112.0830342,33.4874748,-112.0830342],[26,11]
9d9jRB3j2AU7KnZ4yMmwHw,33.6403314,-112.0477329,8,[33.6403314,-112.0477329,33.6403314,-112.0477329],[219,218,11]
ggv_maWTfGLXMQfwD_Osew,33.377255950000006,-111.9602629,6,[33.3057949,-112.059954,33.448717,-111.8605718],[99,185,11,43,26,168,42]
tC3HrJdnsD_mNHThp9r5rw,33.4253128,-112.0291199,1,[33.4253128,-112.0291199,33.4253128,-112.0291199],[11]
CweqnnRyOd1DNHNrK0PQnQ,33.4110862,-111.8824414,6,[33.3892,-111.9043028,33.4329724,-111.86058],[46,6,7]
2oeoM9CB5DaBr9SQGMfXlw,33.43406595098115,-111.9200984925535,3,[33.414345,-111.927165985107,33.4537869019623,-111.913031],[182,172,11,192]
JDBKPVE5h1aPP3NwoN6eag,33.42788985,-112.2256705,6,[33.347563,-112.590673,33.5082167,-111.860668],[71,72,229,185,43,11,265,218,41,26]
pwwdrI8Nm5INjkNTjiLcqw,33.321061644794,-111.723918914795,4,[33.321061644794,-111.723918914795,33.321061644794,-111.723918914795],[99,11]
-9mj_tVyNkDGF0KWhG19MQ,33.5808348,-111.9268582,1,[33.5808348,-111.9268582,33.5808348,-111.9268582],[33,48,307,11]
KYAlmugbFu2Te3FnB94Gdg,33.5184775,-111.98801499999999,5,[33.498028,-112.048079,33.538927,-111.927951],[26,11,352,48]
uAEf2PwIzBLYWStLCz7pEg,33.4471735,-112.073781,2,[33.4471735,-112.073781,33.4471735,-112.073781],[48,11]
XuVeswVBiG7bye8-k731ag,33.39981851933885,-111.8857194793505,33,[33.2587342,-112.0839659,33.5409028386777,-111.687473058701],[7,119,41,11,126,97,24,99,26,27,8,138,139,192,323,63,251,43,49,178,265,239,172,185,229]
oJYwYTCDZpCogFcEsz9cqw,33.331044,-111.791284,1,[33.331044,-111.791284,33.331044,-111.791284],[27,11]
nZolToYpH6yMzBoOYmGqug,33.51042,-112.065343,196,[33.51042,-112.065343,33.51042,-112.065343],[26,11]
r2NdL_2GNog2E3z4u0yjXg,33.6362288,-111.95541395000001,5,[33.5814906,-111.9862419,33.690967,-111.924586],[7,33,24,142,11,64,65,133,78,79,106,54]
dpSNoo-OzlG0i8_shA99fg,33.422327949999996,-111.99440765,3,[33.3351559,-112.063826,33.5095,-111.9249893],[201,24,11,74,7,36,182]
yspBfuP91v72XWZk5W6sQw,33.423901989755,-111.940287351608,1,[33.423901989755,-111.940287351608,33.423901989755,-111.940287351608],[7,36,38,39]
PfVCuad1zh241YiNUTkKKQ,33.636661000000004,-111.98448845,13,[33.597213,-112.03605,33.676109,-111.9329269],[183,65,49,80,59,161]
zIU9GnCjs-n8LBz2EQ64Og,33.35758445405796,-111.80247201758,11,[33.2125748081159,-111.9296765,33.5025941,-111.67526753516],[10,24,11,265,48,43,99]
tj-FCVA35_Q6ojBZAk8eTg,33.48776465,-111.9073162,34,[33.4194512,-111.915926,33.5560781,-111.8987064],[39,38,26,127,11,7,47,88,48]
8fg0zMhH_P6oJkZ9Qvw2mA,33.4787939,-111.9259092,7,[33.4787939,-111.9259092,33.4787939,-111.9259092],[251,11]
Zrtvwf1OAHWD2jcZdp6ZMg,33.435436,-111.9273079,40,[33.435436,-111.9273079,33.435436,-111.9273079],[28,17,29]
KmluMrzozsxXSdF22TQcGA,33.4920804,-111.9255527,1,[33.4920804,-111.9255527,33.4920804,-111.9255527],[440,260,11]
PPFFRa5ReCrW39da-UWdCw,33.552127,-112.259952,5,[33.552127,-112.259952,33.552127,-112.259952],[99,11]
-ZDJ8KSpOHhCPrwi6F-_Ug,33.502955951164495,-111.645826,200,[33.39926,-111.927402,33.606651902329,-111.36425],[161,28,65,17,29,48,11,38,39,40,63,333,322,57,190]
rcrXYaHqAgbnGj_K2k7fTQ,33.68561662120095,-112.15823284999999,4,[33.6570846738415,-112.2021879,33.7141485685604,-112.1142778],[49,50,51,52,27,11,193,59,65,133]
3ofTpVSDE_SbT_VsmmtPyg,33.4994191,-111.9276516,1,[33.4994191,-111.9276516,33.4994191,-111.9276516],[38,39,40]
_HnuImgK2JcqtnYy26GjIg,33.32675304999999,-111.90656165,10,[33.3056789,-111.9102573,33.3478272,-111.902866],[224,11,182]
9g_ARKx0eJmNH8oO1TR9rQ,33.46103665,-112.00667985,28,[33.3917323,-112.088808,33.530341,-111.9245517],[27,11,224,48,10,24,63,229,212,97,98,7,119,109,38,39,127,99,26,33,185,210,449]
AtnYGQjNY2cCSNWt_LY8nQ,33.5308091041353,-112.0129746925535,24,[33.4214126082706,-112.0987834,33.6402056,-111.927165985107],[7,108,126,97,11,142,12,61,13,6,114,48,168,181,229,309,182,172,38,39,26,33,120,183,65]
tlNS3jqcKMLnGpGuLNviSg,33.499499,-111.927402,19,[33.499499,-111.927402,33.499499,-111.927402],[48,11]
gKXvxJN_qnc_md4ErS59Fg,33.476084,-112.065637,6,[33.476084,-112.065637,33.476084,-112.065637],[7,8,218,41,11]
d29Mil9bg09Ix7Y5ODOPUg,33.492962,-111.927751,3,[33.492962,-111.927751,33.492962,-111.927751],[224,11]
Rou-fAKQeHIFRcH9ZNzJ5w,33.726807,-111.8531068,48,[33.726807,-111.8531068,33.726807,-111.8531068],[265,185,11]
x5O9o6yikw8tO4bB7ziOgw,33.450279800000004,-112.05286525,30,[33.34723,-112.1772292,33.5533296,-111.9285013],[11,63,61,13,6,38,39,40,27,214,49,178,137,7,139,312,57,146,91,177,108,54,238,403,79,313,48,104,133,65,126,33,24]
jVHP5itkHYoFWiXkaZmPSg,33.506941,-111.926536,1,[33.506941,-111.926536,33.506941,-111.926536],[475,48,11]
BR_-B4JJtPXnH_128ePIhw,33.404630471321994,-111.86745058765,111,[33.3876436,-111.9466751753,33.421617342644,-111.788226],[63,27,11,99]
I4FCFCoXwdEOx3azWhrCUw,33.5843898,-112.0993548,1,[33.5843898,-112.0993548,33.5843898,-112.0993548],[84,336]
Ne5QtI99zxJ2x8UbDs0qtQ,33.53792665,-111.9065483,6,[33.496647,-111.926503,33.5792063,-111.8865936],[7,108,162]
NrViolV4CASPegLZkpDZSg,33.39221913448755,-111.98624884333799,3,[33.3046962,-111.994993686676,33.4797420689751,-111.977504],[33,99,11,24,74]
IBPnECx0lqsyZLtxinqtSg,33.5003645,-111.9246685,7,[33.499499,-111.927402,33.50123,-111.921935],[48,11,39,38,26,128]
MsNN5pqkQSoAOtpM4ZhsSQ,33.5533766,-111.8916321,7,[33.5533766,-111.8916321,33.5533766,-111.8916321],[57,306]
sUd9E-jlZuXhGDUFvyL8AA,33.499499,-111.927402,4,[33.499499,-111.927402,33.499499,-111.927402],[48,11]
14wzgk9QhOdnPJ4tidUoKQ,33.617314,-111.871809,1,[33.617314,-111.871809,33.617314,-111.871809],[288,32]
dUDzN6zl3j12zhByOrnF9Q,33.52681495,-112.00728240000001,151,[33.3406452,-112.1310388,33.7129847,-111.883526],[26,11,27,41,71,72,57,99,91,7,162,108,105,65,33,48,307,39,212,126,293,119,322,43,373,182,140,98,10,142,12,114,13,6,115,44,133,69,8,200,395,292,185,451,24,201,139,225,63,9,127,97,211,75,32,381]
LuYDMWuZ51mMl32PVmsnpQ,33.60263515,-111.87727425,2,[33.5826287,-111.8804193,33.6226416,-111.8741292],[65,133,105]
shkOSzUcN2hjIJpyufVS9w,33.4485957,-111.8859129573975,54,[33.2611314,-112.047907,33.63606,-111.723918914795],[99,11,43,126,97,48,26,117,33,10,24,63,7,142,79,121,119,120,224,78,109,38,27,39,292,98,265]
LZ86tqJTvDdHHD68oluGQA,33.4026469,-111.97552965,20,[33.304492,-112.0824532,33.5008018,-111.8686061],[236,103,119,11,63,27,24,212,26,43,99,7,36,8,232,57,145,38,39,40,48,56,185]
BiDA7uVJ5igMCsp4ZfpCpQ,33.5085705,-112.02921375,83,[33.3941258,-112.132431,33.6230152,-111.9259965],[119,11,26,7,292,24,185,27,251,39,38,99,128,48,296,108,84,339,57,145,41,181,40,138,139,69,43,142,33,430,182,140,210,10,127,98,63,340,101,168,229,28,442,241,201,109,172,6,186,126,97]
ATqB0u4QTmvuM0ceEIK9pg,33.589895,-112.03044324999999,7,[33.501936,-112.0823075,33.677854,-111.978579],[27,11,7,142,292,6,32,35,75,76,77,26]
zuPOPOYR_P_gDjq0SbyI7w,33.63567605,-112.00574635000001,6,[33.5871771,-112.085953,33.684175,-111.9255397],[27,11,99,26]
wYY1YyzzEe96FfY87JGRgA,33.479852,-111.994039,6,[33.479852,-111.994039,33.479852,-111.994039],[177,140,11]
hOMvOY7sgFuj3WP8XrVwbg,33.5020654,-111.9242599,3,[33.5020654,-111.9242599,33.5020654,-111.9242599],[28,17,29]
87nBxsSoonMs7BjGVb0xAg,33.4658444,-112.06741145000001,3,[33.4571599,-112.0699779,33.4745289,-112.064845],[38,48,39,11]
JR5ae3GDcmz_sf9nirGn6Q,33.6365948597412,-112.3481710958985,14,[33.6359062194824,-112.3489606,33.6372835,-112.347381591797],[99,11,26]
s2AzNeJZfCMteWz2Upf87A,33.487095749999995,-112.0244528,3,[33.4787943,-112.0478085,33.4953972,-112.0010971],[7,162,119,11,26]
_un2DLiOivOx7fMMyjmZ9g,33.4922985,-111.9245517,1,[33.4922985,-111.9245517,33.4922985,-111.9245517],[210,11]
HvfgiWOSk7p3BaEsjkOMQw,33.4864139,-112.09322825,200,[33.4194512,-112.2948244,33.5533766,-111.8916321],[57,327,7,24,47,27,11,88,38,39,48]
U581Cu0yhsgjPeGXKzugNA,33.4503996,-112.0648845,24,[33.4503996,-112.0648845,33.4503996,-112.0648845],[322,57]
noekNAqLa2L3az5_bnb3zA,33.4365440671265,-111.989870873515,11,[33.407162534253,-112.070093,33.4659256,-111.90964874703],[38,48,39,11,26,127,168,265,99,296,6,145,186,57,117,7,47,88]
HKKZ7bsFckhjNtR3Fs0T6w,33.5093372,-112.0608177,11,[33.5093372,-112.0608177,33.5093372,-112.0608177],[97,11]
og3-qOKBvWLbm7FowP7WgQ,33.37198705,-111.97008525000001,8,[33.2644333,-112.0800705,33.4795408,-111.8601],[33,120,11,63,27,24,224]
zkSoe67qmZ7SQDcolQkOTA,33.541292,-111.9857787,17,[33.4492414,-112.072854,33.6333426,-111.8987034],[109,38,11,39,63,352,48,99,7,36,440,218,40,288,31,32,314,128,24]
8zqUB0FuCtZ6KtH7DYXoFw,33.654849,-112.373782,26,[33.654849,-112.373782,33.654849,-112.373782],[63,27,11]
QUlZ0qEpV3eYeZx_jMtnoA,33.495202649999996,-111.99511285,60,[33.3117903,-112.1490084,33.678615,-111.8412173],[251,11,7,47,48,27,149,108,38,39,99,128,8,138,97,139,26,285,185,142,33,212,137,63,229,202,72,126,43,373,153,42,182,127,309,119,416,36,41,98,292,49,80,82,59,140]
y3zB8c2IUov0P8A2SMwrng,33.4675581,-111.99994425,17,[33.4253394,-112.0800705,33.5097768,-111.919818],[63,27,24,11,126,38,48,39,7,142,26,109,119,465,57,145]
vycXb6UaVMeTQk48Xs7uoA,33.4892974,-112.08105760000001,58,[33.4874748,-112.0830342,33.49112,-112.079081],[26,11,28,17,29]
1QRNWR4w38bZC6jtZsMK-Q,33.4922985,-111.9245517,3,[33.4922985,-111.9245517,33.4922985,-111.9245517],[210,11]
NGX8gQiiD2RTESUrH27Axw,33.63887305,-112.0095426,17,[33.4462721,-112.0893682,33.831474,-111.929717],[57,333,109,38,39,224,11,251,99,185,7,108,126,97]
LfA3lQgYazmL-e58nEHQBA,33.4710214,-112.0649272,2,[33.4710214,-112.0649272,33.4710214,-112.0649272],[26,11]
wQkNqSBaXrgUuYNGVqNJTQ,33.56077355,-111.92640485,3,[33.497828,-111.927267,33.6237191,-111.9255427],[126,11,7,247]
2lhdQRzLLa3nSHqN_8LHMw,33.449188,-112.0772,3,[33.449188,-112.0772,33.449188,-112.0772],[28,240,241]
_Vz_FO6Mp3Ffyfbx_6beaw,33.6696493,-112.1868299,2,[33.6696493,-112.1868299,33.6696493,-112.1868299],[126,97,11]
GmhPUXd4URh5ZV3O5EPf3g,33.319412,-111.8057758,1,[33.319412,-111.8057758,33.319412,-111.8057758],[26,11]
OhFUIF5IxGstWOi-t-xdqA,33.4920804,-111.9255527,3,[33.4920804,-111.9255527,33.4920804,-111.9255527],[88,38,48,39,11]
Oeli7aKGzu0BYIApdznSkg,33.303233,-111.842532,4,[33.303233,-111.842532,33.303233,-111.842532],[7,33,48,47,11]
mD1kxDrFBsCTg3eUTVeJ7w,33.493385,-111.925028,63,[33.493385,-111.925028,33.493385,-111.925028],[7,139,24,11]
GTUr_HAyjhldc_v059XqSg,33.202572502457045,-111.91863765,200,[32.8808576049141,-112.0474855,33.5242874,-111.7897898],[7,108,48,11,49,28,178,17,29,170,99,127]
r3FPKYDplkAAfiFVsFg-LA,33.5150583,-111.8945599,14,[33.491546,-111.923427,33.5385706,-111.8656928],[104,195,65,26,11]
DQURv5CKj7iRdiXyS_Eikw,33.393390100000005,-111.91370125,112,[33.1586785,-112.2634935,33.6281017,-111.563909],[38,7,47,88,39,48,11,26,33,307,126,17,128,152,211,75,32,381,84,147,63,27,208,6,35,99,212,97,10,44,24,298,109,108,119,127,190,28,140,311,49,304,305,117,29,392,79]
xSfORgx_8JlryVChmWsTEg,33.3478272,-111.9102573,4,[33.3478272,-111.9102573,33.3478272,-111.9102573],[224,182,11]
qLQOfxWfGXZ-UHwsptmNgQ,33.4481291,-112.0778758,1,[33.4481291,-112.0778758,33.4481291,-112.0778758],[177,11]
vRONEXL3vSssDdvbBPABzg,33.4655863,-111.9279622,2,[33.4655863,-111.9279622,33.4655863,-111.9279622],[7,24,47,27,11]
ziRqquRYxr5qDjVsnucQgg,33.5096045,-112.0257401,4,[33.5096045,-112.0257401,33.5096045,-112.0257401],[126,11]
bUy80XymVAeKV9_QR0y8ug,33.51286295,-112.0530915,20,[33.4563262,-112.109891,33.5693997,-111.996292],[96,72,38,119,109,39,11,24,7,108,63,49,6,65,193,59,30,13,142,35,70,76,157,103,26,33]
W2vzaJP1ItC18xzA59WLwg,33.48147015,-112.0328885,6,[33.453731,-112.078625,33.5092093,-111.987152],[308,54,238,340,11,155]
pUf1qhfxGlZbSHsRvYJ_Ww,33.4217923,-111.951184,2,[33.4217923,-111.951184,33.4217923,-111.951184],[98,7,24,11]
TWRNl0MVaj1WAXOqXIrS6A,33.4219694,-111.831884,1,[33.4219694,-111.831884,33.4219694,-111.831884],[71,72]
Mz0QoAhYbcMjY1gYZ2Hu-Q,33.4997186,-111.9263271,6,[33.4997186,-111.9263271,33.4997186,-111.9263271],[38,99,39,11]
Z22_vo-wfJYNUz-gUmaRrA,33.43475,-112.00644,200,[33.43475,-112.00644,33.43475,-112.00644],[28,170]
zZIrr3WWdK4PjpfGBZ8ayw,33.49605895,-111.92199835,4,[33.4923301,-111.9264472,33.4997878,-111.9175495],[195,65,38,48,39,11,119]
4iTGFh4PV7HjcsDWRrp8Cw,33.439648,-112.026154,48,[33.439648,-112.026154,33.439648,-112.026154],[28,240,241]
5Jfbh6j02pAFoymZvwQfHw,33.4508268606962,-111.910204886139,1,[33.4508268606962,-111.910204886139,33.4508268606962,-111.910204886139],[71,72]
KUJmrLil7PV7PtxQjDNwbQ,33.5107458,-111.92506495,18,[33.494295,-111.9259109,33.5271966,-111.924219],[11,48,293,39,119,99]
-WqGgYWuGAJ0m88FoJjVTA,33.3215648,-111.7104102,2,[33.3215648,-111.7104102,33.3215648,-111.7104102],[99,11]
qnMSU4fQFauVQGLCotjlww,33.612943,-111.931707,1,[33.612943,-111.931707,33.612943,-111.931707],[7,292,232]
SqKiGzE-cpmmpSM1frHs4w,33.62703735,-111.90816205,5,[33.5810924,-111.9258492,33.6729823,-111.8904749],[149,126,11,101,38,39,168,265]
zcSzK5KQmnsyg0umeezTYg,33.47973145,-111.97970575,23,[33.335548,-112.0741442,33.6239149,-111.8852673],[48,11,7,9,10,373,24,57,99,36,69,38,140,39,40,33,4,6,26,41,361,340,177,182,218,307,63,117,212]
R75rQfzSeXzO9LVh0MFjJg,33.3806481436082,-111.6875579503905,8,[33.3779891872164,-111.689758300781,33.3833071,-111.6853576],[224,11,126]
uEcTEys0ou3EUeF5Kto2-w,33.3750117,-111.7896301,10,[33.3750117,-111.7896301,33.3750117,-111.7896301],[26,11]
p1FB2z28hWKYU5dCJJQpIQ,33.68439055,-112.1158685,60,[33.6836307,-112.1171925,33.6851504,-112.1145445],[11,71,72]
1qZxN6IGsWOIOJWTfttwJw,33.3545993,-111.7898391,22,[33.3545993,-111.7898391,33.3545993,-111.7898391],[119,99,11]
StYN5bcQ5tpX81JudhcKZw,33.64897905,-112.09903800000001,4,[33.6419531,-112.099716,33.656005,-112.09836],[126,43,11,41]
48d7ARNUVAspDcunQlzxbw,33.54341215,-111.91223655,2,[33.4150348,-111.9184724,33.6717895,-111.9060007],[27,11,182,48,140]
vykOQb8R3Y3sN7cWz-8J-g,33.530335,-112.047101,3,[33.530335,-112.047101,33.530335,-112.047101],[26,11]
8QQ4UV3h7QMLvwkZ-7rHCw,33.4717176,-111.981453,32,[33.4194512,-112.04698,33.523984,-111.915926],[38,7,47,88,39,48,11,109,27,265]
ldYjw0QuCpUpeanIfdFecA,33.604179900000005,-112.052398,3,[33.4953688,-112.1107806,33.712991,-111.9940154],[26,11,177,140,84,147]
QpLo1f7PqcGFlMO7icQwlQ,33.428665842472,-112.011805861055,16,[33.4125297,-112.07211772211,33.444801984944,-111.951494],[38,99,39,128,185,11,201,24]
e-tEKhqFz0o0IB5r6C-OsA,33.5819025,-112.00362824999999,46,[33.449553,-112.1156244,33.714252,-111.8916321],[49,6,65,193,59,57,306,98,7,108,112,248,26,11,48,84,419,63,27,24,109,38,39,185,251,308,54,238]
vE0psdDx5B46JDcZh21c3g,33.462078,-112.352936,2,[33.462078,-112.352936,33.462078,-112.352936],[54,324]
x9ZpJWtTZ2gPc3PnQ2KqpQ,33.5006293,-111.9232551,1,[33.5006293,-111.9232551,33.5006293,-111.9232551],[27,11]
KJo0cru2sBJyufnGkdHgHA,33.47161615,-112.17643955,43,[33.31898,-112.4244222,33.6242523,-111.9284569],[182,99,11,33,26,38,140,39,40,48,7,36,46,6,8,45,465,57,145,44,65,148,204,27,97,69]
H1h7eTNTxoi59dVxVIf2Yg,33.5840249,-111.829455,2,[33.5840249,-111.829455,33.5840249,-111.829455],[49,80,82,59]
cmStR0VnLKPccf96aHk-gA,33.4443031,-111.9914147,41,[33.292802,-112.2226374,33.5958042,-111.760192],[99,11,251,7,46,6,33,44,38,47,88,39,48,188,23,101,108,43,128,126,97,292,71,72,297,265,24,27,30,8,13,110,57,69,56,41]
S5LD1PlxuelHjWC4xSUmWA,33.32014,-111.891393,1,[33.32014,-111.891393,33.32014,-111.891393],[161,65,133]
NO7CHtBSYagP2KL-J5O3CQ,33.4942423,-111.9264472,2,[33.4942423,-111.9264472,33.4942423,-111.9264472],[39,119,48,38,11]
b2IEvSOG5CSMaZYlk3Au2g,33.351262,-111.8078452,3,[33.351262,-111.8078452,33.351262,-111.8078452],[65,133]
4N2DNkYP7Qp0v1llCT_KJA,33.421617342644,-111.9466751753,181,[33.421617342644,-111.9466751753,33.421617342644,-111.9466751753],[63,27,11]
5-YIf0n4vXa2vyujHntYvA,33.42243205,-111.86073005,2,[33.2623109,-111.9301931,33.5825532,-111.791267],[39,38,99,128,11,65,133]
yo8RYHL6Plh83wVqRWzOag,33.2644333,-111.8601,62,[33.2644333,-111.8601,33.2644333,-111.8601],[224,11]
1-qyADoV_Zvwtpaewqqkng,33.4805145,-112.0664802,2,[33.4658736,-112.0822129,33.4951554,-112.0507475],[210,11,224]
_WLf7qbP6VUSNiEr10P3kg,33.6098767,-112.2506658,1,[33.6098767,-112.2506658,33.6098767,-112.2506658],[49,326,52]
ZoU0sTLTa4wVVndrInbmTg,33.481125,-111.865534,18,[33.347967,-111.909204,33.614283,-111.821864],[49,233,193,59,54,55,122]
TF4QakzikMDBAeFrlnUo7Q,33.6393269,-111.8792188,1,[33.6393269,-111.8792188,33.6393269,-111.8792188],[48,11]
6osU8BrcMHDgQrE7qbzNXQ,33.4953761,-112.0030783,4,[33.4953761,-112.0030783,33.4953761,-112.0030783],[84,6,21,359]
feDtiv33q5Td6HvmiKDYoQ,33.5092599,-112.0925451,72,[33.5092599,-112.0925451,33.5092599,-112.0925451],[99,44,11]
6xTfRSf-6Gkheq_MRCTdEQ,33.451210995512895,-111.904186848645,12,[33.307325126378,-112.066662,33.5950968646478,-111.74171169729],[28,17,29,10,11,24,63,265,57,327,78,79]
DxC7Vr4RtOV5STpCUY2kjQ,33.678615,-111.9746066,2,[33.678615,-111.9746066,33.678615,-111.9746066],[185,11]
YM5CLhJYKsx6oT9SdWYJwA,33.5102512,-112.0739972,30,[33.5102512,-112.0739972,33.5102512,-112.0739972],[24,11]
k1sX9Wdec2f093BCnW2D1g,33.4732683,-112.0649453,105,[33.4732683,-112.0649453,33.4732683,-112.0649453],[7,33,142,24,11]
ZzZjMhgYpdP6Khf6a8ttYA,33.5528968,-112.0550321,10,[33.5528968,-112.0550321,33.5528968,-112.0550321],[84,6,166,339]
8dvwbJXDK4MrnL5q0yLgtg,33.442577799999995,-111.9914079,4,[33.3782996,-112.073396,33.506856,-111.9094198],[168,11,99,117,43]
3XuPCUb3J1SoxPbNyl3boA,33.25965096672045,-111.7847876195145,2,[33.2188893,-111.8244025,33.3004126334409,-111.745172739029],[6,35,76,43,11]
Yw4xcKGZO4yIUt9OgFD0vw,33.336677,-111.856635,2,[33.336677,-111.856635,33.336677,-111.856635],[132,133,65]
NWEKM2JBpPCtvGtIsRAgMw,33.524495349999995,-112.0118458,74,[33.3933063,-112.134201,33.6556844,-111.8894906],[63,27,11,48,98,7,206,99,38,39,40,33,119,128,265,161,28,65,17,29,26,88,109,251,126,97,43,168,285,185,212,293,47,8,142,292,361,127,365,41,10,24]
AnyJCOVi1vYSowJ2bqD6hg,33.639951900923,-112.019165147988,5,[33.639951900923,-112.019165147988,33.639951900923,-112.019165147988],[97,11]
S-QrXkMhtbDBvPWyoEFJ0g,33.58163735,-112.18776475,3,[33.5674705,-112.2226374,33.5958042,-112.1528921],[149,43,11,251]
L-Ozz_VcyF8SIZmqkj8kAg,33.4549338,-112.1403145,8,[33.399991,-112.340743,33.5098766,-111.939886],[11,63,177,140,27,33,99]
-m8qsQKy9jAw8gTVdu83IQ,33.45657665,-111.9274666,66,[33.447567,-111.9279622,33.4655863,-111.926971],[28,17,29,7,24,47,27,11]
8GBgCl7HIcRJzBUtNZXAig,33.4892974,-112.08105760000001,6,[33.4874748,-112.0830342,33.49112,-112.079081],[26,11]
Oo1IfaVzdQrAKPfE6OfANg,33.4860801,-112.0374304,3,[33.4770236,-112.073629,33.4951366,-112.0012318],[109,38,48,39,11]
_Ff0Kuc6t3RORTdptMKi-w,33.621274848681,-111.899064353952,2,[33.621274848681,-111.899064353952,33.621274848681,-111.899064353952],[26,11]
jv_reYM2IYq4Hfdj2rV5zw,33.515804,-112.082858,1,[33.515804,-112.082858,33.515804,-112.082858],[54,55,122]
uX_UX0RKpj1u76zKmuKetg,33.4623501,-111.968788,7,[33.4146742,-112.024174,33.510026,-111.913402],[251,11,48,38,7,47,88,39]
Im8TJQE9rbA0qzL4CBZt8g,33.34815905086,-111.9637082206,1,[33.34815905086,-111.9637082206,33.34815905086,-111.9637082206],[185,11]
8tPt6Y7g4hNShvfEGzc-hA,33.43524745,-111.7787239,4,[33.365465,-112.0823438,33.5050299,-111.475104],[43,11,57,39,145]
uAl2aDJQVHnMbMg576ZQKg,33.5636878,-112.0595603,1,[33.5636878,-112.0595603,33.5636878,-112.0595603],[32,203]
hbiJHDqJB5APidl-efOAjA,33.304703,-111.981558,10,[33.304703,-111.981558,33.304703,-111.981558],[26,11]
P1fXuGmbdTz_jfEZLbWYcA,33.6287021,-111.8821185,2,[33.6287021,-111.8821185,33.6287021,-111.8821185],[65,133]
aTofoitZDS2l_DoYrmQomA,33.5015167,-112.0822622,1,[33.5015167,-112.0822622,33.5015167,-112.0822622],[6,35,70,76]
1elojbF-GGqJHFMpWV5prQ,33.457939,-112.0520855,25,[33.457939,-112.0520855,33.457939,-112.0520855],[26,11]
_-IoPDJhQGB7DrW8ST_3bg,33.494463100000004,-112.1285378,21,[33.4504828,-112.1830859,33.5384434,-112.0739897],[311,11,28,17,29]
OrhLi9jadvIyz58E2AFBsQ,33.7005934,-111.9235128,35,[33.7005934,-111.9235128,33.7005934,-111.9235128],[26,11]
ulS8EQhE1quIAKp5EZ3HcA,33.4772147,-112.0736348,22,[33.4772147,-112.0736348,33.4772147,-112.0736348],[265,11]
6ngqHdymq4EpL80XDhBj4w,33.639743,-112.378155,8,[33.639743,-112.378155,33.639743,-112.378155],[98,7]
HMpMXskg1OZAnqGmB0rzqQ,33.49553525625795,-111.974205999202,26,[33.3637662,-112.0536454,33.6273043125159,-111.894766598404],[49,80,82,59,11,63,430,38,48,39,251,340,57,69,212,41,185,265]
IKxjHBt6OkOozveRzPk2Gw,33.52688165,-111.9133831,13,[33.498028,-111.927951,33.5557353,-111.8988152],[352,48,11]
FyY_lBFItdSHgRagaTVu5Q,33.501638299999996,-111.98276605,30,[33.4499,-112.0739,33.5533766,-111.8916321],[7,108,57,327]
OvIs2hPhBl8TCUSYPB_EFQ,33.457156,-111.9262785,4,[33.42135,-111.927751,33.492962,-111.924806],[224,11,219,218,41]
PND1GD46KWwR8pCbjVJtZQ,33.4936893,-111.9306348,1,[33.4936893,-111.9306348,33.4936893,-111.9306348],[7,194]
JPwN2CgjNap0mkIvXx9vOg,33.18362125,-111.88723335739749,16,[33.0241115,-112.0505478,33.343131,-111.723918914795],[41,11,377,323,126,212,119,48,99,97,26,43]
q0uGfGvg8wbWaOb4jNrRwQ,33.8694178318251,-112.2802734375,2,[33.8694178318251,-112.2802734375,33.8694178318251,-112.2802734375],[49,304]
yUOgVBFxZqDv5BuLe_0M1g,33.5218465,-112.0648577,1,[33.5218465,-112.0648577,33.5218465,-112.0648577],[210,11]
cxTh9xxqbs-m8Paq6jAumg,33.4079115,-111.9429155,200,[33.313774,-112.026154,33.502049,-111.859677],[60,6,126,97,11,182,48,140,26,28,170,38,39,40,212,7,108,99,128,30,13,8,63,27]
q4sJBjDnSuglGRnBNQ_MiQ,33.443695,-111.917146,7,[33.443695,-111.917146,33.443695,-111.917146],[32,203]
BdJXICzRhGXOKBzzqxQDQg,33.321864,-111.726244,4,[33.321864,-111.726244,33.321864,-111.726244],[7,24,108,119,11]
PVZvQHLBB4MfpCKFqKnkTQ,33.5515531,-111.9239788,1,[33.5515531,-111.9239788,33.5515531,-111.9239788],[168,265,11]
f_rpabHGZ4SgFZp5_jQ8KA,33.6753442,-111.9633667,2,[33.6753442,-111.9633667,33.6753442,-111.9633667],[48,11]
qJtPkAYMCanfuXmFGBTNYw,33.4727914171265,-112.04678922351499,9,[33.407162534253,-112.1839297,33.5384203,-111.90964874703],[11,27,63,57,56,39,145,69,38,40,117,99,88,298,168,48]
oLAYCM_LGlqXPnseu_p6uA,33.609115700000004,-112.0987624,4,[33.5802424,-112.2712148,33.637989,-111.92631],[65,133,265,126,97,11,224]
e8ZXaLh79xm9h5OKLavILQ,33.494427349999995,-112.04785045,6,[33.42135,-112.1708949,33.5675047,-111.924806],[97,11,219,218,41,88,38,39,89]
vM_IbSUBa3hUwKYlBGTOyA,33.4691316,-112.0475116,6,[33.4691316,-112.0475116,33.4691316,-112.0475116],[26,11]
_D8IoXGSbyHLR_7nm07E1g,33.6683181,-111.92469625,19,[33.6355242,-111.9253385,33.701112,-111.924054],[149,126,11,97]
EG1CvRUKbP3Gh82sztMKyQ,33.5733051,-111.8629763,1,[33.5733051,-111.8629763,33.5733051,-111.8629763],[28,190]
aGvpUCEKjKc4bqbVDiEhlQ,33.626907321321994,-111.9344428707885,190,[33.421617342644,-111.96086,33.8321973,-111.908025741577],[119,11,49,158,178,28,63,27,17,29,7,36,8,65,161,265,26,48,38,128,39]
ZzT3O964W9DCEnlebSnHdg,33.41449865,-111.94496555,5,[33.3351559,-111.9631173,33.4938414,-111.9268138],[74,24,11,27]
lz_fHAUauy-45aeAQKJu2A,33.480234550000006,-111.91108059999999,6,[33.3782275,-111.9297442,33.5822416,-111.892417],[63,27,11,119,99,33,7,162]
yFB5RAqbtQndEvX6hPlGtw,33.6397311,-112.1310388,10,[33.6397311,-112.1310388,33.6397311,-112.1310388],[26,39,11]
XXZiOkma4VBeZTGhbGdkNA,33.4686471,-111.93869140000001,8,[33.3518,-112.0737828,33.5854942,-111.8036],[38,99,39,11,78,79,224,26]
7z9MSWnykbUkt-ktyAvY9A,33.43440375,-112.0034247,96,[33.4240085,-112.066662,33.444799,-111.9401874],[38,99,39,11,57,327]
3AlPt8LcFqGys-9mG3iObg,33.556392,-111.9237495,7,[33.501821,-111.927561,33.610963,-111.919938],[7,11,63,265,185]
zS4tNnZaHqZZamzo0mPExg,33.51239115,-111.91734555,5,[33.3518,-112.0503324,33.6729823,-111.7843587],[33,11,26,27,43]
J9MIKNro6dUBI-iRrg_fjw,33.450348399999996,-111.93846725,6,[33.337009,-112.0711771,33.5636878,-111.8057574],[32,203,26,11,7,139,416,251]
jneVlJImyGPLc56R5C51vg,33.276252,-111.8753199,1,[33.276252,-111.8753199,33.276252,-111.8753199],[24,11]
YFV-ZC0NdHh-P6GJ0sp4IQ,33.5019817,-111.9276185,110,[33.5019817,-111.9276185,33.5019817,-111.9276185],[38,48,39,11]
6H8uMD4XWiSOzHXFzFwB4A,33.6275902,-111.9981565,27,[33.491645,-112.073196,33.7635354,-111.923117],[11,63,7,36,265,38,205,39,40,48,206,136,6,17,270,161,28,65,29,140,46]
7sKvXXHhDVA-fM5Dpa78nQ,33.43475,-112.00644,161,[33.43475,-112.00644,33.43475,-112.00644],[28,170]
w2cd1q5PI9hHfv6yeCFagg,33.4778984,-112.0565556,200,[33.4492414,-112.0742496,33.5065554,-112.0388616],[7,108,38,39,40,28,17,29,182,139,137,11]
NJ_b96lWnWXmOdBJS_Dw1w,33.369186,-111.790436,3,[33.369186,-111.790436,33.369186,-111.790436],[98,7]
0_Owni6-HjMGBUlt-i19Vw,33.566717499999996,-111.97226119999999,10,[33.508756,-112.045816,33.624679,-111.8987064],[39,38,26,127,11,177,285,140,7,139,36]
oyfinlhom5XSqFUolvHeUA,33.2733175,-111.841776,3,[33.246762,-111.842586,33.299873,-111.840966],[33,119,11,161,65]
N9ZopqEphrKBlBsFmKS02g,33.3660921,-111.87736989999999,19,[33.3550442,-111.965209,33.37714,-111.7895308],[28,17,29,185,11]
L3xw9bfKdJ_LaZbCwI9HGA,33.3090064,-111.8411708,46,[33.3090064,-111.8411708,33.3090064,-111.8411708],[26,11]
pGfOG2zSFSZ64wJDyZgWwg,33.4548476,-112.0800705,2,[33.4548476,-112.0800705,33.4548476,-112.0800705],[63,27,24,11]
LdyI-GiQEMMPuwVQOL0-Qw,33.502049,-111.9182798,2,[33.502049,-111.9182798,33.502049,-111.9182798],[38,11,99,128,39]
dhmRB9S-0_LR7p6pIuWFpw,33.5025941,-111.9296765,4,[33.5025941,-111.9296765,33.5025941,-111.9296765],[265,48,11]
rNuUNpgTODFjNpL0lJ8wuQ,33.4495327,-111.9868483,200,[33.4495327,-111.9868483,33.4495327,-111.9868483],[168,11]
J2YM0tXQKmOF6RtVIzH8-A,33.494083200000006,-112.0286646,4,[33.4352894,-112.132431,33.552877,-111.9248982],[7,138,139,11,33,44,162,57,470,145,39]
jyaH5P_g1msr9XJJg8C3hg,33.587126,-111.996546,1,[33.587126,-111.996546,33.587126,-111.996546],[32,314]
rkLY2t1AW1m8wMtwIZW3kA,33.55453970000001,-111.92749620000001,5,[33.497145,-111.9278401,33.6119344,-111.9271523],[7,11,63,123,65,38,128,39]
lklmLkfxanookYtlqCim8g,33.30142205,-111.83790450000001,7,[33.2847441,-111.842609,33.3181,-111.8332],[28,17,18,29,10,24,11,7,33,48,47,194]
JtpcAZ-C1UI7jGx5MiQmUQ,33.677854,-111.978579,2,[33.677854,-111.978579,33.677854,-111.978579],[7,108,201,119,11]
-2u23VxjDrJhHnPW8KxCyQ,33.381506900000005,-112.0112028818865,4,[33.2976776,-112.0827836,33.4653362,-111.939622163773],[109,38,27,39,11,40,106,54,107,63]
5zzokpA0YVKltOEauBOTbg,33.63991445,-112.12580095000001,3,[33.6397237,-112.1292664,33.6401052,-112.1223355],[218,41,11,26]
tLKflvTo9UHNq7MlKIw0kA,33.3107512,-111.85851495,5,[33.3021074,-111.874965,33.319395,-111.8420649],[224,11,104,161,195,65]
cvtKX_dgiKvUCBIeJLnPjQ,33.4566960573784,-112.072327136993,100,[33.4566960573784,-112.072327136993,33.4566960573784,-112.072327136993],[119,11]
k38PoujPd5jirMfUaJUkqg,33.8649126,-112.1388544,4,[33.8649126,-112.1388544,33.8649126,-112.1388544],[119,11]
P5qsu3aPKu1UicFR3OMtiw,33.448866499999994,-111.96852785,137,[33.390792,-112.012504,33.506941,-111.9245517],[475,48,11,109,38,39,210]
_btf1u6_jezUoy-H1nChew,33.3785331,-111.87550145,6,[33.362719,-111.8761389,33.3943472,-111.874864],[126,11,89]
jccGOMPTOGS22Tp2m9PAog,33.47778605,-111.9723309,73,[33.3156591,-112.2745209,33.639913,-111.6701409],[7,162,108,98,49,80,82,59,142,38,39,33,11,43,382,161,65,119,265,13,6,115,99,48,26,57,69,63,27,24,143,8,148,292,101,445,66,52,92,15,224,322,28,190,36,84,21,359,47,88]
1zKpgs-JZixiWiS8PWdj2w,33.5636878,-112.0595603,3,[33.5636878,-112.0595603,33.5636878,-112.0595603],[32,203]
vSRKqB7pjncfS6fc0Hv4Ig,33.58015105,-112.0484158,2,[33.5612589,-112.1156244,33.5990432,-111.9812072],[48,185,11,64,65]
NVEtbagIwQA-VjzbJZLWQw,33.637988,-111.972712240576,5,[33.597361,-111.9813513,33.678615,-111.964073181152],[38,99,33,39,128,11,7,142,63,27,46,6,36]
brOh2VXvWAPxlH8322W2KQ,33.489809449999996,-112.2232963,6,[33.441414,-112.557102,33.5382049,-111.8894906],[99,11,265,48,38,128,39,296]
nK74XYEJBa2Z5OLN5O6HYA,33.4969773,-111.9275971,13,[33.4969773,-111.9275971,33.4969773,-111.9275971],[101,38,26,39,11]
NSv48WqiQO6QNObKj5gloA,33.3946713,-111.9798888,2,[33.320211,-112.0475116,33.4691316,-111.912266],[26,11,49,193,59]
1_zj7B1bRgE7dC6tywUcTQ,33.4212522,-111.99131665,23,[33.304861,-112.0740863,33.5376434,-111.908547],[33,119,99,11,27,224,246,7,139,24,17,423,10,4,5,6,109,38,48,39]
9y7RhOtaDLBOH2SJeOV9fQ,33.5100398,-112.0146407,2,[33.5100398,-112.0146407,33.5100398,-112.0146407],[33,38,39,11]
Wb_kZ07Zsj8PLFcsiMeixw,33.497928,-111.92760899999999,182,[33.497828,-111.927951,33.498028,-111.927267],[352,48,11]
