VY-asN6kTxKs6WxlbsvqEg,33.39960785,-111.91684194999999,3,[33.3786447,-111.942444,33.420571,-111.8912399],[101,38,57,39,145,168,298,88,11]
Wacc78SKtUbcm2Ioh6LetA,33.472380799999996,-112.0481704,3,[33.4642695,-112.0741442,33.4804921,-112.0221966],[11,63]
DBAg7I65F1lVwKU7UaScag,33.4867751,-112.0268791,23,[33.448685,-112.0670453,33.5248652,-111.9867129],[177,140,11,41,26,43,33,99,10,168,144]
0B8XHsrWEaa4A35GDwCRbg,33.6382405,-112.0204248,16,[33.597866,-112.066243,33.678615,-111.9746066],[265,11,84,124,57,69]
6PK5A42TUkNJSJKg5PAI5g,33.626933,-112.100731,2,[33.626933,-112.100731,33.626933,-112.100731],[212,26,11]
MF6Y9A9AnrsrHrtXh_qmUA,33.626933,-112.100731,33,[33.626933,-112.100731,33.626933,-112.100731],[212,26,11]
TA0ODdk0Qr3ONAp_aAsfWw,33.3068367093802,-111.743672043085,7,[33.3068367093802,-111.743672043085,33.3068367093802,-111.743672043085],[7,142,292]
K5ELQJBhgNTexIvKfZdGCw,33.42435943642805,-111.96514149999999,10,[33.2664769,-112.072167,33.5822419728561,-111.858116],[48,11,95,374,32,164,7,98,10,9,63,251]
MrrC3tPlM8WnNTX9ciQLDg,33.1887995,-112.005879,7,[33.058222,-112.045451,33.319377,-111.966307],[26,11,212,229]
fm5-O3_otnzaAFHYH4pYRw,33.54246365,-111.9996219,200,[33.4292429,-112.0737828,33.6556844,-111.925461],[101,38,39,128,161,28,65,17,29,26,11,210,99]
LOZgMx3mJPzmCVtlJ1KpfA,33.427451149999996,-111.9885787,6,[33.317906,-112.0474809,33.5369963,-111.9296765],[6,204,65,126,97,11,127,13,21,22,99,28,17,29]
rLEnNbrf76bya1IB_R--Jg,33.4782691,-112.15928025,4,[33.317422,-112.3916335,33.6391162,-111.926927],[127,11,96,72,207]
x79EzqthUyRSYYWmDx91ag,33.4576266,-112.0474748,1,[33.4576266,-112.0474748,33.4576266,-112.0474748],[168,26,11]
rC5ZPQrnoYrbB-jO9-mKpw,33.46499915,-112.06872154999999,140,[33.4504575,-112.0743441,33.4795408,-112.063099],[265,11,28,17,29,26,39,298,57,145,33,120]
Xx7y9XnmhGXqmC8Cah0GQQ,33.335548,-111.907832,3,[33.335548,-111.907832,33.335548,-111.907832],[167,65]
HBf3sHyt1EKSVKAeGgWquA,33.61821475,-112.3944185,4,[33.6075896,-112.433172,33.6288399,-112.355665],[38,48,39,11]
RUBbavdRixfbEg9dTxg36A,33.4146742,-111.913402,1,[33.4146742,-111.913402,33.4146742,-111.913402],[251,11]
G6UKREh9RiMVeX5z7OoDCA,33.3574524,-112.4296587,1,[33.3574524,-112.4296587,33.3574524,-112.4296587],[119,11]
u2HiEKleakHcahw3xv2KWw,33.449233,-112.065458,49,[33.449233,-112.065458,33.449233,-112.065458],[27,11]
QAmm3q_FAqRDc5dmHS4NIA,33.5093372,-112.0608177,1,[33.5093372,-112.0608177,33.5093372,-112.0608177],[212,63,97,11]
TitYPZtCxlog6HM743LobQ,33.510953,-112.05048455,6,[33.508756,-112.073765,33.51315,-112.0272041],[177,285,140,11,99,63]
op4C8nlHjHd9ztAbT0JNNA,33.619412,-111.8980932,2,[33.619412,-111.8980932,33.619412,-111.8980932],[44,24,11]
S5hUJTLbnCxidsR5IRsKzQ,33.470775849999995,-112.04876784999999,14,[33.4315119,-112.082895,33.5100398,-112.0146407],[8,26,7,138,139,11,33,307,27,172,212,97,322,57,117,214,38,39,10,24]
DP0TmMEJqPaa32aLZhrXTQ,33.5943770286892,-111.96397594999999,79,[33.4566960573784,-112.0821641,33.732058,-111.8457878],[265,11,33,38,117,39,119,126,97,26]
fgCCW0BTdIjm0WzdqRFudw,33.6459785,-111.9170571,1,[33.6459785,-111.9170571,33.6459785,-111.9170571],[33,265,11]
-Nk6I9s4DxANLQjerla5pQ,33.5555237,-111.8987034,2,[33.5555237,-111.8987034,33.5555237,-111.8987034],[218,11]
Kgg_5zuZLqg4awv2tyzKyQ,33.318498,-111.688244,1,[33.318498,-111.688244,33.318498,-111.688244],[161,65]
j5cGrefNyxfUwAAKewlWtQ,33.5092093,-111.9885861,1,[33.5092093,-111.9885861,33.5092093,-111.9885861],[99,24,11]
Ul6AkalZ_IJMdg27H9UPwg,33.6397237,-112.1223355,2,[33.6397237,-112.1223355,33.6397237,-112.1223355],[218,41,11]
3MJv1URj5opX2Av77NIf4g,33.37898525,-111.88308995,12,[33.336677,-111.9258672,33.4212935,-111.8403127],[192,11,26,63,27,33,229,39,340,38]
7KxHQuS_zmHrhsCBoFLLtA,33.527793700000004,-112.03835749999999,5,[33.4164522,-112.1505589,33.6391352,-111.9261561],[224,11,43]
HEI-jpoChL2-gl2sANZsdA,33.40646775,-111.7982241,32,[33.3777,-111.842994,33.4352355,-111.7534542],[106,54,226]
X058wMroi_Uyz2xMkKNEAA,33.436027,-111.9956337,152,[33.436027,-111.9956337,33.436027,-111.9956337],[99,11]
aI8UXirXvGbWGmMuQEai9g,33.5144904,-112.07913555,9,[33.476084,-112.103239,33.5528968,-112.0550321],[181,11,26,7,8,218,41,84,6,166,339,292,340]
y-w2Lh9FWlC0d-3jx6GwBw,33.538748,-112.064759,1,[33.538748,-112.064759,33.538748,-112.064759],[99,26,11]
bmbJdUhuu2UFbM70u37njg,33.4732683,-112.0649453,200,[33.4732683,-112.0649453,33.4732683,-112.0649453],[7,33,142,24,11]
nVulrkxHaCX6f3RGb24cYQ,33.4640706,-111.9868793,117,[33.4640706,-111.9868793,33.4640706,-111.9868793],[28,17,29]
fDGhrZ59p4fV2tBMv5HCXg,33.5577272,-111.98615225,14,[33.45977,-112.0741625,33.6556844,-111.898142],[11,33,63,224,265,185,126,97,27,109,38,48,39,99,26]
EH_Ho2wpdTxIvohQb0wLfw,33.46655,-111.96943095,43,[33.423546,-112.015207,33.509554,-111.9236549],[38,99,39,40,11,48,28,17,29,109,440,168,265]
ofMCLE35PksHY4C1K9nm8w,33.4770236,-112.073629,58,[33.4770236,-112.073629,33.4770236,-112.073629],[109,38,48,39,11]
Eb6jrVgXVJXRcdCIb6955A,33.4058834,-111.9161035,74,[33.313553,-111.957417,33.4982138,-111.87479],[24,11,182,48,140,83,6,38,39,26]
_qT3bYTRwfaoJ9fForuFpg,33.5566825,-111.99167385,17,[33.43475,-112.066662,33.678615,-111.9166857],[26,11,33,117,307,212,43,98,7,113,6,116,373,182,41,28,170,49,322,57,146,52,327,48,137,8,139,292,345,84,346,141,23,44,296,185]
TPyz7VSq9hnI-6bDGAIZPA,33.570059,-111.951399715069,44,[33.4938219,-111.985681,33.6462961,-111.917118430138],[7,142,28,158,17,29,99,11]
4zkzSdIYQPWtiBX2fqORLQ,33.49800901376755,-111.941826939583,51,[33.4740662,-111.97437286377,33.5219518275351,-111.909281015396],[49,52,333,326,10,11,24,63,445,66]
4zinPJ38-WxjPPomn7CPAQ,33.4915535,-112.1116401,94,[33.304492,-112.364213,33.678615,-111.8590672],[26,11,117,33,38,48,39,126,97,7,108,109,27,63,24,14,15,6,145,57,88,298,46,8,36,47,40,99,313,54,317,89,119,98,186,404,182,194,212,43,44,265,74,205]
uq-Gjs9wDbO73L1G5JIwgQ,33.5300515,-112.0724065,12,[33.420571,-112.202369,33.639532,-111.942444],[39,7,108,27,24,11,182,57,186,6,38,168,298,88,26,40,12,13,22,33,142]
eWS4TIX7MeVLzChHU3rD5g,33.6032634,-111.9781795,4,[33.6032634,-111.9781795,33.6032634,-111.9781795],[98,7,24,11]
buRyLxJlixMPynziNY8ttQ,33.3975782,-111.884311,4,[33.362184,-111.909142,33.4329724,-111.85948],[112,6,27,11,7,8]
m3dRCU88YU9_GawEqX4gBw,33.52015920625795,-111.962134799202,5,[33.4130141,-112.029503,33.6273043125159,-111.894766598404],[57,69,48,11,84,345,6,346,188,23]
idG_0ZMZKToM0969WVOn3w,33.4925020001075,-111.924118995667,1,[33.4925020001075,-111.924118995667,33.4925020001075,-111.924118995667],[119,99,11]
GVu2U0oK3SneUWgUblbRYw,33.651512,-112.193433,3,[33.637161,-112.19974,33.665863,-112.187126],[7,9,119,11,265,126]
QZhQVR0gf5Ye_sJrVG94ZA,33.638405,-111.979837,1,[33.638405,-111.979837,33.638405,-111.979837],[30,4,13,6,160]
ZCxueIjc9QfrM6Yo808UnQ,33.4953429,-112.0137261,4,[33.4953429,-112.0137261,33.4953429,-112.0137261],[84,147]
1RJBhOSq1-W21j7nU7bPwA,33.4946259,-111.989339,1,[33.4946259,-111.989339,33.4946259,-111.989339],[27,140,11]
LbxvmdVEC9WU5zTk0giHhw,33.62745115,-111.971180036133,10,[33.3847552,-112.259674072266,33.8701471,-111.682686],[33,99,11,210,175,129,121,79,10,24,63,49,158,178,28,312,57,504,91,96,72,69,48]
hmytRRWOt1rsCVcVLUWeRQ,33.322668,-111.822674,2,[33.322668,-111.822674,33.322668,-111.822674],[27,11]
1Y0FNejhQg47mBpTK0EDEA,33.436136000000005,-111.98791025,10,[33.414333,-112.0520855,33.457939,-111.923735],[26,11,168]
WHi6um_c1RaFecYZ-TlRfQ,33.400029849999996,-111.90099040000001,14,[33.298078,-112.056065,33.5019817,-111.7459158],[38,48,39,11,7,108,63,181,229,126,43,26]
aVYFFuFNcRyOINyddfnisA,33.3695055,-111.89524,2,[33.319011,-111.97048,33.42,-111.82],[328,32,203,48,11]
HJLwvRnK22elM2vA4C4XtQ,33.38223965625795,-111.8066953,200,[33.137175,-112.0739136,33.6273043125159,-111.539477],[43,11,309,169,44,12,61,13,6,224,285,28,17,29,24,83,119,65,133,7,108,161,27,99,8,117,26,36,49,146,39,341,63,30,200,57,69,48,84,147,98,265,185,236,103,32,302,110,1,141,170,345,346,45,35,76,38,126,97,33,137,139,273,4,186,229,194,93,3,153,10,14,15,41]
Y9_iiOLPuy0R3fV5olvd0Q,33.8303701,-111.9317707,4,[33.8303701,-111.9317707,33.8303701,-111.9317707],[48,11]
D_BWrb2H6ILPN_ylMqj2FQ,33.503706,-112.06214030000001,4,[33.49112,-112.083886,33.516292,-112.0403946],[7,108,28,17,29,63,27,11]
77VXkV2mtQm-JOns2yY-6Q,33.624036015123,-111.928024291992,2,[33.624036015123,-111.928024291992,33.624036015123,-111.928024291992],[206,11]
3Z2c8dL_nRXc7dd5_sFsPw,33.5075897,-112.03475675000001,58,[33.5024095,-112.0740123,33.5127699,-111.9955012],[109,38,11,39,63,27]
awG43adQ5rJVY7HwHIgpdQ,33.6116508042702,-112.165567972652,2,[33.6116508042702,-112.165567972652,33.6116508042702,-112.165567972652],[149,11]
hj6Opr81G2zabUl8fhdCVA,33.4698955,-111.91907649999999,2,[33.393183,-112.047023,33.546608,-111.79113],[49,321,59,227,32]
WcnFWEVx9HO4eplGqvvr1w,33.54092455,-111.9940173573975,162,[33.2079773,-112.2641158,33.8738718,-111.723918914795],[48,296,11,224,57,327,30,13,6,45,65,7,148,204,137,8,139,292,142,247,333,162,43,27,63,24,49,231,219,218,157,103,168,42,202,72,309,285,99,115,239,108,140,185,60,106,54,280,33,117,26,201,194,88,38,39,71,96,184,47,119,120,74,251,212,377,323,417,80,59,149,110,229,138,44,41,98,200,177,192,439,145]
n8yI65hI3wGBBYddnz1dfw,33.621558657654205,-112.109956488828,11,[33.6029318153084,-112.2387233,33.6401855,-111.981189677656],[26,11,10,24,33,7,98,9,168,41,119]
hqQietyMWhUDCoD8x_F3tw,33.482856049999995,-111.9173236,3,[33.4787939,-111.9259092,33.4869182,-111.908738],[7,8,174,54,195,65,39,119,26,38,11]
AgqVNnhiyI_lOwK-tybL9Q,33.3358523,-111.8205495,1,[33.3358523,-111.8205495,33.3358523,-111.8205495],[109,38,48,39,11]
npcvn0Opn0UHXOM6exYUBQ,33.415501,-111.837456,123,[33.415501,-111.837456,33.415501,-111.837456],[10,48,24,11]
uVpl6vIaGuQ6hUy8yvpSVA,33.4217211,-111.927754,5,[33.4194512,-111.939582,33.423991,-111.915926],[99,11,38,7,47,88,39,48]
_87ULwGqhTssgXV8U7J6qg,33.3545993,-111.7898391,1,[33.3545993,-111.7898391,33.3545993,-111.7898391],[119,99,11]
VEGCCQNznRfl2tgaZporjA,33.4923301,-111.9271891,1,[33.4923301,-111.9271891,33.4923301,-111.9271891],[64,65]
9d81efoz-TpGXmTRmbV_pA,33.4354553,-112.0739136,65,[33.4354553,-112.0739136,33.4354553,-112.0739136],[309,285,11]
MpuatpNcuH0g-gh4tMElvQ,33.3022417,-111.9110547,1,[33.3022417,-111.9110547,33.3022417,-111.9110547],[99,11]
QjJLGgZ8BAD50WOWVP04yQ,33.384398,-111.858873,19,[33.384398,-111.858873,33.384398,-111.858873],[119,11]
-aVqQ4S8_pTIR6CQTog7aw,33.387010697155404,-111.9321529,9,[33.3187306943108,-111.9878697,33.4552907,-111.8764361],[43,11,42]
ZKo18Z7ardK2O-UkwqvKxA,33.47999625,-112.0183975,4,[33.4657562,-112.0649666,33.4942363,-111.9718284],[474,219,11,218,41,119,201]
HIuyXxfyXhjTFV6gZDVe6w,33.6316535,-112.1834827,5,[33.6108224,-112.2359371,33.6524846,-112.1310283],[63,27,11,7,142]
feoYMFEhnMUZjruHm2r3Ag,33.4947886,-111.96513875,3,[33.4803679,-111.9955012,33.5092093,-111.9347763],[7,8,119,11,108,24]
gpkcKkSAWu9wZAe_u7nm_w,33.6721537,-111.8904909,5,[33.6721537,-111.8904909,33.6721537,-111.8904909],[178,32,18,17,49,95]
7gvckmeIBKGazVaOq4HtVQ,33.290118993519,-111.91625114038999,4,[33.266696887038,-111.99153418078,33.3135411,-111.8409681],[17,62,28,29,11]
hwqHJ__VkaFY_bVHnXaQWw,33.4537869019623,-111.927165985107,5,[33.4537869019623,-111.927165985107,33.4537869019623,-111.927165985107],[182,172,11]
QS_RjizQzUUpWypV1IO7tQ,33.447521,-112.063434,2,[33.447521,-112.063434,33.447521,-112.063434],[309,11]
iT34uqPxJv4S4pfTzj3FtA,33.507425,-112.0366323,3,[33.507425,-112.0366323,33.507425,-112.0366323],[11,63]
o8iJD5XEq72DcWrRAB7xGA,33.498915,-111.928258,1,[33.498915,-111.928258,33.498915,-111.928258],[26,11]
T-fNA0Z-iEzRhSiIlxs38w,33.353851503792995,-111.793966075485,11,[33.220784807586,-112.004661,33.4869182,-111.58327115097],[185,11,88,38,39,33,474,119,109,63,26,41,43,7,142,190,28,140]
TRiUoSTidEv4U2Of9DPeBw,33.5822419728561,-111.882346097728,17,[33.5822419728561,-111.882346097728,33.5822419728561,-111.882346097728],[7,98,10,9,11]
z0wEqlqkzdJIE-CcdvU0mA,33.560295499999995,-112.13113799999999,6,[33.449188,-112.185076,33.671403,-112.0772],[117,214,11,27,251]
mbgppRfYH0kC7p7X2VPcGg,33.462620799999996,-111.9957787,12,[33.4150348,-112.073085,33.5102068,-111.9184724],[182,48,140,11,108,7,139,137,15,6,191,8,49,65,193,59,99,45]
PQOk3AaaODhSykbqYsSgEg,33.497771578689196,-111.9993682184965,19,[33.4566960573784,-112.072327136993,33.5388471,-111.9264093],[7,148,48,201,11,38,57,39,145,63,119,161,195,65,99,265,483]
zXASX3yE64WKcp8Zar_35g,33.3545157,-111.9341269,2,[33.347591,-111.95738,33.3614404,-111.9108738],[119,99,11,202,72,281,269]
i4dYFyRoskak-jt0NHtOSw,33.3359104,-111.9080449,4,[33.3359104,-111.9080449,33.3359104,-111.9080449],[11,63]
PRQ5G6s7x4AoTQOZP0Tl1Q,33.65235215,-112.00114099999999,2,[33.5071469,-112.0744706,33.7975574,-111.9278114],[48,11,43]
2H16SY5Poo-QnivMiJ5MvA,33.732153,-111.8537306,108,[33.732153,-111.8537306,33.732153,-111.8537306],[28,17,29]
66mNd4ZFjG7hppu9S8QjoQ,33.35803365,-111.8595339,9,[33.3344463,-111.9763848,33.381621,-111.742683],[377,323,11,168,48,63,434,103]
xZJO6cRX6OHabaePvPzsXw,33.5011978,-111.90778225,6,[33.4643735,-111.9275459,33.5380221,-111.8880186],[119,48,24,11,41,400,33,149]
v8G7Fzq2bjvBNs9BX-qggg,33.5701344,-112.03122325,7,[33.5019817,-112.134828,33.6382871,-111.9276185],[26,11,224,99,48]
IJ24rd1cI8w0oKWWvW7ZPw,33.7150071,-112.1129733,13,[33.7150071,-112.1129733,33.7150071,-112.1129733],[62,17,185,11]
t6Nfy-em_6GNz1OXxRSERw,33.479357449999995,-111.9989995,65,[33.4493777,-112.0743441,33.5093372,-111.9236549],[97,11,39,298,57,145,88,38,89,168,99,40]
wsD1-OjZbRy2iT4Ov-yBbg,33.506018,-112.082947,1,[33.506018,-112.082947,33.506018,-112.082947],[6,70]
KYhrCC7eFAFeqhGH3U_9IQ,33.508533016607,-112.029066725112,1,[33.508533016607,-112.029066725112,33.508533016607,-112.029066725112],[210,11]
Yk8z0GEnddIEnEDSifbhjw,33.5410356,-112.1851758,2,[33.5410356,-112.1851758,33.5410356,-112.1851758],[7,292]
gOV8nHj7JIKHoBUJKHZPuw,33.5683830084845,-111.96143533675249,38,[33.453287016969,-112.0610433,33.683479,-111.861827373505],[43,11,38,39,40,63,224,212,229,120,48,24,99,128,206,109,440,265,98,7,119,352,17,62,145,57,205,101,327,177,140,27]
1lDX7A9v8C-L7gS-__48NA,33.5100398,-112.0146407,23,[33.5100398,-112.0146407,33.5100398,-112.0146407],[33,38,39,11]
uA18GuF_ezOH6tXkrrykbw,33.496498849999995,-111.9783525,56,[33.3373133,-112.1164668,33.6556844,-111.8402382],[38,39,40,63,27,24,11,7,292,313,168,99,181,229,12,13,6,120,119,33,142,65,133,169,224,48]
laAGLP6AWMB8ij3aTDC6Ag,33.4471735,-112.073781,1,[33.4471735,-112.073781,33.4471735,-112.073781],[28,17,29]
gPgpg7HXHBKu2pkefNFgkw,33.4862446,-111.92689114999999,7,[33.3478272,-111.943525,33.624662,-111.9102573],[109,38,48,39,11,7,292,98,63]
dMTKoP6DthXxuJfebBEFnA,33.4211681,-111.942514,6,[33.4211681,-111.942514,33.4211681,-111.942514],[421,65]
5HFICqWQjG6Q81UWpByFMQ,33.6382731,-112.2296324,5,[33.6382731,-112.2296324,33.6382731,-112.2296324],[97,11]
CdQi_Vj7xgr8k0dXLcO3Gg,33.4413747,-111.8955758,9,[33.4335164,-112.065458,33.449233,-111.7256936],[27,11,43]
pyRgw1SC4UHBIIZfcSJu6g,33.51963165,-111.91702235,4,[33.501161,-111.925513,33.5381023,-111.9085317],[62,27,17,11,206]
h-iITaIe6R2ml8GMa8efFg,33.549553,-111.9864185,8,[33.4950535,-111.9958183,33.6040525,-111.9770187],[11,63,126,27,74,38,99,128,39,296,177,140,33]
hANn-OzlMa_bDl31nWZwkA,33.4967205,-112.05286865,30,[33.484487,-112.07643,33.508954,-112.0293073],[224,11,28,17,29]
KsVW_y4ALL5S_FIYP7ybsA,33.58852545,-112.02199285,7,[33.4660407,-112.1142778,33.7110102,-111.9297079],[24,11,7,108,99,126,97,27]
wlYei-pU7jy-MkEwAWgEdg,33.6402885,-112.0828421,1,[33.6402885,-112.0828421,33.6402885,-112.0828421],[54,55]
r0RATkLlbBgVkZqGl7GkeA,33.7121367,-112.2014742,1,[33.7121367,-112.2014742,33.7121367,-112.2014742],[43,11]
Tbq3vfXczm9jBjQKry0f1w,33.5110223,-112.0737662,2,[33.5110223,-112.0737662,33.5110223,-112.0737662],[6,45]
syeVHkzH1kvf_u1CseOuCQ,33.50613465,-112.14214925,27,[33.373465,-112.3923925,33.6388043,-111.891906],[24,11,7,36,38,39,109,35,6,32,433,77,33,189,72,184,297,141,104,133,65,27,158,28]
ws6BQnim4x2dqDeW5qyD3Q,33.37852545,-111.78565175,24,[33.335064,-111.9366872,33.4219869,-111.6346163],[84,32,336,318,27,11,212,361,296,38,128,39,33,30,8,13,6,7,110,63,10]
WGMuf-8GWekUbCaz5NzmwA,33.475721449999995,-112.07773885,3,[33.4549678,-112.0839659,33.4964751,-112.0715118],[119,11,14,15,6,99]
OPStKHloEOVxcBtFgkzh2A,33.43412960405795,-111.831670825485,163,[33.2125748081159,-112.0800705,33.6556844,-111.58327115097],[74,27,11,7,47,48,10,24,38,39,373,196,43,192,98,26,33,206,88,210,181,44,54,55,256,63,108,119,99,185,161,195,65,109,224,137,8,139,136,17,20,23,243,352,265,41,28,158,29,127,138,149,126,89,190,140,218,251]
Nuhe9A4bVtOcme6UYg-OOw,33.49492865,-111.99942415000001,4,[33.494459,-112.0035196,33.4953983,-111.9953287],[38,99,88,39,40,11,73,72]
Vv-CASsmOGSpP8EZwR-GvA,33.6128816,-111.9778065,5,[33.6128816,-111.9778065,33.6128816,-111.9778065],[177,140,11]
EiuATmKBHxLoaHxbKUlG_g,33.47300545098115,-111.9258549925535,15,[33.4537869019623,-111.927165985107,33.492224,-111.924544],[182,172,11,7,108,247]
o8n4STKIzwK1Qa1WE4bcQQ,33.3630958,-111.9112208,3,[33.3630958,-111.9112208,33.3630958,-111.9112208],[7,36,8]
MM2oeJE5c3SNpVIfD5T5-A,33.6308784,-112.2382757,50,[33.6308784,-112.2382757,33.6308784,-112.2382757],[265,99,11]
_vX8GF9uMxkGtMy_k7BeEg,33.4922985,-111.9245517,5,[33.4922985,-111.9245517,33.4922985,-111.9245517],[210,11]
CyQ0mP-q6cLWjgBBJt-J_g,33.4671012,-111.9131189,2,[33.4329724,-111.921935,33.50123,-111.9043028],[57,69,56,39,38,26,128,11]
0_TkU3ASPMjyPt5RgWJQ6g,33.4526415286892,-112.07591325,6,[33.448587,-112.0800705,33.4566960573784,-112.071756],[38,48,39,11,119,40,63,27,24]
SmHnDzXeiJdzCPyFbWlSJw,33.414716,-111.834471,1,[33.414716,-111.834471,33.414716,-111.834471],[57,39,145]
0JNxoPVIJCA6gi--oD08YQ,33.376608700000006,-111.98734759999999,132,[33.3184674,-112.00644,33.43475,-111.9682552],[109,38,265,39,11,28,170]
EzLtOi71bUSaWZip_LM0ew,33.4607105,-112.06490585,2,[33.4503996,-112.0649272,33.4710214,-112.0648845],[322,57,26,11]
4cvPlTjSV3z7ScIlHbSM7w,33.4285835,-111.99976000000001,13,[33.407368,-112.074714,33.449799,-111.924806],[169,44,285,11,99,28,442,241,377,149,97,185,251,57,56,145,186,39,6,309,63,27,224,88,38,89]
SFugC_G3V8OoT6ruPOszqw,33.566213250000004,-111.9426626,10,[33.4962205,-111.9865579,33.636206,-111.8987673],[38,140,39,40,48,11,265,126,97,352,127,63,109,26]
OqifsremTSbPISQv5tjQgA,33.383431349999995,-111.98002579999999,38,[33.272043,-111.9802308,33.4948197,-111.9798208],[49,265,146,11,119]
UKjpqKaauz-8DrcU5vgWEw,33.2762703,-111.8753205,1,[33.2762703,-111.8753205,33.2762703,-111.8753205],[99,11]
HQaXp8pI3hGbqmxM-AqWfA,33.38669605,-111.9090261,7,[33.3402863,-111.9647327,33.4331058,-111.8533195],[88,298,39,38,11,104,161,64,65,133]
41fGb1edWjeIcTAjca2HNw,33.700033,-111.888462,2,[33.700033,-111.888462,33.700033,-111.888462],[27,11]
Z-JeH4dJzTcIy_sqi0bwDQ,33.4360415,-111.9956337,8,[33.4360415,-111.9956337,33.4360415,-111.9956337],[28,240,241]
jwkYA2lVTMe1_s8vgQqhIA,33.2815660319081,-111.97295665741,6,[33.2815660319081,-111.97295665741,33.2815660319081,-111.97295665741],[57,145,258,39,28,17,29]
-aXSa9A_Yr3a6Gyrqich2A,33.3212765,-111.9777098,1,[33.3212765,-111.9777098,33.3212765,-111.9777098],[84,124,125]
IKkIWwKF0NCR7_yT41fUDQ,33.494247,-111.92975,5,[33.494247,-111.92975,33.494247,-111.92975],[109,38,48,39,11]
pJ6jtEZZAdqR_6L5Dy3FIg,33.57313074971805,-112.10363505000001,7,[33.5062078,-112.180066,33.6400536994361,-112.0272041],[48,11,98,7,119,63,27,338,382,206,39,38,40,126,97,108]
kyTt_tIXiUU9FKPn2Bpxvg,33.50426399008665,-111.99231955464151,16,[33.4330350801733,-112.079081,33.5754929,-111.905558109283],[10,119,11,120,28,17,29,88,38,39,89,63,99]
nF98Wf6ytap7wl58D3oJwA,33.530335,-112.047101,2,[33.530335,-112.047101,33.530335,-112.047101],[26,11]
XfnOH3XOqBl13dxKcVTsgA,33.3789361,-111.79730315,9,[33.3478272,-111.9102573,33.410045,-111.684349],[43,11,7,292,98]
JgS8p-g-omZtdjLpJpPNHQ,33.43475,-112.00644,1,[33.43475,-112.00644,33.43475,-112.00644],[28,170]
unZW1W10KirxTiGPCioizA,33.452035949999996,-112.06948885,2,[33.4514309,-112.0701057,33.452641,-112.068872],[48,11,177]
yiVbYlo_TCHc8hv5tKXdRw,33.4296694,-111.8711899,4,[33.4296694,-111.8711899,33.4296694,-111.8711899],[49,80,82,59]
Pbg7HiWG6VsjSBhS5qnlkw,33.4619041582952,-111.9624648707885,101,[33.4218047,-112.016904,33.5020036165904,-111.908025741577],[33,119,99,11,185,7,47,168,265,24,49,28,190,367]
Uo5f4qhP0122j71IcJ1EOg,33.45023665,-111.91875675,46,[33.3359104,-112.0477237,33.5645629,-111.7897898],[33,11,26,38,39,177,84,147,117,48,251,212,361,168,99,43,63,27,127,88,7,47,128,108,41,400,10,24]
MHILG4i44KNLrH0oFFG8Jw,33.4876443,-111.9270311,1,[33.4876443,-111.9270311,33.4876443,-111.9270311],[195,65]
3WyS2BN2QWzUi-VuPk8kFA,33.5079662,-111.99842545,8,[33.491645,-112.073196,33.5242874,-111.9236549],[210,11,38,140,39,40,48,17,18,224,99,127]
8tcAvVnaReFe1vlxLN4DAA,33.4377465,-112.0114223,4,[33.4377465,-112.0114223,33.4377465,-112.0114223],[26,11]
-VzCDVlUUBuPUcvmAEsgkA,33.3022462,-111.897967,2,[33.3022462,-111.897967,33.3022462,-111.897967],[98,7,201,11]
FduzeBaCHE2BU-8idnMdQg,33.542193,-111.925634,27,[33.542193,-111.925634,33.542193,-111.925634],[265,126,97,11]
NIq1KwXKmtuAK7bP2ZPrvg,33.4230344,-111.9262026,16,[33.4230344,-111.9262026,33.4230344,-111.9262026],[99,11]
VU4b4p3FAvb81SrpQaHOtA,33.59731275,-111.9226717,2,[33.4940321,-111.9235128,33.7005934,-111.9218306],[119,26,185,11]
sVGQTlbNZXXvPhamW_CYPQ,33.6477966,-111.9320694,1,[33.6477966,-111.9320694,33.6477966,-111.9320694],[288,32]
A49G25QA2D_wOco4x3T5eA,33.548933,-112.046248,1,[33.548933,-112.046248,33.548933,-112.046248],[48,11]
IALpp_O9r7vQVGu7Bd_eSA,33.49112,-112.079081,7,[33.49112,-112.079081,33.49112,-112.079081],[26,11,28,17,29]
ygCorcU320XT3tPf5bSxCA,33.5013308,-111.9219316,1,[33.5013308,-111.9219316,33.5013308,-111.9219316],[38,48,11,128,39]
V4VW69mBsRzfa3mLmyBqLQ,33.51697165,-111.91894385,200,[33.3933063,-112.00644,33.640637,-111.8314477],[38,168,298,88,39,11,265,185,28,170,10,24,63,7,47,48,109,14,15,6,27,57,56,145,182,172,49,178,17,29]
aIAjAU-6NH583EkQ6E9KRw,33.500826999652006,-111.9764035,126,[33.333925,-112.078017,33.667728999304,-111.87479],[109,38,48,39,11,26,57,69,56,192,84,147,7,138,8,139,182,172,168,298,88,99,36,33,119,162,43,24,4,13,6,115,160,106,54,107,404,451,307,63,27,108,137,214,239,296,145,186,311,40,142,292,117,206,65,133,120,322,47,185,97,140,212,14,15]
hts9CfyIkKAXEh12i9Yqxg,33.495566,-111.96027775,2,[33.494977,-112.021248,33.496155,-111.8993075],[99,11,24]
qVa8kQOI3vZxwh_sWViUdA,33.7128813,-112.2746086,1,[33.7128813,-112.2746086,33.7128813,-112.2746086],[49,319,80,82,59]
Hq1Bx2DEJbTMhmGbPxtIZw,33.480846299999996,-111.9357382,4,[33.4222653,-111.951494,33.5394273,-111.9199824],[88,38,39,89,11,7,98,10,9,26]
M3TPlN5nM-YQ8LR_1-7Bgw,33.35252115,-111.80847804999999,2,[33.350443,-111.827117,33.3545993,-111.7898391],[71,72,119,99,11]
-FouU_1e6LfLY9_IQ-9qgg,33.3124385,-111.84995165000001,53,[33.2611208,-111.9100616,33.3637562,-111.7898417],[64,65,49,54,193,242,59]
YnHYlN1m7jDhAH9XgR4Dlg,33.531259649999996,-112.0786215,33,[33.422728,-112.263551,33.6397913,-111.893692],[7,48,47,11,108,229,18,62,194,17,4,6,63,27,127,24,88,38,39,89,44,26,182,99,142]
Obtx8kRJAwV8AlmNH3x0Rw,33.465821000000005,-111.932713,27,[33.348162,-111.9819,33.58348,-111.883526],[158,28,7,142,26,11]
SBd2fwQ6OjZAOmylLNfjVA,33.492914,-111.933566,7,[33.492914,-111.933566,33.492914,-111.933566],[38,99,39,40,48,11]
tozZlMhBEZBXEQHyFuIO3A,33.51371995,-111.96940155,8,[33.443995,-112.0272041,33.5834449,-111.911599],[38,99,39,11,72,28,241,394,395,49,146,127]
qkxcIOkR8Cz6R9xlsS3RBA,33.683479,-111.966112,3,[33.683479,-111.966112,33.683479,-111.966112],[212,229,11]
Z8dAyOhbuNkXAqfVOChT1g,33.55647530751225,-112.2617662685125,8,[33.458621,-112.288744,33.6543296150245,-112.234788537025],[27,11,38,265,39,126,149,97,72,184,297,99]
kCI7ZlHjzw2ZOslAVt_KEA,33.43475,-112.00644,1,[33.43475,-112.00644,33.43475,-112.00644],[28,170]
eBFm-lABQiKpaUcPDfYOgA,33.48946615,-112.061701,102,[33.3406452,-112.236796,33.6382871,-111.886606],[224,11,6,491,68,38,145,57,205,101,39,88,40,48,177,140,119,7,47,99,192,8,26,138,139,109,33,128,108,43,143,126,97,77,35,76,46,27,63,24,45,65,148,204,84,345,346,162,228,92,15,98,10,49,341,56,186,309,285,292,298,212,30,13]
9h54-TfZ53Ag7d9duGrGtA,33.44350625,-111.9883384,200,[33.390792,-112.012504,33.4962205,-111.9641728],[26,11,28,170,38,140,39,40,48,99,246,7,119,139,24,17,423]
Z6J0lVg4s-RfrxnNv2bpBA,33.47260315,-112.00120064999999,2,[33.4471783,-112.0744503,33.498028,-111.927951],[57,145,38,39,48,11,352]
KU1hhTfrYVcAM7ovNV392g,33.4985633,-111.92693165,162,[33.498028,-111.927951,33.4990986,-111.9259123],[352,48,11,38,265,39]
SMmsPueqnfVcZICvqBPsaA,33.5708131,-112.0657374,200,[33.5708131,-112.0657374,33.5708131,-112.0657374],[26,11]
MrhRLJMoa6PDVUYhNQUIuw,33.6397311,-112.1310388,1,[33.6397311,-112.1310388,33.6397311,-112.1310388],[26,39,11]
-xSgO52sdzP1ZuzjHB--3A,33.4856366,-112.07750815,2,[33.4801532,-112.079081,33.49112,-112.0759353],[26,11,27]
kvxh7dP16jVCsVQv3J2dbg,33.46162775,-112.03107299999999,32,[33.4471735,-112.075677,33.476082,-111.986469],[99,11,49,80,59,48,307,27,172]
hY83SqqHJlsZQaP9Dv42Tw,33.407477549999996,-111.93373065,11,[33.3055845,-112.0379613,33.5093706,-111.8295],[337,431,32,224,182,11,99,244,4,6]
PW7939ZitY9oRkwESPWnQw,33.381991600000006,-111.9947215,12,[33.3051122,-112.077177,33.458871,-111.912266],[49,193,59,99,11,206,63]
DA1fePnfmQlNsA2EU5e5PQ,33.6272906,-111.8548219,2,[33.6272906,-111.8548219,33.6272906,-111.8548219],[48,11]
STkKe07WctjXpl7iy56cSA,33.3307709,-111.7588337,6,[33.3069425,-111.795261,33.3545993,-111.7224064],[117,11,99,119,57,69]
CWQOBs0qw58tahumYRBREA,33.5280535,-112.0313195,3,[33.394432,-112.187061,33.661675,-111.875578],[7,292,108,265,11,382]
hg0RrZ2GuP0W1r6SV9ZASQ,33.449233,-112.065458,1,[33.449233,-112.065458,33.449233,-112.065458],[27,11]
7FljPWLKzQgzBRuL3TohUg,33.3852545,-111.939824,200,[33.344158,-111.963722,33.426351,-111.915926],[38,7,47,88,39,48,11,189,10,24,128,101,26,465,57,145,168,298,99]
lAXDldqJGmyzg_L7gFlv0Q,33.6185341,-112.2913596,1,[33.6185341,-112.2913596,33.6185341,-112.2913596],[15,6,191]
6pI2_-PxA7kHg5KC0zEYrA,33.4373518,-111.7181797,2,[33.4373518,-111.7181797,33.4373518,-111.7181797],[11,63]
yL1zHFZ0vzvspzUQAQvMZA,33.66108185,-112.1827878,9,[33.65316,-112.186786,33.6690037,-112.1787896],[144,11,37,32,26]
3FEx4lDQi4g5BXUY_UsMuQ,33.6384612,-112.3610688,49,[33.6384612,-112.3610688,33.6384612,-112.3610688],[98,7,24,11]
MRfnNxJ3PSwM8jLS0skVdw,33.4886986,-111.9954929,1,[33.4886986,-111.9954929,33.4886986,-111.9954929],[6,284,35]
cE3t5k2erpLbKbTcJsb57A,33.5532675,-112.1525685,1,[33.5532675,-112.1525685,33.5532675,-112.1525685],[27,11]
obkC6pp3hV7akNG21AcDvQ,33.393495,-112.072702,21,[33.393495,-112.072702,33.393495,-112.072702],[7,138,8,139]
J3QXQvZqGL6IOt17zSPF8Q,33.41819515,-111.8310947,6,[33.413324,-111.873436,33.4230663,-111.7887534],[26,11,43]
fRuflKntKfMY62EyScXLhw,33.41984435,-111.92337135,2,[33.384398,-111.9878697,33.4552907,-111.858873],[43,11,119]
RnhLA8e2K31sIX4xrQ28qA,33.5384031,-111.8888034,2,[33.5384031,-111.8888034,33.5384031,-111.8888034],[49,80,82,59]
0frBN-DPC2zlHLUWeG6-0A,33.64292839206925,-112.0273549252245,18,[33.421303,-112.137740850449,33.8645537841385,-111.916969],[373,97,11,38,48,39,224]
NmkgRqMecleZbYcPO3bAdg,33.5092185,-112.0467405,55,[33.5092185,-112.0467405,33.5092185,-112.0467405],[38,119,109,39,11,24]
9N9s6oKukV6dtiMLqb2ohQ,33.5950968646478,-112.065436542034,10,[33.5950968646478,-112.065436542034,33.5950968646478,-112.065436542034],[28,17,29]
GcjXVxp3jZOHhUNyM2QECA,33.4144873041353,-111.9323551447295,2,[33.407562,-111.942980289459,33.4214126082706,-111.92173],[7,108,99,44,11]
hYjDYAm7kj4skEepr84egA,33.495499,-111.988151,1,[33.495499,-111.988151,33.495499,-111.988151],[129,136,17,79]
k6cUu7sSqZzG6jXPXD4Kjw,33.4531197,-112.38334599999999,129,[33.4377111,-112.4268472,33.4685283,-112.3398448],[7,8,251,11,126]
Uufvv9CBpJmPRXDQTSBKYg,33.613758149999995,-112.10468664999999,12,[33.5888473,-112.231662,33.638669,-111.9777113],[3,335,126,97,11,168,41,7,98,10,9]
FX7xoins2KhtC7y79BEU9g,33.6281017,-111.8912231,16,[33.6281017,-111.8912231,33.6281017,-111.8912231],[88,38,39,298,11]
5xC7ftIdx1jVEW8opSfJXQ,33.4848501,-111.98606000000001,99,[33.4596905,-112.0462108,33.5100097,-111.9259092],[309,119,285,11,48,7,98,8,10]
l1_nogkuHVGDRoTGXgs1fg,33.3346157829099,-111.912059783936,1,[33.3346157829099,-111.912059783936,33.3346157829099,-111.912059783936],[352,11]
1IsYa9wc2Z0mBjl07P7APg,33.3854609,-111.6933533,12,[33.3854609,-111.6933533,33.3854609,-111.6933533],[28,17,29]
FnL6QPGnVzl-ME88rwXDcA,33.3091918,-111.90256215,6,[33.2984055,-111.9089791,33.3199781,-111.8961452],[43,11,7,142,99]
ItrLD4FbIb4WUcuT8CCVdQ,33.581154,-111.927268,4,[33.581154,-111.927268,33.581154,-111.927268],[79,121]
PHPB800S4DNG-eH1zwWIpA,33.6386944,-112.179116,11,[33.6386944,-112.179116,33.6386944,-112.179116],[28,17,29]
VGnJgwt_MM67DfjPpbLsJg,33.4913649963333,-111.94146341640601,41,[33.4726901926666,-112.0146407,33.5100398,-111.868286132812],[328,32,33,38,39,11,98,7,206]
HdXIPBmZwPWIBuvk4FKX2w,33.55883755,-111.9103434,4,[33.4994194,-111.9230318,33.6182557,-111.897655],[104,105,65,54,195,238]
Ebi30JkOwUzAI-qRchF-xw,33.544488,-112.11541285,27,[33.447521,-112.183341,33.641455,-112.0474847],[7,108,27,24,11,210,6,63,12,114,13,115,54,55,122,162,98,57,69,36,99,309,26]
E5vREn37U1KKYB_vlqlUGg,33.452495267126494,-111.92364154472949,6,[33.407162534253,-111.942980289459,33.497828,-111.9043028],[57,69,56,7,108,352,48,11,117]
6l1PGyH1vwmh28cavv3gzA,33.4970509,-111.95658265,3,[33.483281,-111.9862703,33.5108208,-111.926895],[119,11,63,27]
hws92rePVainOwONgFG2Hw,33.60463635,-111.9597113,2,[33.4772147,-112.0736348,33.732058,-111.8457878],[33,38,117,39,11,265]
6FOxhAJ3XdJ9GOP0Jnf9Zw,33.399719000000005,-111.8400695,4,[33.383949,-111.843786,33.415489,-111.836353],[13,6,77,35,118,76,119,99,11]
ZQhjCN26Gbd_Mc9inG-Ldw,33.413158,-111.875779,2,[33.413158,-111.875779,33.413158,-111.875779],[224,11]
F5ACaWQvyUQ2HH7-YIkdkw,33.40022475,-111.91911454999999,4,[33.3785219,-111.9286939,33.4219276,-111.9095352],[7,189,10,24,11,26,117]
gMOMDClNLDlRisBf_Jf_Rw,33.6384699,-111.9274124,7,[33.6384699,-111.9274124,33.6384699,-111.9274124],[26,11]
iBI6tuNFT6we5zTBqC7kcA,33.44435285,-111.97321355,6,[33.333182,-112.0477237,33.5555237,-111.8987034],[265,11,43,98,7,24,218,33,38,39,185]
cWg07SD9-PnDUglqtS5owg,33.559567322397,-111.9033512573975,54,[33.321061644794,-112.0827836,33.798073,-111.723918914795],[127,11,7,36,182,24,26,33,38,39,44,119,99,43,181,40,48,142,126,97,47,88,172,313,27,377,6,145,186,57,224,265,185,292]
lt1wF6p83lWko1R6LUvf5Q,33.6029318153084,-111.981189677656,1,[33.6029318153084,-111.981189677656,33.6029318153084,-111.981189677656],[7,98,10,9,11]
vV3BQaFGyy9tYMJPiV50Ow,33.403303300000005,-111.901233328495,13,[33.3060616,-111.9347763,33.500545,-111.86769035699],[7,108,24,11,48,126,36,142,33,38,39,26,97]
jgeY_HahI6GQCFXhMBTrVA,33.731871,-111.852863,1,[33.731871,-111.852863,33.731871,-111.852863],[48,11]
D7yFA9SXi7M9HUPShmFosg,33.436514450000004,-112.0121343,192,[33.43475,-112.0178286,33.4382789,-112.00644],[44,24,11,28,170]
hN944-VPqcrN0Lqmg6e5Cw,33.49039775,-112.1417711,5,[33.4508902,-112.3571052,33.5299053,-111.926437],[265,11,483,43,251,71,72,96,297]
GlyZqaff1iXpY91JH9gYcA,33.48082425,-111.8728774,53,[33.2486638,-112.1114555,33.7129847,-111.6342993],[26,11,27,7,137,8,139,65,133,224,57,306,163,13,6,32,302,110,1,141,33,119,99,54,324,168,144,250,421,204,38,265,39,182,63,49,341,109,407,106,30,292,98,10,9,24,123]
CN5RvYw3MUhBRS4PTejf3A,33.3496805,-111.9487453,2,[33.3496805,-111.9487453,33.3496805,-111.9487453],[84,339]
6XpKQ_62BRcTGA7puhduCg,33.42183,-111.960264,1,[33.42183,-111.960264,33.42183,-111.960264],[7,162]
ZyjqxDjpqROk_HPOGY3M4g,33.548486499999996,-111.95436435,9,[33.467805,-112.0475116,33.629168,-111.8612171],[119,11,38,39,63,285,214,48,26,99,128]
eYCayngrN5KvOhs3wgPOpQ,33.3492721,-111.9095438,2,[33.3211423,-111.9104666,33.3774019,-111.908621],[219,218,41,11,27]
7U8_IwM3V5f7Au5_PhFOXA,33.34815905086,-111.9637082206,3,[33.34815905086,-111.9637082206,33.34815905086,-111.9637082206],[185,11]
lerk-SVCPQCHxEiiSGjiAg,33.426767,-111.939894,20,[33.426767,-111.939894,33.426767,-111.939894],[4,13,6,160]
2zH42bmMTnM5u7iuNk1RvQ,33.3056067,-111.9787576,4,[33.3056067,-111.9787576,33.3056067,-111.9787576],[63,27,11]
i8Hf2vGNTLV6jxZgHgoAeA,33.493947,-111.922301,3,[33.493947,-111.922301,33.493947,-111.922301],[28,17,29]
5IbF1O7Z5nbVAVj8iIrHIA,33.3496582,-111.8212381,2,[33.3496582,-111.8212381,33.3496582,-111.8212381],[26,11]
Jl389KJ2rmwpvT_DFHwVqA,33.414983,-111.629764,2,[33.414983,-111.629764,33.414983,-111.629764],[26,11]
mX3lMdJCnZ0_Jf47lXEtiA,33.7693351,-111.9236282,5,[33.7693351,-111.9236282,33.7693351,-111.9236282],[133,105,195,65]
oJd9zyKv4DynZm1_5Sl1NA,33.4902459583035,-112.03297029999999,4,[33.4719589,-112.0649208,33.508533016607,-112.0010198],[224,11,251,210]
HKMb9HrQYUUubsgdDw9Idw,33.631571300000004,-112.2378893,2,[33.6308784,-112.2382757,33.6322642,-112.2375029],[265,11,99]
qlcwfLpIG62p2VccbG-idQ,33.638188,-111.9232518,200,[33.637034,-111.924724,33.639342,-111.9217796],[26,11,99]
hilKQMMpb7Nvv9pgg24EFg,33.5731713,-111.9451335,46,[33.5222185,-111.9595033,33.6241241,-111.9307637],[28,17,29,168,265,11]
ZqwJediCSh3cGhX1138c8Q,33.4797129,-111.981506,1,[33.4797129,-111.981506,33.4797129,-111.981506],[48,11]
FQ_ZKNcNoFQ6OumEsAbt5Q,33.4303016662598,-111.873779296875,1,[33.4303016662598,-111.873779296875,33.4303016662598,-111.873779296875],[112,6,254]
ZUERBXNzvZMGyu02wlIKZg,33.44014005,-112.13203390000001,17,[33.3702541,-112.3404129,33.510026,-111.9236549],[48,11,38,39,168,298,88,33,44,119,161,28,65,17,29,265,26,99,40,27]
Upqw9S7apbHHdyzA8ZQ4cg,33.411780172397,-111.8250870573975,4,[33.321061644794,-111.9262552,33.5024987,-111.723918914795],[311,88,38,39,11,99,7,292]
rzxs6xqWpItMh9rV0LiEnA,33.4948327,-112.2219843,8,[33.4948327,-112.2219843,33.4948327,-112.2219843],[43,11]
jK6iME1W6MyYc93ydg557Q,33.6382038313039,-112.363443374634,5,[33.6382038313039,-112.363443374634,33.6382038313039,-112.363443374634],[251,212,11]
IgMhM28GtVdkg7qwM-auLQ,33.4433790155327,-112.0341786224365,200,[33.4340647310654,-112.0739,33.4526933,-111.994457244873],[98,7,177,26,11,28,17,29,99]
Efz3A2mDINJkiN5iD3tLqA,33.798073,-111.926458,2,[33.798073,-111.926458,33.798073,-111.926458],[26,11]
Xig-nVg0VPfaphmi20QFgw,33.6355432,-112.0817598,28,[33.6355432,-112.0817598,33.6355432,-112.0817598],[39,38,285,128,11]
_ysWGVN5yGuf703yyRoGHA,33.54596655,-111.93673405,2,[33.407717,-111.950803,33.6842161,-111.9226651],[26,11,374,32,95]
Ypsez-BUYmXjbKO2NFk6NA,33.471677,-111.926688,1,[33.471677,-111.926688,33.471677,-111.926688],[224,11]
2HMJBY7WFiotdNCDpFGUIg,33.625721549999994,-112.1556019,7,[33.611712,-112.180165,33.6397311,-112.1310388],[106,54,315,26,39,11]
W_K_GUZ0NjnOmyBRD-LEDw,33.435146,-111.998367,10,[33.435146,-111.998367,33.435146,-111.998367],[119,38,99,39,11]
M1gwMnHJc_hm5u867BFqdQ,33.48741735,-111.9912561,8,[33.472853,-112.056065,33.5019817,-111.9264472],[48,11,38,39,119]
m1JyW1cYh3IPVUT-dkAJnA,33.5257836,-112.13730509999999,9,[33.466626,-112.261226,33.5849412,-112.0133842],[123,65,44,97,11,296,27,63,38,99,181,39,48]
fM6gyradMzwc-cREb5Zi_w,33.49359,-112.3584222,4,[33.49359,-112.3584222,33.49359,-112.3584222],[192,11]
i1bucxmoEdAEzFMzFr4EAA,33.587122088596,-111.83632234045,2,[33.587122088596,-111.83632234045,33.587122088596,-111.83632234045],[223,11]
C108BUBlZ6ckJMfP7ymwJQ,33.6264142,-112.2026899,1,[33.6264142,-112.2026899,33.6264142,-112.2026899],[32,235]
apwAoPuMliKHO2TD7_lGHg,33.5745059,-112.1164379,17,[33.5745059,-112.1164379,33.5745059,-112.1164379],[119,11]
f12eBPcC37g6wu6KdfB-pQ,33.4223387,-111.925234,25,[33.4223387,-111.925234,33.4223387,-111.925234],[39,439]
5mBgdTWO5mJg_F298cwXTg,33.47490765,-111.9954182,5,[33.4710214,-112.0649272,33.4787939,-111.9259092],[309,119,285,11,26]
Dj6yUi9bLsKIRJyNLhQ7NQ,33.3780766,-111.9570367,4,[33.3780766,-111.9570367,33.3780766,-111.9570367],[26,11]
PDDR7mCaO7YHUB8rfMzztA,33.3648679,-111.8065352,12,[33.3377366,-111.8577518,33.3919992,-111.7553186],[99,41,11,119,33,44]
m_s-vMqyZ5lT6w8Lov876g,33.4216347,-111.9536334,1,[33.4216347,-111.9536334,33.4216347,-111.9536334],[79,121]
r_1ezizcc3gkOqOkcO0qzg,33.58566962379065,-111.9812251,200,[33.2868856,-112.1212794,33.8844536475813,-111.8411708],[28,17,29,26,11,15,6,191,265,185,49,276]
Y1zsa7VsGO1HhU7vB1yNnw,33.5041499,-111.94713295,36,[33.3852846,-111.964558,33.6230152,-111.9297079],[57,99,91,11,126,97]
ieg6shkyfP_z_dDlHGCdkQ,33.675805350000005,-112.16437575,4,[33.638626,-112.217296,33.7129847,-112.1114555],[27,11,212,361]
pjB1m5YigXSR633MwjT3AA,33.3852846,-111.964558,1,[33.3852846,-111.964558,33.3852846,-111.964558],[33,11]
fpJfHsFqrUDfnyLQSJgCrg,33.508954,-112.0293073,1,[33.508954,-112.0293073,33.508954,-112.0293073],[28,17,29]
tmenRuxwRehYPOYOPjO6uQ,33.596641149999996,-112.09481725,12,[33.5098033,-112.2641158,33.683479,-111.9255187],[161,28,29,17,65,7,292,108,201,119,11,6,204,265,30,13,57,327,48]
Y1LmlESTBSBIUf3ckIrePw,33.60878700000001,-111.8950801,20,[33.5775051,-111.925315,33.6400689,-111.8648452],[6,345,84,346,23,459,44,24,11,30,8,13,7,110,63,15,191,20,499,98,119,157,103,27,161,167,65]
mx5M_UdOt9o3k4Vvf2HzBg,33.3779808,-111.9664404,3,[33.3779808,-111.9664404,33.3779808,-111.9664404],[119,11]
ic_BP11iaMhDJmcNpUoXLQ,33.4196223,-111.937791,9,[33.4149636,-111.951494,33.424281,-111.924088],[49,66,7,36,44,127,11,88,38,39,89]
NJ1O0rS53njQ9MMEJQgDzg,33.3677851,-111.9480407,6,[33.326375,-111.9819,33.4091952,-111.9141814],[32,95,222,7,8]
LGyZobV9tV2Wg8_WCoWF2g,33.320648,-111.970335,1,[33.320648,-111.970335,33.320648,-111.970335],[38,39,40]
QnhQ8G51XbUpVEyWY2Km-A,33.4664925,-111.9690085,5,[33.390792,-112.012504,33.542193,-111.925513],[10,11,24,63,109,38,48,39,265,126,97,206,251]
vys5F5J7LyQ9pt1fiJCRCA,33.40141205,-111.98757895,7,[33.306349,-112.0839659,33.4964751,-111.891192],[99,11,26,24]
3VrsuHI2bSdRQJH_5kI2yA,33.4809557,-111.98702915,24,[33.351089,-112.1310283,33.6108224,-111.84303],[88,38,39,89,11,212,63,97,26,117,8,7,138,139,98,10,169,149,126,33,119,99,109,48,168,309,285,101,27]
7nUPd0t9DLoYWZ0By7sH_A,33.347758,-111.756931,78,[33.347758,-111.756931,33.347758,-111.756931],[99,11]
hzTXNvwLYG49qKECq4LQjw,33.4239763,-111.94534895,22,[33.4217923,-111.9533039,33.4261603,-111.937394],[98,7,24,11,28,17,29,33,119,99,48,39,38,126,97]
geL2hSn7RmUedej3NvK0eA,33.5219518275351,-111.97437286377,59,[33.5219518275351,-111.97437286377,33.5219518275351,-111.97437286377],[49,445,66,52]
YWV8MKNJrbnnaoXPuio6QA,33.321061644794,-111.723918914795,108,[33.321061644794,-111.723918914795,33.321061644794,-111.723918914795],[99,11]
p5UzjDP2fgU9eOxjmBpzpQ,33.531539,-112.02562850000001,4,[33.461736,-112.335666,33.601342,-111.715591],[7,108,169,11,27,119]
uisuoGmVPTKrUVWPZQzg-w,33.4149847,-111.87454,13,[33.4149847,-111.87454,33.4149847,-111.87454],[7,162]
0VyEfUWpgSfNpjf4-maLnQ,33.517196,-112.069533,8,[33.517196,-112.069533,33.517196,-112.069533],[37,211,328,32]
WLowOhyzS0TNUemAwEryBQ,33.358881053793,-111.652298,185,[33.220784807586,-111.940346,33.4969773,-111.36425],[190,28,140,11,49,52,38,39,102,103,304,177,182,307,172,101,26]
hOIXS28EjG9odi6yHpuOGw,33.447521,-112.063434,4,[33.447521,-112.063434,33.447521,-112.063434],[309,11]
kaQY3gKtSi81g4N98c8j5Q,33.4804921,-112.0221966,1,[33.4804921,-112.0221966,33.4804921,-112.0221966],[11,63]
y0pEOcgBgB7QPYC3UC3Vww,33.39995835,-111.8905678,9,[33.2618144,-111.991311,33.5381023,-111.7898246],[7,455,139,26,11,24,126,212,62,27,17,177]
NNDexa9S-cOoVaRvIbrJqA,33.483281,-111.926895,54,[33.483281,-111.926895,33.483281,-111.926895],[63,27,11]
Yjk9FtTBfY1qBh80BZPMUg,33.4787939,-111.9259092,1,[33.4787939,-111.9259092,33.4787939,-111.9259092],[309,119,285,11]
yk8Se7MsC4dzSqt1b9QJeA,33.483260650000005,-112.0725568,4,[33.4548476,-112.0800705,33.5116737,-112.0650431],[48,11,63,27,24,26,210]
TaVxScWvt-AfGkqJcTq2Rw,33.465919650000004,-111.96469955,2,[33.42263,-111.9885861,33.5092093,-111.940813],[7,108,27,11]
dqKGuNt5andYPAavY3tYgw,33.375005,-111.7896091,6,[33.375005,-111.7896091,33.375005,-111.7896091],[83,6]
_7aj1m9cW2k_Bd7uyTLpPg,33.6455682097528,-111.917118430138,12,[33.6455682097528,-111.917118430138,33.6455682097528,-111.917118430138],[28,158,17,29]
KFSzJUcqT4xXVjHRW3bVAg,33.5250378,-112.0015255,13,[33.425316,-112.0701129,33.6247596,-111.9329381],[38,128,39,28,17,29]
2a7-Pkog4ismc89DNZ-Drw,33.41623845,-112.04840924999999,16,[33.3216034,-112.134201,33.5108735,-111.9626175],[126,11,43]
WPpgplA0tnGn3E65Ng6aYg,33.544874565532695,-111.97865350000001,200,[33.4340647310654,-112.073781,33.6556844,-111.883526],[48,11,7,8,119,24,99,142,27,352,38,39,57,470,145]
KpC10_UEJuga43WadHCmYw,33.4979512038134,-111.88701764999999,76,[33.2815753506694,-112.384183,33.7143270569574,-111.3898523],[44,285,296,11,28,240,241,6,156,48,7,148,8,36,33,57,69,32,302,110,1,141,56,39,145,27,63,99,265,218,41,64,161,65,102,103,127,88,38,149,97,170,119,120,168,169,30,13,224,130,71,72,43,185,292,212,184,26,309,293,239,98,24,247,96,208,35,49,231,233,139,416,137,128,311,114,115,210]
g-ugdyYjV0cZEL-wdkPvFQ,33.670616,-112.031964,1,[33.670616,-112.031964,33.670616,-112.031964],[26,11]
4oBViNYcsWpPexC405Gh2w,33.53460675,-112.04756315,13,[33.4527955,-112.1688163,33.616418,-111.92631],[7,139,36,212,11,142,6,87,123,65,38,99,128,39,296,48,119,265,126,97]
xCSmGdm3tJ_0RsfOGrKVVA,33.499504,-111.927891,5,[33.499504,-111.927891,33.499504,-111.927891],[48,24,11]
YL8SKv-pwx-Wj9cwGYrn3g,33.50250465,-111.761320583252,122,[33.3059393,-112.098958,33.69907,-111.423683166504],[26,11,38,39,40,99,128,7,108,119,137,8,139,65,133,127,161,63,48,142,27,98,10,9,24,313,265,126,224,182,140,210,267,172,101,218,41,323,97,105,177,219,201,338,57,56,33,212,361,17,18,340,88,157,103,89,6,45,109,43,307,273,244,15,145,44]
1HyygPKSSOiaM0wkM1pP8Q,33.43475,-112.00644,200,[33.43475,-112.00644,33.43475,-112.00644],[28,170]
duhDcgfmtq_dE9U4V2rs6w,33.4940321,-111.9218306,2,[33.4940321,-111.9218306,33.4940321,-111.9218306],[119,26,185,11]
Z_IPU5stsJq2DdgdBQxC9g,33.6888891,-112.23590695,2,[33.6669563,-112.2690576,33.7108219,-112.2027563],[33,117,48,11,98,7,24]
61dNomc61InmXRnTMh1XAw,33.5092093,-111.9885861,3,[33.5092093,-111.9885861,33.5092093,-111.9885861],[99,24,11]
Wxjc5QKyW6qxPniKOexK1g,33.289694,-111.80208435,4,[33.277061,-111.860579,33.302327,-111.7435897],[155,54,65,133,177,140,11]
f3JAz1zcX-WhhuipdIJTsw,33.447551,-112.047375,2,[33.447551,-112.047375,33.447551,-112.047375],[210,11]
vxSXTSqCLyjW6yb1Nx_b3Q,33.3069425,-111.7224064,5,[33.3069425,-111.7224064,33.3069425,-111.7224064],[117,11]
PS11umWsGzBpvWz136rccw,33.657354,-112.0276024,36,[33.582555,-112.2014742,33.732153,-111.8537306],[64,65,133,28,17,29,126,97,11]
rvBFfzQ1hOd66PoIRN4J8w,33.482601,-112.077617,1,[33.482601,-112.077617,33.482601,-112.077617],[28,17,29]
paBq7EOF2aMfHY_YRO5clw,33.3313119,-111.81763525,13,[33.3022008,-111.8463705,33.360423,-111.7889],[119,120,11,26,7,247,108,48,377,323]
jeLW8ernpsi9QjKtSeUhng,33.642178,-112.100283,2,[33.642178,-112.100283,33.642178,-112.100283],[65,133]
dWThHbnKk3S-4q1iUKl_nw,33.5160662,-112.029562,1,[33.5160662,-112.029562,33.5160662,-112.029562],[99,11]
cc32R3hFVXp4H9hl6oRdKg,33.4490244,-112.06596275,200,[33.4486711,-112.0662996,33.4493777,-112.0656259],[322,57,88,38,39,89,11]
DUcs1tBnuNkdY8ZOzV3gXA,33.425316,-111.9398141,3,[33.425316,-111.9398141,33.425316,-111.9398141],[38,128,39]
lczYhyFT85l31m16riVkeg,33.483281,-111.926895,13,[33.483281,-111.926895,33.483281,-111.926895],[63,27,11]
KBc_UovZ1oIHSUFG6jrFyg,33.5097768,-111.9957399,1,[33.5097768,-111.9957399,33.5097768,-111.9957399],[38,48,39,11]
pvLHj6JyNE1dKyGUyqRYeQ,33.534184,-112.174034,3,[33.534184,-112.174034,33.534184,-112.174034],[224,11]
F82JoyU1Y5yFuSeKfGxoAA,33.47107325,-112.025310187317,200,[33.3037399,-112.363443374634,33.6384066,-111.687177],[168,11,63,27,307,169,26,28,17,29,212,43,109,38,39,251,224,48,127]
nKaR5Z9Qmqc4RsakLLX_7w,33.534275449999996,-112.2619536,132,[33.5324849,-112.263551,33.536066,-112.2603562],[6,250,182,99,11,57,69,7,48,47,46,13,30,18,17]
jEvx2xl9cUemu8a-lhjNrg,33.5620548,-111.9752316,5,[33.5005719,-112.0741143,33.6235377,-111.8763489],[7,108,119,11,106,54]
NdhMKo24kztUVgFcTcOWFA,33.552771199999995,-112.00108080000001,27,[33.449858,-112.07643,33.6556844,-111.9257316],[32,203,49,193,59,7,292,99,48,11,38,143,293,39,84,124,125,72,154,185,182,172,251,267,57,56,439]
GiIooEYwVcvFEcfcZl7Elg,33.59485065,-112.143167,9,[33.474605,-112.221227,33.7150963,-112.065107],[117,11,26,62,17,185,7,138,139,140,99,48,36]
3XnJeAvHufAiOp6l53mHGw,33.5023189,-111.9179955,1,[33.5023189,-111.9179955,33.5023189,-111.9179955],[54,55,122]
TSBhN2B2QgZoOnTgeUAKVw,33.5120665,-111.7232825,3,[33.448588,-111.762057,33.575545,-111.684508],[28,17,29,241,394]
BAt_CSl_-qKoA84uhnSaiw,33.4949678,-111.9241443,16,[33.4949678,-111.9241443,33.4949678,-111.9241443],[11,63]
5tjPVLIDpJ6e1-NNpTgXJg,33.37225123876855,-111.8377064573975,14,[33.321061644794,-111.951494,33.4234408327431,-111.723918914795],[99,11,63,27,26,109,38,39,88,89]
LDszgiwsWMDDhxigwemjrw,33.34325405,-111.86721725000001,8,[33.3059385,-111.9471779,33.3805696,-111.7872566],[99,41,11,7,142,33,44,38,128,39,296,106,54,280,89,24]
3HJnRDIEGA5l33z3x3iltg,33.53463375,-112.0811485,7,[33.4423345,-112.100731,33.626933,-112.061566],[212,26,11,38,39,40,88,298]
heflHo2ykNjxMTKvNDhxxA,33.2188893,-111.8244025,2,[33.2188893,-111.8244025,33.2188893,-111.8244025],[43,11]
_nVpYxfiNxrXLoV6LMMyqA,33.5744834,-111.8629187,1,[33.5744834,-111.8629187,33.5744834,-111.8629187],[48,11]
oBxjC4wVoCBsHZ_j_Khpgw,33.678615,-111.9746066,3,[33.678615,-111.9746066,33.678615,-111.9746066],[33,99,117,11]
_bwau2ACSfrUCG_KC2R9DQ,33.626933,-112.100731,1,[33.626933,-112.100731,33.626933,-112.100731],[212,26,11]
GV99A43cb6awX1HRGMvUDg,33.45219495,-111.95251619999999,8,[33.343131,-112.1156244,33.5612589,-111.789408],[119,48,11,185,214,239]
HavRojH3G8AlJchZXonaOg,33.4735974,-112.110848,12,[33.3354566,-112.345359,33.6117382,-111.876337],[33,117,11,229,26,63,7,162,43]
ww1Ubo1Xi2lyNKMB9cz-QQ,33.407724,-111.952872,4,[33.407724,-111.952872,33.407724,-111.952872],[229,11]
QWfVFskBxySzAUMrq0_XIw,33.6308336,-112.21292465,5,[33.5958042,-112.2387233,33.665863,-112.187126],[65,133,10,24,11,27]
3olqWZaGoIT_Svpq3CjetQ,33.5751238,-112.00679980000001,5,[33.4716326,-112.0872865,33.678615,-111.9263131],[26,11,265,99,38,39]
5eJo7R_zVgAyvHiXUyyF6g,33.822031,-111.90897,2,[33.822031,-111.90897,33.822031,-111.90897],[161,28,65,17,29]
uy6UqaeYabRXZX3ivF3XkQ,33.6556844,-111.9300279,12,[33.6556844,-111.9300279,33.6556844,-111.9300279],[7,36,38,39,109]
IdEWZ17K5-XVffHPLJB3_w,33.5997262,-111.9872563,2,[33.5997262,-111.9872563,33.5997262,-111.9872563],[126,11]
9F2MRH6paoE1fYBeYNNCBA,33.4146742,-111.913402,2,[33.4146742,-111.913402,33.4146742,-111.913402],[251,11]
P1wCYSXNkSQ4_CXlinSI1Q,33.5515441516647,-111.992005944792,4,[33.5394005033294,-112.0595603,33.5636878,-111.924451589584],[32,203,168,97,11]
ma-7afsMYNnQkIGxRwPxdg,33.5003338,-112.12858955,25,[33.4194512,-112.3412531,33.5812164,-111.915926],[24,11,33,129,175,278,79,38,7,47,88,39,48,26,244,169,224,32,203,251]
JNPPBiV5vGn_UgaRS5w5Og,33.4918756799029,-111.930513381958,2,[33.4918756799029,-111.930513381958,33.4918756799029,-111.930513381958],[98,7,292,17,62]
dG5yLbjCdcFzCkFSaZuvNw,33.641426,-111.983383,1,[33.641426,-111.983383,33.641426,-111.983383],[466,106,488,54]
CqytIT4TqT08DhK4X2pJPg,33.24665,-111.824692,2,[33.24665,-111.824692,33.24665,-111.824692],[27,11]
ybDMkgFzWdz_402XQSHclA,33.58908305,-111.9604388,7,[33.5024095,-111.9955012,33.6757566,-111.9253764],[7,8,119,11,27,63]
Gn1HsKByJwvXoTiYJhLFIw,33.61032245,-112.17342865,2,[33.5127699,-112.272845,33.707875,-112.0740123],[109,38,11,39,63,65,133]
fLExLmHgsWIzeU56Rf81Bg,33.326327000000006,-111.871019732666,21,[33.304492,-111.9819,33.348162,-111.760139465332],[212,26,43,11]
8jcXocmyQI57PbLce6rWXw,33.6251759,-112.1148799,27,[33.6251754,-112.114885,33.6251764,-112.1148748],[169,11,28,17,29]
3Of4lZMaRMmSnRupJkJAYA,33.532985499999995,-111.92572445,77,[33.4787939,-111.9259092,33.5871771,-111.9255397],[26,11,309,119,285]
n4XK00xUfqEaLfNOz0HOJg,33.50923785,-112.0125316,14,[33.5024095,-112.029562,33.5160662,-111.9955012],[99,11,27]
NlOn4ar7Rybir4punMtjHA,33.374745950000005,-111.88578205,16,[33.3273522,-111.913031,33.4221397,-111.8585331],[27,11,43,192]
RWtDRHpLnPBDjDVdKWh6uQ,33.5592897,-112.04747904999999,22,[33.448717,-112.0824683,33.6698624,-112.0124898],[48,11,109,38,39,129,78,278,79,12,13,6,413,32,84,339,99,26,127,126,97,121,63,40,206]
8V1itryD-OFPou8qE3d90g,33.4450611385454,-111.90225375739749,13,[33.321061644794,-112.0805886,33.5690606322968,-111.723918914795],[307,24,172,11,63,27,99,175,129,79]
1C9xYtaflfvu9Q9DsTXVdQ,33.5006307,-112.34999020000001,4,[33.463543,-112.3581024,33.5377184,-112.341878],[7,9,149,97,11]
_nKsyDUIdoTimDPM9aG23w,33.3389278679125,-111.817172871535,14,[33.307983735825,-111.8904421,33.369872,-111.74390364307],[126,11,26,24,63,27,251,224,65,105,369]
8gNfSs8AlwxOd4m2lQigXw,33.66520455,-111.91741795,3,[33.5083781,-111.9258659,33.822031,-111.90897],[161,28,65,17,29,11,63]
DoR_Zi-LJvWsTzZHvjE2KQ,33.557283299999995,-111.920834,18,[33.4368906,-112.07454,33.677676,-111.767128],[48,11,49,178,43,27,63,14,15,6,57,39,145,224,26,7,108,168,127]
zIl9_sbZScxblWySjF4hrw,33.4512483,-112.04513664999999,17,[33.3782996,-112.167924,33.524197,-111.9223493],[38,273,39,128,43,11,99,192]
B-Q5eu19iZ1QZ8UKf9siUw,33.305759,-111.993252,14,[33.305759,-111.993252,33.305759,-111.993252],[99,11]
xCTZaonmM0P4tA6Gc4gNTw,33.8333716,-111.9507042,5,[33.8333716,-111.9507042,33.8333716,-111.9507042],[49,82,59]
jal7dnm8aaakZ30OO1yRNg,33.497291,-111.9300012,1,[33.497291,-111.9300012,33.497291,-111.9300012],[4,5,6]
LLcUC7fH4B0NzMw-mj6Awg,33.52800485,-111.99774205,3,[33.5100097,-112.0272041,33.546,-111.96828],[48,11,26,127]
uz3ts3c1uuEHRTflh9VozQ,33.546608,-112.047023,1,[33.546608,-112.047023,33.546608,-112.047023],[49,321,59]
-Exybtwohs_2FZ3j_Oo91g,33.645846,-112.30564185,5,[33.638937,-112.3553813,33.652755,-112.2559024],[126,97,11,43]
DlRW84_abYeJpo5b-sVK_Q,33.5457509,-111.95292155,7,[33.4986978,-111.9799772,33.592804,-111.9258659],[38,48,39,11,126,161,28,65,17,29,49,80,82,59]
mlFupG8LJFaL4rvSTvCyyw,33.5109079,-111.94629585,42,[33.3086797,-112.200326,33.7131361,-111.6922657],[7,142,33,11,27,265,126,97,38,48,39,88,40,63,8,119,352,292,108,109,168,181,229,89,26,57,24]
lwzvIaASqaMLYVM-PMqTyw,33.6140307,-111.9269693,4,[33.6140307,-111.9269693,33.6140307,-111.9269693],[119,11]
t5IXWQdoTKRVTiM-I9PslQ,33.4527955,-112.0693177,1,[33.4527955,-112.0693177,33.4527955,-112.0693177],[26,127,11]
BwW_mne0SjuZQHXwlIDU5A,33.5094461,-112.0403946,17,[33.5094461,-112.0403946,33.5094461,-112.0403946],[63,27,11]
trZV_m1qcHYWfsGDT5yJYQ,33.4432917,-112.0353359,16,[33.3777494,-112.166369,33.508834,-111.9043028],[212,361,11,7,140,177,285,63,27,24,26,38,143,39,205,43]
PNoGWypT5E6yspoIXtDjDg,33.7107927,-112.2690587,1,[33.7107927,-112.2690587,33.7107927,-112.2690587],[7]
bv6l0ZgJZPPjrXn7acnzIg,33.477407549999995,-112.08703735,4,[33.4741375,-112.1091081,33.4806776,-112.0649666],[119,201,11,27,63]
8eSZ5VFUnFckouBgey0Rkw,33.5628964,-111.97985879999999,7,[33.4471778,-112.0744503,33.678615,-111.8852673],[212,361,11,49,38,39,128,341,265,33,119]
4C5wYoVdJL1tbQWbGAhJvA,33.509755,-112.08407,1,[33.509755,-112.08407,33.509755,-112.08407],[185,11]
Lgi85KkPUUULzZpy6v4sJg,33.603237,-112.12903,3,[33.569402,-112.186721,33.637072,-112.071339],[83,6,108,229,7,18,62,194,17,11,38,128,39]
lfhkxa91b1bj42kmNQ_WMw,33.5062771,-112.06534775,2,[33.4882838,-112.0832336,33.5242704,-112.0474619],[48,11,26]
kexzb7LFYK-0C7rfotDVBQ,33.362719,-111.8761389,19,[33.362719,-111.8761389,33.362719,-111.8761389],[224,41,11]
qHGTGqVx_lCPQCg-NK9T8g,33.57216605,-112.09159965,38,[33.5173991,-112.100731,33.626933,-112.0824683],[212,26,11,126,97]
bWZRls8Gsi7FKB1WpPx3eg,33.52609075,-112.05597935,2,[33.5218465,-112.0648577,33.530335,-112.047101],[26,11,210]
Hw1O4OSIqSfbdDFHaEI_jA,33.5123186,-111.995355,2,[33.5123186,-111.995355,33.5123186,-111.995355],[119,99,11]
Sa1fBf4aGEFdsGqmLSmPCA,33.5122896,-112.00008795,11,[33.4238102,-112.0740123,33.600769,-111.9261636],[99,11,38,39,7,36,109,63,377,26,88,24]
44xUW_6YvW2V0ABW1Kyniw,33.53663095,-111.95684134999999,18,[33.3622517,-112.1240351,33.7110102,-111.7896476],[7,194,108,202,72,8,6,200,57,470,145,39,30,13,43,11,99,153,62,17,69]
b7uCgjr8tLx9O3rx46YpJw,33.544177039256354,-111.7999353846665,3,[33.416232,-111.905096769333,33.6721220785127,-111.694774],[48,11,99]
kAMTwaG8V-8GJLzPIWjMrg,33.374590049999995,-111.96949885000001,91,[33.3702541,-111.9741847,33.378926,-111.964813],[265,11,99]
2Swq0l149q9a5yXMe4uVwA,33.6247911,-111.9257312,5,[33.6247911,-111.9257312,33.6247911,-111.9257312],[48,11]
xYck-XrZR_FUSbVHAEiQVg,33.423766650000005,-111.7809539,17,[33.379643,-111.878138,33.4678903,-111.6837698],[26,11,33,99,265,117]
Alig0BzliSwTNOibj3qsvg,33.4800643,-111.9397835,1,[33.4800643,-111.9397835,33.4800643,-111.9397835],[364,6,35]
T4V6F7hsAV667iv7AwOzNg,33.6239133,-111.9251335,1,[33.6239133,-111.9251335,33.6239133,-111.9251335],[465,168,265,39,11]
GMFLQOqXt2tqFJpAt7RHfQ,33.5100523,-111.9963126,88,[33.5100523,-111.9963126,33.5100523,-111.9963126],[206,11]
qPl64uIpX9qEIuiyIH-1Og,33.442553638980854,-112.0004968772095,14,[33.376412,-112.0739136,33.5086952779617,-111.927080154419],[49,178,309,285,11,99]
O4nDIr51jTZKHiQ31TJFbw,33.47899545,-112.0372911,8,[33.4555814,-112.079081,33.5024095,-111.9955012],[7,232,11,400,194,49,6,65,193,59,27,142,108,119,26]
GF6IArfVHEFAQmwekt7wug,33.5489315,-112.114067,11,[33.493177,-112.3025,33.604686,-111.925634],[32,90,72,287,265,126,97,11,84,346,119,65,133,78,79]
t5w-tAsvpdNlq-SrDA9BHw,33.4956324,-111.925267,33,[33.4930044,-111.9256488,33.4982604,-111.9248852],[38,48,39,11,192]
Dj-_E7YLlels7dtr9DNGqw,33.515257399999996,-111.85745205,4,[33.3550442,-111.9253733,33.6754706,-111.7895308],[185,11,7,8]
TWmHf0GabHfW44yBlz_-Gw,33.422318,-111.935883,1,[33.422318,-111.935883,33.422318,-111.935883],[140,24,11]
ljBUoa7FLuMIDXAToewmPg,33.5061904385714,-111.926436424255,2,[33.5061904385714,-111.926436424255,33.5061904385714,-111.926436424255],[48,11]
9mdPH6b40G0V_39mtBtgSg,33.446551,-112.290989,3,[33.446551,-112.290989,33.446551,-112.290989],[84,291]
7Xkj-VS-usUbDvycFVVfaA,33.628214,-112.23827965,5,[33.6100147,-112.2399861,33.6464133,-112.2365732],[265,126,11,49,20,23,415,59]
N6o5NtWdKQID1sXlfkCGSA,33.322668,-111.822674,2,[33.322668,-111.822674,33.322668,-111.822674],[54,242,195,65]
6xFpO4deY5ABeLk0Klh2gQ,33.63902,-112.030201,1,[33.63902,-112.030201,33.63902,-112.030201],[112,6,254]
TxvCVJnH_yocE6xCudMzYg,33.449188,-112.0772,86,[33.449188,-112.0772,33.449188,-112.0772],[28,271]
2h0A-NirfNl2p2SquFWYHQ,33.443460508460504,-111.9513675874025,112,[33.263379216921,-112.079081,33.6235418,-111.823654174805],[333,64,65,49,80,82,59,38,39,119,48,11,101,128,57,56,195,210,7,137,8,139,327,33,108,99,40,24,28,170,292,205,109,66,52,26,265,185,161,4,13,6,115,160,212,224,127,142,168,181,229,98,206,47,194,105,369,10,63]
IgrvBPKRKxnr5iu9Oc7anA,33.4132825,-111.9845374,2,[33.4132825,-111.9845374,33.4132825,-111.9845374],[72,275,269]
Ji0pIsgTYwuCKw57tjDzPw,33.6765685033475,-111.924676895142,7,[33.6765685033475,-111.924676895142,33.6765685033475,-111.924676895142],[33,99,11]
_hU2Qq4KUtCYxdZBFuZ9Cw,33.515804,-112.082858,1,[33.515804,-112.082858,33.515804,-112.082858],[54,55,122]
6EvEaanj9_i2f7CIOGA94Q,33.4150348,-111.9184724,1,[33.4150348,-111.9184724,33.4150348,-111.9184724],[223,11]
jKqXI5-TeTYV0ozN14BmFQ,33.7182245,-112.2702815,1,[33.7182245,-112.2702815,33.7182245,-112.2702815],[195,65]
UORjgt-YKBW5oYqmN_3mCg,33.58132305,-111.9913674,3,[33.538927,-112.0571921,33.6237191,-111.9255427],[26,11,43,126]
1LQ0j__hJS9-DtYyGcbrMg,33.639197,-112.064368,2,[33.639197,-112.064368,33.639197,-112.064368],[185,11]
X4UIrsuAdUF7ZN0fSdllmQ,33.3918914794922,-111.909072875977,1,[33.3918914794922,-111.909072875977,33.3918914794922,-111.909072875977],[26,11]
svnHdlSGMM7A8us7Bh6ViA,33.5910441,-111.7972384,8,[33.5910441,-111.7972384,33.5910441,-111.7972384],[413,328,32]
m1AHP80IkjNIZYPuJnGVFg,33.3689359786892,-112.02306625,13,[33.2811759,-112.0731329,33.4566960573784,-111.9729996],[46,6,119,11]
MKMedDIwLMItdlYPLEoWcA,33.5062577,-112.0388617,38,[33.5062577,-112.0388617,33.5062577,-112.0388617],[177,140,11]
oTB3jV0wp1pf3bHy6Lxv2A,33.324734642306055,-111.790276629608,7,[33.2795972846121,-111.791167259216,33.369872,-111.789386],[224,11,212,361]
sgANmBtbAr1n99zlNzU99g,33.4801355,-111.88088450000001,26,[33.3045866,-112.00644,33.6556844,-111.755329],[6,35,76,99,11,282,72,28,170,202,168]
TGQRbUuikgzO2ARVicH1cQ,33.33288265,-111.75682680739749,4,[33.31081,-111.7897347,33.3549553,-111.723918914795],[7,11,63,109,38,39,99]
bijpIJ93_EsXg3a8arnYZQ,33.5532675,-112.1525685,4,[33.5532675,-112.1525685,33.5532675,-112.1525685],[27,11]
XoDauxslLmZbT3SkmdaDRg,33.38082795,-111.88313355,18,[33.2795563,-111.9810651,33.4820996,-111.785202],[49,341,109,38,11,39,63,99,185,74,24,27,80,82,59,4,6,26,79,121]
NnwfGeM0QSJ2PHpV-hEDkw,33.54237845,-112.03055215,7,[33.503323,-112.181569,33.5814339,-111.8795353],[33,11,48,251,265]
qZrArI2ohkYkQlELl13BKQ,33.49445205,-111.9596348,200,[33.3054251,-112.0827836,33.683479,-111.836486],[49,312,146,17,152,182,99,11,12,13,6,22,84,124,125,97,7,142,38,39,40,8,116,36,113,137,139,10,24,147,80,82,59,60,225,307,212,43,265,173,112,420,63,251,98,108,26,127,119,62,186,57,204,65,28,170,47,48,168,140,161,29,103,30,46,106,54,226,155,414,313,27,45,148,185,126,9,504,91,145,101,293,292,133,88,158,33,114,32,95,222,445,66,52,130,35,208,75,4,160,449,194,274,448,247]
jhB3KV5CP5ms0Ors5gYwaQ,33.3547012,-111.7897898,1,[33.3547012,-111.7897898,33.3547012,-111.7897898],[7,108,48,11]
DMZX22YhKqIXTXUJH233CA,33.4973896,-111.9223075,3,[33.4973896,-111.9223075,33.4973896,-111.9223075],[57,145,38,39,40,48,11]
QEDVhdE7tK6aQp1WuJY69g,33.565871,-112.072502,3,[33.420571,-112.20256,33.711171,-111.942444],[49,231,44,11,38,168,298,88,39]
rm29lbM5tASCPzDoeJc4qg,33.43631905,-112.00607425,8,[33.3928601,-112.0744503,33.479778,-111.9376982],[7,149,8,11,26,33,218,41]
2py7uBykkoMQFYnyuWayGg,33.364155,-111.799471,1,[33.364155,-111.799471,33.364155,-111.799471],[61,166,13,6]
bzIZ7pnVBuYOZX77p5NEog,33.337278,-111.876903,21,[33.337278,-111.876903,33.337278,-111.876903],[99,11]
NDqybujXKTG57CifvmNAxQ,33.5123186,-111.995355,8,[33.5123186,-111.995355,33.5123186,-111.995355],[119,99,11]
JaWg4OeVaR80Vx4SkC5Bxg,33.398293249999995,-111.901287,11,[33.306529,-111.929773,33.4900575,-111.872801],[311,88,38,39,11,224,99,43]
uRgzENYa6NhmTZ4wfJq77w,33.411735572397,-111.8946884573975,200,[33.321061644794,-112.065458,33.5024095,-111.723918914795],[99,11,7,8,119,27]
i7iypF_OaUaKCvwTIj5q3A,33.5222185,-111.9595033,31,[33.5222185,-111.9595033,33.5222185,-111.9595033],[28,17,29]
cxjlQpTzB0B7LdNX5X3Urw,33.4255104,-111.9400054,1,[33.4255104,-111.9400054,33.4255104,-111.9400054],[215,32]
npkwGaYHQIFj_pl_qjnX6w,33.4960516,-111.9303102,115,[33.4960516,-111.9303102,33.4960516,-111.9303102],[38,39,40]
wXi5ifPr1hsCeNZMiwwJcQ,33.508954,-112.0293073,197,[33.508954,-112.0293073,33.508954,-112.0293073],[28,17,29]
vzzuDe0DipdxbAIwvLTpaw,33.4542695,-111.9094198,2,[33.4542695,-111.9094198,33.4542695,-111.9094198],[168,11]
kkCKdyMaZRKRw2X_4oab_g,33.497031250000006,-111.92763,200,[33.4914684,-111.9296765,33.5025941,-111.9255835],[38,48,39,40,11,46,6]
czqAZhNkuTYGIoWkzjBisA,33.56643485,-111.92775270000001,8,[33.4950947,-111.9292934,33.637775,-111.926212],[168,48,11,63]
FJA4V7fwU05_1cf8QhO3uw,33.645450036354504,-112.29595782252,2,[33.6387989,-112.3582339,33.652101172709,-112.23368174504],[7,142]
gNt1HJbPP86gTUxKP3gsdw,33.437384,-112.096872,3,[33.437384,-112.096872,33.437384,-112.096872],[288,32]
am6l0qHNyXrqKPniu7wquw,33.508488549999996,-111.9157986,5,[33.494205,-111.931447,33.5227721,-111.9001502],[11,63,38,39,10,24,101,26,48]
aX3Gy1MWCMWNo5ep9K41Xg,33.436815499999994,-111.99707115000001,8,[33.3061605,-112.1528921,33.5674705,-111.8412502],[126,97,11,7,142,161,65,149,43,48]
HmtYdtVnTSdeR1UlM_gH8g,33.52250565,-112.0001806,9,[33.4471783,-112.0744503,33.597833,-111.9259109],[38,99,128,39,296,11,311,88,119,57,145,48]
J5xhIPq2sbEM_m-mdVC5tA,33.6365584,-111.9197534,1,[33.6365584,-111.9197534,33.6365584,-111.9197534],[33,44,11]
lYeTQPxrukQgh4qQcpCnAg,33.547720850000005,-111.9033239,87,[33.3633837,-111.96086,33.732058,-111.8457878],[33,38,117,39,11,14,15,6,48]
0Tg4OSd_KgYl7ddocRJNlA,33.53763765,-111.97055065,15,[33.4938414,-112.061566,33.5814339,-111.8795353],[98,7,206,11,88,38,39,298,48,27,26,127]
7Rjk4nX3kgATUDRLMgZn3A,33.5819824,-111.9248666,1,[33.5819824,-111.9248666,33.5819824,-111.9248666],[26,11]
gdxUj5dpRzx6ivtqoKGBCw,33.6251792,-111.9404813,3,[33.6251792,-111.9404813,33.6251792,-111.9404813],[99,11]
W2OUwRLJ8DzDDy0GozNntA,33.492985,-112.286067,34,[33.492985,-112.286067,33.492985,-112.286067],[181,11]
-8TJOybMc1b3t1u9Ii272A,33.416797,-111.805626,8,[33.416797,-111.805626,33.416797,-111.805626],[84,345,6,346]
y2zgr5dQ9B1a0kiH9xkBog,33.448333,-112.074127,1,[33.448333,-112.074127,33.448333,-112.074127],[99,11]
wcQZGCHp8fNJgfU6ajsAhQ,33.2846248117518,-111.800343516224,2,[33.261388,-111.857235,33.3078616235036,-111.743452032448],[7,142,185,11]
zBX5kXPk09Z4DHNS7qr9vA,33.49824955,-112.00418065,3,[33.4791,-112.0824683,33.5173991,-111.925893],[126,97,11]
ISTfsB5G2Qsqvr6r4vVy9g,33.46851665,-111.990386,3,[33.4194512,-112.064846,33.5175821,-111.915926],[38,7,47,88,39,48,11,33,98]
x-8MXJKa2ScSUS7YjKIOVw,33.537226450000006,-112.03139349255349,18,[33.4207679,-112.135621,33.653685,-111.927165985107],[188,23,182,172,43,11,48,7,194,119,260]
Mx-sM8KX667x9EMmrj8NsQ,33.5261298494098,-111.9557278498835,2,[33.4640982988196,-112.073568999767,33.5881614,-111.8378867],[43,11,212,97]
PbwBMBR_9Fdf28s0cZ11qA,33.373465,-111.971852,30,[33.373465,-111.971852,33.373465,-111.971852],[158,28]
U0HXCUtAffnQ_aUcu9z6xA,33.3055029,-111.9174486,1,[33.3055029,-111.9174486,33.3055029,-111.9174486],[75,32]
dxaZSMV_0e3xG23XDRWW6w,33.508634,-112.065356,2,[33.508634,-112.065356,33.508634,-112.065356],[6,270]
uIeLMImKlTRFLgoKv63STQ,33.5563445,-111.701684,3,[33.538873,-111.865693,33.573816,-111.537675],[168,169,11,49,305]
oo_Xi-Hai4YPGP2LKYHn9g,33.73014685,-112.31716605,11,[33.4931627,-112.711077,33.967131,-111.9232551],[27,11,63,48,49,28,190,276,126]
kKLAZakWZK_SLs-WtA4zYQ,33.410286122397,-111.8255700573975,2,[33.321061644794,-111.9272212,33.4995106,-111.723918914795],[99,11,6]
4LiJSPGXlWEwMoOGu4nQog,33.470723899999996,-111.920277,5,[33.317906,-111.964138,33.6235418,-111.876416],[167,65,33,11,251,64]
w5gyFR9m4nDbEqXPUtBBTw,33.58348,-111.883526,26,[33.58348,-111.883526,33.58348,-111.883526],[43,11]
VzitMDoL40Eibe6FVLgODA,33.6287021,-111.8821185,2,[33.6287021,-111.8821185,33.6287021,-111.8821185],[65,133]
J9_QRGpKaLmOb24L5W3PIg,33.514142899999996,-111.92887214999999,9,[33.3941258,-111.9394645,33.63416,-111.9182798],[38,101,33,39,128,11,119,10,24,63,99,7,108,88,89]
3xFmGwxQMFOo_xPuq2z1cw,33.43291215,-112.00123645,15,[33.2984055,-112.1612117,33.5674188,-111.8412612],[26,11,7,162,142,99]
guyisW032ZWJAETm8aY3Pw,33.449233,-112.065458,2,[33.449233,-112.065458,33.449233,-112.065458],[27,11]
PMS0GgSAsstTVYETMhMrsg,33.361662285,-111.878643781,2,[33.361662285,-111.878643781,33.361662285,-111.878643781],[1]
UIVwrtoeGqy5zOEALkBEtA,33.4869182,-111.908738,17,[33.4869182,-111.908738,33.4869182,-111.908738],[39,119,26,38,11]
QUhBBr-nxP0mLX9uTjOrvQ,33.4214126082706,-111.942980289459,1,[33.4214126082706,-111.942980289459,33.4214126082706,-111.942980289459],[7,108]
gL2zRgUEuZdQ3yfFfkI0hA,33.5082167,-112.3581458,4,[33.5082167,-112.3581458,33.5082167,-112.3581458],[26,11]
XCF0o89zNvoF2z4-qG_zeQ,33.4354553,-112.0739136,2,[33.4354553,-112.0739136,33.4354553,-112.0739136],[309,285,11]
nI7pQhkNLxPRFjzG3Zq76A,33.4854565,-111.9237257,9,[33.471677,-111.92975,33.499236,-111.9177014],[109,38,48,39,11,414,339,13,6,84,224]
MWIfyGWBijcFJ-3JS1hWnw,33.50186375,-111.822979,5,[33.416232,-111.951184,33.5874955,-111.694774],[11,63,99,27,98,7,24]
LUGzqMjU1p8we9ldBnzVPA,33.51556865,-111.9190983573975,47,[33.3201271,-112.1142778,33.7110102,-111.723918914795],[26,11,182,48,140,117,99,27,7,455,139,98,10,142,108,201,119,63,39,224,38,24,6,250,292,114,13,44,127,9,64,105,65,54,324,208,130,32,35,47,30]
_f-mJqH6NdX1ag0yZqxQLQ,33.488449,-112.076694,1,[33.488449,-112.076694,33.488449,-112.076694],[28,17,29]
9rf-k4eDxmEu6EjmmNxSDg,33.3199269,-111.9804324,1,[33.3199269,-111.9804324,33.3199269,-111.9804324],[6,35,76]
WjJxf7NGZXQAOHuKt-k3qA,33.3365788066646,-111.859488487244,1,[33.3365788066646,-111.859488487244,33.3365788066646,-111.859488487244],[97,11]
IK67cTybF4k4Og5jYUMf6w,33.548933,-112.046248,1,[33.548933,-112.046248,33.548933,-112.046248],[48,11]
UKEoR821QJ6kTXzaNMSQJw,33.54098465,-112.04012895,7,[33.4964751,-112.0839659,33.5854942,-111.996292],[137,7,6,139,224,11,99,109,38,39,63,142]
rPAmGmtW_ELnw6YD73GrKw,33.292661,-111.841159,1,[33.292661,-111.841159,33.292661,-111.841159],[211,32]
z4fu7kyIhtcpf1-Z6GeNmA,33.45156005,-111.92635394999999,7,[33.319395,-111.9777429,33.5837251,-111.874965],[7,108,182,48,140,11]
h2AKBbrycz4bzJ6F8V7a_w,33.57391595,-112.1679347,8,[33.4292429,-112.270132,33.718589,-112.0657374],[26,11,309,285,119,54,55]
3CiFPZtiIgzxwE3Oz8N9lA,33.50251,-111.922671,1,[33.50251,-111.922671,33.50251,-111.922671],[28,17,29]
h2OrDWm-OzsU1avpovCJzA,33.5463367,-112.0332966,4,[33.4878314,-112.036161,33.604842,-112.0304322],[71,72,6,21]
ppWkzu6VBNPShasfApYoxw,33.4982596,-111.9282752,166,[33.4982596,-111.9282752,33.4982596,-111.9282752],[15,6,191]
