jrgYSho0S9DAdQ2XGiP7Bw,33.559670499999996,-111.97663,12,[33.483281,-112.029012,33.63606,-111.924248],[63,27,11,33,48,307,104,133,65]
0HmDWJIUfT1dkZFNCvIKmA,33.5242874,-112.0474855,2,[33.5242874,-112.0474855,33.5242874,-112.0474855],[99,127,11]
H0rNDBxuhcQdUORPdYwjLQ,33.522876,-112.14231559999999,10,[33.4942423,-112.358184,33.5515097,-111.9264472],[39,119,48,38,11,109,265,26]
8ze-KCqtc-UxKlEj-6XWig,33.4854162,-111.9262387,3,[33.4854162,-111.9262387,33.4854162,-111.9262387],[72,287]
IDDDM8_sAdwGuYFhb59Wyg,33.3740437,-111.9194609,2,[33.3740437,-111.9194609,33.3740437,-111.9194609],[57,56]
RCmBxcE6ld-ANzEAS6yeUA,33.0359595,-111.387416,2,[33.0359595,-111.387416,33.0359595,-111.387416],[62,26,17,11]
XGzBVjWR5YdEXt10puTPnA,33.407561,-111.9475246,200,[33.407561,-111.9475246,33.407561,-111.9475246],[88,38,99,39,11]
7ec27T7Es0aN8d-Oul9rcw,33.457863,-112.068359,2,[33.457863,-112.068359,33.457863,-112.068359],[38,48,39,11]
zXOzSwoCbUYm2jtOjDcK2g,33.56349605,-111.98483925,5,[33.4483771,-112.0740373,33.678615,-111.8956412],[119,99,11,84,345,6,346,7,47,48,142,194]
thmf8ZkVsZU6v7nBpZ0FFw,33.4803718,-112.0727251,23,[33.4803718,-112.0727251,33.4803718,-112.0727251],[28,17,29]
7lr2YxDDMf3iBOJHiT8N6Q,33.631662,-112.013035,2,[33.631662,-112.013035,33.631662,-112.013035],[337,32]
5TTceG8_C5KBV4CLC485XA,33.4504828,-112.0739897,2,[33.4504828,-112.0739897,33.4504828,-112.0739897],[28,17,29]
w8uuMkdaSKrcPb0NJQydHg,33.5993116,-111.9800201,109,[33.5993116,-111.9800201,33.5993116,-111.9800201],[33,44,11]
-N19X1Do7t4NAl65ALACGQ,33.422838,-111.939082,1,[33.422838,-111.939082,33.422838,-111.939082],[7,108]
y-WoBvuYL1NOBURoMvMg5w,33.363016,-111.841114,2,[33.363016,-111.841114,33.363016,-111.841114],[149,97,11]
9FbgqZ5u9WTLAs28nNafIQ,33.485679903793,-111.833935975485,200,[33.220784807586,-112.0846008,33.750575,-111.58327115097],[38,11,39,40,63,48,99,128,185,84,339,12,13,6,109,126,169,205,210,24,27,379,33,117,101,265,97,26,119,127,168,206,7,9,10,57,18,209,17,142,338,182,49,52,43,36,98,246,139,423,47,88,145,22,28,29,62,440,8,190,140,64,161,65,260,259]
7_CGN5ytagrHZANPvSOwvQ,33.4527955,-112.0693177,29,[33.4527955,-112.0693177,33.4527955,-112.0693177],[38,99,128,39,296,11]
yCNL_ULJ8M77piFIUJFMpg,33.449233,-112.065458,59,[33.449233,-112.065458,33.449233,-112.065458],[27,11]
FNYt7y9lJFC7Kw04BjN-2g,33.43475,-112.00644,15,[33.43475,-112.00644,33.43475,-112.00644],[28,170]
k_vWGNkwYkigOnbEMNMOvg,33.48053255,-112.0256913,5,[33.4659091,-112.0503324,33.495156,-112.0010502],[43,11,27]
kHpViFeAu-JZCYNuo_SX_w,33.6071829,-111.9403254,4,[33.6071829,-111.9403254,33.6071829,-111.9403254],[221,38,39,40]
Xg31LshSg9Ktiyy-E5ZH5Q,33.727798626657346,-111.92144973772551,3,[33.6222859533147,-111.9387279,33.8333113,-111.904171575451],[218,41,323,11,410,307,172]
cfC-QTUDVgqa8iaOTmGsNg,33.312535999999994,-111.69649050000001,8,[33.244485,-111.792282,33.380587,-111.600699],[7,108,32,203,98,292]
5DZQp_CaArSZTyBP_5LDhw,33.5019817,-111.9276185,3,[33.5019817,-111.9276185,33.5019817,-111.9276185],[99,48,11]
ZtM1ZL3M2VYyc3l_K58lbQ,33.3847445,-112.0216585,9,[33.378697,-112.030813,33.390792,-112.012504],[7,108,99,246,119,139,24,17,423,11]
K32fI8A2Tq5KhxfVdlgDkQ,33.5825532,-111.9301931,36,[33.5825532,-111.9301931,33.5825532,-111.9301931],[486,11]
pU3OGQNIGZFWcPHcI67msA,33.623019,-111.875449,1,[33.623019,-111.875449,33.623019,-111.875449],[43,11]
Rfzp5J6ncz6QPU_TN0lcKg,33.493947,-111.922301,5,[33.493947,-111.922301,33.493947,-111.922301],[13,6,65,114,204,12]
tDU3sPfxsdxTvoS2BbHIiw,33.377437,-111.634661,1,[33.377437,-111.634661,33.377437,-111.634661],[26,11]
M29lpvPD2nSZEvc55VdwrA,33.509606,-112.013469,1,[33.509606,-112.013469,33.509606,-112.013469],[95,32,164]
PeqaHEw94IJ6baeysLXvPw,33.4072249,-111.930549,12,[33.3197988,-111.963668,33.494651,-111.89743],[27,11,71,72,44,24,10,63,49,33,178,26,98,7,119]
R8Vm1249P4E-aZCuiEj7eQ,33.47385561637155,-112.0255180818865,28,[33.4234408327431,-112.111414,33.5242704,-111.939622163773],[49,80,59,167,65,119,11,26,168,181,229,109,38,27,39,48,10,24,7,108,251]
ubbalP-P01DViadUaVBCiA,33.515309200000004,-112.02710935,19,[33.4471735,-112.0772,33.5834449,-111.9770187],[177,140,11,26,127,38,39,40,48]
jjYaIYmDg2imbJPpUiwGKg,33.43967125,-111.91773235,2,[33.3773608,-111.9276185,33.5019817,-111.9078462],[99,48,11,8,7,138,218,139]
CoY1DKt13ZZyq8B1TlK0sw,33.49277670005375,-111.9290375478335,169,[33.4925020001075,-111.9339561,33.4930514,-111.924118995667],[119,99,11,28,17,29,38,39,40,48,224]
7T2ul_LOzArDKjfVRDt-JA,33.536650050000006,-111.98506409999999,33,[33.4462721,-112.0893682,33.627028,-111.88076],[101,38,39,11,26,71,72,130,32,119,54,356,458,49,50,52,104,105,65,6,21,129,278,79,48,57,333,7,194,24,40]
__b7YV2PZCin-nL2KC4RKg,33.499177599999996,-111.9457326,13,[33.493947,-111.9691642,33.5044082,-111.922301],[28,17,29,126,11,161,65]
mLgEyv1ieoX1BsnC6wXtEQ,33.48237515,-111.97151115,6,[33.3939372,-112.0657374,33.5708131,-111.8772849],[97,11,26]
w5I39xcwIkIuVo_tzcCHaw,33.5026207,-112.07844595,3,[33.4959404,-112.0836568,33.509301,-112.0732351],[84,147,24,11]
nOY2abapmYIYaIH4mOEuRA,33.6243155,-112.4169902,6,[33.6243155,-112.4169902,33.6243155,-112.4169902],[64,65]
Y1peG8KmtJw01eb8nR99jg,33.749438049999995,-111.9506443,2,[33.6749989,-111.9776027,33.8238772,-111.9236859],[7,9,10,11,63]
A78fXFF_cnAhWfPqzaWfrw,33.4571,-112.2779895,2,[33.421215,-112.286067,33.492985,-112.269912],[26,11,7,139]
rc9v3Egnw_rBZglF0vr_qQ,33.4321397,-111.9029617,200,[33.4321397,-111.9029617,33.4321397,-111.9029617],[7,455,139]
zInU9Lr0IoWWVwfxy2Meeg,33.5271966,-111.9259109,1,[33.5271966,-111.9259109,33.5271966,-111.9259109],[119,99,11]
NGNqYF_b0yIKcmckPA2Tgg,33.5219518275351,-111.97437286377,200,[33.5219518275351,-111.97437286377,33.5219518275351,-111.97437286377],[49,445,66,52]
iPBdvOGcVmuSuiCEKrQoPQ,33.52066128714,-112.013536,70,[33.3702541,-112.1956243,33.67106847428,-111.8314477],[38,181,39,40,11,7,47,48,84,124,49,80,82,59,27,119,120,57,69,128,322,178,343,98,212,361,71,72,96,184,10,24,99,129,79,224,33,44,65,133,6,250,50,52,142,246,139,17,423,43,101,26,352,147,201,127,333,63,265,483,146,292,338,206,56,145,137,8]
Czll7lUMiaGS1H9rNzU2Ug,33.4471735,-112.073781,1,[33.4471735,-112.073781,33.4471735,-112.073781],[48,11]
90viNYA-1A5za5o2WkuxUg,33.4065733395384,-111.908111572266,1,[33.4065733395384,-111.908111572266,33.4065733395384,-111.908111572266],[63,48,140,11]
uXdPNAA2OG3dD6g8n3q2gA,33.397272,-111.892204,1,[33.397272,-111.892204,33.397272,-111.892204],[211,75,32,381]
gIvI-M_e43VAiUv0BwVznQ,33.4690993746133,-111.877837,12,[33.321864,-112.02943,33.6163347492266,-111.726244],[13,6,4,49,59,12,193,160,7,24,108,119,11,26,39,212,126,293,448,48,8]
-yZJr73bAoPtlpHUL7JBzg,33.51341345,-112.0472005,15,[33.451334,-112.073153,33.5754929,-112.021248],[113,6,116,210,11,177,140,38,39,63,99,26,265]
L-7rI4cDwNIVJFc4vUJbMw,33.4552907,-111.9878697,1,[33.4552907,-111.9878697,33.4552907,-111.9878697],[43,11]
8JMsp0Z9N1eWGFuQcQxD0w,33.6239817,-112.4159659,2,[33.6239817,-112.4159659,33.6239817,-112.4159659],[43,11]
z4hCpJDp-4-T5DIqzso2yg,33.46475985,-112.36402665,13,[33.4598034,-112.3923873,33.4697163,-112.335666],[169,11,119,30,13,6,7,142]
8sWSwj1_ARKed4dYlbsCCQ,33.430535,-112.345359,3,[33.430535,-112.345359,33.430535,-112.345359],[229,11]
mApVxneKdoR7tnvSmtQZmQ,33.4473356,-112.0734239,5,[33.4473356,-112.0734239,33.4473356,-112.0734239],[38,99,128,39,296,11]
OtW79bpAv4-4sixPzhe0IQ,33.51114735,-112.06515454999999,6,[33.4548476,-112.1073361,33.5674471,-112.022973],[19,20,23,210,11,43,63,27,24]
jSpmgqnzXY3iU8E0HkG0ug,33.638669,-112.231662,1,[33.638669,-112.231662,33.638669,-112.231662],[168,41,11]
imjhubhkPVIHq69JNPS4GA,33.4770236,-112.073629,11,[33.4770236,-112.073629,33.4770236,-112.073629],[109,38,48,39,11]
w0WhcjDpMqYHszl-v3IGyQ,33.489904594079,-112.071567,16,[33.466112,-112.082949,33.513697188158,-112.060185],[63,27,11,109,38,39,7,108,48,212]
rSgG9vh4Nso6bBdwxPWiPA,33.4950814,-112.0032205,2,[33.4950814,-112.0032205,33.4950814,-112.0032205],[7,108]
8pRNJ3eSEa9rB8Ol15M5FA,33.5887454,-112.2421636,4,[33.5887454,-112.2421636,33.5887454,-112.2421636],[183,421,65]
3Z1nh8W4d4YWkEAc0VHfFQ,33.53004355,-111.972726,12,[33.477178,-112.045816,33.5829091,-111.899636],[177,285,140,11,119,48,24,99,49,146,17,18,440,260,201,78,79,197,23,344,26]
o02mg_jyBL1QTOP40X1zIg,33.4956035,-112.0999122,3,[33.4956035,-112.0999122,33.4956035,-112.0999122],[7,292,24,11,185,27]
r7xriorYL8MdEa4fFxoxng,33.55814115,-112.13835835,2,[33.4471735,-112.2029357,33.6691088,-112.073781],[11,63]
yf3jApRIlzcl1gbrGnPpjA,33.4354553,-112.0739136,2,[33.4354553,-112.0739136,33.4354553,-112.0739136],[309,285,11]
D0AjBtRU_o3P1VteT97sNA,33.610966780062,-111.94762967260749,10,[33.581586,-111.969566345215,33.640347560124,-111.925693],[117,11,63,27]
_wO4h6Tq3INW6wYAK1oFYA,33.3629571,-111.95398865,15,[33.3044612,-111.9945753,33.421453,-111.913402],[219,218,41,11,224,251,71,72,297]
_-JsSzkBgow_FEHNH3-HFQ,33.4469259,-111.97102135,33,[33.383812,-112.0146407,33.5100398,-111.927402],[28,17,29,33,38,39,11]
2CMpG6a1GxkZzJFa0UcubQ,33.36948465,-111.900543,6,[33.3059969,-111.915926,33.4329724,-111.88516],[38,7,47,88,39,48,11,33,265,185,26]
JAWdCz4EdPles7G2WBU8uQ,33.639241,-111.881719,1,[33.639241,-111.881719,33.639241,-111.881719],[119,11]
KYCW5xpBif5eqt-jvIHTdw,33.45977915,-111.98926625,68,[33.2958392,-112.2260121,33.6237191,-111.7525204],[7,142,43,11,64,65,38,140,39,40,48,126,218,41,6,21,54,324,212,361,49,52,63,97,99,205,128,27,292,265,88,24,33,219,47,3,376,26,108,96,72,296,377,149,57,91,251,123,62,17]
XYVfcuxJ4x805zIWvJ17MA,33.56071965,-112.12284825,18,[33.4435853,-112.3411065,33.677854,-111.90459],[7,108,201,119,11,39,38,26,128,63,65,105,133,48,120,251,265,72,281]
78SZGso0jVxf6aedF_fEkQ,33.49643395,-112.06491215,5,[33.4710214,-112.0649666,33.5218465,-112.0648577],[26,11,119,201,210]
NWNKW_3uPbskkS-tHwdwRQ,33.581877,-111.925123,2,[33.581877,-111.925123,33.581877,-111.925123],[27,11]
jjvBgv1HbW1tn0hegLhODg,33.637989,-112.2712148,2,[33.637989,-112.2712148,33.637989,-112.2712148],[224,11]
nJ5Mx9TjsuQKqi_4DJ8rOA,33.5266038,-111.924627,4,[33.5266038,-111.924627,33.5266038,-111.924627],[27,11]
_T1n_tMYvgt73Ned56TwGQ,33.4657898,-112.0323598,74,[33.4657898,-112.0323598,33.4657898,-112.0323598],[26,11]
ZAgQ6J5HLCxus17F-Qsekg,33.3488989,-111.8237656,1,[33.3488989,-111.8237656,33.3488989,-111.8237656],[119,11]
6excZ3E4uq3S5pnyd5Fw3w,33.6834879,-112.116182,8,[33.6834879,-112.116182,33.6834879,-112.116182],[119,11]
hgzGSMl2m3ZpbVMnnbHJAQ,33.43695665,-111.9267775,19,[33.3632172,-111.996292,33.5106961,-111.857263],[26,11,38,39,13,6,352,63,27,109,57,145,101,48,404,451,98,7,119,10]
m0Qd0BsIzaa-Kdf9xauyVQ,33.583900650000004,-111.92478935,3,[33.583789,-111.927187,33.5840123,-111.9223917],[182,48,140,11,161,65,133]
C7ovmon024GZqSefV6aiZA,33.3428726,-111.80322005,7,[33.331044,-111.8212381,33.3547012,-111.785202],[119,11,27,26,7,108,48]
8dDfxOtj2gC6reYaLbSAxw,33.5734789,-111.99246445,22,[33.4719589,-112.1201999,33.6749989,-111.864729],[174,54,195,65,39,38,27,128,11,7,33,142,24,57,69,99,251,177,140,126,97]
qkNxavKKK5TZsvaXdnHNPQ,33.3778311,-111.90338375,11,[33.2614572,-111.931447,33.494205,-111.8753205],[48,11,99,43]
j66PBSFHA794uU5bBC3OYw,33.36478,-111.842963,3,[33.36478,-111.842963,33.36478,-111.842963],[71,72]
5o7opBKdsXz9p-SIQzcFWg,33.482008,-111.9980358,35,[33.334824,-112.1549576,33.629192,-111.841114],[7,449,97,11,38,99,128,39,296,224,182,48,44,26,149,218,177,140,192,27,168,169,229,185,10,24,49,59,145,57,88,298,63,119,139,416]
5o3PUmUXK3bUusaOfq064A,33.614311650000005,-111.74550925,28,[33.4920033,-111.9276185,33.73662,-111.5634],[99,48,11,127,38,39,126,97]
vELvnbFd4l7IUiS4sIr_1g,33.36658575,-111.84965790000001,9,[33.337095,-111.85953,33.3960765,-111.8397858],[6,100,92,15,248,250]
-vDz-ZA9acDdLEkn63k0AA,33.499499,-111.927402,4,[33.499499,-111.927402,33.499499,-111.927402],[48,11]
_JBVQQ8pR_DutAdVbY2G1A,33.639241,-111.881719,95,[33.639241,-111.881719,33.639241,-111.881719],[119,11]
4fJQVV3r8dTCIaXAVbBEbw,33.5161114,-111.94586895,69,[33.4986978,-111.965872,33.533525,-111.9258659],[126,11,265,161,28,65,17,29,38,99,39]
wSiZa_6c4VX_WMjmRLzblg,33.5206075,-112.07165418309549,17,[33.4657394,-112.1136564,33.5754756,-112.029651966191],[7,292,99,48,11,43,6,200,168,181,229,224,38,39,40]
0PfbCrs1hWo1XjuP4vqetA,33.6298606,-112.3758566,2,[33.6298606,-112.3758566,33.6298606,-112.3758566],[157,103]
qnCsRUmUoc6KWJ_-i6cBBw,33.4376762,-112.127011395485,2,[33.4329724,-112.34971999097,33.44238,-111.9043028],[38,143,39,33,265,185,11]
s-5pi1QYijVabHwM39yAIg,33.4373518,-111.7181797,6,[33.4373518,-111.7181797,33.4373518,-111.7181797],[11,63]
YW_7bCbYkblx4qaAmHFWVw,33.5562654,-112.2644162,6,[33.531725,-112.2707018,33.5808058,-112.2581306],[26,11,38,265,39,27,99,181,48]
VaLnud_522kGn5qvaN8fCA,33.50122745,-112.00195550000001,200,[33.4931793,-112.0718179,33.5092756,-111.9320931],[39,26,127,11,48]
ZoNjo9kuSjAe2m33R4_opg,33.6108797,-112.0982935,1,[33.6108797,-112.0982935,33.6108797,-112.0982935],[98,7,239,11]
gWzo7iIdL7yJfk55BAmXfQ,33.4360415,-111.9956337,182,[33.4360415,-111.9956337,33.4360415,-111.9956337],[28,240,241]
VwQprPTzoO1VuL3_1ARfqA,33.6247911,-111.9257312,28,[33.6247911,-111.9257312,33.6247911,-111.9257312],[11,63]
mxFuY9O4YxyhFJ0dY6SIRQ,33.47344865,-112.02336295,12,[33.4526933,-112.0701129,33.494204,-111.976613],[38,99,39,11,28,17,29]
_tD87EWAtMagkrCuoRfCBA,33.557467450000004,-112.1243646,3,[33.476084,-112.1830922,33.6388509,-112.065637],[105,65,7,8,218,41,11]
tb-OZD94945zjhsumRncHg,33.3702541,-111.9741847,22,[33.3702541,-111.9741847,33.3702541,-111.9741847],[265,11]
MCKpObxBr4qzsxCWvAbbIA,33.54889091686685,-112.09300634548501,21,[33.4219276,-112.34971999097,33.6758542337337,-111.8362927],[7,292,142,38,143,39,26,11,267,182,172,108]
_vse1j9b-G2j4qzM4WitgA,33.403800649999994,-111.93082204999999,5,[33.360423,-112.0744503,33.4471783,-111.7871938],[26,11,57,145,38,39,48,7,36,8]
Qfn3Zdua_WFaau32wAdT0w,33.4972935,-112.02074354999999,200,[33.448587,-112.0732071,33.546,-111.96828],[7,8,28,17,29,38,48,39,11]
9t_s_sux3ucjuqJmXWXxXA,33.4391409,-111.7362002,1,[33.4391409,-111.7362002,33.4391409,-111.7362002],[65,133]
WZsXFKBSJ6baS0RwR5Gc3Q,33.378400016355,-111.67115230158251,2,[33.37745163271,-111.7225305,33.3793484,-111.619774103165],[74,27,11]
s2_xMXhlf8bguoa5ziOFbg,33.467081500000006,-111.929475,10,[33.311379,-111.966963,33.622784,-111.891987],[71,72,7,162,99,11]
UhmhK86Ok8KasPWFkkCGvw,33.4661258,-111.9175385,31,[33.4661258,-111.9175385,33.4661258,-111.9175385],[38,48,11,128,39]
0Pgf02KmPNK-r0ywTM9I6Q,33.34801684999999,-111.91061619999999,2,[33.3322775,-111.9111708,33.3637562,-111.9100616],[104,161,65,49,54,193,242,59]
ws1Aus3O6ZcalHBQRraSHg,33.471191054615346,-111.95034323281399,5,[33.4326053092307,-111.9957399,33.5097768,-111.904946565628],[109,38,48,39,11,7,292,108,24]
E6lx3jAOL16OWe0Ep2oTJQ,33.5185061,-111.9703835,11,[33.4148812,-112.031243,33.622131,-111.909524],[63,27,11,119,48,54,238,64,65]
q618ijV4gVxdrFM_J3ZYuA,33.45837195,-111.9798066,6,[33.378801,-112.070599,33.5379429,-111.8890142],[26,11,224,57,69]
iOaMHaTgAycUJ-c_DR0QpQ,33.439648,-112.026154,1,[33.439648,-112.026154,33.439648,-112.026154],[38,99,26,39,11]
nmgKJvZiVTbhFG5OS-GXoA,33.501383,-111.994991,1,[33.501383,-111.994991,33.501383,-111.994991],[1,384,436]
kUpCw8ATWx2cjlQYu55-dw,33.489047,-111.928033,25,[33.489047,-111.928033,33.489047,-111.928033],[26,11]
M9mayv89c7zxgUS-EKWtHw,33.40123135,-111.9625,45,[33.2994442,-112.0999,33.5030185,-111.8251],[7,138,8,139,373,251,153,11,48,126,142,168,42,43,65,133,39,212,41,33,265,185,108,224,292,38,26,196,99,205,97]
OOxLwlNadygUwL_aG8KnSQ,33.4776625,-111.9860032,29,[33.413158,-112.0962274,33.542167,-111.875779],[26,11,251,210,127,39,212,126,293,38,128,48,99,40,446,109,265,10,63,24]
mRBSrf0-9H3zvp0s3ML__w,33.5650982,-112.0737503,1,[33.5650982,-112.0737503,33.5650982,-112.0737503],[48,11]
xpQ1patVNb8dyDQvGV8Zvg,33.6392183,-112.1530072,2,[33.6392183,-112.1530072,33.6392183,-112.1530072],[251,11]
S5J7zIPTS27DUdh1NaDssg,33.5511765,-112.07464075,10,[33.49112,-112.221663,33.611233,-111.9276185],[99,48,11,7,108,106,279,54,280,107,63,27,26]
IyQ5E3SxsF5MhxypQHAigQ,33.5960442,-111.979984,4,[33.5960442,-111.979984,33.5960442,-111.979984],[26,11]
ODyaekriMPJ4Pk8TcX5g2g,33.3791296,-111.88557875000001,4,[33.326163,-111.978604,33.4320962,-111.7925535],[32,90,4,13,6,115,160,48,120,11]
QYXIGKtjq2-mkFe6Ks9czA,33.4503624,-112.0750461,2,[33.4503624,-112.0750461,33.4503624,-112.0750461],[161,123,65]
8C-2oT1Tjiv6ewIUCksRpA,33.409577654690096,-111.9045515215425,9,[33.3068367093802,-112.065431,33.5123186,-111.743672043085],[7,142,292,98,108,172,11,64,65,119,99]
1ei2hFnH1Q2ESAQyHKCpLg,33.4787943,-112.0478085,28,[33.4787943,-112.0478085,33.4787943,-112.0478085],[26,11]
dznIkK2f4fd2NnhgC_TuDg,33.4354553,-112.0739136,1,[33.4354553,-112.0739136,33.4354553,-112.0739136],[309,285,11]
UKnPXBEyaOdWquZRQd48JA,33.5097112,-112.0962274,2,[33.5097112,-112.0962274,33.5097112,-112.0962274],[251,11]
vZogScun_jFpoIEbAOAqFw,33.378482700000006,-111.817559278495,4,[33.304416,-111.86769035699,33.4525494,-111.7674282],[48,24,11,63,28,17,18,29,113,6,116]
oOFnOdXcP7iiigQpP3ZnUg,33.4471735,-112.073781,44,[33.4471735,-112.073781,33.4471735,-112.073781],[48,11]
K568ApQJB1-0F4jOncooNw,33.4368906,-111.94373,1,[33.4368906,-111.94373,33.4368906,-111.94373],[57,39,145]
3c90aAhf_LjlQ_Y0YgXhEg,33.5368278,-112.0475038,1,[33.5368278,-112.0475038,33.5368278,-112.0475038],[65,133]
JVLhunTUwoX5voKBoEn8Kg,32.8801628,-111.6829533,2,[32.8801628,-111.6829533,32.8801628,-111.6829533],[11]
Avu3BYcXE_97L1H2HLKL2g,33.54843685,-112.07488175,155,[33.5019817,-112.222145,33.594892,-111.9276185],[307,212,43,11,7,138,8,139]
G99vNOR9GTWeSeoHwnax_A,33.526635150000004,-111.97118085,6,[33.4321397,-112.0394,33.6211306,-111.9029617],[177,140,11,7,455,139,48,119,24]
SUcoN2gzxMX3IPfBWp-cSQ,33.53108105,-112.012896,23,[33.4219869,-112.100731,33.6401752,-111.925061],[33,11,7,142,26,99,38,128,39,8,119,212,218,219]
k6HmeLkYE0WwgsOlwTZGTQ,33.495084,-111.999963,1,[33.495084,-111.999963,33.495084,-111.999963],[33,117,11]
du6KeE54IFbPiXpU3LOd1g,33.49068541686685,-111.98704975000001,200,[33.3055166,-112.1223355,33.6758542337337,-111.851764],[49,178,127,11,445,66,52,7,108,38,48,39,109,99,119,42,43,212,224,194,239,26,27,313,387,142,40,44,162,98,185,36,352,24,57,327,128,126,63,14,15,6,191,30,8,13,265,139,113,423,17,18,117,251,33,157,103,10,88,120,141,114,61,470,145,32,302,110,1,218,41,292,225,340,47,89,148,404,451,106,279,54,434,168,97,87,84,345,346,182,140,28,240,241,206,144,208,35,29,137,246,78,79,192,323,440,260,77,76,202,72,281,309,285,322,146,138,296,69,46,333,307,273,172]
LdDVelkKaPyxjUbicbyuDA,33.6202379,-111.9680532,121,[33.5618608,-112.010743,33.678615,-111.9253634],[38,48,39,40,11,251,182,140,30,13,6,7,8,270,71,72,36,49,80,82,59]
c96Wt5V-txF3N1yXZe7o3g,33.4377465,-112.0114223,143,[33.4377465,-112.0114223,33.4377465,-112.0114223],[26,11]
OCCEQL5LvcMLMJsFRLiy_g,33.4354553,-112.0739136,30,[33.4354553,-112.0739136,33.4354553,-112.0739136],[309,285,11]
o5YEA67NP2Apn82GhHBnLg,33.513690458401,-111.90070370000001,19,[33.407162416802,-111.9271523,33.6202185,-111.8742551],[404,451,11,48,26,63,27,267,182,172,98,7,206,212,43,292,108,119]
kLx-jpNgLtgNRRu2Y1tpIg,33.5242874,-112.0474855,15,[33.5242874,-112.0474855,33.5242874,-112.0474855],[99,127,11]
FJ6SNKFRRa1rGNrv35ZCxw,33.47972405,-111.9893173,16,[33.4218047,-112.0743318,33.5376434,-111.9043028],[182,218,11,33,119,99,7,46,6,24,149,97,10]
tVb4o-5YLOw-soxpqPBk_A,33.48971010005375,-111.9164284978335,5,[33.4869182,-111.924118995667,33.4925020001075,-111.908738],[39,119,26,38,11,99]
VRk8leyuxVufgPj2fC7-Vw,33.33322945,-111.928602,29,[33.3037399,-111.9810651,33.362719,-111.8761389],[89,11,109,38,39,63]
lUqXM-s1e8AH1xIcvcmjww,33.377175050000005,-111.92971399999999,6,[33.333182,-111.983142,33.4211681,-111.876286],[43,11,140,177,192,421,65,6,204]
PGMJ3CYc81YWIMS6pSUfGg,33.4471783,-112.0744503,2,[33.4471783,-112.0744503,33.4471783,-112.0744503],[57,145,38,39,48,11]
IGqe2z4-N1Ibh0C3oyGrHQ,33.45889498642805,-111.917437148864,8,[33.335548,-111.9525282,33.5822419728561,-111.882346097728],[212,361,11,7,142,98,10,9]
qHciIMQjwQ8FCqvmB9FrJg,33.40424035,-111.90273225,7,[33.306499,-111.9276185,33.5019817,-111.877846],[39,205,307,212,43,11,224]
jFM2vX4m_b3ZcqZDIiNRUA,33.5997542,-111.90975879999999,7,[33.498915,-111.928258,33.7005934,-111.8912596],[11,63,7,142,84,125,6,87,26]
th1M56s-q6lvf8h7bMC-iQ,33.6241241,-111.9307637,6,[33.6241241,-111.9307637,33.6241241,-111.9307637],[168,265,11]
ZRtxQDzjLp5-nl6t_o-VEw,33.4225411,-111.9041782,6,[33.4225411,-111.9041782,33.4225411,-111.9041782],[7,47]
ULYG4l-WygRCgSfqjZ4C-A,33.530141,-112.0563984,4,[33.530141,-112.0563984,33.530141,-112.0563984],[38,39,11]
ShhF6nTyQLKBcglZeo-JEw,33.45,-111.97,79,[33.45,-111.97,33.45,-111.97],[7,189]
YvxEZjjg469Wx68t28yZkg,33.57273875,-111.92222955,200,[33.499499,-111.927402,33.6459785,-111.9170571],[97,11,33,265]
VeZpbucbT_0j0C4TSfyQiw,33.4221116,-111.8579608,13,[33.3547012,-112.030564,33.489522,-111.6853576],[126,11,7,108,48,26,224]
LVixhkq6xMRr09dsPSqb4A,33.5591145,-111.96625115,96,[33.43475,-112.0069893,33.683479,-111.925513],[161,28,29,17,65,206,11,38,128,39,170]
z5_oZaSu49KcGmQ04ksoUA,33.47429835,-111.96923815,44,[33.3210842,-112.0966474,33.6275125,-111.8418289],[175,129,121,79,63,27,24,11,78,38,48,39,40,99,71,72,65,133,98,7,126,210,119,26,49,80,82,59,10,162,108]
vWW-Tybjk8wc3c--dnCo5w,33.479578950000004,-111.97338479999999,11,[33.319395,-112.0718046,33.6397629,-111.874965],[202,72,7,137,8,139,182,48,140,11]
ExUGFnxtgGRnWTkwOBQViA,33.7112906335341,-112.111108853248,6,[33.7112906335341,-112.111108853248,33.7112906335341,-112.111108853248],[229,185,11]
E_rml-lPdWHmgA4v0j-tjw,33.6274555942383,-112.0197742907715,6,[33.598768,-112.062858581543,33.6561431884766,-111.97669],[49,80,59,79]
MHMKQoxSOVktjlEkOC-37g,33.6683086,-112.2800678,2,[33.6683086,-112.2800678,33.6683086,-112.2800678],[11,27,63]
-TQ1kwbdVKCigc0u1rWZDA,33.508977599999994,-112.1119025,11,[33.3782241,-112.287703,33.6397311,-111.936102],[43,11,177,26,39,41]
oRYjFF1vbovDZBGOMO4Avg,33.502239,-111.9325368,1,[33.502239,-111.9325368,33.502239,-111.9325368],[119,11]
JWaoqZxoTUZeEwAMMq8onA,33.581567,-111.9039715,3,[33.581511,-111.928725,33.581623,-111.879218],[7,142,71,72,73]
USZnHOORVxxVVKhLE9EmMA,33.6818984,-112.2043438,1,[33.6818984,-112.2043438,33.6818984,-112.2043438],[63,27,11]
MMwwm-MEp6-XbXd05r8CVQ,33.46598099062635,-111.858194526755,6,[33.362894,-111.92700305351,33.5690679812527,-111.789386],[88,38,39,89,11,43,338,214,206,224,119,99]
kbaON4piWd9VjtxmXwFqvw,33.456993,-111.492045,13,[33.456993,-111.492045,33.456993,-111.492045],[28,102,190,103]
NkNnFUpZVB0C1UmFWJTluQ,33.5840123,-111.9223917,68,[33.5840123,-111.9223917,33.5840123,-111.9223917],[7,313]
6RnHHv6TyR4wHyo5T6E5Tg,33.5867832,-112.0640449,8,[33.5612589,-112.1156244,33.6123075,-112.0124654],[43,11,48,185]
-oTYr4ZJrqaqj1Mp9sy7yw,33.6071829,-111.9403254,56,[33.6071829,-111.9403254,33.6071829,-111.9403254],[11,63]
aA7HJgxdAca1vdTuCIqdzQ,33.50297155,-111.97556005,200,[33.4948111,-112.02476,33.511132,-111.9263601],[28,17,29,38,39,205,26,11]
Dy5RO6Y5jCUgr8ny0m4GBg,33.4726382,-111.9811665,34,[33.3123284,-112.1686588,33.632948,-111.7936742],[39,38,26,128,11,236,103,248,173,6,112,7,8,117,48,12,61,13,28,17,29,101,111,113,4]
XXCGDMo_6PwImhaJpeVPvQ,33.3641485,-111.80471299999999,6,[33.304492,-111.873637,33.423805,-111.735789],[212,26,43,11,99]
nBWpiVYE1tA-KwD3FUTklA,33.491851499999996,-111.8859157,200,[33.35677,-112.2797864,33.626933,-111.492045],[99,11,212,26,102,103,333,28,190]
3vML-LnH0dIyHCrqF5xEYw,33.5029465,-111.9543772,73,[33.327278,-112.073781,33.678615,-111.8349734],[109,38,11,39,63,117,251,24,7,108,185,6,35,70,76,98,99,10,162,27,65,133,48,182,61,13,85,212,41,43,292,26,168,265,126,224,309,119,285,142,42,218,323,138,8,139,140,192]
2qWICfP7SHYTJM5lXgZlIA,33.6106968433407,-111.927573680878,2,[33.6106968433407,-111.927573680878,33.6106968433407,-111.927573680878],[38,128,39]
Oq_pS3BSpvBYieKI924SrQ,33.6784533,-111.9775162,1,[33.6784533,-111.9775162,33.6784533,-111.9775162],[106,295,65,105,220,54,369]
gU2XR9GnQvu7GUpLCFuLng,33.3358289,-111.859503,1,[33.3358289,-111.859503,33.3358289,-111.859503],[119,120,11]
LgP4NsW1EvVCt4z40sdzrA,33.500545,-111.9264093,2,[33.500545,-111.9264093,33.500545,-111.9264093],[33,38,48,39,11]
UcdsKXNPHmVzi5qPQSCutg,33.5803606,-112.173528,7,[33.449711,-112.272845,33.7110102,-112.074211],[33,11,24,27,63]
PfUB3qa_pUFTdJfuWFR8zw,33.271662,-111.809029,2,[33.271662,-111.809029,33.271662,-111.809029],[119,11]
gY1EkelsuXjPScCZPF94vQ,33.508282,-112.048136,1,[33.508282,-112.048136,33.508282,-112.048136],[41,11]
Mf36INo4X0bN95pos1O3Fw,33.53172982576385,-111.9286601367525,9,[33.4886986,-111.9954929,33.5747610515277,-111.861827373505],[38,11,99,128,39,6,284,35]
M6kAQ2anG2c8-fcoHEC_1A,33.563864578689206,-112.02726949999999,15,[33.4566960573784,-112.166508,33.6710331,-111.888031],[212,26,11,126,57,69,65,133,119,63,306,219,218,41,104,6,204,109,38,39]
vCqiNuf7iEK71ytGBzwkKg,33.4957329,-111.93968785,17,[33.3216034,-112.041489,33.6698624,-111.8378867],[43,11,126,26,218,119,62,24,17,251,63,88,38,99,39,177,140,7,108]
nb-7hIBnNq444Cox8z4XhQ,33.5737728,-111.9054892,4,[33.5737728,-111.9054892,33.5737728,-111.9054892],[195,65]
nnMOnqA_7fx2zzw4-83R2Q,33.414238499999996,-112.02814520000001,88,[33.333182,-112.084462,33.495295,-111.9718284],[26,11,177,140,43,6,70,219,218,41]
xhl1ADSQzZzV1LfeREDQfw,33.6273043125159,-111.894766598404,1,[33.6273043125159,-111.894766598404,33.6273043125159,-111.894766598404],[57,69,48,11]
SnbTDuEJZ3bvarb2L0Ykrw,33.541068300000006,-111.99623545,9,[33.4702022,-112.0653186,33.6119344,-111.9271523],[57,99,7,36,69,11,33,38,39,267,182,172,26,126,97]
pUf-Q50sjSN93syXoRFVCA,33.44560475,-111.9458232,13,[33.2984055,-111.9955012,33.592804,-111.8961452],[27,11,7,142,99,36,49,80,82,59,212,361,43]
2hpX0JWxiuwY3uvMbf7w7g,33.3776765,-112.0265945,8,[33.3776765,-112.0265945,33.3776765,-112.0265945],[48,11]
OdM07OfjKUkb6mpGQQETMA,33.4064076,-111.7716542,1,[33.4064076,-111.7716542,33.4064076,-111.7716542],[33,11]
Sq2Ggj2UgbPH1wLS3tNZEg,33.6401217,-112.1116606,2,[33.6401217,-112.1116606,33.6401217,-112.1116606],[218,41,11]
mSFDLuI9WAsIfBpFKa0O3A,33.5859656,-111.925683,4,[33.5859656,-111.925683,33.5859656,-111.925683],[49,178]
px2RiQ7zbM9BR9ALuwkJfg,33.4144356,-112.0077891,48,[33.4144356,-112.0077891,33.4144356,-112.0077891],[28,17,29]
plCWq8SR2KpQL2qWw0CKYg,33.4611804411431,-112.359774112701,1,[33.4611804411431,-112.359774112701,33.4611804411431,-112.359774112701],[98,7]
uFbPU8MqdxRBb_Fq0GPRrA,33.017727,-111.392423,1,[33.017727,-111.392423,33.017727,-111.392423],[11,27,63]
M9HJ0uOqHDEd9xc5LVmfdw,33.560832000000005,-112.0958512,18,[33.3216034,-112.2747334,33.8000606,-111.916969],[84,147,98,7,24,11,206,64,65,48,28,442,241,63,26,43,185,373,97,49,80,82,59,113,6,116,126,158,17,161,29,33,265,178,231]
EmV-u43_95DLayUfT0Ji7g,33.5433228,-112.05237125,4,[33.4152426,-112.185076,33.671403,-111.9196665],[7,36,148,57,69,27,11]
-896HwNelQJLFZUqW81Hsw,33.40834185,-111.85303239999999,2,[33.321864,-111.9798208,33.4948197,-111.726244],[119,11,7,24,108]
bVnOZTk98o0TFTBfQVTYDA,33.444799,-112.066662,200,[33.444799,-112.066662,33.444799,-112.066662],[57,327]
7oAJnUltkTGfQp9Yq8KOIg,33.637173,-111.927315,64,[33.637173,-111.927315,33.637173,-111.927315],[231,18,17,49,28,29]
gKjRRq7C97R6wPeOrF_uCA,33.6357834,-111.9253272,4,[33.6357834,-111.9253272,33.6357834,-111.9253272],[11,63]
K4FAia2Iy5MVnmBLfS-mCg,33.50931635,-112.06183895000001,200,[33.449233,-112.0826785,33.5693997,-112.0409994],[13,6,115,372,26,11,43,27]
WX0TWRCvbzXsj-nzPxHcpw,33.463543,-112.341878,8,[33.463543,-112.341878,33.463543,-112.341878],[126,97,11]
6rIEChxo3GyKLfJQtim1cw,33.546,-111.96828,2,[33.546,-111.96828,33.546,-111.96828],[26,127,11]
9a2MxmmDQlCqyLPaJGlkfQ,33.572525549999995,-112.1307004,6,[33.5095354,-112.233809,33.6355157,-112.0275918],[33,11,24]
Y31fbbttanfrS5oSMvSqkw,33.45253955,-112.00767625,36,[33.3927605,-112.0745395,33.5123186,-111.940813],[99,201,10,11,7,292,142,43,47,48,27,38,88,39,40,168,144,128,119,57,470,145,24,26]
D6MBY597pQEjrzURI3pWQQ,33.4493789672852,-112.342239379883,155,[33.4493789672852,-112.342239379883,33.4493789672852,-112.342239379883],[33,11]
FG4L3dXNZUfbyvv1-flt0Q,33.18510475,-112.31828185,79,[32.9482948,-112.7113217,33.4219147,-111.925242],[224,11,26]
utpgFUWP5LJIlu2Qk0yn3A,33.480016,-112.080631,4,[33.480016,-112.080631,33.480016,-112.080631],[119,120,11]
iltcj5r8z2ojVgbpykZN0g,33.5469668,-111.8990205,2,[33.5094077,-111.910535,33.5845259,-111.887506],[7,8,6,45,33,99,24,11]
M64PEpusRD204_h8Ys-WFg,33.421983,-111.947744,2,[33.421983,-111.947744,33.421983,-111.947744],[6,270]
PKZvqm3IeWiWBYoDDoEG4w,33.5376434,-111.908547,10,[33.5376434,-111.908547,33.5376434,-111.908547],[10,24,11]
GL3keDbu8pyh5SOoGkWALQ,33.610134,-112.1665339,7,[33.5094461,-112.3531229,33.7108219,-111.9799449],[33,117,48,11,63,27,84,1,125,263,307]
47VCrr83Tvtkp1FvDa0ftQ,33.37150919916755,-111.78470010000001,35,[33.2345954983351,-111.88516,33.5084229,-111.6842402],[106,54,107,26,11,15,25,6,49,52,387,27,7,108,48,191,98,24,33,47,188,23,99]
WqmrJgRcyBHiDwLg1DX3FA,33.3038468,-111.8330814,6,[33.2711537,-111.8763382,33.3365399,-111.7898246],[126,212,11,7,108]
VXUIEbW9_xbCqs12EYD8QA,33.4227,-111.93210989145649,11,[33.348109,-111.951981782913,33.497291,-111.912238],[7,137,8,139,24,11,15,6,191,108,182,172,48,140,65,133,63,27]
IE_nJq65Qpso5fN4tG9zjQ,33.46175577403005,-111.97696923689901,113,[33.3070935480601,-112.2641158,33.616418,-111.689822673798],[27,63,24,11,8,6,116,7,36,113,138,139,137,98,46,168,42,43,73,72,55,54,20,23,12,61,13,114,108,4,5,425,160,49,52,28,170,57,327,39,205,38,48,64,65,251,229,30,69,26,142,292,265,126,97,218,41,99,180,40,212,395,80,59,185]
3T3lp7qTwbIKZ_hcslvIXA,33.4637857,-112.02338805,10,[33.417295,-112.0732351,33.5102764,-111.973541],[17,62,24,11,161,65,133,119,120]
1ykGYq1ERicaZWCl5-Vi0Q,33.5466446,-111.9978719,28,[33.4146742,-112.1045404,33.678615,-111.8912034],[251,11,27,26,49,48,178,33,44,224,206]
Rv3k5uOZT5i40aLmlhw4DA,33.385548,-111.7541801,1,[33.385548,-111.7541801,33.385548,-111.7541801],[126,97,11]
53kLNUg5MYCwAdQqtxfF3A,33.5160857786892,-112.0687431684965,3,[33.4566960573784,-112.072327136993,33.5754755,-112.0651592],[119,11]
Fg37azXEdjgYq3OAjFGB6g,33.654517,-112.18729,3,[33.654517,-112.18729,33.654517,-112.18729],[26,11]
xSROZNM4J4B2trWeASDevw,33.4253394,-111.9398532,9,[33.4253394,-111.9398532,33.4253394,-111.9398532],[465,57,39,145]
J5B0z2zn6BpnT1C32MHBhA,33.52001165,-112.11541845,9,[33.4581718,-112.3043999,33.5818515,-111.926437],[265,11,483,44,285,296,33,99,38,39,293,128]
dx8guo_yRTCEwGJhWLboxA,33.45099775,-112.06945884999999,25,[33.4492,-112.0696,33.4527955,-112.0693177],[177,140,11,26,127]
U8Q4IYl4Q4DicpROht982Q,33.5218,-112.020346,5,[33.5218,-112.020346,33.5218,-112.020346],[28,17,29]
q_depZqSFOtI0kT3F6Ihbw,33.529952949999995,-111.9815476,6,[33.495343,-112.0476735,33.5645629,-111.9154217],[43,11,88,38,99,39]
1r7dSiDim_U0GFn8V4HvAQ,33.5127699,-112.0740123,4,[33.5127699,-112.0740123,33.5127699,-112.0740123],[109,38,11,39,63]
kyzNPey3686I9NJcLef4_Q,33.662594,-112.030244,7,[33.662594,-112.030244,33.662594,-112.030244],[175,129,79]
9ZbwFZhqWVwdbuYSP_FjWg,33.43335895,-111.92742465,7,[33.3550442,-112.0653185,33.5116737,-111.7895308],[43,11,7,108,224,210,10,24,63,185]
oJdX0kctKtZUqRzSzxsWfQ,33.4953013,-112.0001334,1,[33.4953013,-112.0001334,33.4953013,-112.0001334],[126,43,11]
GI1CmSMx9jeC6490zzek3w,33.639896,-111.94439,1,[33.639896,-111.94439,33.639896,-111.94439],[340,210,11]
fYrc_ZSvKfLdLHfXzF7rhA,33.319395,-111.874965,21,[33.319395,-111.874965,33.319395,-111.874965],[182,48,140,11]
WIzcwOdGG8MM2SXnfQguxg,33.505658600000004,-112.0389598,4,[33.5025812,-112.0477023,33.508736,-112.0302173],[83,6]
v5sQ4jgnFWDp9RMl5TYwrg,33.6191197,-111.91100535000001,14,[33.582555,-111.930192,33.6556844,-111.8918187],[173,6,112,98,7,24,11,64,65,33,99]
GE-34FoRSTKuw8OWBc4YrA,33.488696250000004,-111.9500638,11,[33.4078685,-112.0656645,33.569524,-111.8344631],[7,449,97,11,212,391,149,229,98,24,63,117,26,218,219,108,27]
7-ly4LI9XWLXkFiM2vHxrw,33.465823650000004,-112.00126255,44,[33.407927,-112.1091081,33.5237203,-111.893417],[38,39,40,126,97,11,106,54,131,99,88,26,127,43,63,27,24,177,140,33,109,48,119,265,169,7,108,212,57,145,6,186,251,206]
F7GpxKGUwRWenZNPmzjlkQ,33.580982750000004,-112.00327915,5,[33.5222185,-112.047055,33.639747,-111.9595033],[48,11,33,24,120,26,127]
Zz5RKQScfM5QkF1H8yejxw,33.589248749999996,-112.03003584999999,2,[33.5819824,-112.1352051,33.5965151,-111.9248666],[26,11]
Ye--h2-INA9_dmtBIDIYzQ,33.617273,-111.926576,1,[33.617273,-111.926576,33.617273,-111.926576],[7,142]
pRqzsJ48snEQIPPpjaxyeg,33.58108635,-112.151298,15,[33.449188,-112.225396,33.7129847,-112.0772],[24,11,7,36,49,80,82,59,71,72,189,10,27,224]
c6l0oYvOy-S3OqZ7ir7AhQ,33.6554974,-111.9253559,3,[33.6355242,-111.9253733,33.6754706,-111.9253385],[43,11,149,126]
XTAKm1xNeFaLItYeDYcfUg,33.41466671048185,-111.97987480725101,3,[33.3198334209637,-112.063826,33.5095,-111.895923614502],[7,36,182,24,11,33,119,99,142]
cKtCb0yy8n_-Bfxs0h_sCg,33.407079,-111.917216,1,[33.407079,-111.917216,33.407079,-111.917216],[39,38,27,128,11]
JownYBhVrfPt-7TYC72qaQ,33.4484009,-112.0715171,9,[33.4484009,-112.0715171,33.4484009,-112.0715171],[27,11]
POvdnaJ4O4mQo6Y0NzgESw,33.509755,-112.08407,3,[33.509755,-112.08407,33.509755,-112.08407],[185,11]
69fI1xcvieZVRQtyM-c9sw,33.5801216,-112.041633,19,[33.449233,-112.19974,33.7110102,-111.883526],[126,97,11,26,39,44,27,119,17,18,10,24,7,142,129,121,79,224,338,382,206,175,332,41,42,43,296,212,292,265]
tGfixyuAcecp8inl2L6uDg,33.63849605,-112.025954,17,[33.449799,-112.168382,33.8271931,-111.883526],[48,24,11,7,142,182,140,38,39,40,27,9,119,218,307,265,99,212,26,28,442,241,98,108]
7SwY7uFkM2YErld6hGtbCw,33.4329724,-111.9043028,14,[33.4329724,-111.9043028,33.4329724,-111.9043028],[33,265,185,11]
LUTxthLvK95nZoM_Piu9Ow,33.317906,-111.964138,4,[33.317906,-111.964138,33.317906,-111.964138],[12,13,6,372]
DOJbGtr2vWTKSSl91xpsag,33.407025175730595,-111.95751245,200,[33.3050485514612,-112.073196,33.5090018,-111.8418289],[43,11,7,108,265,126,97,251,42,119,33,162,168,38,47,88,39,48,65,133,13,6,115,372,24,140,40,189,10,109,27,98]
RmiR-4M-OkQXuMdL1yyFGA,33.4622824,-112.1165337,10,[33.4622824,-112.1165337,33.4622824,-112.1165337],[288,32]
bsr5z13fberCAGTsshR8Eg,33.30672735,-111.84576709999999,2,[33.304775,-111.947948,33.3086797,-111.7435862],[33,11,27]
rzDdV9IAK7U-oQXInkCuAA,33.4531502,-111.9869274,124,[33.4531502,-111.9869274,33.4531502,-111.9869274],[28,17,29]
DUhOIj8upzAs_xMZpCf-Xg,33.4077924,-111.85414,2,[33.4077924,-111.85414,33.4077924,-111.85414],[26,11]
zZxr7X10CDThXZbnkLmNVA,33.4696062,-111.92416725000001,49,[33.327278,-112.0648845,33.6119344,-111.78345],[175,129,332,79,121,26,11,27,195,65,251,10,49,231,52,43,57,69,28,258,17,29,7,9,119,322,98,267,182,172,224]
YDlyV0apUqilXg2qkycXnw,33.4636012,-112.0535987,3,[33.4636012,-112.0535987,33.4636012,-112.0535987],[0,1,335,3]
Dsm2esxkc67Ni9IWKwdhOA,33.4435853,-112.3411065,10,[33.4435853,-112.3411065,33.4435853,-112.3411065],[48,120,11]
_ItBglS_qJbQ1ii_kOgW0g,33.3929499,-111.9115003,4,[33.3929499,-111.9115003,33.3929499,-111.9115003],[65,133]
lx4Sn0-l9yndXDpkcHHiWw,33.305824,-111.991311,17,[33.305824,-111.991311,33.305824,-111.991311],[7,108,338,11]
3kw-t7g57az8X0shx13KYw,33.40369,-111.8905885,6,[33.305559,-111.919938,33.501821,-111.861239],[72,154,265,185,11]
T85XwFeFpSmKtAXeQKTPvQ,33.6387798,-112.1672471,1,[33.6387798,-112.1672471,33.6387798,-112.1672471],[7,33,142,120,11]
wIi2J1UGRB2G_3vu5eNK3g,33.5231881,-111.9870217008575,62,[33.4474542,-112.083886,33.598922,-111.890157401715],[33,38,39,11,48,63,27,24,7,36,8,247,13,6,115,372,119,99,182,172,108,26,40,17,28,29,49,193,59,98,224,109,440,139,137,449,97,352,57,145,54,55,122,185,338,214,206,168,265,96,72,45,104,161,195,65]
LL4cvz4wDhw9i0BIXEGd5w,33.51594925,-111.96352540000001,79,[33.4930514,-112.0047498,33.5388471,-111.922301],[28,17,29,99,11,109,38,39,63,265,161,65]
yj45x71_yX_YEBCnUIhyeA,33.5744834,-111.8629187,3,[33.5744834,-111.8629187,33.5744834,-111.8629187],[48,11]
_jjIaczpcVDpHlH6l334rQ,33.5220168,-112.0048814,118,[33.2464762,-112.2641158,33.7975574,-111.745647],[224,11,6,110,27,63,185,8,7,138,139,192,323,168,144,43,42,119,109,38,39,364,35,200,49,158,178,28,33,47,48,181,251,26,141,177,140,120,24,99,212,285,129,32,79,313,218,41,142,10,44,340,201,210,46,98,182,57,327]
m2uaBX3VmZZSc3NyD1qyoQ,33.40747725,-111.93077629999999,22,[33.3056789,-112.0718179,33.5092756,-111.7897347],[48,11,109,38,39,63,311,88,119,26,185,224,212,229]
TGrvLZuUixzBY8B5GMxYxQ,33.4652885,-111.8789305,23,[33.292802,-111.997669,33.637775,-111.760192],[99,11,7,98,10,9,64,65,1,63,71,72,297,119]
uw5OeObYGHMpd7WaX_N3Mw,33.595881,-112.134443,1,[33.595881,-112.134443,33.595881,-112.134443],[33,117,24,11]
nmzGStGM98B5C7zYXLC7Tg,33.38556835,-112.01910575,2,[33.317906,-112.0740735,33.4532307,-111.964138],[33,11,7,108]
X4BezOtEtkuQQtW3piueSQ,33.46031493437035,-111.953486,7,[33.4217138687407,-111.987152,33.498916,-111.91982],[308,54,195,65,155,38,99,88,39,128,11,84,171]
qHIQkZ_l3nYpHnFFj8Qt6w,33.43549015,-111.971627267456,5,[33.4217923,-112.0772,33.449188,-111.866054534912],[48,11,98,7,24,28,240,241,26,142]
y2ptVaG2aGfHYMAoqH3zLQ,33.5458701583035,-112.03899340000001,5,[33.508533016607,-112.0648577,33.5832073,-112.0131291],[210,11,108,7,119,38,109,39]
sUX15R380-MY4zy-IteFwg,33.455572,-112.0720214,4,[33.455572,-112.0720214,33.455572,-112.0720214],[38,181,39,40,11]
VQPuSJLpPq6u17ZDD9bY9Q,33.5802421,-111.9258314,2,[33.5802421,-111.9258314,33.5802421,-111.9258314],[48,206,11]
w96VgyPS5kgEm74GMGUf4Q,33.421909,-111.9506847,5,[33.421909,-111.9506847,33.421909,-111.9506847],[244,11]
F7zktmTInsmjF6NSi4tDUQ,33.6549552,-111.8793833,27,[33.4941704,-111.9746066,33.81574,-111.78416],[98,7,8,137,139,13,6,115,182,229,11,109,38,39,169,49,52,66,33,117,265,126,97,99,119,168,48,27,65,133,206]
kxQWT3Xozgw6dGcs-5Y7gQ,33.4423345,-112.0736563,6,[33.4423345,-112.0736563,33.4423345,-112.0736563],[38,39,40,11]
auHGQcvYjB_-Ds8xC7mYmw,33.5609976,-111.90987870000001,2,[33.495263,-111.928554,33.6267322,-111.8912034],[27,11,26]
UwmuSC2fOBzadF6itgC45A,33.5839581,-111.9788671,4,[33.5839581,-111.9788671,33.5839581,-111.9788671],[182,218,307,11]
-bO7P1OtJBKN3rlGpolaFA,33.457530500000004,-112.0291225,22,[33.41287,-112.083886,33.502191,-111.974359],[307,27,172,11,7,108,24,98,54,68,366,109,38,39,63,309,285,161,123,65,119,26,10,177,43,212]
KepFAipDMPuIHS7TyQFylA,33.4981648,-112.2109562,83,[33.3406452,-112.5016551,33.6556844,-111.9202573],[72,154,206,11,26,48,27,63,24,43,44,212,120,38,140,39,40,149,97,143,101,88,265,373,99,246,7,119,139,17,423,47,182,168,181,229,322,57,126,46,6,205,307,172,109,28,29,41,12,61,13,114,224,108,141,15,21,216,127,77,35,76,177,285,340,8,185,68,366,128,442,241,49,445,66,52,506]
poTwS_wUdqgQin9g1cYUjw,33.55373595098115,-112.03139349255349,4,[33.4537869019623,-112.135621,33.653685,-111.927165985107],[7,182,194,172,11]
Tg-tBEwZAaJk1r7u7WboTA,33.42548155,-111.98601895,4,[33.4194512,-112.0561119,33.4315119,-111.915926],[38,7,47,88,39,48,11,168,298,26]
kjPFNrvys5yTU0TnaixzWQ,33.40732255,-111.88084905,4,[33.3932601,-111.893092,33.421385,-111.8686061],[24,11,92,15,57,6,14]
FX9273MUWSM_LxtmFVriaw,33.43946965,-111.98227385,13,[33.3549553,-112.174813,33.523984,-111.7897347],[129,175,332,79,121,265,11,119,120,97,109,38,39,63]
DqFGls_MD49xDngtyog2wA,33.45263945000001,-112.0299829,11,[33.334712,-112.1851758,33.5705669,-111.87479],[126,97,11,48,185,24,7,292,224]
jDIloYYv47DJx8S2xQYsyQ,33.50876165,-111.93889805,185,[33.4322113,-112.0429513,33.585312,-111.8348448],[28,170,7,292,99,48,11,24,17,29,271,168,26,127,38,88,39,128,63]
1CjD6VxOm7rY2y1gVLSIKA,33.307325126378,-111.74171169729,2,[33.307325126378,-111.74171169729,33.307325126378,-111.74171169729],[265,11]
ZlTOr3qTPLceop5Eo2mOCA,33.5879473,-112.1164668,1,[33.5879473,-112.1164668,33.5879473,-112.1164668],[168,169,11]
GmBXmhbVHNGBpCzsrPDZlA,33.64049075,-112.02278915,75,[33.6266195,-112.1169683,33.654362,-111.92861],[212,26,11,38,99,128,39,296,7,313,28,17,29]
Z4ZL_Q8vb592gkKtMJFVuA,33.6026595,-112.0367284,147,[33.6026595,-112.0367284,33.6026595,-112.0367284],[26,11]
I9TVtuQhcg6ejpexLzy0rA,33.664099050000004,-111.92870235000001,3,[33.497828,-111.9317707,33.8303701,-111.925634],[48,11,265,126,97,352]
NBOHEUQGMD56HRE3xPbGow,33.5079980226121,-111.92092118335401,16,[33.4930514,-111.9339561,33.5229446452242,-111.907886266708],[49,50,52,161,28,65,17,29]
IfIepJMOEGc7oy9SuTBtFA,33.5511658,-111.928033190979,6,[33.4787939,-111.930513381958,33.6235377,-111.925553],[98,7,292,17,62,309,119,285,11,4,13,6,115,160]
WhqZH34iH28j62FM1sgwIQ,33.491645,-112.073196,1,[33.491645,-112.073196,33.491645,-112.073196],[38,140,39,40,48,11]
_HLJC6BNod6cuv08IW-ygA,33.509702,-112.042514,30,[33.509702,-112.042514,33.509702,-112.042514],[26,11]
bZw8yyI-wcrs5XUl-Juckw,33.519167499999995,-111.9560361,200,[33.492335,-111.9884173,33.546,-111.9236549],[38,99,39,40,11,26,127,161,28,65,17,29,182,48,140]
2u7v4hKWKv5hzXAGNH-IgA,33.57653845,-111.99981149999999,80,[33.3197988,-112.123848,33.8332781,-111.875775],[224,11,38,39,27,7,108,48,49,80,82,59,43,138,8,139,141,6]
pJSkNR5Rr8nxlINBdih9zA,33.5667871934451,-111.924934387207,2,[33.5667871934451,-111.924934387207,33.5667871934451,-111.924934387207],[166,6,21]
Gs46q76lBcDSkywgS-8dMw,33.362439,-111.445693,1,[33.362439,-111.445693,33.362439,-111.445693],[49,178]
BuHRkr7TQCpL1TmopZYT1A,33.581826199999995,-111.90774145,10,[33.5397391,-111.9257372,33.6239133,-111.8897457],[38,39,48,40,11,202,72,465,168,265]
ROMFsqS8D0Rar9fOrLi7Fw,33.5318417,-112.0479816,1,[33.5318417,-112.0479816,33.5318417,-112.0479816],[98,7,404,11]
5SW6W9QwAr-brcw5gxiSsw,33.4949379,-111.9292967,37,[33.4949379,-111.9292967,33.4949379,-111.9292967],[6,270]
8cmZooMiWwP-nIfFrkP0BQ,33.5102068,-112.0272041,1,[33.5102068,-112.0272041,33.5102068,-112.0272041],[48,11]
p0-4qGE2pWnoc87nUlzMOw,33.4471735,-112.073781,6,[33.4471735,-112.073781,33.4471735,-112.073781],[48,11]
sQpadbNhqhDVLMmE_Oj4hw,33.682848,-112.203559,3,[33.682848,-112.203559,33.682848,-112.203559],[168,11]
Rk95w-MMDzXzIvCF0SJUtQ,33.42494345,-111.99331325,10,[33.3406452,-112.069084,33.5092417,-111.9175425],[127,11,182,172,7,137,8,139,108,98,6,77,35,76,163,13,61,114,12,119,99]
Wv4DMWNrC82EBjDTbaVR6Q,33.6540393,-112.1862689,1,[33.6540393,-112.1862689,33.6540393,-112.1862689],[4,13,6,115]
UBdDMmyyFsUG1VfFJsr-zw,33.499504,-111.927891,4,[33.499504,-111.927891,33.499504,-111.927891],[48,24,11]
a5Tu7TMtht2zod-8CFd5oA,33.3999435,-112.0297841,73,[33.3999435,-112.0297841,33.3999435,-112.0297841],[185,11]
tVMlUkKp6E_5SfszdCtosA,33.710985,-112.200326,4,[33.710985,-112.200326,33.710985,-112.200326],[7,108,57]
5Wy5jWIhNwHZ6E75bUGkJg,33.652509,-111.932952,13,[33.652509,-111.932952,33.652509,-111.932952],[49,80,82,59]
XG7y5p6ACHkrtlkinvynnQ,33.483281,-111.926895,3,[33.483281,-111.926895,33.483281,-111.926895],[63,27,11]
qLCpuCWCyPb4G2vN-WZz-Q,33.438248099999996,-111.9368407,99,[33.3290012,-112.082949,33.547495,-111.7907324],[7,108,49,341,72,395,224,11,6,33,36,28,17,29,38,168,298,88,39,24,27,181,229,57,99,69,145,12,114,13,30,128,48,212,265,126,97,40,127,109,63,146,26,8,182,140,84,124,125,172,43,186,77,35,76,307,22,119,142,96,137,139,205,340,15]
0TWVQHr52bJF4KPvKdOXWg,33.365582399999994,-111.8313197,27,[33.2329052,-111.968469,33.4982596,-111.6941704],[6,35,7,108,15,191,162,14,76,292,142,26,11,98,24]
ApOSzkrrEza21WGcgLXkxQ,33.393199100000004,-111.76878485,12,[33.277061,-112.0608177,33.5093372,-111.476752],[109,38,48,39,11,126,177,140,26,78,79,219,218,41,212,63,97]
Q6QqVBXa1jiZV5sJaeaV-w,33.6252709,-112.1319062,2,[33.6252709,-112.1319062,33.6252709,-112.1319062],[30,13,6]
btpVZsSHASDJY5hCihyXIg,33.5478355,-112.0474569,18,[33.5478355,-112.0474569,33.5478355,-112.0474569],[28,17,29]
WBap8JonpZph4e2fTYjTjg,33.501076999999995,-112.03115065,2,[33.494729,-112.0366323,33.507425,-112.025669],[13,6,22,35,11,63]
RPbWp2dl-LD6l5s-nKSVhg,33.406716,-111.926727,2,[33.406716,-111.926727,33.406716,-111.926727],[72,154]
FOzh9ltCpba51HmZB0Jz0A,33.31873856595405,-111.881408378705,6,[33.2815660319081,-111.97295665741,33.3559111,-111.7898601],[63,27,11,57,145,258,39,28,17,29,26]
P9EGAFwPO-tjuU1u5sWeiA,33.5093372,-112.0608177,2,[33.5093372,-112.0608177,33.5093372,-112.0608177],[212,63,97,11]
wbr5IKTp8_9Wp7ZQHabw7Q,33.4329724,-111.9043028,1,[33.4329724,-111.9043028,33.4329724,-111.9043028],[7,189,10,24,11]
KrOb8HSKOE13wSBP7Xy1tw,33.50291,-111.933098,6,[33.50291,-111.933098,33.50291,-111.933098],[28,17,29]
R9BsAJxXe31AWNsPqDQDTQ,33.3547012,-111.7897898,3,[33.3547012,-111.7897898,33.3547012,-111.7897898],[7,108,48,11]
mpcAMigGGn0ftA8RMucVLw,33.5429501,-112.10470655,7,[33.4646902,-112.2797366,33.62121,-111.9296765],[249,6,15,14,7,108,84,21,358,359]
Wj0r9VOpoIyRpaa6y5XGmA,33.45179935,-111.90048355,65,[33.2937998,-112.079081,33.6097989,-111.7218861],[27,11,63,26,127,206,38,39,210,181,99,126,98,7,119,24,185,219,218,41,182,229,88,40,128,224,48,265,97]
Ce2IxV4TMVjqzLthcSnEhw,33.4478611,-111.914492,6,[33.3931281,-111.9296765,33.5025941,-111.8993075],[265,11,6,21,24]
7uFnsNogItcMMQEJw_WMXQ,33.5879473,-112.1164668,28,[33.5879473,-112.1164668,33.5879473,-112.1164668],[168,169,11]
4D-8OaHKOJmNZzgXSqXjJQ,33.40374515,-111.9365061,3,[33.3928392,-111.9402378,33.4146511,-111.9327744],[7,212,391,11,12,61,13,6]
T4Es2g6LDAunKs3T6ec2gw,33.28363800405795,-111.73252866758,7,[33.2125748081159,-111.7897898,33.3547012,-111.67526753516],[10,24,11,7,108,48]
HWXbE8ZW-vHPQOttZva_vg,33.401362,-111.728268,1,[33.401362,-111.728268,33.401362,-111.728268],[106,279,54]
RXLGgd8KIKO7PqqrnDiTfg,33.449188,-112.0772,1,[33.449188,-112.0772,33.449188,-112.0772],[32,90]
dmihyROb3sb_FtD8EwmePg,33.64032,-112.361552,1,[33.64032,-112.361552,33.64032,-112.361552],[63,27,11]
8z11oJjLEPTDGTMCXYOMBg,33.312251,-111.96342675,16,[33.3051232,-111.9797877,33.3193788,-111.9470658],[63,27,11,24,96,72]
n9c0hlydL-Yq8qh3m9B8ng,33.5093372,-112.0608177,5,[33.5093372,-112.0608177,33.5093372,-112.0608177],[212,63,97,11]
8MQqaiZO36g0EY4d5sfCGA,33.495257,-112.0002774,1,[33.495257,-112.0002774,33.495257,-112.0002774],[65,133]
asc8g0z1Pank5y-l1TX2bA,33.41090305,-111.87841449999999,9,[33.319212,-111.967861,33.5025941,-111.788968],[26,11,7,137,8,139,127,99,48,182]
LO-1vaYphTadhak4AZWFsg,33.447542850000005,-111.9345897,48,[33.399991,-111.939886,33.4950947,-111.9292934],[11,63,168,48]
rjsx6_pSqwl0zuiwa_tI2g,33.48715073714,-111.98228975,200,[33.303233,-112.174034,33.67106847428,-111.7905455],[7,33,48,47,11,98,24,43,13,6,61,35,70,76,38,39,15,191,99,120,109,140,40,57,69,56,108,41,400,224,182,333,265,26,27,128,63,403,121,79,28,241,8,327,162,306,186,18,17,185,470,145]
NN02TWSmNdmLftKe-hLg1g,33.4929205,-111.923823,95,[33.491546,-111.924219,33.494295,-111.923427],[11,48,293,39,26]
xzX9z4h5RKWS8jr0KDwl3A,33.639403,-112.180066,4,[33.639403,-112.180066,33.639403,-112.180066],[338,382,206,11]
fyOgDuiUAav7EJADiLtGtA,33.416862800000004,-111.93415110000001,8,[33.306529,-111.9955012,33.5271966,-111.872801],[7,8,119,11,38,99,39,40,88]
6ababyuNqQG439ac3G2ndw,33.5035931,-112.0543215,7,[33.49112,-112.079081,33.5160662,-112.029562],[65,133,185,11,99,26]
N7T6hOunTPxLk2AiWrQEmg,33.52919035,-112.042062925659,33,[33.3797657,-112.358147,33.678615,-111.725978851318],[27,11,44,24,119,99,26,49,28,178,17,29,57,123,65,33]
NDcUHvdq3YKSt02VBQuVqw,33.50919185,-112.03500905,7,[33.4075613,-112.152723,33.6108224,-111.9172951],[49,59,63,27,11,33,117,24,57,38,39,145]
DbdUNVSCgciNmdIzP6bK-w,33.4931793,-111.9320931,111,[33.4931793,-111.9320931,33.4931793,-111.9320931],[39,26,127,11]
hg0HRQLcJuYWEebhKrwWmw,33.336853,-111.89067535,14,[33.247355,-111.940137,33.426351,-111.8412137],[1,427,384,507,426,192,11,43,251,182,218,73,72]
YTANa7v4DM1t4A2Ydn6hYQ,33.3124175,-111.8744235,3,[33.304492,-111.87521,33.320343,-111.873637],[65,133]
qHdVJ5Fwbj1wm5F5q-S19Q,33.4227649,-111.7456256,2,[33.4227649,-111.7456256,33.4227649,-111.7456256],[294,106,54]
VJZJ0_EHtqi46pWxr7XPbQ,33.421629499999995,-111.93774535,4,[33.42135,-111.9506847,33.421909,-111.924806],[244,172,11]
123aK8KRr3tv4GokStegTw,33.61136095,-111.9242464,20,[33.5670375,-111.9300279,33.6556844,-111.9184649],[28,158,17,29,99,11]
FWBidoIJB2CZmqjv2l0JZQ,33.5740246,-112.01362805,8,[33.4643735,-112.0997102,33.6836757,-111.9275459],[177,140,11,127,10,63,27,7,33,142,149,185]
iIqRI0pbnq4kII6QheJyIA,33.43475,-112.00644,200,[33.43475,-112.00644,33.43475,-112.00644],[28,170]
JqUkqSzgWhEfMaNi3wznhQ,33.4356207,-112.0095457,200,[33.4356207,-112.0095457,33.4356207,-112.0095457],[212,11]
jzbdVlkV7JJw5ZPPLwRlug,33.7123414,-112.36534605,23,[33.4552907,-112.7428224,33.9693921,-111.9878697],[43,11,265,201,63,27,212,97,168,185,39,26]
B0iXc_8bse-dSZsKQ6Qt8Q,33.5884435,-111.925017,7,[33.575545,-112.134443,33.601342,-111.715591],[28,17,29,7,108,33,117,24,11]
PMz0ts-eI3QjZfKwkqvJqg,33.505379,-112.0318145,25,[33.33985,-112.203627,33.670908,-111.860002],[224,11,440,260,48,39,38,212,128,63,43,7,142,26,373,196,27,307,119,210,149,168]
YuSjiBCf_3j1Oqs99Aue0A,33.4869125,-111.926151,162,[33.477178,-111.926503,33.496647,-111.925799],[7,313,27,11,119,48,24]
I2LAplMA79BiSGXPC6JhiA,33.497568,-111.929223,77,[33.497568,-111.929223,33.497568,-111.929223],[109,38,48,39,11]
keqLfDj6y8ItRdwOTCFcnA,33.6453147,-111.8958955,1,[33.6453147,-111.8958955,33.6453147,-111.8958955],[106,54,497]
XYmlbSSYt8lhwWbfpwR4rw,33.45107,-112.055957,11,[33.45107,-112.055957,33.45107,-112.055957],[8,26,7,138,139,11]
XSkmaM89ytNpVBu6ng4isw,33.4687945,-112.2888315,7,[33.441414,-112.557102,33.496175,-112.020561],[11,63,99,119,33]
TFNTFOkWnEvr6NYQao7Fjg,33.4237067,-112.0023172,10,[33.3365399,-112.134201,33.5108735,-111.8704334],[43,11,251,7,108]
801mMnd8E2PGoRB9Nc0UhA,33.480190300000004,-111.93170445000001,153,[33.3046962,-111.9777693,33.6556844,-111.8856396],[7,8,74,24,11,251,57,258,38,40,39,33,48,142,126,97,101,26,99,44,292,229]
qfQdlB0mxCQUhFC-ShMdkg,33.4240504,-111.9400717,2,[33.4240504,-111.9400717,33.4240504,-111.9400717],[38,26,39,11]
wK1Ft5vU_Br8dp5lyYuE2A,33.479372850000004,-112.0593319,2,[33.4570868,-112.0714138,33.5016589,-112.04725],[38,48,39,11,119,120]
EVNlkkKILjqiJ-i_pDIqeA,33.4942939,-111.925316,1,[33.4942939,-111.925316,33.4942939,-111.925316],[26,11]
efUcLl2QBUm4cjQ4lgf5Tg,33.497523600981154,-112.0067766925535,10,[33.4537869019623,-112.0863874,33.5412603,-111.927165985107],[182,172,11,168,181,229,78,79,129,277,278,137,7,6,139,126,97]
N60WgQlnq1FD4aScpDCfzg,33.46656785,-111.896053,3,[33.4661954,-111.8963193,33.4669403,-111.8957867],[7,8,99,11]
Hu2vTmVLc1qJFLH8_xujnQ,33.688544,-112.109199,27,[33.688544,-112.109199,33.688544,-112.109199],[289,6,35,76]
rezr3bu5upcG8utTBKw7Vw,33.529337999999996,-112.01894035000001,7,[33.471677,-112.112122,33.586999,-111.9257587],[54,55,122,256,10,24,11,37,286,32,203,411,476,82,59,49]
mm1u9hyq-MOpvPwsc3c9Qg,33.3148631,-111.8595869,2,[33.3148631,-111.8595869,33.3148631,-111.8595869],[177,140,11]
gq6ItlF4b913nqQ-kzznQw,33.844328,-112.133957,1,[33.844328,-112.133957,33.844328,-112.133957],[26,11]
XHhvOeDw9PmQyBRpl0lFcw,33.51724715,-112.05515545,21,[33.4075613,-112.2797366,33.626933,-111.8305743],[38,6,145,186,57,39,7,292,108,24,11,322,56,119,101,212,26,88,89,48,117,47,27,63,14,15,36]
U79smK_l4yT2lLXUPVa3TA,33.339084,-111.97670500000001,141,[33.304703,-111.981558,33.373465,-111.971852],[26,11,158,28]
nazcmLpIRWlNA-qjMVl7SA,33.3338729,-111.977793,3,[33.3338729,-111.977793,33.3338729,-111.977793],[352,109,38,39,11]
zR7M2I9CD0rGY9oSwMrZKQ,33.3929966,-111.9130539,4,[33.3929966,-111.9130539,33.3929966,-111.9130539],[168,99,11]
55-K5KXdbrUGQCNF8z3hHQ,33.4929188679125,-111.91170172713,22,[33.307983735825,-112.0791022,33.677854,-111.74430125426],[338,214,206,11,33,119,99,7,292,232,26,117,251,38,48,39,205,40,43,27,108,126,74,57,145]
yGq213PmiwYSYrhDLPWTSQ,33.421580161532205,-111.965919,16,[33.3339883230644,-112.088808,33.509172,-111.84303],[174,54,27,11,126,97,7,108,33,117,48,26,224,149,185,404,451]
g8xPAzZa2sLEBsqVi70pzA,33.4932862,-111.92569660000001,2,[33.4923301,-111.9264472,33.4942423,-111.924946],[38,48,39,11,119]
jt8jtEY1K6TD1FBzYa7HGw,33.5044847,-112.00360764999999,32,[33.4217923,-112.0816756,33.5871771,-111.9255397],[26,11,27,63,38,140,39,40,48,168,181,229,108,7,24,33,117,98,97,119,109,219,218,41,352,137,6,139,177,285,142,292]
zSJLMv2mv2REr3NdQFo4qg,33.50443501376755,-111.941555431885,200,[33.4869182,-111.97437286377,33.5219518275351,-111.908738],[265,48,11,39,119,26,38,46,6,49,445,66,52,102,103,333,28,17,29]
eRtuJOuHBXoJ3GRlAe_eTw,33.4997458,-111.97014895,75,[33.364987,-112.0739,33.6345046,-111.8663979],[38,265,39,11,168,99,33,185,192,49,368,7,189,10,24,46,6,27,212,41,119,120,97,108,40,101,126,293,102,103,26,52,333,326,36,142,48,57,306,128,219,218,204,65,63,129,121,79,8,206,162,69,371,54,195,238,210,50,4,100,425,37,32]
q0yiUhW9GtmvNgQyJyQHDA,32.8795022,-111.7573521,3,[32.8795022,-111.7573521,32.8795022,-111.7573521],[37,32]
fKo-AG9XwyX7UcWdBebJFQ,33.497925699999996,-111.92908685,2,[33.4938414,-111.9313599,33.50201,-111.9268138],[265,11,27]
wpiwKO2-PCoCtyBvmelCpQ,33.55866972665735,-111.9499949377255,6,[33.4950535,-111.9958183,33.6222859533147,-111.904171575451],[486,11,27,63,218,41,323]
FO9Bjv0PjcStNp1eCpYqnw,33.446851699999996,-111.8908474,20,[33.2664769,-111.9918702,33.6272265,-111.7898246],[126,212,11,48,7,47]
BAwlf3YeXlo5nr-5xP-eKQ,33.382771500000004,-111.92840699999999,4,[33.344158,-111.963722,33.421385,-111.893092],[32,95,222,25,6,101,38,26,39,11]
lXxDA9MQhjm1AaLp4Oi6sA,33.62431315,-111.89864739999999,14,[33.579054,-111.923335,33.6695723,-111.8739598],[127,11,231,18,17,49,28,29,63,27]
_Buiwg0B4WoFVuEltabuSQ,33.53752515,-112.000165,200,[33.4354553,-112.0739136,33.639595,-111.9264164],[309,285,11,27,28,17,29,33,119,48]
iSitrLgHYIGyqeb_eZ2d9g,33.4593954,-112.0742496,2,[33.4593954,-112.0742496,33.4593954,-112.0742496],[7,108]
7q_R5b3Mpkb7xv0_Woiufw,33.4982116,-111.99968835,200,[33.491645,-112.073196,33.5047782,-111.9261807],[98,7,99,11,38,140,39,40,48]
zXmztiw2aIogcdsAJ0l6lg,33.34927,-111.822446,5,[33.34927,-111.822446,33.34927,-111.822446],[33,11]
iB5Bzb_6SelhGTA4ZY25Jg,33.3090064,-111.8411708,5,[33.3090064,-111.8411708,33.3090064,-111.8411708],[26,11]
i6b5_vf-hmSwdo-xY5kQVQ,33.54774855,-112.09574889999999,20,[33.428648,-112.2273178,33.6668491,-111.96418],[48,11,63,27,7,33,142,24,28,17,29,38,99,88,39,40,12,30,13,6,118,365,44]
-keolIyAC6L_78pJ6sY34Q,33.42935345883825,-112.0078066294935,12,[33.3675869176765,-112.079081,33.49112,-111.936532258987],[26,11,49,417,80,231,59]
qgisS_mAaeipEH5kxL2qGQ,33.4333502,-112.54916850000001,4,[33.370799,-112.585455,33.4959014,-112.512882],[352,201,11,27,26]
XHz-jSSd8xCOdsVWkf_QZQ,33.387403500000005,-112.06699499999999,174,[33.261657,-112.273257,33.51315,-111.860733],[88,38,39,40,33,44,11,63,6,118,27]
5AIUNHUyP1tX8dx7FArLQA,33.4526933,-112.0701129,43,[33.4526933,-112.0701129,33.4526933,-112.0701129],[28,17,29]
DpBPwgoO6v9s2bIAOnWCTg,33.587122088596,-111.83632234045,1,[33.587122088596,-111.83632234045,33.587122088596,-111.83632234045],[223,11]
B-YKNNwFl5toJeUNXBj5QA,33.4753286,-111.99788484999999,7,[33.4528292,-112.0685027,33.497828,-111.927267],[27,11,117,214,352,48]
jjmVBDP7zHwysuYNVwavpw,33.48761249240785,-112.03022325,10,[33.4728154848157,-112.0649453,33.5024095,-111.9955012],[71,72,7,162,119,11,33,142,24,109,38,39,63,48,8]
5fdm7VIf-OVqi5oN4tsbMA,33.5094197,-112.1371188,2,[33.5094197,-112.1371188,33.5094197,-112.1371188],[334,181,11]
5SRb-S02yBaGPgKUpG82Yw,33.58348,-111.883526,1,[33.58348,-111.883526,33.58348,-111.883526],[7,142]
9hT4uQ0evN19GBNEK9KcFQ,33.465716900000004,-111.96522585,8,[33.421657,-112.0019948,33.5097768,-111.9284569],[33,11,38,48,39,119,24,101,88,109]
Ac6skgFrBZSITL3xVpKt8Q,33.6273043125159,-111.894766598404,1,[33.6273043125159,-111.894766598404,33.6273043125159,-111.894766598404],[57,69,48,11]
6m_tufCfZrK6MqYmFC69EA,33.261980699999995,-111.9659666,13,[33.058222,-112.0724302,33.4657394,-111.859503],[224,11,119,120,26]
PKfLaCFDtHr2QyYLAFfB_g,33.384163,-111.803119,1,[33.384163,-111.803119,33.384163,-111.803119],[212,126,97,11]
iOF_SILzgXceOoUuCIL82Q,33.50201,-111.9313599,22,[33.50201,-111.9313599,33.50201,-111.9313599],[265,11]
ORW3I9q8QCQjzj3JIFSerA,33.4925020001075,-111.924118995667,1,[33.4925020001075,-111.924118995667,33.4925020001075,-111.924118995667],[119,99,11]
WztXIeWX-lXroEEeL329JQ,33.425824,-111.938976,3,[33.425824,-111.938976,33.425824,-111.938976],[28,17,29]
AGUzvg1XorMJpcVG-N0ZOw,33.538823449999995,-112.13421844999999,18,[33.448775,-112.3768048,33.6288719,-111.8916321],[38,99,128,39,296,11,57,145,327,26,40]
XA1t0wuSIvZyt1xbxvKvRg,33.3111879,-111.8416131,1,[33.3111879,-111.8416131,33.3111879,-111.8416131],[39,38,99,296,11]
-Xg_eC_3aQeJFex-pLvTfw,33.3455435,-111.7973909573975,5,[33.298078,-111.870863,33.393009,-111.723918914795],[99,11,188,23,26,10,182]
tsI_xiMhM4wyEF-joi2xxQ,33.415501,-111.837456,3,[33.415501,-111.837456,33.415501,-111.837456],[10,48,24,11]
FpfgG3AJGP2thLvwdjdebA,33.56854565,-111.93375035,91,[33.304894,-111.9490283,33.8321973,-111.9184724],[182,48,140,11,126,97,219,218,26]
cLtLUxTLbuWDEfHMGGQ3Nw,33.450833,-112.061974,2,[33.450833,-112.061974,33.450833,-112.061974],[32,95,222]
jiv_l5wJEv7XqsesbaTEYQ,33.74913205,-112.1855892,6,[33.633835,-112.235873,33.8644291,-112.1353054],[185,11,168,41]
veTxWRC7AjI0ChuV0pvqkw,33.45081975,-112.0502975,69,[33.3054275,-112.1215834,33.596212,-111.9790116],[119,11,28,17,29,7,33,142]
QzmtdzQ-e_GLUQmyltNicQ,33.4492,-112.0696,10,[33.4492,-112.0696,33.4492,-112.0696],[177,140,11]
UuPESEH8DNWiGR2mvsltcA,33.4223387,-111.925234,3,[33.4223387,-111.925234,33.4223387,-111.925234],[173,6,112]
K7SJnohYXnNzhUYpCsr-nA,33.62037516643505,-111.940088,46,[33.615544,-111.954623,33.6252063328701,-111.925553],[27,11,119,99,48,24,7,292]
u--mQzb-UnZp1LSRZdwkeA,33.4548476,-112.0800705,9,[33.4548476,-112.0800705,33.4548476,-112.0800705],[63,27,24,11]
9sHDVqIHPfVAJIehwg7yXA,33.6481997,-112.0957474,1,[33.6481997,-112.0957474,33.6481997,-112.0957474],[24,11]
htC0-TWvw582860ngnUR1w,33.506869550000005,-111.9947892,9,[33.5020654,-112.0653185,33.5116737,-111.9242599],[63,27,11,210,28,17,29]
mKBXW25NN5a0aRrcV2LY2g,33.5092237,-112.0593819,1,[33.5092237,-112.0593819,33.5092237,-112.0593819],[78,79]
Sn18Rlk5SAD0i7NYtZ7p6A,33.6825711,-112.3039728,1,[33.6825711,-112.3039728,33.6825711,-112.3039728],[49,82,59]
I2X1Es4pfmA3lV1vbDgEig,33.492988,-111.925775,1,[33.492988,-111.925775,33.492988,-111.925775],[6,21]
cEKF9-1q9W2or6tyGT_qUA,33.4427317,-112.03849464999999,84,[33.4354634,-112.07,33.45,-112.0069893],[48,11,38,128,39]
Wf9YVs2PaqRJbI_UqBd94A,33.2968095,-111.74256199999999,2,[33.279743,-111.795534,33.313876,-111.68959],[71,72,73,106,54]
II0Mu2iIeJrBB-vhh7jGbQ,33.6015253,-111.988712,9,[33.6015253,-111.988712,33.6015253,-111.988712],[13,6,4,5,425,160]
3lmbN9XXScviLES_MWo3wg,33.3709185,-111.9091095,10,[33.321266,-111.942444,33.420571,-111.875775],[97,11,38,168,298,88,39,63,43,404,451,251,89]
K8bw4FL44BCNVvu4cT65iQ,33.4938414,-111.9268138,23,[33.4938414,-111.9268138,33.4938414,-111.9268138],[27,11]
C3VpWgCsdwyYs6Xoy1JcJQ,33.47928225,-112.0517164830955,4,[33.4471735,-112.073781,33.511391,-112.029651966191],[7,292,99,48,11,10,119]
99MEJTe8aVcbRax9wrpWpQ,33.3339961,-111.89455939999999,12,[33.304775,-111.947948,33.3632172,-111.8411708],[26,11,38,99,128,39,33]
xVbnmLJ8g8zBHMs_vtDDKw,33.499318,-111.927164,2,[33.499318,-111.927164,33.499318,-111.927164],[7,36,142]
INgdheZOfKZL5ojvH0_n-g,33.4888647171265,-111.98030915000001,23,[33.407162534253,-112.0740123,33.5705669,-111.886606],[126,97,11,117,10,24,63,48,38,140,39,40,109]
6MibSiHalyoKRyzy9WP3fg,33.4800648,-111.9733248,8,[33.4800648,-111.9733248,33.4800648,-111.9733248],[113,6,116]
7c4KrsgB8AUjMPuTTGvEWA,33.4922985,-111.9245517,1,[33.4922985,-111.9245517,33.4922985,-111.9245517],[210,11]
RZCQ6lcW-4JXNLIqPR-Gkg,33.50702805,-111.94447295,52,[33.3871231,-112.100731,33.626933,-111.7882149],[212,26,11,28,17,29]
jIoT-sWHbV0SvO353hoX6Q,33.47932145,-111.9168425,3,[33.464349,-111.925316,33.4942939,-111.908369],[26,11,224]
2Hl2JhRrWTPEoO250Hy1NQ,33.5660839,-112.280676,8,[33.5660839,-112.280676,33.5660839,-112.280676],[65,133]
hoeiWis9f2xuVS_zr21evg,33.351804099999995,-111.8131175,2,[33.3022462,-111.897967,33.401362,-111.728268],[106,54,280,48,126,11]
Zot-j2JyXgS7To8FZPnijg,33.65506765,-112.19093795,5,[33.6387323,-112.1967999,33.671403,-112.185076],[43,11,71,72]
VQZJuN774kDR02biv6T4Sw,33.6316116,-112.16831545,4,[33.595881,-112.2021879,33.6673422,-112.134443],[33,117,24,11,27]
c_61dliTkbLKfXcyfcxPBA,33.445899,-112.071313,1,[33.445899,-112.071313,33.445899,-112.071313],[57,327]
79LOudEmAcxSYVA1SF5Ayg,33.3861775786892,-112.0033887,28,[33.3156591,-112.100492,33.4566960573784,-111.9062854],[168,11,465,57,39,145,88,38,40,7,36,99,47,48,26,161,123,65,24,119,298,128,296,404,382,74,27,185]
FkHdRKCTT9vFZwrsTUn_cg,33.573371432323896,-112.08433500000001,81,[33.551646,-112.1119501,33.5950968646478,-112.0567199],[7,8,28,17,29]
AAVaJ1YNf0K9eT0svQu4ng,33.50854955,-112.00667985,15,[33.455863,-112.088808,33.5612361,-111.9245517],[33,11,39,168,265,38,224,99,88,40,210,298,212,27,140]
moOdl85BmgOlFBHx8HDjKQ,33.4977299,-111.9263351,69,[33.4977299,-111.9263351,33.4977299,-111.9263351],[38,11,26,128,39]
-ooAYe1cNLnLtBiIxnP4jw,33.602159,-112.0497385,3,[33.597213,-112.063427,33.607105,-112.03605],[65,133,26,11]
MFqiu-FDGG0qt5K9xLbQWw,33.4149286,-111.9249893,1,[33.4149286,-111.9249893,33.4149286,-111.9249893],[201,24,11]
IFsZG6JQG0MX3tfSEe5r0g,33.531484,-112.26167,1,[33.531484,-112.26167,33.531484,-112.26167],[57,327]
4Mc6LO_YrIZB6FA6BFg3QA,33.49939595,-112.07383329999999,4,[33.491645,-112.0744706,33.5071469,-112.073196],[38,140,39,40,48,11]
8McyBeTdW7D4BG87Tv41WQ,33.4516361,-111.9979602,13,[33.4516361,-111.9979602,33.4516361,-111.9979602],[28,17,29]
VTBwYHCHha65LmxzqipSvw,33.4653362,-112.0827836,1,[33.4653362,-112.0827836,33.4653362,-112.0827836],[38,39,40]
55aG_vP30r90iunZ6xgo3A,33.413690599999995,-111.9195125,4,[33.40793,-111.923099,33.4194512,-111.915926],[101,38,39,11,7,47,88,48]
8BxNrCQ400-Wri_-rjLQWQ,33.5294045,-112.04580949999999,7,[33.417977,-112.151282,33.640832,-111.940337],[26,11,32,95,222,28,271,126,127,6,45]
CYKz4de61gfOfZEB7MbaDg,33.62833483734185,-112.08699734999999,25,[33.383123,-112.2481,33.8735466746837,-111.9258947],[84,124,11,27,7,162,44,139,375,99,46,13,6,372,30,292]
xlOvMDmL1voY1eJtY8VdPQ,33.492914,-111.933566,183,[33.492914,-111.933566,33.492914,-111.933566],[38,99,39,40,48,11]
I8EPMoFv-EIUxhpPrSE9Cw,33.435146,-111.998367,200,[33.435146,-111.998367,33.435146,-111.998367],[119,38,99,39,11]
nr0ntPkHzUs40oNSMebyow,33.441124,-111.927581,1,[33.441124,-111.927581,33.441124,-111.927581],[26,11]
epcrGDhw7mI_HxXkjL7zRg,33.937183,-112.778692,200,[33.937183,-112.778692,33.937183,-112.778692],[65,11,17,28,161,48,29]
CEBxztFRW3wjLbEf-2rZEw,33.49381815,-112.0401305,6,[33.4657898,-112.088808,33.5218465,-111.991453],[26,11,48,224,210]
Iivho6xrDkIWbUFakMxChQ,33.29139965,-111.87163305,6,[33.2762703,-111.9006511,33.306529,-111.842615],[99,11,109,38,48,39,88]
k0VVZ1ESCb3DZNdBFQXdbw,33.636322,-111.922456,1,[33.636322,-111.922456,33.636322,-111.922456],[265,11]
HpHIRyT6jL2eY46FGDfxvg,33.4807542,-111.98875595000001,27,[33.305824,-112.0670453,33.6556844,-111.9104666],[195,65,26,11,38,7,57,18,109,209,17,39,99]
vVbaXmf7WtHmOcAT1qSEGA,33.380375,-111.60127,5,[33.380375,-111.60127,33.380375,-111.60127],[123,65]
SU74tBtwUJR_19r2c7532Q,33.49253055,-111.93822215,17,[33.4272811,-111.977677,33.55778,-111.8987673],[127,11,119,48,185]
-BtThTSiNxLmMrERwosd6A,33.5757856,-111.98098775,9,[33.4738952,-112.0649195,33.677676,-111.897056],[38,99,88,39,128,11,6,284,35,10,27,49,178,176,1,157,103,193,65,7,194,59,195]
hcIT8Rjo87DHJbc75Def0g,33.317518050000004,-111.98558295000001,2,[33.3156591,-112.0048589,33.319377,-111.966307],[212,229,11,382]
zV7BadVJGeuyWqKQc9fSWA,33.33477,-111.976236,1,[33.33477,-111.976236,33.33477,-111.976236],[54,238]
ryEzn3lc7Lq_d8pxGXR6yQ,33.4982604,-111.9251128,3,[33.4982604,-111.9251128,33.4982604,-111.9251128],[38,39]
eA7hkwrrknhxhqs-dOhDYg,33.435654840626356,-111.963458,52,[33.3022417,-112.083886,33.5690679812527,-111.84303],[33,11,309,285,38,99,88,39,128,48,212,126,293,7,108,36,119,149,47,338,214,206,265,109,63,229,49,146,341,161,28,65,17,29,26,40,307,27,172,292,224]
Li7dzq5fj98GMK1KIzhbdg,33.4960515,-111.9302928,1,[33.4960515,-111.9302928,33.4960515,-111.9302928],[38,11,39,63]
55z-yX2HQsxaH05Ve8d_RQ,33.4194512,-111.915926,1,[33.4194512,-111.915926,33.4194512,-111.915926],[38,7,47,88,39,48,11]
dlW-2n1W1i86ihqF3-0cVw,33.5368278,-112.0475038,4,[33.5368278,-112.0475038,33.5368278,-112.0475038],[65,133]
0EFP4Y1AmNmf6M40ZAiJ3g,33.40040715,-111.9086094,2,[33.393377,-111.9098058,33.4074373,-111.907413],[6,110,84,385,386,124]
B0UAGNPffEYg2-cXSTBeRA,33.499318,-111.927164,2,[33.499318,-111.927164,33.499318,-111.927164],[7,36,142]
okrV0HZ2T5d93WruXQ5GhA,33.5019817,-111.9276185,18,[33.5019817,-111.9276185,33.5019817,-111.9276185],[99,48,11]
nlo876sR87AoU4XDN49XLw,33.4772147,-112.0736348,3,[33.4772147,-112.0736348,33.4772147,-112.0736348],[265,11]
yrgzKuA7kYPelWOheNQr3Q,33.6256407,-111.9325467,1,[33.6256407,-111.9325467,33.6256407,-111.9325467],[352,48,11]
MqUmlcr_J-qLBbWlkst5eA,33.4804726,-112.0815144,3,[33.4657898,-112.130669,33.4951554,-112.0323598],[43,11,224,26]
7WRv4z_Mlh6V35iCQ3q54w,33.48317765,-111.8224535,2,[33.43645,-111.926437,33.5299053,-111.71847],[99,24,11,265,483]
Fu_2qxs9bKgFf133uvnsmw,33.518528,-112.000877,18,[33.4548476,-112.0800705,33.5822084,-111.9216835],[119,11,99,63,27,24]
GkLm4YNbpVxazg2J7ly_qg,33.408039200000005,-111.7492879693955,9,[33.3803902,-111.8153347,33.4356882,-111.683241238791],[7,8,30,13,6,110,26,11,27,48]
lbvo-ehluq3votj2AvlE4w,33.5846317,-111.8307432,3,[33.5846317,-111.8307432,33.5846317,-111.8307432],[65,133]
yAJ-XI_Di93mSbBYUVZP9A,33.38522105,-111.7727235,2,[33.377437,-111.910786,33.3930051,-111.634661],[493,11,26]
JabRmU5K-Nu3sOTXxQExNA,33.4302952539532,-111.946563720703,1,[33.4302952539532,-111.946563720703,33.4302952539532,-111.946563720703],[32,291,84,199,159,1]
GN70ZDom97Nj8b5IRiP8sg,33.4130141,-111.979193,4,[33.4130141,-111.979193,33.4130141,-111.979193],[188,23]
3OWXXie4HexTvHMz7YInWw,33.421617342644,-111.9466751753,1,[33.421617342644,-111.9466751753,33.421617342644,-111.9466751753],[63,27,11]
HRIT60jByaApDP-mndG0jg,33.4953013,-112.0001334,2,[33.4953013,-112.0001334,33.4953013,-112.0001334],[126,43,11]
