KBLW4wJA_fwoWmMhiHRVOA,33.495379,-111.976742,7,[33.495379,-111.976742,33.495379,-111.976742],[106,54]
ZnMAVky6Z2Aa6SY6tkKU8w,33.558890000000005,-111.9448629,12,[33.4942423,-111.9641728,33.6235377,-111.925553],[38,140,39,40,48,11,119,7,108]
sHGpxxBcP59Tzdd696nj_A,33.494288,-112.153053,199,[33.494288,-112.153053,33.494288,-112.153053],[26,11]
0QQoU5I4XqvGDGsf9A-yBQ,33.4150348,-111.9184724,1,[33.4150348,-111.9184724,33.4150348,-111.9184724],[182,48,140,11]
UtXkdJGuuEZ7l45ihuxJEA,33.272043,-111.9802308,3,[33.272043,-111.9802308,33.272043,-111.9802308],[49,265,146,11]
YsJGqFIEtV02NmFCF1fkiw,33.542193,-111.925634,1,[33.542193,-111.925634,33.542193,-111.925634],[265,126,97,11]
VdKXRca9Ntm907G2mVHtgg,33.384173399999995,-111.8015515,16,[33.3488956,-111.915926,33.4194512,-111.687177],[180,20,23,7,108,38,47,88,39,48,11]
xKI7jlrgj1fKgPzoUeu7tg,33.55256,-112.2623,2,[33.55256,-112.2623,33.55256,-112.2623],[71,72]
bsOKIGDytxa0VcUhGiHpyQ,33.580358,-112.23675,7,[33.580358,-112.23675,33.580358,-112.23675],[32,314]
BBMEMnaJclkobAf-Knnesg,33.498915,-111.928258,1,[33.498915,-111.928258,33.498915,-111.928258],[26,11]
n0C-cPTVzv6EPAQX51OclQ,33.4875746,-112.0007548,16,[33.4514039,-112.0816756,33.5237453,-111.919834],[140,177,285,11,117,251,24,63,7,36,182,33,26,98,108,43,38,48,39,206,162,309,119,185]
1VCaQmnHxMF8qRlQDTIIKQ,33.434736,-111.924312,7,[33.434736,-111.924312,33.434736,-111.924312],[28,17,29]
wNoIrlLafqzC7v6FqwCytQ,33.416232,-111.694774,1,[33.416232,-111.694774,33.416232,-111.694774],[99,11]
BOfA5AOIY4Y9huxjkwMWdw,33.8337069,-111.936832,1,[33.8337069,-111.936832,33.8337069,-111.936832],[168,265,307,11]
I4L4irwxUmPSROl_mkWmJQ,33.546,-111.96828,53,[33.546,-111.96828,33.546,-111.96828],[161,195,65]
MD3khLMSw3X3GPYy8iHhPA,33.383949,-111.843786,13,[33.383949,-111.843786,33.383949,-111.843786],[119,99,11]
L-t_BETc3LNyXBvmId9cEQ,33.47488595,-112.07185715,191,[33.4492,-112.0741143,33.5005719,-112.0696],[7,108,119,11]
7jZ0AITlAwA21xruohnniQ,33.506217750000005,-112.0098376,2,[33.5024095,-112.024174,33.510026,-111.9955012],[48,11,7,8,119]
lhf22sqBafQv6CXu2fCmvg,33.442261599999995,-112.09909875,2,[33.428362,-112.124265,33.4561612,-112.0739325],[7,292,27,11,103]
jg8zYGjmfaBGw2bKgj0STw,33.415634222397,-111.8946884573975,48,[33.321061644794,-112.065458,33.5102068,-111.723918914795],[27,11,38,7,47,88,39,48,99]
fGm1SjmZ5zvflCXdvQGGgA,33.494459,-111.9953287,159,[33.494459,-111.9953287,33.494459,-111.9953287],[38,99,88,39,40,11]
82XCRR_Sk1fFOpRsTP2ApA,33.551763,-112.15249215,18,[33.447521,-112.2618153,33.656005,-112.043169],[309,11,7,108,32,95,222,351,57,39,8,185,182,99,168,169,26,17,18,38,140,40,48]
2lYhxtc7SU5quIEd-As5AA,33.6088564,-111.97507010000001,9,[33.5390978,-112.0653491,33.678615,-111.8847911],[26,11,294,106,54,63,65,133]
px_I0vn2NiOHYmPbkFCIqg,33.5344503,-111.96201125,11,[33.4869182,-112.0152845,33.5819824,-111.908738],[48,11,26,127,27,39,119,38]
0s__8hD0Y_JUp6obKz5hxg,33.5461051,-112.08980005,3,[33.4947362,-112.119087,33.597474,-112.0605131],[33,11,41,26]
p_CScNk-cdR5jsZQWEqDSg,33.591661099999996,-111.95448255,2,[33.5825532,-111.978772,33.600769,-111.9301931],[26,11,38,212,41,39]
Phj1jHdpcPPBE1hNg9-Tqw,33.412132454057954,-111.874048275485,43,[33.2125748081159,-112.1648254,33.6116901,-111.58327115097],[109,38,11,39,63,10,24,251,26,309,7,108,33,44,212,229,48,119,74,43,190,28,140,142,99,201,27]
ghcW4xVywnbaAEq5eW2slA,33.42527355,-111.93720345,7,[33.383123,-111.964485,33.4674241,-111.9099219],[71,72,96,184,6,45,236,103,99,11]
jV6pJZ1wRcG_NsjKmffSSg,33.6455682097528,-111.917118430138,18,[33.6455682097528,-111.917118430138,33.6455682097528,-111.917118430138],[28,158,17,29]
uX7Eedupp_VnLRGsxZvNJA,33.4936893,-111.9306348,1,[33.4936893,-111.9306348,33.4936893,-111.9306348],[7,194]
jbwr8fQ1A8N3vUwMIdTCxQ,33.4091952,-111.9141814,1,[33.4091952,-111.9141814,33.4091952,-111.9141814],[32,95,222]
WMCZE9ABqTLU2h-SbevzbQ,33.3057308,-111.8960397,2,[33.3057308,-111.8960397,33.3057308,-111.8960397],[97,11]
IoOSf7QYD-zRcBAghroHZw,33.6155843,-112.40467475,14,[33.6071869,-112.4159659,33.6239817,-112.3933836],[43,11,129,278,79]
Wd8HTLOxMPRbGfY4UxTYVw,33.431436399999996,-111.850427,15,[33.352666,-112.04725,33.5102068,-111.653604],[7,108,38,99,39,40,48,11,54,317,206,119,120,18,247,49,276,17,27]
v0wqd0Ub6mu_5rZuar9gug,33.505221750000004,-111.9250629,62,[33.5020654,-111.9258659,33.5083781,-111.9242599],[28,17,29,161,65]
kGq6JyfI6rUhGv_H1S8-1w,33.34318895,-111.90072445,172,[33.2618154,-111.9409053,33.4245625,-111.8605436],[127,11,24]
I2IvVlVoXueNMx3g57U01w,33.6561049,-112.104819,1,[33.6561049,-112.104819,33.6561049,-112.104819],[129,332,79]
YaQWTJ5644fh2wZ66GhWTw,33.63936955,-112.11541425,5,[33.6379403,-112.2183588,33.6407988,-112.0124697],[7,8,218,41,11,9,210,108]
ZZpXfbQn0nU22OGDW15TRA,33.467811499999996,-111.90728279999999,57,[33.29744,-111.9909114,33.638183,-111.8236542],[38,26,39,11,7,47,99,65,133,155,237,54,106,88,48,55,122,313,89,167,27,34,6,35,400,119,168,32,314,63,126,97,64,139,416,36,49,341,8,128,296]
f3N5AkPJ447xLRykBlsZgQ,33.6416611,-112.1001169,1,[33.6416611,-112.1001169,33.6416611,-112.1001169],[26,11]
BHph9QBeSbNJh6eTj2ukhg,33.534323,-112.00414795,21,[33.390792,-112.0823438,33.677854,-111.9259521],[43,11,109,38,48,39,7,108,201,119,57,145,40,49,80,82,59,63,27,24]
ELBxa5qWT5bFm7huif2bHA,33.45497235,-112.1107479,43,[33.272043,-112.241265,33.6379017,-111.9802308],[28,17,29,33,44,11,49,265,146,119,99]
cnzeyCIEHbM8dcgWJ_jFJg,33.306483,-111.969418,63,[33.306483,-111.969418,33.306483,-111.969418],[28,17,29]
J6iQnpTofjiiMFVpXRe8kw,33.45035165,-111.99924659999999,2,[33.421909,-112.0478085,33.4787943,-111.9506847],[244,11,26]
HKqLjjFGj4Sqi2VX83d2Dg,33.4213516,-111.81007919999999,29,[33.296095,-111.92938,33.5466082,-111.6907784],[6,200,7,8,45,26,11,24,99,333,46,36,130,32,142,292,72,184,112,208,35]
gpG-FowTXyE6lKxhPjszqg,33.492914,-111.933566,79,[33.492914,-111.933566,33.492914,-111.933566],[38,99,39,40,48,11]
xyWuKk9-MDsgGb-Jgj01Cw,33.4340826379293,-111.996935606003,32,[33.4340826379293,-111.996935606003,33.4340826379293,-111.996935606003],[119,11]
TGZknBtL5dyiuoThHSKmMg,33.634121,-111.884341,2,[33.634121,-111.884341,33.634121,-111.884341],[37,32,203]
yenyM35FN03Y9bcFLBkg6A,33.477139,-112.047298,1,[33.477139,-112.047298,33.477139,-112.047298],[7,98,108]
IgJ37p4-5P7mZ9Lx5PO2-Q,33.5638767,-111.9248132,8,[33.5638767,-111.9248132,33.5638767,-111.9248132],[28,17,29]
ppVgaFU9u8wmCEVYSgwRig,33.4960515,-111.9302928,2,[33.4960515,-111.9302928,33.4960515,-111.9302928],[38,11,39,63]
u51Y4YnhAbWn0nghijc2dw,33.4729331,-112.000019066406,13,[33.320451,-112.131752,33.6254152,-111.868286132812],[28,17,29,63,27,11,328,32,26,57,56,39,439,44,285,185,168]
lXXNZblxlroAdRfUvuO1Xw,33.60129255,-111.8770709,3,[33.5744834,-111.8912231,33.6281017,-111.8629187],[48,11,88,38,39,298]
yHH1mw4Di18SRPYa0XgH5Q,33.3045866,-111.9006511,24,[33.3045866,-111.9006511,33.3045866,-111.9006511],[99,11]
rhPFrHY2Ia2m6vZJemLRIQ,33.461968799999994,-111.93940054999999,82,[33.4219276,-111.951494,33.50201,-111.9273071],[26,11,265,88,38,39,89]
vlxXm83oGWun_aQT73c8mA,33.350178204690096,-111.62075185,15,[33.3068367093802,-111.789837,33.3935197,-111.4516667],[43,11,97,7,142,292,48,27,119]
SSBLdzPzvPmSYZyPOZgTWQ,33.31081,-111.772012,7,[33.31081,-111.772012,33.31081,-111.772012],[7,11,63]
0UwF6mhIyVIfCXqq_547jg,33.53297575,-111.9037756,2,[33.4973896,-111.9223075,33.5685619,-111.8852437],[57,145,38,39,40,48,11,65,54,238,220]
Dq8l-X6TU20GQDVLppH3GQ,33.6240270813373,-111.928378343582,1,[33.6240270813373,-111.928378343582,33.6240270813373,-111.928378343582],[7,142]
IsvpOkTel_AWtGTAapM6XQ,33.4639475,-111.8843364715575,56,[33.303233,-112.04475402832,33.624662,-111.723918914795],[33,11,38,7,47,88,39,48,27,10,9,168,126,97,108,123,65,99,128,296,63,26,127,185,212,293,292,182,218,119,36,298,109]
3k7SY2V5MrVwYIsMexTSfA,33.416690122397,-111.8596369573975,200,[33.321061644794,-111.995355,33.5123186,-111.723918914795],[11,63,99,177,48,119]
7Ja9YSDZjsOejYnEHcOj5w,33.4346646089965,-111.994210481644,200,[33.4346646089965,-111.994210481644,33.4346646089965,-111.994210481644],[48,11]
E8Gh1Mv8Jtb6eJQjNmIPXg,33.6177796,-111.9258843,2,[33.6177796,-111.9258843,33.6177796,-111.9258843],[26,11]
Su50D9J6ZBP8Jjy-uJHjKQ,33.399222550000005,-112.00951015,2,[33.350068,-112.0740373,33.4483771,-111.944983],[261,54,55,122,256,218,41,11]
1-Z0KLGT1qC3-aXcIjgW1Q,33.640076,-112.004291,6,[33.640076,-112.004291,33.640076,-112.004291],[26,11]
FtlNCfmn5d6qHTGAR1kVCA,33.304845,-111.951499,5,[33.304845,-111.951499,33.304845,-111.951499],[120,11,17,62]
0QMPZeZ-paP91ewp4ZybKg,33.501821,-111.919938,1,[33.501821,-111.919938,33.501821,-111.919938],[265,185,11]
lSVYGyvW5OBBDuYeTdAYNg,33.59217725,-112.05341245,8,[33.495467,-112.1116606,33.6888875,-111.9951643],[33,99,26,11,71,72,84,336,218,41]
LIyOJi8MnfMYbY6m7wyQ3A,33.5349253,-112.1847509,2,[33.5349253,-112.1847509,33.5349253,-112.1847509],[288,32]
F7Xf_ygIykT7dJaQsbRpeQ,33.4691435,-111.97475685,93,[33.390792,-112.0409994,33.547495,-111.9085143],[13,6,115,372,88,38,39,89,11,126,97,119,28,17,29]
1qBZ033w1_4vOYBhCyTxAg,33.66916086686685,-112.0847451162475,8,[33.6624675,-112.2027563,33.6758542337337,-111.966733932495],[99,11,98,7,24,108,17,62]
BfdDlnBdtmWZhf0OkDcMyQ,33.8337069,-111.936832,6,[33.8337069,-111.936832,33.8337069,-111.936832],[168,265,307,11]
iHkuaC7qoGcgOSdEPxIuAQ,33.36030375,-111.91392765,2,[33.3056789,-111.9249893,33.4149286,-111.902866],[201,24,11,224]
5JAgOIBXS4uizVRxMVZGkg,33.4770236,-112.073629,16,[33.4770236,-112.073629,33.4770236,-112.073629],[109,38,48,39,11]
Y34NI-19jFdYkQQSFuEP3w,33.51754245,-111.91892625,21,[33.3958117,-111.9961364,33.6392732,-111.8417161],[15,25,6,4,5,24,11,7,142]
rhr_Piu5mGkByVIO52PFTQ,33.5376484,-112.2551914,1,[33.5376484,-112.2551914,33.5376484,-112.2551914],[7,9]
NRO41h2hNywP1bbCT15kmA,33.434736,-111.924312,13,[33.434736,-111.924312,33.434736,-111.924312],[28,17,29]
AdVBY7Ow_ICQLfVEbf_nTw,33.465859,-111.94969275,45,[33.392791,-112.0917815,33.538927,-111.807604],[26,11,6,156,109,38,39,63,101,88,40,14,15,89,145,186,57,204,65,49,4,5,367,168,181,229,7,36,24,140,48,224,27,119,108,126,97,307,172,112,218,41,298]
IrTcXG-XwBcgrmcBxz2J-Q,33.4520716,-111.9859027,9,[33.394432,-112.0962274,33.5097112,-111.875578],[33,99,44,11,27,251,177,48,38,128,39,224,7,292,108]
vG6bQTqNMvK-ImTHEuXRCw,33.546,-111.96828,1,[33.546,-111.96828,33.546,-111.96828],[265,11]
0Gx2Pjcpaa3XmUDyfJqLpQ,33.69827945,-111.9050115,5,[33.6272238,-111.9236282,33.7693351,-111.8863948],[378,6,77,35,32,224,126,97,11,133,105,195,65,26,7,142,108]
AWWyYPPe7CsQMjjJtDwe3g,33.2617311,-111.8608449,1,[33.2617311,-111.8608449,33.2617311,-111.8608449],[54,238]
kuGPNsbysTUt98se1kWpeA,33.4360415,-111.9956337,6,[33.4360415,-111.9956337,33.4360415,-111.9956337],[28,240,241]
Uo74EZEYjOeEfsUpdS3oiw,33.427634,-111.899966,2,[33.427634,-111.899966,33.427634,-111.899966],[63,27,11]
3j3XrXZ9_02CVqmXHsWqzA,33.317179,-111.84229450000001,7,[33.299739,-111.84268,33.334619,-111.841909],[10,24,11,340,201]
1UNVkOFT781fSOL9fuNyig,33.64454095000001,-111.98963699999999,6,[33.6390529,-112.053632,33.650029,-111.925642],[72,297,71]
REH-jphP91texC8eozI-3Q,33.3854705,-111.737086,7,[33.378678,-111.756096,33.392263,-111.718076],[119,11,7,137,8,139,6,116,36,113]
-L3XtvO6SqEgTrQ-NTaRTg,33.500545,-111.9264093,8,[33.500545,-111.9264093,33.500545,-111.9264093],[33,38,48,39,11]
RCN1lGwYmsQXdWcLQxrSOg,33.3487055477927,-111.983256340027,1,[33.3487055477927,-111.983256340027,33.3487055477927,-111.983256340027],[119,11]
dicV4ihba3AYqQuk9p2DnQ,33.4925020001075,-111.924118995667,1,[33.4925020001075,-111.924118995667,33.4925020001075,-111.924118995667],[119,99,11]
aqRUK2zHaExwwhwMpPDvgg,33.7747539,-112.490025,9,[33.5806871,-112.7296486,33.9688207,-112.2504014],[11,38,265,39]
IfVetp19uL7rLMHl7-CZyQ,33.3183691,-111.9276449,2,[33.3183691,-111.9276449,33.3183691,-111.9276449],[99,11]
hTVzKzj9uAcmDU0M9TwsrQ,33.5084904504615,-111.946456573994,9,[33.377029,-112.019165147988,33.639951900923,-111.873748],[71,72,97,11,79,121,7,47]
MII-j8H8KWj7_NJItfbr0g,33.422728,-111.951494,131,[33.422728,-111.951494,33.422728,-111.951494],[88,38,39,89,11]
rEDh31c70DZ_pN7t85JXWw,33.3980346,-112.02519125,2,[33.3488957,-112.073781,33.4471735,-111.9766015],[168,126,97,11,48]
iIfuhtK9Pu7tLSNbxxoJfg,33.5808348,-111.9268582,2,[33.5808348,-111.9268582,33.5808348,-111.9268582],[33,48,307,11]
MU1JHF8Gj6tEjSc0gZw9Zg,33.44771155,-111.9908757,14,[33.3947699,-112.0775732,33.5006532,-111.9041782],[7,47,38,88,39,48,11,24,27,108,119,89,63,57,145]
Ak_cMlmjFOlRb5vfyNgR2A,33.28350865,-111.8582744,9,[33.2762743,-111.8751211,33.290743,-111.8414277],[65,133,49,80,59]
OG-1njB9NNXdhlXVd1oZdA,33.530335,-112.047101,1,[33.530335,-112.047101,33.530335,-112.047101],[26,11]
9YP6dLE5cHA_JgLxvXJmkQ,33.3927242,-111.9607632,4,[33.3927242,-111.9607632,33.3927242,-111.9607632],[43,11]
xecUONCi8cfClPlpCNYRZw,33.652737,-112.2372915,3,[33.632441,-112.237787,33.673033,-112.236796],[64,65,11,63]
3n9nr9635rImbN7SAQ0EWw,33.4219963,-111.9398864,3,[33.4219963,-111.9398864,33.4219963,-111.9398864],[7,36,99,11]
vhykW29VFJfS1WN2hStEGg,33.3933516,-111.8291079,2,[33.3933516,-111.8291079,33.3933516,-111.8291079],[71,72]
ca_Q9OGfyjwOnfvXqmhdIg,33.51616885,-112.15551860540751,200,[33.401137,-112.390394210815,33.6312007,-111.920643],[57,327,49,18,51,17,265,99,11,126,63,27,26,38,39,28,29,101,128]
WaKJgfx1RhwkGgN5utOh6Q,33.37774115,-111.90856819999999,10,[33.3026531,-112.0737845,33.4528292,-111.7433519],[33,119,99,11,96,72,117,214,26,10]
HR38K6lADM5TL5JCpOj3UA,33.377866,-111.8946884573975,134,[33.306499,-112.065458,33.449233,-111.723918914795],[26,11,224,99,27]
708pHGkavGQN0NOyXdbvWA,33.331655,-111.982113,1,[33.331655,-111.982113,33.331655,-111.982113],[33,119,99,11]
QS5c0pnSNWbv5D9YtuT2vw,33.6621511,-112.116849,200,[33.6621511,-112.116849,33.6621511,-112.116849],[33,44,11]
2lvfBteL5ny4CBjNIk9Mwg,33.44608545,-111.83001630000001,17,[33.2135559,-111.9746066,33.678615,-111.685426],[7,48,47,11,26,98,10,9,119,99,108,201,30,13,6,65,133,49,193,80,59,109,38,265,39,142,126,212]
nDdA0CMd-HLYBvaryw5_xg,33.49502685,-111.9645957,72,[33.3065747,-112.031266,33.683479,-111.8979254],[161,28,29,17,65,39,38,26,128,11]
lz6V_bpLpPI1-gxUZJU9Lg,33.48412355,-112.1156938,20,[33.306096,-112.3415576,33.6621511,-111.88983],[119,120,11,168,7,247,48,99,33,44,27]
JNg6Dnd_lOlN_EMeTuplOg,33.5100097,-112.0152845,1,[33.5100097,-112.0152845,33.5100097,-112.0152845],[48,11]
qMCT8OblN3finTvXcba-oA,33.5848334286892,-112.11001495,16,[33.4566960573784,-112.1568816,33.7129708,-112.0631483],[7,142,8,224,11,99,251,43,137,139,119,98,10,109,38,210,39,108]
Nq1IYxzCt-ULpRN4s3oonw,33.271662,-111.809029,11,[33.271662,-111.809029,33.271662,-111.809029],[119,11]
TpiiNLZRlBiNs35Nlm2-wg,33.5879189436441,-111.92173451185249,124,[33.5302696775354,-111.926350593567,33.6455682097528,-111.917118430138],[28,158,17,29,109,38,265,39,11]
cTaAK6N4REWVu_ruCQLHfg,33.620608250000004,-112.00340220000001,2,[33.600769,-112.0280324,33.6404475,-111.978772],[159,32,26,11]
272HYMJZQY8BP_akFNM44g,33.3775316,-111.8596924,2,[33.3775316,-111.8596924,33.3775316,-111.8596924],[210,181,11]
L52JD1mZTVB7mDAAq6T4KA,33.355002,-111.9901825,49,[33.319212,-112.012504,33.390792,-111.967861],[127,11,109,38,48,39]
lRLz9iNa72uPYwP-dNbQEw,33.2762703,-111.8753205,1,[33.2762703,-111.8753205,33.2762703,-111.8753205],[99,11]
SH6xjjYOq1HGJP94-LBX4w,33.67106847428,-112.030189633369,1,[33.67106847428,-112.030189633369,33.67106847428,-112.030189633369],[38,11,39,27,128,63]
qTGcaRka4-iTWHFi1_cL3Q,33.584647694078996,-112.103781711415,5,[33.513697188158,-112.1341515,33.6555982,-112.07341192283],[72,6,441,48,11]
0YpnsQKra7VrzxaiYIvuMA,33.428030199999995,-112.1597405,19,[33.331773,-112.341202,33.5242874,-111.978279],[33,38,39,11,27,126,99,127,26,119,123,65]
kVWR34lBXVvTIsOphulY3w,33.51067555,-111.97047760000001,3,[33.4225411,-112.036777,33.59881,-111.9041782],[7,47,93,3]
Y6SOPabH0BSq89H_F76TLw,33.615125750000004,-112.03026265,6,[33.590152,-112.1201999,33.6400995,-111.9403254],[39,38,27,128,11,63,49,158,178,28]
7zJeiY6YGosO7jakhlK91A,33.532052,-111.8789203,32,[33.385489,-112.0718046,33.678615,-111.686036],[126,97,11,7,137,8,139,38,48,128,39,119,26,185,47,88,265,101,298,99,27,296,168]
pJpB_DPyDAeJTb8D0F7waw,33.463543,-112.341878,2,[33.463543,-112.341878,33.463543,-112.341878],[126,97,11]
eT1fp_Js2GD5Z-FIt8CC1w,33.3627309,-111.891304,2,[33.3627309,-111.891304,33.3627309,-111.891304],[101,38,39]
RVV5_aJwl28aLWem2G2eGg,33.4518585,-111.707131,4,[33.4518585,-111.707131,33.4518585,-111.707131],[27,11]
6lik3VpQTL273Cy0iS8n0w,33.408494250000004,-111.7973887,15,[33.362719,-111.9094198,33.4542695,-111.6853576],[210,11,168,126,89,224]
vNViKCbxjoLb7FiI1fIubw,33.4741375,-112.0649666,2,[33.4741375,-112.0649666,33.4741375,-112.0649666],[119,201,11]
RL3Z3J-W70oDhGuuKbyS-g,33.4455157,-112.01567374999999,3,[33.3197658,-112.0866535,33.5712656,-111.944694],[38,39,11,43,129,78,79]
IS0WyCkOeSXbEzSmASW9EA,33.3414036,-111.883669,9,[33.2614572,-111.924806,33.42135,-111.842532],[11,63,239,48,26,212,43,219,218,41,7,33,47,119]
MDVJ4rcuYIoZr3x6G7ZdLw,33.5520214,-112.0995016,2,[33.5520214,-112.0995016,33.5520214,-112.0995016],[26,11]
1DZNPis4g8cJd9PonzEk_w,33.4860023,-111.9264164,1,[33.4860023,-111.9264164,33.4860023,-111.9264164],[33,119,11]
RSk8U3xHmPv6icWgbfOtHA,33.44315795,-111.9161604,2,[33.3947699,-111.923427,33.491546,-111.9088938],[33,117,48,11,26]
N0R1umFzfAQdS0ZzzxWV_A,33.498234499999995,-111.9633443,94,[33.494459,-111.9953287,33.50201,-111.9313599],[38,99,88,39,40,11,265]
Pwg_JKuB05o_77bnGPdNhg,33.464293999999995,-111.95466425000001,200,[33.426767,-111.9893905,33.501821,-111.919938],[57,327,4,13,6,160,28,17,29,11,63,99,265,185]
VmSu_iyL14MAIUuiuEOz-g,33.515046367536044,-111.92471053103,200,[33.4234408327431,-112.00644,33.606651902329,-111.84298106206],[39,119,26,38,11,322,28,57,190,170,46,102,6,103,109,27]
5iVA1e-VmIDhFKW_afXCVA,33.572072399999996,-112.03114465,42,[33.465496,-112.082949,33.6786488,-111.9793403],[212,63,97,11,7,36,8,108,32,95,222,112,6,151]
dKefiVakmDvtFFL5MzVHiQ,33.610777,-112.1841384,1,[33.610777,-112.1841384,33.610777,-112.1841384],[7,142]
euFpUePbVrRowpFVktGEdg,33.6097989,-111.9271921,20,[33.6097989,-111.9271921,33.6097989,-111.9271921],[11,63]
2kb0mfOItoGat6bVkEtDdw,33.350664,-111.8139865,3,[33.306896,-111.875578,33.394432,-111.752395],[251,11,126,48]
DN34lwdczF175XWuhujlZw,33.3652919683632,-111.787699264713,1,[33.3652919683632,-111.787699264713,33.3652919683632,-111.787699264713],[48,26,11]
SJ1YQMmEeTdUyfzELHZoNw,33.330835,-111.792282,3,[33.330835,-111.792282,33.330835,-111.792282],[7,36]
pz9_lJt6lL7iKlRdmsbZkQ,33.4793884,-111.99963165,3,[33.4492414,-112.072854,33.5095354,-111.9264093],[33,38,48,39,11,40]
9DcsYW3yyAC98HgyKEKKig,33.4974463,-111.9271141,2,[33.4922985,-111.9296765,33.5025941,-111.9245517],[210,11,99,126]
Wd6s5An8BNp42TGQ0RPFYg,33.546,-111.96828,47,[33.546,-111.96828,33.546,-111.96828],[26,127,11]
DrPhsQgHiiWkCItFUyU9eQ,33.51946463898085,-111.92604213953001,16,[33.5086952779617,-111.927080154419,33.530234,-111.925004124641],[28,17,29,11,63,99]
NdJjPr8LdVl61LQ4e4yTcg,33.546,-111.96828,1,[33.546,-111.96828,33.546,-111.96828],[7,292,98]
hCVIyb8z0vzGXxtn6V1b8Q,33.49711955,-112.00143625,23,[33.491645,-112.073196,33.5025941,-111.9296765],[104,6,204,65,38,140,39,40,48,11]
M9VMKsxr5BxyrgVoU5AuWQ,33.45920985,-111.9809790684965,13,[33.3488957,-112.072327136993,33.569524,-111.889631],[7,162,48,11,32,203,63,26,98,24,168,126,97,6,156,119]
SSnu5ne1UUAf1ULpVw9faw,33.40429295,-111.94081195,4,[33.3023282,-112.0388617,33.5062577,-111.8427622],[177,140,11,7,292,142]
3oxloLMZUNInk1bFpdDWJA,33.4641,-112.273257,21,[33.4641,-112.273257,33.4641,-112.273257],[33,11]
rAGXnWc02LrqqIgDgYrCag,33.498028,-111.927951,13,[33.498028,-111.927951,33.498028,-111.927951],[352,48,11]
kJcmZne2DNAOEJkSWtpltw,33.321061644794,-111.723918914795,2,[33.321061644794,-111.723918914795,33.321061644794,-111.723918914795],[99,11]
DErukhj8bq5iPBoZONSWfw,33.458258900000004,-111.9249675,2,[33.4145027,-111.9268353,33.5020151,-111.9230997],[26,11,99]
HvHaOUkpWhIQ8IiQr8QWXA,33.3339921,-111.7554945,3,[33.3339921,-111.7554945,33.3339921,-111.7554945],[78,79]
3_YG96-SlcNriNLOwKe9cA,33.3052816858981,-111.720539331436,3,[33.3052816858981,-111.720539331436,33.3052816858981,-111.720539331436],[26,11]
WQxbkBR-XN8Fze4aTB690g,33.47884605461475,-112.03122115,69,[33.303233,-112.2245556,33.6544591092295,-111.8378867],[11,63,218,41,323,26,46,6,45,65,7,148,204,224,43,126,97,9,119,292,28,17,29,48,182,140,30,13,10,99,265,108,33,47,39,38,206,133,27,32,95,222]
zKyJDKJwAfWGB4HKXp9snw,33.508465267126496,-111.9133844,36,[33.407162534253,-112.0739818,33.609768,-111.752787],[99,11,96,72,117,185,465,57,39,145,38,273,49,178,17,18,205,26,40,7,8,148,101,422]
5XfAUaix9pBTgreBG79I9Q,33.5333258,-111.96500470000001,6,[33.4960516,-112.0279094,33.5706,-111.9021],[33,38,39,11,48,99,403,79,13,6,4,49,59,12,193,160,40]
32vgexawyv7rfbVlm6RWFQ,33.4483771,-112.0740373,14,[33.4483771,-112.0740373,33.4483771,-112.0740373],[26,11]
QyD2Qud3raKhKfGWuirh4A,33.404476,-111.9626993,12,[33.302011,-112.0827836,33.506941,-111.842615],[201,24,11,38,39,40,7,108,27,109,48,475,185]
hG1oNdsgO4jFwI5LY1I8xg,33.40355005,-111.93567825,25,[33.3046962,-112.0131305,33.5024039,-111.858226],[54,55,122,256,38,422,39,212,229,11,7,8,26,137,139,57,69,182,48,140,126,97,74,24,99,306,145,40]
1Wd-9t6Q0-8H30K1IMBm_A,33.3051122,-111.99506,7,[33.3051122,-111.99506,33.3051122,-111.99506],[7,108,119,172,11]
MhK_nv6GZ9a7N1zIj6sFcA,33.5144703,-112.20649825000001,6,[33.4503996,-112.348112,33.578541,-112.0648845],[49,399,469,146,322,57]
3aP_EyVhsjlCikyuVcPlbA,33.6230152,-111.9297079,18,[33.6230152,-111.9297079,33.6230152,-111.9297079],[126,97,11]
_mJCXFvtOHd0bYaURWdDqg,33.4957558,-111.9159147,1,[33.4957558,-111.9159147,33.4957558,-111.9159147],[98,7,206,11]
YFozos6ToKpsxNTN4DWBeQ,33.407162534253,-111.90964874703,3,[33.407162534253,-111.90964874703,33.407162534253,-111.90964874703],[117,11]
k1iIN8RP_VSrhq5BmoyZwg,33.42935658047875,-111.9153946,10,[33.3497113609575,-112.0409994,33.5090018,-111.7897898],[7,108,48,11,27,99,13,6,115,372,219,218,41,338,201,119]
ccnw2UfEy39rOsj5EyE3nQ,33.493947,-111.922301,19,[33.493947,-111.922301,33.493947,-111.922301],[38,39,40]
fv5yPJRkwx072d3FGyPh7Q,33.3368442,-111.8188219,2,[33.3368442,-111.8188219,33.3368442,-111.8188219],[32,95,222]
oIV2DzRwnxOhgnsoUNvICQ,33.3801983,-111.95770279999999,200,[33.3022008,-112.0743441,33.4581958,-111.8410615],[39,298,57,145,11,28,17,18,29,38,6,186,7,33,48,47,119]
PfmnZXSgK2Lafoy4IE4i0g,33.51315,-112.073765,27,[33.51315,-112.073765,33.51315,-112.073765],[11,63]
IrwWKJ6hfDfcblSv2VKrpA,33.530282,-111.8817245,39,[33.421657,-112.047341,33.638907,-111.716108],[177,140,11,212,309,119,285,224,7,108,189,10,24,99,26,63,84,124,125,27]
VNrvcDLhymsi_q7EcB_IGw,33.49811435,-111.927533,14,[33.494247,-111.92975,33.5019817,-111.925316],[38,48,39,11,26,109]
Bac62aWE3Hzyle7VqzSySA,33.49762495,-111.93687065,200,[33.493298,-111.9514403,33.5019519,-111.922301],[28,17,29,99,11,212]
mECTORoeUYDA5ryP-vy5cw,33.3963245,-111.9691348,15,[33.3057308,-112.066662,33.4869182,-111.8716076],[27,11,57,327,7,8,148,39,119,26,38,126,97,71,72,96,184,47,88,48,84,124,125,128]
5M96qhf3kE9D6hUl97xTGw,33.582694822397,-111.92411325,24,[33.321061644794,-112.133957,33.844328,-111.7142695],[126,11,97,43,185,33,117,119,24,177,140,26,44,99,7,9,10]
SntjekOZ1a2PoTPyMnYWTw,33.4930514,-111.9339561,90,[33.4930514,-111.9339561,33.4930514,-111.9339561],[28,17,29]
hrM6sLyqz9b6yLHS2JV5MQ,33.3402657,-111.95425655,16,[33.3173142,-111.97993,33.3632172,-111.9285831],[78,79,109,38,265,39,11,48,26,181,7,142,33,44]
8WC3BVp2N7aCNh7J3hV-PA,33.3013313,-111.9690659,1,[33.3013313,-111.9690659,33.3013313,-111.9690659],[49,319,59]
QynSKKOsNFt_-GxVoKx19A,33.5684966,-112.0009652,24,[33.4240085,-112.1114555,33.7129847,-111.8904749],[38,48,39,40,11,33,99,117,212,229,126,27,63]
F-cc84nIvuG15-PFBEdzGA,33.401154500000004,-111.935901,6,[33.304741,-111.996023,33.497568,-111.875779],[251,11,109,38,48,39,126,96,72,71]
JMzBDe-MWkazzG0BNE8oEA,33.4293095,-111.78208950000001,23,[33.362444,-112.072134,33.496175,-111.492045],[15,6,191,99,246,7,119,139,24,17,423,11,28,102,190,103,84,419,12,13,22,137,8]
VjMJFwBiWRAucv20qFCTWg,33.4480659,-111.9270202,1,[33.4480659,-111.9270202,33.4480659,-111.9270202],[182,218,11]
LAcsJv8vlwnWUgLZZ-QjqQ,33.3619444,-111.4516667,2,[33.3619444,-111.4516667,33.3619444,-111.4516667],[48,11]
diU_BERcmtA9XHgGzRPJSw,33.50095535005375,-111.9964376978335,11,[33.4925020001075,-112.0687564,33.5094087,-111.924118995667],[88,7,38,47,39,119,99,11]
g7LwNPdhZ0MRAChFoxIQfQ,33.333914750000005,-111.8977671,27,[33.2174671,-112.0750461,33.4503624,-111.7204881],[137,7,139,96,72,161,123,65]
qW9IJ3FqpyCFmZI0IZcqOw,33.6669563,-112.2027563,2,[33.6669563,-112.2027563,33.6669563,-112.2027563],[98,7,24,11]
r96a9S8EGj75ZhaxONK8Rw,33.407162416802,-111.91035657289,1,[33.407162416802,-111.91035657289,33.407162416802,-111.91035657289],[404,451,11]
i2otKl5yzihaR_2nhBnodg,33.5612589,-112.1156244,1,[33.5612589,-112.1156244,33.5612589,-112.1156244],[48,185,11]
hMLauA7js5eYtRb4Z6Duyw,33.479167700000005,-111.93763440000001,3,[33.3310474,-111.9795988,33.627288,-111.89567],[7,9,11,108,24,119,10]
vnvTpEzJ8ycSlZy_taxVug,33.41516235,-111.9461837,10,[33.3210491,-112.0718179,33.5092756,-111.8205495],[48,11,120,168,42,43,352,104,105,65,7,36,142,109,38,39]
5QiwMFQxlbGHkgXzXwn4Fg,33.5384203,-112.1839297,3,[33.5384203,-112.1839297,33.5384203,-112.1839297],[11,27,63]
Pu5ki660EGyk3Ugg-GxEsQ,33.56016025,-111.8819435,22,[33.4922188,-111.931282,33.6281017,-111.832605],[208,6,35,307,212,43,11,250,259,260,88,38,39,298,224,202,72,281,269]
C1IooCJpk91AXmAi7XGQwQ,33.4625303,-112.3581968,196,[33.4625303,-112.3581968,33.4625303,-112.3581968],[7,36]
1Gyw3Y6Xs9PZFrA9OjtsfA,33.5394495,-112.07311478644499,16,[33.400284,-112.235873,33.678615,-111.91035657289],[24,11,185,63,97,26,404,451,177]
Mj_Y09zsj3hmOKCfYpM1uQ,33.33452455,-111.78085025,5,[33.290397,-111.8412575,33.3786521,-111.720443],[71,72,184,297,78,79]
zqZYaEVBK6CkTI0jHqFxjA,33.390792,-112.012504,1,[33.390792,-112.012504,33.390792,-112.012504],[119,11]
zjX3Bph1uSWtrhaLCuyC2g,33.5303433313962,-112.038058670225,63,[33.413158,-112.239795,33.6475286627924,-111.83632234045],[27,11,7,108,187,10,139,251,292,99,48,63,24,223,79,121,175,129,185,85,6,65,133,126,97,313,142,182,140,109,38,39]
sKXvBM91tMQZTS4bDsyZcg,33.5533648,-112.01117405,200,[33.3024823,-112.180066,33.8042473,-111.8422821],[48,206,11,168,126,97,32,90,210,27,7,108,338,382,265,49,447,33,38,117,39,63,84,336,251]
-dBokyy3ixXr7lnJgla_aQ,33.435584992472,-112.005986411055,96,[33.426368,-112.07211772211,33.444801984944,-111.9398551],[88,38,39,298,11,99,128,185]
MvgjGSoQeFDkuJ85I-OAjw,33.683030450000004,-111.90243705,3,[33.6393269,-111.9256553,33.726734,-111.8792188],[48,11,57,186,6]
9kOzl_RZ2vuM9I9s1aCoXg,33.342518350000006,-111.9108549,5,[33.321266,-111.911648,33.3637707,-111.9100618],[43,11]
fxlEFxlGPwy0TvRGE7at7Q,33.7129908,-112.1130158,3,[33.7129908,-112.1130158,33.7129908,-112.1130158],[7,292,108]
6hoQJbAJjMY9QG0bJ7vpGQ,33.44251875,-111.92194409999999,200,[33.4194512,-111.9279622,33.4655863,-111.915926],[7,24,47,27,11,88,38,39,89,48]
nZ0dSS6hVlYIr-rd4VHBlQ,33.495084,-111.999963,1,[33.495084,-111.999963,33.495084,-111.999963],[33,117,11]
zB4Hudnc4a_2r7wTDXP3Iw,33.4504575,-112.0743441,9,[33.4504575,-112.0743441,33.4504575,-112.0743441],[39,298,57,145,11]
EjJaqhvVGMLDT9qlZVjd6Q,33.472616349999996,-112.00069175,7,[33.4655863,-112.0734213,33.4796464,-111.9279622],[26,11,7,24,47,27,33,120]
0Tk2cuszluEU48C4rAVlUw,33.4953153,-112.00555360000001,47,[33.49112,-112.083886,33.4995106,-111.9272212],[109,38,11,39,440,26,7,108]
ZTVCcHvhYNH5OB2K0S3fOw,33.4922985,-111.9245517,33,[33.4922985,-111.9245517,33.4922985,-111.9245517],[210,11]
etEpmVACfL_FUuHA1_1g9w,33.317906,-111.964138,2,[33.317906,-111.964138,33.317906,-111.964138],[6,21,358]
LM2_iZqJBfT11jvd-k5cZw,33.3132735,-111.8440815,4,[33.308447,-111.854963,33.3181,-111.8332],[49,319,59,215,32]
LjqRoxm1-OwhkGxo3aYmTQ,33.5324849,-112.2603562,9,[33.5324849,-112.2603562,33.5324849,-112.2603562],[99,11]
OyGzpLU7czWK6D21E19sYQ,33.5478355,-112.0474569,5,[33.5478355,-112.0474569,33.5478355,-112.0474569],[28,17,29]
dxNZItwDyzJJlmJU8Y4GeQ,33.4358958,-111.99157084999999,3,[33.4218916,-112.0739,33.4499,-111.9092417],[12,114,13,6,115,7,108,201,11]
YDZL2Lhj9UUArLwPxWsyOg,33.5803476769436,-112.118364572525,2,[33.5803476769436,-112.118364572525,33.5803476769436,-112.118364572525],[38,128,39,48,296,11]
Hp1y1hOTxoj4wLpSSE7nzg,33.63034186659655,-111.9441928661665,9,[33.5828297331931,-112.001283,33.677854,-111.887102732333],[7,108,201,119,11,72,287,99]
SscF2gvZFSPE9D-ijmq2VQ,33.4870216,-111.9456603,34,[33.388549,-112.0830342,33.5854942,-111.8082864],[88,38,39,298,11,7,108,259,260,48,137,6,139,98,292,17,62,33,117,244,224,8,126,97,155,54,156,119,109,24,26,99]
efZh8TKpCz5AJTcuAnBxRA,33.302327,-111.756703,1,[33.302327,-111.756703,33.302327,-111.756703],[155,54]
gUpv7QsNPatyY2f2ZC29wQ,33.5386441,-112.0986063,3,[33.5386441,-112.0986063,33.5386441,-112.0986063],[26,11]
k2n8CdqJhZqZT_w36rzang,33.5960776,-112.02210715,11,[33.3478272,-112.133957,33.844328,-111.9102573],[26,11,48,120,127,38,140,39,40,63,224,182,27,309,285]
YpEFOpGnl6MovkWFXIcXlQ,33.4217383,-111.9476151,2,[33.4217383,-111.9476151,33.4217383,-111.9476151],[26,11]
AkOntnN7DWi0AeNWD2_CNw,33.45213015,-112.0725974,3,[33.4471735,-112.073781,33.4570868,-112.0714138],[119,99,11,38,48,39]
OEFrUtMTiEoEWwnW8FbYSg,33.399475806491196,-111.8686521065185,14,[33.3044926129824,-112.052822113037,33.494459,-111.6844821],[33,11,32,203,96,72,90,88,38,39,298,175,129,278,79,99,40]
iNXp3k5ufMY3NXxxDzPqKA,33.5849066207369,-112.01293495,200,[33.494459,-112.0995348,33.6753542414738,-111.9263351],[33,11,38,99,88,39,40,26,128,168,265]
T46gxPbJMWmlLyr7GxQLyQ,33.398993000000004,-111.924454,41,[33.220295,-112.076896,33.577691,-111.772012],[38,39,40,7,108,33,120,11,26,15,6,191,273,128,10,44,24,112,420,137,8,139,63,99,117,194,142,27,98,48,88]
crwL3-TgGYX9k5Lg0weEtw,33.50799521676705,-112.038933,10,[33.3046998,-112.2354666,33.7112906335341,-111.8423994],[212,26,11,229,185,218,63,224,57,145,205,39,48,307,43]
hO4UkN8RniS204O1PdxoBg,33.4986978,-111.9262675,185,[33.4986978,-111.9262675,33.4986978,-111.9262675],[126,11]
oMeRgIrdAvfnYnxe-jiDWg,33.49280055,-112.0002384,200,[33.4556958,-112.0740398,33.5299053,-111.926437],[109,38,11,39,440,265,483,7,36,8,247]
LNBYycWsotI4REONfkKZCw,33.378062078969,-111.93822637872,3,[33.378062078969,-111.93822637872,33.378062078969,-111.93822637872],[7,108]
PmoZgSbsrjaDgt8XOr3Smg,33.407457,-111.979265,3,[33.407457,-111.979265,33.407457,-111.979265],[177,11]
zlgdxyDr1unuMRCbJHMJ-A,33.5508213743405,-111.91417905,6,[33.4803679,-111.9347763,33.621274848681,-111.8935818],[26,11,185,7,108,24]
eCtkMHrbM8j0R5yabfrRzg,33.5299239,-112.14616595,84,[33.418332,-112.3880291,33.6415158,-111.9043028],[26,11,33,39,212,126,293,7,142,15,6,216,162,224,24,54,55,122,96,72,48,108,46,38,205,40,117,63,292,30,13,57,99,36,69,210,32,95,222,139,375,8,247,127,45,140,185,182,172,43,137,27,41,177,285,265]
9IDcR7jQ_GdK7RBen2vJnA,33.4366436,-112.0059138,2,[33.424522,-112.0714186,33.4487652,-111.940409],[88,38,39,40,11,99,128]
QVFqN0elGs9QR_C-V3klhg,33.4561548,-112.00585195,7,[33.399991,-112.0718179,33.5123186,-111.939886],[119,99,11,48,63,39,38,40,206]
iVIxU0FhVdxXtPqvBKPM7Q,33.48577055,-112.0215064,9,[33.4691316,-112.0475116,33.5024095,-111.9955012],[26,11,7,8,119]
QR5SoRfNax1awqM8qrodRg,33.5320696,-111.781312,12,[33.385146,-112.031266,33.6789932,-111.531358],[71,72,297,65,167,133,39,38,26,128,11,99,126,96,177,48,109]
oeZj57seNVB9VS4d5_XTIQ,33.5009333,-111.9202691,48,[33.5009333,-111.9202691,33.5009333,-111.9202691],[38,99,39,40,11]
n1NyCK2tIZAefuv_ykTp3Q,33.4920804,-111.9255527,1,[33.4920804,-111.9255527,33.4920804,-111.9255527],[88,38,48,39,11]
7Cq3CYEjIGvgxQZi8IJHRA,33.2616706,-112.30580409999999,12,[32.9479262,-112.7128951,33.575415,-111.8987131],[60,6,7,108,33,11,168,99,38,39,119,120,40,265,185]
7_OOuu0ukquCn-qNDS9Njw,33.495225,-112.038091,1,[33.495225,-112.038091,33.495225,-112.038091],[72,297]
FqxQhk-JyEQjvYp_nK1DNA,33.4786755,-112.0490048,5,[33.449233,-112.0704276,33.508118,-112.027582],[7,449,97,11,27,57,99,36,69,126]
FL1xj5qKFZkU5GXVBj5TUA,33.458831,-112.01385785,44,[33.261657,-112.1839297,33.656005,-111.843786],[63,27,11,88,298,39,38,97,265,483,117,26,33,229,119,30,8,13,6,7,110,48,185,89,210,24,77,35,76,212,10,99]
yy1SbjeyWiAhWfSr5d0new,33.4354553,-112.0739136,127,[33.4354553,-112.0739136,33.4354553,-112.0739136],[309,285,11]
8XyuErbyrjKUJ9VDa0guJQ,33.370154549999995,-111.82436655000001,160,[33.3559111,-111.858873,33.384398,-111.7898601],[63,27,11,119]
CZuGDw-M7mnUquVUk4UEVg,33.466257,-111.9961765,200,[33.449233,-112.065458,33.483281,-111.926895],[63,27,11]
uG3cEBo6Edh6uATRgGZgmA,33.509656,-112.07454,25,[33.509656,-112.07454,33.509656,-112.07454],[12,114,13,6]
gvjjpsh5tQkN1f26Ym9hVw,33.43450905,-111.880016,57,[33.222722,-111.926797,33.6462961,-111.833235],[28,17,29,221,38,39,40,26,11,49,178]
IB-slXfTp3NJvtSOUN6leA,33.5997262,-111.9872563,9,[33.5997262,-111.9872563,33.5997262,-111.9872563],[126,11]
vOOfEwZqXLOFDH4o83HRFA,33.43484235,-111.9815245,19,[33.3059969,-112.077889,33.5636878,-111.88516],[382,11,224,26,38,39,40,48,32,203,99,246,7,119,139,24,17,423,49,80,82,59,117]
qMBFQh1w-WWCEP4mPMXC6w,33.5988239,-112.0297275,11,[33.5266038,-112.134828,33.671044,-111.924627],[26,11,168,169,224,27]
WaGbI3Bqv9yppWLgq7eeWg,33.641478,-112.0475,1,[33.641478,-112.0475,33.641478,-112.0475],[38,11,99,128,39]
0cRDjTY4ChwCKXPIjER6nQ,33.4483919,-112.0718819,1,[33.4483919,-112.0718819,33.4483919,-112.0718819],[39,205]
pn5a52DvJ61xtRttWc77vw,33.3876436,-111.788226,1,[33.3876436,-111.788226,33.3876436,-111.788226],[99,11]
MqkHubyT3lYDNpHywTBN7w,33.409199,-111.9685985,5,[33.327278,-112.079081,33.49112,-111.858116],[126,97,172,11,26,251]
AGWrwMIXmwm_mv5aWpj5pQ,33.4566960573784,-112.072327136993,3,[33.4566960573784,-112.072327136993,33.4566960573784,-112.072327136993],[119,11]
hCKkTKakQ0XRSspZaMauxw,33.44250855,-111.9304895,88,[33.304775,-111.947948,33.5802421,-111.913031],[192,11,48,206,33,99,126]
TxPVhvjBUQHbAQw1j_Wm7Q,33.492381,-111.9259469,1,[33.492381,-111.9259469,33.492381,-111.9259469],[265,48,11]
xR7T-HpPJRFBh-wO0c3XMQ,33.4679589,-111.98414165,140,[33.425711,-112.0293073,33.5102068,-111.938976],[28,17,29,26,11,44,97,33,74,27,38,7,47,39,48,128]
q_5plufkGHCn4HeI02g5pw,33.41924735,-111.9387795,5,[33.4157667,-111.951494,33.422728,-111.926065],[33,44,11,26]
TzRNJqZOti3QmNIGXjAzQg,33.4912545,-112.0653025,10,[33.472853,-112.07454,33.509656,-112.056065],[212,63,97,11,12,114,13,6,48]
SdFJdB2DgpkwDJjxAjLPQA,33.6119344,-111.9271523,3,[33.6119344,-111.9271523,33.6119344,-111.9271523],[267,182,172,11]
nFnMOEJPy98wdEKAVzFs3w,33.437035800000004,-111.98331200000001,88,[33.425711,-112.026154,33.4483606,-111.94047],[28,17,29,7,108,26,11]
TxImMJm5DxH_qqXiQzEyVg,33.4091952,-111.9141814,3,[33.4091952,-111.9141814,33.4091952,-111.9141814],[32,95,222]
MCmwKCqWiD2qLzHOhdhm9A,33.5515097,-112.2691041,2,[33.5515097,-112.2691041,33.5515097,-112.2691041],[109,38,265,39,11]
fQ65oVUPQ3RXhm6qtjUTSg,33.5284271,-111.9566985,60,[33.4194512,-112.079081,33.637403,-111.834316],[265,48,11,38,39,28,17,29,126,97,307,161,195,65,49,80,59,182,140,106,54,226,7,47,88,210,321,40,279,424,133,6,21,127,104,105,168,99,142,26,63,292,8,84,345,346,338,206,212]
GZtk4M-9zYWUIyfkxordxQ,33.5808348,-111.9268582,3,[33.5808348,-111.9268582,33.5808348,-111.9268582],[33,48,307,11]
FkOXrb1yaDsM0NQImdvnxw,33.488530614548,-112.03053458513801,94,[33.458692129096,-112.065567970276,33.5183691,-111.9955012],[99,11,7,142,313,98,108]
_je3JpAk2SghGPgd9LIJ_A,33.4935563568733,-112.06068805000001,10,[33.4492414,-112.0739142,33.5378713137466,-112.0474619],[7,108,63,27,24,11,38,39,40,48,168,181,229]
B257Qcn1gRmsAOr4eM7w_Q,33.42892633066125,-111.9222508193555,3,[33.4248802613225,-111.940198838711,33.4329724,-111.9043028],[212,361,11,7,292,142]
gDXgcGKsS4ZTneej8-ACqQ,33.4520184,-111.9952875,36,[33.3931628,-112.0825166,33.510874,-111.9080584],[11,27,63,26,192,28,17,29,41]
qb2F9hZtESiA9wWx0T89jg,33.3939224,-111.9091205,1,[33.3939224,-111.9091205,33.3939224,-111.9091205],[126,11]
-9MO-KwSuUNsfiu1by-uBQ,33.4563262,-112.0737079,86,[33.4563262,-112.0737079,33.4563262,-112.0737079],[7,36,8]
buRKqZFAf3AN2PhqWUzGNQ,33.6596881,-112.07152585,11,[33.495499,-112.2193658,33.8238772,-111.9236859],[129,136,17,79,11,63,3,376,28,271]
k0UMjyJtpV_34v6BkVE8sw,33.5666111,-112.0567004,1,[33.5666111,-112.0567004,33.5666111,-112.0567004],[26,11]
F_Hvxi3oMhdLX2hgAxt_zg,33.3496805,-111.9487453,1,[33.3496805,-111.9487453,33.3496805,-111.9487453],[113,6,116]
cwIZyUzEpsXzz_5VZT4LCQ,33.45480175,-111.9941818684965,16,[33.4076218,-112.072327136993,33.5019817,-111.9160366],[48,24,11,119,38,39,109,27,244,172,7,36,26,99]
hsm3aOZkatMBU5niTNC5FA,33.385548,-111.7541801,6,[33.385548,-111.7541801,33.385548,-111.7541801],[126,97,11]
nFCa6DPO60ZGns67Z74BVQ,33.47087885,-112.08710930000001,3,[33.4532307,-112.1001451,33.488527,-112.0740735],[49,102,103,52,251,43,11]
HRSzxrZnwZ2Gl9iMrbbVCQ,33.469109594079,-112.00709675,7,[33.424522,-112.0737845,33.513697188158,-111.940409],[48,11,88,38,39,40,49,80,59]
ACFwQH7B6IdoZ7Z6xKEQpQ,33.21296835,-112.01867695,15,[32.9533541,-112.280698,33.4725826,-111.7566559],[126,97,11,26,296,27]
EXZrHtmzdtDHtH9MPNEhkw,33.49819136827115,-111.981908204636,35,[33.4272811,-112.0737079,33.5691016365423,-111.890108509272],[26,11,212,63,322,57,285,214,48,119,7,36,8]
SMeQwT7awoyAO9I4x39Ztg,33.423266600000005,-112.0055914,7,[33.321266,-112.0995348,33.5252672,-111.911648],[38,11,99,128,39,88,89,43,33,119,120]
uR36hTupph_dTRuKLI4qhw,33.3792903,-111.6849798,1,[33.3792903,-111.6849798,33.3792903,-111.6849798],[123,65]
hiKGfyZXis3FBo0dqLIxMQ,33.5025941,-111.9296765,145,[33.5025941,-111.9296765,33.5025941,-111.9296765],[46,6]
6Ucu4iRCvH1MiqzOUoUwRg,33.2333299,-111.8580919,2,[33.2333299,-111.8580919,33.2333299,-111.8580919],[33,11]
CAHini9U9gpmvSfQS6pzcQ,33.52116875,-112.1083554,200,[33.4643554,-112.1185366,33.5779821,-112.0981742],[99,120,11,265]
3FvZLg19icrnprA_PzSr9Q,33.39250785,-111.88480824999999,34,[33.3046998,-112.0805886,33.4803159,-111.6890279],[11,63,307,24,172,26,39,38,48,128,212,7,47,27,475,10,33,340,201,109]
7DyLORBbvk1oOY6oJN9cvg,32.8795324,-111.7472691,2,[32.8795324,-111.7472691,32.8795324,-111.7472691],[6,21]
5im_I7GWJn846TYsYZA4Dw,33.484158550000004,-112.05878580000001,3,[33.458871,-112.077177,33.5094461,-112.0403946],[63,27,11,206]
nsYsbWOIL5rwftJC7dRzew,33.66295195,-112.066858,12,[33.4571599,-112.150244,33.868744,-111.983472],[185,11,38,48,39,26,43,6,110,296,210]
7k5mTaDV609kLd8QFqYznw,33.556782749999996,-112.0248338,3,[33.5092756,-112.0718179,33.6042899,-111.9778497],[166,6,48,11]
rAk-41w9x2H_xnzAvek5YQ,33.564334099999996,-111.98664769999999,7,[33.501936,-112.082092,33.6267322,-111.8912034],[26,11,27,63]
4tGsitca0eJV9E9lVbHBfg,33.42223315,-111.94955454999999,25,[33.4217383,-111.951494,33.422728,-111.9476151],[26,11]
LOw270G6N5J4G_sXcebT-Q,33.54175765,-112.07631505,13,[33.4463853,-112.2691041,33.63713,-111.883526],[109,38,265,39,11,168,169,7,142,57,119]
w1umJTcMc8IIwfwhpICPRg,33.432684800000004,-111.9097709,6,[33.3547012,-112.029752,33.5106684,-111.7897898],[7,108,48,11,119,24,32,90]
HZtU5fsT8T1TZe6nYGKDpg,33.4930514,-111.9339561,22,[33.4930514,-111.9339561,33.4930514,-111.9339561],[28,17,29]
1-1KQfSPv-fJ-Rgi_U9aAg,33.44993385,-112.13344955,28,[33.4402837,-112.336129,33.459584,-111.9307701],[49,80,82,59,52]
p1gZ87ycnFrh0armffsYBA,33.870576,-112.150648,1,[33.870576,-112.150648,33.870576,-112.150648],[64,104,105,65]
704ePukfyWbTXtpTQS858A,33.392567,-111.787043,1,[33.392567,-111.787043,33.392567,-111.787043],[65,133]
Qa9NEkzM1zqHr_ZCj7E-qg,33.411524799999995,-112.0217512,2,[33.3702541,-112.0693177,33.4527955,-111.9741847],[26,127,11,265]
1mb8OIEd4BlP51yDvb5rvg,33.5030129,-112.0039285,8,[33.5030129,-112.0039285,33.5030129,-112.0039285],[195,65]
_-oKt8pfqoQXbRZUi49cSg,33.435436,-111.9273079,17,[33.435436,-111.9273079,33.435436,-111.9273079],[28,17,29]
nDAio-lhgxgFLIR9hy5shw,33.4951366,-112.0012318,1,[33.4951366,-112.0012318,33.4951366,-112.0012318],[48,11]
2vKYhPvvq-_sClQACFfebQ,33.4219963,-111.9398864,5,[33.4219963,-111.9398864,33.4219963,-111.9398864],[7,36,99,11]
bKfbEIo8wmQxAGIsc-dCFQ,33.6128816,-111.9778062,1,[33.6128816,-111.9778062,33.6128816,-111.9778062],[84,339]
JEQ6el2-tLtKJU6k_SpE-w,33.6236715,-111.9251782,1,[33.6236715,-111.9251782,33.6236715,-111.9251782],[38,48,39,40,11]
TZBEpT4wd3Rzhw6-d2y5Ew,33.2914957,-111.90992625,12,[33.261388,-111.9626175,33.3216034,-111.857235],[126,11]
NJUc1aULvWZHaS-U1inljQ,33.4371562,-112.0136199,200,[33.4371562,-112.0136199,33.4371562,-112.0136199],[28,240,241]
Vsfr0PxH_A458czK15n8dw,33.5699795,-112.155366249202,24,[33.461344,-112.4159659,33.678615,-111.894766598404],[11,63,57,69,48,43,248,249,6,15,7,142,322,250]
C-JsZML8lVJ9zT5SLRUTag,33.6721220785127,-111.905096769333,1,[33.6721220785127,-111.905096769333,33.6721220785127,-111.905096769333],[48,11]
q5fRbQHgWN9iaHYOYFPvLQ,33.304894,-111.9490283,8,[33.304894,-111.9490283,33.304894,-111.9490283],[219,218,11]
vSig1ITU3HxT06s6Vy3jTw,33.3713312,-111.9127427,4,[33.3059969,-111.9403254,33.4366655,-111.88516],[251,11,285,185,26]
osSdtC3M6IzdQkHIClx6Rg,33.499378500000006,-112.04931585,8,[33.4770236,-112.083991,33.5217334,-112.0146407],[33,38,39,11,143,205,109,48,28,17,29]
pOp_frC3di-6227GgHJjdA,33.7060398,-112.4998464,11,[33.4430156,-112.728991,33.969064,-112.2707018],[43,11,185,26,63,27]
zr8e02GeVp5AjXjx-lIPFw,33.59534685,-111.88034295,4,[33.5705669,-111.886606,33.6201268,-111.8740799],[126,97,11,72,154]
m7io289LhBZb1dDgmKlzUw,33.4986978,-111.9262675,2,[33.4986978,-111.9262675,33.4986978,-111.9262675],[126,11]
1ieuYcKS7zeAv_U15AB13A,33.43539575,-112.00103684999999,173,[33.43475,-112.00644,33.4360415,-111.9956337],[28,240,241,170]
vKPn06dEXc2R_VG4zJVlAQ,33.6101798,-112.222402,1,[33.6101798,-112.222402,33.6101798,-112.222402],[27,11]
r6_E2kHAtxNvGeALLxC_dw,33.5020654,-111.9242599,26,[33.5020654,-111.9242599,33.5020654,-111.9242599],[28,17,29]
f7PXuzaqLs4IzGX0iz5ipw,33.4161362,-111.8061621,5,[33.3931315,-111.876124,33.4391409,-111.7362002],[27,11,83,6]
L3nyH2yeJRNahm0xepL1yQ,33.5094501,-112.02546615,200,[33.4354553,-112.0739136,33.5834449,-111.9770187],[38,11,99,128,39,212,43,168,265,309,285,140,40,48,177,127]
GKzWSBv2Dpx3ziMFQ4S0gA,33.4219588,-111.93206715,43,[33.4070202,-111.9598315,33.4368974,-111.9043028],[38,168,298,88,39,11,33,117,48,224,27,128,7,47,177,192,127,74,63,189,10,24,44,142,108,182,140,99,26]
Za9CEz4x9Ks-94W0lqvuPg,33.56575065,-111.9501747,14,[33.4951793,-112.0050934,33.636322,-111.895256],[119,120,11,61,13,6,85,71,72,73,265,177,140,38,48,39,117,7,142]
icxJ-bAxZuhyEbOtmHdM9Q,33.4652702,-111.9167629,28,[33.4329724,-111.929223,33.497568,-111.9043028],[119,99,11,309,285,109,38,48,39,27,7,142,177,140,26]
NGyKM1pgvzdM3JoIOPwtIw,33.379859,-111.601427,1,[33.379859,-111.601427,33.379859,-111.601427],[38,128,39]
ahXmdKsanBCT6ImDa6dFhA,33.52660015,-111.9642857,12,[33.3211423,-112.0827836,33.732058,-111.8457878],[38,39,40,49,80,82,59,33,117,11,98,7,108,273,177,99,128,63,27,24,465,57,145]
g54ZH9z0ieZBFLyHeLc7yA,33.400450500000005,-111.9531206,4,[33.3216034,-111.978279,33.4792976,-111.9279622],[7,24,47,27,11,28,388,241,126]
X0Z8YEZMt_DDXNx6i6Q_ZQ,33.500545,-111.9264093,6,[33.500545,-111.9264093,33.500545,-111.9264093],[33,38,48,39,11]
mqueHx5CFC9IsZxLQb3H9g,33.47380695625795,-111.98211330000001,14,[33.3203096,-112.0737845,33.6273043125159,-111.8904421],[24,11,99,57,69,48,63,27,10,39,119,38,88,40,49,80,59,65,105,369]
6cQLunJWuaIelIdTvB67sQ,33.5609075,-112.11855205,4,[33.5542912,-112.1371245,33.5675238,-112.0999796],[39,212,293,239,11,15,25,6]
Zbo1yK-X9Gr9aRsX5vjh2Q,33.5123186,-111.995355,1,[33.5123186,-111.995355,33.5123186,-111.995355],[119,99,11]
JRz8amy8M5NC7DjjL8NRsg,33.4951558,-112.0010198,2,[33.4951558,-112.0010198,33.4951558,-112.0010198],[224,11]
bq3ZZs0q6R7JxVhr4zzh6g,33.4922985,-111.9245517,6,[33.4922985,-111.9245517,33.4922985,-111.9245517],[210,11]
1F5G7Tdo14xzsGyISkHDvQ,33.509649499999995,-112.003411,17,[33.408336,-112.079261,33.610963,-111.927561],[27,11,7,148,48,144,63,99,117,106,54,107,88,38,39,298]
ONFpPZF9UNlJtepCObqR9A,33.492381,-111.9259469,2,[33.492381,-111.9259469,33.492381,-111.9259469],[265,48,11]
CMxTMgwFQVlB2ukMP7emVg,33.53710325,-112.08980299999999,7,[33.3999435,-112.254093,33.674263,-111.925513],[26,11,206,185,54,55,71,72,96,44,24]
hSP0y4SqtY9mi8UXpvWfoA,33.5102068,-112.0272041,3,[33.5102068,-112.0272041,33.5102068,-112.0272041],[99,11]
PE03kRgbVlD1X4KlHOFQRA,33.36937295,-112.0989737,3,[33.3135389,-112.3566862,33.425207,-111.8412612],[26,11]
DR16G5ON682bdXrcFUjVOw,33.4896119,-112.07746975,2,[33.4875788,-112.0817435,33.491645,-112.073196],[43,11,40,38,39,205]
o9qVoftkxrFwC6W5PImouw,33.5229485,-112.00375249999999,46,[33.390792,-112.081705,33.655105,-111.9258],[265,11,63,27,32,95,222,7,8,119,26,38,6,145,186,57,39,28,442,241,88,298,206,56,126,97,4,5,40,48,309,285]
X_m9AySkNyZCsnxCuYZ2qg,33.55688166595405,-112.05368304999999,11,[33.2815660319081,-112.1706789,33.8321973,-111.9366872],[26,11,57,145,258,39,28,17,29,43,265,33,48]
nmJN5-p6I6GDPOHnrN26Vg,33.497354,-111.9255735,200,[33.49447,-111.926921,33.500238,-111.924226],[126,97,11,38,39,28,17,29]
YU8ZsXvYZ3o2hmc5RZLT6w,33.5839581,-111.9788671,1,[33.5839581,-111.9788671,33.5839581,-111.9788671],[182,218,307,11]
qlhbMNgq7p7Qj3kHt3-mtg,33.43484364034085,-111.893324077427,3,[33.3666012806817,-112.065449,33.503086,-111.721199154854],[49,193,58,59,119,201,11]
L9FPHmWQfyYO2LUfNMcnXQ,33.3339921,-111.7554945,3,[33.3339921,-111.7554945,33.3339921,-111.7554945],[78,79]
B8XnHZxbMD01KOo0mnz9wg,33.531372000000005,-112.05546100000001,3,[33.523984,-112.063942,33.53876,-112.04698],[212,11,265]
38mFXGlsWdVGtWKNjpSSHQ,33.424802150000005,-111.9442394,37,[33.261657,-112.1164668,33.5879473,-111.772012],[41,43,11,120,27,202,72,63,119,99,265,24,185,169,168,224,32,203,7,8,6,45,189,10,108]
na7c6gMDyReSKu5Yz2BM3g,33.51158045,-112.0003674365235,50,[33.348162,-112.19974,33.6749989,-111.800994873047],[26,11,72,395,127,13,6,272,4,5,49,160,265,126,8,7,138,97,139,98,10,24,38,99,128,39,109,63,202,201,387,182,48,140,117,108,185]
DrEvCnHGJku919UXp5kM9A,33.563771,-111.96324225000001,5,[33.497828,-112.0152845,33.629714,-111.9112],[49,80,59,352,48,11,475]
B_k2_RTA1cfxWJjkXBC2ZA,33.4702022,-112.0653186,3,[33.4702022,-112.0653186,33.4702022,-112.0653186],[182,172,11]
zlCFkXvHy0T5q7LKh3JpUw,33.61936,-111.87854300000001,11,[33.6153,-111.891906,33.62342,-111.86518],[123,65,24,11]
5Yq6Rt9SOVRS_VmOQ0H8sg,33.5336234,-111.9652641,1,[33.5336234,-111.9652641,33.5336234,-111.9652641],[161,28,65,17,29]
c1J3fJozDVHeICaYc3t2ew,33.4643259,-111.9263529,23,[33.4643259,-111.9263529,33.4643259,-111.9263529],[7,108]
T-f_cOhjSNmlWtSpLHIhFg,33.393632600000004,-111.88850500000001,14,[33.3805962,-112.02249,33.406669,-111.75452],[181,229,11]
6uBrsFL9GHTsrfuqakr12g,33.3045866,-111.9006511,3,[33.3045866,-111.9006511,33.3045866,-111.9006511],[99,11]
eW4wK3I_tdwROgYvTdidaw,33.3833071,-111.6853576,169,[33.3833071,-111.6853576,33.3833071,-111.6853576],[126,11]
rlxf6TBuCI7nNIepNW_F_w,33.4958542,-112.35675255000001,28,[33.4952867,-112.3578878,33.4964217,-112.3556173],[161,195,65,49,28,178,17,29]
sDDVSSr9DZFGhexEt3ifnQ,33.589741450000005,-111.9016510387695,200,[33.3794253,-112.124526977539,33.8000576,-111.6787751],[33,38,48,39,11,251,97,43,26,13,6,115,372,28,17,29,120,41,309,119,285,265,99,185,7,36,8,65,158,161,27,177,140,142,9,10]
oohjrn_rV3YWR01LYwLpRg,32.879846,-111.75298,1,[32.879846,-111.75298,32.879846,-111.75298],[64,65]
omGocLsyIYeiHPviDOAa3w,33.59838475,-111.94625545,96,[33.4342595,-112.079081,33.76251,-111.8134299],[38,99,39,40,11,119,26,126,28,170,7,36,8,97,49,80,82,59,37,32,212,43,206,46,6,224,30,13,72,96,48,50,52,63,27,45,210,109,265,352,41,57,186,108,445,66,202,229,10,24,251,221,98,142,137,139,327,44,127,177,140,4,12,193,160,69,47,200]
qUj0Ggp1a2sw6OEWfEn4Qg,33.38324355,-111.9826843,124,[33.2614572,-112.0823438,33.5050299,-111.8830248],[57,39,145,48,11]
rB0WdyrcWl4aYNpSIEbGiA,33.577691,-111.927632,2,[33.577691,-111.927632,33.577691,-111.927632],[49,80,82,59]
BJGMa0EXlde3nLhO-x01-A,33.4599878,-111.9348812,2,[33.4253394,-111.9398532,33.4946362,-111.9299092],[101,38,39,465,57,145]
QJt3826_UUKk0Mh4R5XFFw,33.55811945,-112.19126424999999,39,[33.534203,-112.2618153,33.5820359,-112.1207132],[33,11,182,99]
9UtNYyrWnpMbpshMrZSRGQ,33.546328450000004,-112.1753504,30,[33.4537199,-112.3553813,33.638937,-111.9953195],[126,97,11,30,8,13,6,7,110,138,48,139,63,38,99,88,39,40]
2Ekjph39AkIRDxjATFf-6w,33.5086952779617,-111.927080154419,16,[33.5086952779617,-111.927080154419,33.5086952779617,-111.927080154419],[99,11]
rUZr5-W2ouYDfH1s2WIv_g,33.457863,-112.068359,1,[33.457863,-112.068359,33.457863,-112.068359],[38,48,39,11]
UkxMfTP84XakgK8YorlkqQ,33.65371305,-111.98142150000001,8,[33.6270211,-112.081124,33.680405,-111.881719],[32,314,11,63,119,71,72,73]
glV1YLq9juWlIpT_5tSf9Q,33.449233,-112.065458,16,[33.449233,-112.065458,33.449233,-112.065458],[27,11]
c6lGshUnaNeqENTu0AqkKw,33.5093845,-112.0456423,3,[33.5093845,-112.0456423,33.5093845,-112.0456423],[7,36]
VYfyysmafV5_HM9rAQQyfg,33.4960515,-111.9302928,2,[33.4960515,-111.9302928,33.4960515,-111.9302928],[38,11,39,63]
hnQm77AGsF5oxeAtUV_ipg,33.448333,-112.074127,1,[33.448333,-112.074127,33.448333,-112.074127],[27,11]
RE_NW2Xjvl1TLoJPC36XNQ,33.4425424,-111.9556086,6,[33.378877,-112.0739142,33.5062078,-111.837303],[168,181,229,11,30,8,13,6,7,110]
BDtpGSXrOLNBjxKkH72r9A,33.41853322145995,-111.9355873435095,7,[33.4146612,-111.9466751753,33.4224052429199,-111.924499511719],[33,11,48,7,232,26,63,27]
ZysDIE6UDtfDEzoZdf43qA,33.2328817,-111.85828,1,[33.2328817,-111.85828,33.2328817,-111.85828],[7,142]
Dg4VDgMfKT8YTbU0O4L9lA,33.321061644794,-111.723918914795,17,[33.321061644794,-111.723918914795,33.321061644794,-111.723918914795],[99,11]
4jQOGCQCjAiBEo8JYpVhfA,33.6388158,-112.1849973,1,[33.6388158,-112.1849973,33.6388158,-112.1849973],[7,8]
pZo_t94pcextIITq8tyDpQ,33.5048733,-112.0125672,10,[33.4149286,-112.1001451,33.594818,-111.9249893],[63,99,11,26,251,43,201,24,38,57,39,145,265]
MJ2xFLYg_e9d62Wbxr50aQ,33.45815155,-111.97927089999999,102,[33.3550442,-112.169011,33.5612589,-111.7895308],[26,11,10,185,38,39,40,119,99,177,48,168,7,8,117,24,63,27,265,309,285,74,33,44]
KV-tBbFSWtQ6uvuYwjhAww,33.4480736,-112.0702871,20,[33.4462892,-112.071886,33.449858,-112.0686882],[38,128,39,28,17,18,29]
WUyljiflWc2i8K0ZsL_Nyw,33.4437165,-111.880469,30,[33.304138,-112.07643,33.583295,-111.684508],[155,432,237,54,106,38,99,88,39,40,11,48,127,71,72,184,297,227,32,79,121,78,143,293,128,28,241,394]
81rwLv5QpDvRQOoeq7I0VA,33.491645,-112.073196,24,[33.491645,-112.073196,33.491645,-112.073196],[38,140,39,40,48,11]
MDyga3mzLZKHY-cfD9rbfA,32.9484261,-112.7117802,47,[32.9484261,-112.7117802,32.9484261,-112.7117802],[63,27,11]
YezFOG7KeGgZBF5HzU7wbA,33.973909,-112.735556,69,[33.973909,-112.735556,33.973909,-112.735556],[99,11]
Oq3eGtGyDkioJN_GmzB7ow,33.530335,-112.047101,1,[33.530335,-112.047101,33.530335,-112.047101],[26,11]
SDnE4aPzrf6i2hIZnQ7bZA,33.5997853,-111.9869486,2,[33.5997853,-111.9869486,33.5997853,-111.9869486],[119,201,99,11]
pg2fDQinZv-a4uvkiPGSMg,33.62485465,-112.39716225000001,6,[33.594952,-112.419796,33.6547573,-112.3745285],[44,11,7,108,142,32,222,374,28,496,95]
HP1InlyEN9COSIfJstXECA,33.5065090878526,-112.073972394505,2,[33.5065090878526,-112.073972394505,33.5065090878526,-112.073972394505],[7,142,292]
kKH5sOi4gmTdiVIBk-DxOw,33.5127699,-112.0740123,2,[33.5127699,-112.0740123,33.5127699,-112.0740123],[109,38,11,39,63]
VKKS3qp68HCFNzRsTOxSHQ,33.6373522,-112.0684448,3,[33.6373522,-112.0684448,33.6373522,-112.0684448],[119,11]
ZazCiQX_xeLWW07lo1wu4w,33.4612789,-112.1727709,14,[33.4612789,-112.1727709,33.4612789,-112.1727709],[28,17,29]
jcxIixhwAHuHqMWreMat5A,33.5636878,-112.0595603,1,[33.5636878,-112.0595603,33.5636878,-112.0595603],[32,203]
VObuX_1YQy1oVdmLp8XImg,33.5840123,-111.9223917,3,[33.5840123,-111.9223917,33.5840123,-111.9223917],[182,48,140,11]
BUVu0X2IiVFJGaddJyQTTw,33.449233,-112.065458,17,[33.449233,-112.065458,33.449233,-112.065458],[27,11]
1h8gO7cNN58oXZ6xrxAKPw,33.4881846,-111.9608249,1,[33.4881846,-111.9608249,33.4881846,-111.9608249],[48,11]
ZYBhxMZk32e6DF77jjprhw,33.5217907,-111.91299105,25,[33.4230344,-111.9278401,33.620547,-111.898142],[38,11,99,128,39,24,7,8,6,45,26,101,126,48,27,40]
MfB1_zZL8vbz_9y_bXtVrQ,33.55108145,-111.9557298,159,[33.4235479,-111.9746066,33.678615,-111.936853],[177,192,11,224,126]
N1Q6HiZvnZHjNU712Gymqw,33.490333,-111.95311595000001,120,[33.29744,-112.092802,33.683226,-111.8134299],[7,8,119,11,251,25,6,28,442,241,27,36,377,99,26,138,139,333,57,39,145,192,87,108,24,54,55,122,177,140,38,186,117,224,48,88,298,9,10,168,101,49,66,128,43,17,29,214,189,15,191,56,34,35,212,97,63,33,47,309,285,162,98,46,257,181,40,4,5,367,137]
kuCLvtxGmFNLs6nl4IN7fQ,33.7150071,-112.1129733,1,[33.7150071,-112.1129733,33.7150071,-112.1129733],[27,11]
TYKa4QE3IkSndx80rhuH7Q,33.4869405,-112.16998570000001,9,[33.464303,-112.2797864,33.509578,-112.060185],[99,11,63,27,38,33,39,128,212,97]
tOsuZWGKPAefBgagPQiS4Q,33.42249665,-111.9357382,2,[33.4222653,-111.951494,33.422728,-111.9199824],[24,11,7,98,10,9]
yWR2RP3wqnXFjpbk8VoNug,33.501821,-111.919938,200,[33.501821,-111.919938,33.501821,-111.919938],[265,185,11]
9qdT6h1j-fviKqWKn0qkww,33.6247911,-111.9257312,14,[33.6247911,-111.9257312,33.6247911,-111.9257312],[11,63]
VSpo37oZvQ7XjdMcp0MwZg,33.41311,-111.87565599999999,2,[33.413062,-111.875779,33.413158,-111.875533],[251,11,239]
5rEuj-G0m8JgdMSSxZ9xhA,33.506656500000005,-112.0119419,200,[33.502191,-112.0275918,33.511122,-111.996292],[7,8,33,11,109,38,39,63]
aHzVt_f-HJJ8_WEWt9d1vQ,33.6854662,-112.05906465,10,[33.5389709,-112.1709674,33.8319615,-111.9471619],[48,185,11,33,99,120,119,39,38,27,128]
ZjbeFRgDgt_nMcg37MrXlg,33.47129215,-111.8360818,4,[33.332733,-111.946971,33.6098513,-111.7251926],[126,97,11,65,133]
Wi-5Qxerreu0MqB8YtjINg,33.4803901,-111.9102319,4,[33.4803901,-111.9102319,33.4803901,-111.9102319],[185,11]
5RJZ881HSlaIv9uqzBWlwA,33.503686,-111.929337,1,[33.503686,-111.929337,33.503686,-111.929337],[33,11]
RHpt4EMUgdRxcwBYX_9XgQ,33.5561035,-112.1131396,7,[33.5561035,-112.1131396,33.5561035,-112.1131396],[28,17,29]
7-ELgFRiTcYxDyH1CjLwow,33.3985301,-111.98785765,200,[33.3478272,-112.065458,33.449233,-111.9102573],[224,182,11,38,7,47,88,39,48,27]
Df_GDATOdDbdS9Z0aEHK_w,33.417037449999995,-112.13741639548499,51,[33.3037399,-112.34971999097,33.530335,-111.9251128],[38,39,40,48,11,27,63,26,214,239,99,88,182,140,265,119,101,33,128,298,175,129,121,79,7,108,57,145,143,117,28,17,29,109,89,8,138,139,192,323]
okcNd96gHHf_83wly93bpQ,33.528773349999994,-112.0731914,68,[33.5097112,-112.0993598,33.5478355,-112.047023],[251,11,38,99,128,39,28,17,29]
6TQi0QpE7CeclUD7yXmdZg,33.3215016,-111.8416355,2,[33.3215016,-111.8416355,33.3215016,-111.8416355],[43,11]
4GW1hkEw5n79WAZtKaMxpA,33.57972475,-112.07339905,3,[33.5094495,-112.1,33.65,-112.0467981],[6,45,84,336]
E5gwqc-Ovv6_9hG_D1gj8A,33.623351299999996,-111.87645755,16,[33.619412,-111.8980932,33.6272906,-111.8548219],[48,11,26,119,44,24,224]
EEsYi_yEGWADkWJxkkWcYg,33.49929935,-112.02097635,28,[33.4222436,-112.1164397,33.5763551,-111.925513],[38,39,293,129,78,332,278,79,143,205,11,27,119,33,117,229,99,206,84,147,48,140,44,26,177,43]
wN6sKWryjjcDRBplyoFsGA,33.5950968646478,-112.065436542034,200,[33.5950968646478,-112.065436542034,33.5950968646478,-112.065436542034],[28,17,29]
3OGsSRQodvBpVkIuvHj2QA,33.6125018,-111.9791228,1,[33.6125018,-111.9791228,33.6125018,-111.9791228],[27,11]
-QT_e-7VSun5c2z85k_k5A,33.5512126,-112.09159325,46,[33.4238102,-112.25351,33.678615,-111.9296765],[49,52,26,11,46,6,41,42,43,24,44,7,108,119,99,39,38,27,128,98,88,292,50,182,48,140,57,36,69,13,115,168,181,229,33,117,120]
cnh03WtzRBOZma4O6yA7iw,33.46149025,-111.9689726,13,[33.420571,-111.9955012,33.5024095,-111.942444],[38,168,298,88,39,11,27]
AXqTKXiEGCABoZhmfNFHXA,33.8325285,-111.9409619,6,[33.8325285,-111.9409619,33.8325285,-111.9409619],[201,11]
-2M6yunctiSDYj3KFCHR4w,33.497828,-111.927267,4,[33.497828,-111.927267,33.497828,-111.927267],[109,38,201,39,11]
st1-n8cE2zmAZFBZXdOTLw,33.5672661,-112.11513595,7,[33.508118,-112.2026899,33.6264142,-112.027582],[32,235,28,17,29,57,99,7,36,69,11]
8kz0N8zwbzmlfkdrFaot6w,33.3794253,-111.9654688,4,[33.3794253,-111.9654688,33.3794253,-111.9654688],[120,11]
yVL-sgLg3A4PJ1gUIhQ-SQ,33.459598,-111.9271455,2,[33.439261,-111.92777,33.479935,-111.926521],[224,43,11,161,65]
2desPPHWXjJWNpz1089A0g,33.575677299999995,-112.1036646,9,[33.442946,-112.2798692,33.7084086,-111.92746],[27,11,65,133,57,69,38,422,39,49,146]
pQ77RekrV4bWwLH-mJNsGg,33.3496582,-111.8212381,1,[33.3496582,-111.8212381,33.3496582,-111.8212381],[26,11]
LGMHR3adplRGi1qmVBpiTQ,33.5102068,-112.0272041,7,[33.5102068,-112.0272041,33.5102068,-112.0272041],[265,11]
EA2ZXshneq7vXHqNGdiR-g,33.4995106,-111.9272212,1,[33.4995106,-111.9272212,33.4995106,-111.9272212],[109,38,11,39,440]
4h0nIncaoWgPXABhttHVag,33.5227721,-111.9001502,5,[33.5227721,-111.9001502,33.5227721,-111.9001502],[10,63,24,11]
REQcPI6iDpJ4yefsLh5Kgg,33.4989321,-112.0804814,2,[33.488527,-112.1001451,33.5093372,-112.0608177],[251,43,11,212,63,97]
nQVJ_9f7xVtlozrFu4xmqg,33.732153,-111.8537306,70,[33.732153,-111.8537306,33.732153,-111.8537306],[28,17,29]
7tQrSnHmKVtMfXMth_LxEQ,33.62319425,-112.39045250000001,11,[33.6075896,-112.42524,33.6387989,-112.355665],[7,142,27,11,251,212,65,133,162,119,38,48,39]
THWy5fcqgLtXWUAPYZOL6g,33.5396028,-111.9995826,5,[33.4552907,-112.0736348,33.6239149,-111.9255304],[48,11,7,138,8,139,265]
YhqEQ9O7JRjdr12hSZbu0A,33.49797955,-112.326919,8,[33.463543,-112.3903445,33.5324161,-112.2634935],[126,97,11,7,36,28,17,29,49,178,39,38,99,128]
TW-UNONYerV2A1dzncKLLA,33.825118,-111.92344,2,[33.825118,-111.92344,33.825118,-111.92344],[123,65]
ZKo-HD5FdrINIHAcD9AnAA,33.4885096,-112.0139709,17,[33.422728,-112.0999796,33.5542912,-111.9279622],[112,6,151,49,368,120,11,38,48,39,63,27,88,89,7,24,47,36,8,35,77,70,15,25,12,114,13,98,108]
1XKGKSnV1DgWjX4tOr1Oyg,33.397149150000004,-111.8925805,6,[33.3785316,-111.926065,33.4157667,-111.859096],[25,6,30,13,33,44,11]
7wXjMlGk3Ga8Ez6qtKo4lw,33.531484,-112.26167,14,[33.531484,-112.26167,33.531484,-112.26167],[57,327]
RHWm_duEdCgWwtN1fBUkHA,33.49768745,-112.1377136,19,[33.434116,-112.3428904,33.5612589,-111.9325368],[212,11,26,7,8,27,9,119,43,265,99,63,97,48,185]
ED8rq4vqflssrXbigIhgOQ,33.427837,-111.9656431,22,[33.34697,-112.1000362,33.508704,-111.83125],[63,27,24,11,49,52,7,108,51,309,285,38,48,39,36,8,247,40,192,205,265,109,202,72,26,138,139]
iDcjErKmXtkjKA-omzTm3Q,33.44583385,-111.93319679999999,14,[33.4261603,-111.939838,33.4655074,-111.9265556],[39,38,126,97,11,93,3]
9nAZ1Gx52-XU7GWuJC-VgA,33.460134,-112.0777852,29,[33.460134,-112.0777852,33.460134,-112.0777852],[49,52]
LMGEfmk2Sn6ONgzcsj24cA,33.8332781,-111.9513452,3,[33.8332781,-111.9513452,33.8332781,-111.9513452],[7,108,48,11]
ksOQZPg7yGQ4PDPS9ai4-A,33.492622499999996,-111.977216,9,[33.347591,-112.236356,33.637654,-111.718076],[7,137,8,139,119,99,11,57,148,117]
mliMzOBpJEWYZ7Sn_pBPjw,33.44548065,-111.814115504883,10,[33.3931333,-111.939846,33.497828,-111.688385009766],[177,140,11,352,48,64,65,251]
pOgrEdAaMBAJviSgqTCXiQ,33.4961814880371,-111.928810119629,1,[33.4961814880371,-111.928810119629,33.4961814880371,-111.928810119629],[119,48,201,11]
n9UlaT5sd0oMHgx8jdOiGw,33.434845147585,-111.86769035699,5,[33.434845147585,-111.86769035699,33.434845147585,-111.86769035699],[48,24,11]
qaHAWS_Q-8u6ukOtOQtiBw,33.4675837,-112.18259135,6,[33.4354544,-112.358147,33.499713,-112.0070357],[99,11,49,28,178,17,29,117,214]
ZpYU1YeBKMyem0-c4FJzyw,33.4994169,-111.98325385000001,34,[33.435146,-112.0595603,33.5636878,-111.9069474],[236,103,7,8,119,11,36,32,203,108,96,72,71,184,137,139]
xQE_Ufw8vVafAmZ7oUJFeQ,33.547495,-111.92358,1,[33.547495,-111.92358,33.547495,-111.92358],[28,17,29]
4KH4P2HNIzDQN2IDLMoznQ,33.424778,-111.939846,11,[33.424778,-111.939846,33.424778,-111.939846],[177,140,11]
esuGSNMDslGkc4GKWEw8cQ,33.610447,-112.2219287,1,[33.610447,-112.2219287,33.610447,-112.2219287],[65,133]
gm0HvmdngQUPMNLIS0L4VQ,33.2940961409301,-111.824608121936,2,[33.2333299,-111.8580919,33.3548623818602,-111.791124343872],[7,247,33,11]
bn48pg31T36xcO0fR0PLIQ,33.5083781,-111.9258659,4,[33.5083781,-111.9258659,33.5083781,-111.9258659],[161,28,65,17,29]
DtH_bNF8_B81b43GRmzXeA,33.3098443,-111.6691804,166,[33.3098443,-111.6691804,33.3098443,-111.6691804],[28,170]
gNpES-ggE_Myz5q2W-QLoQ,33.42885016637155,-111.9324551818865,8,[33.4234408327431,-111.939622163773,33.4342595,-111.9252882],[7,142,109,38,27,39,11]
OSDR_W4vE3e2-kFvrlrknw,33.55229493462115,-111.94402395,14,[33.4801227,-111.9841789,33.6244671692423,-111.903869],[39,119,48,38,11,32,95,222,24,71,72,26,311,88,175,129,332,79,121]
GQmw4SHwhKm8-F-zx804NA,33.449233,-112.065458,1,[33.449233,-112.065458,33.449233,-112.065458],[27,11]
V1UCsFJZVFM9N_T095TiIw,33.4552907,-111.9878697,10,[33.4552907,-111.9878697,33.4552907,-111.9878697],[43,11]
hJUWnhSq16tcpgmtkXbGcw,33.512584700000005,-111.94434555000001,31,[33.491546,-111.9652641,33.5336234,-111.923427],[161,28,65,17,29,26,11]
E5qFR0RBQBoXx8FbrOkdbw,33.535802387118,-111.95394244925001,63,[33.392989774236,-112.0830342,33.678615,-111.8248506985],[265,99,185,11,27,38,39,40,79,121,26,212,41,201,63,24,7,313,112,6,182,172,142,128,296,84,262,177,140,33,44,98,108,119,36,292,48,10,64,65,175,129,47,49,80,82,59]
aXd98-ugj7TOlchV9CjA4Q,33.4514309,-112.0701057,1,[33.4514309,-112.0701057,33.4514309,-112.0701057],[48,11]
Yyzh--GXS9EseiG6RhWQtA,33.54564345,-111.95684415,5,[33.4803679,-111.978912,33.610919,-111.9347763],[7,108,24,11,6,300]
eX77Ia71jAxA6BFb142eLw,33.493327199999996,-111.91951635000001,4,[33.4920804,-111.9255527,33.494574,-111.91348],[88,38,48,39,11,175,129,121,79]
vZ4BqZKoUnO_dzerWWcavQ,33.49115,-112.00255835,14,[33.448775,-112.079564,33.533525,-111.9255527],[265,11,26,57,39,145,71,72,63,440,260]
F4zb6uNZHInE9aGVBQqjzw,33.6149455,-111.9244778,1,[33.6149455,-111.9244778,33.6149455,-111.9244778],[71,72]
rmzrNmJPoJIAJKmG3TAA4w,33.63147045,-112.04181645,16,[33.564852,-112.1611769,33.6980889,-111.922456],[11,97,63,49,178,7,33,24,142,26,168,99,38,39,128,265]
Ef3AcpgZ__-ZvAe0ighEOQ,33.675028350000005,-112.1282075,5,[33.637072,-112.185076,33.7129847,-112.071339],[43,11,27,38,128,39,63]
7Vz4vUAv9NRspkwGG296Jw,33.6018027,-111.91123350000001,2,[33.580975,-111.925697,33.6226304,-111.89677],[6,35,76,345,84,346,23,459]
Eiyizh3ZEnkDOmGNyPzwDQ,33.5708131,-112.0657374,5,[33.5708131,-112.0657374,33.5708131,-112.0657374],[26,11]
3xA1w6QoYCYN1SnR1h0DyA,33.4796805,-112.1348825,2,[33.464277,-112.269802,33.495084,-111.999963],[97,11,33,117]
0eLpajw4F1ZyF1iKSvDqUg,33.370506171322,-111.91082008765,4,[33.319395,-111.9466751753,33.421617342644,-111.874965],[182,48,140,11,63,27]
0GSpfG0aZJ9DZFUgKbOjbQ,33.427732,-111.943236,1,[33.427732,-111.943236,33.427732,-111.943236],[26,11]
kIuPlXoAZjDzb97jYFketQ,33.342586972820854,-111.860277075659,6,[33.3044612,-111.9945753,33.3807127456417,-111.725978851318],[219,218,41,11,63,27]
aF0L7GsRN-qU0h816S4zTA,33.446715,-112.357469,2,[33.446715,-112.357469,33.446715,-112.357469],[99,11]
JfiswC7gqPAYllVjn-G7Ew,33.51315,-112.073765,3,[33.51315,-112.073765,33.51315,-112.073765],[11,63]
gUTo-sU8HTDV9-0LH_wqZg,33.44021275,-112.00905265,39,[33.4245625,-112.0772,33.455863,-111.9409053],[28,240,241,127,11,212]
T1HDm5s57moQWPNDIcKcFw,33.49015245,-111.99566075000001,6,[33.4503996,-112.0648845,33.5299053,-111.926437],[265,11,483,322,57,49,368]
MzLkkWOohlOI-coDP9BYgA,33.534203,-112.2618153,53,[33.534203,-112.2618153,33.534203,-112.2618153],[182,99,11]
6bdGzlCYYsQGbLaNy-CSog,33.4827943463333,-111.899483416406,3,[33.4726901926666,-111.9306807,33.4928985,-111.868286132812],[328,32,84,147]
ukaETzOAnWtUbk1uD6VKNQ,33.424663,-111.91511295000001,23,[33.41389,-111.9273079,33.435436,-111.902918],[28,17,29,7,98,10,9,11]
L0xW1wMavF8L3_LUiSb8bA,33.392791,-111.807604,20,[33.392791,-111.807604,33.392791,-111.807604],[57,27,39,145,11]
rBtQjU5dWdLiYt-MgKiSzQ,33.9662303,-112.7428224,10,[33.9662303,-112.7428224,33.9662303,-112.7428224],[26,11]
bEnM0oEV-bQCsKr5Ky6FqQ,33.424240993519,-111.99165894039,3,[33.266696887038,-111.9917837,33.5817851,-111.99153418078],[32,314,28,29,17,11]
tigK_0vqJWWLxGts20eQ8A,33.500545,-111.9264093,16,[33.500545,-111.9264093,33.500545,-111.9264093],[119,99,11]
_vF06EErKqgoOkmpLpspOA,33.652101,-111.9307,1,[33.652101,-111.9307,33.652101,-111.9307],[106,408,54,295]
O-jAPWuGazLedKD3Lgcv4w,33.3497113609575,-111.929925579031,1,[33.3497113609575,-111.929925579031,33.3497113609575,-111.929925579031],[7,108,338,201,11]
6JSjFKZ1XWX9q567FCrHRg,33.5515531,-111.9239788,1,[33.5515531,-111.9239788,33.5515531,-111.9239788],[168,265,11]
UuheIN0A5r6iWgpowFZ1mQ,33.488973,-112.1104265,18,[33.33652,-112.343889,33.641426,-111.876964],[24,11,43,49,322,57,146,52,26,63]
x_XFB2uAZ4_IS0zA6PF0YA,33.4831538,-111.92698569999999,4,[33.4643259,-111.9276185,33.5019817,-111.9263529],[38,48,39,11,7,108]
O-OOtBipI6BebuW3yowoYA,33.4787939,-111.9259092,3,[33.4787939,-111.9259092,33.4787939,-111.9259092],[251,11]
wIbsYZFssNhCv22o7P_BVw,33.566911700000006,-111.9933102,13,[33.3338729,-112.127874,33.7999505,-111.8587464],[149,11,352,109,38,39,48,99,57,69]
8x2Gd5lNopHLtFD0GGpQMw,33.4245151,-111.9431827,28,[33.4245151,-111.9431827,33.4245151,-111.9431827],[28,17,29]
Zv407roqlAPeQw2kidUGYg,33.4218851,-111.916433,18,[33.4218851,-111.916433,33.4218851,-111.916433],[49,80,59]
_7el1cOgnfkNfmZKi277bQ,33.50204285,-112.00444949999999,149,[33.32041,-112.25351,33.6836757,-111.755389],[10,24,11,33,44,27,43,63,39,38,40,206,212,97,185,117,7,162,48,99,128,137,8,139,120,142,168,119,187,88,298,265,36,247,41,57,69,6,224,210,26,177,285,140,126,108,309,296,98,68,366,109,251,169,373]
