EUSAKsugCyyhK1r7Z_0pmQ,33.35051435,-111.9658092,6,[33.3216034,-111.9690009,33.3794253,-111.9626175],[63,27,11,120,99]
PWCXfZF3cM9Tb3HQRRyFuA,33.491193100000004,-112.2649952,6,[33.458423,-112.392714,33.5239632,-112.1372764],[485,54,43,11]
o3IIbUN5_59PEpD_N8hhhw,33.5911476207369,-111.92853930000001,10,[33.506941,-111.9788671,33.6753542414738,-111.8782115],[109,38,265,39,11,168,48,63,182,218,307,483,46,6,475,202,72]
MB_AaSb5olzI4ISfP2t79w,33.4947974,-112.0312123,1,[33.4947974,-112.0312123,33.4947974,-112.0312123],[289,6,35]
eNf1gPW9hRslGcrqN_X0pg,33.337616,-111.91297705,10,[33.2475,-111.9467741,33.427732,-111.87918],[224,11,26,377,27,32,95,222]
Vl4k0FiMNCRzEQwOpe4hXw,33.4360415,-111.9956337,4,[33.4360415,-111.9956337,33.4360415,-111.9956337],[28,240,241]
nVKK_YUK_aweRMQjumFKyA,33.5020347,-111.9190324,6,[33.5020347,-111.9190324,33.5020347,-111.9190324],[71,72]
Hlhcx4gPu4jmTalbZLNc5A,33.4608045,-111.9477654,1,[33.4608045,-111.9477654,33.4608045,-111.9477654],[57,470,145,39]
T3Fn_ORKIMdyOfUrn0mW-g,33.508118,-112.027582,2,[33.508118,-112.027582,33.508118,-112.027582],[57,99,7,36,69,11]
po7pXop4ASR1wTSQmbr32A,33.44935275,-111.99331975,3,[33.3350177,-112.0595603,33.5636878,-111.9270792],[32,203,49,4,5,6,367]
q4IKbmeCpDyIbuwvBpRElw,33.4148538,-111.9184622,1,[33.4148538,-111.9184622,33.4148538,-111.9184622],[26,11]
4K-xcW3EYXtrwitbNKnjIg,33.732058,-111.8457878,2,[33.732058,-111.8457878,33.732058,-111.8457878],[33,38,117,39,11]
81nToORlD5uKHZQ5odQn0w,33.4033669363438,-111.973214149475,3,[33.4033669363438,-111.973214149475,33.4033669363438,-111.973214149475],[28,17,29]
br7jwXG7TaWC1-vrZxResg,33.559567322397,-111.8989439073975,77,[33.321061644794,-112.0739689,33.798073,-111.723918914795],[168,265,11,26,33,38,39,98,7,24,99,223,27,108,307,212,43,139,62,416,17,44,10,119,117,138,8,63,182,48,140]
sSHE2wKtDI8TLy9m2-x6uQ,33.348162,-111.9819,5,[33.348162,-111.9819,33.348162,-111.9819],[7,8]
zDat72vuP6NQeGZhrC0OTQ,33.4234775,-111.8564229,5,[33.4234775,-111.8564229,33.4234775,-111.8564229],[26,11]
Q_9ozaOBMsLfRHx1mwAn9Q,33.28088,-111.791369,57,[33.28088,-111.791369,33.28088,-111.791369],[79,121]
iBlXGuIOb-lq--kz_8tNNA,33.68106,-112.239905,1,[33.68106,-112.239905,33.68106,-112.239905],[38,212,39,11]
0DEAL4dZUJMjrvCvHAhJvA,33.4327837,-111.9062854,2,[33.4327837,-111.9062854,33.4327837,-111.9062854],[168,11]
2opINZuPmFAWR-3TPtms2A,33.6789,-111.93753,22,[33.6789,-111.93753,33.6789,-111.93753],[4,13,6,160]
Sg9eHImUp1DMYhY7gA2img,33.4939089828515,-112.100938,200,[33.477933965703,-112.270429,33.509884,-111.931447],[48,11,28,17,29,224]
B5X5VavwGlWbsggK_pCv4Q,33.498915,-111.928258,3,[33.498915,-111.928258,33.498915,-111.928258],[26,11]
jL8vZtDFDnJiUryefiGoAg,33.623720399999996,-111.95361135,6,[33.4957558,-111.991308,33.751685,-111.9159147],[98,7,206,11,79,121]
f5m8x0MLzLXbIAWQR2q5bw,33.6093014,-112.3560476,1,[33.6093014,-112.3560476,33.6093014,-112.3560476],[84,124]
kiMOKJsszxYDHxTS5OHtrQ,33.4155549,-111.6827227,7,[33.4155549,-111.6827227,33.4155549,-111.6827227],[24,11]
eD7wLut7l4YcOSt2eNpDPQ,33.631548949999996,-112.40379970000001,6,[33.6239817,-112.4159659,33.6391162,-112.3916335],[72,207,43,11]
KwYxQgDFvM24DYXSVfEraA,33.2959935,-111.9971322,3,[33.2959935,-111.9971322,33.2959935,-111.9971322],[294,106,54]
2pOUStqVOGwjpO2UcUii_w,33.5019817,-111.9276185,9,[33.5019817,-111.9276185,33.5019817,-111.9276185],[38,48,39,11]
NHAoriJCtOUJf2ygp1Bh4A,33.6384726,-112.1861293,2,[33.6384726,-112.1861293,33.6384726,-112.1861293],[11]
A5VxEy7xmGCvE531dpC0bQ,33.625327,-112.1392,1,[33.625327,-112.1392,33.625327,-112.1392],[54,55]
9J3xtamewwWQhQ0tkjRoRw,33.3365788066646,-111.859488487244,1,[33.3365788066646,-111.859488487244,33.3365788066646,-111.859488487244],[97,11]
Q1fpW3qiL3oOe3b0si-0nA,33.43475,-112.00644,200,[33.43475,-112.00644,33.43475,-112.00644],[28,170]
MxRV6qfHx1oNYhDSzDy6bw,33.4563012,-112.21218425,3,[33.4495394,-112.358704,33.463063,-112.0656645],[97,11,33,119,99,7,449]
gwINiw72ltdlKPnLq7bwOA,33.448948793519,-112.11314529039,16,[33.266696887038,-112.2347564,33.6312007,-111.99153418078],[28,29,17,11,49,18,51,161,65]
ZpPUYNvGR7Tb9HBKBTEnuQ,33.72030005,-112.3227365,7,[33.4719589,-112.729622,33.9686412,-111.915851],[251,11,49,193,59,119,99,7,6,21]
mGQnGeUX7843nCZ30zduzQ,33.29526535,-111.8780658,4,[33.2711537,-111.966307,33.319377,-111.7898246],[126,212,11,229]
vqXxxIbHZ_xBnvgM52szRg,33.435146,-111.998367,200,[33.435146,-111.998367,33.435146,-111.998367],[119,38,99,39,11]
8Y-8UNY6Wk1i1gW0qTa5Cw,33.434847500000004,-111.9517305,15,[33.394393,-111.977873,33.475302,-111.925588],[26,11,48]
dZtyFP-SI28liQkNfzd-bQ,33.6128816,-111.9778065,1,[33.6128816,-111.9778065,33.6128816,-111.9778065],[43,11]
4ExwzZh1v1KzG1m8TJ0hCw,33.5168027516647,-111.941977444792,9,[33.494205,-111.9595033,33.5394005033294,-111.924451589584],[48,11,168,97]
569LKxKm8G9VoyK7Akc-PQ,33.362719,-111.8761389,1,[33.362719,-111.8761389,33.362719,-111.8761389],[224,41,11]
8pB-kGB3l424xPkRJrk88w,33.452222750000004,-111.97491579999999,9,[33.3350458,-112.0740526,33.5693997,-111.875779],[26,11,224,251,168,42,43]
QZVwlm3N-ZHb9XYFKnbZQg,33.449233,-112.065458,1,[33.449233,-112.065458,33.449233,-112.065458],[27,11]
9VPludbgA6XvILCNUOGVgg,33.5409028386777,-111.869723796844,31,[33.5409028386777,-111.869723796844,33.5409028386777,-111.869723796844],[7,119,41,11]
cKEkbRkYcYtWymUF8Zxolw,33.565109,-111.9298692,164,[33.492443,-111.9820907,33.637775,-111.8776477],[7,139,225,9,119,11,30,13,6,38,99,39,40,12,114,157,103,63,27,41,400,10,24,194,15,191]
HvVAouY8g_cbvyOnaF1Ahg,33.5596436,-112.03766974999999,6,[33.507549,-112.09716,33.6117382,-111.9781795],[27,11,63,140,98,7,24,61,13,6]
DESuUHNcQUULDCS9KlNVcw,33.433294107013054,-111.8528294558185,88,[33.212235,-112.083579911637,33.6543532140261,-111.622079],[99,27,400,11,7,63,38,48,128,39,177,140,65,133,168,24,47,57,145,106,54,107,189,10,104,105,162,43,119,175,129,79,212,210,181,26,88,89,404,451,293,71,72,96,244,126,161,28,17,29,108]
TeLyFOWcfu2nFtA6ys4daQ,33.516639549999994,-111.90731215,38,[33.492988,-111.9275797,33.5402911,-111.8870446],[7,36,8,30,13,6,161,28,65,17,29,113,115,21]
RSPNC6fIi1cpq9Aim6zI5Q,33.5095,-112.063826,1,[33.5095,-112.063826,33.5095,-112.063826],[7,36,182,24,11]
LiAq4ejWXt9ooo9X5wHQRg,33.499499,-111.927402,200,[33.499499,-111.927402,33.499499,-111.927402],[48,11]
G61lgCCHQEeaxOKH-OTkew,33.4760247,-111.9266644,1,[33.4760247,-111.9266644,33.4760247,-111.9266644],[71,72,96,184]
6qUFrjSGLXY1f0jh9xdTqg,33.5455544,-112.0006819925535,12,[33.450611,-112.074198,33.6404978,-111.927165985107],[27,24,11,126,97,63,182,172,57,69,202,72,65,133,98,7,49,146,39,341]
MFrW5ZjObpkGKqdutadu1Q,33.454572058401,-111.918987536445,25,[33.407162416802,-111.9276185,33.5019817,-111.91035657289],[99,48,11,404,451]
-hG9sBYkGRMjWPS08GzChQ,33.359656436426846,-111.88058508764999,4,[33.2976955302097,-111.9466751753,33.421617342644,-111.814495],[149,11,26,63,27,7,98,10,9]
ziF7_o3flj5L3vqwNN5qOQ,33.4787943,-112.0478085,105,[33.4787943,-112.0478085,33.4787943,-112.0478085],[26,11]
cUT6K1NHa7Ehxc377HJtaA,33.49495115,-111.92763744999999,43,[33.4253394,-111.9398532,33.5645629,-111.9154217],[88,38,99,39,11,205,128]
rATYLI5wt0_pG20VGzNlHQ,33.379824,-111.805373,1,[33.379824,-111.805373,33.379824,-111.805373],[212,11]
K5GwN-fvQXlbIIgF7Y3sJg,33.3501346,-111.9747842,47,[33.3501346,-111.9747842,33.3501346,-111.9747842],[28,17,29]
uD7rc4L_gygNCKvM2Et1Zw,33.5526639,-112.27015845,2,[33.551558,-112.2701979,33.5537698,-112.270119],[48,11,161,65,133]
rVYfQFVW55mATfYWbyOj-w,33.52934125,-111.99583045,14,[33.491645,-112.073196,33.5670375,-111.9184649],[11,63,28,158,17,29,38,140,39,40,48]
AGFZfI2VEoWGE39sVjI-MA,33.4427466075615,-111.93294664999999,20,[33.2614572,-112.079081,33.624036015123,-111.7868123],[27,11,98,7,206,48,251,43,26,36,88,38,39,89,78,79]
bUxu8glLYO09Ct50pP7T_g,33.640637,-111.9086,1,[33.640637,-111.9086,33.640637,-111.9086],[49,178]
Eyl4GLdUefGVMIHjS4wvng,33.34812615,-111.78512475,12,[33.3358523,-111.8205495,33.3604,-111.7497],[38,7,36,39,48,128,11,43,108,109]
NRfrP-2TFabXvQM8v9W9mw,33.625024100000005,-111.92748904999999,200,[33.6241241,-111.9307637,33.6259241,-111.9242144],[168,265,11,48,229,39,205]
tFDZ3jvJi6isIuX33FDNBg,33.697603,-111.915851,4,[33.697603,-111.915851,33.697603,-111.915851],[99,11]
kajaOODp_C5mgLIXs9QKhA,33.497828,-111.927267,1,[33.497828,-111.927267,33.497828,-111.927267],[352,48,11]
hfgzp4Gb0ssUHZD-6pjMHA,33.5785036,-111.925938,3,[33.5785036,-111.925938,33.5785036,-111.925938],[64,65]
XNpzxl3OKxTuY1SSWfmuaQ,33.4884701,-112.3312913,5,[33.425207,-112.3933033,33.5517332,-112.2692793],[26,11,7,194,27,48,47,142]
twZoTvWG92ntMVfEvbCnIg,33.5499825,-111.98667309999999,47,[33.42135,-112.073196,33.678615,-111.9001502],[11,27,63,33,26,43,119,48,24,62,17,127,265,120,210,49,82,59,7,142,98,126,54,55,122,256,18,149,224,10,219,218,41]
BGkBiqvbEyIyWL_8C1pExA,33.4546139,-112.0552292,9,[33.3778998,-112.0739136,33.531328,-112.0365448],[44,285,11,43,119,309]
GI4-mwmZoBBkCh9BBZyFlQ,33.3057949,-111.9677833,1,[33.3057949,-111.9677833,33.3057949,-111.9677833],[99,185,11]
k60yW0XRImeFIGo2JApNsA,33.4552907,-111.9878697,38,[33.4552907,-111.9878697,33.4552907,-111.9878697],[43,11]
49A69qzw4obYGKPGELH33A,33.37831,-111.861418,1,[33.37831,-111.861418,33.37831,-111.861418],[224,11]
ftZ334GUIzawAo3RCagjOA,33.51548016933885,-111.974402398422,14,[33.4900575,-112.079081,33.5409028386777,-111.869723796844],[27,11,24,108,7,38,39,206,177,140,311,88,26,119,41]
LHumHJvQGETuVdAS3jnyeg,33.464213099999995,-112.09737785,8,[33.4528292,-112.126253,33.475597,-112.0685027],[117,214,11,7,139,8,423,38,39,40]
WdzTPQPB8TYKWhodua--2A,33.63258485,-111.9936259,59,[33.4329724,-112.082949,33.8321973,-111.9043028],[7,36,126,97,11,182,48,140,26,47,162,9,119,27,33,38,39,40,109,265,28,17,29,206,57,186,6,63,61,13,331,185,99,224,212]
YGvgJ_od0Diyv6Dgj1ljUQ,33.3403987,-111.790961,1,[33.3403987,-111.790961,33.3403987,-111.790961],[49,321,59]
py9UOLhowF4UGoqf5LS1-g,33.4499,-112.0739,1,[33.4499,-112.0739,33.4499,-112.0739],[26,11]
w6j4XHAzR-Dlo9ZzD8tX_Q,33.54960845,-111.92509899999999,12,[33.475302,-111.9347763,33.6239149,-111.9154217],[54,55,122,256,7,108,24,11,88,38,99,39,48]
Ia64T3e6oB-xi-_jrmaN3g,33.363612021322,-111.96271638765,8,[33.3056067,-111.9787576,33.421617342644,-111.9466751753],[63,27,11,24]
d2RAl63RTdfZF7kcuKcj-g,33.4528066,-112.12209885,163,[33.2664769,-112.335666,33.6391363,-111.9085317],[57,145,38,39,40,48,11,219,218,41,63,430,26,84,72,262,43,224,7,108,98,101,88,333,27,99,182,172,8,185,192,244,69,201,74,119,62,17,24,129,78,278,79,142,194,36,247,140,177,285,181,138,139,168,44,56,186,6,109,121,260,169,212,10,210,33,251]
f7vVhHdlYTODg4CEhwCv1w,33.49564765,-112.0046895,9,[33.4951403,-112.021248,33.496155,-111.988131],[26,11,99,182,48,140,7,142]
3y2TmEvb0V1AMgG9JUziHQ,33.38954615,-112.030686,16,[33.305824,-112.070061,33.4732683,-111.991311],[7,33,142,24,11,26,108,119,39,38,48,128]
SimBqxBHYwkPE8X7f_RnVg,33.4391493,-111.8666184,91,[33.2549107,-112.0996716,33.6233879,-111.6335652],[185,11,119,49,178,7,142,292,99,285,33,44,177,140,57,306,449,97,212,361,63,27,71,72,36,48,24,139,10,47,39,439]
Ulb_z_ycDgTKCwbw8Aixjw,33.65316,-112.184993,33,[33.65316,-112.184993,33.65316,-112.184993],[144,11]
YRPshQDk4iGZPuPC03m5DA,33.6308719,-112.341424,2,[33.6308719,-112.341424,33.6308719,-112.341424],[175,129,79]
_CVy2FMNwlCobah51I8GFg,33.4787943,-112.0478085,43,[33.4787943,-112.0478085,33.4787943,-112.0478085],[26,11]
4-vglegfrkTzVE1R6jB4dQ,33.4869182,-111.908738,1,[33.4869182,-111.908738,33.4869182,-111.908738],[39,119,26,38,11]
u2uBYfU3snir3Cf0R0sOuQ,33.4142327,-111.99079524999999,3,[33.378926,-112.0656645,33.4495394,-111.915926],[99,11,38,7,47,88,39,48,449,97]
mOCvuJR_hO57hE8Y3osDCw,33.6097989,-111.9271921,1,[33.6097989,-111.9271921,33.6097989,-111.9271921],[11,63]
Ov0aEN7LxyFsqehzpX1q6g,33.43475,-112.00644,109,[33.43475,-112.00644,33.43475,-112.00644],[28,170]
8BWIWn14q_3qc8GI07Seog,33.4262266,-111.9391958,26,[33.4247212,-111.943236,33.427732,-111.9351556],[26,11,149,229]
OEFy6yIAMVHEqB1TqlH6-A,33.542193,-111.925634,2,[33.542193,-111.925634,33.542193,-111.925634],[265,126,97,11]
Ze-RKd29a-xvZsw3vliTuQ,33.49112,-112.079081,4,[33.49112,-112.079081,33.49112,-112.079081],[28,17,29]
54pY0-h5g8fFZFaIHHK1nA,33.422728,-111.951494,2,[33.422728,-111.951494,33.422728,-111.951494],[88,38,39,89,11]
1iiJtTI9b4TVWikFb_9eOA,33.4462981,-112.0688255,6,[33.4462981,-112.0688255,33.4462981,-112.0688255],[99,11]
xL7Dmi2nFQb7LWzkwBRCYA,33.64053,-111.92477,4,[33.64053,-111.92477,33.64053,-111.92477],[126,11]
7ICVDkyjDLrAdxAZAQyVoA,33.574937649999995,-112.01009675,21,[33.4368906,-112.1114555,33.7129847,-111.908738],[145,57,39,205,48,11,99,26,109,38,63,27,128,210,119,49,66,52,265]
thK6q6FH2t8HiopRvjzBgw,33.5999386,-111.9797159,143,[33.5999386,-111.9797159,33.5999386,-111.9797159],[126,97,11]
Rok4xWMtttquZE073bP0HA,33.4982894,-111.9275491,41,[33.4982894,-111.9275491,33.4982894,-111.9275491],[7,108]
IxuMlibirsWsa29r2sha_g,33.3966636,-111.7810598,13,[33.3019012,-111.9392896,33.491426,-111.62283],[126,11,212,49,447,99,27,63,265,185]
pkkMQ7Lkehkha8Q7rwiRxw,33.421558,-111.945394,1,[33.421558,-111.945394,33.421558,-111.945394],[27,11]
UkgqwLOJuKH1ZrL5fytbog,33.45427905,-111.8786524,7,[33.4170121,-111.923427,33.491546,-111.8338778],[322,57,26,11]
dj7WWlO0D-W_esWXKGTLBA,33.38225235,-111.931083,11,[33.3350177,-111.961734,33.429487,-111.900432],[26,11,24,98,7,108,292,14,15,6,43]
BOu31LPWIwITqG-Mcy7dsw,33.483768350000005,-112.07124775,9,[33.455863,-112.077177,33.5116737,-112.0653185],[11,206,63,212,210]
qKkSCJ4_fs5UtfIjgxHigg,33.4156316,-111.90692974999999,7,[33.411812,-111.915926,33.4194512,-111.8979335],[38,7,47,88,39,48,11,49,59]
VFTd1QaNvVVucagkq8ZJAw,33.5003507082952,-111.927151260414,149,[33.4986978,-111.928035020828,33.5020036165904,-111.9262675],[126,11,168,99]
ohyH0y6PY9WsV4cPj4Fh9g,33.56876665,-112.06566989920199,10,[33.49112,-112.2365732,33.6464133,-111.894766598404],[265,126,11,26,109,38,39,63,119,57,69,48,7,162]
Fqeq9KDOQc92BRxyw_BPtg,33.4513661,-111.95745025,6,[33.4194512,-112.0105977,33.483281,-111.9043028],[63,27,11,96,72,212,361,38,7,47,88,39,48]
i9CK7oMP4lmnhL8h7tTyWA,33.49720805,-111.9229619,200,[33.4925951,-111.9259858,33.501821,-111.919938],[265,11,185]
coscoaaNJS6ltgj6mLKZlQ,33.38430595,-111.92267820000001,8,[33.2762769,-111.970335,33.492335,-111.8750214],[38,39,40,99,11,26]
PNFh0zRIH3DGzHNjZq96Zw,33.48077927328965,-111.98951604999999,200,[33.4526933,-112.0701129,33.5088652465793,-111.9089192],[161,28,65,17,29,63,27,11,48]
v-AdwZPySBO7EGH66jdOHA,33.6546874,-112.02907175,8,[33.5963901,-112.1346307,33.7129847,-111.9235128],[27,11,120,26]
31-ApcgVr4DiigSeksTmEg,33.50674045,-112.13768300000001,20,[33.3897636,-112.4183429,33.6237173,-111.8570231],[109,38,265,39,11,6,70,26,48,41,127,7,63,101,33,128,24]
-H7ZKpT8VZp1i4f7XaddDw,33.53171845,-111.977968,7,[33.479992,-112.076718,33.5834449,-111.879218],[307,27,172,11,265,483,127,7,142]
WWttO_51yltxD-wFJnQDjQ,33.598912850000005,-111.98299915000001,6,[33.5980404,-111.9869486,33.5997853,-111.9790497],[78,79,119,201,99,11]
mwr-Yv6F78kvy12s_mYzzQ,33.414851,-111.9258567,16,[33.414851,-111.9258567,33.414851,-111.9258567],[4,5,6]
YbOoIPDn5ZA5MHnvhMpU_w,33.55398565,-111.94095275000001,78,[33.4329724,-111.9776027,33.6749989,-111.9043028],[7,142,9,10,11]
DDlNjx6gelkymlQzWIuz8w,33.4224084,-111.8644947,14,[33.4224084,-111.8644947,33.4224084,-111.8644947],[26,11]
-u91UNssob3wy6rTu7CYxg,33.4360415,-111.9956337,38,[33.4360415,-111.9956337,33.4360415,-111.9956337],[28,240,241]
wJF6CWx_9n9elpzrBh6o6Q,33.4920804,-111.9255527,3,[33.4920804,-111.9255527,33.4920804,-111.9255527],[440,260,11]
SrrfG4vlJigRbL_NsvwTqQ,33.3680425,-111.7561849,1,[33.3680425,-111.7561849,33.3680425,-111.7561849],[26,11]
gsGwa7_X1vk32ROYlokRhw,33.4259376525879,-111.940246582031,2,[33.4259376525879,-111.940246582031,33.4259376525879,-111.940246582031],[39,38,128,185,11]
OWqUfCN76lUfavev3vhQ8w,33.553194816767046,-111.96567295,6,[33.395099,-112.1783249,33.7112906335341,-111.753021],[168,11,229,185]
OsD0cwqmg4JHheV7O17UDg,33.640488,-112.18688,9,[33.640488,-112.18688,33.640488,-112.18688],[229,11]
GwKeiwzQDz5vDVfSwuOAQw,33.5668050728745,-111.92547082901,1,[33.5668050728745,-111.92547082901,33.5668050728745,-111.92547082901],[224,11]
pPdXTq7uA9Y5YqqWGfZJyg,33.4802944,-112.0318284,1,[33.4802944,-112.0318284,33.4802944,-112.0318284],[120,11]
wO-A3UayKJwq28TfrYpckA,33.550722449999995,-111.9329871,72,[33.494262,-111.9403254,33.6071829,-111.9256488],[210,11,192]
mUznWCN0tScMnMcMFUqmpg,33.485712500000005,-111.92768699999999,4,[33.477178,-111.92975,33.494247,-111.925624],[119,48,24,11,109,38,39]
P1gw1GkB7Kye4LK52a9kXA,33.4991165,-111.927711,6,[33.498915,-111.928258,33.499318,-111.927164],[206,11,7,36,142]
DoPUH6sYEiV5XM2Kb_WTog,33.49112,-112.079081,15,[33.49112,-112.079081,33.49112,-112.079081],[28,17,29]
8rR506mJ29w1GHODKaLMtA,33.493947,-111.922301,184,[33.493947,-111.922301,33.493947,-111.922301],[28,17,29]
xxUUFegbxsdP8dkMrB1eEw,33.3478272,-111.9102573,2,[33.3478272,-111.9102573,33.3478272,-111.9102573],[7,292,98]
MnSmouParzdI4xaIRAkd1Q,33.4796464,-112.0301811,200,[33.4796464,-112.0301811,33.4796464,-112.0301811],[26,11]
n3_LkDLx1xTFqvz9KD6BZg,33.4330350801733,-111.905558109283,1,[33.4330350801733,-111.905558109283,33.4330350801733,-111.905558109283],[99,11]
yJF-pbGiEy6kT6ZaumpXIQ,33.3344463,-111.8463705,3,[33.3344463,-111.8463705,33.3344463,-111.8463705],[377,323,11]
C0vqPjdIGrwrf3bBCs49sw,33.43287855,-111.8202771,3,[33.414477,-111.8231861,33.4512801,-111.8173681],[168,144,11,71,72]
G_drXPvlpRc0B4AuohwObw,33.449562799999995,-111.9949539,28,[33.4194512,-112.0739818,33.4796744,-111.915926],[8,7,138,139,192,323,11,38,47,88,39,48,185,89]
8wBLBILc3TA04PFgNw2cZw,33.5025941,-111.9296765,6,[33.5025941,-111.9296765,33.5025941,-111.9296765],[182,99,11]
ItWQ-pBKzau5hg33tAxwRw,33.639913,-112.1191236,5,[33.639913,-112.1191236,33.639913,-112.1191236],[99,11]
R50WCEHhvycn6OzoEkA2Zg,33.54768165,-111.9763245,30,[33.3947699,-112.0772,33.7005934,-111.875449],[99,11,38,128,39,27,63,26,48,43,298,57,145,33,40,169,251,117,403,78,79,7,47,185]
gCp7czkUTcTSGwaG4ioRyw,33.4035241,-112.038576,5,[33.3051122,-112.082092,33.501936,-111.99506],[26,11,7,108,119,172]
2mQpxWifARjbp7H1rehVrQ,33.493056742458194,-111.958915295746,200,[33.4373684849164,-112.002139091492,33.548745,-111.9156915],[158,28,38,26,39,40,11]
MprsPg0o2qarlHHuTXs-wA,33.7110102,-112.1142778,3,[33.7110102,-112.1142778,33.7110102,-112.1142778],[27,11]
sZSWUXRkmJJ3JPigDGjL5g,33.4151843,-111.8314724,1,[33.4151843,-111.8314724,33.4151843,-111.8314724],[32,95,222]
Sl2JnZduNIBPncwU7fYYUA,33.399405599999994,-111.9168947,5,[33.3633494,-111.964485,33.4354618,-111.8693044],[43,11,99,127,30,13,6,35,118,76,185]
9uKQPqc4kDOYhraFzskKjg,33.4569961,-111.9268004193555,10,[33.4146742,-111.940198838711,33.499318,-111.913402],[218,219,11,244,172,7,292,142,36,251]
Orf6p06pNjMHuPXypLbn-w,33.616418,-111.92631,69,[33.616418,-111.92631,33.616418,-111.92631],[265,126,97,11]
hK9ejfO_Np9D8oHC_7jrXQ,33.407717,-111.950803,1,[33.407717,-111.950803,33.407717,-111.950803],[43,11]
82rXkV0af-Pa7WRkQaNP9w,33.4499,-112.0739,47,[33.4499,-112.0739,33.4499,-112.0739],[26,11]
JZ5JLPR5S9N1N5kMzIGeKg,33.517023172397,-111.9178199073975,31,[33.321061644794,-112.1117209,33.7129847,-111.723918914795],[24,11,7,33,142,141,345,6,87,27,10,119,43,84,124,125,97,126,99,49,312,57,146,91,117]
bphQYJXrJZomo_zxnx304A,33.56661815,-111.91970135,15,[33.3674703,-112.0832435,33.765766,-111.7561592],[11,63,111,112,113,6,17,13,115,173,98,7,108,64,65,70,61,331,142]
KJYACjvQw4CWEJLwuK1fFA,33.42073605,-111.919445,200,[33.388337,-112.00644,33.4531351,-111.83245],[38,99,39,11,28,170,17,29]
oFNEsNspEwj7qyXBumwA8g,33.35135665,-111.77333285,2,[33.347758,-111.7897347,33.3549553,-111.756931],[99,11,109,38,39,63]
oTbNlHs4olxpFE722U09Tg,33.5165849,-111.9632857,6,[33.4076118,-111.979556,33.625558,-111.9470154],[57,20,56,362,59,49,58,23,65,133]
G-vfEGc9aUVIgtvJUmgYNA,33.475371,-112.048271,2,[33.475371,-112.048271,33.475371,-112.048271],[26,11]
K_ZAORjuL80YUhV1HC4PGQ,33.38789325,-111.9012051,63,[33.362719,-111.9262713,33.4130675,-111.8761389],[224,41,11,28,17,29]
QskaYxlEeRuZdBXtwV8KBg,33.5145923387677,-111.92730429678349,8,[33.498915,-111.928258,33.5302696775354,-111.926350593567],[109,38,265,39,11,63]
zCTtzQNLcCPAKMflagHpBA,33.5299053,-111.926437,4,[33.5299053,-111.926437,33.5299053,-111.926437],[265,11,483]
bsikj3t2mzrjlkm6MnKQfA,33.3054251,-111.9470658,1,[33.3054251,-111.9470658,33.3054251,-111.9470658],[24,11]
JCEUdU6gFByPSyNnfZNQBg,33.4801716,-111.9105545,11,[33.4801716,-111.9105545,33.4801716,-111.9105545],[185,11]
faDPXpiSm3nCpGz_axpGcw,33.4366164,-111.8663979,63,[33.4366164,-111.8663979,33.4366164,-111.8663979],[4,6,100,425]
qaxSFbY4CJ0nmDVjOqsFrA,33.41499045,-111.8670785,36,[33.3059969,-112.04698,33.523984,-111.687177],[26,11,48,265,99,43,119,38,128,39]
ZnEQAVC1ZeRnBzSfUWrhHw,33.4217517,-111.9513564,4,[33.4217517,-111.9513564,33.4217517,-111.9513564],[24,11]
4VbLd9I-DQXz-1nVzgoRNQ,33.5612589,-112.1156244,6,[33.5612589,-112.1156244,33.5612589,-112.1156244],[48,185,11]
moa7Jn7cI7b6oiexUKIvgQ,33.2454981778683,-111.842032670975,4,[33.2454981778683,-111.842032670975,33.2454981778683,-111.842032670975],[7,26,11]
Ve8Zf_EvYCAws8I9ZuIz2Q,33.5173991,-112.0824683,2,[33.5173991,-112.0824683,33.5173991,-112.0824683],[126,97,11]
8PlxyAQ031GRORl-VF1kRg,33.4508902,-112.3504684,1,[33.4508902,-112.3504684,33.4508902,-112.3504684],[251,11]
YpZNOuGQxY6uaDZ4zz-pyg,33.5531946,-111.98948270085751,19,[33.4528292,-112.088808,33.65356,-111.890157401715],[224,11,99,185,7,292,338,214,206,109,38,39,63,117,26,17,18,128,28,29,98,142]
-nixD-_P51FMF1h9GXBtMQ,33.5707535,-112.05536445,16,[33.5025941,-112.1810524,33.6389129,-111.9296765],[168,11,63,99,126]
07awdHM8_Aircu-3V3yZzw,33.5971566048764,-111.916404965069,5,[33.548745,-111.917118430138,33.6455682097528,-111.9156915],[28,158,17,29]
i3eTU1B8pZqsjUZ-wKbuXg,33.49049265,-112.02205025,2,[33.4787943,-112.0478085,33.502191,-111.996292],[26,11,109,38,39,63]
2DQ5x1LHzKZS1nywYaaOLg,33.41428139145495,-111.899319,8,[33.3346157829099,-111.922301,33.493947,-111.876337],[28,17,29,352,11,7,162,43]
-UQEVYS2cXZ-R-eoCisOjg,33.36432050405795,-111.85241476758,23,[33.2125748081159,-112.029562,33.5160662,-111.67526753516],[99,48,11,161,28,65,17,29,10,24,126,38,39,40]
v3cLOitUNK8xF5tprCmBOA,33.474711,-111.923515,9,[33.474711,-111.923515,33.474711,-111.923515],[101,38,422,39]
SSiT_JjMfM3QrGOEXr0jvQ,33.362719,-111.8761389,1,[33.362719,-111.8761389,33.362719,-111.8761389],[224,41,11]
IMyvW4g_slfljTt2yKfEeQ,33.5132219,-112.0999535,14,[33.472674,-112.2701979,33.5537698,-111.9297091],[48,11,7,108,38,39,40,57,18,109,209,17,139,63]
68exKLCQnnZrvXNFOcIUnA,33.4462721,-112.0893682,1,[33.4462721,-112.0893682,33.4462721,-112.0893682],[57,333]
EsWCLBsOa_Wp2wpOh4dPXA,33.52447225,-111.8935678,27,[33.3932601,-111.9533039,33.6556844,-111.8338317],[7,162,44,11,24,46,6,49,312,57,504,91,30,8,13,110,33,119,99,168,26,127,142,84,385,386,124]
BcmjNdpJSAXplM2Me_6bcQ,33.481964,-111.926779,3,[33.481964,-111.926779,33.481964,-111.926779],[202,72]
Dq7U0e2qmvy6nGxIUuMiiQ,33.6254188,-111.9403265,1,[33.6254188,-111.9403265,33.6254188,-111.9403265],[7,232,212,11]
J6dHwo6shPDo8gzj2nfidA,33.551325500000004,-111.9252355,8,[33.465448,-111.96828,33.637203,-111.882191],[106,54,226,39,119,26,38,11,308,242,238,265]
b5eTMUN5qyAbSdm8XNjc6A,33.746115,-111.8586077,3,[33.746115,-111.8586077,33.746115,-111.8586077],[49,178]
qLWgxEtRLT-U2n4xUaYMLw,33.5005719,-112.0741143,3,[33.5005719,-112.0741143,33.5005719,-112.0741143],[7,108]
meuqHEjGCmrO3zDlr6OU7w,33.27887795,-112.020021,100,[32.8791409,-112.3510497,33.678615,-111.6889923],[7,108,28,17,29,99,11,182,48,43,168,126,109,38,39,36,202,72,6,45,292,14,15,8,148,49,230,57,69,10,24,123,65,27,119,177,26,379,40,35,76,139]
-jvqyHDA3QPiMRaxTu5xaw,33.6455682097528,-111.917118430138,39,[33.6455682097528,-111.917118430138,33.6455682097528,-111.917118430138],[28,158,17,29]
DKHwHJEl7Iv3HqjsAO9WiA,33.569436800000005,-112.15262544999999,5,[33.463543,-112.341878,33.6753306,-111.9633729],[126,97,11,49,80,82,59,38,48,39,40]
PiXZ-g9lgXmuGiwjkUCA1w,33.4702022,-112.0653186,1,[33.4702022,-112.0653186,33.4702022,-112.0653186],[182,172,11]
myqNiZDq6XzJerk8uXkw1A,33.584487,-112.00469465,13,[33.49112,-112.0824683,33.677854,-111.926921],[126,97,11,210,26,27,7,108,201,119,177,140]
HyoXnGUfDPUf5A0ge61ixg,33.393937,-111.721598,2,[33.393937,-111.721598,33.393937,-111.721598],[224,11]
mdqjVwd3sneshGpPcay0SA,33.4707049,-111.999701,5,[33.4471735,-112.073781,33.4942363,-111.925621],[48,11,446,474,219]
gWytWefvXNxaKYjT2O-zZg,33.2333299,-111.8580919,2,[33.2333299,-111.8580919,33.2333299,-111.8580919],[33,11]
wZqx1ba606Ollf4KHGZbLw,33.4179566,-111.8856365,21,[33.3060079,-111.926437,33.5299053,-111.844836],[48,296,11,6,118,265,483,192]
qf2H6esJYrNf6XMCcGLZSw,33.604673,-112.2184495,9,[33.537943,-112.373782,33.671403,-112.063117],[182,48,140,11,63,27,33,129,121,79,26]
m5-3onu1zp4l50V-PmZKgg,33.42220575,-112.05079905,34,[33.3054251,-112.2619703,33.5389864,-111.8396278],[7,162,137,8,139,126,97,11,44,127,129,175,332,79,121,6,110,182,48,140,72,287,4,45,65,148,204,43,117,24]
OW43nlV18Cxn4gD_3Mt5-A,33.508533016607,-112.029066725112,2,[33.508533016607,-112.029066725112,33.508533016607,-112.029066725112],[210,11]
1uwqR1r9nMDgI6RZT_bL2w,33.425378050000006,-111.9911196184965,41,[33.348162,-112.072327136993,33.5025941,-111.9099121],[119,11,24,26,244,177,192,224,104,6,204,65,43,63,27]
-qyZVaROHUDni-MqfCzGUg,33.26515965,-111.9891085,17,[33.0241115,-112.0739142,33.5062078,-111.9043028],[88,38,39,11,26,57,258,65,133,44,24,140,40,48,126,7,47,168,181,229,298,33,265,185]
6TA-_zZX_a3_UZXutsvJUQ,33.6226304,-111.89677,1,[33.6226304,-111.89677,33.6226304,-111.89677],[65,133]
vrRnUxzqh9-0CMQMw_1KWw,33.4938414,-111.9268138,1,[33.4938414,-111.9268138,33.4938414,-111.9268138],[27,11]
9NB7MaobkPKy9D3vZSQ0-Q,33.5480534,-111.9985527,9,[33.4556584,-112.0719926,33.6404484,-111.9251128],[38,181,39,40,11,43]
8s7pwDk28iNd9JRyC3bBhA,33.4976754,-111.9298957,4,[33.4976754,-111.9298957,33.4976754,-111.9298957],[49,82,59]
9ElhYTROAJy7lUQ-ZtPQmw,33.629885,-112.031241,3,[33.629885,-112.031241,33.629885,-112.031241],[7,162]
4I20VXHPK2V3pY8yTYm6sA,33.621437492472,-111.999277361055,200,[33.444801984944,-112.07211772211,33.798073,-111.926437],[27,11,212,229,26,168,48,99,38,39,128,185,265,483]
GE-sjjupSfG0pgw5W1bYBg,33.713990249999995,-111.90485935,18,[33.610963,-111.927561,33.8170175,-111.8821577],[7,11,63,49,178]
0Z0DuodQUyNN_jlcnKaH2w,33.364193650000004,-111.81837955,10,[33.3056593,-111.951494,33.422728,-111.6852651],[63,27,11,7,47,48,96,72,142,292,88,38,39,89]
L8RU1PxElve5Fj0iN0zHTA,33.290397,-111.720443,4,[33.290397,-111.720443,33.290397,-111.720443],[65,133]
lwPq85nfgj4VCj0SlvnnpA,33.41603375,-111.81156304999999,9,[33.3805962,-111.8686061,33.4514713,-111.75452],[24,11,33,44,26,99]
abXwVKqW7C7bmDZtb5zE1w,33.464653,-111.98644,80,[33.464653,-111.98644,33.464653,-111.98644],[28,17,29]
ztak7lVYCi12mbAMOYdjQg,33.4480211,-112.00380949999999,4,[33.4214372,-112.065107,33.474605,-111.942512],[48,11,27]
SZxqMdlFbidxrxjiCDzryQ,33.4787939,-111.9259092,5,[33.4787939,-111.9259092,33.4787939,-111.9259092],[309,119,285,11]
6MSItvNPMezX2YHHb7O_wA,33.43982195,-111.89785939999999,3,[33.3453944,-111.9631388,33.5342495,-111.83258],[49,80,82,59,1,384,374,165,32,95]
4dnDsoHuxUtzhaumxbpR5w,33.5621386,-112.06936265,145,[33.3022462,-112.2797366,33.822031,-111.8589887],[7,108,340,11,212,43,57,145,38,39,40,48,6,10,9,177,140,24,126,97,119,26,210,98,8,313,182,172,77,35,76,46,27,63,285,13,115,372,36,279,54,104,204,65,33,161,28,17,29,30,109,56,265,12,114,92,15,44,61,185,142,22,292,127,137,139,112,309,333,117,214,202,72,281,206,84,166,339,168,101,128,99,224,49,368,18,307,148,106,280,66,52,64,345,346,158]
ncOmBMxZu-z1RSDBX_pR6w,33.5748903,-112.3260929,2,[33.5748903,-112.3260929,33.5748903,-112.3260929],[7,142,201,11]
KB8WSLRUze1Rg9Dkm7zuBQ,33.2941325,-111.7837135,3,[33.279743,-111.795534,33.308522,-111.771893],[71,72,73,49,80,59]
xDbDfGhJspLrIehoHQJtcw,33.5846317,-111.8307432,7,[33.5846317,-111.8307432,33.5846317,-111.8307432],[65,133]
34ir_XnUsrqserEuSZdGQA,33.449233,-112.065458,83,[33.449233,-112.065458,33.449233,-112.065458],[27,11]
3w94heEAvwVafh-DhO1v_g,33.542193,-111.925634,19,[33.542193,-111.925634,33.542193,-111.925634],[265,126,97,11]
M4JlN-XQ1Svbb_NVJdpyDQ,33.5331251,-112.2581306,11,[33.5331251,-112.2581306,33.5331251,-112.2581306],[38,265,39,11]
FIoZuvlPyxAAaU14VyBvmA,33.5242704,-112.0474619,43,[33.5242704,-112.0474619,33.5242704,-112.0474619],[48,11]
vQ-8Pggit3IT9He7O7XZ1g,33.499855800000006,-111.9269768,2,[33.4977299,-111.9276185,33.5019817,-111.9263351],[38,11,26,128,39,27]
B8Pe8JzSfriRYCS-PcK5YQ,33.4765807,-111.9265203,73,[33.4765807,-111.9265203,33.4765807,-111.9265203],[26,11]
uGWoaSdH2gOtl_Gjo9G40g,33.4787101328209,-112.1275601,200,[33.2815660319081,-112.357458,33.6758542337337,-111.8976622],[26,11,99,28,17,29,57,145,258,39,7,108,47,48,27,49,18,51,38,128,240,241,434,103,126]
hEvo83lrbOyvYyIg2fm44A,33.5706,-111.9021,6,[33.5706,-111.9021,33.5706,-111.9021],[38,48,99,39,11]
lqdJv0fyqmL6ZVkGwMbTOw,33.341392,-111.91183,7,[33.3037399,-111.9810651,33.3790441,-111.8425949],[27,11,109,38,39,63]
WCkew0JsGCL0oOH__mQiQA,33.4292429,-112.0737828,38,[33.4292429,-112.0737828,33.4292429,-112.0737828],[26,11]
MdQXdyYHzynUuGvMl5bzug,33.393937,-111.721598,1,[33.393937,-111.721598,33.393937,-111.721598],[224,11]
HAIhdvH8nxvjLyY2VlYpVQ,33.45493225,-112.00372100000001,16,[33.406846,-112.0999,33.5030185,-111.907542],[126,97,11,63,27,119,99,26,212,218,41,251,192,182,172]
SYb1tpWN2_L029FSnAYXBQ,33.3982362,-111.87813935739749,24,[33.298212,-112.0323598,33.4982604,-111.723918914795],[126,43,11,10,24,63,26,260,265,99,38,39,101,185,49,368,7,8,6,45,57,27,145]
psQ0vHwcpzO_OJ4ggrATrw,33.6400079,-112.0872865,2,[33.6400079,-112.0872865,33.6400079,-112.0872865],[26,11]
TlfyiIrfNsqCq_T4U0CdXA,33.4951558,-112.0010198,2,[33.4951558,-112.0010198,33.4951558,-112.0010198],[224,11]
1psX6X0ai7J8xvOCrioD5Q,33.57123325,-111.91711335,5,[33.5222185,-111.9595033,33.620248,-111.8747234],[28,17,29,104,161,195,65]
NBsZ_mVFtrrW3vZORTE5mQ,33.652219,-112.235917,1,[33.652219,-112.235917,33.652219,-112.235917],[26,11]
SRfmo30fwefmnb4PPe2ZCA,33.306501,-111.875221,2,[33.306501,-111.875221,33.306501,-111.875221],[251,43,11]
5U0f_3zUi6Yy-bD6csyVjw,33.42493105,-112.08089065,28,[33.3156591,-112.2618153,33.534203,-111.899966],[33,11,109,38,48,39,251,181,309,119,285,44,182,99,40,382,7,108,142,292,117,214,210,57,69,63,27,43,140]
cO_VgMYp7xs9v114Bf2gxA,33.6641907945284,-111.935060076143,48,[33.4946746890568,-111.9471619,33.8337069,-111.922958252286],[46,102,6,103,119,120,11,168,265,307]
p3X1lXnK2_DVLbBWyTX-rQ,33.523416299999994,-112.25124775,4,[33.509035,-112.264667,33.5377976,-112.2378285],[38,296,39,293,128,11,65,133]
OHopnei6CiZQj2kMlPAG9g,33.52961675,-112.15427735,7,[33.5242874,-112.2610692,33.5349461,-112.0474855],[57,69,99,127,11]
frgrI3dvBAr5aspwnTREAA,33.4952769,-111.9884173,5,[33.4952769,-111.9884173,33.4952769,-111.9884173],[182,48,140,11]
XOKtpzka_YeBAtDOZdYxVw,33.2349399,-111.7226454,1,[33.2349399,-111.7226454,33.2349399,-111.7226454],[65,133]
918PPvhmGJuIYW0UWG-fww,33.4471783,-112.0744503,36,[33.4471783,-112.0744503,33.4471783,-112.0744503],[57,145,38,39,48,11]
tB-Qh7ypSce7M9FjbNdLUA,33.4194512,-111.915926,3,[33.4194512,-111.915926,33.4194512,-111.915926],[38,7,47,88,39,48,11]
QUMoXi8VwfCWF-u6Up5MQQ,33.2333299,-111.8580919,5,[33.2333299,-111.8580919,33.2333299,-111.8580919],[33,11]
jgtQmeqidA4V9fJni4O1-Q,33.537009,-112.07082625000001,7,[33.390792,-112.219969,33.683226,-111.9216835],[119,11,338,382,206,8,7,138,139,192,323,224,182,48,140,9,10]
ioFf3eVQwt6OwEJ7pVv7Qg,33.505749044078996,-112.07859586141501,8,[33.4978009,-112.0837798,33.513697188158,-112.07341192283],[48,11,175,129,121,79]
UcHOd5cRwh0NTeqRvklzog,33.6397237,-112.1223355,2,[33.6397237,-112.1223355,33.6397237,-112.1223355],[218,41,11]
N2GCTXqyCRMIZt-loUUd1A,33.6634648,-111.88627965,4,[33.6282799,-111.9174872,33.6986497,-111.8550721],[27,11,17,62,296,72,63]
BaOUXRuhIu-wvk7KPsPnjQ,33.49871675,-112.0296286,3,[33.495024,-112.063756,33.5024095,-111.9955012],[33,11,7,8,119]
zOyUXpKIroD_JhoRYeSl2w,33.652509,-111.932952,1,[33.652509,-111.932952,33.652509,-111.932952],[49,80,82,59]
mJsGi1q0CeHjv-f9w2thSg,33.31445735,-111.7199877,8,[33.306896,-111.752395,33.3220187,-111.6875804],[212,361,11,126,48]
dCjrRLQn4eXo5NemVCx8gw,33.57308305,-112.1352331,2,[33.508282,-112.2223302,33.6378841,-112.048136],[41,11,373,182]
z2aIK__6KMpQBx1czvv8BA,33.495457650000006,-112.03084000000001,32,[33.321266,-112.18689,33.6696493,-111.87479],[7,224,11,108,17,62,182,172,43,88,38,39,89,126,97,26,8,24,33,10,194,57,69,119,99]
_JvFaKXCPTIRlLZRtW-YuQ,33.5384203,-112.1839297,2,[33.5384203,-112.1839297,33.5384203,-112.1839297],[11,27,63]
eAaN41s88gFF_Jon4KrktQ,33.626933,-112.100731,3,[33.626933,-112.100731,33.626933,-112.100731],[212,26,11]
6J4Oh-Lq2loLV5apkFJwTg,33.465462,-112.078017,1,[33.465462,-112.078017,33.465462,-112.078017],[7,108,27,24,11]
h9ncId3QhNG4cGRTZXEqog,33.77670271591255,-112.19822526875001,2,[33.6839876,-112.2802734375,33.8694178318251,-112.1161771],[49,304,63,27,11]
IU7008YHr65bBZ7pLmG6lw,33.5754755,-112.0651592,2,[33.5754755,-112.0651592,33.5754755,-112.0651592],[119,11]
dOhJ6mf09CTJciqW0lbKug,33.44573455,-111.7766593,9,[33.2549107,-111.9197534,33.6365584,-111.6335652],[10,44,24,11,49,178,17,18,33]
HuhcAGGVttdAg1oyuK4E5A,33.500169,-111.919817,24,[33.500169,-111.919817,33.500169,-111.919817],[39,38,99,128,11]
jqVeTSin5GeRm0ceSg-PBA,33.48761425,-112.0966659,200,[33.3022462,-112.3510497,33.6729823,-111.8422821],[48,11,109,38,39,63,26,12,13,6,99,128,43,177,140,210,168,265,49,320,321,193,59,88,298,7,46,24,47,27,57,69,56,145,101,186,40,206,327,127,114,163,33,246,119,139,17,423,260,259,108,172,434,103,333,292,50,52,182,205,161,65,133,44,64,158,28,18,209,36,66,8,442,241,307,445,32,302,110,1,141,72,287,297,185,379,212,229,54,317,224,322,143,440,98,285,10,470]
5hksmeqT1D4fFP93j27MBg,33.538154,-111.924569,27,[33.538154,-111.924569,33.538154,-111.924569],[49,322,57,146,52]
wHaAr4f1RRpr7BJs_UGKuw,33.497828,-111.927267,1,[33.497828,-111.927267,33.497828,-111.927267],[352,48,11]
jT1XoRAy5l-HBiAacyh9Tg,33.5750133,-112.02994885000001,5,[33.349969,-112.2026347,33.8000576,-111.857263],[283,337,32,49,178,286,203,90,38,26,39,11]
EaqWCmWyKm5I9VcXDx5gAQ,33.4849001,-111.99330194999999,3,[33.4329724,-112.0823011,33.5368278,-111.9043028],[215,32,65,133,126,97,11]
dOlOuHlY43omhi88wa1Mzg,33.5445645,-112.032453,71,[33.449233,-112.120516,33.639896,-111.94439],[27,11,212,26,41,42,43,340,210,28,17,29]
5kVILHxR7jRljKOfWyFO5w,33.4360415,-111.9956337,40,[33.4360415,-111.9956337,33.4360415,-111.9956337],[28,240,241]
6heEiBcFQ1dKHtmlwzzu2w,33.45082495,-111.94971290000001,6,[33.3197625,-111.9780071,33.5818874,-111.9214187],[106,279,398,54,131,126,97,11,61,13,6,331,244,172]
ylG7Q-E3gvzP0Ramy46Law,33.4287313,-111.9415049,136,[33.4287313,-111.9415049,33.4287313,-111.9415049],[28,342,240,241]
NKZqlrW1qpqKaxbU8FLVJQ,33.394393,-111.977873,1,[33.394393,-111.977873,33.394393,-111.977873],[26,11]
LFpefQhRuAy3mwH_15ulZg,33.5092093,-111.9885861,3,[33.5092093,-111.9885861,33.5092093,-111.9885861],[340,11]
bf91XmzUpl7w1mC5CsRNug,33.5386523,-112.1859866,5,[33.5386523,-112.1859866,33.5386523,-112.1859866],[6,204,65]
3mRrAazq62fPOqv3DlOQXg,33.591716000000005,-112.05108634999999,37,[33.4994444,-112.2226374,33.6839876,-111.8795353],[38,145,57,205,39,40,265,11,483,99,91,26,33,44,117,48,212,361,7,142,10,27,63,74,296]
WEXsw5ads44QmglVA-t1GQ,33.40456155,-111.9101628,18,[33.306529,-111.9475246,33.5025941,-111.872801],[27,11,57,145,38,101,39,48,88,99,7,47,109,89,182,24]
Z7JJmRSSVQTxw_o8FwLGIA,33.512397,-112.02121485,5,[33.494459,-112.047101,33.530335,-111.9953287],[38,48,39,11,26,99,88,40]
UoekGnrU28NTpxdBK6HXPA,33.482598,-111.935074,17,[33.482598,-111.935074,33.482598,-111.935074],[26,11]
VovMsKbDF2Msflj1zPYF0A,33.480588867006006,-111.98370600000001,25,[33.377697734012,-112.083886,33.58348,-111.883526],[7,108,63,27,11,224,142,75,32,98,26,36,182,24,84,345,6,346,292,307,172,119,206]
xgDlV_6vp7BMBxnaB03h3w,33.49190195,-112.0442812,4,[33.488527,-112.1001451,33.4952769,-111.9884173],[251,43,11,182,48,140]
YXIT-CAZ_7Qi-T9UMMle8Q,33.304775,-111.947948,80,[33.304775,-111.947948,33.304775,-111.947948],[33,11]
QfdqvcKtLBr15pMggtAjHg,33.495068149999994,-112.00065090000001,38,[33.452926,-112.075513,33.5372103,-111.9257888],[49,66,52,26,11,445,212,43,61,13,6,193,80,59,98,7,10,192,84,262,60,119,24,182,48,140]
vycqX1IOJZEGzZSBN2F0Dw,33.6042059,-111.977842,2,[33.6042059,-111.977842,33.6042059,-111.977842],[7,142]
pnym_hWXCWoABo8I4ozlxw,33.6895952,-112.11772429999999,61,[33.6662247,-112.1240351,33.7129657,-112.1114135],[57,69,13,6,21,22]
uEWCVUTKLQ1ee444lCJ6ew,33.51927025,-111.96042,3,[33.407765,-112.238377,33.6307755,-111.682463],[57,69,178,17,49,28,29,11]
7-HLwukQ2Lig3s49tF3DmQ,33.4572093,-111.84064945739749,16,[33.2587342,-111.95738,33.6556844,-111.723918914795],[11,63,39,212,126,293,97,99,177,140,119,24,251,43,265]
_5l2Tlt-LP3Smkka0ZzDZg,33.64053,-111.92477,4,[33.64053,-111.92477,33.64053,-111.92477],[126,11]
Kmh419IRCH0jPTwJZFuq4w,33.4957558,-111.9159147,2,[33.4957558,-111.9159147,33.4957558,-111.9159147],[98,7,206,11]
FlGEsU3qUVrsL-SK68jxJw,33.4258729,-111.97023985,10,[33.2762703,-112.0651592,33.5754755,-111.8753205],[43,11,99,119]
u-KFNXLCtucB2a4GoKkxCg,33.633717,-111.924669,1,[33.633717,-111.924669,33.633717,-111.924669],[39,38,48,128,11]
Mu9otyM91r19_oh0Vjza8w,33.6419961,-112.2547234,23,[33.6419961,-112.2547234,33.6419961,-112.2547234],[72,297]
6YUWA-5-7YM-i_NHWVF1PQ,33.5966993,-111.99764775,41,[33.4298632,-112.0909725,33.7635354,-111.904323],[462,32,95,112,6,38,99,39,11,26,48,77,35,7,449,119,108,57,186,79,121,47,104,161,195,65,60,33,142,24,8,70,76,36,247,63,292,98,139,1,263,136,17,145,40,210,18]
9F_7k8s0mAJ_h1ky7d5Tfw,33.5249395,-112.169147,2,[33.51315,-112.264529,33.536729,-112.073765],[11,63,26]
Q53q6U9ueOSEohqlOO9hGQ,33.537871,-111.886268,5,[33.537871,-111.886268,33.537871,-111.886268],[7,108]
Yf5HhdQtUKngtTlIRDwXzw,33.546608,-112.047023,16,[33.546608,-112.047023,33.546608,-112.047023],[11,63]
Q_6Tgi7ooUR7UVVvqlRyfA,33.732012,-111.85329680000001,110,[33.731871,-111.8537306,33.732153,-111.852863],[48,11,28,17,29]
FAPbcafnZ51q0UgqPu1UAQ,33.6385254,-111.8635654,14,[33.6385254,-111.8635654,33.6385254,-111.8635654],[337,32]
fP6myLoE380eKvfNEmx44A,33.360621,-111.442431,6,[33.360621,-111.442431,33.360621,-111.442431],[27,11]
74giG2elhxI3KRpblUkzOg,33.5068119,-112.082857,5,[33.5068119,-112.082857,33.5068119,-112.082857],[129,278,79]
26tNeMBZa5g7lpD3b0LNDg,33.4214619,-111.7872083,1,[33.4214619,-111.7872083,33.4214619,-111.7872083],[15,57,456,6,191]
WVPqWyh5M0kulzv-oGmJJQ,33.5090018,-112.0409994,2,[33.5090018,-112.0409994,33.5090018,-112.0409994],[13,6,115,372]
N7FHB9MztmmAK1VXYN1osg,33.409005,-111.604107,1,[33.409005,-111.604107,33.409005,-111.604107],[64,65]
SSXLiQkrdPLd2YJhNyojhw,33.514548000000005,-111.91683275,82,[33.3892,-111.9730855,33.639896,-111.86058],[38,205,39,40,48,11,127,309,119,285,61,13,6,331,99,126,33,117,71,72,109,27,265,10,24,44,57,69,340,210,161,195,65,177,140,64,105,224]
HUTDHg4J7bHetko4VMtXJA,33.6401752,-111.9951643,1,[33.6401752,-111.9951643,33.6401752,-111.9951643],[33,99,26,11]
at-IszDzw29XuF6UbreT5A,33.6049318,-111.977799,4,[33.6049318,-111.977799,33.6049318,-111.977799],[26,11]
e7rJa4jefDcC5xTQoVSQxg,33.5102068,-112.0272041,124,[33.5102068,-112.0272041,33.5102068,-112.0272041],[48,11]
hfGrlr9IgsG72d8-dXuKDQ,33.550388999999996,-111.951979,9,[33.50201,-111.97669,33.598768,-111.927268],[4,5,6,84,345,346,265,11]
UwgIRoLvqzq-ngTrcEA8ig,33.437291,-112.381811,4,[33.437291,-112.381811,33.437291,-112.381811],[106,54,280,315]
9b53hBDMyNdgwAFce9h6bQ,33.525861,-112.048124,10,[33.525861,-112.048124,33.525861,-112.048124],[10,27,11]
3mQOtj3PsH2ocrBgi6azEg,33.499499,-111.927402,2,[33.499499,-111.927402,33.499499,-111.927402],[48,11]
FLDOOD_Nr3iCcFUqMA7hEA,33.6279035,-111.8910255,4,[33.6279035,-111.8910255,33.6279035,-111.8910255],[119,24,11]
b4VCWP5GYjqhIDBWhKqhEA,33.5019817,-111.9276185,200,[33.5019817,-111.9276185,33.5019817,-111.9276185],[99,48,11,38,39]
Q_9QE8deuAxDseJhZY5LUg,33.2969845,-111.8419208,8,[33.2969845,-111.8419208,33.2969845,-111.8419208],[71,72,96,184]
YvWZS2dr-BZA_joFgZzflg,33.497437,-112.083886,1,[33.497437,-112.083886,33.497437,-112.083886],[7,108]
7_Tx5bj6Ylf90j328qH44A,33.4240125,-111.94230205,126,[33.421657,-111.944749,33.426368,-111.9398551],[88,38,39,298,11,224]
brVALNYhCaLUaQljGLGW4Q,33.534226324340494,-111.986757326976,14,[33.4471778,-112.0744503,33.621274848681,-111.899064353952],[38,126,39,11,140,40,48,210,99,63,27,265,26,49,128,341,119]
c9UtRjOCLCxCJIupve4Lqg,33.4949416,-112.0019948,1,[33.4949416,-112.0019948,33.4949416,-112.0019948],[119,24,11]
_rcvKZqCCzOcNjLf_V5y_A,33.39941255,-111.848178,6,[33.3072791,-111.9398551,33.491546,-111.7565009],[39,38,48,128,11,84,345,6,346,88,298,26]
_epzmxZ1Z9KNhtnKdDv4kQ,33.479308950000004,-112.06859505,10,[33.4484111,-112.109986,33.5102068,-112.0272041],[38,143,293,39,57,69,7,108,162,139,6,225,250]
olzm5hG4BBdFLBQJZ16rkQ,33.4917261,-112.08265109999999,200,[33.489085,-112.0912518,33.4943672,-112.0740504],[177,140,24,11,63]
5DIAiai0FhAnubXzNZdo1A,33.67627235,-112.2460514,15,[33.5082167,-112.3581458,33.844328,-112.133957],[96,72,32,90,26,11,33,117,24,127]
fcY1Tztpwzc600IDWBkJeg,33.63606,-111.924248,5,[33.63606,-111.924248,33.63606,-111.924248],[11,63]
BtQVxFotHFK3T2FtIrBWmg,33.44940255,-111.9820762,35,[33.331655,-112.065449,33.5671501,-111.8987034],[311,88,38,39,11,26,7,292,338,206,119,33,99,109,265,168,48,218,483,62,27,17,162,24,49,193,58,59,127,212,43]
zq00Z8mtGxOsJBWuR9-BRQ,33.46708305,-111.9782533,9,[33.3369531,-112.0800705,33.597213,-111.8764361],[27,11,7,108,26,42,43,63,24,182,48,140]
KIdFMHIxfOefp_u2iR1Esw,33.9662795,-112.7413852,2,[33.9662795,-112.7413852,33.9662795,-112.7413852],[43,11]
TLxb5zxzXO-Y0bFB__i53g,33.637119299999995,-112.05565899999999,11,[33.5612589,-112.1156244,33.7129797,-111.9956936],[48,185,11,7,313,123,65]
TN5AL8EHErsZ1kk58WUgcg,33.5093372,-112.0608177,12,[33.5093372,-112.0608177,33.5093372,-112.0608177],[212,63,97,11]
-UPOE_C5uY3F1kHSI9fONQ,33.578667949999996,-112.0469187,35,[33.4948684,-112.18689,33.6624675,-111.9069474],[7,8,99,11,313,27,292,98,24,206,73,72,108,17,62]
HBgjAFSiCB3WcXKzQeNpQg,33.4575994,-112.02984115,9,[33.3057949,-112.091899,33.6094039,-111.9677833],[99,185,11,7,162,8,4,5,6]
8rYUo3KpfxQ26b73fHd8rA,33.44974363898085,-111.9697920772095,68,[33.390792,-112.012504,33.5086952779617,-111.927080154419],[99,11,246,7,119,139,24,17,423,126]
IJKdg7KSekmIm_6LJsfvUw,33.5084514,-112.02240275,48,[33.42135,-112.1199995,33.5955528,-111.924806],[251,11,24,109,38,39,206,168,181,229,63,49,368,219,218,41,117,214,7,108,201,98,8,10,212,40,97,6,145,186,57]
yF7_sjzo_Ct8EWuopeuptQ,33.521527154615356,-112.072190282814,14,[33.4326053092307,-112.239434,33.610449,-111.904946565628],[10,27,11,7,162,43,292,108,24]
yCZCcwxGYr5heFafVlPmCA,33.4726201,-112.0013646,3,[33.4354634,-112.0069893,33.5097768,-111.9957399],[38,48,39,11,98,7,24]
Hfhu0ZYnoMOVa9WWr6y3Iw,33.49794945,-111.93687065,67,[33.493947,-111.9514403,33.5019519,-111.922301],[119,11,63,28,17,29]
t6GmgDZNeaTnj75NTRWc2w,33.5019817,-111.9276185,4,[33.5019817,-111.9276185,33.5019817,-111.9276185],[64,65]
-rmQn62wINjWwCSPdgl6IQ,33.637989,-112.2712148,2,[33.637989,-112.2712148,33.637989,-112.2712148],[224,11]
9OuPG16NWOEan7UbyljE6A,33.5677516,-112.0695562,3,[33.5677516,-112.0695562,33.5677516,-112.0695562],[71,72,354,269]
D_Eeu50Zuf-ElTZwflwCcQ,33.3049919,-111.9895641,6,[33.3049919,-111.9895641,33.3049919,-111.9895641],[157,103]
B32QUMWBjOiG3vrBtOyZpw,33.5094146,-111.9109412,6,[33.5094146,-111.9109412,33.5094146,-111.9109412],[6,155,54,156]
4sCpbIpZp1i_-OqKafcYDQ,33.6042184,-112.02117469999999,3,[33.5779821,-112.1185366,33.6304547,-111.9238128],[48,11,49,312,57,504,91]
D6PxfJsBrrbAUSY3Rxf_CA,33.327278,-111.858116,42,[33.327278,-111.858116,33.327278,-111.858116],[251,11]
5G6aPYzgHJ03aiPFrFqg8w,33.4948712,-112.019702,2,[33.4948712,-112.019702,33.4948712,-112.019702],[98,7]
A4jRKbv3E2WbLOCf7-QEWg,33.4528292,-112.0685027,2,[33.4528292,-112.0685027,33.4528292,-112.0685027],[117,214,11]
cbTB9iRRF5XudUPuANVYag,33.3796772,-111.84535155,3,[33.3317204,-111.899966,33.427634,-111.7907371],[63,27,11,99]
jPs9kXG0FuyXzDuYqEfJNA,33.5302327,-112.0158716,4,[33.5297605,-112.016571,33.5307049,-112.0151722],[11,63,161,65]
woc9HK2NYBclfzcsN7Ld7Q,33.4320192,-111.87188065000001,7,[33.3547012,-112.0649453,33.5093372,-111.678816],[7,33,142,24,11,108,48,145,57,17,18,39,212,63,97,71,72]
zSz_nb1y0fYwfsBOdWCW6Q,33.46249245,-111.94226425,9,[33.3411959,-111.966986,33.583789,-111.9175425],[7,142,161,65,133,6,77,35,98]
LS4pZdJnAx71TTJao6lNMQ,33.3127482,-111.96256835,39,[33.0546833,-112.0839659,33.5708131,-111.8411708],[44,11,119,99,185,26,48,27]
OcR-H4PiO31PE5Pb5mqQKQ,33.6055051,-112.1182095,13,[33.5,-112.17,33.7110102,-112.066419],[129,175,332,121,79,7,138,139,97,11,194,108,251,449,84,215,32,182,172]
qOm-L_V9GwJH2bFcRWUcvQ,33.5088428,-112.0342897,4,[33.5088428,-112.0342897,33.5088428,-112.0342897],[265,11]
G7f2YaSV8CFsKjoLs8L8Ag,33.625322,-111.977313,2,[33.625322,-111.977313,33.625322,-111.977313],[26,11]
e4zs2ZluEETsVn79Ia9tfA,33.450687,-111.93849019999999,93,[33.420571,-111.942444,33.480803,-111.9345364],[38,168,298,88,39,11,101]
z1QP8645Cll0RWjBbWBTEg,33.4222653,-111.9199824,200,[33.4222653,-111.9199824,33.4222653,-111.9199824],[7,98,10,9,11]
P2u9VNOA5fyldEedECfFdQ,33.313553,-111.864595,1,[33.313553,-111.864595,33.313553,-111.864595],[136,17]
p6XoSAnaFWwiZg0-xYx3wQ,33.2582271,-112.00682535,16,[32.8794202,-112.2613136,33.637034,-111.7523371],[127,11,27,54,55,98,7,239,26,307,63]
Q8ejru0KDzS1qcAVAD9dVQ,33.456032500000006,-112.1218647,3,[33.4460879,-112.1696016,33.4659771,-112.0741278],[43,11]
K0jwOuZvE1zlhy29lcvKgw,33.638669,-112.231662,4,[33.638669,-112.231662,33.638669,-112.231662],[168,41,11]
OltjhqyxmulDUtoimczoKw,33.472853,-112.056065,2,[33.472853,-112.056065,33.472853,-112.056065],[48,11]
Lklm8Ni57m5whfe2xA04QQ,33.4973896,-111.9223075,4,[33.4973896,-111.9223075,33.4973896,-111.9223075],[38,126,39,11]
Z8Hntik7YhXJ4hzN1Po6DA,33.4804393,-111.9995818,1,[33.4804393,-111.9995818,33.4804393,-111.9995818],[175,129,79,121]
WCTef_98bneZmqdwUvIf8A,33.3802949,-111.811327,1,[33.3802949,-111.811327,33.3802949,-111.811327],[84,86]
CoRuqFEs-jUOg1SKO0wLow,33.5242874,-112.0474855,2,[33.5242874,-112.0474855,33.5242874,-112.0474855],[99,127,11]
Sc6qvhde7_uQbXWqINoC1A,33.5252672,-112.0995348,3,[33.5252672,-112.0995348,33.5252672,-112.0995348],[33,11]
kQT2HIeSD0WrtnIFhbacDA,33.43645,-111.71847,3,[33.43645,-111.71847,33.43645,-111.71847],[99,24,11]
8xVYebiJ7AFm3fL-wAkgYQ,33.567450449999995,-112.02792305,5,[33.4944525,-112.0677151,33.6404484,-111.988131],[6,284,35,27,11,7,142]
3z-Om8XYEmvWhwhJS6Q7RA,33.3068175,-111.7214945,20,[33.3068175,-111.7214945,33.3068175,-111.7214945],[26,11]
APvttxM3MnrzMTdCYhL4Qg,33.30493355,-111.8728927,5,[33.2748213,-111.88557,33.3350458,-111.8602154],[123,65,43,11,63,27]
r-8fSx03E6QLf5KJeB511w,33.4632428,-111.9501445,6,[33.2997534,-112.079081,33.6267322,-111.821208],[26,11,10,63,27,84,127,7,108,24]
HPxji3cX5H460ECCgtnGHw,33.5349423313962,-111.9657371,67,[33.422356,-112.100731,33.6475286627924,-111.8307432],[38,39,212,43,11,106,54,280,26,108,7,119,109,65,133,48,47,79,121,49,20,23,415,59,6,250,245,77,112,191,35,17,15,111,113,33,44,27,41,12,114,13,127,126,229,168,30,177,140,98,10,9,97,333,145,57,88,298,8,64,123,63,368,116]
wgAXfaSqe6jVXVQApsXOvw,33.590693,-111.9595943,10,[33.449233,-112.065458,33.732153,-111.8537306],[27,11,28,17,29]
-wrv5j-SMiPc2Z7T47Qhig,33.426351,-111.940137,1,[33.426351,-111.940137,33.426351,-111.940137],[1,427,384,507,426]
igkkcYRh6VY5i15H6ocgfA,33.43475,-112.00644,12,[33.43475,-112.00644,33.43475,-112.00644],[28,170]
3vUwCeogENw0apYpRof4ng,33.5025941,-111.9296765,25,[33.5025941,-111.9296765,33.5025941,-111.9296765],[7,292,99,48,11]
B_4H__6wcNBSJStdbYRKWw,33.39490204230605,-111.895258615718,15,[33.2795972846121,-112.0699779,33.5102068,-111.720539331436],[224,11,88,38,99,39,168,42,43,212,361,7,24,108,119,109,48,26,440]
NrkZV9gOCoyrs62-axItqg,33.421558,-111.945394,200,[33.421558,-111.945394,33.421558,-111.945394],[27,11]
ozMi7BMQ7uI6w4sSsmEKsg,33.6690037,-112.1787896,3,[33.6690037,-112.1787896,33.6690037,-112.1787896],[37,32]
y2ClTl6I-utHQ4Les8zGTQ,33.4486925828515,-111.99472482087,5,[33.4194512,-112.07352364174,33.477933965703,-111.915926],[224,11,38,7,47,88,39,48,373,97]
EBSN_dAp6dIPsLZCM_3yvA,33.48089445,-112.04718475,7,[33.3216034,-112.131752,33.6401855,-111.9626175],[44,11,33,88,298,39,38,265,126]
IyU_56XHTbzvRna8oLjGIQ,33.5792063,-111.8865936,2,[33.5792063,-111.8865936,33.5792063,-111.8865936],[7,162]
WdDEefwYMncgv1pP_mghsQ,33.6621511,-112.116849,115,[33.6621511,-112.116849,33.6621511,-112.116849],[33,44,11]
47PGbeXj8dUbzjlyWApKiw,33.479924,-111.9683833,33,[33.321266,-112.0999346,33.638582,-111.836832],[99,11,7,292,98,139,43,48,49,108,193,59,63,27,126,97,24,88,38,39,298,182,140,28,17,18,29]
IjIaGQ79Y09Z3Fvi7KT9qA,33.5568578082952,-112.054100010414,8,[33.5020036165904,-112.180165,33.611712,-111.928035020828],[39,119,48,38,11,168,99,54,242,57,7,36,69,106,315]
FG7Pw6JXGqqNr3LNl9M5PQ,33.650029,-111.925642,1,[33.650029,-111.925642,33.650029,-111.925642],[72,297]
qf2dtQv_b-MUHaEG9e5Uuw,33.4368974,-111.9300378,1,[33.4368974,-111.9300378,33.4368974,-111.9300378],[33,44,11]
oa4zVQlqjG_3INGOp0HItg,33.426499,-111.89237,6,[33.426499,-111.89237,33.426499,-111.89237],[79,121]
QVnSqWBHldFYO5WdWa3eIw,33.517035,-111.94614065,15,[33.500545,-111.965872,33.533525,-111.9264093],[119,99,11,265]
JiQ08zuLwnJqChMFTvFzcQ,33.6322642,-112.2375029,2,[33.6322642,-112.2375029,33.6322642,-112.2375029],[265,11]
anaD7V8vo16qYKdBURuiKw,33.536527050000004,-111.9979161,39,[33.4360201,-112.0740526,33.637034,-111.9217796],[28,240,241,63,27,11,210,30,13,6,38,140,39,40,48,26,84,147,339]
WkmygkX37k1LvNIkjlfk6Q,33.5366005155327,-112.07488262774649,16,[33.4340647310654,-112.150244,33.6391363,-111.999521255493],[99,27,11,210]
K1FPJ9ut5GboejaPBlz3aw,33.2617999,-111.8602743,2,[33.2617999,-111.8602743,33.2617999,-111.8602743],[11,63]
djCtrfdhgjXsKFdYeeC2ew,33.65359082379065,-111.95289124133299,6,[33.422728,-111.954288482666,33.8844536475813,-111.951494],[88,38,39,89,11,49,276]
fNwxFRCdfa5jX5-smziurw,33.37508665,-111.88454254999999,10,[33.3021074,-111.9270202,33.4480659,-111.8420649],[182,218,11,8,7,138,139,224]
Z1lPtIHU7bRoIvuVa01H5w,33.5099705,-111.9971937,104,[33.422728,-112.095684,33.597213,-111.8987034],[119,99,11,26,49,66,52,27,8,7,138,139,33,44,212,57,56,39,145,34,6,32,35,224,168,181,229,148,36,327,292,48,182,172,43,368,38,140,40,120,30,13,264,63,98,24,192,323,126,97,15,449,265,309,285,88,89,218,109,219,41,486,194,239]
7RMLKkeSYXsYmnwTCOze9g,33.60859905,-112.11821094999999,12,[33.502191,-112.2618153,33.7150071,-111.9746066],[26,11,7,138,139,97,182,48,140,99,109,38,39,63,96,72,73,62,17,185]
1JUwyYab-uJzEx_FRd81Zg,33.5086952779617,-111.927080154419,6,[33.5086952779617,-111.927080154419,33.5086952779617,-111.927080154419],[99,11]
NADYrOGa0JeX0IwdJppyQQ,33.678615,-111.9746066,58,[33.678615,-111.9746066,33.678615,-111.9746066],[202,72]
ClPqrnBK2P3m-h53Dcl8jg,33.5628682,-112.17465995,5,[33.5242704,-112.301858,33.601466,-112.0474619],[48,11]
lNSsvZo-aOXUbmFhsS3xpw,33.3785567394845,-111.84716118936001,5,[33.378062078969,-111.93822637872,33.3790514,-111.756096],[7,108,119,11,26]
2556-s0LzF0IIW_NVd2gdA,33.501821,-111.919938,2,[33.501821,-111.919938,33.501821,-111.919938],[265,185,11]
eNCju89JtSmcRSVI8Z5LUQ,33.3047714067745,-111.977072732337,2,[33.3047714067745,-111.977072732337,33.3047714067745,-111.977072732337],[44,26,11]
oQL0rmxlqHgkS9au43Et7w,33.5303897,-111.98200331608399,11,[33.4354553,-112.0739136,33.6253241,-111.890093032168],[26,11,119,120,24,265,126,97,309,285]
BQ7KM5mIQtC-qwRDkeUwSg,33.51800055,-111.9337297,2,[33.479923,-111.968753,33.5560781,-111.8987064],[71,72,39,38,26,127,11]
NxdR1B5zyq8rKNiV5zdRcw,33.5846956,-112.0547298,13,[33.502049,-112.219969,33.6673422,-111.8894906],[7,365,41,11,10,24,182,48,140,26,27,218,38,99,128,39]
zWtLZhs7wJoV-X9j7CGhrQ,33.5230332,-112.0545183,8,[33.4352894,-112.1841384,33.610777,-111.9248982],[33,44,11,7,139,24,142]
2I80cAfpJp60O_t_7lQvvw,33.40593895,-112.04905099999999,3,[33.305066,-112.082857,33.5068119,-112.015245],[129,278,79,78]
V-q4RBu_bgnM_yFbUEChKA,33.43294805,-111.97110285,136,[33.3939372,-112.0649208,33.4719589,-111.8772849],[97,11,251]
xxVzYxN59iZnROeXOgxnJg,33.5248915,-112.0476381,6,[33.5248915,-112.0476381,33.5248915,-112.0476381],[6,250]
GPPHDWEZGjiw777_iTOJ1w,33.464457100000004,-111.8995575684965,74,[33.2958392,-112.072327136993,33.633075,-111.726788],[112,6,151,130,32,99,11,63,33,44,378,35,76,109,38,48,39,168,265,7,142,118,292,98,45,185,311,12,30,13,114,204,65,26,10,9,27,49,368,119,212,43,24,133,46,8,57,145,64,104,382,126,97,69,138,139,440,260,210,127,21,163,22,77,28,240,241,173,250]
VGXYc_r-jDjyhqhlWNs91Q,33.3923008,-111.98776975000001,21,[33.334202,-112.0648845,33.4503996,-111.910655],[49,4,5,6,367,71,72,154,322,57]
Ts4qvDMz2jesL8U2EceX6g,33.48099125,-112.05335195,6,[33.4504575,-112.0743441,33.511525,-112.0323598],[108,7,38,39,11,24,298,57,145,26]
LwD_YLFS8Nw_MqO0uo6iCg,33.56195615,-112.1070195,5,[33.5384181,-112.20068,33.5854942,-112.013359],[26,11,224,7,162]
VHy8-UKx5rQAYvpSXbu7pA,33.5502613,-112.25734695,2,[33.534203,-112.2618153,33.5663196,-112.2528786],[7,142,182,99,11]
8Xpn2aFtPnwNoCjk7DXMvA,33.384214400000005,-111.97165525,2,[33.2664769,-111.9918702,33.5019519,-111.9514403],[119,11,63,48]
nyIZRtEko9uz6rDAAz7JAg,33.304861,-111.927065,2,[33.304861,-111.927065,33.304861,-111.927065],[7,292,182,218,11]
V544P_FjESctQ4BRZ1a89A,33.4859868,-111.9899508,2,[33.4787943,-112.0478085,33.4931793,-111.9320931],[39,26,127,11]
aFzfB4cIph8bAQWYzK7abw,33.4845257,-112.07333700000001,4,[33.4593954,-112.07454,33.509656,-112.072134],[7,108,12,114,13,6]
hcZW-xs_yQBQCSZBye1Mow,33.266696887038,-111.99153418078,7,[33.266696887038,-111.99153418078,33.266696887038,-111.99153418078],[28,29,17,11]
QZlcsmzYtSnw9m9sJ6PCtg,33.750575,-111.860187,7,[33.750575,-111.860187,33.750575,-111.860187],[27,11]
Qnpzy4jsgWweI_ODmoWYpw,33.5386433,-112.1145297,1,[33.5386433,-112.1145297,33.5386433,-112.1145297],[33,11]
W47m3H0_e6q3KHD8EZw9VA,33.5266038,-111.924627,1,[33.5266038,-111.924627,33.5266038,-111.924627],[119,120,11]
Ka7ZbEC2YHj7gdsflsN6-A,33.4716326,-111.9263131,5,[33.4716326,-111.9263131,33.4716326,-111.9263131],[265,99,11]
NFW02_uDAuzNV1sEesZ3kg,33.48177335,-112.0414437,4,[33.4535069,-112.0722782,33.5100398,-112.0106092],[251,11,43,33,38,39]
pMlK6piV8k45lhMTRomV5g,33.560550250000006,-111.9937947,200,[33.4481182,-112.0971145,33.6729823,-111.8904749],[322,57,56,7,36,8,49,126,97,11,161,28,65,17,29,177,140]
bnHki9bQ3WoiUXGYRNIZkg,33.669002357013056,-112.0912688058185,6,[33.6543532140261,-112.0989577,33.6836515,-112.083579911637],[177,140,11]
5iXcVvKpvRZGPV9qtkFJVQ,33.6077932,-111.94810874999999,2,[33.6032634,-111.9781795,33.612323,-111.918038],[98,7,24,11,108]
xSinZMnotV4YjgG5uxtc4A,33.4694489,-111.87957925,10,[33.3004279,-111.9366872,33.6384699,-111.8224713],[38,128,39,168,11,26,33]
nTe10razVBO1Y-jNZoFS6w,33.4787943,-112.0478085,7,[33.4787943,-112.0478085,33.4787943,-112.0478085],[26,11]
Gn8O_Ud3sF8PrL2tQcx7QA,33.6387523,-112.3885652,1,[33.6387523,-112.3885652,33.6387523,-112.3885652],[64,65]
PS0lCxjGNeUrKxYSdpW-Aw,33.509630099999995,-111.995143,200,[33.3406452,-112.1847509,33.678615,-111.8055351],[11,27,63,99,158,28,112,6,254,173,49,341,26,109,38,39,440,12,114,13,22,41,168,7,98,10,9,57,69,108,110,33,24,194,119,46,126,115,372,77,186,35,76,97,292,120,294,106,54,104,65,44,47,48,67,68,137,8,139,351,322,146,52,225,212,313,34,17,29,4,160,62,327,312,504,91,373,182,56,15,191,250,70,128,25,142,111,113,127,161,197,198,23,30,61,204,205,40,141,307,43,202,148,72,177,140,36,247,224,333,445,66,200,228,88,298,152,331,18,157,103,80,59,248,185,20,243]
mRUKrSN7_hxfQSojhjtc_Q,33.6396834,-112.219969,3,[33.6396834,-112.219969,33.6396834,-112.219969],[182,48,140,11]
usyCze4iT4H8v3Q8Y7-XLA,33.41389,-111.902918,2,[33.41389,-111.902918,33.41389,-111.902918],[28,17,29]
KmrLxetseiw6cbUHOKuGgA,33.4800648,-111.9733248,2,[33.4800648,-111.9733248,33.4800648,-111.9733248],[113,6,116]
KOqK-DpU0qYYgA6IPjj-sg,33.213808,-111.657645,2,[33.213808,-111.657645,33.213808,-111.657645],[328,32]
OvYxEklIXXiSCB6BEx69mg,33.578197,-111.761677,1,[33.578197,-111.761677,33.578197,-111.761677],[201,48,11]
j2xztUxV9VAQmjZCmuEn3g,33.499499,-111.927402,21,[33.499499,-111.927402,33.499499,-111.927402],[48,11]
MD-LJxKiA-CfH_M_dubZSg,33.604604300000005,-111.86813380000001,4,[33.3788385,-111.9317707,33.8303701,-111.8044969],[48,11,65,133,7,108]
nMafzNKM7zkjjt23FBbwLQ,33.5183691,-112.0047498,15,[33.5183691,-112.0047498,33.5183691,-112.0047498],[99,11]
aiSbpMMCd8QttGvgmYRvug,33.3791269,-111.977079,4,[33.3791269,-111.977079,33.3791269,-111.977079],[43,11]
GClQkvF7IUofCfEhp4DvoA,33.8332781,-111.9513452,10,[33.8332781,-111.9513452,33.8332781,-111.9513452],[7,108,48,11]
B3w9iBVk6xOydZ57XxwY8g,33.451719,-111.732762,2,[33.451719,-111.732762,33.451719,-111.732762],[33,99,265,11]
7FhAiPL-57pGudm22sv4mQ,33.3215711,-111.758899,13,[33.017727,-112.131752,33.6254152,-111.386046],[44,11,27,63,26,177,38,168,298,88,39]
eWuv_cyksC5f55-VcQFfBA,33.3852846,-111.964558,23,[33.3852846,-111.964558,33.3852846,-111.964558],[46,6]
SQkrnQAj6SVWXCczHggTiw,33.5222185,-111.9595033,38,[33.5222185,-111.9595033,33.5222185,-111.9595033],[48,11,28,17,29]
JYsIt8mv0HdCWQtNox_ZqQ,33.486068,-112.073085,6,[33.486068,-112.073085,33.486068,-112.073085],[49,6,65,193,59]
PeWxKSXYKa-N0yEU3kyvMQ,33.305675,-111.897004,1,[33.305675,-111.897004,33.305675,-111.897004],[11,63]
EXa2LyMitrrE1F4oHfh19A,33.3736965,-111.93228500000001,8,[33.317906,-111.964138,33.429487,-111.900432],[274,6,13,12,22]
xkTbpCc-YhU8-EXZDA7u0g,33.559567322397,-112.05036185739749,94,[33.321061644794,-112.3768048,33.798073,-111.723918914795],[7,108,6,77,112,191,35,17,15,111,113,72,154,224,11,33,119,99,38,39,40,145,186,57,49,80,59,212,120,260,259,48,47,140,71,184,297,24,88,101,26,56,193,45,14,98,76,311,63,27,139,36,69,440,142,109,52,327,127,298,126,32,75,445,66]
ytr46wNbedr8-iqSZngl8g,33.5745515,-111.9606068,200,[33.304775,-112.133957,33.844328,-111.7872566],[30,13,6,11,63,99,28,17,18,29,7,137,8,139,12,114,48,26,46,38,39,33,44,88,4,160,142]
ig6rEuqKeyxoScej1WZMEw,33.5969623980272,-112.169466018677,4,[33.5969623980272,-112.169466018677,33.5969623980272,-112.169466018677],[38,48,11,128,39]
dQ5UKyaDre5L_2_IA357JA,33.6389129,-112.1810524,1,[33.6389129,-112.1810524,33.6389129,-112.1810524],[168,11,63]
WMfWK08fGzQvRb4tUJJPWA,33.3856228,-111.90205055,7,[33.3056593,-111.9279622,33.4655863,-111.8761389],[7,24,47,27,11,38,88,39,48,36,298,99,108,89]
ju74kdgcZttM9x1yR08_uw,33.683479,-111.966112,4,[33.683479,-111.966112,33.683479,-111.966112],[212,229,11]
5Dg4nTKuQ3o21af1bkxEPA,33.50239255,-111.96298425,8,[33.502191,-111.996292,33.5025941,-111.9296765],[109,38,11,39,63,182,48,140]
0NLlYgKL2dkORV0lBaTptA,33.496175,-112.020561,2,[33.496175,-112.020561,33.496175,-112.020561],[11,63]
X0Rw7m-FM2h8Stb7XURGyQ,33.493274,-111.9243129,8,[33.493274,-111.9243129,33.493274,-111.9243129],[112,6]
wTJsLxx38M5KBcMJNtbCBA,33.5102068,-112.0272041,4,[33.5102068,-112.0272041,33.5102068,-112.0272041],[48,11]
Lpg-kufpMxEWzPRE9uRVjA,33.563746550000005,-111.9955851,38,[33.502702,-112.065439,33.6247911,-111.9257312],[17,18,63,99,11,48]
JdHqFm1PwpQJOeGyBPzaxw,33.3666012806817,-111.721199154854,2,[33.3666012806817,-111.721199154854,33.3666012806817,-111.721199154854],[119,201,11]
x0gSlakLiQLUPdRwpz516Q,33.4881846,-111.9608249,3,[33.4881846,-111.9608249,33.4881846,-111.9608249],[48,11]
gPcDJI4wU89RMQWTeIs7Hw,33.47423568976275,-112.2091654,17,[33.4128,-112.3581458,33.5356713795255,-112.060185],[33,11,63,27,24,202,72,99,218,41,119,26,210,208,6,35]
wR6SIx7R-kgK1zwUU82HHA,33.486400599999996,-111.94534655000001,2,[33.4765807,-111.9641728,33.4962205,-111.9265203],[26,11,38,140,39,40,48]
eXQEGZNXmMlsWcUx4l0zzg,33.472674,-112.064752,5,[33.472674,-112.064752,33.472674,-112.064752],[11,63]
CPyhaNjxeTPuaM_yI5A1Yw,33.4931793,-111.9320931,50,[33.4931793,-111.9320931,33.4931793,-111.9320931],[39,26,127,11]
4g0BSDfFUUPuDpJcdeqmAw,33.498764,-111.98713710000001,27,[33.318913,-112.0739142,33.678615,-111.90036],[185,11,48,33,38,39,119,26,99,28,388,394,290,241,140,40,168,181,229,12,13,6,7,36,182,210,63,27]
YSf4D_rt75nnb_gRgYLY_A,33.3353078,-111.8080709,5,[33.3353078,-111.8080709,33.3353078,-111.8080709],[7,9]
_Nn8lZA9B-1nE0xP-L6hng,33.46609745000001,-111.999745,12,[33.4221689,-112.065458,33.510026,-111.934032],[57,39,145,38,27,128,11,212,48]
b35fzV7F43qt5Q1PY_R_Nw,33.351996650000004,-111.91077949999999,8,[33.2786539,-111.9626175,33.4253394,-111.8589415],[63,27,11,126,465,57,39,145]
h20FdEYeL6NIljPVcY9HQw,33.3587586,-111.83296435,9,[33.3023282,-111.8761389,33.415189,-111.7897898],[7,292,142,10,24,11,205,17,18,39,108,48,89,119,120]
xZNzruYaxX-NqCHSthTT3A,33.82622245,-111.92376949999999,2,[33.825118,-111.924099,33.8273269,-111.92344],[11,307,63,123,65]
KgyoSXTrdgIb7FJSgLnGLQ,33.5394273,-111.9245481,5,[33.5394273,-111.9245481,33.5394273,-111.9245481],[26,11]
L6ZjG-TMH09kadoTEvxcbQ,33.4227482,-111.9541275,14,[33.3354566,-112.073781,33.5100398,-111.834474],[57,69,38,40,39,7,162,43,11,26,48,33,149,97,185,63,117,119,99]
Bt3xE9J32J_mPr0zgcDugQ,33.41554875,-111.90795170000001,7,[33.394432,-111.9403254,33.4366655,-111.875578],[285,185,11,43]
GUosm_SvpJ5bjGozWfyHrw,33.580352250000004,-112.04027765000001,4,[33.4656138,-112.1522297,33.6950907,-111.9283256],[41,11,49,51,52]
lPAplDqTRrb6heRXrc5heA,33.3929982,-111.9127636,4,[33.3929982,-111.9127636,33.3929982,-111.9127636],[7,9]
YOQ_be_EtdKeEmSzVUy-0Q,33.4950814,-112.0032205,2,[33.4950814,-112.0032205,33.4950814,-112.0032205],[7,108]
SNxagk8YIdqqFmoY26PmXg,33.678615,-111.9746066,2,[33.678615,-111.9746066,33.678615,-111.9746066],[6,32,302,110,1,141]
sPrcDHjkvmIwGVwVt11Chg,33.414345,-111.913031,3,[33.414345,-111.913031,33.414345,-111.913031],[192,11]
JzumWFO95p7yk3Pvw7jFNw,33.56747335,-112.0570173,22,[33.4951554,-112.2245556,33.6397913,-111.889479],[46,6,7,108,48,11,44,212,41,162,373,24,229,185,119,27,33,194,57,69,10,224,97]
g_Dw7wj0BdG8aV7sMbcMSg,33.50301445,-112.10820695000001,7,[33.4951554,-112.134201,33.5108735,-112.0822129],[43,11,224]
m_2ua3IwuxhiJT1Q5BzwhA,33.539257,-112.181569,43,[33.539257,-112.181569,33.539257,-112.181569],[251,11]
ZKz2htCNEjDUPqiImJhHrA,33.34296405,-111.90037269999999,11,[33.2664769,-111.9918702,33.4194512,-111.8088752],[109,38,11,39,63,7,47,88,48,33,26]
jO82Xt2SYcy1Foi5RvRlDw,33.49112,-112.079081,27,[33.49112,-112.079081,33.49112,-112.079081],[38,26,39,40,48,11]
jcGf9EjkLWNlWoVSSEhuqA,33.48615125,-111.9753209,2,[33.476082,-111.986469,33.4962205,-111.9641728],[38,140,39,40,48,11,99]
z5-jxfrfRtde_wwz0d1LKg,33.5846317,-111.8307432,4,[33.5846317,-111.8307432,33.5846317,-111.8307432],[65,133]
3rV82SbUC8xM6hBFwyFxgw,33.6202185,-111.8742551,1,[33.6202185,-111.8742551,33.6202185,-111.8742551],[63,27,11]
KcG6K8ktAAfwz9yXsIojdA,33.624662,-111.943525,1,[33.624662,-111.943525,33.624662,-111.943525],[11,63]
vIxxugpf4Vnwi-DeuIFAaA,33.35988885,-111.86052015,11,[33.304894,-111.9490283,33.4148837,-111.772012],[43,11,219,218,192,33,117,48,126,97,7,162,41,400,63]
QqvSRuaL9dnFqHquQobcAQ,33.370729999999995,-111.8188965,6,[33.31081,-111.911549,33.43065,-111.726244],[126,97,11,7,108,251,63,24,119,98]
KahUNa7Z_azsE-JJFaXv5g,33.580542,-112.1215834,87,[33.580542,-112.1215834,33.580542,-112.1215834],[7,33,142,11]
PnEAXZ7WyJMYBr9IIulh5Q,33.469593,-111.9306475684965,85,[33.303126,-112.072327136993,33.63606,-111.788968],[182,48,140,11,26,149,126,33,117,127,265,7,137,8,139,64,133,65,9,99,296,63,43,30,13,6,112,151,152,17,45,12,61,114,10,24,142,57,69,56,177,162,84,385,386,124,185,119,229,224,218,44,39,38,97,72,154,41,27,400,14,15,36,148,101,483,339,208,35]
hsqFUeLz-wv2W933eWbXuQ,33.29828775,-111.86994385,7,[33.2847441,-111.8988633,33.3118314,-111.8410244],[11,27,63,7,194,99]
jzdOKBiMvtaw43z_f6U5SA,33.4410244,-112.00959499999999,4,[33.427081,-112.0791022,33.4549678,-111.9400878],[7,142,119,11]
tb4bpDnZQuDJI_2OP37iog,33.52503725,-111.9373599,22,[33.377828,-112.0384267,33.6722465,-111.8362931],[126,97,11,46,6,63,26,127,265,45,84,339,48,218,41,323,109,38,39]
EhCB8ugZJNlEEoc2OUNSsA,33.436623,-111.684534,1,[33.436623,-111.684534,33.436623,-111.684534],[7,138,139,24,11,117]
EuQup6y48bChgAW8BnH3Og,33.5830485,-111.8885166,25,[33.5830485,-111.8885166,33.5830485,-111.8885166],[48,11]
uqjmI5lj--xyQv67bkvRfQ,33.559279950000004,-111.8399583,6,[33.494238,-111.9956764,33.6243219,-111.6842402],[27,11,38,99,39,12,114,13,6,22,49,387,88,128]
IhS7puu99Ogq7SDUUhYaiQ,33.441124,-111.927581,200,[33.441124,-111.927581,33.441124,-111.927581],[26,11]
YrO_G2tbIFpnx5SZ_m4yTw,33.546,-111.96828,23,[33.546,-111.96828,33.546,-111.96828],[119,127,11]
Z1Ac_E8_4y2e4q6IOXUl_w,33.3613421,-111.8297561,4,[33.303233,-111.915926,33.4194512,-111.7435862],[7,33,48,47,11,38,88,39,27,117]
c4I0CwCnSVJ73MG2hl7nfA,33.60276105,-112.36741985,4,[33.594952,-112.396197,33.6105701,-112.3386427],[30,8,13,6,7,110,26,11,44]
ayVYKbAmPOfCB-y63zNnqw,33.566247,-111.9257768,4,[33.566247,-111.9257768,33.566247,-111.9257768],[48,11]
Tb-LGSqoyoYwefJDHZWfwA,33.4151354,-111.8531077,2,[33.4151354,-111.8531077,33.4151354,-111.8531077],[60,6]
NNeY-aaLg3TioWIxZ7bpug,33.5229615,-111.93759969999999,27,[33.362444,-111.966112,33.683479,-111.9090874],[98,7,24,11,161,28,29,17,65,26]
