O8BR9NdSAOmB9mminixREQ,33.3811494,-111.9335847,2,[33.3350177,-111.9400902,33.4272811,-111.9270792],[119,48,11,7,292]
s8MQdewIep_tnv-SJFLMxw,33.511209050000005,-111.99255245,96,[33.4986978,-112.0588374,33.5237203,-111.9262675],[26,127,11,38,210,39,126]
eR6jleQ_UKWLmAqszHIbCg,33.7111223734905,-112.111252129845,4,[33.7111223734905,-112.111252129845,33.7111223734905,-112.111252129845],[26,11]
hF9UE5lTWdWo_naPEzdm7A,33.599219,-111.93825495,25,[33.4194512,-111.9778065,33.7789868,-111.8987034],[38,7,47,88,39,48,11,27,65,133,218,33,117,63,43,10,24,309,119,285]
0y8aTKQGeCIUt7_zBu56Jw,33.4770236,-112.073629,103,[33.4770236,-112.073629,33.4770236,-112.073629],[109,38,48,39,11]
nHk9KJQ5WmXN7hcQ-MBO9Q,33.257906399999996,-111.69128549999999,11,[33.137175,-111.843094,33.3786378,-111.539477],[79,7,162,108,6,200,99,11,10,24,32,222,17,28,95,29]
I0_-xocpcOGGfM2WGo5ddA,33.548745,-111.9156915,1,[33.548745,-111.9156915,33.548745,-111.9156915],[158,28]
fLjjtm4beQfqPxLfeuqboA,33.4442047,-111.8307671,41,[33.2618154,-112.0915342,33.626594,-111.57],[64,65,99,185,11,26,212,41,43,7,108,48,142,292,24,57,306,49,326,33,10,44,224,182,177,140,63,27,146,322,28,190,106,54,280,265]
XZR18aCHdKbZRkrWtBIsUw,33.32047165,-111.6934223,2,[33.2486638,-111.7525453,33.3922795,-111.6342993],[44,11,265]
kEtvErnYZZloXTGfgNccdA,33.4657562,-111.9718284,1,[33.4657562,-111.9718284,33.4657562,-111.9718284],[219,218,41,11]
pWbKKivPZv7znFpIIioeKA,33.4938068,-112.3550971,6,[33.4938068,-112.3550971,33.4938068,-112.3550971],[265,11]
9IsbfkHrNrEynqYt7BUfYQ,33.4219276,-111.9273071,2,[33.4219276,-111.9273071,33.4219276,-111.9273071],[26,11]
XPLgNop1Wsds8rNgUqatXg,33.58506985,-111.99572695,6,[33.4948091,-112.028081,33.6753306,-111.9633729],[38,48,39,40,11]
BzDnXvrWm-EB7N5a9Nisdw,33.5029968,-111.9266886,5,[33.5029968,-111.9266886,33.5029968,-111.9266886],[84,234,125,1]
9jsOZg164NB0rc73ut2FIQ,33.418418,-111.84057,3,[33.418418,-111.84057,33.418418,-111.84057],[38,26,39,11]
tWNaVMvFBzrA2CX88At5cA,33.3148631,-111.8595869,2,[33.3148631,-111.8595869,33.3148631,-111.8595869],[177,140,11]
LTk5iAP69zD003Iobr43GA,33.480662,-111.984111,3,[33.480662,-111.984111,33.480662,-111.984111],[177,10,11]
2a-7cf9r2WscwX4mdLogUg,33.442146750000006,-111.9307761,50,[33.3134804,-112.0720214,33.5708131,-111.7895308],[27,11,7,36,26,38,47,39,48,128,185,88,109,373,97,322,57,130,32,99,89,33,44,63,298,229,119,10,24,98,181,40,265,126,137,8,139,72,154]
mZeVtRNAdSD9G7zQ_tG7tA,33.509038,-112.0670453,2,[33.509038,-112.0670453,33.509038,-112.0670453],[26,11]
TToLEHzLe4pGvzk7-K9bRg,33.45745,-112.0696,14,[33.45745,-112.0696,33.45745,-112.0696],[114,13,6]
ZZtEx_UutNxz9B5knTL4tQ,33.4802112,-111.9602065,3,[33.4802112,-111.9602065,33.4802112,-111.9602065],[119,99,11]
uLPLbB4mf5qvFCZWJp4QJw,33.5019817,-111.9276185,1,[33.5019817,-111.9276185,33.5019817,-111.9276185],[38,48,39,11]
3uzKR_e4N7x7yDBr-w9fGw,33.49112,-112.079081,5,[33.49112,-112.079081,33.49112,-112.079081],[26,11]
KkArNft5zIZut8KAAhmVXg,33.662248,-112.1883568,1,[33.662248,-112.1883568,33.662248,-112.1883568],[11,63]
zFNfug-O_oZRhF1f7ndTtw,33.6272381,-111.8956517,2,[33.6272381,-111.8956517,33.6272381,-111.8956517],[64,65]
-wbG2H061isE8qDltFKRzw,33.5808348,-111.9268582,2,[33.5808348,-111.9268582,33.5808348,-111.9268582],[33,48,307,11]
tGj_PsKIWBaSvhycNqfJqg,33.3493584,-111.95562046090001,4,[33.3197658,-111.966547,33.378951,-111.9446939218],[38,39,11,126,97,168,99]
tMxl-8WlBxHXd_jbNem1yQ,33.6108224,-112.1310283,1,[33.6108224,-112.1310283,33.6108224,-112.1310283],[63,27,11]
nRWHSp7rtXVPCjHxan_h8A,33.5194437,-111.936913,10,[33.4149725,-111.9797159,33.6239149,-111.8941101],[265,126,97,11,48,63,26]
zZ73ivhC7p_zWXSUwyZYgg,33.40238455,-112.0052255,5,[33.378801,-112.070599,33.4259681,-111.939852],[7,108,26,11]
r2D6DUDgN2CCDVtqranHTg,33.66299615,-111.924388,9,[33.4938219,-111.9583011,33.8321704,-111.8904749],[26,11,7,142,27,48]
cy726havPXDcUjwHsKxR2Q,33.5533488,-111.91281925000001,7,[33.4861506,-111.9276516,33.620547,-111.8979869],[10,63,24,11,218,38,27,99,39,101,40]
WWY3f7eGD13YdakT0jtcdQ,33.5922168,-112.10424405,46,[33.4576266,-112.3553813,33.726807,-111.8531068],[43,11,27,126,97,168,26,265,185]
zr9UM7zAiPoxHy-a50IcXw,33.564155,-112.289357,1,[33.564155,-112.289357,33.564155,-112.289357],[26,11]
hYVjuwFnYqwDoN753DR14w,33.4787939,-111.9259092,4,[33.4787939,-111.9259092,33.4787939,-111.9259092],[309,119,285,11]
t6E_szpsfDPLMxnm0Qdr0A,33.2762703,-111.8753205,4,[33.2762703,-111.8753205,33.2762703,-111.8753205],[99,11]
KNdNN2FIuOw__bvN3PMQxg,33.397687000000005,-111.948329,126,[33.373465,-111.971852,33.421909,-111.924806],[244,172,11,158,28]
Uw-zhPQb6XVEzIG7tgVsvg,33.535395449999996,-111.89612135,6,[33.4960515,-111.9302928,33.5747394,-111.8619499],[38,11,39,63,7,206,139,109,71,72]
4uw7hCPC3owbFuhAkyxrAw,33.463442099999995,-111.87682266783,72,[33.3022462,-112.007266,33.624638,-111.74637933566],[33,11,104,161,195,65,109,38,48,39,119,99,120,7,8,6,200,126,28,240,241,292,26,54,242,63,27,168,229,138,139,128,149,108,10,182,185]
ud18Bbqy2tbxsUsrmoStlg,33.488826,-111.926867,1,[33.488826,-111.926867,33.488826,-111.926867],[6,45,65,7,148,204]
lneX9PjoWRmUp_qtXTzJcQ,33.606651902329,-111.84298106206,113,[33.606651902329,-111.84298106206,33.606651902329,-111.84298106206],[322,28,57,190]
EgfTy81qQBFFn4lqCtjMeA,33.5092455,-112.0592841,2,[33.5092455,-112.0592841,33.5092455,-112.0592841],[83,6]
TIIL2NYwILFqBJTlvxrPqQ,33.2482807,-111.8644958,9,[33.2482807,-111.8644958,33.2482807,-111.8644958],[6,155,54,156]
F7RDFMRcrRIvWd41RHEvZQ,33.5316531,-111.97688395,16,[33.4512801,-112.1363998,33.6120261,-111.8173681],[119,48,11,71,72,120,99,33,117]
3yr2mU8TyXAnGXokKpobKw,33.4774211,-112.06554635,2,[33.4486711,-112.0662996,33.5061711,-112.0647931],[98,7,322,57]
PMONnmmFd3-ah_e-UKUWWw,33.5163928,-112.09196560000001,6,[33.4796744,-112.1357952,33.5531112,-112.048136],[361,185,11,41]
XxH3yBYfm6ppfjA21wetrA,33.55315,-111.9354751,7,[33.483281,-111.9955012,33.623019,-111.875449],[43,11,7,292,8,119,63,27,104,161,167,65]
-v6kid23SlRmwiyNmj5WDg,33.52984426376755,-111.94145853188499,3,[33.5219518275351,-111.97437286377,33.5377367,-111.9085442],[49,445,66,52,149,224,43,11]
O-uQ0_qKbjcq4h-O44RM3g,33.582683,-111.926996,2,[33.582683,-111.926996,33.582683,-111.926996],[64,65]
OOEn2D5NyxU70Yi_5J2Vng,33.41578,-111.668666,94,[33.41578,-111.668666,33.41578,-111.668666],[212,11]
EAZrnpPPt1E4HnocoPrrQg,33.7376808,-112.32701119999999,11,[33.5091313,-112.7428224,33.9662303,-111.9112],[38,265,39,11,72,269,26]
Ac7MGKJ6fW2Z2J3-BtOt_Q,33.45382155,-112.0746941,4,[33.4527955,-112.0800705,33.4548476,-112.0693177],[63,27,24,11,99,48]
bQvcHHlstvZKiDLyAq480w,33.4548476,-112.0800705,1,[33.4548476,-112.0800705,33.4548476,-112.0800705],[63,27,24,11]
XHdCp2MAG5pYY2oRD7OLcQ,33.48012385,-111.97940265,8,[33.3354566,-112.0824683,33.6247911,-111.876337],[48,11,7,162,43,126,97]
1FsgDucpH86m-jWnKnSUxw,33.4825942338623,-112.149011,14,[33.4261603,-112.358184,33.5390281677246,-111.939838],[224,11,38,143,39,63,74,27,26]
_Q8KWRMHyXzVB0YeRfA4KA,33.515249600000004,-111.9434876,9,[33.3927242,-111.9607632,33.637775,-111.926212],[43,11,38,99,128,39]
LYy11dEvnYQoq3CgxqQaXw,33.8333716,-111.9507042,31,[33.8333716,-111.9507042,33.8333716,-111.9507042],[49,82,59]
xF0WaxtUZtQSZaBP-MedyA,33.47917995,-112.07061365000001,3,[33.457788,-112.0741143,33.5005719,-112.067113],[7,108,186,6,57]
Omp8mlLk9lDtirMchTwiwA,33.3478272,-111.9102573,3,[33.3478272,-111.9102573,33.3478272,-111.9102573],[7,292,98]
E8a5hplLwIBSWENPRK0GYw,33.4730967,-112.0565185,2,[33.4730967,-112.0565185,33.4730967,-112.0565185],[7,8]
yAHJ9JLoTGApqWE9fdIkCw,33.3356613,-111.86401295,4,[33.3072791,-111.971525,33.3640435,-111.7565009],[185,11,26,39,38,48,128]
HmDK74WIzTk6CmVLIueN_A,33.54620405,-112.09657304999999,2,[33.508736,-112.1516571,33.5836721,-112.041489],[43,11,273,39]
tkh_HaLUiCN0YyRHsSIeeA,33.3028522,-111.8422556,2,[33.3028522,-111.8422556,33.3028522,-111.8422556],[27,11]
0o6p_q3ntJs9iP4wgH4RvA,33.64892323657225,-111.970062,10,[33.499499,-112.0143544,33.7983474731445,-111.9257696],[32,95,222,7,108,48,11,168,229,99,46,6,98,30,13,45,44,33]
6TE8eJzCmfxGE0U3GZNz4g,33.41600845098115,-111.9353742,20,[33.37823,-111.9548224,33.4537869019623,-111.915926],[101,38,39,40,11,57,145,27,182,172,7,47,88,48,109,273,128]
cWyFDG-h-h_MVa6YihC9gA,33.4948142,-112.0536454,22,[33.4948142,-112.0536454,33.4948142,-112.0536454],[430,11]
FUiNAjFWraJ6Du2j83nK6w,33.378770210831846,-111.7833243362045,8,[33.306806,-111.88557,33.4507344216637,-111.681078672409],[177,140,192,11,10,44,24,185,474]
LYmXB7pIWer42UBINaxiuA,33.5247956,-111.997717,2,[33.5160662,-112.029562,33.533525,-111.965872],[265,11,161,28,65,17,29]
Mac3De6NAHvrkRY7FwKcxg,33.549991950000006,-111.9686505,73,[33.2994442,-112.1345686,33.8005397,-111.8027324],[57,145,38,39,48,11,41,43,373,24,40,63,42,69,26,33,72,297,27,44,99,140,119]
nDw-oU6x4o5mExAPWtpMRw,33.369570949999996,-111.9244777,12,[33.3053089,-111.982113,33.433833,-111.8668424],[265,99,185,11,38,39,33,119,145,57,17,18,126,97,168,48,63]
8hCLxNPHO60OAMKPVVxu2w,33.42394145,-111.943377,6,[33.422728,-111.951494,33.4251549,-111.93526],[88,38,39,89,11,7,47,48,24]
meOF-WTHHhf58tACeUgyXw,33.57851905,-112.115088,8,[33.5183691,-112.231662,33.638669,-111.998514],[99,11,168,41,7,162]
zCXRZwr9UdBRfRrf8Pukyw,33.5808348,-111.9268582,3,[33.5808348,-111.9268582,33.5808348,-111.9268582],[33,48,307,11]
4V6njyt1kO4AqPTbBQ-IuA,33.3947699,-111.9088938,1,[33.3947699,-111.9088938,33.3947699,-111.9088938],[33,117,48,11]
Y6PorBWmYD5L-ZR2LdizUQ,33.484439,-112.364213,10,[33.484439,-112.364213,33.484439,-112.364213],[11,63]
IzQw260NG9RYAdLFk0j7mw,33.46661044747775,-111.8958354394225,3,[33.4338408949555,-111.923256,33.49938,-111.868414878845],[99,296,11,64,105,65]
1vMCQ-IjsE5tqI8bK2NEGA,33.400037,-111.951228,9,[33.304861,-111.9935622,33.495213,-111.9088938],[150,17,26,11,7,292,182,218,108,177,140]
1ro3_xjTnAVwlbCEKA935w,33.414276900000004,-111.98921495,7,[33.3036623,-112.054775,33.5248915,-111.9236549],[38,99,39,40,11,60,6,168,298,88,250,340]
4f5ZA5Ku62stPQTGSCYpbA,33.969064,-112.728991,18,[33.969064,-112.728991,33.969064,-112.728991],[185,11]
4kPVOgRPApsSKJM9rFoX_Q,33.5786447286892,-111.9983544,66,[33.4566960573784,-112.073196,33.7005934,-111.9235128],[10,11,38,140,39,40,48,26,119]
h8WBkAyR6fXKBChqmsXbkg,33.468864993519006,-111.99478195,39,[33.266696887038,-112.0827836,33.6710331,-111.9067803],[28,29,17,11,26,119,99,117,7,9,108,24,126,162,127,161,65,185,74,38,6,145,186,57,39,46,40,48,63,27,251]
YN3ZLOdg8kpnfbVcIhuEZA,33.47967635,-111.98455355,31,[33.3350308,-112.0916761,33.6243219,-111.877431],[49,50,52,48,11,71,72,7,148,57,38,39,145,108,40,99,88,128,101,251,12,114,13,6,22,309,119,285,126,97,168,298,10,63,24,8]
4FBdcfofBpGrMIdw4QmAbA,33.4219513,-111.941266,2,[33.4219513,-111.941266,33.4219513,-111.941266],[24,11]
-chcwmW8Uq9YEtl6h7ub6w,33.4931793,-111.9320931,11,[33.4931793,-111.9320931,33.4931793,-111.9320931],[39,26,127,11]
7Fn2A_c7DwflDk_k1XOKYA,33.0359595,-111.387416,1,[33.0359595,-111.387416,33.0359595,-111.387416],[62,26,17,11]
TrG08JZdZD1WjC1QLfId8Q,33.4729309303481,-111.9787319430695,6,[33.4508268606962,-112.047259,33.495035,-111.910204886139],[33,117,11,71,72]
rVzgNROv-SagMyF5aEcWSg,33.58348,-111.883526,2,[33.58348,-111.883526,33.58348,-111.883526],[43,11]
aqzDiZ9SDKLi6J6mmEF82g,33.6378665,-112.263915,200,[33.637654,-112.291474,33.638079,-112.236356],[8,6,116,45,7,113,119,11]
bVydTnslvqLYyzfzUlwJAQ,33.434736,-111.924312,93,[33.434736,-111.924312,33.434736,-111.924312],[28,17,29]
4ar22MJ4ccVWcwAUe1exJA,33.3633191,-111.92914295,12,[33.304705,-111.982147,33.4219332,-111.8761389],[15,6,191,224,11,212,43,98,7,12,61,13,114,27,38,39,142,89]
vhxFLqRok6r-D_aQz0s-JQ,33.5163224,-112.01699740000001,200,[33.3058378,-112.180888,33.726807,-111.8531068],[88,7,38,47,39,63,27,24,11,161,65,109,48,309,285,206,168,181,229,57,145,338,382,313,98,119,177,140,128,99,33,26,251,440,40,126,142,43,89,265,296,298,8,108,185,212,97,292,221,224,49,146,210,17,18,218,219,6,77,112,191,35,15,111,113,117,214,373,352,28,29,101,14,201,10,192,44,158,137,139,232,84,339,127,449,182,470,205,133,80,59,41,36,162,138,62,260]
_DlN4skyQblMVJgtbKke5A,33.58212975,-112.14963255,23,[33.5818515,-112.180888,33.582408,-112.1183771],[44,285,296,11,26]
4hDoOAFZR0bcedliCsDnhw,33.470828999999995,-111.97535285000001,200,[33.439648,-112.026154,33.50201,-111.9245517],[210,11,265,99,48,109,38,39,440,309,119,285]
JdXzzWTmwq5gJRtO6B5hjw,33.378890553793,-111.839749275485,30,[33.220784807586,-112.0962274,33.5369963,-111.58327115097],[109,38,48,39,11,26,190,28,140,251,175,129,121,79,126,97,168,181,229,33,119,99]
btv7I8PxSgF4GQFIDq4rYA,33.5675047,-112.1708949,1,[33.5675047,-112.1708949,33.5675047,-112.1708949],[97,11]
iLyO6q9D1rq63-bNOUsy5A,33.584496270644905,-111.8624766201855,5,[33.4820176412898,-112.040519,33.6869749,-111.684434240371],[27,11,429,32]
gDSro_KqBlk53hC6Svxdug,33.434334,-111.895477,9,[33.322668,-111.96828,33.546,-111.822674],[54,242,195,65,265,11]
bB_rTyDD-ObbjstwxsVfPA,33.6455682097528,-111.917118430138,60,[33.6455682097528,-111.917118430138,33.6455682097528,-111.917118430138],[28,158,17,29]
t58qGXYZp9nMVFyaZKqvFw,33.378957,-111.875732,2,[33.378957,-111.875732,33.378957,-111.875732],[98,7,99,11]
Bojhq_pv9pMnGXRAdRLqqQ,33.408505,-111.97903,21,[33.408505,-111.97903,33.408505,-111.97903],[28,17,29]
lzHNLEvRNFN-RQFmczYNBw,33.49542825,-111.9892124,15,[33.36363,-112.0827836,33.6272265,-111.8956412],[48,11,7,194,108,49,66,333,38,39,40,168,150,17,27,182,140,119,47]
uHQ2ZRacs1Zhi_38MQz2BQ,33.467797000000004,-111.9894214,4,[33.425938,-112.07454,33.509656,-111.9043028],[12,114,13,6,251,11,285,185,7,36]
YEL2CiImznL2XFXD_Yzy0g,33.5019402,-111.89382800000001,3,[33.425303,-111.907193,33.5785774,-111.880463],[71,72,106,54,280]
qQWOIYSk4tgX8tD6Du5JmQ,33.547495,-111.92358,2,[33.547495,-111.92358,33.547495,-111.92358],[28,17,29]
SoePzsJ7Yxl2FKDEiC3ulw,33.597939,-112.2288814,15,[33.534203,-112.2707018,33.661675,-112.187061],[182,99,11,27,382,265,126,24,6,21]
MHiYHwMS53gRequK7fqDRA,33.5092756,-112.0718179,1,[33.5092756,-112.0718179,33.5092756,-112.0718179],[48,11]
o7I37oBCV_lOyQl7wj6DUQ,33.626933,-112.100731,10,[33.626933,-112.100731,33.626933,-112.100731],[212,26,11]
OzrWArrNWbCZfPjBxIiikA,33.364266900000004,-111.89320085,4,[33.3210842,-111.9445728,33.4074496,-111.8418289],[285,11,7,162,108,99,48,296]
cCkk6hakEB4DrZNI9fmdZA,33.370956,-111.93014170000001,3,[33.334824,-111.9487344,33.407088,-111.911549],[38,99,128,39,296,11,126,97]
KYeLSM3MQpirmHukVV5Iow,33.557955449999994,-111.89810184999999,200,[33.2988934,-112.4319537,33.8170175,-111.36425],[49,33,178,11,66,7,47,48,27,10,24,307,212,43,26,219,218,41,142,99,446,210,285,185,181,126,97,158,28,168,144,265,119,63,17,18,14,15,6,483,39,38,128,88,298,57,145,108,140,192,323,117,373,400,361,8,116,36,113,169,74,246,404,451,89]
BVo9ohtqXlbRDRZlvXAACQ,33.612363,-112.184263,4,[33.612363,-112.184263,33.612363,-112.184263],[43,11]
D4wXAuRN4KzniEYbhbJZJw,33.4175865,-112.0409348,4,[33.377234,-112.0520855,33.457939,-112.0297841],[27,11,185,26]
txzFqqJchhQMMzPk30DN0A,33.36964135,-111.8920657,5,[33.306499,-111.9062854,33.4327837,-111.877846],[168,11,224]
-uPDXzRPWVbSk1eyXup75Q,33.5937119,-112.099237,4,[33.5937119,-112.099237,33.5937119,-112.099237],[38,128,39]
EsH5xs6wMUQ11oleoPmKfQ,33.4906427,-112.02550199999999,86,[33.4590669,-112.0915007,33.5222185,-111.9595033],[101,88,38,39,40]
lwD43kORKSAir3FK1WuVgA,33.488449,-112.076694,9,[33.488449,-112.076694,33.488449,-112.076694],[28,17,29]
zCELrQwwIc7d_7vE9Bgtrg,33.5871809,-111.92130689999999,2,[33.5645629,-111.9271921,33.6097989,-111.9154217],[88,38,99,39,11,63]
KtmnxDb0TtBM3Q3AogQmbw,33.2747765,-111.90344229174599,25,[32.881807,-112.125614583492,33.667746,-111.68127],[33,44,11,129,121,79,7,9,98,108,27,26,10,6,87,200,202,72]
4OeCoucV8D3Q9tESuVxgow,33.3124941,-111.8752656,1,[33.3124941,-111.8752656,33.3124941,-111.8752656],[106,54,497]
5mvaOdV7nyKCP2Xct7yDTw,33.42503275,-111.96008405,12,[33.3790441,-112.0775732,33.4710214,-111.8425949],[26,11,182,48,140,38,7,47,88,39,9,10,27,24,57,145]
8RzsGBVrqLWLCE8sOSYQkw,33.5428887671265,-112.039015373515,30,[33.407162534253,-112.168382,33.678615,-111.90964874703],[44,127,11,26,39,38,126,97,99,57,91,128,7,194,10,24,63,27,185,88,47,33,117,119,168,298,48,373,182,41,307]
Y2MDVAFhlB1u1WqhgB8m1w,33.30582,-111.977144,32,[33.30582,-111.977144,33.30582,-111.977144],[26,11]
UMq89piQvpAVFVfiGc6ndA,33.54345715,-111.9824134,10,[33.4596905,-112.0691813,33.6272238,-111.8956455],[177,140,11,33,224,126,97,43,7,98,8,10]
SZe7AnvDPGi7_rCv_OxJTQ,33.3073229,-111.973476,11,[33.3073229,-111.973476,33.3073229,-111.973476],[28,17,29]
SFUnzyYwaAMZP1cjq1nxxg,33.424522,-111.940409,1,[33.424522,-111.940409,33.424522,-111.940409],[88,38,39,40]
vE3yvKUayE1WxQPuRB4eEw,33.4673423,-112.2209537,1,[33.4673423,-112.2209537,33.4673423,-112.2209537],[99,265,11]
k_sY1_dt3qYtiKj6SOYTuw,33.4942939,-111.925316,47,[33.4942939,-111.925316,33.4942939,-111.925316],[26,11]
lHdSbPQMEzZuwgX0QNoN_Q,33.444801984944,-112.07211772211,2,[33.444801984944,-112.07211772211,33.444801984944,-112.07211772211],[38,99,39,128,185,11]
2oojgnHaMh92E72u-4e2hw,33.533525,-111.965872,15,[33.533525,-111.965872,33.533525,-111.965872],[265,11]
DblIKwFdkkTNAeft7J4Taw,33.497455750053746,-111.95726680000001,8,[33.4925020001075,-111.9955012,33.5024095,-111.9190324],[71,72,27,11,109,38,48,39,119,99]
nd-2r5ZOXHrshNQPCA38cg,33.5242704,-112.0474619,1,[33.5242704,-112.0474619,33.5242704,-112.0474619],[48,11]
76rbZBcgBt92PI6a2-9iGw,33.474605,-112.065107,1,[33.474605,-112.065107,33.474605,-112.065107],[48,11]
qQBPEkrMCoQ4wSsofxBvDg,33.5012813,-111.98254825000001,17,[33.449186,-112.0734644,33.5533766,-111.8916321],[265,185,11,7,142,57,470,145,39,322,327]
WN6eeM1A-Or1pi8m0dbWOQ,33.5108208,-111.9862703,1,[33.5108208,-111.9862703,33.5108208,-111.9862703],[119,11]
4-ZmFUfCA-UZ1BImsqb0uw,33.3090064,-111.8411708,2,[33.3090064,-111.8411708,33.3090064,-111.8411708],[26,11]
DU0F18NBXFZ-hsPOmGhzQA,33.3735409582423,-111.8681815853575,21,[33.3194479164846,-111.983342170715,33.427634,-111.753021],[63,27,11,119,26,202,72,281,269,229,99,7,189,10,24,36,48,162,43,373,182,41,251,33,298]
LHukWNV03ShabMuJbaRrSw,33.4522676,-111.9261275,200,[33.4522676,-111.9261275,33.4522676,-111.9261275],[28,17,29]
BOiz48E1kor-jVpwM68kIQ,33.3265399,-111.8672193,12,[33.238358,-111.8744995,33.4147218,-111.8599391],[49,50,406,52,65,133]
BWo7K_QGZCO2PG1osiwRuQ,33.54256735,-112.15514166650999,114,[33.444799,-112.42430633302,33.6403357,-111.885977],[27,11,84,124,33,117,99,63,7,148,6,45,44,157,103,9,64,65,24,162,119,30,13,147,133,38,39,128,54,324,8,364,35,98,1,301,32,302,212,120,48,28,17,18,29,201,93,3,94,95,57,327,72,207,77,43,236]
OnZrlfga9Hh4ivdgJpkYzw,32.88163,-111.682312,115,[32.88163,-111.682312,32.88163,-111.682312],[65,133]
qwj-3WdDiWf8UzjfZVbJcQ,33.551213950000005,-112.013011,2,[33.5016589,-112.04725,33.600769,-111.978772],[26,11,119,120]
c4hrMkMwuXL1yLGHreXh8Q,33.5127767,-111.96745565,7,[33.45107,-112.0719926,33.5744834,-111.8629187],[126,97,11,48,38,39,205,8,26,7,138,139,181,40,63,27]
oXkbuOiN9HDS3WgOQONfRg,33.5358487,-112.01225445,88,[33.4315119,-112.1248329,33.6401855,-111.899676],[6,250,202,72,210,11,63,182,48,140,27,177,24,26,7,108,88,38,47,39,292,65,133,313,43,33,112,142,137,139,225,308,54,242,238,99,119,44,185,232,64,204,28,17,29,10,117,168,181,229,183,224]
kH7F7Fz7n2bvApMb9BJwhg,33.6384876,-112.1897722,4,[33.6384876,-112.1897722,33.6384876,-112.1897722],[7,138,139,97,11]
TI5k5Pvc7eWuInFB8X92lg,33.5025941,-111.9296765,1,[33.5025941,-111.9296765,33.5025941,-111.9296765],[182,99,11]
ZjnxU-phRuKhJN7HBIqskg,33.4932177,-111.92571,1,[33.4932177,-111.92571,33.4932177,-111.92571],[33,26,11]
TVxj4pYs26jZqgCju8ugiw,33.5754755,-112.0651592,1,[33.5754755,-112.0651592,33.5754755,-112.0651592],[119,11]
r_Yk425RLFBqr5R1iTx58A,33.4736375,-111.9514882,11,[33.3197625,-112.0273984,33.6275125,-111.875578],[126,97,11,7,292,108,27,224,142,229,265,57,56,39,439,98,24,251,119,99]
1RzIO45cnhjXSskxltcYdw,33.2475,-111.87918,1,[33.2475,-111.87918,33.2475,-111.87918],[48,11]
QeYYntdEzGb0vd1YOR6Jxw,33.5672627,-111.9259052,4,[33.5672627,-111.9259052,33.5672627,-111.9259052],[109,38,48,39,11]
t7QsyW5vnFlWdvB4JYF3vg,33.348109,-111.912238,1,[33.348109,-111.912238,33.348109,-111.912238],[84,336]
MpUi0ojnB-_pctI6NwlBwQ,33.68439,-112.103672,3,[33.68439,-112.103672,33.68439,-112.103672],[7,162,108,201,11]
8XAlHvNzvoU6Z41Z9iAASg,33.4975144,-111.97047945,7,[33.413158,-112.0651799,33.5818708,-111.875779],[7,138,8,139,43,11,49,52,140,33,117]
b8qwvUj_JLXyr512PcwRwQ,33.498112000000006,-111.92703284999999,128,[33.4942423,-111.9276185,33.5019817,-111.9264472],[38,48,39,11,119]
BlErEL1OLA4i1ZIWMxJpsg,33.304416,-111.842609,1,[33.304416,-111.842609,33.304416,-111.842609],[28,17,18,29]
-Hpsh7VmZJgpPGYBzaA_lg,33.403689,-111.981986,41,[33.403689,-111.981986,33.403689,-111.981986],[7,292]
yZNV1GbOFlXYsa7-me_27w,33.6721220785127,-111.905096769333,6,[33.6721220785127,-111.905096769333,33.6721220785127,-111.905096769333],[48,11]
StWYbVq9ZVmMllBAWtTrQA,33.490485050000004,-111.92528035,146,[33.4860023,-111.9264164,33.4949678,-111.9241443],[33,119,11,63]
GCtZBuw9sA1gGWFG8nM8jw,33.56308735,-111.9257524,58,[33.4862787,-111.9885861,33.639896,-111.8629187],[126,229,43,11,48,38,109,39,27,63,97,7,108,340,210]
3G34yhhtqed2ASeGfiqS1A,33.5097768,-111.9957399,1,[33.5097768,-111.9957399,33.5097768,-111.9957399],[38,48,39,11]
y7sSmvVPb4l5ji9xXUhxnQ,33.578266150000005,-112.1161434,88,[33.568585,-112.1164668,33.5879473,-112.11582],[28,17,29,168,169,11,119]
-85AJ9sZZ8abI2pzuFQC7g,33.5997262,-111.9872563,2,[33.5997262,-111.9872563,33.5997262,-111.9872563],[126,11]
IxEnQC_hYDdCEeMZoNGgdw,33.496078,-112.0247865,4,[33.495981,-112.029012,33.496175,-112.020561],[104,132,105,65,133]
A-YheCAEJ9n4KsoABf82Og,33.44394134008665,-111.99281430464151,13,[33.4330350801733,-112.0800705,33.4548476,-111.905558109283],[63,27,24,11,308,54,238,99]
ga6O9TL4XDiSuZdye3kkqA,33.639951900923,-112.019165147988,2,[33.639951900923,-112.019165147988,33.639951900923,-112.019165147988],[97,11]
lhvFynuv5pyc4XdFNebqGg,33.5172794,-112.0349865,13,[33.474605,-112.073681,33.5599538,-111.996292],[26,11,7,108,98,119,24,109,38,39,63,292,33,134,135,15,6,191,36,8,313,48]
WZ_bxRwYD2ahwSdlQnp25g,33.500545,-111.9264093,5,[33.500545,-111.9264093,33.500545,-111.9264093],[33,38,48,39,11]
iK92_Kh2P70O7W7MYrCiYQ,33.29937545,-111.9079354,19,[33.261657,-111.9747,33.3370939,-111.8411708],[26,11,119,43,63,64,161,65,133,224,251,41]
YGT3wAw5IxYLApcVpHWG_A,33.305675,-111.897004,3,[33.305675,-111.897004,33.305675,-111.897004],[11,63]
d59XiQMzRTfZN-k8eKF-AQ,33.626933,-112.100731,22,[33.626933,-112.100731,33.626933,-112.100731],[212,26,11]
RaLJ-vfSzHf_-xP_Ji2vAg,33.61032888674525,-112.08273419920201,8,[33.5095354,-112.2707018,33.7111223734905,-111.894766598404],[27,11,57,69,48,33,38,39,7,142,120,26,47]
FQHilR8gMj7do04eiV-x2w,33.5174332,-112.0692301,2,[33.4710214,-112.073533,33.563845,-112.0649272],[26,11,7,36,99]
NqNDFASKhIkw6IY3LSg-og,33.646459,-111.88980839999999,4,[33.477178,-111.9954568,33.81574,-111.78416],[49,66,6,52,119,48,24,11]
SaC2fZjZZfWV-8wYb6o6fw,33.563378650000004,-111.99740435000001,14,[33.4549678,-112.088808,33.6717895,-111.9060007],[7,108,126,11,27,49,80,82,59,63,24,224,119,38,128,39,98,10,48]
os3IegSMXcX8SXoEyKrLVw,33.508282,-112.048136,3,[33.508282,-112.048136,33.508282,-112.048136],[41,11]
mpdx7lw8kYeZHFhnW74kLw,33.5170477671265,-112.084858373515,12,[33.407162534253,-112.260068,33.626933,-111.90964874703],[212,26,11,7,8,99,27,296,117]
p2xxpzdwVaaFLVSAzkHZCQ,33.6193333,-111.90917784999999,5,[33.6119344,-111.9271523,33.6267322,-111.8912034],[27,11,63,117,24,43,26]
wEyEgnXH2DsmD_d33ZYiIg,33.3786739,-111.757599,3,[33.3786739,-111.757599,33.3786739,-111.757599],[98,7,24,11]
CYkcGuTeeUZ2S5Z8J5Wwcg,33.3468019,-111.970434,15,[33.3468019,-111.970434,33.3468019,-111.970434],[71,72,297]
6QMm_Xo75V2YZQ8B1G0L-Q,33.531112,-111.98232970000001,4,[33.4804356,-112.0409994,33.5817884,-111.92366],[13,6,115,372,84,345,346,64,123,65]
Cw8Ext4Q3B1IHZqM8Y5mQg,33.5102068,-112.0272041,200,[33.5102068,-112.0272041,33.5102068,-112.0272041],[48,11]
jdeNI5TTTuM6mj3HTgstRA,33.51241675,-112.06038050000001,200,[33.384734,-112.287647,33.6400995,-111.833114],[7,27,48,47,11,41,38,39,293,57,145,101,265,126,169,128,33,69,168,181,229,26,285,185,306,98,108,465,127,92,15,6,212,63,97,36,162,119,313,43,88,298,28,17,29,186,99,296,18,62,194,24,46,40,311,333,44,173,112,400,142,60,149,16,205,83,139,225,250,104,204,65]
dZMBuE1_-HMTBV2TG9RtLQ,33.5285509,-111.9258733,1,[33.5285509,-111.9258733,33.5285509,-111.9258733],[251,224,212,43,11]
k_gs__8ofbJUEWCzX6OxVQ,33.449233,-112.065458,137,[33.449233,-112.065458,33.449233,-112.065458],[27,11]
UeVMJNbo3TE9mqKAT5z2Fg,33.4946259,-111.989339,1,[33.4946259,-111.989339,33.4946259,-111.989339],[27,140,11]
8K-MwDsF42xin_zPbKcZFg,33.4075489,-111.98450325,21,[33.3055803,-112.0686108,33.5095175,-111.9003957],[273,48,39,11,88,38,89,33,119,99,128,212,43,7,46,6,108,8,244,26,182]
qTJw91zBn696dxp8RpiZfA,33.55204555,-111.82729745,11,[33.479967,-111.9403254,33.6241241,-111.7142695],[11,63,38,48,39,26,127,126,97,44,24,119,43,72,154,168,265]
6TTL3a3yvB-5Kmkz0IshYA,33.4102380546901,-111.90858027154249,13,[33.3068367093802,-112.0734885,33.5136394,-111.743672043085],[48,11,109,38,39,63,24,7,142,108,292]
9CdHS7WbTEdQ3VlqrSTSQw,33.6035109,-111.90453500000001,5,[33.58348,-111.925544,33.6235418,-111.883526],[43,11,64,65]
ykPJCQIirZ8-qCrtm4XQfQ,33.28671665,-111.91076484999999,28,[33.272043,-111.9802308,33.3013903,-111.8412989],[49,265,146,11,62,26,17]
HslReRAnURM1qrOTT0kZ5w,33.4655611,-111.99520485,33,[33.3478272,-112.0915007,33.583295,-111.898909],[101,88,38,39,40,57,145,48,11,12,61,13,6,114,224,182,63,7,108,27,24,298,46,140,155,432,237,54,106]
mYhWH6RExfM_EpMR_uUozQ,33.31081,-111.772012,28,[33.31081,-111.772012,33.31081,-111.772012],[7,11,63]
JO0PLJce7HdSWtESpfbGXw,33.5808348,-111.9268582,2,[33.5808348,-111.9268582,33.5808348,-111.9268582],[33,48,307,11]
b9txcGNaBytyTPav072mGw,33.4876443,-111.9270311,4,[33.4876443,-111.9270311,33.4876443,-111.9270311],[195,65]
u4MBQ564uRZz2RAlA4zjNA,33.2965461,-111.8755538,1,[33.2965461,-111.8755538,33.2965461,-111.8755538],[106,54,107]
t5qFxYP2t6ltRbvhqJsZAQ,33.50325075000001,-111.99477105,25,[33.334712,-112.1156244,33.6717895,-111.8739177],[99,11,33,48,307,185,7,9,119,27,57,69,63,139,113,6,423,32,203,126,97,10,24,98,108,244,309,285,8,137,49,43]
472gmqFbcAm6W_SXVLL6_Q,33.498858,-112.0835024,2,[33.498858,-112.0835024,33.498858,-112.0835024],[119,11]
WK_oLD4AuSLAkcRUnW8MjQ,33.4802112,-111.9602065,23,[33.4802112,-111.9602065,33.4802112,-111.9602065],[119,99,11]
YF4Z7OSh6ix_zX4Jh6vfug,33.4152304,-111.8234333,2,[33.4152304,-111.8234333,33.4152304,-111.8234333],[72]
ggP-r4XsNSR17IyqdAUGQg,33.63531,-111.925203,9,[33.63531,-111.925203,33.63531,-111.925203],[13,6,115]
cBDAIpUYhVZeGJGDHW98BQ,33.424650150000005,-111.900701,2,[33.319395,-111.926437,33.5299053,-111.874965],[26,11,265,483]
wqaONNZDpsLuP7ux-IVL0g,33.5386441,-112.0986063,1,[33.5386441,-112.0986063,33.5386441,-112.0986063],[26,11]
2TT_rEpaNubYiIllPXmTcw,33.450969400000005,-112.00869359999999,3,[33.392563,-112.0742672,33.5093758,-111.94312],[7,108,71,72]
4A2_3P5wlryNYfSfB59G7w,33.27905805,-111.98278455,8,[33.0583283,-112.0480196,33.4997878,-111.9175495],[38,39,40,195,65]
o_LCYay4uo5N4eq3U5pbrQ,33.46991345,-112.03099714999999,200,[33.44455,-112.073577,33.4952769,-111.9884173],[182,48,140,11,57,99,39,145]
vYNkzDVNZUZWJdMtZyvcCQ,33.552114,-112.056705,4,[33.552114,-112.056705,33.552114,-112.056705],[6,45]
6r139o_roDOEuP3w8HK3kg,33.567651999999995,-112.067248,53,[33.4952045,-112.1201999,33.6400995,-112.0142961],[98,7,119,24,11,39,38,27,128]
AYQKc-vHCAKiJ0NaijAOkA,33.4827049,-112.0771706,200,[33.4485585,-112.0824552,33.5168513,-112.071886],[26,11,28,17,29,24,18]
4rfg8MfV1SnEwn7xnlSuUA,33.4471735,-112.073781,25,[33.4471735,-112.073781,33.4471735,-112.073781],[48,11]
gi6RPd26aAbYzKwTIIbVWg,33.36463241637155,-111.9115975,5,[33.305824,-111.991311,33.4234408327431,-111.831884],[71,72,109,38,27,39,11,7,108,338]
O34JOMKDtXk0Qbk_yCWHTQ,33.534260542472,-111.953804861055,7,[33.444801984944,-112.07211772211,33.6237191,-111.835492],[11,63,119,39,48,38,126,43,99,128,185]
NmXOEr-_zlHGM0noE2Wrkg,33.4951262828515,-112.02989697087,8,[33.477933965703,-112.07352364174,33.5123186,-111.9862703],[119,11,99,48,182,172,43,212,63,97,224]
aZLw7np_luaR9TjQwqNijA,33.53697905,-112.2503489,9,[33.4783391,-112.5161858,33.595619,-111.984512],[177,11,99,26,49,246,178,17,38,33,39,128,71,72]
RwGmPVr6sraUI-hclGbr_Q,33.3057949,-111.9677833,3,[33.3057949,-111.9677833,33.3057949,-111.9677833],[99,185,11]
8vomuZ00U9trJU8SvBUZTw,33.44051705,-111.90304625,200,[33.37844,-111.9296765,33.5025941,-111.876416],[43,11,99,126,251,46,6,39,205,265,48,7,292]
zuoeE7GdXXlCgr995ImWfQ,33.436983,-111.93815749999999,8,[33.331773,-112.073196,33.542193,-111.803119],[265,126,97,11,38,140,39,40,48,212,168,99]
6Bv9yE1q3dIkBdw72ZQr8w,33.6384459,-112.3114297,12,[33.6384459,-112.3114297,33.6384459,-112.3114297],[98,7]
VzXaALN7hiG8arsmwCtRHw,33.42858115,-112.1713866,11,[33.4194512,-112.4268472,33.4377111,-111.915926],[126,11,38,7,47,88,39,48]
_zDy7VyK8w7R_Je_xFVGnw,33.422728,-111.951494,1,[33.422728,-111.951494,33.422728,-111.951494],[88,38,39,89,11]
-y7VXJa-koliuE5mQ8RulQ,33.5242874,-112.0474855,29,[33.5242874,-112.0474855,33.5242874,-112.0474855],[99,127,11]
I-jIVoo9uOirP2J_-JPVRA,33.3740437,-111.9194609,2,[33.3740437,-111.9194609,33.3740437,-111.9194609],[57,56]
UES7V4n89xaywZWy7Tqy0w,33.421617342644,-111.9466751753,16,[33.421617342644,-111.9466751753,33.421617342644,-111.9466751753],[63,27,11]
TyHirikEeZ9dCTRZ6dXFoQ,33.432283,-111.9023395,1,[33.432283,-111.9023395,33.432283,-111.9023395],[6,32,302,110,1,141]
i8ukI6ji4AM0ra_LUU7iEA,33.5102068,-112.0272041,3,[33.5102068,-112.0272041,33.5102068,-112.0272041],[26,11]
LU2wV4kR8IpMAZH72B6cvQ,33.3783016,-111.906522,5,[33.3783016,-111.906522,33.3783016,-111.906522],[43,11]
oyneOjsOr_87Wbt6j608Ow,33.5094274,-111.9984193,47,[33.4673017,-112.0734116,33.5515531,-111.923427],[26,11,322,57,168,265]
x-VheAiykw0paUqUV0u2Ow,33.49502510000001,-112.01784585,6,[33.4564268,-112.0704276,33.5336234,-111.9652641],[38,39,11,26,126,97]
G3wkC8zBXWghKkVfIruXlw,33.5832252,-111.682686,2,[33.5832252,-111.682686,33.5832252,-111.682686],[49,178]
8TsfNEK5Warn3BQl_dqg6w,33.494446,-111.900732,1,[33.494446,-111.900732,33.494446,-111.900732],[28,190]
kAHUx9Z-vwaahW5cpoUg0w,33.461073,-111.96733280000001,200,[33.383386,-112.092979,33.53876,-111.8416866],[49,66,52,28,170,445,10,11,27,7,98,9,30,8,13,6,110,63,43,17,18,29,142,292,271,177,140,38,26,128,39,126,130,32]
Uuy-y2PRxWmfczCAcy44ug,33.5777737,-112.0545587,1,[33.5777737,-112.0545587,33.5777737,-112.0545587],[71,72]
2ezSD0XYZLcDHudTVJyQ2w,33.414358,-111.901862,5,[33.414358,-111.901862,33.414358,-111.901862],[96,72]
ngqEHNd1cJZVBl0nhR0Khg,32.91536775,-111.76548633074799,40,[32.8773814,-111.848019361496,32.9533541,-111.6829533],[11,27,307,63,41,119,24,37,32,7,142,49,28,178,17,29,26]
8X8IpL3AnYvHxZ0Tw4nnGA,33.261872100000005,-111.8417585,9,[33.2467072,-111.857235,33.277037,-111.826282],[71,72,97,11,126]
M4qUhE-dj2ykZrNNf8CwpQ,33.566247,-111.9257768,16,[33.566247,-111.9257768,33.566247,-111.9257768],[48,11]
6XwstJrEE9tp3W1dtpCT_w,33.62595651933885,-112.054223548422,14,[33.5409028386777,-112.2387233,33.7110102,-111.869723796844],[10,24,11,63,117,7,119,41,33,54,242,238,26,27]
si9KaaHw3CS08mpTQfI0kA,33.5525532823239,-112.040360521017,4,[33.5100097,-112.065436542034,33.5950968646478,-112.0152845],[28,17,29,48,11]
JZAhu8YpzgaCtWi_pW7P1Q,33.4984182,-111.92806185,138,[33.4942423,-111.9296765,33.5025941,-111.9264472],[265,48,11,24]
p9SU12o6HCYLHnKF40x3Hw,33.5894645,-111.835573,1,[33.5894645,-111.835573,33.5894645,-111.835573],[84,124]
oV_KwsciGrw09NLuh56xlw,33.4428445,-111.99856224999999,13,[33.377234,-112.0712298,33.508455,-111.9258947],[28,17,29,271,119,120,11,7,292,57,69,38,40,39,27,148]
dny_S2iY4Wp2SisZzbZ7RQ,33.384645493519,-111.8719472,200,[33.266696887038,-112.074714,33.5025941,-111.6691804],[177,140,11,7,162,28,442,241,33,46,6,29,17,142,26,170]
Ty3cNT0dEo74yCYqvNBJPQ,33.530188048526554,-112.100178608948,22,[33.4217707970531,-112.275337,33.6386053,-111.925020217896],[192,11,73,72,7,108,30,8,13,6,4,96,71]
lgNGOlBYaxoWIAPeydQ8cA,33.62416255759275,-112.0948534387695,200,[33.5818708,-112.124526977539,33.6664543151855,-112.0651799],[57,69,49,52,97,43,11]
Kx4Xv-eJaUKSj7VVqVAH5Q,33.4574991,-112.01106955,50,[33.414345,-112.1091081,33.5006532,-111.913031],[140,192,323,11,26,41,27,63,24,7,108]
j2BSy9awb5ZXuMl31QvgYg,33.3571888,-111.8475947,4,[33.2903691,-111.9401874,33.4240085,-111.755002],[7,189,10,24,11,25,6,49,193,80,59]
tXYdlsm_LN1I2bPKU_kF5w,33.9693921,-112.7291837,2,[33.9693921,-112.7291837,33.9693921,-112.7291837],[201,11]
yJc5HezvZ7FVFCwGF_2YYw,33.48688260701305,-111.8279041058185,9,[33.319412,-112.083579911637,33.6543532140261,-111.5722283],[224,182,11,26,177,140,43,212]
UWGifx1AmsaNx527Lt9VKw,33.5383534,-112.1658193,4,[33.5383534,-112.1658193,33.5383534,-112.1658193],[119,11]
OfgA8x5IpTdFojWvQ4vXjA,33.328634449999996,-112.0021871,6,[33.2664769,-112.012504,33.390792,-111.9918702],[109,38,48,39,11]
qqQtvxts5TAkZScaX8UKXw,33.5650982,-112.0737503,2,[33.5650982,-112.0737503,33.5650982,-112.0737503],[109,38,210,39,11]
S3uYEGCSNlSZgl3ib-kufg,33.5383534,-112.1658193,3,[33.5383534,-112.1658193,33.5383534,-112.1658193],[119,11]
SYrENbXdBqMVeHURgb6wRA,33.65303445,-111.93328491506901,32,[33.4733899,-111.9494514,33.832679,-111.917118430138],[65,54,369,105,220,71,72,96,126,11,161,195,64,4,5,6]
d09KNIq4YPYq1u5nVyqIUg,33.418418,-111.84057,8,[33.418418,-111.84057,33.418418,-111.84057],[38,26,39,11]
sJ4Crq5mRZFzuJxNsTIxHQ,33.4492414,-112.072854,8,[33.4492414,-112.072854,33.4492414,-112.072854],[38,39,40]
JObj0AtxMfkzXc04-s2e8w,33.306097,-111.888162,60,[33.306097,-111.888162,33.306097,-111.888162],[4,6]
CoEwCza18n2LmznJm6ntlw,33.5242874,-112.0474855,1,[33.5242874,-112.0474855,33.5242874,-112.0474855],[99,127,11]
KOy1itGnHzu1d3m8TGquPw,33.583789,-111.927187,1,[33.583789,-111.927187,33.583789,-111.927187],[161,65,133]
nmLbCIsSToaOWKGF119dqA,33.383713650000004,-111.97939645,15,[33.2612195,-112.0739142,33.5062078,-111.8848787],[168,181,229,11,109,38,27,39,26,265,48]
8xXoJCEIA3kCSgC3VE9snA,33.55179595,-111.97786532751101,9,[33.4994194,-112.0670453,33.6041725,-111.888685355022],[26,11,78,79,104,105,65,6,110,126,97]
bX0LRB1bGHGkOcKvkKozzg,33.43475,-112.00644,1,[33.43475,-112.00644,33.43475,-112.00644],[28,170]
wJi4LMRGetLFIJZkpk15Zw,33.5071368,-112.144404,21,[33.4473356,-112.261226,33.566938,-112.027582],[4,5,6,49,80,59,33,11,185,109,38,39,63,88,89,265,126,97,99,181,48,32,203,24,128,296,54,55,266,122,256,168,229,7,137,8,139,36,57,69,298,26]
Sl6D3aJUHJItQORUxyVU9w,33.3059862,-111.88665,2,[33.3059862,-111.88665,33.3059862,-111.88665],[7,108]
NSoIuoAvzixL8g12YRR1Wg,33.5879473,-112.1164668,1,[33.5879473,-112.1164668,33.5879473,-112.1164668],[168,169,11]
YLbPETSOtVY9PFuVu_wsKw,33.557548,-112.1517825,4,[33.449233,-112.238107,33.665863,-112.065458],[7,9,119,11,38,128,39,27]
8eNAX2Zi12pSdKbQg0IEEQ,33.42883005,-111.8965394,200,[33.306107,-111.9320931,33.5515531,-111.8609857],[39,26,127,11,239,168,265]
pR6kbWnxhJXQ-pGPcWM-SQ,33.4194512,-111.915926,10,[33.4194512,-111.915926,33.4194512,-111.915926],[38,7,47,88,39,48,11]
aVQbGeZVdm2kQbXcd14fqA,33.372764000000004,-111.94981525,19,[33.2475,-112.079081,33.498028,-111.8205495],[48,11,109,38,39,104,64,179,65,26,28,17,29,99,40,168,63,352]
q9XgOylNsSbqZqF_SO3-OQ,33.5673398,-112.096001045485,200,[33.3024823,-112.34971999097,33.8321973,-111.8422821],[17,18,26,11,177,140,7,8,96,72,99,48,189,10,24,33,421,65,109,38,27,39,138,139,192,323,126,97,373,137,49,193,59,50,52,127,98,292,208,6,35,88,40,279,54,36,44,285,333,77,70,265,219,218,41,74,212,12,13,22,187,63,168,181,229,251,119,287,115,30,110,80,82,142,128,206,4,160,182,185,108,104,55,122,307,43,46,84,147,205,202,106,226,274,216,57,145,162,14,15,191,247,210,440,260,133,423,28,29,47,401,309,45,298,186,76,339,340,281,101,172,271,167,21,358,244,351,32,288,393,213,224,143,9,315,201,69,442,241,89,180,20,23]
s5s22KVxhiaiJ6qrBQ58hw,33.4985705,-112.0571324,6,[33.487386,-112.08407,33.509755,-112.0301948],[185,11,177,7,108]
79JRFeAOSDexEJDjAmaR_A,33.415636,-111.7271456,2,[33.415636,-111.7271456,33.415636,-111.7271456],[54,55,122]
cBDdFfq1upVn-Vhyz1IS7A,33.448588,-111.684508,1,[33.448588,-111.684508,33.448588,-111.684508],[28,241,394]
-6JRuWL1VIVsDtLztmFwjA,33.632969200000005,-112.06138960000001,4,[33.6281017,-112.2315561,33.6378367,-111.8912231],[24,11]
9PEcOBO-doJczRrKlnAVMA,33.418489699999995,-111.91044414999999,4,[33.4150462,-111.9475238,33.4219332,-111.8733645],[13,6,65,133,12,61,114]
fY102CUYiK11hgQnsAI9Ug,33.44854675,-112.0356819,103,[33.445899,-112.071313,33.4511945,-112.0000508],[57,327,265,185,11]
6Z7A-jeoc54Y0iAIJO-tgw,33.5278493,-111.9258624,1,[33.5278493,-111.9258624,33.5278493,-111.9258624],[7,9,24,11]
pzhe1xUjM7BcbhyAtJpvrQ,33.50917145,-112.0532125,3,[33.5087649,-112.060185,33.509578,-112.04624],[11,63,27]
NdznjI89V6x3f8EJriPRTg,33.6170815,-111.89254525000001,39,[33.50201,-111.9313599,33.732153,-111.8537306],[265,11,206,28,17,29]
oKzHMzYWdMa1YJiyKfZaDg,33.302011,-111.842615,1,[33.302011,-111.842615,33.302011,-111.842615],[109,38,48,39,11]
K0jIIa94xNiYS3qUNA6azw,33.6722465,-111.8904642,1,[33.6722465,-111.8904642,33.6722465,-111.8904642],[7,162,108]
2GIh3_lNscuAekT5234DvA,33.379155,-112.170192,2,[33.379155,-112.170192,33.379155,-112.170192],[7,98,8,36]
aunbWjQqnj02YY1T-B_4ig,33.333925,-111.891194,1,[33.333925,-111.891194,33.333925,-111.891194],[106,54,107]
l7H9tVken-6drOON0mcvBg,33.47311345,-112.02710775,2,[33.4360201,-112.0272041,33.5102068,-112.0270114],[28,240,241,48,11]
Gz5EPlb8-0q7XaVqdMCWIg,33.6280829241969,-111.855089664459,1,[33.6280829241969,-111.855089664459,33.6280829241969,-111.855089664459],[64,133,65]
uvDqP3ErG4QEbp4TeZoQow,33.5599538,-112.0653058,91,[33.5599538,-112.0653058,33.5599538,-112.0653058],[26,11]
PoQOIZc2q5nud7uVz_jdjw,33.6052661,-111.9925799,200,[33.3369531,-112.151282,33.8735791,-111.8338778],[38,260,39,40,259,11,106,54,131,7,247,157,103,109,63,6,284,35,379,48,28,17,29,27,8,126,97,108,172,182,140,292,139,225,352,26,119,99,142,49,193,59,137,177,43,42,127,101,55,122,224,112,181,24,264,77,34,168,251,98,195,65,423,138,192,323,36,218,41,61,13,331,212,80,82,30,200,289,128,62,52,210,442,241,194,293,156,129,78,332,278,79,4,5,121,206,57,470,145,265,12,22,69,322,102]
cZxY3BVSjkUmKcoAVJH9tA,33.4845065,-112.04512299999999,6,[33.455863,-112.073765,33.51315,-112.016481],[177,140,11,96,72,169,212,63]
f4Fq9Z8HaYsh6EJsAaCA2g,33.40359745,-111.94103605000001,41,[33.3046962,-111.9777693,33.5024987,-111.9043028],[57,327,33,265,185,11,127,60,6,109,38,39,440,377,421,65,212,126,293,21,35,70,76,7,292,99,128,27,229,40,48,97,44,8,74,24,205]
M6hewxDtcIiap_CBrjceOA,33.539257,-112.181569,200,[33.539257,-112.181569,33.539257,-112.181569],[251,11]
KTOeGcxhlgohjRck0el0-g,33.53978695,-111.97659515000001,2,[33.5005719,-112.0741143,33.579002,-111.879076],[7,108,106,54,226]
gQ5UeLuykj0iOtgJ-qfzCQ,33.5226271,-112.00055284999999,16,[33.4354553,-112.0739136,33.6097989,-111.9271921],[11,63,309,285]
JgufYQ94cHyEo9b8StajnQ,33.54038905,-112.11517035,59,[33.2475,-112.3556173,33.8332781,-111.8747234],[106,408,54,295,48,11,126,46,6,27,84,344,23,343,280,49,28,178,17,29,147,57,39,145,26,63,20,415,59,104,161,195,65,12,114,13,115,80,82,226,155,156,60,265,158,7,108,58,56,38,99,40,98,119,24,238,206,200,4,160]
iD4jhROZcY4MsUXphSTfgw,33.4270445,-111.9913079,6,[33.362444,-112.073196,33.491645,-111.9094198],[168,11,38,298,88,39,140,40,48,99,246,7,119,139,24,17,423,15,6,191]
RCMY8Rez6A-F5UKmHDm4vQ,33.466199,-111.919834,5,[33.466199,-111.919834,33.466199,-111.919834],[7,162]
GY_jhHLMbF29keXYn_wwzA,33.316873,-112.004102,2,[33.316873,-112.004102,33.316873,-112.004102],[43,11]
-ugktMgnGXMWQZrguiwZfg,33.5003358,-111.9263671,2,[33.4995106,-111.9272212,33.501161,-111.925513],[206,11,109,38,39,440]
DZ16UuL_rPZ9FeH_7M4V7g,33.38722625,-112.002902,108,[33.272043,-112.065458,33.5024095,-111.940346],[27,11,7,8,119,377,49,265,146]
AjKqZicnKHIxhONuYmqgrg,33.513697188158,-112.07341192283,2,[33.513697188158,-112.07341192283,33.513697188158,-112.07341192283],[48,11]
L-VGjAnnjy6YRLt17JCfRg,33.5826435,-112.06280195,10,[33.4948977,-112.1191236,33.6703893,-112.0064803],[27,41,11,7,142,99,141,6]
P1XAbbDHeOFCNk4ZNlwK1A,33.48034785,-112.03469615,5,[33.4483771,-112.0740373,33.5123186,-111.995355],[32,314,119,99,11]
YDXk0IqpwzfKwVf8E_4Z8g,33.4284685,-111.8586766,39,[33.3549553,-111.9276185,33.5019817,-111.7897347],[38,48,39,11,49,387,109,63,210,181,10,24,7,142,33]
jl3reeqMGE7ooiWftpAIuA,33.5428957,-111.987987,10,[33.449233,-112.065458,33.6365584,-111.910516],[33,44,11,39,26,27,38,119,109,24]
lugfbsRVeeggCrjB_Zu-JQ,33.5108735,-112.134201,7,[33.5108735,-112.134201,33.5108735,-112.134201],[43,11]
h2qrPWFqWOExpQ-osYU6JQ,33.4675621,-111.88613995,2,[33.2614572,-111.8892551,33.673667,-111.8830248],[17,62,48,11]
7cMb8qKT78PnsVxItHxZ1g,33.50227085,-112.0375569,21,[33.4952045,-112.0608177,33.5093372,-112.0142961],[98,7,119,24,11,212,63,97]
xWNhp5YsDD9TG1zh78GaqQ,33.498028,-111.927951,1,[33.498028,-111.927951,33.498028,-111.927951],[352,48,11]
0Teo0yeF4aMYow0d6Db-4w,33.5454271,-112.09587450000001,36,[33.4194512,-112.275823,33.671403,-111.915926],[38,6,145,186,57,39,33,11,63,144,97,99,210,7,142,120,149,126,43,128,47,88,48,24,27,98,185]
uKLFOXeMEBsMvsOAhrH3dw,33.477139,-112.047298,1,[33.477139,-112.047298,33.477139,-112.047298],[7,98,108]
TU8ZJ7LRKZBoBOmGL_k6Pw,33.412407,-111.94329554999999,4,[33.3370939,-112.0834721,33.4877201,-111.803119],[33,11,251,212,126,97]
IjeNL4R11FX0fW0dMjtAPw,33.370952,-111.88171600000001,7,[33.348109,-111.912238,33.393795,-111.851194],[84,336,210,181,11,339,166,6]
n7RI9jonXHVVnMp61Jy3pg,33.4245151,-111.9431827,2,[33.4245151,-111.9431827,33.4245151,-111.9431827],[28,17,29]
OAVK84lsSa09LQ4zARSQNA,33.5231685,-112.04794335,4,[33.50741,-112.0648577,33.538927,-112.031029],[6,21,257,210,11,26]
Ozhz4ozP6lFnlIVhq7twrg,33.6247596,-111.9329381,18,[33.6247596,-111.9329381,33.6247596,-111.9329381],[28,17,29]
8mDkynIfuEScdFwEVRc0oQ,33.45,-112.07,1,[33.45,-112.07,33.45,-112.07],[48,11]
_75QFdgFVhM_gRdQljn6UQ,33.4586664,-112.0909725,1,[33.4586664,-112.0909725,33.4586664,-112.0909725],[7,292,98,139]
FGqV8j_iUCQ-Mqr_WFpA8A,33.4552907,-111.9878697,200,[33.4552907,-111.9878697,33.4552907,-111.9878697],[43,11]
R15def-wYLFRwZ_Tgou8Qg,33.5394005033294,-111.924451589584,3,[33.5394005033294,-111.924451589584,33.5394005033294,-111.924451589584],[168,97,11]
P19UvFnx9_k3HWFnTSDQEA,33.47447225,-112.07486985,4,[33.4500865,-112.0835024,33.498858,-112.0662373],[119,11,322,102,57,103]
CcRqIybLVP7n51ElGP1kpA,33.4806776,-112.1091081,23,[33.4806776,-112.1091081,33.4806776,-112.1091081],[11,27,63]
twmCrdNA6futrpytkPOZsw,33.420099949999994,-112.0986957554075,41,[33.3059969,-112.390394210815,33.534203,-111.8069973],[182,99,11,26,38,39,88,33,44,57,69,56,63,27,7,8,128,273,126,97,47,48,327]
CDWrbyc2Mvs4EX6GZv0hFg,33.51637915,-112.05753475,2,[33.509038,-112.0670453,33.5237203,-112.0480242],[26,11,127]
2D-kLfqVeH5ri0hJCNoJvQ,33.40898035,-111.977621,200,[33.3184617,-112.080452,33.499499,-111.87479],[57,327,212,43,11,28,170,27,56,24,48]
zAOTiZO3sN0ygc527cX0cA,33.6108754,-112.0982769,3,[33.6108754,-112.0982769,33.6108754,-112.0982769],[43,11]
etPSS90L-pTvcLUE0t8yxw,33.378027443415,-111.94682695583799,3,[33.37797828683,-111.9570367,33.3780766,-111.936617211676],[26,11,181]
8JyGNS_0ZlkC2eb0VCUY7g,33.41522,-112.019329,5,[33.390792,-112.026154,33.439648,-112.012504],[99,48,11,119,24]
dqbHEBseCXC8__D6WM2b9g,33.464093369285706,-111.9328443,12,[33.4219963,-111.9398864,33.5061904385714,-111.9258022],[7,36,99,11,48,126,97]
GCZnepPfh7-pcLW6QGO3aQ,33.313774,-111.859677,2,[33.313774,-111.859677,33.313774,-111.859677],[26,11]
oDxw6N-rQuUdshBj3yTYcw,33.4654587,-112.3376083,1,[33.4654587,-112.3376083,33.4654587,-112.3376083],[27,11]
Atwx99HinlQVelOAgIzvzQ,33.494205,-111.931447,117,[33.494205,-111.931447,33.494205,-111.931447],[48,11]
VDRYPEY-zSs3pbetLkGiiw,33.494505000000004,-111.99223190000001,41,[33.338475,-112.1499898,33.650535,-111.834474],[68,366,57,69,96,72,71,73,117,11,201,24,7,119,9,10,64,65,14,15,16,6,162,191,137,8,139,33,142,67,25,99,134,135]
hc4D2WkjKG8mk1C9e0fsQQ,33.45499935,-111.95344485,53,[33.4145027,-111.9884173,33.495496,-111.9184724],[182,48,140,11,7,142,99]
mbm3KeFU8bLmlu4fPYmVQw,33.4217923,-111.951184,4,[33.4217923,-111.951184,33.4217923,-111.951184],[98,7,24,11]
CCL4t7fUSyqDGk9yFJw-Tw,33.45492725,-111.9733544,7,[33.4358706,-112.0816281,33.4739839,-111.8650807],[49,20,23,415,59,27,11,64,104,133,65]
AV4-6n6SKop4Bp5S15c98Q,33.559217000000004,-112.0385286,9,[33.479852,-112.0999346,33.638582,-111.9771226],[167,65,99,11,236,103,32,95,222,27,57,7,36,69,294,106,54,44,26]
ACAdyfli769geDXT7iXIcw,33.4948853,-112.0455993,1,[33.4948853,-112.0455993,33.4948853,-112.0455993],[185,11]
e89TP3PA8reTg79S-i9axQ,33.48308085,-112.0281901,8,[33.4710214,-112.0649272,33.4951403,-111.991453],[26,11]
JCbnDoUBsUpryA3xWa3Urg,33.495018,-111.975898,3,[33.495018,-111.975898,33.495018,-111.975898],[311,11]
deFVLwiJ0m_LwWteRufwfQ,33.3269266768799,-111.84129105,5,[33.2613563537598,-111.8592461,33.392497,-111.823336],[210,11,26,43]
ocKrP99NDb92lsDwmUrszQ,33.5013188,-112.0750147,2,[33.5013188,-112.0750147,33.5013188,-112.0750147],[32,95,222]
eSAmN-5RAu8y1igSvz_yJw,33.4393465,-111.9651815,200,[33.384398,-112.07149,33.494295,-111.858873],[63,27,11,119,101,38,39,128]
GyFmGA5UQZ4pXdx1lUH86g,33.5538553117518,-111.974005166224,186,[33.3078616235036,-112.2045583,33.799849,-111.743452032448],[7,9,10,11,57,39,145,63,142,84,124,26,168,265,28,240,241,139,416,36,8,162,27,24,126,98,109,38,99,88,40,43,128,296,298,30,13,6,110,119,33,116,62,17,113,14,15,127,182,48,140,65,133,185,229,108,161,195,47,292,307,212,403,121,79,49,473,44,192,21,202,72]
LEKQ8zV9yxfPpkmRk-QK5g,33.4669835,-111.9771473,10,[33.304775,-112.0676886,33.629192,-111.886606],[311,11,33,126,97,7,142,338,47,48,224,27,38,6,145,186,57,39,99,88,40]
pzrBo7AYh0VlfUX9IIWq_w,33.453923,-111.8063791,6,[33.298078,-111.8668424,33.609768,-111.7459158],[26,11,265,99,185,27,49,178,17,18]
ub3X1r1X-nVKogUMFcNfiw,33.820937,-111.9228454,39,[33.820937,-111.9228454,33.820937,-111.9228454],[48,11]
EYiIEboBOKGmso_2oZ22_w,33.3144867179125,-111.80963312713,8,[33.307983735825,-111.874965,33.3209897,-111.74430125426],[126,11,65,133,182,48,140]
8AMn6644NmBf96xGO3w6OA,33.403053,-111.9409368,10,[33.313774,-112.0221966,33.492332,-111.859677],[26,11,20,374,23,32,95,24,63]
Ae9BtmGBYrolywExyCl2Vg,33.502612,-111.9315649,11,[33.502612,-111.9315649,33.502612,-111.9315649],[12,114,13,6,115]
nY37vKvyDNV744rS9OyNJw,33.517103,-112.1347325,6,[33.452641,-112.200593,33.581565,-112.068872],[251,11,7,108,177]
AsfsK2hi1qxi2xLR1M3qsw,33.57904,-111.924071,37,[33.57904,-111.924071,33.57904,-111.924071],[25,6]
C8ZTiwa7qWoPSMIivTeSfw,33.53422,-112.090596195485,200,[33.336569,-112.34971999097,33.731871,-111.8314724],[46,6,27,214,11,265,212,63,97,26,57,56,72,154,126,48,119,24,109,38,39,28,170,49,52,99,40,298,145,110,7,187,10,139,88,224,14,15,327,333,185,108,64,65,225,41,400,77,35,76,33,44,13,21,216,228,251,177,140,12,114,115,202,20,243,34,23,205,98,292,120,246,17,423,84,147,8,129,79,189,208,75,32,117,219,218,93,3,43,186,71,127,289,61,70,206,4,5,36,69,215,18,29,168,181,229,143,112,113,45,60,419,142,62,153,30,372,322,106,54,424,184,95,222,293,250,121,341,130,254,204,87,330,376,163,236,103,92,285,182,306,146,470,161,309,169,307,68,366,124,125,148,104,195,442,241,262,172,175,107,194,1,301,302,368,151,116,201]
6lGBA55wXFGbHiDJ3v31xw,33.50469115,-111.96984705,3,[33.4995106,-112.0124729,33.5098717,-111.9272212],[109,38,11,39,440,7,36]
cOV5lUu4rho83L7EHIaDlQ,33.3547012,-111.7897898,3,[33.3547012,-111.7897898,33.3547012,-111.7897898],[7,108,48,11]
5ruOHnV6lb_WywNtp1ZEPA,33.2475,-111.87918,1,[33.2475,-111.87918,33.2475,-111.87918],[48,11]
AHevZXoCd7vfnQqRhe2diA,33.4803679,-111.9347763,1,[33.4803679,-111.9347763,33.4803679,-111.9347763],[7,108,24,11]
Mu-SsGqShMhQBh_-jLV0tw,33.69882953657225,-111.93578605,20,[33.5993116,-111.9800201,33.7983474731445,-111.891552],[7,137,8,139,99,11,108,98,97,142,33,44,27,24,96,72]
4d4xIM4lBG8BDZrG9pAuiQ,33.483583100000004,-112.0032534621275,16,[33.4548476,-112.0800705,33.5123186,-111.926436424255],[109,38,48,39,11,63,27,119,120,99,7,108,24,26]
ZmCfwDMuYkhpyr-hWKgiaw,33.50361755,-112.1462701,28,[33.4377111,-112.4268472,33.569524,-111.865693],[11,63,382,185,126,97,119,38,48,39,158,28,98,7,24,99,88,40,168,169]
KwmXdKaQvZb7DN_eRmgqVA,33.4720905777243,-112.39201426506,1,[33.4720905777243,-112.39201426506,33.4720905777243,-112.39201426506],[126,11]
XVFEmpeTFe0RYHW3jOemAA,33.46063865000001,-111.99603339999999,8,[33.4399403,-112.064652,33.481337,-111.9274148],[49,51,72,287]
1o1MtALWu2aWW3AGcjDlRw,33.5708131,-112.0657374,50,[33.5708131,-112.0657374,33.5708131,-112.0657374],[26,11]
rIS-c0g6oqFJWPo2ag394w,33.4537869019623,-111.927165985107,4,[33.4537869019623,-111.927165985107,33.4537869019623,-111.927165985107],[182,172,11]
UcK4EvQ96l3p2QlIg7QtxQ,33.53077025,-112.0389617,200,[33.449233,-112.065458,33.6123075,-112.0124654],[27,11,6,250]
zmPF5EwnljusywJ5sP3QtQ,33.5707406,-111.98228115,3,[33.4146742,-112.1114555,33.726807,-111.8531068],[27,11,265,185,251]
IGFcrJ60tXCX__eerhYkeg,33.4471778,-112.0744503,1,[33.4471778,-112.0744503,33.4471778,-112.0744503],[49,38,39,128,341]
r3-K5xIkk6080FM-ScRMrA,33.826196949999996,-111.9744394,195,[33.8220238,-112.0171081,33.8303701,-111.9317707],[49,52,48,11]
_4NQSG70ymRddiUYjsUogw,33.626933,-112.100731,1,[33.626933,-112.100731,33.626933,-112.100731],[212,26,11]
r-eIE4BjJNKHBOSuBgObyw,33.7440667,-112.3357185,9,[33.7440667,-112.3357185,33.7440667,-112.3357185],[161,411,54,65]
SCehiBXKV1PBhVm2DhYEGQ,33.4951559,-112.0010305,3,[33.4951559,-112.0010305,33.4951559,-112.0010305],[49,193,59]
InIHk_5nf2V6iDCAPrSrCw,33.5739904,-111.9272831,21,[33.4922985,-111.9300145,33.6556823,-111.9245517],[210,11,212]
m8gd-v8gvT80_rjB65WVPw,33.321086,-111.979696,3,[33.321086,-111.979696,33.321086,-111.979696],[7,142]
elBPPGDx6W3k5mu_SL0hag,33.44316015,-112.00187335,37,[33.3702541,-112.029562,33.5160662,-111.9741847],[265,11,161,28,65,17,29]
6LQFKTpo7PQY9k_jtpGQIQ,33.6749989,-111.9776027,2,[33.6749989,-111.9776027,33.6749989,-111.9776027],[7,9,10,11]
94eKCR-d3QoFHrKnTXc6hw,33.464653,-111.98644,4,[33.464653,-111.98644,33.464653,-111.98644],[28,17,29]
q3jHVviGLHmai0xos3O-xA,33.3499128092755,-111.82877080039049,5,[33.3057949,-111.9677833,33.394030718551,-111.689758300781],[224,11,63,27,99,185]
pU-c4d5koLUBJuBFKPgNVA,33.5843686,-112.0282021,46,[33.3365399,-112.180066,33.8321973,-111.8763382],[38,7,47,88,39,48,11,15,25,6,33,182,194,172,407,106,54,185,26,127,8,138,139,101,142,298,108,24,119,57,327,99,338,382,206]
c0KixsUyitYTg0C03nwhpw,33.6775521,-112.0889529,65,[33.6400079,-112.1136988,33.7150963,-112.064207],[27,11,99,28,17,29,26,265,185]
9yLTjyi9xfz0iSaNZK_frA,33.673375,-111.7815125,12,[33.628699,-111.891552,33.718051,-111.671473],[49,178,96,72]
_s5a44jizT4G6prC0yAHrQ,33.57769625,-112.02149935,4,[33.5176175,-112.1167867,33.637775,-111.926212],[54,238,11,63]
NaNOWaZGP5oSuo-kDcCLdQ,33.528637599999996,-111.9794928,139,[33.4194512,-112.073346,33.637824,-111.8856396],[57,258,38,40,39,28,17,29,26,11,7,47,88,48]
NbZcPE2NE1mOGXdYH7vXqg,33.42024025,-112.0062840336,19,[33.330435,-112.0736825,33.5100455,-111.9388855672],[126,11,38,168,298,88,39,33,119,99,246,7,139,24,17,423,97,36,26]
rnuiIVuM6-wT7SJt_z80pg,33.6266793,-112.393776,127,[33.6266793,-112.393776,33.6266793,-112.393776],[7,108]
4YI3b1vS2nfYIKvB5lXgrA,33.5832073,-112.0131291,2,[33.5832073,-112.0131291,33.5832073,-112.0131291],[108,7,119,38,109,39,11]
oeN1mnXSqa_Mt0L_-bp8vg,33.5670375,-111.9184649,15,[33.5670375,-111.9184649,33.5670375,-111.9184649],[99,11]
q03jRAHmQBTKckE-7LETEA,33.321864,-111.726244,1,[33.321864,-111.726244,33.321864,-111.726244],[7,24,108,119,11]
qBbYrB9fAhXK3S8FfXQylQ,33.67555781823195,-112.148394835514,32,[33.6386895,-112.183988,33.7124261364639,-112.112801671028],[218,11,265,99,185]
lgr0bKtFjM4M_sFmTjApAg,33.343236863189,-111.77352634864499,4,[33.307325126378,-111.805341,33.3791486,-111.74171169729],[265,11,212,126]
_6fYHMGpjahfG-r6UanCTg,33.57743834195545,-112.027088982016,17,[33.2815660319081,-112.149875164032,33.8733106520028,-111.9043028],[57,69,56,145,258,39,28,17,29,49,341,63,27,11,46,13,6,372,30,7,8,108]
IS45qrEWY4yZbwHeAFnSZQ,33.4058635,-111.9550676,1,[33.4058635,-111.9550676,33.4058635,-111.9550676],[32]
RcY6gJF1srA_YE1U5_7mjA,33.43475,-112.00644,17,[33.43475,-112.00644,33.43475,-112.00644],[28,170]
caTmDsXgm9nh9lhgZmm9iw,33.50547685,-111.99621985,5,[33.5019519,-112.0409994,33.5090018,-111.9514403],[13,6,115,372,265,11]
cQ8IYZCN1WP9S4zuwWGdDg,33.271662,-111.809029,200,[33.271662,-111.809029,33.271662,-111.809029],[119,11]
2huG-AOLWF92gW2l_454sw,33.3982767,-111.9155135,4,[33.3493799,-112.073781,33.4471735,-111.757246],[20,499,23,48,11]
FrqIHFBNgOrB5G7QoWy3vg,33.614422,-111.913245,6,[33.614422,-111.913245,33.614422,-111.913245],[37,32,203]
phZx-9u0pYvVcxdLbLxQ6g,33.4905787,-112.06020375,3,[33.457457,-112.072164,33.5237004,-112.0482435],[26,11,99]
BgRYI-mHp_EdQFKb_poE-w,33.4979785,-111.92683045000001,23,[33.493947,-111.9313599,33.50201,-111.922301],[265,11,28,17,29]
q86XDBNzgeB6kXNY2t3yuA,33.5460987,-111.9956701,8,[33.4770399,-112.0649071,33.6151575,-111.9264331],[74,11,475,48,57,62,17,69]
QBYunxYEaKAwFAWHI0LqNw,33.477681000000004,-111.9997845,4,[33.455863,-112.072167,33.499499,-111.927402],[38,11,39,40,63]
IxyXkuYMpIjLLknOEm4Mww,33.5102068,-112.0272041,1,[33.5102068,-112.0272041,33.5102068,-112.0272041],[46,6]
dW-EcP91bwCzEuheKRpwfw,33.4657178,-111.9763038,1,[33.4657178,-111.9763038,33.4657178,-111.9763038],[84,1,125,437]
QyTCJT25K73HX0uXD4R3bA,33.501821,-111.919938,3,[33.501821,-111.919938,33.501821,-111.919938],[265,185,11]
TKiucSBuj9twVDW-BoAdrg,33.524546099999995,-112.08240359999999,7,[33.495981,-112.1357952,33.5531112,-112.029012],[104,133,65,361,185,11]
JchEBvXwtb5m_5NDOZwqSA,33.3478902,-111.80471865,4,[33.3022417,-111.9110547,33.3935387,-111.6983826],[185,11,99,168]
2SLoFoxWL4-1qxnrYD15gA,33.681047,-111.9703593,21,[33.678615,-111.9746066,33.683479,-111.966112],[212,229,11,26]
xI9Ed5a0nkoynzi5DgwdBg,33.4329724,-111.9043028,4,[33.4329724,-111.9043028,33.4329724,-111.9043028],[57,99,91,11]
ReU4gpNU6kptcO5kT5IGkw,33.55286365,-112.08416224999999,4,[33.4787943,-112.120516,33.626933,-112.0478085],[26,11,212,41,42,43]
kgyv3ctYEZ0ACslpoakunw,33.49374745,-112.03114455,13,[33.4571599,-112.0824683,33.530335,-111.9798208],[48,11,185,212,43,26,265,38,39,33,119,126,97,120,6,145,186,57,99,88,40]
lSn-iXJGdr-jafzxFrdCeg,33.529567150000005,-112.07847235,10,[33.5048833,-112.0998386,33.554251,-112.0571061],[6,70,27,11,84,147,109,38,39,63,7,137,8,139]
a__owtuB-iRqlAQxOAdSSQ,33.465904,-111.943049,17,[33.465904,-111.943049,33.465904,-111.943049],[72,297]
cgRregKB7UMsz7qN-OO-6w,33.6200301,-111.8739953,1,[33.6200301,-111.8739953,33.6200301,-111.8739953],[84,339]
pdn7blgelQw5vDWYGGuMqw,33.321269,-111.970802,17,[33.321269,-111.970802,33.321269,-111.970802],[99,11]
QtDWRXkHjIqEv0arsU5uUQ,33.45787605,-111.9356401,32,[33.413158,-111.9955012,33.5025941,-111.875779],[98,7,142,38,48,39,11,251,109,440]
e0uA9vPwjj6WkwX4F99Nrw,33.4501794137007,-111.927112340927,1,[33.4501794137007,-111.927112340927,33.4501794137007,-111.927112340927],[72,297]
4eXSelgzSpow_xdhyPhYyw,33.34315985,-111.7902881,16,[33.3317204,-111.7907371,33.3545993,-111.7898391],[119,99,11]
Fgss-G1nqiah23LWCafZRQ,33.4586159,-112.0686873,1,[33.4586159,-112.0686873,33.4586159,-112.0686873],[197,198,23]
Yx3HOddAlND1ykTmmmZrZA,33.3781837,-112.0106146,61,[33.3781837,-112.0106146,33.3781837,-112.0106146],[39,38,99,128,11]
wxuIXe9jCIwloEwuNsnVvQ,33.5131572,-111.98885035,200,[33.5025941,-112.0480242,33.5237203,-111.9296765],[26,127,11,99,126,28,17,29]
an2zuwmaod6qH4f15fS8OA,33.6813013,-112.04539185,7,[33.678615,-112.1161771,33.6839876,-111.9746066],[7,47,48,27,11,99,63]
JXjU9EVUCJ1rmYKxzDXSlQ,33.452244594079,-111.9419616865235,20,[33.390792,-112.0829285,33.513697188158,-111.800994873047],[99,246,7,119,139,24,17,423,11,46,6,26,57,470,145,39,49,52,48,120,387,98,33,117,27,63,13,61,35,70,76,177,140]
FPVaUNl1TBqdco8VIAWLHA,33.45168,-111.916537,4,[33.45168,-111.916537,33.45168,-111.916537],[26,11]
zohKQAe_N1ATeEJLgsq-VA,33.5222185,-111.9595033,8,[33.5222185,-111.9595033,33.5222185,-111.9595033],[48,11]
aehtRFZ3zhj0M3meJoG8vQ,33.538602600000004,-111.97122245,6,[33.494652,-112.0283059,33.5825532,-111.914139],[38,265,39,11,212,41,7,292,352,48,161,28,65,17,29,54,55]
tzGA7sjCIBX-qkMxFEmcjA,33.492985,-112.286067,1,[33.492985,-112.286067,33.492985,-112.286067],[97,11]
O_nmtv350ABcYRLmSRyHcQ,33.4962205,-111.9641728,25,[33.4962205,-111.9641728,33.4962205,-111.9641728],[38,140,39,40,48,11]
Yp7OuIRsxmEyKxAKyIGgAQ,33.474754000000004,-112.07077749999999,3,[33.457863,-112.073196,33.491645,-112.068359],[38,48,39,11,140,40]
dkKLIozpkfUm6f_8RwsEvQ,33.5139565,-112.13937465000001,5,[33.4315119,-112.2226374,33.5964011,-112.0561119],[26,11,72,154,43,251]
lzutD82kSsk55M7XEId6GA,33.4739839,-112.0741725,2,[33.4739839,-112.0741725,33.4739839,-112.0741725],[64,104,133,65]
d1EniOsUjXuN31a8MTC1dQ,33.5083781,-111.9258659,42,[33.5083781,-111.9258659,33.5083781,-111.9258659],[161,28,65,17,29]
J6ak2UPmjxpt3RFR1NT2TA,33.62626105,-112.184289,4,[33.6116901,-112.217296,33.640832,-112.151282],[212,361,11,251,7,162,108,126]
s1NcLBTHzINUA-cmCbR-Tw,33.491645,-112.073196,1,[33.491645,-112.073196,33.491645,-112.073196],[38,140,39,40,48,11]
cFLQq2f2VWhm-0TnavAKWw,33.580351300000004,-112.0949084,171,[33.4772147,-112.116182,33.6834879,-112.0736348],[265,11,119]
9a9eJu51A0_6EakgSBOUqg,33.4217299,-111.95432,6,[33.4217299,-111.95432,33.4217299,-111.95432],[24,11]
fqVacCA-n-XTP03pxncoYA,33.756006,-111.992641,1,[33.756006,-111.992641,33.756006,-111.992641],[84,147]
AbV8BnFLTpgAX8ish1ys0A,33.6411185,-112.0473308,1,[33.6411185,-112.0473308,33.6411185,-112.0473308],[98,7,139,138,292]
2ZX71f3DANQRT_hF8r1LZg,33.4370203,-111.84277085,18,[33.379099,-112.0019948,33.4949416,-111.6835469],[119,24,11,43,48,96,72,7,36,8]
rPvLK18m3v8zIfCoQvj5pA,33.377804499999996,-111.919337,9,[33.31081,-112.066662,33.444799,-111.772012],[307,212,43,11,7,63,57,327]
GVnM9_qz9skRCW_ORJFJAQ,33.6302383,-112.2204051,1,[33.6302383,-112.2204051,33.6302383,-112.2204051],[71,72,287]
qFLGsVAkJKK56JjR5Cxlkg,33.4125297,-111.996104,2,[33.4125297,-111.996104,33.4125297,-111.996104],[201,11]
0wjTRD5cqm7DThYxS4FgWQ,33.4552907,-111.9878697,4,[33.4552907,-111.9878697,33.4552907,-111.9878697],[43,11]
rC3JBdYGn4l7opz5tSFs9g,33.37547444606325,-111.9301694859375,10,[33.2484501921265,-112.0744503,33.5024987,-111.785888671875],[49,38,39,128,341,273,296,11,7,292,108,8]
egpOSwOgYdobFaMfUhu7qw,33.4995106,-111.9272212,200,[33.4995106,-111.9272212,33.4995106,-111.9272212],[109,38,11,39,440]
NRaFLRI7cIU6JENmBYoruA,33.5058637,-112.0322126,46,[33.5058637,-112.0322126,33.5058637,-112.0322126],[28,17,29]
L_5uWeV-1P2-u1SpDAAoKQ,33.37470985,-111.985874,2,[33.3022462,-112.073781,33.4471735,-111.897967],[48,126,11,63]
8o-fy5USj3XV3xcmOOScQQ,33.47718395,-111.99106284999999,9,[33.3788924,-112.0651592,33.5754755,-111.9169665],[119,11,192,88,38,39,89,224,140,244,172]
UEu7WYQ9mIwDrqxbkJuddw,33.8243058,-111.9216148,1,[33.8243058,-111.9216148,33.8243058,-111.9216148],[48,11]
lzFLY7LhrwWEonCRdrYdVg,33.6078584,-112.12497934999999,135,[33.546608,-112.2029357,33.6691088,-112.047023],[7,182,194,172,11,63,202,72,154]
Hy0s3rCgzW4Avuo35A_2MQ,33.3372577,-111.8605255573975,10,[33.2959935,-111.9971322,33.3785219,-111.723918914795],[294,106,54,7,142,99,11,108,119,172,189,10,24]
yxz9Z-Ss4svyk1EEn6BzRg,33.523984,-112.04698,200,[33.523984,-112.04698,33.523984,-112.04698],[265,11]
co7pJdM6SRgtwlXKhzOonA,33.425824,-111.938976,32,[33.425824,-111.938976,33.425824,-111.938976],[28,17,29]
a7ElVOGzoVQIvev5h2pkWQ,33.5830387,-111.9267428,1,[33.5830387,-111.9267428,33.5830387,-111.9267428],[177,140,11]
DjLmMoMMSRkxjZszyIiFOg,33.53834435,-111.9999187,17,[33.4483606,-112.013151,33.6283281,-111.9866864],[26,11,28,17,29]
9y7QVeqmo8rWfrp70Bq-oA,33.3623369033323,-111.84798724362199,2,[33.3365788066646,-111.859488487244,33.388095,-111.836486],[49,312,146,17,152,97,11]
qk7yog5ytWsttgc_tJMrFw,33.3868088,-111.92068615,14,[33.3406452,-111.9701824,33.4329724,-111.8711899],[49,80,82,59,57,99,91,11,6,77,35,76,109,38,27,39,84,124,125,127,74,307,212,43,88,24,128,296]
nzqKc3jwH_oKP2tcB3vb8g,33.5086952779617,-111.927080154419,2,[33.5086952779617,-111.927080154419,33.5086952779617,-111.927080154419],[99,11]
HQXDg97U8sLyFyd72qmXEQ,33.4922533,-112.123762,55,[33.4922533,-112.123762,33.4922533,-112.123762],[288,32]
taE6tbYOa8xNRhAfrCoHJQ,33.4915779,-111.925841,46,[33.4915779,-111.925841,33.4915779,-111.925841],[119,38,48,39,11]
g-rWJxGx1EKqDORpkZXjJw,33.608701499999995,-112.10327785,7,[33.546,-112.2382757,33.671403,-111.96828],[26,127,11,265,99,27,182,48,140,38,128,39]
3rWpwbjjCyxU1oN52UiIJQ,33.495024,-112.063756,10,[33.495024,-112.063756,33.495024,-112.063756],[33,11]
Dedbkkmei8upT6I0TRpYpg,33.0859903,-111.80901685,46,[32.9103236,-111.860733,33.261657,-111.7573007],[26,11,27]
aZIYXtw2TqFe4z_Lo4uH1w,33.4844434,-112.364207,1,[33.4844434,-112.364207,33.4844434,-112.364207],[28,241]
OHkMbVbIeEQEGuFQZ36qDA,33.420530755043,-111.88709725000001,57,[33.348763010086,-111.944749,33.4922985,-111.8294455],[71,72,119,62,24,17,11,27,219,218,41,210,88,109,38,39,28,29,7,98,10,9,99,182,48,140]
T10fwLKcy_9goMznW8mA1A,33.60797815,-111.91989805,7,[33.5381023,-111.978579,33.677854,-111.8612171],[26,11,119,62,27,17]
mMBujBOuM310ZsO5rAMkIg,33.5708131,-112.0657374,4,[33.5708131,-112.0657374,33.5708131,-112.0657374],[26,11]
lDX-i4cAHxPbNNVyJLSjZg,33.4994444,-111.9242412,10,[33.4994444,-111.9242412,33.4994444,-111.9242412],[38,145,57,205,39,40]
kA2OQAdbwOaGd3Q5ZnNIQw,33.50075173714,-112.01451045,26,[33.330435,-112.132693,33.67106847428,-111.8963279],[27,11,26,38,168,298,88,39,33,99,120,128,63,48,119]
VodytPedYtXnl0UhfT7-Qw,33.42256965,-111.95474855,121,[33.348162,-111.9819,33.4969773,-111.9275971],[101,38,26,39,11,128]
Pv5K9MFccM3cOrqUgiNjBg,33.4448735,-112.039278861055,200,[33.43475,-112.07211772211,33.454997,-112.00644],[28,17,18,29,170,57,327,38,99,39,128,185,11]
9GHSDxMZMQ_nbnI2xS4AjA,33.594818,-112.065439,1,[33.594818,-112.065439,33.594818,-112.065439],[63,99,11]
l8dq2vzJGwEzbQW5XR8uDQ,33.7128045,-112.1374355,1,[33.7128045,-112.1374355,33.7128045,-112.1374355],[44,26,11]
rO0FM4oPK74g9WKtBgDDig,33.4835545,-111.9917529,200,[33.447521,-112.0739818,33.519588,-111.909524],[119,11,185,26,309,13,6,115,372,38,260,39,40,259,48]
nkcyPlfLP8reOWaHZ5umvw,33.6462961,-111.9189477,169,[33.6462961,-111.9189477,33.6462961,-111.9189477],[26,11]
wY1vTvfdwAL1CgDcn2GhdQ,33.56852405,-112.14634865,6,[33.554116,-112.1928442,33.5829321,-112.0998531],[33,74,296,11,135,6,45,65,7,148,204]
1s75UklBvzyPXrDv2_6KIQ,33.5218465,-112.0648577,2,[33.5218465,-112.0648577,33.5218465,-112.0648577],[210,11]
6xdpuvxbKunrARW1hMs1Ug,33.5097768,-111.9957399,2,[33.5097768,-111.9957399,33.5097768,-111.9957399],[38,48,39,11]
7QnoF0hjwolC5CXXRTJhhQ,33.421385,-111.893092,1,[33.421385,-111.893092,33.421385,-111.893092],[57,56]
8QZLElKrnNJ5K9CLVhkhxw,33.362778,-112.168611,6,[33.362778,-112.168611,33.362778,-112.168611],[6,204,65]
VbkrQcb615YaVp7bFyt5fQ,33.577691,-111.927632,31,[33.577691,-111.927632,33.577691,-111.927632],[38,26,39,11]
UvKQ_ZmYLVCjCZlVWwpM0w,33.3429412,-111.8946828,2,[33.3429412,-111.8946828,33.3429412,-111.8946828],[6,45]
siT1GZhzBuon6gUydWHsDQ,33.510026,-112.024174,17,[33.510026,-112.024174,33.510026,-112.024174],[48,11]
S3Mu8tTBib4KxrxGob5icQ,33.44489865,-112.0322333,48,[33.2188893,-112.2400641,33.670908,-111.8244025],[7,138,8,139,292,142,130,32,162,63,27,11,265,212,41,43,48,10,24,119,201,99,137,6,97,400,38,39,126,26,177,140,17,18,64,65,161,133,128,168,185,225,375,108]
kap75u0ohnH9S-JUARgkIw,33.4745289,-112.064845,5,[33.4745289,-112.064845,33.4745289,-112.064845],[48,11]
dJyY3aXKL34vtCF3OP3FQw,33.5005719,-112.0741143,92,[33.5005719,-112.0741143,33.5005719,-112.0741143],[7,108]
cfy5UPJGT-2jI_w0qdtAYw,33.5999482,-112.2217741,3,[33.5376484,-112.2551914,33.662248,-112.1883568],[27,11,7,9,63]
_fRCfwCzY5uLZNf-qJHGhQ,33.67010705,-111.98390035,7,[33.509844,-112.03603,33.8303701,-111.9317707],[4,6,48,11]
J1bPVUfCdepzPsi5pSEBmg,33.5672627,-111.9259052,1,[33.5672627,-111.9259052,33.5672627,-111.9259052],[109,38,48,39,11]
9cGbd7Qv15LlWO8JJe22lQ,33.3545993,-111.7898391,1,[33.3545993,-111.7898391,33.3545993,-111.7898391],[119,99,11]
ICqRKi6tE88mvvQMxLcZiw,33.531712,-112.081768,1,[33.531712,-112.081768,33.531712,-112.081768],[84,339]
IwDii1N3yCTXsgs4Nm2OEQ,33.465448,-111.899676,3,[33.465448,-111.899676,33.465448,-111.899676],[308,54,242,238]
2EolJnojzV6-0075oFDn6w,33.449233,-112.065458,15,[33.449233,-112.065458,33.449233,-112.065458],[27,11]
QX1vowuLebd1qWF51-YM9g,33.517929,-111.92948050000001,3,[33.394432,-111.983383,33.641426,-111.875578],[24,11,7,292,108]
x-8pe1tUb3OzOfwYXG8LMw,33.3807127456417,-111.725978851318,2,[33.3807127456417,-111.725978851318,33.3807127456417,-111.725978851318],[27,11]
3BG0sCHnczaZedsukEbq4g,33.5087368,-111.9953195,1,[33.5087368,-111.9953195,33.5087368,-111.9953195],[11,63]
gGNAr-cmCQUgA9B0QjVqAg,33.386840803793,-111.83220457548501,57,[33.220784807586,-112.081138,33.5528968,-111.58327115097],[26,11,137,7,6,139,119,63,27,24,177,140,49,333,52,193,59,112,151,206,219,218,41,108,38,168,298,88,39,33,84,166,339,224,182,98,57,56,284,35,66,150,17,142,126,97,48,99,246,423,109,265,54,55,122,190,28,89,254,470,145,8,50]
ZqoYyGqAPybOMci3446Fmw,33.58695575,-112.0232885,25,[33.4608045,-112.1230703,33.713107,-111.9235067],[352,48,11,119,38,39,27,128,63,182,140,265,126,97,7,8,6,200,99,88,373,24,57,470,145]
-co-hcyX_zuLcyUzUPWYcA,33.5025941,-111.9296765,13,[33.5025941,-111.9296765,33.5025941,-111.9296765],[265,48,11]
uVjawOYO0GajgEMYlAvq8Q,33.597361,-111.9813513,3,[33.597361,-111.9813513,33.597361,-111.9813513],[63,27,11]
5N0sIo3ur6R3bSY8XTBk5g,33.4949678,-111.9241443,1,[33.4949678,-111.9241443,33.4949678,-111.9241443],[11,63]
Bg-ZKUSRaGhUPLtC5O3XvA,33.4961,-111.929344,1,[33.4961,-111.929344,33.4961,-111.929344],[161,167,65]
yDlBXvcE-QDrvwz1GkkGWg,33.440278,-111.822685,3,[33.393322,-111.909447,33.487234,-111.735923],[33,44,11,93,3]
zDjmLHBulR8yEg42DTKlNw,33.464625549999994,-111.96410025,13,[33.4194512,-112.0122745,33.5097999,-111.915926],[48,11,38,7,47,88,39]
fAiVqZv7P_oc5CzGMX_G9w,33.5027037,-112.072913167456,140,[33.304814,-112.2797718,33.7005934,-111.866054534912],[26,11,44,296,7,142,24,48,54,238,169,63,206,38,101,33,39,128,57,69,10,109,36,309,119,285,15,6,191,224,210,43,65,133,162,126,97,201,212,361,292,27,99,182,177,140,98,137,139,120,168]
HD_J4pM8Ge8Nss_RPxqWVA,33.4667074,-112.3408385,17,[33.4667074,-112.3408385,33.4667074,-112.3408385],[218,41,11]
