TCXJrBwWPyFuEnIpQfN0Zw,33.322668,-111.822674,1,[33.322668,-111.822674,33.322668,-111.822674],[27,11]
UvBNAcvY4fOgABukFCEDXg,33.6277717,-112.01895454999999,7,[33.5864346,-112.2029357,33.6691088,-111.8349734],[11,63,7,8,224]
7icWgTnpQG6-NDP968ftEA,33.509578,-112.060185,9,[33.509578,-112.060185,33.509578,-112.060185],[63,27,11]
fsgmmH7t3o2u46s2sDk-4A,33.5127699,-112.0740123,2,[33.5127699,-112.0740123,33.5127699,-112.0740123],[109,38,11,39,63]
CdgjX-SsYJZq7u162hCM1w,33.354832,-111.946174891968,12,[33.330435,-111.98029,33.379229,-111.912059783936],[106,54,107,317,33,168,11,88,38,39,352,273,128]
hSu6RtLWWkZfYeG8Zf3i6w,33.40805935,-111.842267,34,[33.3060616,-112.0143931,33.5100571,-111.6701409],[65,133,27,11,185,26,41,239,126,224,33,99,44,84,339,166,6,265,7,139,24,109,38,39]
EoTooNBcxu0Hy0-XeZI8aw,33.57127,-111.9364788,200,[33.298212,-112.1839297,33.844328,-111.6890279],[79,121,7,8,98,10,9,11,139,416,36,33,99,24,127,74,63,27,6,204,65,26,117,322,57,44,47,48,137,43,218,41,212,89,236,103,108,285,185,200,30,13,265,208,35,78,181,229,120,224,28,17,29,119,130,32,138,239,168,42,202,72,38,39,142,292,284,188,23,219,37,203,97,141,128,264]
ny2W0MdcHgm5klNm6yugrw,33.31365125,-111.93084735,4,[33.306411,-111.9686247,33.3208915,-111.89307],[119,99,11,168,63]
ukMCN6n8oLncIjFq8M-U8w,33.406846,-111.907542,1,[33.406846,-111.907542,33.406846,-111.907542],[218,41,11]
oe47sWtTf76KKTARd7Gaeg,33.678615,-111.9746066,32,[33.678615,-111.9746066,33.678615,-111.9746066],[182,48,11,33,44]
3Sxo5WoGHbC7T0e52QYj3w,33.4732683,-112.0649453,4,[33.4732683,-112.0649453,33.4732683,-112.0649453],[7,33,142,24,11]
lA2q2WVvIs5wxXNpENBztg,33.5377184,-112.3581024,1,[33.5377184,-112.3581024,33.5377184,-112.3581024],[149,97,11]
MN0JMXvd0kp9H6R0gfn0Xg,33.435146,-111.998367,1,[33.435146,-111.998367,33.435146,-111.998367],[119,38,99,39,11]
VL0huMMQVJHMMQ6vXFVqAg,33.4982604,-111.9251128,1,[33.4982604,-111.9251128,33.4982604,-111.9251128],[38,39]
DNXdO9-uDc9PKNXTICIZWw,33.543088,-112.0555522,25,[33.407561,-112.18689,33.678615,-111.9242144],[98,7,26,11,48,39,205,57,99,91,108,17,62,63,27,24,28,240,241,279,54,38,88,8,33,128,168]
ztw9scTBlvl10Ri8laA86A,33.378303527832,-111.906135559082,1,[33.378303527832,-111.906135559082,33.378303527832,-111.906135559082],[26,11]
YPmQEVEFZ0EwiDNJFVo2Sg,33.4808225,-112.065707,37,[33.334712,-112.287703,33.626933,-111.843711],[373,97,11,212,26,7,108,251,142,172,88,38,39,89,33,219,218,41,47,48,128,24,43,182,140,98,298,44,127,149,229,119,196]
iJU5s1HBHvf2dgBlHPlUyg,33.5087621,-111.9869935,8,[33.390792,-112.0827836,33.6267322,-111.8912034],[224,11,48,38,39,40,140,7,142,119,108]
2i0p0zhYThikaivRCTj1JA,33.6686274,-112.1230703,3,[33.6686274,-112.1230703,33.6686274,-112.1230703],[11,63]
zg6pfFeRQuNlaa_K7gbRXw,33.43597104880315,-111.97175747919451,5,[33.413062,-112.067981958389,33.4588800976063,-111.875533],[27,214,11,212,43]
8ZlyJ8GvYlm-4T3fPZQTnA,33.72143535,-112.06321829999999,7,[33.5754755,-112.1478576,33.8673952,-111.978579],[119,11,7,108,201,27]
ZU99B6ptNb_rlzdSB7Iy3w,33.61751605,-112.0371114,8,[33.5515531,-112.150244,33.683479,-111.9239788],[11,27,63,168,265,210,177,140,48]
gUr8qs00wFAk851yHMlgRQ,33.52113065,-111.91728595000001,200,[33.4150348,-111.9389307,33.6272265,-111.8956412],[158,28,161,65,17,29,182,48,140,11,7,47,24]
dVrgBitwexYdBrKzl4Z07w,33.32790035,-111.93965705,7,[33.321266,-111.9676661,33.3345347,-111.911648],[43,11,33,168,98,7,108]
Eaf8rp_tMi4rRo_WsIP-EA,33.422184,-111.96912435,3,[33.3350308,-112.0608177,33.5093372,-111.877431],[212,63,97,11,126]
SGm1GTWYzSws13SXapq1MA,33.4926095,-112.10429045000001,5,[33.4724491,-112.1345686,33.5127699,-112.0740123],[26,11,109,38,39,63]
Yefgp7lJumG7SHwYf7poDg,33.4949678,-111.9241443,2,[33.4949678,-111.9241443,33.4949678,-111.9241443],[11,63]
UBVz0RddEeE33_s3eP849Q,33.348024,-111.788957,48,[33.348024,-111.788957,33.348024,-111.788957],[49,193,59]
bwJMC3bvWY-Hy18-jnL-dg,33.3547012,-111.7897898,1,[33.3547012,-111.7897898,33.3547012,-111.7897898],[7,108,48,11]
PD8feAq-y3amrN59mZ5nkg,33.3838228557474,-111.93196565,9,[33.3192686114948,-112.0740373,33.4483771,-111.789894],[43,11,26,337,32,229,99]
xeKUUE_yNjt4RHQp_jB6uw,33.5737618,-111.5376716,1,[33.5737618,-111.5376716,33.5737618,-111.5376716],[168,11]
N1n1kSx0oE78kL47-NtrCQ,33.500238,-111.926921,1,[33.500238,-111.926921,33.500238,-111.926921],[126,97,11]
MKLpUBr07RtnOwG-altvew,33.6949855,-112.1079025,200,[33.683286,-112.114738,33.706685,-112.101067],[11,28,17,18,29]
TDnB7pFw3OvKd3bqhGosHg,33.455036,-112.038676,3,[33.455036,-112.038676,33.455036,-112.038676],[140,192,323,11]
4DsUW5yuIkUcZ9Eu7p7EuA,33.51355805,-112.172692,18,[33.4273899,-112.3581277,33.5997262,-111.9872563],[126,11,28,240,241,43,63]
edy9zILE5uaa0B6HXEekLw,33.43006135,-111.95230975,17,[33.3358523,-112.08407,33.5242704,-111.8205495],[109,38,48,39,11,168,99,126,26,185,33,98,7,10,192]
xvVMzEQDQsRwB_Ko2EvNwA,33.4471735,-112.073781,5,[33.4471735,-112.073781,33.4471735,-112.073781],[48,11]
GI0WuPLYjglQrcHKeN3sFA,33.56549665,-111.98333075,4,[33.5094293,-112.0653185,33.621564,-111.901343],[71,72,84,345,6,346,63,27,24,11,210]
wztbY3gRNGQ_ieUjsdyhkA,33.437199,-112.0122605,200,[33.43475,-112.026154,33.439648,-111.998367],[99,11,119,38,39,117,7,108,28,170]
Qjyeu0WpJHNZGAHEZMjG7A,33.5100097,-112.0152845,2,[33.5100097,-112.0152845,33.5100097,-112.0152845],[48,11]
mFtXb1t9-CbPZMnHEsRrkQ,33.40677015,-112.0115713,9,[33.304331,-112.0741143,33.5092093,-111.9490283],[7,108,340,11,219,218,145,57,39,63,127,61,13,6,112]
aF2RnVN9-wWbup-iLU6_TA,33.5394273,-111.9245481,12,[33.5394273,-111.9245481,33.5394273,-111.9245481],[26,11]
8_ztfjt9_RsKS-cQ9KlqKg,33.449455,-111.9384055073975,58,[33.220295,-112.1528921,33.678615,-111.723918914795],[333,404,451,11,48,41,98,7,62,17,24,26,99,185,142,57,306,126,97,307,177,140,192,109,38,27,39,42,43,10,108,292,251,139,225,69,119,149,322,30,13,6,53,54,55,122,33,44,224,162,49,341,66]
gwMZdsfmJXpFTuB9qOdiog,33.3905396753347,-111.8576500212895,8,[33.2815753506694,-111.973588345289,33.499504,-111.74171169729],[212,11,48,24,99,265,168,26,7,142,33,44]
XlLivlSlCpsrkSHd0TQErQ,33.4205381,-111.96707305,7,[33.3023282,-112.0913839,33.538748,-111.8427622],[99,26,11,12,13,6,22,7,292,142]
NFKSXo2GXDn1I7nN0F76XQ,33.3056888,-111.8973083,185,[33.3056888,-111.8973083,33.3056888,-111.8973083],[38,265,39,11]
0oRtnPHtvZIE1UNxCDDTPw,33.581338099999996,-112.1005422,200,[33.3406452,-112.3593683,33.822031,-111.8417161],[84,419,175,129,121,79,63,27,11,137,7,6,139,112,48,224,49,52,142,119,38,143,39,215,32,177,285,140,161,28,65,17,29,44,168,181,229,108,26,138,98,8,373,24,15,191,97,182,101,33,128,43,77,35,76,117,214,10,25,212,99,260,87,36,88,298,293,57,145,40,172,147,192,442,241,170,126,61,13,282,72,345,41,400,333,251,322,190,123,225,109,162,69,307,194,205,239,292,56,389,133,18]
PXIlRKOmcGIEJ_b-VZZOQg,33.28218740405795,-111.82176136758,14,[33.2125748081159,-111.9682552,33.3518,-111.67526753516],[33,11,97,168,63,26,27,6,200,10,24,109,38,265,39]
t0-D9HVSSxt9qcuYMwAQZg,33.362881,-112.086059,1,[33.362881,-112.086059,33.362881,-112.086059],[26,11]
aTlHCohiT4ggRcMl3RQlXQ,33.509852550000005,-111.97364465,20,[33.304698,-112.1129733,33.7150071,-111.834316],[119,11,26,6,45,7,8,27,126,97,4,265]
DcQERx2GW3CB6cfP_4xblw,33.4105084,-111.92304915,12,[33.31081,-112.0740863,33.5102068,-111.772012],[26,11,4,5,6,265,177,140,224,84,147,339,7,63,168]
L-OWVzHOPsqfpxWz_F7Oqg,33.4576266,-112.0474748,1,[33.4576266,-112.0474748,33.4576266,-112.0474748],[168,26,11]
hgLT_fqCxR6X-JiYsMTjTA,33.657824500000004,-111.9481931,112,[33.637034,-111.9746066,33.678615,-111.9217796],[26,11,63]
FGTmhTPZSy2faJlluC0IZg,33.501161,-111.925513,24,[33.501161,-111.925513,33.501161,-111.925513],[206,11]
ZsjBAQiO5lNa_Tzlr3_FlQ,33.413087649999994,-112.0658133,5,[33.377348,-112.0824166,33.4488273,-112.04921],[27,11,57,56,26]
x6856tCjFDewGT8WCQmP4A,33.34539235,-111.8870047,2,[33.3065747,-111.8979254,33.38421,-111.876084],[28,17,29,18]
4ei42D8uVbKygn_Et0Idqg,33.3184674,-111.9682552,14,[33.3184674,-111.9682552,33.3184674,-111.9682552],[109,38,265,39,11]
16eRRUItkEo1hgFX0OuvPg,33.5238927,-112.0467816,1,[33.5238927,-112.0467816,33.5238927,-112.0467816],[175,129,79]
WzT1iB5k73t-7NYWG7Rcuw,33.53434715,-111.9868245,10,[33.484682,-112.0734988,33.5840123,-111.9001502],[10,63,24,11,39,119,26,38,182,48,140,43,224]
2Cp3egNfPgb6GTfttn0RiA,33.457939,-112.0520855,10,[33.457939,-112.0520855,33.457939,-112.0520855],[26,11]
o-sahODjdfHlgLZdkPgYlw,33.632948,-112.031266,1,[33.632948,-112.031266,33.632948,-112.031266],[39,38,26,128,11]
RblMMhqKiwF8rJBttT2OEQ,33.47037805,-111.9915794,3,[33.4211681,-112.0736348,33.519588,-111.909524],[38,260,39,40,259,11,265,421,65]
Emr5hhPzKWKGa3i2FEtdVg,33.24608755,-111.93743900000001,13,[32.9103236,-112.1183771,33.5818515,-111.7565009],[7,47,48,27,11,33,44,26,99,39,38,128,285,296,212,43,97,10]
J6ZbxqkV1qQplGSlmc8Iog,33.3021074,-111.8420649,1,[33.3021074,-111.8420649,33.3021074,-111.8420649],[224,11]
b9XdpPlzZCVimhNb0z8CNA,33.571442250000004,-112.0714943,53,[33.4642695,-112.168382,33.678615,-111.9746066],[109,38,48,39,11,63,24,26,265,17,18,101,40,152,219,218,41,7,108,10,292,142,27,307,168,119,33,98,99,47,224,143,293]
tJJOO9lsY2pNeMHzO1oz0A,33.494247,-111.92975,1,[33.494247,-111.92975,33.494247,-111.92975],[109,38,48,39,11]
xfqkWze7rxbxOO4AvJMqhQ,33.652101172709,-112.23368174504,2,[33.652101172709,-112.23368174504,33.652101172709,-112.23368174504],[7,142]
nx2PS25Qe3MCEFUdO_XOtw,33.4571631,-111.94474885,101,[33.331773,-112.0800705,33.5825532,-111.8094272],[38,39,40,6,77,112,191,35,17,15,111,113,7,108,10,182,11,26,88,24,142,126,97,292,27,63,177,140,192,119,99,33,379,109,48,64,133,65,43,148,117,57,69,18,128]
t2Clq_0plcyZXswqWNf1QQ,33.498344700000004,-111.92536530000001,37,[33.4967622,-111.9256855,33.4999272,-111.9250451],[7,292,108,119,11,28,17,29]
eZQ2b5dJDlIji9AtfdOE0g,33.541550799999996,-112.00293475000001,20,[33.4548476,-112.0800705,33.628254,-111.925799],[119,99,11,182,48,140,127,161,28,65,17,29,15,6,191,57,24,38,88,39,40,35,76,126,43,63,27]
SPRErCYRk9VJKJpEpSWQ2w,33.360469449194554,-111.71883065,6,[33.3258398983891,-111.753021,33.395099,-111.6846403],[224,11,229,185]
ST8tcSAmT9Fsjpe63_d5ww,33.6153,-111.86518,1,[33.6153,-111.86518,33.6153,-111.86518],[123,65]
e_sz2K4QEZkzGbke5SkdaQ,33.43958245,-112.0398812,4,[33.317906,-112.1156244,33.5612589,-111.964138],[48,185,11,33]
1Bhr3JWx7Xct6-71BjkuuQ,33.3051122,-111.99506,1,[33.3051122,-111.99506,33.3051122,-111.99506],[7,108,119,172,11]
T35GMi7R4XtJ84W0Y_nDAg,33.5102068,-112.0272041,3,[33.5102068,-112.0272041,33.5102068,-112.0272041],[99,11]
jaJZWvIfncodMrMenXbh2g,33.477337500000004,-111.9988657,18,[33.4526933,-112.0701129,33.5019817,-111.9276185],[28,17,29,99,48,11]
nlUEYptBWJasE3962Ngmhg,33.376532499999996,-111.9613565,4,[33.330435,-111.9819,33.42263,-111.940813],[26,11,71,72,27,88,38,39]
FZI5OnagopzsV5AYZzaAKg,33.351089,-111.84303,1,[33.351089,-111.84303,33.351089,-111.84303],[149,126,11]
9Xt-8aPXCRBJetIoVWQT7w,33.499084,-112.056848,28,[33.499084,-112.056848,33.499084,-112.056848],[28,17,29]
MEgDe_OUlcwhSEL7gL86Eg,33.471592799999996,-112.06314065000001,15,[33.4315119,-112.0800705,33.5116737,-112.0462108],[38,140,39,40,48,11,26,210,114,13,6,7,108,119,63,27,24]
ysVhCkNub3ZtF4JPmp1KsA,33.6080771,-111.9393757,9,[33.4740662,-112.03605,33.742088,-111.8427014],[10,11,24,63,38,7,36,109,39,27,26]
01iRNoZ91eWlCQsQRrTdbw,33.4822292,-111.9221077,2,[33.4822292,-111.9221077,33.4822292,-111.9221077],[71,72]
n8EPJekHJ8eXly_F0d1UNg,33.491645,-112.073196,57,[33.491645,-112.073196,33.491645,-112.073196],[38,140,39,40,48,11]
zUdy0v_GDYixyfQeQrjkZw,33.5611086,-111.9075623,57,[33.5382049,-111.925634,33.5840123,-111.8894906],[265,126,97,11,7,365,41,182,48,140]
UQoud0PLf7iUMlQ5Pp9pgg,33.5330637,-111.96310065,12,[33.5102068,-112.0272041,33.5559206,-111.8989972],[48,11,382]
e4n3Fz2QyGju49mtuaD-jA,33.40016515,-111.881210955142,5,[33.305151,-112.0050934,33.4951793,-111.757328510284],[117,11,12,114,13,6,115,97]
6NOgM7NLos60OkWOmi6G-A,33.459613,-112.357458,18,[33.459613,-112.357458,33.459613,-112.357458],[99,11]
qa8NS-G9NE0uGr9KyINwWQ,33.50216305,-112.0431899,6,[33.4948091,-112.07454,33.509517,-112.0118398],[38,39,40,43,11,14,15,6,88,298]
DSaxIdId-fAqzRkWfM9KoA,33.4194512,-111.915926,7,[33.4194512,-111.915926,33.4194512,-111.915926],[38,7,47,88,39,48,11]
iTpDQm21r3XG5fH8Kps35g,33.5005719,-112.0741143,5,[33.5005719,-112.0741143,33.5005719,-112.0741143],[7,108]
koAicLQ7DNxma6BjRCol1w,33.6381341,-112.3373424,2,[33.6381341,-112.3373424,33.6381341,-112.3373424],[11,63]
m_yr3PZu1VztRccLiC99eQ,33.497828,-111.927267,123,[33.497828,-111.927267,33.497828,-111.927267],[38,143,39]
xk6lcu3rQiW-NjQTpDoaFg,33.66576555,-111.92864184999999,42,[33.501161,-111.9317707,33.8303701,-111.925513],[48,11,206]
WPtjyVuBGQgmb6lHXyZj8w,33.50176615,-111.98662295,3,[33.4474542,-112.0745395,33.5560781,-111.8987064],[39,38,26,127,11,99,201,10]
qo3JPNlqHzRTy4-tiYlGIA,33.4537869019623,-111.927165985107,3,[33.4537869019623,-111.927165985107,33.4537869019623,-111.927165985107],[182,172,11]
vrM_uBgwfDQ6bQxGVHdUGQ,33.46268375,-111.95992294999999,32,[33.3055845,-112.078017,33.619783,-111.8418289],[7,108,43,11,307,212,48,292,99,182,140,265,483,168,42,192,38,47,88,39,223,162,57,470,145,128,36,109]
LdhwY7eudLlx1KFQQe9GwA,33.468312499999996,-112.036097,103,[33.295988,-112.288744,33.640637,-111.78345],[33,11,265,38,48,39,128,57,327,7,292,99,84,147,41,43,17,18,40,28,240,241,44,24,13,6,115,27,46,69,64,65,26,127,47,88,168,229,36,8,322,56,108,170,298,98,109,49,178,333,206,72,184,297,434,103,182,368,29,119,200,148]
BB2yoK64cI1tKiqbWXt7dA,33.4471735,-112.073781,2,[33.4471735,-112.073781,33.4471735,-112.073781],[48,11]
Hsv3_GIs8aDedZx83VplLA,33.48472420103165,-111.983643672949,4,[33.4325874020633,-112.0475028,33.536861,-111.919784545898],[7,108,5,6,4]
B7Fcf0TUgQXJCrLTBQKG_Q,33.3707235,-111.85585449999999,49,[33.2475,-111.922301,33.493947,-111.789408],[123,65,119,48,11,28,17,29]
rVRmCNgpzj57N1VAiXk-AQ,33.406538,-111.96167,12,[33.406538,-111.96167,33.406538,-111.96167],[28,17,29]
WavzQE_0yoy05hF-637EoA,33.42915835,-111.9821466,25,[33.348908,-112.0894972,33.5094087,-111.874796],[10,24,11,88,38,39,89,6,35,76,298,43,99,212,109,48,49,128,341,307,27,172,7,47,28,170]
glRhDPETR9sI7-lvGzjPPA,33.533234,-111.91475735,19,[33.425938,-111.940346,33.64053,-111.8891687],[11,377,10,126,129,175,332,79,121,26,7,9,119,27,8,382]
PegG6MvDUbA8RMQBneyfFQ,33.424281,-111.924088,2,[33.424281,-111.924088,33.424281,-111.924088],[30,13,6]
Qmt-rWBD6ExHuy79huPrWg,33.5086952779617,-111.927080154419,1,[33.5086952779617,-111.927080154419,33.5086952779617,-111.927080154419],[99,11]
yPQI509ZDRd2Qq20z1zHwA,33.5336234,-111.9652641,6,[33.5336234,-111.9652641,33.5336234,-111.9652641],[161,28,65,17,29]
_kvzxfG0xtA9-A2fILfjAg,33.3350458,-111.877429,2,[33.3350458,-111.877429,33.3350458,-111.877429],[168,42,43,11]
JdtaC4EiIAc6zZDkvZm7mg,33.50958825,-112.01949250000001,5,[33.353431,-112.202121,33.6657455,-111.836864],[37,32,71,72,54,324]
z5n1n0Becprbh6ss8DC9jQ,33.449188,-112.0772,3,[33.449188,-112.0772,33.449188,-112.0772],[28,271]
Glv90HL_tUge-rKR-UE5CQ,33.6310475,-111.8498996,11,[33.58348,-111.9746066,33.678615,-111.7251926],[126,97,11,57,69,98,7,24,43]
MigVbulqLIW7-qrsb0PMKQ,33.429629500000004,-111.95772485,3,[33.36376,-111.988151,33.495499,-111.9272987],[129,136,17,79,183,65]
Zj5IHiYDBBcKs1kP4-eTYw,33.6281135,-111.87463445,3,[33.58256,-111.894447,33.673667,-111.8548219],[17,62,99,11,48]
6dDBJ5G-C5lcuLeUAwwdvQ,33.4088243,-111.9251506,1,[33.4088243,-111.9251506,33.4088243,-111.9251506],[7,8]
pIJ0H6pL90hHfSVYw6R8Sw,33.347591,-111.95738,3,[33.347591,-111.95738,33.347591,-111.95738],[119,99,11]
m9T2snsgTcNyr94cLNZiQQ,33.23374275405796,-111.65441636758001,18,[33.2125748081159,-111.67526753516,33.2549107,-111.6335652],[155,54,371,238,10,24,11,7,138,139,44]
l4Bn7UpQMk4BgUoRjUcRfA,33.567617,-112.160653,1,[33.567617,-112.160653,33.567617,-112.160653],[123,65]
wyQONzV1Stxb5nYlRGFaKA,33.28815795,-111.63783860000001,8,[33.137175,-111.7362002,33.4391409,-111.539477],[10,24,11,26]
-BQhKu4wgtZQyT3sxkqJTQ,33.51003,-111.982715,3,[33.422728,-112.013936,33.597332,-111.951494],[88,38,39,89,11,128]
ssDzLctrVTqs44ID1DCSNg,33.5645629,-111.9154217,16,[33.5645629,-111.9154217,33.5645629,-111.9154217],[11,63]
k13_3o-K_FF_1capf-xZ8A,33.4954526514139,-112.000054830225,1,[33.4954526514139,-112.000054830225,33.4954526514139,-112.000054830225],[49,193,59]
EIqT09rFal2Jj-9DDrp6wA,33.480227,-111.9843255,2,[33.46625,-111.992038,33.494204,-111.976613],[38,99,39,11,128]
YYQT71vXj2hOGgrVQYKuXg,33.549065049999996,-111.8205853,43,[33.4923301,-111.9256266,33.6058,-111.715544],[99,27,11,38,48,39,185]
7r_NGE56I5ZdXH0x-DY79w,33.5025941,-111.9296765,39,[33.5025941,-111.9296765,33.5025941,-111.9296765],[99,126,11]
haYHbLXLX2cmHq1wQAEtfg,33.41046145,-111.768315,3,[33.3951,-111.938989,33.4258229,-111.597641],[38,99,39,40,11,7,142]
P2M0Cqj_oL2ncfLT_IKnFg,33.5985136,-111.9795855,3,[33.5985136,-111.9795855,33.5985136,-111.9795855],[10,24,11]
WEgigQfd5XZDC6aIEAEIWg,33.350267849999994,-111.8931603,10,[33.3367611,-111.9102573,33.3637746,-111.8760633],[6,204,65,7,142,11,63,292,98]
mxKBmQfXfb-shkDgJRf0HA,33.379387,-111.806152,4,[33.379387,-111.806152,33.379387,-111.806152],[7,162]
OnCg_m10UJjuMYYJYlpJbA,33.6393269,-111.8792188,4,[33.6393269,-111.8792188,33.6393269,-111.8792188],[48,11]
E2DYTWOVSptFJqM7jckPpg,33.39597310005375,-111.9333233,49,[33.2994442,-111.9677833,33.4925020001075,-111.8988633],[99,185,11,39,119,26,38,27]
Q9QeSCPArkC2R3_d6u4Tvw,33.4393091,-111.872548,9,[33.3791738,-112.07643,33.4994444,-111.668666],[212,11,97,145,57,17,18,39,38,205,40,126,143,293,33]
7FadEKwkRx-SmBr556caRg,33.483106778689205,-112.00016175,5,[33.4566960573784,-112.0739142,33.5095175,-111.9264093],[119,11,99,7,108]
ADEkfnRmIZd8vwM6xTEB4A,33.452196349999994,-111.91874755,5,[33.3943472,-112.01408,33.5100455,-111.8234151],[126,97,11,83,6,26]
ARl3It1h6bbi_BhMOQ7XjA,33.4960287,-111.93032955000001,4,[33.4930514,-111.9339561,33.499006,-111.926703],[39,212,126,293,11,28,17,29]
5oD3ENQlncnAu7H4FVGf0w,33.492469,-111.927134,1,[33.492469,-111.927134,33.492469,-111.927134],[64,65]
uylA7dxa7t6wUWN6FlOMcQ,33.4898568,-111.9548872,4,[33.480203,-111.9825532,33.4995106,-111.9272212],[6,26,11]
Je0kWpzS4XKfowdU_j86RA,33.5923161,-112.118303,34,[33.4194512,-112.32068,33.765181,-111.915926],[38,7,47,88,39,48,11,49,178,17,18]
CfVaFjRW_22-klJi75Seig,33.4150348,-111.9184724,56,[33.4150348,-111.9184724,33.4150348,-111.9184724],[182,48,140,11]
ZubK3U5PlTWy4VIQG_Wpzg,33.49893715,-112.113592,99,[33.4075613,-112.392713,33.590313,-111.834471],[119,11,168,144,39,205,28,17,29,38,265,7,142,108,32,95,222,26,8,12,30,13,6,118,88,101,442,241,182,99,145,57,298,186,33,302,110,1,141,15,191,18,48,69,14,64,204,65,494,40,273,128,327,126,44,170,139,225,250,197,198,23]
Z-fvuSqI5SSiZUksPJ_QiQ,33.3266281,-111.8124225,13,[33.298212,-111.898601,33.3550442,-111.726244],[7,138,8,139,168,42,43,11,185,24,108,119,251,149,126]
0LWc4siaSFNukjDTNPhiQg,33.6077660588006,-112.481632232666,6,[33.6077660588006,-112.481632232666,33.6077660588006,-112.481632232666],[12,13,6]
t66HiIuITiWWP34Uu4FmRQ,33.4516715,-112.0733143,1,[33.4516715,-112.0733143,33.4516715,-112.0733143],[48,11]
WfTcjOyVH8t01E9TL-Fk_w,33.423425,-111.979319,3,[33.423425,-111.979319,33.423425,-111.979319],[28,17,29]
9Z7GYJ3NKmn70CRGwWakNQ,33.50195831903305,-111.99054749999999,7,[33.378062078969,-112.076505,33.6258545590971,-111.90459],[7,108,10,24,11,119,38,109,39,251,65,105,369,142]
5ddJ4a1OfRDp1UeLqsKIrg,33.4517161,-112.0764371,3,[33.4517161,-112.0764371,33.4517161,-112.0764371],[57,39,145]
2M9xks6eSGK4kvFoXwkzSw,33.300232199999996,-111.83312315,4,[33.288633,-111.8597433,33.3118314,-111.806503],[211,32,11,27,63]
DTL33THN5K6nw06sH35E-A,33.60339845,-111.916946991768,6,[33.425617,-111.939805,33.7811799,-111.894088983536],[30,13,6,11,7,142,292,104,179,65]
XzF7KZWOIG9vjEQ2bgqxQg,33.485425108401,-111.9441364,14,[33.407162416802,-112.0648577,33.5636878,-111.8234151],[26,11,210,404,451,88,38,39,89,32,203]
yVg2fQEs20dYUBc4B9DgEQ,33.4728782,-111.9995591,48,[33.4657394,-112.0724302,33.480017,-111.926688],[28,17,29,224,11]
gs3laoHnU2XZ9c78DR3QvA,33.6307755,-112.238377,1,[33.6307755,-112.238377,33.6307755,-112.238377],[57,69]
wFweIWhv2fREZV_dYkz_1g,33.455567476233654,-111.961444075485,200,[33.2195987282868,-112.339617,33.6915362241805,-111.58327115097],[4,6,7,46,33,11,65,106,444,54,226,38,57,39,145,26,74,258,63,137,8,139,109,9,99,48,72,396,13,21,22,15,25,126,161,133,43,108,89,71,73,24,47,27,88,119,205,49,52,476,82,59,96,66,128,168,181,229,117,341,202,148,115,12,114,84,147,30,434,103,322,127,120,333,191,41,98,79,121,265,185,28,170,204,206,250,105,240,241,29,17,150,334,275,269,100,425,69,5,160,262,77,35,36,44,162,97,172,210,309,285,157,231,296,190,140]
OXZg_Yk0OJDKhRiFgKa2mw,33.6071829,-111.9403254,3,[33.6071829,-111.9403254,33.6071829,-111.9403254],[11,63]
V7xGUJWEMXPA7HWlg6kwog,33.45873365,-111.96704305,5,[33.4074413,-112.024174,33.510026,-111.9099121],[224,11,48]
-_3p-2J3onbOHKMltqTCdQ,33.442823000000004,-112.06699660000001,26,[33.304492,-112.2603562,33.581154,-111.873637],[99,185,11,212,26,43,182,48,140,28,17,29,109,38,27,39,265,46,13,6,30,18,251,240,241,442,40,7,108,84,345,346]
agOVnao_d4SvY6-peKJ9kQ,33.580412,-112.013517,1,[33.580412,-112.013517,33.580412,-112.013517],[7,138,8,139]
KA0NU5m84uN-d-BGMUQfmw,33.6292275123396,-112.405321214097,2,[33.6256600246792,-112.414919428194,33.632795,-112.395723],[78,79]
JFffaZumjkbOiGAnzeVbNA,33.40341455,-111.78249579999999,3,[33.3936711,-111.875779,33.413158,-111.6892126],[251,11,99,224]
r6_0qgfNKmzvrSoSo0UNhw,33.5092848,-112.0371249,110,[33.5092848,-112.0371249,33.5092848,-112.0371249],[48,41,11]
f9mw05wLkCwW1tu9xl0s6g,33.4964751,-112.0839659,2,[33.4964751,-112.0839659,33.4964751,-112.0839659],[99,11]
lGBfVZOZdksIO8zETW0y8g,33.466727250000005,-112.0761988184965,7,[33.4423345,-112.0800705,33.49112,-112.072327136993],[38,39,40,11,63,27,24,26,119]
42sAUkipB2s9WyV9eAr9zA,33.37850282282085,-111.724472925659,4,[33.3762929,-111.725978851318,33.3807127456417,-111.722967],[27,11,71,73,202,72]
7YNIRRLFX6aOSyt_i_Hguw,33.435146,-111.998367,26,[33.435146,-111.998367,33.435146,-111.998367],[119,38,99,39,11]
PPWPzEwy66aXDrbBy4tNEQ,33.54376055,-112.04629452399399,9,[33.4473356,-112.0734239,33.6401855,-112.019165147988],[7,137,8,139,33,11,97,38,99,128,39,296]
y0yRyW6g6vbQ8HXkXOwBjw,33.5006293,-111.9232551,2,[33.5006293,-111.9232551,33.5006293,-111.9232551],[27,11]
Qtro4APUHh1wEwnVhciPPQ,33.4800045,-111.988158,19,[33.37844,-112.0999,33.581569,-111.876416],[38,119,109,39,11,24,251,7,142,126,97,140,57,69,99,224]
lPHBnsOo7Ve3FIEG582Dmw,33.4977992,-111.9259521,8,[33.4977992,-111.9259521,33.4977992,-111.9259521],[43,11]
-VauHoe_blmiBri9W_jMsg,33.59211035,-112.01240825,2,[33.500545,-112.0984072,33.6836757,-111.9264093],[7,33,142,11,119,99]
w7BjpPC8Qe063SH5yQL7ag,33.4949139,-111.99467204999999,6,[33.494459,-111.9953287,33.4953688,-111.9940154],[38,99,88,39,40,11,177,140]
KDFfCTLRKOLpCSVMmG3NTQ,33.6345046,-111.9253792,1,[33.6345046,-111.9253792,33.6345046,-111.9253792],[97,11]
-xGJ4pQ_0tSkNAUCsuq4SQ,33.55775318079765,-111.97000343951399,3,[33.495035,-112.047259,33.6204713615953,-111.892747879028],[33,117,11,63,24]
hUs5N1Gr4xp-CCBwXugThw,33.4787943,-112.0478085,1,[33.4787943,-112.0478085,33.4787943,-112.0478085],[26,11]
tGjl-jUFRXG9nH1wdwJLkg,33.604203,-112.16073399999999,3,[33.581473,-112.220737,33.626933,-112.100731],[132,105,65,212,26,11,108,229,7,18,62,194,17]
vL9LEngoOjuZ3lqU1mh8zA,33.56678995,-112.0979394,200,[33.299873,-112.3532928,33.8337069,-111.842586],[33,119,11,168,265,307,7,36]
UC3J_qeGFpZ9EHVd2dI0vg,33.5151044,-112.0594156,6,[33.5062078,-112.0742672,33.524001,-112.044564],[7,108,168,181,229,11,10,119,95,374,165,32,164]
odxWkkRq9jxdt73KCGiFgg,33.458227300000004,-111.95136665,4,[33.4145027,-111.975898,33.5019519,-111.9268353],[99,11,265,7,47,48]
tBrWLt5o4kgFcN1vszDLXQ,33.5222185,-111.9595033,28,[33.5222185,-111.9595033,33.5222185,-111.9595033],[48,11]
BYuF8mLZ4i4uoh3UR_yTQQ,33.3080792,-111.83640729999999,2,[33.2614572,-111.8830248,33.3547012,-111.7897898],[48,11,7,108]
WKwb6R36IpaLt28uOVhHKw,33.5569499,-112.1045989,50,[33.4800648,-112.235873,33.633835,-111.9733248],[185,11,113,6,116,168,169]
Pi8SGbItkLlhq2X9xj0dsA,33.4253394,-111.9398532,163,[33.4253394,-111.9398532,33.4253394,-111.9398532],[38,99,205,39,128,11]
QLOBGCDt_EtvpbVhed4LnQ,33.683479,-111.966112,21,[33.683479,-111.966112,33.683479,-111.966112],[49,178]
YbN54NZp2KklJg29zBWNUw,33.5506715,-111.96305029999999,8,[33.422728,-111.9746066,33.678615,-111.951494],[88,38,39,89,11,7,36]
5IUZyBN-MS2OWep3--o1VQ,33.538130100000004,-112.17264495,10,[33.4471783,-112.273257,33.6290819,-112.0720329],[33,11,49,193,59,38,128,39,57,145,48]
VmjDXbu4oRseDwsLW9Qe1w,33.5097999,-112.0122745,200,[33.5097999,-112.0122745,33.5097999,-112.0122745],[48,11]
YHj9BqXcPF90mBHKxiB3oA,33.2475,-111.87918,1,[33.2475,-111.87918,33.2475,-111.87918],[48,11]
GvaNZY4poCcd3H4WxHjrLQ,33.49288415,-111.999302,6,[33.455863,-112.072167,33.5299053,-111.926437],[265,11,483,212,38,48,39]
Ud43DdZ6PibSYEtsi18F4A,33.56684555,-111.90800644999999,62,[33.480662,-111.9865579,33.6530291,-111.829455],[168,26,127,11,10,24,99,63,265,48,177,120,27,7,47,88,38,39,298,352,212,43,33,307,128,313,57,62,17,69,49,80,82,59,119]
iARWBMuvyArHUnWkPUDr3A,33.4770236,-112.073629,8,[33.4770236,-112.073629,33.4770236,-112.073629],[109,38,48,39,11]
dOgi71JMb0pm0w3RmSNy4A,33.609866,-112.013801,6,[33.609866,-112.013801,33.609866,-112.013801],[13,6,4,5,425,160]
FwQnthYgB3M7BqbGiOykmg,33.48320375786835,-112.10633315,3,[33.4346825157367,-112.261226,33.531725,-111.9514403],[38,99,181,39,48,11,128,119,63]
HoC2s_7Dpl1DfS63udkSWQ,33.677854,-111.978579,59,[33.677854,-111.978579,33.677854,-111.978579],[126,11]
n1jU9uP2QuL0JaPlZFInMQ,33.507557,-112.040116,11,[33.507557,-112.040116,33.507557,-112.040116],[27,11]
SajLlinW4eqMRe7IzuUorQ,33.6753116,-112.00414475,4,[33.6742641,-112.0303041,33.6763591,-111.9779854],[49,82,59,84,124,125,106,54,280]
58XKf29FTpsZ4jFnhN_m0g,33.3359104,-111.9080449,2,[33.3359104,-111.9080449,33.3359104,-111.9080449],[11,63]
hDyRL69iyl6DgodcQWyeYQ,33.56061825,-112.05902954999999,5,[33.5239145,-112.1034701,33.597322,-112.014589],[38,39,101]
8j3sObCxxUA7iHzhxXj_KQ,33.45741005,-111.9331172,4,[33.3313401,-111.9827084,33.58348,-111.883526],[63,27,11,33,117,48,7,142]
W5vC0v3xceM7vSFHelj-TQ,33.39888884356585,-111.67647275763,8,[33.3827946871317,-111.753021,33.414983,-111.59992451526],[7,162,229,11,26]
6jR8qqed8qg-sYKCrvqi1Q,33.45808815,-112.0073941,11,[33.4211681,-112.0722742,33.4950082,-111.942514],[421,65,26,172,11,182,43]
_ki8TQWep4CJTfF4kzyMtw,33.4551836,-111.8810408,11,[33.4078685,-111.9276185,33.5024987,-111.8344631],[38,48,39,11,26,128,117,7,292]
jmu78upjDKDO3p-pLRROFg,33.392391,-111.786122,2,[33.392391,-111.786122,33.392391,-111.786122],[49,146,39,341]
Cuf2w-q1d_jTMI4w0q9aOw,33.36440625,-111.9073697,3,[33.3501369,-111.912932,33.3786756,-111.9018074],[106,54,315,78,79]
CLayTQaKW2WcuCcLUFRVgQ,33.542193,-111.925634,9,[33.542193,-111.925634,33.542193,-111.925634],[265,126,97,11]
tZHwaTMyWX1iL019SIXGRA,33.68106,-112.239905,4,[33.68106,-112.239905,33.68106,-112.239905],[38,212,39,11]
-2t8ibGjQP0SxrxTHokEsw,33.5097999,-112.0122745,3,[33.5097999,-112.0122745,33.5097999,-112.0122745],[48,11]
5NCOOJMcY8S-aNzbWqTB-A,33.58041,-112.120266,1,[33.58041,-112.120266,33.58041,-112.120266],[11,63]
59kmq9HZ_bShucdUk5WnLw,33.4504575,-112.0743441,5,[33.4504575,-112.0743441,33.4504575,-112.0743441],[39,298,57,145,11]
2kceAwjbj3I9XOeQPF3lMw,33.5574354,-112.0627032,40,[33.4329724,-112.2363922,33.6818984,-111.8890142],[26,11,57,69,71,72,99,24,10,49,233,43,185,33,117,7,47,48,109,38,39,63,177,140,154,119,27,128,296,142,120]
Zpo4Se-YXL2F96fCnc7tWg,33.495875,-112.04467109999999,9,[33.4492,-112.0750461,33.54255,-112.0142961],[161,123,65,99,48,11,32,90,98,7,119,24,36,8]
Ljr9JNSCk5pc9g233_F7cQ,33.532053000000005,-111.97232249999999,99,[33.43475,-112.00644,33.629356,-111.938205],[28,17,29,170]
obeCL4RSBKnG_LiO9dvE4A,33.4684065,-112.04195659999999,23,[33.4292429,-112.0837798,33.5075701,-112.0001334],[7,142,292,108,175,129,121,79,26,11,27,168,181,229,119,63,24,48,126,43]
D1DExtmDOjmno9Sx-hLfWQ,33.574327749999995,-112.0089845,17,[33.316694,-112.134443,33.8319615,-111.883526],[119,120,11,7,189,10,24,33,32,314,9,99,117,142,127]
K3ixr5pu0O2VObJ23VVNmg,33.41090225,-111.9273775,8,[33.319395,-111.9955012,33.5024095,-111.8592538],[7,8,119,11,365,142,292,24]
IqrtFpXjwUhJNd28LUOOeg,33.5705005,-112.0355495,15,[33.500169,-112.151282,33.640832,-111.919817],[7,139,8,26,17,18,11,361,185,126,97,39,38,99,128]
k99cC9QpbUXlGRWwxEe93w,33.536028,-111.91935945,17,[33.450047,-112.075677,33.622009,-111.7630419],[62,27,17,11,210,119,251,109,38,48,39,63,99,307,172,265]
kO52Fr1AAQDhlxbYjN1rTA,33.5164241568733,-111.977234249649,25,[33.494977,-112.055160999298,33.5378713137466,-111.8993075],[63,27,24,11]
SzxjjnOoehbFeJQyfJfj6A,33.537909,-111.96325435,8,[33.4552907,-112.0520855,33.6205273,-111.8744232],[27,11,212,26,7,138,8,139,33,44]
oueioQ4Sl4NpCpVoSVyR1A,33.62208595,-112.07224049999999,4,[33.545329,-112.101312,33.6988429,-112.043169],[7,138,139,140,11,26,17,18]
eZTNl3u9ao-8YzGKLBxCGA,33.5094234,-111.9115638,1,[33.5094234,-111.9115638,33.5094234,-111.9115638],[65,133]
tmn9Ke3wkyt7F8lhwd2kUA,33.636134549999994,-112.11202437680049,10,[33.5612589,-112.124406,33.7110102,-112.099642753601],[27,11,63,48,185,84,147,65,133]
7_IlYbDtUVJib9CLt2gBSg,33.304846,-112.012594,1,[33.304846,-112.012594,33.304846,-112.012594],[63,27,11]
J4-_JCLMXA7r5nPkmBHA7A,33.3226342,-111.8416157,9,[33.3226342,-111.8416157,33.3226342,-111.8416157],[7,8]
we9YpLKy8Zn0AFMW3mnVTQ,33.4492414,-112.072854,1,[33.4492414,-112.072854,33.4492414,-112.072854],[38,39,40]
QY09z2M_tno4Xa1rnPa9iQ,33.5582045,-112.07942220000001,8,[33.4796744,-112.2387233,33.6367346,-111.9201211],[10,24,11,27,185]
u239bvYalmelGSfnwQB-Rw,33.45415415,-112.06498930000001,180,[33.4354553,-112.0739136,33.472853,-112.056065],[309,285,11,48]
ejD8bRNWtc2qkBiN3drWrA,33.393528,-111.8882464,1,[33.393528,-111.8882464,33.393528,-111.8882464],[26,11]
o6EiqD647POJPABuu_3uoA,33.47564645,-111.99919715,13,[33.4194512,-112.0824683,33.5318417,-111.915926],[38,128,39,7,449,97,11,48,47,88,99,33,26,126,84,339]
T-HUEwlRl5d6lun1cZgiCA,33.567744149999996,-111.9811878,12,[33.4354553,-112.0739136,33.700033,-111.888462],[48,11,7,142,38,99,88,39,128,162,119,24,108,27,126,6,284,35,26,309,285]
Rbi4j9y8Jqf3B4lBEnuJ0A,33.38065852543,-111.9197436103,4,[33.34815905086,-111.9637082206,33.413158,-111.875779],[185,11,224]
V0U-Qnr2L9gPjzj2PHHLYg,33.29854805,-111.9173467,14,[33.2333299,-111.9766015,33.3637662,-111.8580919],[64,123,65,185,11,96,72,33,27,168,126,97]
ROU69o4YjrshxurzUHSn9g,33.497291,-111.9300012,1,[33.497291,-111.9300012,33.497291,-111.9300012],[4,5,6]
3cvyIzsgYgU1VgalhPbT8A,33.4950814,-112.0032205,2,[33.4950814,-112.0032205,33.4950814,-112.0032205],[7,108]
9ahPeluUH2vIYOrmYh5wTw,33.58857665,-112.12458565,4,[33.4948853,-112.203572,33.682268,-112.0455993],[185,11]
75ag2Y7YNHDohV7KWArWBA,33.49319459481805,-112.08926195000001,5,[33.4348794896361,-112.2691041,33.5515097,-111.9094198],[27,11,109,38,265,39,168]
RgPVn9pPgYXd9cFppl8GvQ,33.379859,-111.601427,2,[33.379859,-111.601427,33.379859,-111.601427],[38,128,39]
SbWgCdFF8_Mp6_4sWoVrhw,33.404577200000006,-111.68577595,6,[33.393419,-111.701411,33.4157354,-111.6701409],[41,11,39,38,99,128,27]
3P_dkw4C0E5IDKaLEdtoNw,33.410766699999996,-111.95109550000001,9,[33.3118314,-112.042514,33.509702,-111.859677],[62,26,17,11,27,63]
usuzPYJXUYFwfy5ZexlSXQ,33.45195595,-111.98765689999999,27,[33.3786447,-112.0995348,33.5252672,-111.875779],[196,11,33,101,38,57,39,145]
VH7pzgN50qLse-jHUJKfpQ,33.442281550000004,-111.9103824,17,[33.3014001,-112.0772,33.583163,-111.7435648],[119,26,185,11,126,97,172,7,292,139,108,39,38,48,128,27,71,72,109,168,63]
ZRQdOIIhzrzE6sc3emgM-Q,33.3649257,-111.8900154073975,71,[33.2353924,-112.0561119,33.494459,-111.723918914795],[32,126,212,11,79,121,26,7,292,142,247,99,63,33,24,182,48,140,98,8,36,38,88,39,40,181,251,43,139,232,423,97,138]
UAep_Sb5aP60wFkhNRO7YA,33.3897438,-111.736418,3,[33.3897438,-111.736418,33.3897438,-111.736418],[54]
3G9JxhDTfElOJ5tzFA3LiA,33.40163759606325,-111.8427623359375,17,[33.2484501921265,-111.899636,33.554825,-111.785888671875],[109,38,11,39,63,99,119,201,265,296,128,27]
PWS-JpUUKzMUu_UAB8IcSQ,33.5123186,-111.995355,14,[33.5123186,-111.995355,33.5123186,-111.995355],[119,99,11]
5POmTeqHhf-IVsX6ArVbSQ,33.4556584,-112.0719926,1,[33.4556584,-112.0719926,33.4556584,-112.0719926],[38,181,39,40,11]
wPx9pHsq1bVEjk9pAlHz8g,33.4942939,-111.925316,2,[33.4942939,-111.925316,33.4942939,-111.925316],[26,11]
p7bq64eZ2oR4bO5sHD6hcA,33.4973896,-111.9223075,2,[33.4973896,-111.9223075,33.4973896,-111.9223075],[38,126,39,11]
kmWKDh0TZG8RUqWr4nuwrg,33.4846023,-112.1046266,3,[33.4806776,-112.1091081,33.488527,-112.1001451],[251,43,11,27,63]
w_OffGszPAJKcwasrSjAew,33.49378075,-111.92655285000001,19,[33.4922985,-111.928554,33.495263,-111.9245517],[210,11,26]
l9jBTvIa3OMTZrPaa2YKBA,33.4801394,-112.0915342,1,[33.4801394,-112.0915342,33.4801394,-112.0915342],[24,11]
H8Iol3uAHtbycO9MJ4i3lA,33.512048199999995,-111.95056550000001,18,[33.383482,-112.043169,33.6406144,-111.857962],[13,6,4,5,425,160,45,65,7,148,204,414,123,26,17,18,11,9,119,14,15,12,114,115,92,57,84,124]
ma_fL4No3szuO7fdZ6tbFw,33.480203,-111.9825532,1,[33.480203,-111.9825532,33.480203,-111.9825532],[26,11]
SridcXqR4d3clqv9gFVebg,33.4076218,-111.9160366,4,[33.4076218,-111.9160366,33.4076218,-111.9160366],[26,11]
UqDue8IffWRqzRQBOQj6Uw,33.5388471,-111.9641728,17,[33.5388471,-111.9641728,33.5388471,-111.9641728],[11,63]
7SpROF1fGnGxMhPl5wyHJA,33.427562,-111.8933118,1,[33.427562,-111.8933118,33.427562,-111.8933118],[71,72]
bRD5TQ9uVZO5de4IRn-A-A,33.494205,-111.931447,9,[33.494205,-111.931447,33.494205,-111.931447],[48,11]
eJlI65HkKskf_sDu44YgbQ,33.5779821,-112.1185366,2,[33.5779821,-112.1185366,33.5779821,-112.1185366],[48,11]
IxGgi4tQpmKfasB8EM6_sQ,33.38081,-111.63461,4,[33.38081,-111.63461,33.38081,-111.63461],[106,54,226]
meKwjUzs4wGntGilRgDntg,33.3994294,-111.9470699,9,[33.332733,-111.9766013,33.4661258,-111.9175385],[72,297,7,10,9,11,38,48,128,39,78,79,93,3]
l5upkLok78p-NQN_3uurrA,33.42528575,-112.000654,34,[33.348162,-112.09158,33.5024095,-111.909728],[11,63,26,307,212,43,27,33,38,7,47,88,39,48,99,128,251,142,182,140,98,168,64,133,65]
TDdWqNBXul6qMK5grPnKDA,33.3897576,-111.9343636,2,[33.3897576,-111.9343636,33.3897576,-111.9343636],[159,32]
QqAL6vvUE_lJbAFSucWysA,33.40390975,-111.9595767,10,[33.3058378,-111.9927062,33.5019817,-111.9264472],[27,11,99,48,7,108,24,109,38,39,126]
MwVqLnlBB_F8envA7a9VLg,33.476084,-112.065637,2,[33.476084,-112.065637,33.476084,-112.065637],[7,8,218,41,11]
JL_cervg7k-NB199arXIdQ,33.5262217,-112.09003745000001,43,[33.4255104,-112.2400695,33.626933,-111.9400054],[7,138,8,139,24,11,162,10,27,26,311,177,285,140,212,108,6,35,70,76,99,126,97,215,32,74,142,292,63,38,39,40,48,60,98,157,103]
tuuURryOt47Nal0DkNFwiw,33.4483606,-111.9866864,11,[33.4483606,-111.9866864,33.4483606,-111.9866864],[28,17,29]
yavMaKiJvKnzgY5O6sS2dQ,33.4125297,-111.996104,2,[33.4125297,-111.996104,33.4125297,-111.996104],[201,11]
6pvSornnAIfr6fS-F9UGZA,33.3148631,-111.8595869,1,[33.3148631,-111.8595869,33.3148631,-111.8595869],[84,147]
arLvHYnqKqVjAFvOv-rzyw,33.56533025,-112.1268159,6,[33.5024095,-112.2581306,33.628251,-111.9955012],[38,11,99,39,296,7,8,119,265]
zuPgVsHqsi-MlZAYDROw0g,33.5022311,-111.924255,1,[33.5022311,-111.924255,33.5022311,-111.924255],[126,97,307,11]
g_uCN5y6wuz265tUxIICmQ,33.598177050000004,-112.16680994999999,200,[33.534203,-112.2618153,33.6621511,-112.0718046],[26,11,48,185,182,99,7,137,8,139,33,44]
u_LoBHc97xCJCQF0QDNNFg,33.4787943,-112.0478085,3,[33.4787943,-112.0478085,33.4787943,-112.0478085],[26,11]
Z18eLwQq7SYPd02nPo7juA,33.5019817,-111.9276185,1,[33.5019817,-111.9276185,33.5019817,-111.9276185],[38,48,39,11]
RrnD8JPT9pXN_pXdwVwW2A,33.55145585701305,-112.20472025000001,16,[33.4485585,-112.345676,33.6543532140261,-112.0637645],[27,11,57,39,145,185,99,120,177,140,24,26,33,63,71,72]
TGlr1EFCNtnMZLki2pYBSw,33.582071,-111.9290497,4,[33.582071,-111.9290497,33.582071,-111.9290497],[99,24,185,11]
n8oSlEeaWHLE-PZ3a4GHtw,33.38771,-111.81609800000001,4,[33.38039,-111.876204,33.39503,-111.755992],[43,11,398,54]
xVmi7oLJ6KI-N9kqcIMQ7A,33.4005416,-111.94438265,4,[33.3792532,-111.960264,33.42183,-111.9285013],[126,11,98,7,292]
iJkYQb314y6bkuVUK-49pA,33.567066100000005,-112.19611345,8,[33.4953761,-112.3891486,33.6387561,-112.0030783],[123,65,84,6,21,359,7,142,99,11]
adYibSe5Sowa6DEH-tTCbg,33.5022311,-111.924255,2,[33.5022311,-111.924255,33.5022311,-111.924255],[126,97,307,11]
R9FyRhL305takxCWbzstvg,33.4982982,-112.02191965,7,[33.487386,-112.048021,33.5092104,-111.9958183],[11,27,63,24,177,33]
v1WTrIocPtuiDNIGSn4Rng,33.43765345,-111.8878819,53,[33.3783296,-111.96418,33.4969773,-111.8115838],[28,17,29,39,38,99,128,11,119,48,101,26]
b2y9o2o1LqXARCp5iwNtXg,33.430770800000005,-111.98850519999999,43,[33.2618154,-112.1164668,33.5997262,-111.8605436],[99,126,11,6,77,35,76,168,169,24]
7cR92zkDv4W3kqzii6axvg,33.53301515,-112.02183314999999,190,[33.2464762,-112.2204802,33.8195541,-111.8231861],[33,99,11,49,368,399,109,38,265,39,351,57,7,108,120,24,206,41,400,162,98,27,63,26,128,48,168,144,119,88,89,177,140,469,40,30,13,6,126,35,139,34,441,137,157,103,93,3,61,212,43,142,44,71,72,146,36,333,145,186,182,201,101,322,102,298,225,375,28,170,361,210,311,185,52,17,29,341,273,10,416]
NCtti3yeSrYN6KTlPCleeg,33.30617,-111.9747,1,[33.30617,-111.9747,33.30617,-111.9747],[119,11]
2uPrmlsZ6RE_qvgc2TwmNQ,33.32141485,-111.79073679999999,5,[33.3069425,-111.8590672,33.3358872,-111.7224064],[117,11,65,133]
WZ1mZheC-4ZzNyH-ezouTQ,33.624524,-111.929685,20,[33.624524,-111.929685,33.624524,-111.929685],[6]
GTlNnU21paMJ0Klb8yhzMg,33.5307059511645,-111.91502108103,2,[33.45476,-111.9870611,33.606651902329,-111.84298106206],[28,17,29,322,57,190]
qhWG_4s0g-r7EfCOE91TtA,33.479887,-111.992309,3,[33.479887,-111.992309,33.479887,-111.992309],[224,11]
2SNLR7_mb5DI8nSU1C-pyA,33.4288251,-112.15434875,5,[33.3924669,-112.2392961,33.4651833,-112.0694014],[27,11,99]
AwslanTPPLfowPByrCo2KQ,33.5092237,-112.0593819,1,[33.5092237,-112.0593819,33.5092237,-112.0593819],[78,79]
Qh7_5dGoYFooZ9LAtfN_ZQ,33.4248802613225,-111.940198838711,20,[33.4248802613225,-111.940198838711,33.4248802613225,-111.940198838711],[7,292,142]
FVCzJiNoszrUSLCuG9KnOg,33.56299855,-111.8480354,22,[33.2937998,-111.9741847,33.8321973,-111.7218861],[57,27,39,145,11,265,26,97,99,7,63]
5RNHj57UYLKbqKNy3r7zuA,33.48045822403005,-111.83338855687549,23,[33.3070935480601,-111.9266207,33.6538229,-111.740156413751],[119,11,46,6,35]
svP9WkoIMN3Wta7W9ZhawA,33.497198,-112.0560916214115,24,[33.482871,-112.083116517711,33.511525,-112.029066725112],[7,108,48,11,210,38,39,24,36,182,65,133,43,8,169]
inGUGKqPBAhJsrFRCdbJMA,33.525293000000005,-111.93282195,16,[33.4240085,-111.9401874,33.6265775,-111.9254565],[63,27,11,33]
KHzLvvE-a-DDbovdstBDXA,33.6702783,-112.2017491,1,[33.6702783,-112.2017491,33.6702783,-112.2017491],[7,162]
Opp_Hngw8SudTWbgWFUm-w,33.494238,-111.977849,2,[33.494238,-111.977849,33.494238,-111.977849],[33,11,27,63]
CpHvjUUBLj5agaEy4x2pRA,33.468226,-112.221156,5,[33.468226,-112.221156,33.468226,-112.221156],[224,11]
nRXxA6SjZaekHuyhOkq3ZA,33.8321973,-111.9453694,1,[33.8321973,-111.9453694,33.8321973,-111.9453694],[26,11]
37x_Co5FP6HkPnPcVDWl2w,33.45354465,-112.07104915,116,[33.4514309,-112.0719926,33.4556584,-112.0701057],[38,181,39,40,11,48]
3u7thIRCwAcn9lZxtLwXPg,33.348908,-111.874796,4,[33.348908,-111.874796,33.348908,-111.874796],[88,38,39,298,11]
3oZLf4DAxOeHFm8duYAcxQ,33.2359121,-111.789788,1,[33.2359121,-111.789788,33.2359121,-111.789788],[185,11]
r5uiIxwJ-I-oHBkNY2Ha3Q,33.5566825,-111.961779215069,200,[33.43475,-112.00644,33.678615,-111.917118430138],[26,11,13,6,115,28,170,33,44,158,17,29]
XqVGNGqI7m0KIkFrYDr9Eg,33.479268,-111.910343,1,[33.479268,-111.910343,33.479268,-111.910343],[64,104,65,133]
PSU5l7OXKERkLy2mpQAVkQ,33.3358627,-111.85865485,52,[33.3090064,-111.8761389,33.362719,-111.8411708],[26,11,89,168,42,43]
wbALZJ-ujPW84F2zC8__Iw,33.2603455,-111.835091,11,[33.244018,-111.841764,33.276673,-111.828418],[129,175,332,79,121,49,417,80,59]
zpFyNx7UId-nFl-FUAlOGQ,33.337881422397004,-111.75685435739749,41,[33.321061644794,-111.7897898,33.3547012,-111.723918914795],[99,11,7,108,48]
BoxtWFA_xA1jb0ks0JRyPg,33.5515097,-112.2691041,2,[33.5515097,-112.2691041,33.5515097,-112.2691041],[109,38,265,39,11]
jqu0JshfGXN8OGDEJIF06g,33.6697457,-112.2805558,1,[33.6697457,-112.2805558,33.6697457,-112.2805558],[106,54,107]
m-yz6qixMwj_Nvg5eBEPjw,33.6196465,-111.8734676,2,[33.6196465,-111.8734676,33.6196465,-111.8734676],[96,72,71,73]
LhqKsqvsvXiSb2TbbuW_8g,33.5670375,-111.9184649,14,[33.5670375,-111.9184649,33.5670375,-111.9184649],[11,63]
rF1tKHwc7orgO93Q9_nDnA,33.5645629,-111.9154217,5,[33.5645629,-111.9154217,33.5645629,-111.9154217],[88,38,99,39,11]
FIin1o5cJb8thgJuP8eLCA,33.61104685,-112.10436205,113,[33.4952867,-112.3556173,33.726807,-111.8531068],[28,158,17,29,57,99,7,36,69,11,49,178,38,48,39,40,265,185,26]
ep1npsDvCV2aZgQDAxkrtg,33.479992,-112.076718,5,[33.479992,-112.076718,33.479992,-112.076718],[307,27,172,11]
DX26vQmYOdVidc4lkhqcXg,33.6239149,-111.9255304,1,[33.6239149,-111.9255304,33.6239149,-111.9255304],[48,11]
-Ccq8ISltxIkht_eWUVOiQ,33.5318322,-112.04286095,2,[33.494205,-112.1093159,33.5694594,-111.976406],[34,6,32,35,90]
NsB9EOfVH72FeGKmpDVgdg,33.5881614,-111.8378867,7,[33.5881614,-111.8378867,33.5881614,-111.8378867],[43,11]
w_birax6_q6jX2E_3ry85g,33.4208565,-112.051537,4,[33.378405,-112.074519,33.463308,-112.028555],[54,55,122,109,38,48,39,11]
R_EwoY1qQv4t1fTPpinC6Q,33.6256600246792,-112.414919428194,2,[33.6256600246792,-112.414919428194,33.6256600246792,-112.414919428194],[78,79]
oi-tgZKcwSC4Mx5EdMecTQ,33.3564868,-111.97956744999999,3,[33.3055166,-111.9798699,33.407457,-111.979265],[474,11,177]
ljW6fHx9ygmNTvNJsdtRWQ,33.3547012,-111.7897898,3,[33.3547012,-111.7897898,33.3547012,-111.7897898],[7,108,48,11]
09pyHyFfrOFiz9IzYgMixw,33.3313401,-111.9827084,1,[33.3313401,-111.9827084,33.3313401,-111.9827084],[63,27,11]
eL-pnXODdyMwABMmLOrwKA,33.48598015,-112.018001,200,[33.43475,-112.029562,33.5372103,-112.00644],[28,170,161,65,17,29,49,66,52]
R3OrJF4kNmXhMwcIon9fiw,33.5825532,-111.9301931,2,[33.5825532,-111.9301931,33.5825532,-111.9301931],[38,212,41,39,11]
AKysWH0MHHkC6FquO85YWw,33.304775,-111.947948,28,[33.304775,-111.947948,33.304775,-111.947948],[33,11]
RnQWoV3kbWTPuqKNC_8OMw,33.326164500000004,-111.9049885,8,[33.317771,-111.974436,33.334558,-111.835541],[99,11,112,6,254,7,139]
Pc6oM1OHdl82PUoumiPzmw,33.5767333,-112.1251993,1,[33.5767333,-112.1251993,33.5767333,-112.1251993],[49,80,82,59]
PDxoMKnu1oQIIN-c4fXJLg,33.610963,-111.927561,1,[33.610963,-111.927561,33.610963,-111.927561],[7,11,63]
lyESkeFLTfHNwTCH5H5jnw,33.4657355,-112.00768,4,[33.364213,-112.103575,33.567258,-111.911785],[38,39,11,7,142,43,33,74,296]
gSDa8aavNsQqpWUIKWAt-A,33.3921005,-111.99385605,83,[33.293081,-112.079081,33.49112,-111.9086311],[373,182,41,11,279,54,317,236,103,7,142,49,146,39,341,80,59,38,26,40,48,96,72,71,269]
kCK4KfylQfB-pF2dIiireQ,33.50405945,-111.99559020000001,3,[33.498915,-112.0629224,33.5092039,-111.928258],[38,265,39,11,26,33,99,44]
ZozIY8FI83AldgAheMGRFQ,33.5754755,-112.0651592,3,[33.5754755,-112.0651592,33.5754755,-112.0651592],[119,11]
9p-Up0aAADjvB-jZLqQegA,33.6722465,-111.8904642,1,[33.6722465,-111.8904642,33.6722465,-111.8904642],[11,63]
JkUJz70emHJOM8XVF-stTA,33.590403,-112.0584289,8,[33.502191,-112.1868299,33.678615,-111.9300279],[168,265,11,38,39,63,27,48,99,33,128,109,126,97,251]
6qPW7xiN3flRLpTZroIEaA,33.443814044297994,-111.7598235,15,[33.300506,-112.038676,33.587122088596,-111.480971],[49,52,48,11,140,192,323,223,185,26,15,6,191,28,102,190,103,181,229]
gkj-VItnddtySKudMuSjbw,33.486068,-112.073085,2,[33.486068,-112.073085,33.486068,-112.073085],[49,6,65,193,59]
Njphjhi6V2nCnR1RxhkG2Q,33.3022417,-111.9110547,200,[33.3022417,-111.9110547,33.3022417,-111.9110547],[99,11]
uhv1yOLkG-8rMPV5ybr2hg,33.48074925,-112.0023749978335,18,[33.4500865,-112.080631,33.511412,-111.924118995667],[303,17,152,11,63,119,99,48,24,120,322,102,57,103]
0hKFvWnpaVWbRh53ATIgNw,33.44590913898085,-111.87381895,7,[33.383123,-111.964485,33.5086952779617,-111.7831529],[99,11,41,49,146,276]
zlXZI7Z_6MayvMt5GPnK2Q,33.5997262,-111.9872563,2,[33.5997262,-111.9872563,33.5997262,-111.9872563],[126,11]
4Zm-u2Goe7_xo1O8gXzGfQ,33.4443888,-112.0049669,5,[33.422728,-112.0584398,33.4660496,-111.951494],[88,38,39,89,11,10,24]
O5Ny7V84d8NkPCQCwrWfCg,33.548857,-111.96268345,22,[33.347139,-112.0651799,33.750575,-111.860187],[289,6,77,35,76,13,115,27,11,212,33,72,63,26,202,148,7,154,48,206,224,49,52]
NxbJxX5FwCOy1513RoGHdw,33.5863272,-111.927681,2,[33.5863272,-111.927681,33.5863272,-111.927681],[106,279,54,424]
1pL7CXGW22Rl9OTqpF_xwA,33.4571599,-112.0699779,13,[33.4571599,-112.0699779,33.4571599,-112.0699779],[38,48,39,11]
b6rnC3ZQhU_02yqr7t5VEg,33.3050704,-111.9918344,3,[33.3050704,-111.9918344,33.3050704,-111.9918344],[64,65]
LxrUDo6ICyKZoXoUbi7HsA,33.5818637,-112.1879216,1,[33.5818637,-112.1879216,33.5818637,-112.1879216],[98,7]
jV448syTIP9qGpzlknP_0Q,33.4213564,-111.97331,7,[33.3941258,-112.071756,33.448587,-111.874864],[38,48,39,11,265,126,101,33,128]
ce8EIWnx8vBzhi8SrTdqCA,33.578192599999994,-111.9541232,76,[33.3406452,-112.1240864,33.81574,-111.78416],[177,140,11,7,142,38,26,128,39,28,17,29,112,6,254,202,72,63,49,445,66,52,421,65,27,311,99,57,69,126,97,333,326,127,54,55,122,48,98,119,24,182,77,35,76,265,352,33,44,32,95,222]
vDrSVjYnaJJEWogx9sI0NQ,33.51958965,-111.95018655,74,[33.4931793,-111.96828,33.546,-111.9320931],[265,11,39,26,127]
lLCGNekG5e1MSAl0G9l_TA,33.423805,-111.735789,1,[33.423805,-111.735789,33.423805,-111.735789],[99,11]
2Sf25jQnclHY7TMSH4vMKA,33.385381550000005,-111.94099225,18,[33.3353078,-112.0739136,33.4354553,-111.8080709],[309,285,11,84,147,132,133,65]
wNxyGjz8b46qT1KAHjuYrQ,33.60453058213905,-111.73967635,4,[33.6005624,-111.7630419,33.6084987642781,-111.7163108],[27,11,109,38,48,39]
JcsgdLl4HcmAHMRhgsBK7Q,33.47133791967775,-112.273113087842,9,[33.4330978393555,-112.557640075684,33.509578,-111.9885861],[7,162,26,11,126,97,172,28,17,29,340,63,27]
g_JRehJSw14NOeMJco8mBA,33.5748325,-111.90587099999999,29,[33.333925,-112.027582,33.81574,-111.78416],[49,80,82,59,7,108,71,72,38,11,99,128,39,52,66,24,193,84,262,119,201,26,57,36,69,106,54,107,13,6,4,12,160,50,96,73,339,32,95,222]
oQiZqekv5fWTaQmyf7v70A,33.535389550000005,-112.0716971,11,[33.5095669,-112.1012912,33.5612122,-112.042103],[26,11,96,72,227,32,90]
vQayPl7cix0BFaSiL_t5XQ,33.4625859,-112.01966504999999,67,[33.2854407,-112.5016551,33.6397311,-111.537675],[7,449,108,38,11,99,128,39,46,6,13,30,18,17,157,103,182,48,140,57,56,49,28,506,52,138,8,139,170,15,191,168,181,229,470,145,306,333,322,64,65,29,119,40,26,305,143,120,63,88,298,97,219,218,41,117,27,98,10,9,265,421,172,43,89,24,102,177,126]
dOflbRPSIRfbzxiDke5Rdg,33.321061644794,-111.723918914795,8,[33.321061644794,-111.723918914795,33.321061644794,-111.723918914795],[99,11]
ATTZIoznhbRhmrwjubid3Q,33.43475,-112.00644,1,[33.43475,-112.00644,33.43475,-112.00644],[28,170]
vyfsQo-estP8EfiIFMsL6g,33.467053,-112.0488899782485,200,[33.4315119,-112.168103456497,33.5025941,-111.9296765],[117,11,119,127,26]
BHFzGBi1E9pp-o6sLC6EFA,33.584152849999995,-112.05631905,108,[33.5024987,-112.1867434,33.665807,-111.9258947],[44,26,11,7,292]
GyNKmN3dHgdH0GZz2ZmU6Q,33.6230412,-111.9197804,1,[33.6230412,-111.9197804,33.6230412,-111.9197804],[28,190]
zTsmAf00pgEtbY2rs3LWyg,33.3497113609575,-111.929925579031,1,[33.3497113609575,-111.929925579031,33.3497113609575,-111.929925579031],[7,108,338,201,11]
EicId5hzay6upluQeoWrlg,33.524001,-112.044564,1,[33.524001,-112.044564,33.524001,-112.044564],[95,374,165,32,164]
ffanvUeGxJ9-GQCf41BW-A,33.53831425,-111.97243714999999,200,[33.43065,-112.1011633,33.6459785,-111.843711],[7,162,27,11,33,265,57,327,161,195,65,119,182,99,28,17,29]
4ysxYAQh11kiQ5uLGmjKiw,33.51030585,-111.8442418,165,[33.3880332,-112.0047638,33.6325785,-111.6837198],[99,11,153,17,62,246,18,28,29,120,98,7,63,27]
dEZL6rpZwDhFbuCxHoS2kA,33.57908495,-112.00469935981451,5,[33.4803159,-112.0805886,33.677854,-111.928810119629],[24,172,11,119,48,201,7,108]
PCTl-V7_6HFuhWc-IfyNfA,33.4157354,-111.6995595,3,[33.4157354,-111.6995595,33.4157354,-111.6995595],[39,38,99,128,11]
EUlHiZJMeqjK5lccbbpp_w,33.3105305,-111.81474225,11,[33.236319,-111.8753205,33.384742,-111.754164],[106,54,107,7,137,8,139,12,13,6,22,39,38,48,128,11,99]
Ck0Rjw3sS3OBeMpt8JGDOw,33.3550442,-111.7895308,6,[33.3550442,-111.7895308,33.3550442,-111.7895308],[185,11]
hkXeZdoz2uk1ZLORqYQ47w,33.33032025,-111.84588475,8,[33.3059393,-111.9019797,33.3547012,-111.7897898],[7,139,416,36,26,11,108,48,225,373,196,43]
xAvCcBGT9863vOjMgTFx0g,33.425207,-112.3566862,200,[33.425207,-112.3566862,33.425207,-112.3566862],[26,11]
Zj9sMFr_NgnBZDz7UNCJ4Q,33.673033,-112.237787,3,[33.673033,-112.237787,33.673033,-112.237787],[64,65]
0AE0egFFTmQDL-NC_tOapw,33.4640982988196,-112.073568999767,1,[33.4640982988196,-112.073568999767,33.4640982988196,-112.073568999767],[212,97,11]
qv5YkUjRSRN0IlFMQdAp2g,33.4757296,-111.91906165,20,[33.4654569,-111.926895,33.4860023,-111.9112283],[7,139,416,63,27,11,33,119]
TmJ_hQoKL8KBevB7sVGJMw,33.43383695,-112.15270455,4,[33.3852846,-112.3408511,33.4823893,-111.964558],[212,11,46,6]
r7D0pHMJC_tsh3lsF-q_SQ,33.5337282011645,-111.89537323102999,197,[33.4608045,-111.9477654,33.606651902329,-111.84298106206],[38,99,39,40,48,11,57,470,145,7,142,24,322,28,190,119]
7OqeO0eqe805StjppUvUFA,33.304775,-111.947948,68,[33.304775,-111.947948,33.304775,-111.947948],[33,11]
C66OAZqecWjVHV2kHhH43A,33.40343525,-111.9202913,34,[33.3702541,-111.9741847,33.4366164,-111.8663979],[48,11,265,158,28,4,6,100,425]
-TJV_PUPOIM7a8smBCzg_A,33.5908197,-112.2515876,200,[33.5908197,-112.2515876,33.5908197,-112.2515876],[28,17,29]
gC6WepAOQr_9qYpdoSgI0w,33.392030671322004,-111.92954608765001,18,[33.362444,-111.9466751753,33.421617342644,-111.912417],[63,27,11,15,6,191]
na9NcTh3l12ZlsXXyJc6Lw,33.450513,-111.48069,4,[33.450513,-111.48069,33.450513,-111.48069],[265,99,11]
dJR3uIQyZHvVv9MygN6ukw,33.577691,-111.927632,1,[33.577691,-111.927632,33.577691,-111.927632],[49,80,82,59]
6yTkDWCDGGH_5-Pr165WUg,33.3589566416876,-111.814277,17,[33.3048512833752,-111.875533,33.413062,-111.753021],[229,11,109,38,48,39,168,43,212]
kASDrzMXITaZdYoLRekVFw,33.3905226,-111.759737,156,[33.2614572,-112.073781,33.519588,-111.445693],[46,6,48,11,21,358,333,7,142,311,49,178,57,186]
N1Fuak5n6mjqFoNa_LgrxQ,33.5100398,-112.0146407,111,[33.5100398,-112.0146407,33.5100398,-112.0146407],[33,38,39,11]
EjCDToCUiIf1_ZtqG6yyyw,33.5801548,-112.0679634,20,[33.4471735,-112.2712148,33.7131361,-111.864712],[54,55,224,11,7,142,352,48,63,218,27,24,182,140,168,99]
lnfHbiKzCIlM6Ed4M2BAtQ,33.3135389,-111.8412612,1,[33.3135389,-111.8412612,33.3135389,-111.8412612],[26,11]
4HFgiEBxnR4jh1diIvszDQ,33.5229858,-112.0476585,2,[33.5229858,-112.0476585,33.5229858,-112.0476585],[48,11]
u4kF4tOa3XMAY6BwsijTNQ,33.537295799999995,-112.05191895,21,[33.4354553,-112.1783249,33.6391363,-111.925513],[212,63,97,11,32,203,168,26,43,206,210,49,469,177,140,24,33,120,117,99,309,285]
YLSi4eL9uXDtoBjURQzIXg,33.5168513,-112.0824552,1,[33.5168513,-112.0824552,33.5168513,-112.0824552],[26,11]
QTLfwJRsBbIVFm0Ry3oe1A,33.4922188,-111.9241193,32,[33.4922188,-111.9241193,33.4922188,-111.9241193],[259,260,11]
on91ZE-U_IVRibX_dM6IQQ,33.509423850000005,-112.0004528,28,[33.4216347,-112.0740474,33.597213,-111.9268582],[183,65,224,11,127,48,7,24,47,27,26,38,39,99,126,88,128,33,307,79,121,49,52,63]
bZ2UWci8XO6Kl8J5fhmtBA,33.657188,-112.374994,2,[33.657188,-112.374994,33.657188,-112.374994],[33,44,11]
1SXMJcrTaQA0HmwNK98bSA,33.6502474,-111.89294305,7,[33.6275125,-111.8954112,33.6729823,-111.8904749],[98,7,24,11,27]
NC2gher8TLShBK8hnYoBmQ,33.405893,-111.839689,1,[33.405893,-111.839689,33.405893,-111.839689],[7,1,189]
NwhNgO4hHm8FzlZ1WZM1Kg,33.484487,-112.07643,1,[33.484487,-112.07643,33.484487,-112.07643],[224,11]
34gJ_KlP3RM6jotNT6TcDQ,33.35531475,-111.9380696554075,200,[32.9953532,-112.390394210815,33.7152763,-111.4857451],[33,11,30,8,13,6,7,110,61,70,72,154,99,117,24,38,39,40,26,161,28,65,17,29,57,327,48,18,102,103,49,66,46,149,97,119,63,27,142,93,3,44,43,109,32,95,222,209,212,41,177,155,54,156,98,265,128,35,76,306,96,123,292,185,51,206,10,333,145]
skiZJN5OJTyyqP2oRVNhoQ,33.468954249999996,-111.92927309999999,16,[33.3547012,-112.0687564,33.5832073,-111.7897898],[38,7,47,88,39,48,11,108,119,109,63,27,24]
1VLDqDrvx7ZPI9qlXrU9lw,33.6241241,-111.9307637,1,[33.6241241,-111.9307637,33.6241241,-111.9307637],[168,265,11]
GjNDNAbmlFbER9ar7S4zTg,33.64932423714,-112.08226781668449,5,[33.62758,-112.134346,33.67106847428,-112.030189633369],[38,11,39,27,128,63,10]
kOGj0Gh094ghsg8GI4WfHg,33.3712802,-111.93397435,2,[33.349571,-111.956978,33.3929894,-111.9109707],[96,72]
DV7XGdZZT-7nOIF2cSXoWg,33.51315,-112.073765,3,[33.51315,-112.073765,33.51315,-112.073765],[11,63]
jYn5EJqWPYo-GA_dNSIy5g,33.70757055,-112.0998472,6,[33.5708131,-112.133957,33.844328,-112.0657374],[26,11,7,33,142]
G8YrBFZS2Kb5LQCap-br_g,33.4346216,-111.98855035,5,[33.4220697,-112.073781,33.4471735,-111.9033197],[48,11,7,139]
ncHyBw9G0ez6bpbZtaFtjQ,33.6482582,-112.04065495,76,[33.640832,-112.151282,33.6556844,-111.9300279],[126,11,99]
N_q2Wv1ckXqLMuIRaAzYNg,33.62706245,-111.99757005,200,[33.4219276,-112.067833,33.8321973,-111.9273071],[26,11,38,6,145,186,57,39,7,108,119]
xTVriJbT-GKog9n28xI7rA,33.4471778,-112.0744503,2,[33.4471778,-112.0744503,33.4471778,-112.0744503],[49,38,39,128,341]
h0soVH3VlB0bTEa4yH6yCw,33.628251,-112.238064,21,[33.628251,-112.238064,33.628251,-112.238064],[39,11]
fKaO8fR1IAcfvZb6cBrs2w,33.4988545,-112.308763,6,[33.459613,-112.357458,33.538096,-112.260068],[99,11]
m4s_m9t1i7y_c6tjB_y5qA,33.4688705668705,-111.9978770684965,67,[33.446195133741,-112.072327136993,33.491546,-111.923427],[26,11,119,265]
RMX11FC48KZTYIeExtGUCw,33.59039541591255,-112.07568288382001,200,[33.311373,-112.613772,33.8694178318251,-111.53759376764],[99,11,38,39,40,24,26,57,306,109,265,7,108,43,224,8,6,45,71,72,282,96,49,304,251,155,54,48,194,102,103,52,4,425,44,60,10,119,55,256,126,97,149,387,284,35,309,169,285,27,138,139,361,185,88,47,78,79,210,33,142,293,128,64,65,364,168,145,205,292,30,13,61,101,341,143,36,70,200,182,87,63,177,41,42,120,212,201,106,107,150,17]
01nTwhHBaw8AHjQDb7JGBw,33.45706265,-112.249872,65,[33.4501203,-112.261141,33.464005,-112.238603],[26,11,28,17,29,168]
BczSuuwszIGmSb5kkxkrTA,33.4451959,-111.967029,15,[33.2664769,-112.01424,33.6239149,-111.919818],[65,133,7,47,48,11,88,38,39,352,28,170,26]
vVikNvRpNzUAwVwV6-6a5A,33.388095,-111.836486,1,[33.388095,-111.836486,33.388095,-111.836486],[49,312,146,17,152]
q3Aemeb_BXf1ZafynZ7Qfg,33.4976094,-111.95373845,6,[33.4205005,-112.0466072,33.5747183,-111.8608697],[27,11,54,55,122,7,36,99,96,72,24,108]
jWvzAN1czxypi-GM1KY62g,33.4936444,-112.0405226,111,[33.305824,-112.239795,33.6814648,-111.8412502],[338,382,206,11,119,109,38,48,39,7,139,423,6,204,65,27,140,40,74,24,36,8,247,33,99,246,17,54,55,122,256,127,21,35,77,158,28,108,26,340,177,117,214,138,161,212,148,70,309,285,43,225,250,201,98,9,10,61,13,219,218,41,307,63]
bCBPk0Yh-hRUtsCa8r_obw,33.43475,-112.00644,128,[33.43475,-112.00644,33.43475,-112.00644],[33,11]
uOLoH1Z_CCaVeMlik75ptg,33.677854,-111.978579,1,[33.677854,-111.978579,33.677854,-111.978579],[27,11]
SfDerUF2N2Hx9D84VrXpug,33.3676093,-111.9275975,20,[33.3022462,-111.981558,33.4329724,-111.873637],[46,6,99,11,27,63,26,212,43]
wWw9yvEatRh9rboISLxhfQ,33.4655863,-111.9279622,30,[33.4655863,-111.9279622,33.4655863,-111.9279622],[7,24,47,27,11]
X29HJnXiJLDp9TARWvGBdQ,33.6457733548764,-111.917087765069,30,[33.6455682097528,-111.917118430138,33.6459785,-111.9170571],[33,265,11,28,158,17,29]
zuBbjT0Kpn4AEJG0RueoNg,33.55933645,-112.0056492,30,[33.480203,-112.083886,33.6384699,-111.9274124],[26,11,7,108]
Y2pY1IV3o9bkE09P0tcL7A,33.4377111,-112.4268472,2,[33.4377111,-112.4268472,33.4377111,-112.4268472],[126,11]
bg96VMOS5dSRIlacioa7lA,33.4804921,-112.0221966,1,[33.4804921,-112.0221966,33.4804921,-112.0221966],[11,63]
HYKk5lvFFgYWitDUE6LAJA,33.4214126082706,-111.942980289459,4,[33.4214126082706,-111.942980289459,33.4214126082706,-111.942980289459],[7,108]
HFLqS8l4pAoiAmoO_IkyHw,33.363590599999995,-111.80510305,7,[33.3496582,-111.8212381,33.377523,-111.788968],[26,11]
pXsLIjP9traFHLKWYSw_4Q,33.425824,-111.938976,1,[33.425824,-111.938976,33.425824,-111.938976],[28,17,29]
sfW-_XJq05Xr_v73z0aKcg,33.4346825157367,-111.994403600693,61,[33.4346825157367,-111.994403600693,33.4346825157367,-111.994403600693],[39,38,99,128,11]
Em8tWUhUj-S6Twy5feX2zw,33.6644693,-112.1172333,2,[33.6644693,-112.1172333,33.6644693,-112.1172333],[106,279,398,54]
mFBIR5jpfIIUYY9_D3Lkiw,33.5324849,-112.2603562,10,[33.5324849,-112.2603562,33.5324849,-112.2603562],[46,13,6,30,18,17]
DR0i2mQbCfmTR-QlIrytzQ,33.497955,-111.922086,12,[33.497955,-111.922086,33.497955,-111.922086],[28,17,29]
-7QLQjEjDDcA_Zi2oUk1JA,33.3088284,-111.7425488,6,[33.3088284,-111.7425488,33.3088284,-111.7425488],[7,48,47,11]
0u-qkHjONo3qETVvztPzkw,33.5131565,-112.0651275,3,[33.5131565,-112.0651275,33.5131565,-112.0651275],[6,77,378,35,32,76]
CBCdt-bHZkV5nP1Z2-UOIg,33.494205,-111.931447,1,[33.494205,-111.931447,33.494205,-111.931447],[48,11]
kBM2vv1yEDqByi5FvucHYw,33.6627883,-111.9438127,11,[33.4922985,-111.9638394,33.8332781,-111.923786],[109,38,39,48,11,7,108,212,126,293,449,89,210,99]
Pq1xwHm68a6cGKGvVnd9ow,33.5977378004615,-111.92674057399401,7,[33.5555237,-112.019165147988,33.639951900923,-111.834316],[126,97,11,218,7,292,139,8]
9KNhEex2ShNi6DqWtJFVTA,33.4590034,-112.3579588,25,[33.4590034,-112.3579588,33.4590034,-112.3579588],[28,17,18,29]
Amk6N13po0Xx6G9YEaXjrA,33.4800404,-111.9797946,34,[33.4800404,-111.9797946,33.4800404,-111.9797946],[28,17,29]
A5cq0_cL66nzt4E0Iady3A,33.368272437485146,-111.812579316618,7,[33.2558458749703,-111.986064,33.480699,-111.639094633236],[7,36,357,39]
s0HaeogJKD8alBPWVZKllQ,33.577053,-111.9780625,10,[33.455036,-112.038676,33.69907,-111.917449],[8,7,138,139,192,323,11,26,38,128,39]
8T2QKmbnpai9zxo5GWsppA,33.4471735,-112.073781,5,[33.4471735,-112.073781,33.4471735,-112.073781],[119,99,11]
1_Yg0xc06nSFtoeDiJnbeQ,33.426351,-111.940137,25,[33.426351,-111.940137,33.426351,-111.940137],[1,427,384,507,426]
hNzMjcsim3RIjZxHt-fwRA,33.5022111,-112.07353515,3,[33.4657642,-112.103916,33.538658,-112.0431543],[49,50,52,129,121,79]
rfAWfNc7dg5b4OKvFvPg1A,33.4964195568733,-112.05055005,14,[33.4549678,-112.174034,33.5378713137466,-111.9270661],[33,119,99,11,224,251,63,27,24]
VIWQXIY1SgERYt7KucWV0w,33.3941184,-111.9091208,1,[33.3941184,-111.9091208,33.3941184,-111.9091208],[212,361,11]
DSttCu2aXALtmSGDkSNVbg,33.5564412452429,-111.965387217285,4,[33.51256,-112.039829,33.6003224904858,-111.89094543457],[104,65,81,54,220,398]
pWSla3OcnYlcaO7fIQWNNg,33.68209685,-112.2273031,4,[33.652057,-112.253132,33.7121367,-112.2014742],[43,11,27]
bTJAs9LVVjQJH86ZBjBk_w,33.44260685,-112.14491905,14,[33.4366655,-112.3495127,33.4485482,-111.9403254],[49,17,152,341,285,185,11]
fR6Vch-D0L6OBnLMl8f9Sg,33.60469915,-111.96125705,200,[33.3355265,-112.1502292,33.8738718,-111.7722849],[10,48,24,11,88,7,38,47,39,46,13,6,372,30,322,57,56,26,292,212,119,28,17,29,142,224,109,63,8,148,77,35,76,85,45]
ECu3opQbwu5Mu65sSBwwaw,33.499499,-111.927402,16,[33.499499,-111.927402,33.499499,-111.927402],[48,11]
6ZJsBHO8F9VRAdjWu7JNKg,33.4836220310632,-112.0739342588555,3,[33.472674,-112.083116517711,33.4945700621264,-112.064752],[11,63,7,8]
ACEebZLd0IoMSsYd6t76QA,33.6117382,-111.9969697,10,[33.6117382,-111.9969697,33.6117382,-111.9969697],[11,63]
pWlqf_7euQnicB7_mUPTZA,33.5741389,-111.92328309999999,30,[33.5019817,-111.9276185,33.6462961,-111.9189477],[99,48,11,26]
cj6cRgB8qiMyZ3Zs3Xj_Zg,33.396551,-112.0107165,13,[33.301457,-112.073629,33.491645,-111.947804],[38,140,39,40,48,11,109,49,80,82,59]
kNbtriClJ6R2jFGWfj8Y9A,33.4940321,-111.9218306,15,[33.4940321,-111.9218306,33.4940321,-111.9218306],[119,26,185,11]
S9syT7WRGLFvI2T_mkLxJw,33.4329724,-111.9043028,92,[33.4329724,-111.9043028,33.4329724,-111.9043028],[57,99,91,11]
pbaWQn9vhAuJ77II2MyoJA,33.4712689,-112.06061455,7,[33.4484279,-112.0740398,33.4941099,-112.0471893],[60,6,7,36,8,247,32,95,222,142,108,119,11]
1N3IoAoTIKNamQrhoVnLVg,33.645812649999996,-112.1769899,31,[33.6379403,-112.2183588,33.653685,-112.135621],[338,382,206,11,7,108,182,194,172]
rdGA5FcAvp77uyogM0dQ1Q,33.5083781,-111.9258659,9,[33.5083781,-111.9258659,33.5083781,-111.9258659],[161,28,65,17,29]
36vB3qw1EclqF9jYZfoAyw,33.479887,-111.992309,1,[33.479887,-111.992309,33.479887,-111.992309],[224,11]
xgvDpy5XIFdXaMPRTlpOZA,33.3717688,-111.81504505,11,[33.313876,-111.9405001,33.4296616,-111.68959],[49,52,322,57,7,36,38,39,109,53,54,55]
JQ_lspaP6wwVlHVQAO-qGA,33.4106974,-111.96968,1,[33.4106974,-111.96968,33.4106974,-111.96968],[260,265,11]
k0Xd06JnqtRSksUqlWsAKQ,33.8701661,-112.1512485,1,[33.8701661,-112.1512485,33.8701661,-112.1512485],[177,140,11]
G3Jg7zR3jMb6jwBxg9-wcg,33.49497598598555,-111.9374818865235,200,[33.4892987719711,-112.0739689,33.5006532,-111.800994873047],[117,11,27,63,24,49,387,48]
MsssdK1rwgR7Krwc8oRSUA,33.42290465,-112.0058034,54,[33.34697,-112.0846008,33.4988393,-111.927006],[21,6,35,70,76,49,52,13,61]
f-HPPzAQslph612-4iVeCQ,33.4697881,-111.9344354,55,[33.33985,-112.079081,33.5997262,-111.7897898],[206,11,430,126,97,7,108,48,28,17,29,185,120,63,27,333,352,373,196,43]
LpUm2WFJDahp5ShRJ2F4Ag,33.3261947,-111.9810764,2,[33.321342,-111.982554,33.3310474,-111.9795988],[98,7,9,11,108,24]
QV5h0AFxmZ5h7ZbZvRbYHw,33.321061644794,-111.723918914795,1,[33.321061644794,-111.723918914795,33.321061644794,-111.723918914795],[99,11]
8Lum1nuHQaS3sh5tyoX2CA,33.5100523,-111.9963126,1,[33.5100523,-111.9963126,33.5100523,-111.9963126],[206,11]
gyYg9pfNHkzsi7lSQyjM5w,33.489906,-112.048002,4,[33.489906,-112.048002,33.489906,-112.048002],[13,6,77,61,35,84,389]
2dBYVQ2JIVHyOgcyMtzqzA,33.425711,-111.94047,2,[33.425711,-111.94047,33.425711,-111.94047],[38,7,47,39,48,128,11]
h9Q2GVwArWzAmGCstBrNgw,33.568277,-111.816891,1,[33.568277,-111.816891,33.568277,-111.816891],[129,278,79]
Z9R_BFt5MFUYVFeCeZ3x6g,33.560039,-112.10099,10,[33.448675,-112.185076,33.671403,-112.016904],[26,11,49,193,59,7,8,84,147,51,47]
korkNSjd3XQ2Apr_IIcosQ,33.4150352,-111.9050998,12,[33.4150352,-111.9050998,33.4150352,-111.9050998],[7,8]
go8iR9E-MfDJqFATDApuVQ,33.5240668,-112.03759729999999,3,[33.4948712,-112.0554926,33.5532624,-112.019702],[98,7,43,11]
6W8g1cFTauSG7GsZGNhIjw,33.407452413422845,-111.83737565376,78,[33.3794495268457,-112.0739136,33.4354553,-111.60083770752],[26,11,309,285,38,128,39]
Jsp7b-7lROFnB7LGugwjOQ,33.499499,-111.927402,2,[33.499499,-111.927402,33.499499,-111.927402],[48,11]
zE0yNDf_URTwGsuvUG22KQ,33.3637131,-111.9631397,4,[33.3637131,-111.9631397,33.3637131,-111.9631397],[26,11]
3zz4LHplVxChBhZh1GS1nw,33.497928,-111.92760899999999,15,[33.497828,-111.927951,33.498028,-111.927267],[352,48,11]
IGAhl3Xd10_Ou549a1E-uQ,33.3306026919055,-111.7731824573975,10,[33.306250083811,-111.822446,33.3549553,-111.723918914795],[33,11,7,292,185,99,26,109,38,39,63]
dGP62dWsotpXzNR1UG1aew,33.377474316355,-111.62838705158251,4,[33.37745163271,-111.637,33.377497,-111.619774103165],[74,27,11,44]
qpFWhb9koSVCC3rb6wB3Wg,33.321985,-111.987816,1,[33.321985,-111.987816,33.321985,-111.987816],[49,80,82,59]
Zof_qo5X5tRQXvkuuR1RzA,33.465919549999995,-111.8739083,17,[33.2847441,-112.1249866,33.647095,-111.62283],[7,194,11,26,57,327,9,119,10,33,4,6,349,434,103,137,139,177,108,168,144,8,49,447]
DGC0QzQG022d2N-j_LaaRw,33.305436,-111.863217,1,[33.305436,-111.863217,33.305436,-111.863217],[99,11]
tUbHQ8vZtQmNBn5eaDGOtQ,33.3201271,-111.8977616,2,[33.3201271,-111.8977616,33.3201271,-111.8977616],[10,44,24,11]
fU8x-3qi65tX19KAyvT4vw,33.521118200000004,-111.8746612,10,[33.402553,-112.219969,33.6396834,-111.5293534],[182,48,140,11,7,247,322,57,56]
kdYW4qNI-O2bCS3A3SHuUA,33.446195133741,-111.97493461419,80,[33.446195133741,-111.97493461419,33.446195133741,-111.97493461419],[265,11]
EWWiBuidTJtHGSYM21i9iQ,33.4047785,-111.81296,27,[33.278073,-112.26167,33.531484,-111.36425],[119,201,11,99,265,185,49,50,52,57,327,304,7,142,120,98,24,97,146]
oZmrNPNWZmFFTlgoHbYUXQ,33.564142000000004,-111.9747244,3,[33.496155,-112.047101,33.632129,-111.9023478],[26,11,84,32,336,318,99]
aHKSvKzfpwfTlu2dMJkzSA,33.440844350000006,-111.99348755,18,[33.3217349,-112.0685027,33.5599538,-111.9184724],[99,11,168,48,63,117,214,182,140,7,10,9,26]
NtTRyZNFFaha4Gpy1JjtBw,33.533525,-111.965872,25,[33.533525,-111.965872,33.533525,-111.965872],[265,11]
kVKVPiBk152FwPPMDYFz6Q,33.6247911,-111.9257312,1,[33.6247911,-111.9257312,33.6247911,-111.9257312],[48,11]
t0NpUgjVBIiiV3FFkrMOXg,33.55794185,-112.09558265,190,[33.4772147,-112.231662,33.638669,-111.9595033],[168,41,11,265,28,17,29]
HRa6ZeUJM7A3yvjZEGykuQ,33.58372895,-111.95265415,7,[33.5285509,-111.979435,33.638907,-111.9258733],[251,224,212,43,11,63,177,140]
wquZVR1hDtF3lmbnNlTNXA,33.4986978,-111.9262675,29,[33.4986978,-111.9262675,33.4986978,-111.9262675],[126,11]
g5MRRw7xTA-BZ_aWuzu-uQ,33.36478,-111.842963,8,[33.36478,-111.842963,33.36478,-111.842963],[71,72]
zI9_LzIQhU8p4k33F8L0jw,33.5988106,-112.0128624,3,[33.5988106,-112.0128624,33.5988106,-112.0128624],[161,105,65]
m1wgM90q_3Geq8LywXcU6Q,33.3414995,-111.8502065,10,[33.261342,-111.944749,33.421657,-111.755664],[119,11,7,36,65,133,30,8,13,6,110]
nSSXAhmBMjjPUaYbqsLsVA,33.43475,-112.00644,200,[33.43475,-112.00644,33.43475,-112.00644],[28,170]
XDFrc8vbUCswgkooPUau2A,33.3314201,-111.8409273,7,[33.3054789,-111.92588,33.3573613,-111.7559746],[286,32,203,90,84,213,7,36,13,6,125]
Hb9OXlhCB_Xwty33jGW-pQ,33.4084815,-111.85305,11,[33.369872,-112.07149,33.447091,-111.63461],[48,120,11,49,409,98,7,52,224,127,24]
CUMgl1zK4_XjVSy5qrL5IA,33.491695,-111.925624,1,[33.491695,-111.925624,33.491695,-111.925624],[48,11]
rI8Qyw7_kDXiObtVqJlIkg,33.552973,-111.984181,2,[33.531328,-112.06466,33.574618,-111.903702],[43,11,104,65]
Y2HdkW-rB2583brA35LI8w,33.493947,-111.922301,121,[33.493947,-111.922301,33.493947,-111.922301],[28,17,29]
4PKp9uhuEIfIs0Ik9ibueA,33.4806776,-112.1091081,37,[33.4806776,-112.1091081,33.4806776,-112.1091081],[11,27,63]
