JNQngiQRJFsPn8nLVN_MMg,33.4360415,-111.9956337,47,[33.4360415,-111.9956337,33.4360415,-111.9956337],[28,240,241]
qNGzYk7vDEy0wiGp_KrnWQ,33.3488775,-111.9766013,3,[33.3488775,-111.9766013,33.3488775,-111.9766013],[7,10,9,11]
tss-90ne0mD1t2H4R5SL2g,33.5384434,-112.1830859,153,[33.5384434,-112.1830859,33.5384434,-112.1830859],[311,11]
s17TxrbMEIdgjfmL0wnMQg,33.5394005033294,-111.924451589584,6,[33.5394005033294,-111.924451589584,33.5394005033294,-111.924451589584],[168,97,11]
GDiBqkthUVf5B6LvloKtNA,33.4949347,-112.0020575,11,[33.4949347,-112.0020575,33.4949347,-112.0020575],[38,128,39]
ChiKFYHy3sk_PK0xXpGovw,33.52669875,-111.8124487,11,[33.414363,-112.0734644,33.6390345,-111.551433],[322,57,43,11,30,13,6,45,85,306,265]
s4qb8jFD_tos_8c1W4HSHA,33.4948142,-112.0536454,14,[33.4948142,-112.0536454,33.4948142,-112.0536454],[430,11]
eoja_M3_xcYF5_HcBoZ8gQ,33.4900575,-111.9262552,1,[33.4900575,-111.9262552,33.4900575,-111.9262552],[311,88,38,39,11]
RyzzI97Vq4IelbSp5wwGtg,33.434713,-111.9245591073975,58,[33.2854679,-112.1251993,33.5839581,-111.723918914795],[57,145,38,39,40,48,11,109,7,108,212,63,97,119,172,224,13,6,4,49,59,12,193,160,210,88,298,182,80,82,65,218,307,101,26,192,8,99,206,475,140,440,260]
1DlxIzcAkTZ9_3izrfFHSg,33.6792112493296,-111.965789794922,1,[33.6792112493296,-111.965789794922,33.6792112493296,-111.965789794922],[27,11]
jXp0eFDh_LNO8JfcGlV3pw,33.5691621,-111.9515508073975,138,[33.3046962,-112.1791827,33.833628,-111.723918914795],[48,11,224,7,36,8,39,119,38,157,103,334,181,142,309,285,6,155,54,156,64,204,65,33,117,24,98,248,46,150,112,151,17,26,182,172,99,44,57,69,63,27,162,74,9,10,134,135,30,13,292,108,55,122,210,139,416,72,275,269,212,361,137,168,84,339,45,40,128,410,307,120,113,116,71,225,192,169]
UizSLlVG0PdrZb_Cw2aaeQ,33.4528292,-112.0685027,1,[33.4528292,-112.0685027,33.4528292,-112.0685027],[117,214,11]
0Nzq2vv8FoGEGosfZDP4Vg,33.4933207,-112.0057851,69,[33.3929295,-112.1342853,33.5937119,-111.8772849],[185,11,7,108,112,6,99,26,157,103,49,52,142,292,43,119,13,22,21,84,254,339,36,8,212,97,19,57,20,186,23,56,15,191,14,39,145,61,35,34,12,479,139,113,333,60,351,480,69,38,40]
xaB8EHpyKKAHLLs5ZcvP7g,33.455047300000004,-111.9531948,2,[33.406723,-111.980757,33.5033716,-111.9256326],[7,142,24,11]
pP5c58iDAeQifqNsWz8ubg,33.531725,-112.261226,7,[33.531725,-112.261226,33.531725,-112.261226],[38,99,181,39,48,11]
ijB27XOAf0X2VBdUz_wwkg,33.359693,-111.881304473515,41,[33.304492,-111.90964874703,33.414894,-111.8529602],[212,361,11,117,26,43]
rwf2U1Xw0V-MhAYmwx_6kw,33.45854235,-112.0727031,11,[33.458341,-112.0775732,33.4587437,-112.067833],[182,48,140,11,7,108,119]
qhaVQb48m-1K68oEzvv-6Q,33.4969848,-111.96127495,10,[33.494459,-111.9953287,33.4995106,-111.9272212],[38,99,88,39,40,11,109,440]
YiqS9_jvHXSS0wDcv4uDNg,33.4609195,-111.938186,13,[33.427634,-111.976406,33.494205,-111.899966],[63,27,11,34,6,32,35]
k6ZQA3DJ2EfZJMmadBlWNw,33.50957735,-112.06187575000001,92,[33.30617,-112.2826375,33.7129847,-111.841114],[97,11,6,45,10,7,9,38,143,39,99,40,108,224,63,157,103,265,65,148,204,142,44,27,119,259,260,33,182,48,24,30,13,101,128,127,288,32,140,12,114,372,49,17,152,341,8,382,57,91,41,247]
LUGSw8o04ghJe_-4-X5fbA,33.477694367006,-111.98831385,155,[33.377697734012,-112.0701057,33.577691,-111.906522],[39,38,99,128,11,26,109,27,28,17,29,43,48,265,7,47]
HfuVxROT_bh6_B5VlHp9cw,33.5299562,-112.11836564999999,10,[33.4948142,-112.1830859,33.5650982,-112.0536454],[48,11,430,404,311,99,117,7,138,139]
odaj8Gm4jc7lF20WoZ8RZg,33.37327355,-111.80074880000001,52,[33.0314508,-112.2141545,33.7150963,-111.3873431],[185,11,265,218,41,323,63,39,38,26,128,27,24,117,49,230,44,285,296,7,142,229,33,224,126,97,292,6,4,80,18,17,59,178,152,99,88,10,15,25]
-d12fQpJ6XhN-hPzxeStCg,33.3135411,-111.8409681,1,[33.3135411,-111.8409681,33.3135411,-111.8409681],[17,62]
UiRbteW1YYwPVZ1_dyggIg,33.559162799109146,-111.94666215000001,33,[33.4341094982183,-112.0272649,33.6842161,-111.8660594],[33,119,11,99,49,80,59,78,79,44,212,43,7,142,8,48,307,265,71,72,98,108,24,39,38,26,127,210,88,128,126,28,240,241,374,32,95]
vq7ANLgbkYN160otc_l0kA,33.6177796,-111.9258843,2,[33.6177796,-111.9258843,33.6177796,-111.9258843],[26,11]
CgfIRB7t_7a8l_MlrUuX6A,33.1123376120035,-111.69789265,20,[32.876848024007,-111.9102573,33.3478272,-111.485528],[99,11,265,224,182,7,63,48,140,26,142,292,43]
Giqcb5323V5KdNaz347jVQ,33.4951002,-111.9286582,1,[33.4951002,-111.9286582,33.4951002,-111.9286582],[123,65]
xl5YMQouNP6oB54GxVDqLA,33.4236835,-111.84125525,80,[33.3072791,-111.9260096,33.5400879,-111.7565009],[7,142,39,38,48,128,11,119,120,161,28,65,17,29]
pU3iTU8tPggt81R8f57pTw,33.5560781,-111.8987064,3,[33.5560781,-111.8987064,33.5560781,-111.8987064],[39,38,26,127,11]
BWABXFyhi2eNfcZMnTvRtQ,33.4522455998157,-111.7003768460805,9,[33.4373518,-111.7181797,33.4671393996314,-111.682573992161],[11,63,113,6,116]
U2NiRBmISiXHI877cDbsYQ,33.4793878,-111.9157338,3,[33.4659256,-111.9270986,33.49285,-111.904369],[10,11,24,63,37,32,26]
bLGkhmKCUl0i8cyCLmrnuQ,33.48660835,-112.04241015,6,[33.4548476,-112.0800705,33.5183691,-112.0047498],[28,17,29,63,27,24,11]
qQt2TpVDRHo0l-lRib9j2g,33.442930649999994,-112.017262,6,[33.406538,-112.072854,33.4793233,-111.96167],[28,17,29,38,39,40,7,108]
iSTAZQSZqSDHKfjg7OU-GQ,33.624662,-111.943525,35,[33.624662,-111.943525,33.624662,-111.943525],[11,63]
7x9oYPGJUnUic47GJ_ewbg,33.3999435,-112.0297841,2,[33.3999435,-112.0297841,33.3999435,-112.0297841],[185,11]
VEG7jnYwo905v4Lnoq37GA,33.4789887,-112.0003292588555,11,[33.4492414,-112.083116517711,33.508736,-111.917542],[224,11,373,48,24,64,104,133,65,126,97,49,52,109,38,39,98,7,307,162,40,181,8]
zrn6psqJ2xTSytwT6q64Fg,33.5357514174182,-112.21312219539499,5,[33.5331494348364,-112.26042509079,33.5383534,-112.1658193],[119,11,7,142]
aR2H0l7BU1YSH26Q_No6Tg,33.494048,-111.918645781885,200,[33.406538,-111.97437286377,33.581558,-111.8629187],[57,306,7,36,99,11,28,17,18,29,134,135,88,38,39,33,119,48,49,445,66,52,333,326]
7UHd36OViewAGlvBQF508A,33.50201,-111.9313599,71,[33.50201,-111.9313599,33.50201,-111.9313599],[265,11]
cd_1AnPWtwkzmver-iV4Yg,33.49112,-112.079081,4,[33.49112,-112.079081,33.49112,-112.079081],[26,11]
dWy0kMVoJMAevVWa8Ex6Dg,33.4118682,-111.92007155,6,[33.3211423,-111.9296765,33.5025941,-111.9104666],[38,11,99,128,39,46,6]
sznEGyc5BVIgao8B9k_eXA,33.437624,-112.12072475,7,[33.425077,-112.2605395,33.450171,-111.98091],[28,17,29,168,11]
h4mKrwj7m6SAm2llitAjkA,33.498855649999996,-111.94247745,12,[33.4655863,-111.96086,33.532125,-111.9240949],[48,11,38,39,7,24,47,27,119,182,99,142]
tiyg_cQaPdUuSG95Xpi_sA,33.415026600000004,-111.78424105,111,[33.2475,-112.0764371,33.5825532,-111.492045],[126,11,307,212,43,7,30,8,13,6,39,38,99,296,465,57,145,88,24,33,119,109,63,48,14,15,69,26,28,102,190,103,47,27,246,139,17,423,108,12,61,114,117,177,192,104,65,101,64,142,140,439,137,313,224,331,205,56,186,298,60,265,89,168,98,129,277,278,79,62,115,372,21,35,70,76,46,40]
xm47wfTVHLq8-72HR5nPmw,33.6440613971554,-112.31523585,42,[33.3187306943108,-112.7291837,33.9693921,-111.901288],[27,11,373,182,41,26,177,99,120,33,294,106,54,201,98,7,139,138,292,108,48,88,38,39,218,377,265,185,43,72,207]
V66H5W_4e2wcntzE8uHldw,33.5086952779617,-111.927080154419,1,[33.5086952779617,-111.927080154419,33.5086952779617,-111.927080154419],[99,11]
e0Rls_7QxkVcFJtUXDaA0A,33.5231494171265,-112.043375178495,67,[33.407162534253,-112.21906,33.6391363,-111.86769035699],[11,206,63,117,119,120,7,232,185,224,210,99,127,218,219,212,26,251,39,48,38,49,52,32,95,222,27,25,6,98,139,97,33,142,43,24,128,123,65,169,391,40,129,121,79,126,84,166,339,108,182,137,302,110,1,141,309,285,177,140]
VMpw_oIGTamcEkDPutll3g,33.446179636793545,-112.12271755,7,[33.426368,-112.30558,33.4659912735871,-111.9398551],[88,38,39,298,11,33,24,27]
7AAGPIwI_K2PIma1cuw7sQ,33.4786145232413,-111.926500797272,23,[33.4786145232413,-111.926500797272,33.4786145232413,-111.926500797272],[4,5,6]
yhhkUhz4jHgp_Dxwscsfdw,33.48350325,-111.99371020000001,6,[33.4366655,-112.047095,33.530341,-111.9403254],[285,185,11,127]
QHQRhv0A7-Q8dHgrzcpD1A,33.421303,-111.916969,9,[33.421303,-111.916969,33.421303,-111.916969],[373,97,11]
r3tb0RdVAx0wiGWFLv0t8g,33.4710214,-112.0649272,2,[33.4710214,-112.0649272,33.4710214,-112.0649272],[26,11]
lv9lWeeWSpb0tuecrKg1Dw,33.52329,-111.9493832,20,[33.304492,-112.056065,33.742088,-111.8427014],[11,63,48,7,47,265,65,133,212,26,43,38,36,109,39,27,84,262,101,352,251,224]
DjhHByGZWPif64tsSNJiiw,33.480317400000004,-112.06651405,2,[33.4514309,-112.0701057,33.5092039,-112.0629224],[48,11,33,99,44]
zDIe8FSMWFWTA-gGiv1XGg,33.261388,-111.857235,14,[33.261388,-111.857235,33.261388,-111.857235],[126,11]
emNXAAschSlcvqmDZFj5TA,33.4429861,-111.97415294999999,30,[33.3044612,-112.072167,33.581511,-111.8761389],[98,7,24,11,63,219,218,41,4,6,48,212,43,89,201,49,5,367,33,108]
9N7Ok6AGYpjedcmNW7mQ0Q,33.5677435,-112.16152975,11,[33.456872,-112.393383,33.678615,-111.9296765],[195,65,7,142,108,38,99,57,91,39,128,11,181,48,140,177,285,69,104,6,204]
jlqitJm0_9H_RPnoWTjNYg,33.4355215,-112.00913349999999,200,[33.43475,-112.011827,33.436293,-112.00644],[38,128,39,99,11,28,170]
5GnUSTQXNRK1Nan-Ho5RTQ,33.4261603,-111.939838,46,[33.4261603,-111.939838,33.4261603,-111.939838],[39,38,126,97,11]
5dIDKCXMukDDmhj9nWPnhA,33.337278,-111.876903,1,[33.337278,-111.876903,33.337278,-111.876903],[99,11]
9vgndc3YJc8-6AKoF5Tdcg,33.393595,-111.871082,1,[33.393595,-111.871082,33.393595,-111.871082],[12,114,13,6]
iRf0wnSRlswkUunskdNJAw,33.44906,-111.925621,1,[33.44906,-111.925621,33.44906,-111.925621],[446,11]
jbBDOTVdpkYl6bl4JUufsA,33.413961,-112.01557349999999,88,[33.383123,-112.066662,33.444799,-111.964485],[57,327,99,11]
7I3vw2W3WA5ZLlyCBxP8TA,33.304861,-111.927065,1,[33.304861,-111.927065,33.304861,-111.927065],[224,11]
A706fiQ5Z4uydScSSsQhaQ,33.428702900000005,-111.97410311068,7,[33.362444,-112.073196,33.4949618,-111.87501022136],[26,11,63,27,38,140,39,40,48,15,6,191,98,7]
h9d3VW5RTJymoFoLnN60_w,33.49931495,-111.9201928573975,89,[33.2664769,-112.1164668,33.732153,-111.723918914795],[74,24,11,7,292,232,28,17,29,182,218,307,49,38,140,39,40,48,126,99,119,162,117,142,98,201,247,108,27,417,80,59,139,6,118,322,57,146,52,63,33,44,15,191,250,177,9,10,127,212,229,338,214,206,161,65,210,35,76,168,169,194,239,26,373,41,265,97,309,285,181]
XIvqCoq8sHUngZgA2nnmpQ,33.463629,-112.347038,8,[33.463629,-112.347038,33.463629,-112.347038],[39,38,99,128,11]
gzJpPaHN-NXBkAZcZri3hw,33.463120700000005,-111.9616546,22,[33.4240504,-112.0002774,33.502191,-111.9230318],[65,133,48,24,11,38,26,39,40,104,105,109,63]
Wxs0azdwv5FwEGhMAvCAIw,33.303233,-111.842532,10,[33.303233,-111.842532,33.303233,-111.842532],[7,33,48,47,11]
-HCx0IAGr_CzGJ0SetjkPA,33.5824859,-111.892395,2,[33.5824859,-111.892395,33.5824859,-111.892395],[218,41,11]
lMS9mDMkdKZQ79NBot8srQ,33.70212085,-112.11421899999999,44,[33.5386523,-112.3025,33.8655894,-111.925938],[265,126,97,11,7,177,84,346,3,376,383,384,1,43,26,123,65,108,57,28,17,29,210,338,382,206,165,32,95,203,54,238,64,63,363,90]
WIPlQlKy12ShNlAwg7tKaA,33.30590745000001,-111.9235565,200,[33.304492,-111.973476,33.3073229,-111.873637],[251,43,11,212,26,28,17,29]
raNtOxh-43siw1cxcKqLYw,33.584581,-111.928048,1,[33.584581,-111.928048,33.584581,-111.928048],[84,147,339]
eY5qHQ3mE_wznEhzQqkaCA,33.5234878,-112.2040548,1,[33.5234878,-112.2040548,33.5234878,-112.2040548],[43,11]
b4C9E7vTJrOdkJQA86xYSg,33.49788,-111.98318555,171,[33.317906,-112.1091081,33.677854,-111.857263],[38,99,39,11,109,48,26,127,33,175,129,121,79,185,140,177,285,27,119,440,260,352,24,40,63,126,54,55,122,49,7,108,265,88,89,182,210,128,168,142,161,28,65,17,29,97,292,47,169,57,306,338,187,10,139,193,59,202,72,281,212,98,229,12,114,13,6,233,206,18,178,133,35,76,313,307,172,62,120,43]
GoeN6MxXAusK9oYAaq1fbw,33.497744499999996,-112.16756720000001,200,[33.464005,-112.26167,33.531484,-112.0734644],[28,17,29,322,57,26,11,327]
L-bpR4U-5QqkxZFt4PcTyQ,33.639747,-112.047055,10,[33.639747,-112.047055,33.639747,-112.047055],[120,26,127,11]
snPjXr3twkttOWNmrzLC6A,33.6239868,-112.1872471,4,[33.609486,-112.1897722,33.6384876,-112.184722],[296,11,7,138,139,97]
0GqWfH9J19mATd5k-BOwyg,33.5572359,-111.9548411,14,[33.532125,-111.96086,33.5823468,-111.9488222],[48,11,83,6]
q0ojWfF55h5Zl_dUSPK2Rw,33.518613,-111.9303592,6,[33.34921,-111.9564156,33.688016,-111.9043028],[33,117,48,11,71,72,78,79]
jsigTj5jwrIjktN_5SI4Vw,33.40083465,-111.94344473031,7,[33.306529,-112.0676886,33.4951403,-111.81920086062],[7,36,24,47,27,11,88,38,99,39,26,6,145,186,57]
EyR_jsaWiig96dat3Di2BQ,33.5478355,-112.0474569,20,[33.5478355,-112.0474569,33.5478355,-112.0474569],[28,17,29]
ViiaMr4WwPUg1lhshmCR1Q,33.516571588471805,-112.09392715,7,[33.4527955,-112.1185366,33.5803476769436,-112.0693177],[265,11,38,128,39,48,296,202,72,26]
rNpLYObuNqSz1KG4q-zieA,33.54794,-112.06968645,6,[33.4552907,-112.1515032,33.6405893,-111.9878697],[39,38,26,128,11,99,27,63,43,54,55,266,122,256]
oqhGT9vzRQH_aaLxSiKygw,33.4798163,-112.091191,1,[33.4798163,-112.091191,33.4798163,-112.091191],[38,101,33,39,128,11]
mV_L0IO4wtpw1djj4FCczg,32.8794202,-111.7523371,4,[32.8794202,-111.7523371,32.8794202,-111.7523371],[11,27,307,63]
EtHiWWBNGfrAUozI4IjHtg,33.579306,-112.0530604,27,[33.579306,-112.0530604,33.579306,-112.0530604],[71,72]
RncvGh0Kd2vRr1JADQEcIg,33.47606365,-111.9952471,14,[33.4217923,-112.0608177,33.530335,-111.9296765],[7,8,119,11,98,24,26,182,48,140,212,63,97,33,109,38,39]
RQOLyQ7x3xc1lHBEuyW8fQ,33.51273825167375,-111.95307070000001,5,[33.348908,-112.0313454,33.6765685033475,-111.874796],[88,38,39,298,11,33,99,265,26]
kQz2whaGTQYncHCCy2GWpQ,33.5222185,-111.9595033,7,[33.5222185,-111.9595033,33.5222185,-111.9595033],[48,11]
cmrzgxQwQYIPOnuW4E4Zkg,33.524648400000004,-112.09810485,3,[33.5100398,-112.181569,33.539257,-112.0146407],[251,11,33,38,39]
AuQ28IMcqAloDmlFI7CKoA,33.6110617,-111.9826494558185,63,[33.4240504,-112.083579911637,33.798073,-111.881719],[26,11,119,120,38,48,39,161,28,65,17,29,40,99,185,109,63,177,140,168,181,229,7,36,127,43,133,88,128,71,72,96,298,44,97,210,206]
wXbmFNakJso-sLT42uEzmw,33.45782605,-112.01391795,38,[33.4548476,-112.0800705,33.4608045,-111.9477654],[57,470,145,39,63,27,24,11]
1_YyX93n6rfyUosc1A6tPw,33.530322,-112.01424,4,[33.530322,-112.01424,33.530322,-112.01424],[65,133]
aQ4895bwr-U_16SNtXi6tw,33.502191,-111.996292,32,[33.502191,-111.996292,33.502191,-111.996292],[109,38,11,39,63]
zlSGjOGqLGgnlYnmAc46Ew,33.3200431,-111.9266172,2,[33.3200431,-111.9266172,33.3200431,-111.9266172],[6,156]
WV-bcT_X9th6yyZU3RTSLQ,33.360621,-111.442431,4,[33.360621,-111.442431,33.360621,-111.442431],[27,11]
qmciwg-C3jPpYxK99jj9Tw,33.494381,-112.079261,9,[33.494381,-112.079261,33.494381,-112.079261],[7,148]
bvAi7W0JJY5k7PiCv0Ha4Q,33.546,-111.96828,2,[33.546,-111.96828,33.546,-111.96828],[26,127,11]
RvZks2VBHdym25_d6I8YGw,33.45290965,-112.22556435,10,[33.437291,-112.381811,33.4685283,-112.0693177],[39,38,99,128,11,7,8,142,26,127]
ZD5b7NlmnbXqMVBkyRa-ng,33.62223165,-112.18341255,5,[33.6107777,-112.1848981,33.6336856,-112.181927],[33,11,197,198,23]
1hME8UdDyMqua6ItMiHvqw,33.6483204,-112.1020384,15,[33.5843898,-112.104722,33.712251,-112.0993548],[119,11,84,336]
Z1kxY2ylzi2X8uDl8OIHAQ,33.6686856,-112.0188953,200,[33.5051739,-112.1142778,33.8321973,-111.9235128],[198,23,28,17,29,38,39,30,13,6,26,11,115,372,48]
6NOmkC1Cwbuc5u2gCX-fzQ,33.4940321,-111.9218306,1,[33.4940321,-111.9218306,33.4940321,-111.9218306],[119,26,185,11]
B7XCvzvcriFc8xfIA-Wg4A,33.476084,-112.065637,1,[33.476084,-112.065637,33.476084,-112.065637],[7,8,218,41,11]
Z0vyaL4bZcdRThc585e9Qw,33.353431,-111.836864,2,[33.353431,-111.836864,33.353431,-111.836864],[37,32]
2J9bmKvyFZFTDyngBea5oQ,33.8321704,-111.9583011,1,[33.8321704,-111.9583011,33.8321704,-111.9583011],[48,11]
OQdtwZ6kVgJUZdVq5lbaVA,33.3702541,-111.9741847,23,[33.3702541,-111.9741847,33.3702541,-111.9741847],[265,11]
nAEvlYP6FUpXlSuTF2L0oA,33.423546,-111.937394,3,[33.423546,-111.937394,33.423546,-111.937394],[48,11]
LBdDf6aynmGTRffcw-vvSA,33.5092756,-112.0718179,26,[33.5092756,-112.0718179,33.5092756,-112.0718179],[48,11]
T4qrD_rVfquTG8QSCynf5g,33.458095671322,-112.01129405,7,[33.421617342644,-112.1091081,33.494574,-111.91348],[175,129,121,79,63,27,11,251,43]
iNaa5kTybBEmtVQKba5TAQ,33.425938,-111.940346,1,[33.425938,-111.940346,33.425938,-111.940346],[114,13,6]
vGjHlDg1NkHrMfvc3vI4Sg,33.383848,-112.131565,3,[33.383848,-112.131565,33.383848,-112.131565],[31,32]
0DlSIK24onG4ygRK8c9Mog,33.6363383,-111.9213957,3,[33.6363383,-111.9213957,33.6363383,-111.9213957],[212,43,11]
zhBZZiJgWUYOhmydr3Z02w,33.360528,-111.96964,47,[33.347591,-111.9819,33.373465,-111.95738],[158,28,26,11,119,99,48]
MnK1u0Qjg32xq9KdyKDm7g,33.39993385,-111.84610745,70,[33.3919992,-111.8577518,33.4078685,-111.8344631],[117,26,11,119,99]
wdJXFw8krKY6AXjjJ76qSw,33.501955800000005,-112.00422499999999,7,[33.4802112,-112.0482435,33.5237004,-111.9602065],[119,99,11,57,7,36,69]
_IET3gTFGm_BUVmOgKjC9g,33.461433850000006,-112.3526506,2,[33.4384287,-112.364213,33.484439,-112.3410882],[11,63,119,99]
wZqDboElaxTR_GIzKE8opw,33.451385,-112.0734071,1,[33.451385,-112.0734071,33.451385,-112.0734071],[7,28,190]
7CQoBE9gZ80dcPfyeRmuQQ,33.5389709,-112.132693,14,[33.5389709,-112.132693,33.5389709,-112.132693],[33,99,120,11]
s_tMFZwItRUrWU_vaOZhUw,33.489047,-111.928033,8,[33.489047,-111.928033,33.489047,-111.928033],[26,11]
WmBKEfXCgDLc1XYBmDFrAQ,33.65481836659655,-111.8756,93,[33.5828297331931,-111.8980932,33.726807,-111.8531068],[265,185,11,26,119,99]
IdQD8lRFEnfS9aBog-T8-g,33.606627,-111.927199,10,[33.606627,-111.927199,33.606627,-111.927199],[49,80,82,59]
GSYja8bxAjeicewxP_rjJw,33.5097279,-112.02783955000001,3,[33.5094461,-112.0403946,33.5100097,-112.0152845],[48,11,63,27]
THFe70REuDYbD9rJA9-wWA,33.418332,-111.9357269,1,[33.418332,-111.9357269,33.418332,-111.9357269],[117,11]
IGRSruQbyXMPDAn3eCaBNg,33.43475,-112.00644,89,[33.43475,-112.00644,33.43475,-112.00644],[28,170]
D4wTC4QP87mgxFjChIBnLw,33.3320881,-111.9785197,2,[33.3320881,-111.9785197,33.3320881,-111.9785197],[96,72,71]
gAfKVJCdYoqGZfcL27yE8Q,33.49326045,-112.06279155,17,[33.319377,-112.19974,33.6671439,-111.9258431],[106,54,315,265,11,483,212,229,126,141,6]
NnZGgVyT7LSagM4cW-utjQ,33.341309,-111.836742,2,[33.341309,-111.836742,33.341309,-111.836742],[84,329]
4OaFI30Sjum70Hh-S-qhkQ,33.48363985,-112.0322204,11,[33.3060543,-112.1863808,33.6612254,-111.87806],[279,54,49,80,82,59,7,292,98]
je980NOfQJo7hz3Ujrodyg,33.47947535,-111.98701410000001,10,[33.321266,-112.0623802,33.6376847,-111.911648],[83,6,185,11,65,133,7,108]
HQ2NoQPPLE4tV7wWo5pALQ,33.3055286,-111.9439572,14,[33.3055286,-111.9439572,33.3055286,-111.9439572],[28,17,29]
8sSyoN5BHEQVYqOTpjpMNA,33.473504500000004,-111.9959945,15,[33.408082,-112.075516,33.538927,-111.916473],[6,45,65,7,148,204,43,11,84,28,17,29,26,442,241,212,97]
TouZvN0GpE8Ngm8_cWOK1w,33.179677,-111.901256,9,[32.97846,-112.04232,33.380894,-111.760192],[119,48,41,11,43,71,72,297,99]
kLMr-1rg0vkSbFVhLFYf-A,33.36951725,-111.93396519999999,72,[33.304775,-111.947948,33.4342595,-111.9199824],[7,142,98,10,9,11,33]
6L9gscozXCncds8QrciSNw,33.53852685,-111.92835915,3,[33.5024095,-111.9955012,33.5746442,-111.8612171],[7,108,119,11,8]
uDBS-jWPjVyLS-q6loF3uw,33.59037536614839,-112.00098395,9,[33.5690606322968,-112.1648254,33.6116901,-111.8371425],[251,11,24,7,142]
tqs8wdmKZp1OgwIreGLnwg,33.43562,-111.861593,15,[33.43562,-111.861593,33.43562,-111.861593],[28,17,29]
g556iPhEjpjeDyCVuSiwEw,33.44238,-112.34971999097,1,[33.44238,-112.34971999097,33.44238,-112.34971999097],[38,143,39]
XJcd__v9MOSWdI-PHL1i9Q,33.478496250000006,-112.0377835,200,[33.435146,-112.0772,33.5218465,-111.998367],[224,11,7,449,97,168,265,99,27,63,38,140,39,40,48,210,109,119]
-5rCakp3thm88zjMFTaEnw,33.4033669363438,-111.973214149475,49,[33.4033669363438,-111.973214149475,33.4033669363438,-111.973214149475],[28,17,29]
h7v_M_0-YVpSVZ2WD7FpAA,33.527031453793,-111.909368875485,200,[33.220784807586,-112.2354666,33.8332781,-111.58327115097],[7,18,247,49,276,17,36,265,126,97,11,57,99,91,168,6,204,65,38,39,24,63,56,145,8,206,40,212,85,205,48,69,161,109,28,29,52,157,103,158,440,208,35,250,111,112,113,119,66,210,209,139,33,117,44,137,190,140,379,4,173,26,180,20,23,96,72,105,133,21,142,121,79,449,89,34,441,15,191,148,201,470,27,13,114,12,110,76,312,504,322,146,167,92,195,175,129,80,59,202,182,218,307,108,78,30,88,77,338]
DqBVoUac2k42e5fOEhXWHg,33.5009207,-111.9176064,3,[33.5009207,-111.9176064,33.5009207,-111.9176064],[98,7]
H3-JP2-FLVxjEOnX4GDsIw,33.6391716,-112.1794335,18,[33.6391716,-112.1794335,33.6391716,-112.1794335],[72,184,269]
lMJzQX6w2PU5kGw6iTj5CQ,33.477178,-111.925799,3,[33.477178,-111.925799,33.477178,-111.925799],[119,48,24,11]
U8E9KFmHCTiiLcCqPpfNng,33.333182,-111.983142,3,[33.333182,-111.983142,33.333182,-111.983142],[43,11]
JarUBcD2m_kB_CHImOnteA,33.502736299999995,-111.99721635,5,[33.4222653,-112.0744503,33.5832073,-111.9199824],[7,98,10,9,11,108,119,38,109,39,57,145,48]
MRpr7424VPPicEVPcj7RCg,33.5453557297905,-111.915978020225,35,[33.4340647310654,-111.9956337,33.6566467285156,-111.83632234045],[48,11,99,46,6,21,218,41,323,43,365,137,139,7,307,126,97,223,27,63,98,149,229,185]
7vduHeIL53L2ucINK3aj2Q,33.5160662,-112.029562,200,[33.5160662,-112.029562,33.5160662,-112.029562],[161,28,65,17,29]
9m3wcOhe8nVnlOa_in-OxA,33.254902099999995,-111.85604835000001,4,[33.25107,-111.870883,33.2587342,-111.8412137],[49,178,251,43,11]
TeP1MQVXLhrRnBX_uGk1eg,33.58348,-111.883526,6,[33.58348,-111.883526,33.58348,-111.883526],[7,142]
Hn6y0rg35lPyAXlpIPoxng,33.5710335,-112.0122125,13,[33.480731,-112.11589,33.661336,-111.908535],[10,24,11,38,48,39,119,26,49,473,202,72]
MfzQr1wAuA-Hj1eNHPqAgA,33.42852076595405,-112.0031234925535,200,[33.2815660319081,-112.079081,33.5754755,-111.927165985107],[13,6,77,112,22,35,28,17,29,119,11,26,7,98,108,172,57,145,258,39,38,181,40,65,133,126,97,182]
Jw3ocYlfPw3T7g0OknI-lQ,33.565029949999996,-112.00115045,51,[33.4149636,-112.1218054,33.7150963,-111.8804955],[30,13,6,110,7,8,45,236,103,54,55,122,204,65,99,11,98,10,137,139,119,47,48,27,71,72,49,80,82,59,93,3,94,32,95,44,127,407,106,408,302,1,141,295,412,266,256,202]
MBOWSxA5CyQU9sxYoz8wCg,33.5266826,-111.99816279999999,4,[33.4702022,-112.0653186,33.583163,-111.931007],[61,13,6,21,182,172,11,26]
l99VRuE74s0DX7b6xdphPA,33.4516715,-112.0733143,1,[33.4516715,-112.0733143,33.4516715,-112.0733143],[48,11]
js3dCw3Sv6ZUcdfqJw6GAw,33.6505113,-112.1796621,4,[33.6387746,-112.1883568,33.662248,-112.1709674],[99,120,11,63,144]
pn48VGRzRwW-Bg79pTIh_A,33.3847552,-112.0129013,1,[33.3847552,-112.0129013,33.3847552,-112.0129013],[49,158,178,28]
M3OL2_ZzJEoYmvv8RJwFrg,33.4943672,-112.0912518,2,[33.4943672,-112.0912518,33.4943672,-112.0912518],[177,140,24,11]
i3dBoQsJCrKWDEDxIw7qyg,33.4517161,-112.0764371,22,[33.4517161,-112.0764371,33.4517161,-112.0764371],[57,39,145]
FwsVa0HcD6XjMLwkl01ZmA,33.47416725,-111.999647,20,[33.4471735,-112.073781,33.501161,-111.925513],[48,11,206]
COfMgkFjxBwKD_RAmQ1BCA,33.4916013,-111.96836145,2,[33.4881846,-111.975898,33.495018,-111.9608249],[48,11,7,47]
A9IMO_axnrW6pTjOITpSHQ,33.3559111,-111.7898601,200,[33.3559111,-111.7898601,33.3559111,-111.7898601],[63,27,11]
FsxwCQgQWloOQH1IOsUikg,33.443995,-111.9957122,4,[33.443995,-111.9957122,33.443995,-111.9957122],[72,28,241,394,395]
8gIp7Emu7xBDnBjRKgkSOg,33.59060455,-111.9756558,15,[33.5025941,-112.1164668,33.678615,-111.8348448],[168,169,11,26,127,265,97,39,38,99,128,63,182,48,44,296,212,361]
8WwLnvhhhidATZoBtOsDIg,33.4234408327431,-111.939622163773,2,[33.4234408327431,-111.939622163773,33.4234408327431,-111.939622163773],[109,38,27,39,11]
joLTvLmaIYW1z1MIAen2Gw,33.6171245,-111.959599861415,7,[33.502191,-112.07341192283,33.732058,-111.8457878],[33,38,117,39,11,27,109,63,119,99,48,24]
SPm5FDNORF6LMyt3FII7WA,33.61239301827115,-111.97346695,9,[33.5691016365423,-112.0677151,33.6556844,-111.8792188],[27,11,99,48,43,251,285,214]
0k32JBU6t3b8NyNxLkiKQg,33.5100097,-112.0152845,11,[33.5100097,-112.0152845,33.5100097,-112.0152845],[48,11]
IkPYXmxV0L2hTaqerpUtJA,33.59716055,-111.97880534999999,3,[33.5832073,-112.013359,33.6111138,-111.9442517],[224,11,84,344,23,343,197,108,7,119,38,109,39]
AxH-tQFnzwtrR4cBqkjlzA,33.342435699999996,-111.8235019,14,[33.3211152,-111.95738,33.3637562,-111.6896238],[49,54,193,242,59,202,72,119,99,11,224,182]
TRJQZtu0da4Gml61-GfLbA,33.3686449,-111.7896985,4,[33.3686449,-111.7896985,33.3686449,-111.7896985],[71,72]
DBi1VkRti0P53MwLHgeHcw,33.6710331,-111.9067803,3,[33.6710331,-111.9067803,33.6710331,-111.9067803],[126,11]
UBDVtuz7TNgb-KsQqQRQ8w,33.3497113609575,-111.929925579031,2,[33.3497113609575,-111.929925579031,33.3497113609575,-111.929925579031],[7,108,338,201,11]
_YvaKqDlRuNhV5x7eIXgNA,33.44861025,-112.07472899999999,2,[33.4471735,-112.075677,33.450047,-112.073781],[307,27,172,11,63]
8aBDJgkPKFy-KhTlMainRw,33.5043934,-112.0476776,3,[33.471959,-112.0478514,33.5368278,-112.0475038],[65,133,186,57,60,6]
QxDbRWE2pPidwILfk6F1Ew,33.5090018,-112.0409994,1,[33.5090018,-112.0409994,33.5090018,-112.0409994],[13,6,115,372]
PyGn7mhSojFdAsNhskPVag,33.4915779,-111.925841,1,[33.4915779,-111.925841,33.4915779,-111.925841],[119,38,48,39,11]
IgTTfCvLI2o9RyAuF2yrJA,33.4480659,-111.9270202,1,[33.4480659,-111.9270202,33.4480659,-111.9270202],[182,218,11]
zPd_WXXqKuvFENj1ly2siA,33.3549553,-111.7897347,1,[33.3549553,-111.7897347,33.3549553,-111.7897347],[109,38,11,39,63]
DFtt0u37H59wvvPtePt2pw,33.378038472119,-112.17432641493,5,[33.378038472119,-112.17432641493,33.378038472119,-112.17432641493],[27,11]
_dkn-VzpoozuB4x94Myrsg,33.261388,-111.857235,12,[33.261388,-111.857235,33.261388,-111.857235],[126,11]
o24BIFDBCahQe1bKtEPOBg,33.517272500000004,-111.95015140000001,17,[33.449233,-112.065458,33.585312,-111.8348448],[168,26,127,11,27]
PrlXKULj2_hUFAxO0k76fg,33.454823000000005,-112.3544915,7,[33.425207,-112.364213,33.484439,-112.34477],[26,11,7,142,63]
rmjrLW4KSLGGDkS6z5cbFw,33.514858950000004,-111.91669265,7,[33.501167,-111.9258733,33.5285509,-111.907512],[251,224,212,43,11,49,80,59]
Nw-XiPAa38ljZ0mEQUzLmw,33.51991055,-112.02551704999999,40,[33.455863,-112.072167,33.5839581,-111.9788671],[167,65,212,11]
2DCPU0W2SyxCtR_Fx7atUA,33.38571,-111.91050659999999,14,[33.2973538,-111.9787576,33.4740662,-111.8422556],[181,11,24,88,38,99,39,27,10,63,6,32,302,110,1,141,340]
byS17G2PCxYOVejTj7OEeg,33.5242704,-112.0474619,2,[33.5242704,-112.0474619,33.5242704,-112.0474619],[48,11]
uyMYAeVH61u27089GBcXZw,33.3490394,-111.9100097,1,[33.3490394,-111.9100097,33.3490394,-111.9100097],[57,69]
oERfYLY8vainWu5m1ZQS2w,33.3846956810632,-111.97166595885551,19,[33.2748213,-112.083116517711,33.4945700621264,-111.8602154],[7,8,38,47,88,39,48,11,27,43,99,40]
RxZXO2dhKSUp7YX6KrVe2w,33.4366655,-111.9403254,17,[33.4366655,-111.9403254,33.4366655,-111.9403254],[285,185,11]
vBG8ONebjxoyL43B-38STA,33.3279583546901,-111.79227714999999,5,[33.3068367093802,-111.8409681,33.34908,-111.7435862],[7,142,57,91,17,62,27,11,292,113,6,116]
rw-Bpjrx9mcni1llZDhVtA,33.4712447,-111.98454795,13,[33.4329724,-112.0647931,33.509517,-111.9043028],[88,38,39,298,11,99,126,212,63,97,340,27,7,292,49,80,82,59]
ZNRtynaOq46yaPMu4Wp6EA,33.387555500000005,-111.718287,4,[33.306896,-111.752395,33.468215,-111.684179],[7,8,126,48,11]
vdpNv9HEcZXueQgdsGmS9w,33.44127375,-111.90045555,11,[33.334712,-112.0474569,33.5478355,-111.7534542],[24,11,27,44,98,7,28,17,29,33,99]
dNCTn9dD7rPyjaeYiDk-vw,33.4940321,-111.9218306,3,[33.4940321,-111.9218306,33.4940321,-111.9218306],[99,26,17,28,29,11]
RNHDsPGHx-ie22upOK304w,33.328475350000005,-111.8678141,3,[33.3010396,-111.9457681,33.3559111,-111.7898601],[374,32,95,63,27,11]
ySbHmvEvsLx4_2CgsTt9Dw,33.6241241,-111.9307637,36,[33.6241241,-111.9307637,33.6241241,-111.9307637],[168,265,11]
CvCW1UsbL78zeuu4eY9TcQ,33.4798805,-111.9882712,2,[33.4798805,-111.9882712,33.4798805,-111.9882712],[44,296,11]
q5d_utYyBxTLGrQRh0Z92g,33.3870298,-111.97032115,200,[33.319212,-112.0800705,33.4548476,-111.8605718],[63,27,24,11,99,127,192,182,48,140,168,42,43,119]
UzlgVmt94vKta8tmlI2sCQ,33.2183331740449,-111.564445495605,3,[33.2183331740449,-111.564445495605,33.2183331740449,-111.564445495605],[43,11]
gQs6-t3UuxYwenI6h-2hcg,33.4960516,-111.9303102,11,[33.4960516,-111.9303102,33.4960516,-111.9303102],[38,39,40]
gqWkpx9l8GCRVzR-7oeUNQ,33.608609,-112.172308,9,[33.5062078,-112.2707018,33.7110102,-112.0739142],[168,181,229,11,7,142,48,27]
VS6WknYC6k6yoDlteJbfHA,33.454049,-111.9432725,5,[33.421983,-111.947744,33.486115,-111.938801],[6,270,136,17]
We7ULac-q9TAWOhiSozzrQ,33.5385330716233,-112.260360717773,1,[33.5385330716233,-112.260360717773,33.5385330716233,-112.260360717773],[33,11]
JgoUbDo2mR-tt7hfJU1j5A,33.4503996,-112.0648845,7,[33.4503996,-112.0648845,33.4503996,-112.0648845],[322,57]
U8hWTVfx8-Mrznaj6iKYMA,33.730237,-112.01341885,51,[33.616146,-112.1347619,33.844328,-111.8920758],[182,229,11,38,99,33,39,128,72,184,281,27,63,26,71,7,365,168,265,36,109,48,162]
5cPDrNDnXfGogSv-Vt6G0g,33.3617651,-111.8763295,34,[33.3051122,-111.99506,33.418418,-111.757599],[7,108,119,172,11,98,24,38,26,39]
RrUZO_2Q0thTVVu_G7GzZA,33.37942,-111.784494,5,[33.37942,-111.784494,33.37942,-111.784494],[474,11]
pKl7seQa34ovpFbN3YDCsw,33.6462961,-111.9189477,1,[33.6462961,-111.9189477,33.6462961,-111.9189477],[168,11]
rS8zK3NwQBUZSEUlPt7TKg,33.43475,-112.00644,45,[33.43475,-112.00644,33.43475,-112.00644],[28,170]
EoswR0pXxeq5X2riYzlvow,33.496805949999995,-112.08885425,6,[33.4549678,-112.0986063,33.5386441,-112.0791022],[33,119,99,11,26]
2DI1JqJsT-p4YnpUZg_C4g,33.4846488,-111.924878,2,[33.4846488,-111.924878,33.4846488,-111.924878],[28,17,18,29]
KQsScG_-iLg1ZtkaB1jegw,33.6401217,-112.1116606,11,[33.6401217,-112.1116606,33.6401217,-112.1116606],[218,41,11]
5ZnSu7puP9mvjPSR-u_Fqg,33.3201271,-111.8977616,2,[33.3201271,-111.8977616,33.3201271,-111.8977616],[99,11]
2XkQ8Uowu3HJZXGmqdHgZQ,33.474849750000004,-112.1349145,5,[33.4516715,-112.341878,33.498028,-111.927951],[126,97,11,48,352]
KjGKNM9zEVIhiNEIS_RsHw,33.50444845,-112.3405298,29,[33.379815,-112.556102,33.6290819,-112.1249576],[33,11,26,7,8,38,128,39,49,50,52,177,500,140,192,44,57,69,48,27,24,229,63,99,148]
u-IdKmC7u9AFlypEPi_16g,33.49853275,-112.07445345,56,[33.3217349,-112.2641158,33.6753306,-111.8847911],[265,11,483,28,271,7,148,8,162,99,57,327,43,46,6,17,18,29,119,120,33,44,126,97,26,45,170,129,79,121,41,38,48,39,40,150,112,151,98,27,96,72,137,139]
2tRNtQUP4Jehep8LSxA3dw,33.45417697057155,-112.21677755635051,4,[33.4471735,-112.359774112701,33.4611804411431,-112.073781],[98,7,48,11]
JocWx18d-z4d0MmohBFpyA,33.304775,-111.947948,200,[33.304775,-111.947948,33.304775,-111.947948],[33,11]
al01PQM2YCnACWm-SRsKEA,33.422728,-111.951494,17,[33.422728,-111.951494,33.422728,-111.951494],[88,38,39,89,11]
Zyuo05r7gBu-DYLUNTFmKg,33.68320015,-112.10359235,53,[33.534203,-112.2618153,33.8321973,-111.9453694],[10,27,11,26,182,99,43]
KL5y0_ithKeM-MmQ6hxMpA,33.507425,-112.0366323,1,[33.507425,-112.0366323,33.507425,-112.0366323],[11,63]
shFcopLDSV_vDT_22WL1Bg,33.4514309,-112.0701057,2,[33.4514309,-112.0701057,33.4514309,-112.0701057],[48,11]
260J4Kxi1z5Zk7PQ1AguRg,33.58594895,-112.36580435,8,[33.5324849,-112.4712525,33.639413,-112.2603562],[71,72,73,57,145,38,39,48,128,11,46,13,6,30,18,17]
S6dMSg6glAJjZKQzPJh6qQ,33.4543305,-111.8856396,4,[33.4543305,-111.8856396,33.4543305,-111.8856396],[265,11]
4etGi0URJ5nQF1VSLSFerg,33.5705669,-111.886606,4,[33.5705669,-111.886606,33.5705669,-111.886606],[126,97,11]
GO-bjH-pQSPiyPgj4zKwVw,33.451695,-111.9678025,5,[33.422728,-111.984111,33.480662,-111.951494],[177,10,11,26,63]
1wDRzj5wwlxEvAvqMpV8eg,33.5025941,-111.9296765,1,[33.5025941,-111.9296765,33.5025941,-111.9296765],[182,99,11]
WTGjzdCB3YVH2Y4KZwQa9A,33.4499,-112.0739,200,[33.4499,-112.0739,33.4499,-112.0739],[99,11]
aY97Z3pEyeoKDfTiKw0STw,33.647457,-111.915815,8,[33.647457,-111.915815,33.647457,-111.915815],[28,17,29]
4O5yrlrk3p43r7-2UurMvg,33.5547962,-111.9679133,40,[33.5024095,-111.9955012,33.6071829,-111.9403254],[210,11,7,142,27]
lt_xvHDaIWagZCJC4lDwuA,33.5094461,-112.0403946,2,[33.5094461,-112.0403946,33.5094461,-112.0403946],[63,27,11]
AgIa6HAfLukzD2bvrsTlUA,33.384909500000006,-111.9461469,8,[33.348162,-111.9819,33.421657,-111.9103938],[20,472,23,195,65,27,11,224,33]
std1styTvLsGkDjWUmOcyg,33.4357047,-111.92936895,2,[33.3788924,-111.930037,33.492517,-111.9287009],[38,7,57,18,109,209,17,39,192,140,11]
Eyz7hThFdm5tWNdIcHctqQ,33.481989,-111.935999,5,[33.481989,-111.935999,33.481989,-111.935999],[166,6]
KsfcSLBFigyxXMbA_dhOBA,33.5824603,-111.6787751,5,[33.5824603,-111.6787751,33.5824603,-111.6787751],[57,258]
y6VCmOR_telhWHC4OnxODQ,33.401903253793,-111.827250475485,13,[33.220784807586,-112.0712298,33.5830217,-111.58327115097],[57,69,38,40,39,61,13,6,331,190,28,140,11,26,128,64,65,161]
9rZ1DWzXRH3RcLoCj5U6_Q,33.415226000000004,-111.95218299999999,7,[33.407724,-111.952872,33.422728,-111.951494],[7,108,88,38,39,89,11]
phMW27bSmr8pcOHAEdNwAQ,33.8303701,-111.9317707,2,[33.8303701,-111.9317707,33.8303701,-111.9317707],[48,11]
zT0RnW-yPhXyz_GNap9Zpw,33.56289425,-112.0241938,27,[33.4471735,-112.073781,33.678615,-111.9746066],[27,11,26,48,39,38,128,7,9,10,8,6,200]
4B3Is2tt9daZtnBdtJCi6Q,33.2549107,-111.6335652,10,[33.2549107,-111.6335652,33.2549107,-111.6335652],[10,44,24,11]
cCABujpD8Q5n62M0ELp8Gg,33.30673710000001,-111.81965925,56,[33.2790279,-111.8463705,33.3344463,-111.792948],[119,11,120]
dGDzgaGP2lkRgAAbPKNZhA,33.4563262,-112.0737079,1,[33.4563262,-112.0737079,33.4563262,-112.0737079],[7,36,8]
y8WdJAR8NPJB4J7gbHu4Bg,33.58918695,-112.1563795,5,[33.5389709,-112.180066,33.639403,-112.132693],[338,382,206,11,33,99,120]
x-opu7-U2TUMbYTe0PyD7g,33.6540393,-112.1862689,2,[33.6540393,-112.1862689,33.6540393,-112.1862689],[4,13,6,115]
HB7c00dIR20zyY9ecaMRhg,33.4982894,-111.9275491,1,[33.4982894,-111.9275491,33.4982894,-111.9275491],[7,108,119,11]
oGa5335x1s91BIjpS3dNpw,33.500545,-111.9264093,6,[33.500545,-111.9264093,33.500545,-111.9264093],[119,99,11]
CBeykieWzLwJs0VLliRmqA,33.37022545,-111.9620835,4,[33.261657,-112.063434,33.4787939,-111.860733],[192,11,309,27,119,285]
MjMaLeWJSw_CSzNQJXqpjA,33.5094277,-112.017518,20,[33.4075498,-112.0983488,33.6113056,-111.9366872],[33,38,39,11,99,127,24,26,119,98,7,10,192,48]
CZqddKnwFf9KJo5QsEbywg,33.552059,-111.9347171,5,[33.4787939,-111.943525,33.6253241,-111.9259092],[11,63,119,120,251]
pvJuYSOgL1qKwrMJUyZl-Q,33.4869182,-111.908738,200,[33.4869182,-111.908738,33.4869182,-111.908738],[39,119,26,38,11]
2xkeCBjixQTALpzrSFT97Q,33.4248306,-111.9918955,12,[33.3491162,-112.0653186,33.500545,-111.9184724],[182,172,11,119,99,7,142,48,140,36,298,26,108]
Aewxy029yutjQm5dbNX3eA,33.41101205,-111.95002925,3,[33.3126788,-112.0588374,33.5093453,-111.8412211],[38,210,26,39,11,183,421,65,340]
nYwCN7r4F1aNbm5ko9J0Fg,33.6247911,-111.9257312,1,[33.6247911,-111.9257312,33.6247911,-111.9257312],[48,11]
G_PCzMHcOLoMyyEsxW1DFQ,33.501305200000004,-111.92593919999999,141,[33.500545,-111.9276185,33.5020654,-111.9242599],[33,38,48,39,11,28,17,29,307,212,43]
EZ9Q_Qoz7Olo63Jmnc3EyQ,33.542305,-111.89689465000001,5,[33.475371,-112.0734213,33.609239,-111.720368],[26,11,98,7,33,120,142,99]
HMy_9ZQwCFruLgKTS6cvIw,33.399927772397,-111.83190245739749,24,[33.321061644794,-111.939886,33.4787939,-111.723918914795],[99,11,63,43,309,119,285]
1J5toBGXLnx3miZf_-2F5w,33.3492119,-111.9499306,7,[33.3058378,-111.9927062,33.392586,-111.907155],[7,162,126,11,224,38,273,39,128,182]
3DXtjwsOPKUaWO3CNReqJA,33.6749989,-111.9776027,4,[33.6749989,-111.9776027,33.6749989,-111.9776027],[126,97,11]
MglXqzGeo0ED-Gx3-G3GUA,33.4501794137007,-111.927112340927,1,[33.4501794137007,-111.927112340927,33.4501794137007,-111.927112340927],[72,297]
AeU-pVUrV7Hn5DmVgyA24g,33.4487652,-112.0714186,33,[33.4487652,-112.0714186,33.4487652,-112.0714186],[38,11,99,128,39]
Q--g-Gzxi_wl7WZXPmtQgA,33.53695795,-111.9494061,4,[33.4366655,-111.9778065,33.6372504,-111.9210057],[185,11,285,26,177,140]
3Ks7Fesam2HfjFujC4STjg,33.43619419910915,-112.0073713741655,200,[33.4341094982183,-112.0178286,33.4382789,-111.996914148331],[48,27,11,117]
2vqlvaZw1G_iaDyP6VnGoQ,33.458768,-111.969984067456,17,[33.320339,-112.0739136,33.597197,-111.866054534912],[7,162,309,285,11,98,168,144,99,134,135,26,43,27,33,44]
6u2GV8JyS9rLP_ZgMnUWSw,33.4802915,-111.997377,174,[33.466336,-112.073196,33.494247,-111.921558],[38,99,39,40,11,28,17,29,140,48,7,109]
SaWqH4JuKzQxvxttBai0SA,33.4930514,-111.9339561,9,[33.4930514,-111.9339561,33.4930514,-111.9339561],[28,17,29]
YD-EcmiRuzOUyx7ymCjDOA,33.3090064,-111.8411708,3,[33.3090064,-111.8411708,33.3090064,-111.8411708],[26,11]
CbkbRtwzH56NOBovb52eQA,33.6402889,-111.9799449,2,[33.6402889,-111.9799449,33.6402889,-111.9799449],[65,133]
kXWQlGfTeOt-Mud_jV_Oug,33.306806,-111.88557,2,[33.306806,-111.88557,33.306806,-111.88557],[177,140,192,11]
v5UXUW1bVN7Q2OWX-lOjhA,33.548340800000005,-111.97997085,38,[33.4466526,-112.070196,33.650029,-111.8897457],[119,48,24,11,32,90,7,108,26,185,39,38,128,6,110,27,63,99,88,40,72,297,202]
qGwpDt43SP9Vixob6xyfJw,33.384163,-111.803119,1,[33.384163,-111.803119,33.384163,-111.803119],[212,126,97,11]
EZpRl1sc9XT_Tpn2fk-6mA,33.6616772,-112.0813071,10,[33.6391794,-112.0984072,33.684175,-112.064207],[27,11,99,126,97,54,55,122,26,7,33,142]
Bh7gtC8Spjy-49mHXbGAvw,33.4348476,-111.93978255,44,[33.2339118,-112.0737828,33.6357834,-111.8057823],[10,11,33,340,26,27,63,8,7,138,139,109,38,39,192,181,48,43,161,123,65,177,140,265]
xkKElmYF3nXSz9bb_u7JZA,33.53179575,-112.0000455,121,[33.4471735,-112.073781,33.616418,-111.92631],[265,11,126,97,99,48]
dCVE1ViilDjSHjwsfEK8VA,33.4354553,-112.0739136,26,[33.4354553,-112.0739136,33.4354553,-112.0739136],[309,285,11]
XWWwd2TNZcakrQss9Fkaog,33.429484,-111.96136050000001,164,[33.409735,-112.065458,33.449233,-111.857263],[27,11,38,26,39]
iOHcz7xQcSuKyHpti_HlKA,33.5682813,-112.02802080000001,6,[33.4951366,-112.0741143,33.641426,-111.9819273],[106,54,107,48,11,7,108,466,488]
r7impdodJyNgeBKjiRqcug,33.5675402,-112.1499674,1,[33.5675402,-112.1499674,33.5675402,-112.1499674],[57,258,402]
jmPqfrml5ZInEwx1InwUnA,33.4483771,-112.0740373,2,[33.4483771,-112.0740373,33.4483771,-112.0740373],[32]
GgPOQe1WEsE4yO5PG0_6eQ,33.4474542,-112.0745395,2,[33.4474542,-112.0745395,33.4474542,-112.0745395],[33,11]
ESpjuzMF6PMDsXJReDoYhw,33.645602350000004,-112.2296163,3,[33.6379017,-112.235818,33.653303,-112.2234146],[33,44,11,63,27,99]
LqcSMyjF1tJYvwr-U5DvXg,33.4752441,-111.9700489,6,[33.421657,-112.0118398,33.5288312,-111.928258],[43,11,161,195,65,63,224]
_vTyqTbfhZ-SlQVxz9HH8A,33.471668050000005,-111.98308685,70,[33.319212,-112.0561119,33.6241241,-111.9100618],[43,11,26,38,205,39,40,265,307,212,168,74,27,109,127,48,24,7,47,88]
vlsQs-8TNsNJnrL-7Rj2YQ,33.416355,-111.685046,1,[33.416355,-111.685046,33.416355,-111.685046],[185,11]
UwWkVc9FvxF16J301jm6Qw,33.56158345,-111.905513,2,[33.5403655,-111.9257587,33.5828014,-111.8852673],[10,24,11,212,361]
eaX53FCXTykf5n2e1XsW1w,33.64427725,-112.08336299999999,17,[33.4548476,-112.229894,33.8337069,-111.936832],[99,11,33,63,27,24,168,265,307,10,26,48]
ukXbRRMYn6I22UQtQ6STdg,33.6037835,-111.9090308,3,[33.5808348,-111.9268582,33.6267322,-111.8912034],[33,48,307,11,224]
_YNKf7vrI08r2eI0tM6zqw,33.4957897,-111.925814,200,[33.4920804,-111.927402,33.499499,-111.924226],[11,38,39,40,48]
0WkrfBBIJpSpPeIOfk6YDA,33.6404342,-112.09782435,7,[33.4486711,-112.273257,33.8321973,-111.9223917],[322,57,26,11,182,48,140,109,38,39,63,33]
qaSf-CGQLWlXmy56pkYQYw,33.521581999999995,-111.8913158,200,[33.343131,-112.0734116,33.700033,-111.70922],[7,162,108,44,11,43,119,99,24,236,103,57,137,8,139,142,26,32,95,222,27,48,192,247,201,126,109,38,39,88,30,13,6,206,46]
7p-lm5ObSg--DJCRlVMGzQ,33.4764387,-112.3923794,2,[33.4764387,-112.3923794,33.4764387,-112.3923794],[54,238]
h-F86jvayp6CniMBR_ZtuQ,33.4492,-112.0696,3,[33.4492,-112.0696,33.4492,-112.0696],[28,17,29]
WR9pKtQEhI4lSCnBNtDRqQ,33.425754350000005,-111.9721749,46,[33.3216034,-112.040047,33.5299053,-111.9043028],[212,361,11,265,483,33,99,126]
xceW9Ud7L3mUwDlqGfQb8A,33.3790514,-111.9288232,5,[33.3790514,-111.9288232,33.3790514,-111.9288232],[26,11]
tkqtskHNCg5xgP94geoS1A,33.4492272,-112.0722653,1,[33.4492272,-112.0722653,33.4492272,-112.0722653],[177,26,11]
cbNcLPsyiwJeialEbjWDpw,33.6116508042702,-112.165567972652,1,[33.6116508042702,-112.165567972652,33.6116508042702,-112.165567972652],[149,11]
lc0c0BjedYRi3TPWm_iQQw,33.4566960573784,-112.072327136993,1,[33.4566960573784,-112.072327136993,33.4566960573784,-112.072327136993],[119,11]
dFfQ1PKl-VLmMOEB5TUVBw,33.4949416,-112.0019948,9,[33.4949416,-112.0019948,33.4949416,-112.0019948],[119,24,11]
vPWNov0MKVUrHFMlFwexOQ,33.233122,-111.850915,2,[33.233122,-111.850915,33.233122,-111.850915],[54,55,122]
Og1RDwM8WwA1ZUxRvPXcOw,33.66994145,-112.0594872,11,[33.4688044,-112.1966734,33.8710785,-111.922301],[99,11,48,7,8,26,232,43,30,13,6,110,224,28,17,29]
JiJSN4Ke7om8lkkllKTR5A,33.5166246,-111.92527229999999,21,[33.4938219,-111.9259965,33.5394273,-111.9245481],[26,11,7,142]
SClabXBK2K2aJJ3rbdwzTA,33.689157550000004,-111.9100094,14,[33.5802421,-111.9307637,33.798073,-111.8892551],[168,265,11,33,117,26,48,206,63,17,62]
Fehmd8fhYJfS9k4KrD876w,33.5081693,-112.0477108,4,[33.5081693,-112.0477108,33.5081693,-112.0477108],[202,72,281]
VE_TfO5HN78uSH74n_A_Ow,33.567258,-112.103575,2,[33.567258,-112.103575,33.567258,-112.103575],[33,74,296,11]
JYh9BEwv0rs4pykao5kmXQ,33.4537869019623,-111.927165985107,68,[33.4537869019623,-111.927165985107,33.4537869019623,-111.927165985107],[182,172,11]
sul0rJDvTT9QTMGiuA52WA,33.55254135,-112.08107025,20,[33.4712477,-112.235873,33.633835,-111.9262675],[38,48,39,11,352,24,7,108,119,265,140,63,185,99,40,212,126,293,168]
Z17u_U5WTe8KPAGiRjw7QA,33.23311895405795,-111.65563716758001,5,[33.2125748081159,-111.67526753516,33.2536631,-111.6360068],[44,11,10,24]
jf6btHeiIBWCwoXEyzs-pQ,33.6250949,-111.9254919,5,[33.6250949,-111.9254919,33.6250949,-111.9254919],[65,133]
O5KjpXYjAFmdtSHa-RZvYQ,33.650059999999996,-111.93202500000001,9,[33.621505,-111.9746066,33.678615,-111.8894434],[109,38,265,39,11,99,26,185,48,40]
Zvo-HWd5NqV8WE_0g3Nm2A,33.3494314853698,-111.757328510284,2,[33.3494314853698,-111.757328510284,33.3494314853698,-111.757328510284],[97,11]
zFhCkeNQcIeyGTwX_sWP4Q,33.6410593,-111.977935,8,[33.6410593,-111.977935,33.6410593,-111.977935],[11,27,63]
kxgvFD03z5Jt1BSfpKqWwA,33.54615185,-112.1402985,8,[33.4537199,-112.3554635,33.6385838,-111.9251335],[96,72,6,345,84,346,141,23,7,138,48,11,139]
138KuJzLIanRis8sGaETzw,33.49844455,-111.92694775,2,[33.494295,-111.9296765,33.5025941,-111.924219],[11,48,293,39,7,292,99]
NwEtxe3VhIXorMn21lVR-g,33.8645537841385,-112.137740850449,9,[33.8645537841385,-112.137740850449,33.8645537841385,-112.137740850449],[224,11]
tlOCEZXsDMrC2eBD0CUANw,33.5525164,-111.9472985,17,[33.4661258,-111.996455,33.638907,-111.898142],[38,48,11,128,39,78,79,43,44,26,40,99,296,49,80,82,59,27,97,202,72]
xYdfi48DbT855YJqU0dyOg,33.59060455,-111.9269123,6,[33.5025941,-111.9746066,33.678615,-111.879218],[265,48,11,224,126,97,7,47,27,63,212,43]
ztczqy5QdLjf63d5SYMB1Q,33.6259241,-111.9242144,15,[33.6259241,-111.9242144,33.6259241,-111.9242144],[48,39,205,11]
JNNFOZLknRfUum9-qKkQoQ,33.0690759,-112.0458143,4,[33.0690759,-112.0458143,33.0690759,-112.0458143],[41,43,11]
R6iLCpB_A16C5MgESlAQwA,33.5322532,-112.0358815210685,13,[33.4525847,-112.057160942137,33.6119217,-112.0146021],[65,133,72,287,49,58,57,56,59]
OiMK21ePZtyTsvRzB3sSow,33.4280007,-111.8933456447295,8,[33.3659439,-111.942980289459,33.4900575,-111.843711],[311,88,38,39,11,26,33,7,108,251,63,27,149]
xYc3vgzgQMPkg9p5pDH8PQ,33.3340421,-111.8083119,1,[33.3340421,-111.8083119,33.3340421,-111.8083119],[7,8]
F6oo6D8URtb_5UxXAvt4ng,33.6842161,-111.9226651,1,[33.6842161,-111.9226651,33.6842161,-111.9226651],[374,32,95]
8LAf67lQTjtsS98E55MYrg,33.5242723,-112.0929265,44,[33.449233,-112.261226,33.5993116,-111.924627],[33,11,7,137,8,139,38,39,44,27,373,48,24,43,26,88,47,10,99,98,119,6,45,200,46,13,30,18,17,181,130,32,177,140]
Ror3v7PSzUFlDY3F7UlXmw,33.536722,-111.8791225,25,[33.43562,-111.896652,33.637824,-111.861593],[28,17,29,224,126,97,11]
LNFAehIfxZx9yw7g6dMzmg,33.3197988,-111.929773,3,[33.3197988,-111.929773,33.3197988,-111.929773],[224,11]
Sl9-42mecdhUYkF6KTtsmw,33.5053007,-112.08992665,20,[33.3999435,-112.1500692,33.6106579,-112.0297841],[177,140,11,57,39,145,185]
oSIYpve7KBefY63Dc-jGag,33.453184699999994,-111.987098,8,[33.4194512,-112.065458,33.4869182,-111.908738],[27,11,49,80,59,39,119,26,38,7,47,88,48]
zNUH3cQ05UO1s_h3KMJS2A,33.4797420689751,-111.994993686676,1,[33.4797420689751,-111.994993686676,33.4797420689751,-111.994993686676],[33,99,11]
9vxUUOoasnu8gtoXRwAhYw,33.56988855,-111.9361015,51,[33.306499,-112.0824683,33.8332781,-111.7897347],[26,11,27,24,43,33,99,6,35,264,39,38,128,71,72,184,297,161,28,65,17,29,210,48,7,46,109,206,96,63,126,97,224,292,338,78,79,98,119,382,117,106,54,280,108]
m3qHHBr7zpkU3YnB7BUP1Q,33.4659771,-112.1696016,1,[33.4659771,-112.1696016,33.4659771,-112.1696016],[43,11]
CTHcviuwKOwLNeWIHFjwfQ,33.4803371,-111.9840273,1,[33.4803371,-111.9840273,33.4803371,-111.9840273],[49,193,59]
wkPg_QWNOSmKKmZY1gOgwA,33.55955915,-112.20859885,16,[33.4951366,-112.4159659,33.6239817,-112.0012318],[109,38,11,39,63,40,206,48,43,210,27]
Upzof5rDtGFCVdhizT1jXg,33.3034664,-111.7556739,1,[33.3034664,-111.7556739,33.3034664,-111.7556739],[7,137,8,139]
oafl1hRnA577ANV0hwjdGA,33.5019817,-111.9276185,1,[33.5019817,-111.9276185,33.5019817,-111.9276185],[38,48,39,11]
FaW7524yAo84wSq5hLPQZQ,33.3794089,-111.6907784,2,[33.3794089,-111.6907784,33.3794089,-111.6907784],[208,6,35]
EMLEE7T0HScynyuVPw56hw,33.55280825,-112.07858245,8,[33.530141,-112.1007665,33.5754755,-112.0563984],[208,6,35,38,39,11,119]
aerkB-WfLWK6uUxvmVlinw,33.4252835,-111.9773499,1,[33.4252835,-111.9773499,33.4252835,-111.9773499],[37,32]
8qorVw_QM8ZqwkdPIr3E1g,33.319395,-111.874965,1,[33.319395,-111.874965,33.319395,-111.874965],[182,48,140,11]
zvjtYW8LM52_xz_BZM2p6Q,33.38409015,-111.94080414999999,4,[33.2587342,-112.0403946,33.5094461,-111.8412137],[63,27,11,251,43]
G8vn5JGQrZhdU63qxWpcMQ,33.4317901,-111.93942114999999,56,[33.272043,-112.3411673,33.5915372,-111.537675],[49,305,33,11,39,165,32,95,119,123,65,265,146]
rkG6HTDDu69fwqNRqNHRDw,33.530141,-112.0563984,1,[33.530141,-112.0563984,33.530141,-112.0563984],[38,39,11]
_ewZjLg0937kjPB7nPkosQ,33.4259681,-111.939852,1,[33.4259681,-111.939852,33.4259681,-111.939852],[26,11]
b9ReX2CJP9785glM7eF-Hw,33.4759879,-112.02385865,7,[33.4514039,-112.0741143,33.5005719,-111.973603],[7,108,185,11]
xpMHUEbvHet50XDg98fJOQ,33.55375185,-112.0163284246935,200,[33.4240085,-112.1063599,33.6834952,-111.926296949387],[7,137,8,139,11,108,119,101,38,26,39,33]
Nin47X7ay-t7tLlRYzjDjg,33.6710331,-111.9067803,1,[33.6710331,-111.9067803,33.6710331,-111.9067803],[126,11]
tBaH_98mWMrGQO32FNjBog,33.4495944,-112.0732071,1,[33.4495944,-112.0732071,33.4495944,-112.0732071],[28,17,29]
8st1tTqaY91Z-5Ye77r8Hg,33.50070015,-112.07555694999999,8,[33.49112,-112.079081,33.5102803,-112.0720329],[28,17,29,84,346,7,142,99,11]
4Q1-3u0UcfDUyaXqGm7Zzw,33.3513086,-111.8071527,2,[33.3513086,-111.8071527,33.3513086,-111.8071527],[10,63,24,11]
myQsdcg9ErkP0ppI1hwJ7g,33.532125,-111.96086,137,[33.532125,-111.96086,33.532125,-111.96086],[48,11]
daa5M8CeCkUDjAlH3JOpUg,33.565277157592746,-112.15989785,8,[33.4641,-112.3933793,33.6664543151855,-111.9264164],[33,11,27,97,43,38,145,57,88,39,298,119]
Nof5_i8X7Brqh8u3XoFCdQ,33.60744015,-112.1085989,12,[33.5879473,-112.1164668,33.626933,-112.100731],[168,169,11,212,26]
nlUIgx4bf0Apgl6aD1xO2w,33.53401,-111.76650185,200,[33.494204,-111.9953287,33.573816,-111.537675],[136,17,119,11,49,305,182,48,140,38,99,39,340,88,40]
io39BmZGPW-w9khKp9EO_w,33.4313888,-112.00158475,6,[33.40793,-112.0800705,33.4548476,-111.923099],[33,119,99,11,63,27,24,201,10,101,38,39]
m5KX9g1npFPfn72Y3dzGEQ,33.2795563,-111.7953952,1,[33.2795563,-111.7953952,33.2795563,-111.7953952],[4,6]
2NeUNEHN2hhZnbDWmeeBtQ,33.4953688,-111.9940154,27,[33.4953688,-111.9940154,33.4953688,-111.9940154],[177,140,11]
cXhs6BawP6L_V59zKb9dOw,33.4528476,-111.94580669999999,93,[33.2664769,-112.1648254,33.6392183,-111.726788],[7,313,244,11,26,38,39,108,48,309,285,63,27,251,8,138,139,218,43,212,361,311,137,41,33,224,123,65,42,34,6,32,35]
gfoErsyOWfR_rx6v6Xwy4w,33.55204789852815,-112.0050914746935,32,[33.4493777,-112.083886,33.6547180970563,-111.926296949387],[119,201,11,137,7,6,139,38,99,88,39,128,108,48,265,45,8,126,12,114,13,177,140,10,89,97,109,63,93,3,24,129,78,332,278,79]
raNSs_usxWiClMUPQlo5hg,33.316607,-111.841944,1,[33.316607,-111.841944,33.316607,-111.841944],[98,7]
2OyIwMouCQhX7Mb3Dk36wg,33.478805,-111.926652,2,[33.478805,-111.926652,33.478805,-111.926652],[38,128,39]
AC60RC-vGjNoR0HEI1kL3A,33.4354553,-112.0739136,2,[33.4354553,-112.0739136,33.4354553,-112.0739136],[309,285,11]
2bAbL28lhrnyOlYiZ8yMdg,33.565347900000006,-111.96934,200,[33.5025941,-112.0474569,33.6281017,-111.8912231],[46,6,88,38,39,298,11,7,98,10,9,28,17,29,44]
S7vT9rH3S0nJ48y6-WQC2Q,33.597197,-111.873734,1,[33.597197,-111.873734,33.597197,-111.873734],[134,135]
POfWTajINxyuyITjKGygIA,33.3906697,-112.1336153,1,[33.3906697,-112.1336153,33.3906697,-112.1336153],[43,11]
M74IxlOXx_WBBb3ZW3ztdA,33.499006,-111.926703,4,[33.499006,-111.926703,33.499006,-111.926703],[39,212,126,293,11]
B8w77rtCY8UWv-BKcOzCPQ,33.3022462,-111.897967,1,[33.3022462,-111.897967,33.3022462,-111.897967],[7,108]
t3d8-_hcwDhAsZs3hGYIiw,33.677854,-111.978579,9,[33.677854,-111.978579,33.677854,-111.978579],[27,11]
C8MhrBVAHN_zeQpZLmgBag,33.3706251,-111.9317222,5,[33.3057949,-112.0739136,33.4354553,-111.7895308],[251,11,99,185,7,162,43,309,285]
dlUIbOop63RZh79t7XnU8A,33.55883335,-112.02425035,18,[33.422576,-112.1522297,33.6950907,-111.896271],[49,51,52,119,24,11]
INYvSQRp1FBDugJFOnhCyw,33.378401677089,-111.97861465625999,2,[33.3782538,-112.03119511252,33.378549554178,-111.9260342],[84,336,208,6,35]
U47Z37neGgk0Jqi6sI0uIg,33.513697188158,-112.07341192283,1,[33.513697188158,-112.07341192283,33.513697188158,-112.07341192283],[48,11]
mqHgR6x_VoWypC1bEdFvmg,33.46553,-112.29053,1,[33.46553,-112.29053,33.46553,-112.29053],[106,54,280]
oVEbr2jtirosJIenFkWenw,33.4145027,-111.9268353,2,[33.4145027,-111.9268353,33.4145027,-111.9268353],[99,11]
Xb0m7b7YlNzZERpiSsOZ3g,33.633044,-111.95398700000001,17,[33.624662,-111.983383,33.641426,-111.924591],[24,11,10,63]
H4143JZDXy4IZCwZCtEP4A,33.63956095,-112.02200965,3,[33.638907,-112.0645843,33.6402149,-111.979435],[177,140,11,149,97]
VQDgEiTWbiQ71Lnqp6IX6A,33.50231645,-111.9827932,9,[33.4657059,-112.048079,33.538927,-111.9175074],[38,128,39,113,6,17,116,251,11,27,63,26,7,108]
t5AJQTdWDaQKIN1RITx5XA,33.5839581,-111.9788671,1,[33.5839581,-111.9788671,33.5839581,-111.9788671],[182,218,307,11]
vB6-7mjP9LzqqtKdbVY5WA,33.486439700000005,-112.1607620046415,14,[33.3488977,-112.4159659,33.6239817,-111.905558109283],[7,189,10,24,11,99,63,27,182,48,140,98,9,39,38,128,168,43]
3KcdPQFTaoLX4vY5Ml7jwg,33.63353755,-112.15237210000001,7,[33.626933,-112.2040132,33.6401421,-112.100731],[26,39,11,251,212]
uK3lkaWylhpWashcZ6V4YQ,33.371886149999995,-111.9256398,2,[33.3211423,-111.940813,33.42263,-111.9104666],[27,11]
zYMcYF03sZZ4l86juDp9nw,33.409735,-111.857263,2,[33.409735,-111.857263,33.409735,-111.857263],[38,26,39,11]
8S4yE8rh2Dj3g1ESvk7XgA,33.449233,-112.065458,4,[33.449233,-112.065458,33.449233,-112.065458],[27,11]
k9biftv0QGJ4Vhs2rWYqFA,32.879224,-111.691482,1,[32.879224,-111.691482,32.879224,-111.691482],[11]
yXiD94lRC0u4HQcZ4Mh8ig,33.421909,-111.9506847,31,[33.421909,-111.9506847,33.421909,-111.9506847],[244,11]
93TD2mHZGhmNgtv5sZYFog,33.471996000000004,-111.8984861,26,[33.3368091,-111.9403254,33.6071829,-111.8566468],[168,11,33,6,77,35,76,204,65,32,130,208,264,104,13,129,175,332,79,121,7,137,8,139]
WZgoM8UuzxjZf1AaWx3qZQ,33.47156405,-111.96615295000001,200,[33.43475,-112.00644,33.5083781,-111.9258659],[27,11,49,320,321,193,59,161,28,65,17,29,170]
QoNvo_diMDXoucrKGdsKzQ,33.405588050000006,-112.1993496,2,[33.373465,-112.4268472,33.4377111,-111.971852],[126,11,158,28]
sGORcoGFodXFgfgZvxiscA,33.4071922,-111.8854469,4,[33.3117903,-111.9296765,33.5025941,-111.8412173],[149,11,265,48]
25beK63tpX6s-Be5gi2jlA,33.3059362523332,-111.786838173866,1,[33.3059362523332,-111.786838173866,33.3059362523332,-111.786838173866],[7,33,142,11]
SR2w4L0lVqtXlBay7xxLfw,33.44794,-112.059263,51,[33.44794,-112.059263,33.44794,-112.059263],[462,32,95]
Lmgv46LyI1PlLs0KNIfYFQ,33.5290806,-111.96149700000001,200,[33.435146,-111.998367,33.6230152,-111.924627],[119,38,99,39,11,120,7,148,48,201,126,97,27,49,445,66,52]
pyiKLe2guJsdkbj4q9omEA,33.362342999999996,-111.8965475,4,[33.303233,-111.950563,33.421453,-111.842532],[7,33,48,47,11,224]
ONb6tU5PcM2KO3fJwP0leg,33.4222653,-111.9199824,6,[33.4222653,-111.9199824,33.4222653,-111.9199824],[7,98,10,9,11]
WbNa2UEgSKHAPJYmVetI0w,33.3058418,-111.9693549,94,[33.3058418,-111.9693549,33.3058418,-111.9693549],[26,11]
g9OfTiicyBX2MjugF2XWug,33.2906733,-111.89132015,2,[33.2612195,-111.8977616,33.3201271,-111.8848787],[10,44,24,11,109,38,27,39]
u4uDcqRCuuT8oojNdiFKDQ,33.516508,-112.0343754,10,[33.496155,-112.0475028,33.536861,-112.021248],[99,11,7,108,5,6,4]
umftbZH3OI9gDXyC8suXQw,33.303233,-111.842532,4,[33.303233,-111.842532,33.303233,-111.842532],[7,33,48,47,11]
r2sCyoYHppdTJDnaKBz2pg,33.5808419,-111.929453,1,[33.5808419,-111.929453,33.5808419,-111.929453],[411,54,242,238]
RWRjjJTBd7bkeZbQpXT_uA,33.425938,-111.940346,2,[33.425938,-111.940346,33.425938,-111.940346],[114,13,6]
Dox74ekWFkcBJmkHkJxeEQ,33.60501120000001,-111.9512376,5,[33.5834449,-111.9770187,33.6265775,-111.9254565],[33,11,177,140]
Q0eGJ635u79UgxOIUi8NLQ,33.43789405,-112.1149456,14,[33.3368017,-112.2619703,33.5389864,-111.9679209],[7,292,119,11,26,99,127,4,6,425,32,95,222,98,404]
qtOvBedfonZzj1gcp4deWA,33.473859250000004,-112.00009514999999,7,[33.4471735,-112.073781,33.500545,-111.9264093],[48,11,119,99]
TGjhC72Jw8g24LMFslq60g,33.276252,-111.8753199,2,[33.276252,-111.8753199,33.276252,-111.8753199],[24,11]
ahY5rqtAM2xEuy0PJAWHxA,33.49920355,-111.9243946,61,[33.4969773,-111.9275971,33.5014298,-111.9211921],[38,39,40,101,26,11]
qHVxh_Imod2cP6fhCMs7WA,33.3023282,-111.8427622,1,[33.3023282,-111.8427622,33.3023282,-111.8427622],[7,292,142]
AqlZdDD7NK1fpQi9ltqIXQ,33.4349251,-112.0934397,30,[33.4349251,-112.0934397,33.4349251,-112.0934397],[28,17,29]
45IFweVJvt9BxWC2s5GMMg,33.3715962,-111.832616,11,[33.34927,-111.9091205,33.3939224,-111.7561115],[126,11,7,108,33]
k_PRuEqX5V2WF1n788oS9g,33.4661264,-111.9175425,1,[33.4661264,-111.9175425,33.4661264,-111.9175425],[98,7]
cZ5ljNkry6dTb9689x3qYg,33.6721220785127,-111.905096769333,2,[33.6721220785127,-111.905096769333,33.6721220785127,-111.905096769333],[48,11]
M1EciT6_JAOakQrSlzZq-Q,33.36000695,-111.93721995,51,[33.247355,-112.0846008,33.4726589,-111.7898391],[48,11,7,142,119,99,49,52,8,265,198,197,134,23,344,135,43,73,72,65,133,168,63,24,177,140,382,322,57]
vVJcNOLtpuTH1DSq_KJxLw,33.63460225,-112.08702199999999,21,[33.4471735,-112.265074,33.822031,-111.90897],[38,99,128,39,296,11,7,9,48,40,119,108,28,17,29,112,6,161,65]
YrA3GdmsmafmeRYqSoPxyA,33.623079,-112.178903,1,[33.623079,-112.178903,33.623079,-112.178903],[39,11]
E68TV6Gem3GWZ3KKs0re8w,33.422728,-111.951494,1,[33.422728,-111.951494,33.422728,-111.951494],[88,38,39,89,11]
qU5oR_R90ZB71eXmeU-yng,33.383949,-111.843786,2,[33.383949,-111.843786,33.383949,-111.843786],[119,99,11]
h5unSMFD5BKuods_Po_lsA,33.40847985,-111.93520964999999,5,[33.3373133,-112.0301811,33.4796464,-111.8402382],[181,11,26]
0iE2lHFRJLIyFe1zKElIrA,33.299873,-111.842586,5,[33.299873,-111.842586,33.299873,-111.842586],[33,119,11]
_w_hrcZ-9uObIBepDmLJwg,33.369186,-111.790436,1,[33.369186,-111.790436,33.369186,-111.790436],[98,7]
2SAfpKiBCl4TQE0D3UhyTQ,33.467190813916005,-111.987252,25,[33.378303527832,-112.0827178,33.5560781,-111.8917862],[126,97,11,224,39,212,293,210,119,98,7,26,206,38,127,168,48,43,99,24,40,63,185]
8nD0nJ5d8mxwdEtyURIb4A,33.480609799999996,-111.98247135,6,[33.4217923,-112.0403946,33.5394273,-111.9245481],[63,27,11,26,98,7,24,109,38,39,206,88,89]
_niq6W4WwggP0TSHDuTlvQ,33.407457,-111.979265,200,[33.407457,-111.979265,33.407457,-111.979265],[177,11]
JnLlnfEfbw9c3fHVrkou-Q,33.39863850005375,-111.96770549783349,200,[33.304775,-112.011292,33.4925020001075,-111.924118995667],[168,26,11,33,119,99]
8XPRTIvptx9QP5nBK8JY_g,33.69092325,-112.0008608,20,[33.6279035,-112.1106961,33.753943,-111.8910255],[7,142,49,80,82,59,119,24,11,157,103]
vRzrsYgocnYmzpKuw5TrxQ,33.35975790405795,-111.7824165,18,[33.2125748081159,-111.926536,33.506941,-111.638297],[39,38,48,128,11,99,78,79,475,117,10,24]
1yYTDsdK34EAiQHhvFLmkg,33.56939905005375,-111.924605765069,200,[33.4925020001075,-111.9320931,33.6462961,-111.917118430138],[161,195,65,221,38,39,40,352,48,11,13,6,114,204,12,28,17,18,29,119,99,126,26,127]
WQqSqMUQKOUTKReO3_MYaQ,33.470783999999995,-112.030697,8,[33.305003,-112.202121,33.636565,-111.859273],[71,72]
JFE1Za72ni2zsYw5UngoWQ,33.3548727,-111.7896603,8,[33.3547012,-111.7897898,33.3550442,-111.7895308],[185,11,7,108,48]
ehTjmhOnQZp6EuxjB0sqNA,33.6071829,-111.9403254,9,[33.6071829,-111.9403254,33.6071829,-111.9403254],[11,63]
TA6CcCUag4lftPJDuhhFuw,33.62928264999999,-112.04131645,145,[33.426368,-112.2368451,33.8321973,-111.8457878],[210,11,333,109,38,39,63,7,36,182,24,6,35,76,26,108,201,119,27,33,47,54,317,212,139,225,250,126,293,49,66,382,98,129,78,278,79,112,48,57,145,84,21,358,359,127,8,88,298,30,13,99,142,117,12,114,313,106,107,55,122,256,28,442,241,18,209,17,137,292,140,80,59,89,322]
lrQfSNnNMw3C90WowGVUnQ,33.450683,-111.98093940000001,92,[33.362439,-112.5161858,33.538927,-111.445693],[49,178,38,48,39,11,265,483,28,17,29,26]
JxuSkpGexGvheminhJ1G3A,33.487843,-112.048021,5,[33.487843,-112.048021,33.487843,-112.048021],[33,11]
1gY1N3pkxTzh7kK4BxANyw,33.5463429,-112.009768025065,90,[33.4514039,-112.1830859,33.6412819,-111.83645015013],[7,98,10,9,11,27,65,133,44,212,43,104,161,195,48,182,140,99,63,33,218,307,311,127,57,69,38,39,265,483,36,8,185,229,177,26,49,233,193,59]
6S95Byd5akYup2tuNB-raQ,33.5477853,-111.863857,2,[33.4950082,-112.0114032,33.6005624,-111.7163108],[182,172,43,11,27]
827WZbyYyXSxT7rN2UtZxg,33.500545,-111.9264093,4,[33.500545,-111.9264093,33.500545,-111.9264093],[119,99,11]
SOxb7DfJAYYp-Fm4APosXQ,33.3564115,-112.0188655,2,[33.305759,-112.044479,33.407064,-111.993252],[99,11,123,65]
p-OgNgPyilpqiY9E8hbjhg,33.3906073,-111.9297059,5,[33.3571642,-111.9400717,33.4240504,-111.9193401],[49,178,38,273,39,128,26,11,99]
X2ovHHSHXkbRUkgrAGdhiA,33.449233,-112.065458,27,[33.449233,-112.065458,33.449233,-112.065458],[27,11]
DgugowHSTDl3umP6J1qxiQ,33.432014,-112.042844,11,[33.432014,-112.042844,33.432014,-112.042844],[28,271]
zlcHQII8dyI8I0LHGj8nOA,33.42328985,-112.1129191,31,[33.3365399,-112.3495,33.5100398,-111.8763382],[224,11,7,108,182,44,84,147,43,33,38,39]
CCMCDyaTNy5nksVGKwARIQ,33.585101699999996,-111.9706625,13,[33.4952045,-112.022973,33.6749989,-111.918352],[119,11,26,98,7,24,182,48,140,43,120]
F2GEqt_mV95OQEiYPTQ4VQ,33.484505999999996,-111.87477720000001,35,[33.290397,-112.061974,33.678615,-111.6875804],[38,273,39,26,11,6,200,212,361,204,65,32,95,222,126,97,63,27,48,98,7,10,9,71,72,96,28,388,394,290,241,99,292,47,88,78,79]
rEra20Mp6GAVyiiWlrkn2g,33.6071829,-111.9403254,3,[33.6071829,-111.9403254,33.6071829,-111.9403254],[11,63]
uLWwOm3BybeJEQtTM0iDEw,33.4542695,-111.9094198,1,[33.4542695,-111.9094198,33.4542695,-111.9094198],[168,11]
0U2m7skbsBmWRPEK2GKl3Q,33.4477082,-112.070093,2,[33.4477082,-112.070093,33.4477082,-112.070093],[168,265,99,11]
Aync7CFmri2BDtjkD9hY-A,33.0241115,-112.0505478,118,[33.0241115,-112.0505478,33.0241115,-112.0505478],[57,258]
y-wRMqFtawAekwYQMoJ4HA,33.363862903793,-111.725218,4,[33.220784807586,-111.926536,33.506941,-111.5239],[475,48,11,43,190,28,140]
5t6bXwztQjygha7MFU_3XA,33.4205046616687,-111.908066987991,4,[33.4079742431641,-111.910575866699,33.4330350801733,-111.905558109283],[99,11,65,133]
PuKs8yj9bKRHkML1zn4Jrg,33.480288,-112.109986,7,[33.480288,-112.109986,33.480288,-112.109986],[7,162]
HsFO3PZT6MVty56IJ8lDIg,33.42242135,-111.99193926141501,7,[33.3211423,-112.07341192283,33.5237004,-111.9104666],[96,72,38,11,99,128,39,48]
OG-fxOjGlNovLvVBC9sz4A,33.53119685,-111.9869486,4,[33.4869182,-112.0651592,33.5754755,-111.908738],[119,99,11,126,39,26,38]
NsJ_18HzlL-_DYV-hzzmmg,33.3180465,-111.9759674,1,[33.3180465,-111.9759674,33.3180465,-111.9759674],[99,11]
yozCNhoO_AffdWFu-8Qb1Q,33.480544,-112.07225600000001,135,[33.469968,-112.079081,33.49112,-112.065431],[26,11,7,98,108,172]
ZQt814DIzCfAe7M7bJT8lg,33.638669,-112.231662,1,[33.638669,-112.231662,33.638669,-112.231662],[168,41,11]
oqy20AAbKISJWSTa_oBJpQ,33.57203215,-112.27728487499499,8,[33.4823893,-112.36750874999,33.661675,-112.187061],[212,11,382,26,7,36,8,149,97]
zl7Bv7oHQ17JSufjhLwP1Q,33.656005,-112.09836,1,[33.656005,-112.09836,33.656005,-112.09836],[7,8]
9bMPDxJXENg6uOu820daxQ,33.5559206,-111.8989972,1,[33.5559206,-111.8989972,33.5559206,-111.8989972],[382,11]
5-VthQ5W4yGv9qNiTeiJ2Q,33.4353395,-112.0024065,2,[33.390792,-112.012504,33.479887,-111.992309],[224,11,99,246,7,119,139,24,17,423]
0SAzDi1jTrSRbu-FOoqOow,33.4655863,-111.9279622,31,[33.4655863,-111.9279622,33.4655863,-111.9279622],[7,24,47,27,11]
aOFZoobpPrRyjpidkiJSvw,33.44682151637155,-112.0024703818865,23,[33.4234408327431,-112.0653186,33.4702022,-111.939622163773],[182,172,11,109,38,27,39]
pDhIbbKSDm_0dDJv1W38gg,33.4951366,-112.0012318,1,[33.4951366,-112.0012318,33.4951366,-112.0012318],[48,11]
sLyhHkEa8hD8WUJwNzmxoQ,33.501821,-111.919938,1,[33.501821,-111.919938,33.501821,-111.919938],[265,185,11]
TCLluVVoGGHBQNIMSrVXJA,33.626933,-112.100731,11,[33.626933,-112.100731,33.626933,-112.100731],[119,11]
mr-vwlQEcb0YTBGcmM65Vg,33.319212,-111.967861,89,[33.319212,-111.967861,33.319212,-111.967861],[127,11]
lbTJgqmeLfXfwfaGWrOnTg,33.708119249999996,-112.3655425,200,[33.43475,-112.738792,33.9814885,-111.992293],[7,88,38,39,89,11,28,170,48,47,33,17,29]
mYInmPlOoa_r11yqILK9PQ,33.5260361,-111.8895507,14,[33.4272811,-111.9400902,33.6247911,-111.8390112],[224,11,63,43,48,109,38,39,210,7,292,338,206,119]
Tbe7FZsU_XY3a6Ya6LAG7A,33.377274549999996,-111.9124594,14,[33.3318211,-111.9832027,33.422728,-111.8417161],[224,11,88,38,39,89,43,97,15,25,6,7,108,247,98,62,17,24,373]
YDSd3PWa0IbDuqYLNuM9IQ,33.4973896,-111.9223075,1,[33.4973896,-111.9223075,33.4973896,-111.9223075],[38,126,39,11]
AhV5lwwOqkB55h42j_9kLA,33.436829,-111.839696,2,[33.436829,-111.839696,33.436829,-111.839696],[83,6]
1xiJ_FvBxFcfvwmR9frA6w,33.37739825,-111.78881905,13,[33.319561,-111.9778408,33.4352355,-111.5997973],[119,99,11,106,54,226,39,38,128,33,96,72]
Jw23pe9Z_dduhJYN3Rf4hQ,33.6365584,-111.9197534,1,[33.6365584,-111.9197534,33.6365584,-111.9197534],[33,44,11]
EQFBEUsGPXx431j-w21bJw,33.34108295,-111.9364842,3,[33.3051122,-111.99506,33.3770537,-111.8779084],[6,110,49,193,59]
v3YjpLZ44xc9ZL6i6u_lIw,33.5613249,-111.98161395,7,[33.4482331,-112.0737845,33.6744167,-111.8894434],[109,38,265,39,11,99,88,40,49,80,59]
40ycaXorn5Z7ywrY8DdGaQ,33.45135845,-111.973973,6,[33.407561,-112.072167,33.4951559,-111.875779],[38,168,298,88,39,11,99,212,43,119]
8T0evnkvRaTomru7ghPGeg,33.42781195,-111.93380995,80,[33.2188893,-112.1830859,33.6367346,-111.684534],[109,38,265,39,11,10,24,224,44,43,26,311,7,292,99,48,168,169,185,212,63,119,189,27,177,140,33,117,149,126,377,323,340,201,138,139,108,229,127,251,219,218,98,9,97]
khPlizt3ava1xkbtAxHQnw,33.510360250000005,-112.0442537,163,[33.3201271,-112.2559024,33.7005934,-111.832605],[49,52,7,98,10,9,11,74,27,80,59,72,154,155,237,54,106,119,24,210,84,124,26,307,109,38,39,63,79,121,71,96,184,230,127,175,129,188,23,88,298,202,281,269,6,77,35,76,57,145,205,48,108,212,117,43,33,465,248,17,152,112,66,224,142,182,194,172,267,50,99,65,133,128,40,149,97,44,8,116,36,113,120,126,114,13,177,140,251,322,146,204,28,29,339,292]
wy6wPRdIB2RZ_vtV60OSxg,33.683226,-112.092802,1,[33.683226,-112.092802,33.683226,-112.092802],[7,108]
jUlDX2cnP2L3L4ssEQ0xVw,33.54687625,-111.93744515,2,[33.5123186,-111.995355,33.5814339,-111.8795353],[48,11,119,99]
YWuIMoYUr4z72D_ymwMqpA,33.266696887038,-111.99153418078,6,[33.266696887038,-111.99153418078,33.266696887038,-111.99153418078],[28,29,17,11]
6h5PM9BhvhECbQ7ojgoNXQ,33.5945045,-111.983667,27,[33.510394,-112.0672866,33.678615,-111.9000474],[62,27,17,11,64,65,133,84,419,6,284,35,71,72,297,7,142,10,24,8,43,61,13,30,4,160,21,98,49,50,52,119,99,322,57,39,145,294,106,54,295,112,151,204,300,9,38,33,128,150]
VMKhjcUyFCI2vgGTooF7-Q,33.565177000000006,-112.03845799999999,200,[33.489522,-112.151282,33.640832,-111.925634],[48,11,7,142,126,265,97,161,28,65,17,29,26,33]
vUn91MER1jV-jT4crd3pOg,33.5020246,-112.0559964,27,[33.3632172,-112.18688,33.640832,-111.9251128],[38,99,88,39,40,11,404,89,63,357,229,177,126,48,44,43,7,142,26,127,224,128]
A68Na7akDRtXoKCWGfzbsg,33.594818,-112.065439,1,[33.594818,-112.065439,33.594818,-112.065439],[63,99,11]
GuFEQ9FWT96RtBCoowDGKA,33.4552907,-111.9878697,11,[33.4552907,-111.9878697,33.4552907,-111.9878697],[43,11]
-fhkLP6B7BDAZ1jBrAfwwg,33.28859695,-111.901463,25,[33.0690759,-112.0458143,33.508118,-111.7571117],[38,99,128,39,296,11,212,126,27,28,17,29,57,7,36,69,64,65,56]
vHADS_igRW4Y5r0T0lUhQA,33.406538,-111.96167,5,[33.406538,-111.96167,33.406538,-111.96167],[28,17,29]
EKGotiKFlqWy30aNFWJA8A,33.305824,-111.991311,2,[33.305824,-111.991311,33.305824,-111.991311],[26,11]
PvhTkEHEGTwB65KN_IUkPQ,33.4207679,-111.9334531,35,[33.4207679,-111.9334531,33.4207679,-111.9334531],[188,23]
ukA4tAsH05itDYqhl7qBMw,33.537196949999995,-111.97802379999999,23,[33.3633837,-112.1142778,33.7110102,-111.8417698],[185,11,145,57,17,18,39,4,6,168,99,27,224,212,361,7,108,182,172,43,88,109,38,14,15,309,285,352,48,162,247,192,33,142]
gvXV0RHOxI_WhT91LMPNNQ,33.4654182,-111.9905006,20,[33.3344463,-112.1346307,33.5963901,-111.8463705],[119,120,11,38,7,39,40,48,99,162,44,108,33,117,373,97,24,101,128,210]
TVpj_NG3FffX8cg-L8svHQ,33.5019571,-111.9694685,7,[33.4942423,-112.0124898,33.5096719,-111.9264472],[11,63,39,119,48,38]
NqXBoScmyrmGIX4hyGZsNQ,33.5547742,-112.1119501,101,[33.5547742,-112.1119501,33.5547742,-112.1119501],[28,17,29]
TVqvnBr86HpYxQiSq4f87A,33.4493238,-112.0718824,1,[33.4493238,-112.0718824,33.4493238,-112.0718824],[99,11]
QY1EHp8k_EdsM8s7B-1r0g,33.271662,-111.809029,2,[33.271662,-111.809029,33.271662,-111.809029],[119,11]
_UHTCaa2p8U37B0u9vHzYA,33.4360418,-111.9952003,72,[33.4360418,-111.9952003,33.4360418,-111.9952003],[28,170]
ZNbxGAu1dR5CH5WlzVqEkQ,33.4842229963333,-111.89210041640601,6,[33.4726901926666,-111.9159147,33.4957558,-111.868286132812],[65,133,328,32]
KjlVjf3Rji33oiPnzAIqjQ,33.40767662575685,-111.94610924804701,19,[33.3056067,-112.035583496094,33.5097465515137,-111.856635],[132,133,65,201,26,11,183,421,126,7,108,39,212,293,6,156,292,97,251,194,63,27]
vzsmD_W1kfZ9VXW9-mwKrQ,33.5044463568733,-112.06004409964899,2,[33.4710214,-112.0649272,33.5378713137466,-112.055160999298],[26,11,63,27,24]
VGZhhAtHlLPk-9qGd4Ifqw,33.49148975,-111.9567005,2,[33.4805683,-111.9938057,33.5024112,-111.9195953],[84,339,124,125]
Y26l_5vc1vfSbXn83Tn9rw,33.4542695,-111.9094198,6,[33.4542695,-111.9094198,33.4542695,-111.9094198],[168,11]
A9x6WO4DJuHzT2U_fT9Jhw,33.5431573,-112.04982720000001,15,[33.4471783,-112.2040132,33.6391363,-111.8956412],[57,145,38,39,48,11,26,63,210,17,18,7,47]
