vOHJkv2GGdRYnDMLqR0q9g,33.5022311,-111.924255,6,[33.5022311,-111.924255,33.5022311,-111.924255],[126,97,307,11]
lbWUTB_38YzZIgDG7LvEnA,33.421315,-111.917022,1,[33.421315,-111.917022,33.421315,-111.917022],[39,57,293,402]
I-InMzvRBPLauPu6r_QMhw,33.5219518275351,-111.97437286377,2,[33.5219518275351,-111.97437286377,33.5219518275351,-111.97437286377],[49,445,66,52]
vWtwv4v0qgf5u7O0SEO_og,33.51600809481805,-112.0227498510255,35,[33.4348794896361,-112.0464076,33.5971367,-111.999092102051],[27,11,10,24,99]
9wS3np0rgBPnrDR1SoaqaQ,33.491645,-112.073196,13,[33.491645,-112.073196,33.491645,-112.073196],[38,140,39,40,48,11]
LmCkhilB78gPm8uIU5nCWQ,33.468307300000006,-111.916922,34,[33.261284,-112.072167,33.6753306,-111.761677],[7,142,6,110,108,169,11,137,8,139,48,33,63,24,201,38,39,40,182,140,98,138,292,123,65,219,218,41,36,49,80,59,265,483,225]
r0nKFYzoSTBeD1f3qfBchg,33.47316045,-112.04595044999999,6,[33.2333299,-112.233809,33.712991,-111.8580919],[7,47,24,11,33]
jFVn_fZrhA5OJPHN-L0DGA,33.5603205,-111.90706405,10,[33.5560781,-111.9154217,33.5645629,-111.8987064],[39,38,26,127,11,88,99]
n2SDsmAvEV-Xw6-BI3gioQ,33.3368011,-111.8084404,2,[33.3368011,-111.8084404,33.3368011,-111.8084404],[197,459,23,344]
VlMTcr99IXpqBKBH5rg1VA,33.5392574,-111.9207931,12,[33.5392574,-111.9207931,33.5392574,-111.9207931],[7,194]
Q989Z5pYg5cd1f0CYlSnuw,33.3774019,-111.908621,7,[33.3774019,-111.908621,33.3774019,-111.908621],[219,218,41,11]
5pOdmdO0xB3XUtbYP9tscw,33.645069649999996,-112.23626999999999,2,[33.6368363,-112.236722,33.653303,-112.235818],[28,17,29,63,27,11]
WkZMNwySi84hICXjlvHY4Q,33.4218047,-111.9533039,2,[33.4218047,-111.9533039,33.4218047,-111.9533039],[33,119,99,11]
6TZHlgJB-LS8OP1zxu-Q5A,33.449233,-112.065458,10,[33.449233,-112.065458,33.449233,-112.065458],[27,11]
galDdyvXFfMUg7qASaIP7Q,33.546,-111.96828,77,[33.546,-111.96828,33.546,-111.96828],[98,7,108]
7ocMCw3_nFRYxFmtrn3LXw,33.42,-111.82,10,[33.42,-111.82,33.42,-111.82],[328,32,203]
P9_mygygjPBWfMJmN59tVg,33.54715565,-112.2426418,28,[33.4527955,-112.4159659,33.6415158,-112.0693177],[41,11,43,27]
v2NsLW-phtOVHKP5R1j0qQ,33.552207800000005,-112.16834515,9,[33.4629576,-112.3411891,33.641458,-111.9955012],[44,11,7,8,43,27,162,108]
VgyjOj658DF9ryziLmNFFw,32.879068000000004,-111.745152,4,[32.87808,-111.74778,32.880056,-111.742524],[11,63,137,7,139]
iJ82DOp1IdwZOGbjdbAYsA,33.711091,-112.1122766,2,[33.711091,-112.1122766,33.711091,-112.1122766],[7,108]
ADju-W8JmYhLl0vAOeZ3zA,33.414991,-111.8058261,2,[33.414991,-111.8058261,33.414991,-111.8058261],[43,11]
CW71m9JUapuNzHzWZJvtQA,33.6230152,-111.9297079,1,[33.6230152,-111.9297079,33.6230152,-111.9297079],[123,65]
G70L0VSacu39S-ftXXn7OQ,33.5386461,-112.1826996,3,[33.5386461,-112.1826996,33.5386461,-112.1826996],[6,70]
eivAYLVo_9nHppi1Bzgjng,33.623899,-112.031235,2,[33.623899,-112.031235,33.623899,-112.031235],[117,26,307,11]
OEbLXIbJlT4qafb9MRctOg,33.41915,-111.94614065,16,[33.304775,-111.965872,33.533525,-111.9264093],[33,11,265,119,99]
0kEy7zXEn8Ua51hrzjr4kg,33.52439158898085,-111.9265448772095,6,[33.5086952779617,-111.927080154419,33.5400879,-111.9260096],[99,11,161,28,65,17,29]
L5PtMgQEKkB3iplDe8rjTQ,33.4399949,-111.9265,1,[33.4399949,-111.9265,33.4399949,-111.9265],[10,11]
O7TJ1-KGu3V_eVcueBR36Q,33.446885057319,-112.07107588649,33,[33.446885057319,-112.07107588649,33.446885057319,-112.07107588649],[99,11]
34Jqy6UaaVyiRtYagp7myQ,33.479268,-111.910343,3,[33.479268,-111.910343,33.479268,-111.910343],[7,8]
ScPtzZv7kqSknJ6g78icxg,33.544159449999995,-112.04884445,200,[33.4765807,-112.174034,33.6117382,-111.9236549],[26,11,38,99,39,40,27,224,63]
RUOHfwiqDLb4kf_h_xhOUQ,33.479386149999996,-111.9183253,2,[33.4787939,-111.9259092,33.4799784,-111.9107414],[212,11,309,119,285]
Bi6Rwtn29_BP6It-5R_nuA,33.422728,-111.951494,11,[33.422728,-111.951494,33.422728,-111.951494],[88,38,39,89,11]
78Q2N94mKRRs3MRN5lc_TQ,33.5102068,-112.0272041,6,[33.5102068,-112.0272041,33.5102068,-112.0272041],[48,11]
wNG21Qzj5vLOGQ_vrFxIaQ,33.4799784,-111.9107414,5,[33.4799784,-111.9107414,33.4799784,-111.9107414],[212,11]
SHcX9hp5RG3-OqsbvissIQ,33.56845765,-111.91701558382,95,[33.2644333,-112.2964374,33.872482,-111.53759376764],[38,26,39,11,208,130,6,32,35,49,304,98,7,139,138,202,72,128,99,140,48,83,40,168,129,78,278,79,71,185,108,27,113,116,84,124,125,224,4,5,367,33,307,296,155,54,43,147,8,244,46,13,30,207,119,201,248,387,338,382,206,127,44]
3qE8ATpgUCaHttdeL96qag,33.50274885,-112.0065545,4,[33.4960516,-112.083886,33.5094461,-111.929223],[63,27,11,109,38,48,39,7,108,119]
ZA_Zu6ztuSrc3H4rdj9JdA,33.619936949999996,-112.0455367,18,[33.5612589,-112.1164668,33.678615,-111.9746066],[168,169,11,373,182,41,48,185]
ECtwWOp6UXNom5at7dCuhg,33.51712535,-112.0728047,21,[33.321266,-112.2339614,33.7129847,-111.911648],[48,11,38,128,39,99,296,119,145,57,88,298,7,24,47,27,33,229,185,168,181,43]
KfkXghMRZ-aDPV6Rg9pq8A,33.5307049,-112.0151722,14,[33.5307049,-112.0151722,33.5307049,-112.0151722],[11,63]
8aBoNgjAi8cn15UsoHWQFw,33.5424639,-111.96771745,9,[33.5102068,-112.0734885,33.574721,-111.8619464],[7,142,108,292,265,11,98,48,99]
4l2pQmi0qzw5ODqZAeAFlg,33.2664769,-111.9918702,6,[33.2664769,-111.9918702,33.2664769,-111.9918702],[48,11]
PzFDbb0pOmEjgIxtWr0DyQ,33.3057002,-111.9016698,6,[33.3057002,-111.9016698,33.3057002,-111.9016698],[11]
shAplOMYNkG5JnjZ05NQMQ,33.486684166435055,-111.9615389225005,12,[33.348162,-111.9819,33.6252063328701,-111.941177845001],[27,48,24,11,26]
3oQvvJ_7BvOH2ER6L58gaQ,33.54277315,-112.08155495,134,[33.5242874,-112.1156244,33.5612589,-112.0474855],[48,185,11,99,127]
u0YLiE1sadwwZt_eiX2UoA,33.6530291,-111.9299045,7,[33.6530291,-111.9299045,33.6530291,-111.9299045],[99,48,11]
IBa6IJjUrW3MpmhXB6jXug,33.8321973,-111.9453694,7,[33.8321973,-111.9453694,33.8321973,-111.9453694],[26,11]
med3OKW-RbCH9f1I3np7Fw,33.436057250000005,-112.00954655000001,7,[33.421657,-112.0743441,33.4504575,-111.944749],[39,298,57,145,11,224,43,7,36,48]
Esqt1iWStrO95IsPT1stHQ,33.321864,-111.726244,1,[33.321864,-111.726244,33.321864,-111.726244],[7,24,108,119,11]
W_heXIi6Wn4NE5PkZzOhYw,33.46146505,-112.17366885,7,[33.4354553,-112.2734241,33.4874748,-112.0739136],[180,20,23,26,11,309,285]
wWQGUipMgieCaQFik5J5Ag,33.4846646,-111.92782629999999,19,[33.4740662,-111.928554,33.495263,-111.9270986],[10,11,24,63,26]
6dpMFXDHbA8VICUAi_zhZQ,33.47586585,-111.99567635,17,[33.449233,-112.065458,33.5024987,-111.9258947],[27,11,7,292]
eGslKjsq1e1Fqk-yaWPsqQ,33.4949122,-112.0002839,1,[33.4949122,-112.0002839,33.4949122,-112.0002839],[6,77,35]
rKmQI3HZcmOYrirBeO7Djw,33.53172495,-112.05595819999999,15,[33.502191,-112.1156244,33.5612589,-111.996292],[48,185,11,109,38,39,63]
7vcCMGQHuDmNw3qIjj10Dg,33.43016245098115,-111.9444179925535,200,[33.406538,-111.96167,33.4537869019623,-111.927165985107],[28,17,29,182,172,11]
yQdV1qqnFRdulJDLigGV3g,33.497012100000006,-112.1033701,7,[33.324693,-112.2029352,33.6693312,-112.003805],[26,11,32,203,7,9]
UkcHEh6dn_3idUuwMqwhiw,33.3488775,-111.9766013,3,[33.3488775,-111.9766013,33.3488775,-111.9766013],[7,10,9,11]
9etvFm51AUhOzXzbTeVmXQ,33.5592705,-112.0855109,7,[33.4527955,-112.1170653,33.6657455,-112.0539565],[279,54,324,26,127,11]
yC91d5O-Fn70RHXShLDXfA,33.52201435,-111.8960893,42,[33.331044,-112.1114555,33.7129847,-111.6807231],[265,99,11,224,182,71,73,202,72,27,26,57,39,145,7,189,10,24,88,38,89,108,48,104,6,204,65,36,14,15]
Buqb35GGe92yibnECCqg9g,33.3774019,-111.908621,2,[33.3774019,-111.908621,33.3774019,-111.908621],[7,108]
hh8ZFVvVMKNhbc5oM7SJWQ,33.3260297,-111.8747445,2,[33.3260297,-111.8747445,33.3260297,-111.8747445],[1,32,302]
PEc7xPqy4TdFkX9OPXJeiA,33.5304107666016,-112.013786315918,1,[33.5304107666016,-112.013786315918,33.5304107666016,-112.013786315918],[64,65]
R0g4TWAsD8B-5ixz9PlwKA,33.585056,-112.116136,19,[33.585056,-112.116136,33.585056,-112.116136],[28,17,29]
NT_-kACqOjPocMSL3N1cZg,33.5999386,-111.9797159,2,[33.5999386,-111.9797159,33.5999386,-111.9797159],[126,97,11]
tAAi5iUrQY1OKYnuChDJGQ,33.43475,-112.00644,200,[33.43475,-112.00644,33.43475,-112.00644],[28,170]
d1ITgX9LI6MBxNUGFRio9Q,33.5685619,-111.8852437,2,[33.5685619,-111.8852437,33.5685619,-111.8852437],[65,54,238,220]
n-YE8xk-ETnM6qOcUDgbPA,33.5284189,-111.92512400000001,10,[33.5266038,-111.925621,33.530234,-111.924627],[28,17,29,27,11]
Lvj0_B5fJWSLuxGDkXDUgw,33.57778832825925,-111.9733851981645,200,[33.5100084467657,-112.029651966191,33.6455682097528,-111.917118430138],[7,292,99,48,11,28,158,17,29]
koxaBzK7GSHpAA1BLw2L5Q,33.4949618,-111.9897424,1,[33.4949618,-111.9897424,33.4949618,-111.9897424],[98,7]
UpgSbINRkE2UBNewUUH3fw,33.4218788,-111.94378555,9,[33.42183,-111.960264,33.4219276,-111.9273071],[8,7,138,97,139,11,26]
tRdIu91qEYqqz7AZKU7nSw,33.4944583,-112.0997608,1,[33.4944583,-112.0997608,33.4944583,-112.0997608],[71,72]
K2t_85TGaA5gPjsG58FTHg,33.58504826686685,-111.92122395000001,13,[33.4942423,-111.9776027,33.6758542337337,-111.8648452],[11,63,24,98,7,48,142,8,137,139,39,119,38,161,167,65,108,49,80,82,59,182,140,17,62]
L_hG-g5KWgp3-1skWGX8oQ,33.277061,-111.860579,30,[33.277061,-111.860579,33.277061,-111.860579],[177,140,11]
mu2h8COMhAdnoQQ42TUTSg,33.36155385,-111.88549334999999,17,[33.2587342,-111.929773,33.4643735,-111.8412137],[224,11,251,43,41,149,265]
PQrq5tz1DJ0V26taOqcSGA,33.5154349,-111.989762,13,[33.425938,-112.07,33.6049318,-111.909524],[177,182,140,192,11,49,193,59,109,38,39,63,260,40,259,26,127,377,98,7,206]
UC3zsORq9TmlMCO0COD2pA,33.502222200000006,-111.96237445,5,[33.502191,-111.996292,33.5022534,-111.9284569],[98,7,109,38,11,39,63]
_5JSb6VWA3qmxoDKWFFPxQ,33.376498749999996,-112.02424049999999,21,[33.305824,-112.073781,33.4471735,-111.9747],[119,11,48,7,108,338]
HCFkEJRE2PJkkrIvZDrIOg,33.6565087,-111.90441435,18,[33.4920804,-111.9292934,33.820937,-111.8795353],[38,126,97,39,40,11,210,48,7,8,178,32,18,17,49,95,168,63,224]
UGoXqsajOhLgudlziL0Kfg,33.523033749999996,-111.92671515,6,[33.4683765,-111.927632,33.577691,-111.9257983],[49,80,82,59,167,65]
6pN5tvEtT8Zhy6g1nDu7Aw,33.451715,-112.091917,1,[33.451715,-112.091917,33.451715,-112.091917],[26,11]
DKvlrH_UpQCRLmiSxOCfwQ,33.4664238,-112.0315582,8,[33.4483606,-112.07643,33.484487,-111.9866864],[28,17,29,38,143,293,39]
WBRrtM_Lv8lH6EqglNMjZQ,33.506069999999994,-112.05650445,3,[33.4772147,-112.1847509,33.5349253,-111.928258],[265,11,206,288,32]
ZK5gJBm8UBT8bsFNWfedUw,33.3539224,-111.7119074,42,[33.3290012,-111.7907324,33.3788436,-111.6330824],[155,54,6,156,49,341]
jvv2mNQmtHBuS12RGMhw3g,33.418418,-111.84057,146,[33.418418,-111.84057,33.418418,-111.84057],[38,26,39,11]
3gSPrTgiKF8N-1d05KFlhg,33.449233,-112.065458,24,[33.449233,-112.065458,33.449233,-112.065458],[27,11]
Gi_ZP3Pjdvc9-a8aS3SH0A,33.546931900000004,-112.2031063,5,[33.4552907,-112.4183429,33.6385731,-111.9878697],[24,11,212,120,43]
TtMxWIKXVyuMIzHHtMZ1Lg,33.422728,-111.951494,2,[33.422728,-111.951494,33.422728,-111.951494],[88,38,39,89,11]
sOsFjdkH3ceOV5HKbBxOTg,33.43817075,-112.007297,138,[33.423546,-112.0772,33.4527955,-111.937394],[38,99,128,39,296,11,48]
TskkMzLCcmKAWTDnZqKjuA,33.6548544,-112.0622257,12,[33.6548544,-112.0622257,33.6548544,-112.0622257],[104,167,65]
0LuN0DGTCkzpjAD3NyNN8w,33.50594545,-111.97637750000001,38,[33.394432,-112.077177,33.6174589,-111.875578],[210,11,27,38,99,39,109,48,26,206,63,267,182,172,8,7,138,139,340,161,195,65,108,24,219,218,41,292,352,98,251]
JE63g6L1BGDZb2CjGGtgUg,33.5706,-111.9021,39,[33.5706,-111.9021,33.5706,-111.9021],[38,48,99,39,11]
tYaiVXYDeSkWnILA72iN5Q,33.439648,-112.026154,4,[33.439648,-112.026154,33.439648,-112.026154],[43,11]
r0Krs67kNYyjDPEOumwzFw,33.4352681,-111.90604035,5,[33.3068484,-112.0595603,33.5636878,-111.7525204],[32,203,6,21]
2-Yfeg_hLAfUBYT6omwhTw,33.466104,-112.081655,1,[33.466104,-112.081655,33.466104,-112.081655],[24,11]
3BtjfU6rCeizjPU10z29vA,33.4046051,-111.95170185,3,[33.299873,-112.0608177,33.5093372,-111.842586],[182,218,11,212,63,97,33,119]
PEFb1EuSb6qO0UeC2lbl0A,33.5443733,-111.9041764,1,[33.5443733,-111.9041764,33.5443733,-111.9041764],[49,80,82,59]
geicidIcU7ANDTGRBBgm_Q,33.5435502,-112.0534534,5,[33.4480659,-112.1798866,33.6390345,-111.9270202],[182,218,11]
6Kdm7khCJ4ohRX-UgP6uFA,33.5036432,-111.95974964999999,3,[33.4949678,-111.995355,33.5123186,-111.9241443],[11,63,119,99]
-_33GV5Jdy0K-1m3LUtx3A,33.5336234,-111.9652641,42,[33.5336234,-111.9652641,33.5336234,-111.9652641],[161,28,65,17,29]
ulwPQBaloxUSClqrNSiCiw,33.56879511686685,-112.1511999662475,10,[33.461736,-112.335666,33.6758542337337,-111.966733932495],[63,27,11,169,7,108,33,99,26,43]
16f-KusDtoQo36DB2wV35Q,33.58809985701305,-112.0318100058185,5,[33.5218465,-112.083579911637,33.6543532140261,-111.9800401],[177,140,11,7,137,8,139,224,41,210]
IOMleR_G3DYO4gbK-30BYw,33.3897438,-111.736418,1,[33.3897438,-111.736418,33.3897438,-111.736418],[106,54,107]
7rjO61IsgxdRBTLstKoxog,33.510225,-112.0394,5,[33.510225,-112.0394,33.510225,-112.0394],[177,140,11]
E58PogRyxHgDSLLFs9tFRg,33.453814,-112.073239,2,[33.453814,-112.073239,33.453814,-112.073239],[44,24,11]
UrJSPcSii2LyKViKotQ_Kw,33.40690373898085,-111.9561727,49,[33.3051122,-112.0740398,33.5086952779617,-111.8383056],[63,27,11,26,251,126,97,119,99,109,38,39,192,7,36,8,247,224,162,43,296,149,404,451,33,88,474,142,24,108,172,373,48]
WOYURepLpZtkN4buAvwsrg,33.581877,-111.925123,15,[33.581877,-111.925123,33.581877,-111.925123],[27,11]
Vkg9SSHVdL0kVcKB1T7-1g,33.4504575,-112.0743441,66,[33.4504575,-112.0743441,33.4504575,-112.0743441],[39,298,57,145,11]
bwn9dTvHx6Kb4t9ZPo1RLA,33.449233,-112.065458,53,[33.449233,-112.065458,33.449233,-112.065458],[27,11]
1WwWI2AMNL--KeoOZjzXzw,33.5360577,-111.9673406867525,16,[33.4492414,-112.072854,33.622874,-111.861827373505],[38,99,39,40,11,10,24,6,7,35,139,34,441,48,128,62,27,17,185]
0KsqqZHLvQAt-yq-QBKI5A,33.4080989,-111.83243870000001,2,[33.3931315,-111.876124,33.4230663,-111.7887534],[26,11,83,6]
dpAQCiq_nr-m564AZbVMLw,33.384163,-111.803119,1,[33.384163,-111.803119,33.384163,-111.803119],[212,126,97,11]
zt41dx3Xa7RjRZhz3UHRcw,33.373465,-111.971852,2,[33.373465,-111.971852,33.373465,-111.971852],[158,28]
UeDtcGA8lZvXz_YVARja8w,33.391808149426,-111.9616471336,67,[33.391808149426,-111.9616471336,33.391808149426,-111.9616471336],[13,6,4,5,425,160]
d0WSpPmigcG30R2oJOY_Eg,33.6696493,-112.1868299,1,[33.6696493,-112.1868299,33.6696493,-112.1868299],[126,97,11]
362fxv2Cq2MgE33eoty4bA,33.4925020001075,-111.924118995667,4,[33.4925020001075,-111.924118995667,33.4925020001075,-111.924118995667],[119,99,11]
fk1B1fur6ETdz2pSS9Q0OQ,33.49112,-112.079081,7,[33.49112,-112.079081,33.49112,-112.079081],[28,17,29]
W0L9qw8Ulec-SvnstoOsjw,33.444801984944,-112.07211772211,35,[33.444801984944,-112.07211772211,33.444801984944,-112.07211772211],[38,99,39,128,185,11]
iXgJbE4f6wk5XoRIJ9HhYg,33.6329157,-112.1868896,2,[33.6329157,-112.1868896,33.6329157,-112.1868896],[106,54]
31Xvp4AzKW6BzOjRPh8F1w,33.5639218,-111.99881276849649,8,[33.425938,-112.072327136993,33.7019056,-111.9252984],[43,11,7,108,10,119]
NccXEicyqLBkyPd2JPWh6A,33.460646249999996,-111.9918955,8,[33.4150348,-112.0653186,33.5062577,-111.9184724],[177,140,11,224,182,48,172]
_VM0ZZfqobfEg_WUPmm9Mw,33.5751767,-112.1166078,6,[33.5751767,-112.1166078,33.5751767,-112.1166078],[265,11]
-45fAWrtwU4y-qoZIoyFig,33.49138285,-111.98586664999999,8,[33.4801716,-112.0629953,33.5025941,-111.908738],[206,11,39,38,128,119,26,63,99]
0uDcLF6jvvewY73ngaQF9w,33.3704607,-112.5849991,3,[33.3704607,-112.5849991,33.3704607,-112.5849991],[72,154]
I9d4_0-dDXsbljaZvsGoDA,33.428722,-111.907821,6,[33.428722,-111.907821,33.428722,-111.907821],[71,72]
yZQ_3eJl-kPk5TQ4a7I6VA,33.305824,-111.991311,82,[33.305824,-111.991311,33.305824,-111.991311],[7,108,338,11]
awCTeaWs-hxuig_WLYJ1YA,33.4542695,-111.9094198,7,[33.4542695,-111.9094198,33.4542695,-111.9094198],[168,11]
Bg6Czl2thNapxY-bEDCQkA,33.400284,-112.000808,1,[33.400284,-112.000808,33.400284,-112.000808],[24,11]
U3p1jXgfTQdMptPfPuTEiQ,33.65306405,-112.2516419,2,[33.6385506,-112.2798692,33.6675775,-112.2234146],[99,11,27]
WUW0-9wUeP6OJYa-WnavtA,33.6497783,-111.9264482,151,[33.499499,-111.9280264,33.8000576,-111.92487],[65,158,17,28,161,29,48,11]
lmC1JO6jNAQXgqhVzEP9jA,33.3804801,-111.7538628,1,[33.3804801,-111.7538628,33.3804801,-111.7538628],[65,133]
yQFpw9pKUr1kjHXUyEsrjg,33.4587437,-112.0775732,1,[33.4587437,-112.0775732,33.4587437,-112.0775732],[7,108]
ok5qt0YZIaTLnaOuG2PzPA,33.642036700000006,-111.9035194,4,[33.58348,-111.9235128,33.7005934,-111.883526],[7,142,26,11]
0DpSdYq2IZMgBX2HpoFfKg,33.4366655,-111.9403254,46,[33.4366655,-111.9403254,33.4366655,-111.9403254],[285,185,11]
4Dqeb_NGFpLG1PJp7wqaJg,33.4944211,-111.99877295,200,[33.4218047,-112.079081,33.5670375,-111.9184649],[33,119,99,11,38,39,40,48,7,313,27,26,101,265,161,65,28,17,29,205,168]
Fbu2Y5bJG29eqc33gZ1zTA,33.58348,-111.883526,2,[33.58348,-111.883526,33.58348,-111.883526],[7,142]
5JO6THfCni0yNr7t6FiPxw,33.4948197,-111.9798208,19,[33.4948197,-111.9798208,33.4948197,-111.9798208],[119,11]
L398oHhsb2crsyWRywocDg,33.4214126082706,-111.942980289459,1,[33.4214126082706,-111.942980289459,33.4214126082706,-111.942980289459],[7,108]
uj8uATE62uSY8kCCxfFYPw,33.5248915,-112.0476381,39,[33.5248915,-112.0476381,33.5248915,-112.0476381],[6,250]
TFW32qhkOG_yh_lFWlgjnQ,33.5755693,-111.97784395,5,[33.449233,-112.0739689,33.7019056,-111.881719],[43,11,63,119,27,24]
ai2W745a8wrLHJr7TY0FCA,33.5168265,-112.07423675,59,[33.322668,-112.3923143,33.710985,-111.7561592],[11,27,63,6,99,24,218,7,142,194,129,32,79,212,26,112,33,108,119,8,138,139,192,323,77,191,35,17,15,111,113,309,285,292,12,13,22,173,322,57,248,145,38,39,40,48,182,140]
cT_RSDquTwJ_Sq4qRGxy8Q,33.6289166243405,-111.909408876976,6,[33.621274848681,-111.9197534,33.6365584,-111.899064353952],[33,44,11,26]
3hjQGI2w7nf9m3QNog5X-w,33.5386523,-112.1859866,6,[33.5386523,-112.1859866,33.5386523,-112.1859866],[98,7]
7rAehvU5TeLRHLTX8TRdqQ,33.509038,-112.0670453,2,[33.509038,-112.0670453,33.509038,-112.0670453],[26,11]
UMIVWxNXcc8xng7e0iRfig,33.464349,-111.908369,1,[33.464349,-111.908369,33.464349,-111.908369],[224,11]
qJKqyMjzbQdWtN5ypGjjpA,33.78550455,-112.52114895,12,[33.6052881,-112.742297,33.965721,-112.3000009],[11,27,63,345,6,35,264,84,346,33,24]
zar2wOyyin0r3tbBGtqXKw,33.6294411,-112.0123724,13,[33.4252835,-112.1160088,33.8335987,-111.908736],[37,32,185,11,99,26,17,28,29,33,119,63,27,71,72,96,78,79,113,6,116,168,144,7,162,54,55,122,256]
f1gxYr0ZZTcOvmWvdo6ENQ,33.6351926,-112.1262297,19,[33.5958042,-112.2226374,33.674581,-112.029822],[251,11,32,90]
n4EqyATij3Vd0bRoFt-djA,33.464559449999996,-112.0214335,15,[33.3482841,-112.1160088,33.5808348,-111.9268582],[7,8,177,140,11,168,144,26,127,33,48,307]
CWUnN_LxGGdv2UHLUtVM6Q,33.4217923,-111.951184,1,[33.4217923,-111.951184,33.4217923,-111.951184],[98,7,24,11]
N6TmANKR8ABJ4niirRtaeQ,33.446758700000004,-111.92194409999999,21,[33.4194512,-111.9279622,33.4740662,-111.915926],[10,11,24,63,38,7,47,88,39,48,27]
ocitaNXuVnhS3DnDHfUtcw,33.3929652,-111.9069748,2,[33.3929652,-111.9069748,33.3929652,-111.9069748],[92,15,141,6]
F0-xvsvWf32mYsxY85eOdQ,33.38674535,-111.92881955,9,[33.3496805,-111.9487453,33.4238102,-111.9088938],[88,38,39,24,11,84,339,404,451,27,33,117,48]
32Dfj21nQ-xTDwfCJxZvhg,33.2891336,-111.86772819999999,16,[33.2664769,-111.9918702,33.3117903,-111.7435862],[149,11,27,48]
nGvxLe5jdJGbxTYt9XjScw,33.46700876510485,-111.874222291746,100,[33.2976955302097,-112.125614583492,33.636322,-111.62283],[57,69,27,11,155,432,237,54,106,7,98,10,9,194,43,24,63,14,15,6,108,119,26,48,183,65,8,45,12,114,13,115,97,258,38,40,39,21,257,265,99,185,100,148,204,117,33,142,4,425,162,137,139,96,72,191,182,140,30,126,92,327,219,218,41,208,35,407,408,49,447,200,36,128,449,130,32,157,103,46,104,161,195]
0oHzVeK6Sy_1dPW_7Dgevg,33.604697349999995,-112.0976815,8,[33.5693997,-112.1213104,33.639995,-112.0740526],[212,26,11,49,80,59]
aXBDPO-V0XOHm7ECYoK17A,33.820937,-111.9228454,1,[33.820937,-111.9228454,33.820937,-111.9228454],[48,11]
yf8gN_pRFE4c3zs1D72l4g,33.277061,-111.860579,2,[33.277061,-111.860579,33.277061,-111.860579],[177,140,11]
ILPtB6qlQgmEznSkdhxEQQ,33.45731875,-111.9406845,10,[33.392791,-112.073765,33.5218465,-111.807604],[210,11,7,108,57,27,39,145,265,63,38,48]
LxUB8SwZx34s0-EHbuj0MA,33.4566960573784,-112.072327136993,97,[33.4566960573784,-112.072327136993,33.4566960573784,-112.072327136993],[119,11]
W1LyDRRbM4eUU33_bt-Feg,33.4353375,-112.00347769999999,3,[33.435146,-112.0085884,33.435529,-111.998367],[44,24,11,119,38,99,39]
E9AnsBSweLHF-aq_HohBiQ,33.5754755,-112.0651592,70,[33.5754755,-112.0651592,33.5754755,-112.0651592],[119,11]
aZ24_A-B_kE3A4aAGXrB1g,33.4724491,-112.1345686,46,[33.4724491,-112.1345686,33.4724491,-112.1345686],[26,11]
5v2rsqd6HGwGl0nm809XFg,33.5107891,-111.9087142,1,[33.5107891,-111.9087142,33.5107891,-111.9087142],[433,32,252]
egSoxTH5vpw_keK7rTjxPQ,33.4951703,-111.9234034,36,[33.4951703,-111.9234034,33.4951703,-111.9234034],[28,17,29]
J5fHOQsNQASegvuFNz3UKg,33.474157149999996,-111.9284184,9,[33.3656883,-111.94542,33.582626,-111.9114168],[26,11,54,55,122,256,192]
fmwSRiZm6_VSyvuCHr3bLA,33.622009,-111.90459,1,[33.622009,-111.90459,33.622009,-111.90459],[72,281]
UAx02XDOWtDvY7K2U8Lw5A,33.4952867,-112.3556173,13,[33.4952867,-112.3556173,33.4952867,-112.3556173],[48,11]
gVP-c9rHEwtR9jlnDx8CSQ,33.4326053092307,-111.904946565628,18,[33.4326053092307,-111.904946565628,33.4326053092307,-111.904946565628],[7,292,108,24,11]
Iyi5-xO0_qCXErSWjH1v0Q,33.4938414,-111.9268138,5,[33.4938414,-111.9268138,33.4938414,-111.9268138],[27,11]
M6oU3OBf_E6gqlfkLGlStQ,33.48732085,-111.93888290000001,200,[33.261657,-112.134201,33.7129847,-111.7435648],[119,99,11,6,200,109,38,48,39,224,182,172,168,181,229,27,63,24,26,212,43,128,307,7,47,88,137,8,139,98,10,192,267,309,285,140,323,218,41,108,44,97,177,72,441,127,126,142,101,33,292,251,30,13,36,322,57,298,208,35,145,40,84,21,358,359,49,80,82,59,206,219,89,117,214,162,361,265,223,210,446,42,262,260,239,144,60,232,96,52]
HqYQMSO55ZRZ-z7UWtZ_Tw,33.42015055,-111.93077695,5,[33.414333,-111.940813,33.4259681,-111.9207409],[119,48,44,11,26,27,168]
8zjMhDpYNE128XxE7C4KMw,33.640243,-112.01308,2,[33.640243,-112.01308,33.640243,-112.01308],[120,11]
RTvTQewh-ZTsJ0VZ4MWHvQ,33.638582,-112.0999346,1,[33.638582,-112.0999346,33.638582,-112.0999346],[99,11]
_PmOqDgJHS8_uLFSbWygmQ,33.66709055,-112.24442020000001,5,[33.6524846,-112.253601,33.6816965,-112.2352394],[84,336,26,11]
SFDMJfZkj1tlkMnmWdezqg,33.5242874,-112.0474855,1,[33.5242874,-112.0474855,33.5242874,-112.0474855],[99,127,11]
0AbPhr31EpMgsOCCroUb9w,33.460214642306056,-111.8161265,20,[33.2795972846121,-112.151282,33.640832,-111.480971],[11,49,52,126,445,66,43,57,99,7,36,69,185,80,82,59,33,48,47,26,212,361,38,88,39,89,298,44,24,168]
eshIqohS-9FMLdKOhTr2Ng,33.54211323714,-112.0465375,76,[33.413158,-112.217296,33.67106847428,-111.875779],[7,108,44,97,11,30,13,6,46,168,181,229,49,368,99,27,48,142,71,72,24,36,8,119,38,109,39,157,103,127,98,210,128,63,10,138,224,139,113,116,307,212,43,445,66,52,149,361,45,340,189,126,251,26,33,47,137,9,201,175,129,79,322,57,313]
RqvHB-f-RwgA67E1vBh54Q,33.425938,-111.940346,6,[33.425938,-111.940346,33.425938,-111.940346],[33,99,44,11]
dOy0TGjdtQsJo7WM5f7Iqw,33.4354634,-112.0069893,10,[33.4354634,-112.0069893,33.4354634,-112.0069893],[38,128,39]
pV-d6BObgdXX_rJbYGHTkw,33.4245625,-111.9409053,34,[33.4245625,-111.9409053,33.4245625,-111.9409053],[127,11]
p5nCE5-jiuR-A4_FTECTZw,33.3107115,-111.82419540000001,8,[33.302011,-111.842615,33.319412,-111.8057758],[109,38,48,39,11,26]
vPWgOuhedYgHW89QKqaZzg,33.45,-111.97,6,[33.45,-111.97,33.45,-111.97],[7,189]
ABBieoADOk8t4ZY5SJZJFg,33.294624,-111.773553,4,[33.294624,-111.773553,33.294624,-111.773553],[106,444,54,226]
NKBKwOJt7VJkQpdDCgaeyg,33.39353185,-111.93265035,15,[33.331773,-111.9878697,33.4552907,-111.877431],[126,97,11,38,7,47,88,39,48,185,54,238,177,43]
lCUsu2A55j9qwc-DHXk4-g,33.509578,-112.060185,4,[33.509578,-112.060185,33.509578,-112.060185],[63,27,11]
UB7g7flEPcCK32I2iRd7eA,33.65257915625796,-111.936672799202,2,[33.6273043125159,-111.978579,33.677854,-111.894766598404],[7,108,201,119,11,57,69,48]
FHGMfrXZy-flQsQ5--sDAw,33.868744,-112.138729,1,[33.868744,-112.138729,33.868744,-112.138729],[7,108,482]
WE3AWk2O41X0kTc5t0mthA,33.50826455,-112.05005464999999,11,[33.4514309,-112.0759353,33.5650982,-112.024174],[48,11,27,33,44,265]
U77M6LmmbWIEy8JZXMSdPw,33.48730635,-111.9829014,7,[33.479793,-111.985982,33.4948197,-111.9798208],[127,11,119]
DzOWT48AN6XB4D7t4rZCPQ,33.392176500000005,-111.93155085000001,18,[33.362444,-111.9506847,33.421909,-111.912417],[15,6,191,244,11]
c-FUzkbILnWfEchStympsg,33.499499,-111.927402,39,[33.499499,-111.927402,33.499499,-111.927402],[48,11]
M6d-RVFid-ReUczI5BOB9w,33.43475,-112.00644,56,[33.43475,-112.00644,33.43475,-112.00644],[28,170]
tky9oe-25g30GfAh-HPSqA,33.4823893,-112.3408511,2,[33.4823893,-112.3408511,33.4823893,-112.3408511],[212,11]
k_YQebBIMPysIa3lZdxd4g,33.4612789,-112.1727709,15,[33.4612789,-112.1727709,33.4612789,-112.1727709],[28,17,29]
cRkpxxTQi0Zsi7F4jmkLfQ,33.4787943,-112.0478085,41,[33.4787943,-112.0478085,33.4787943,-112.0478085],[26,11]
UJSYOfLmGOMzap4x5XEXUw,33.396458100000004,-111.943889,16,[33.373465,-111.971852,33.4194512,-111.915926],[158,28,38,7,47,88,39,48,11]
pLAmvKJu0J3ng9d2fWa61g,33.4471778,-112.0744503,3,[33.4471778,-112.0744503,33.4471778,-112.0744503],[49,38,39,128,341]
BSwRuQgl-mbo7ZiOUBbGJQ,33.637989,-112.2712148,1,[33.637989,-112.2712148,33.637989,-112.2712148],[224,11]
lzEYtJeq77xpA484S12UWQ,33.38604305,-111.8904361818865,5,[33.3061605,-111.939622163773,33.4659256,-111.8412502],[26,11,6,270,109,38,27,39]
FyICdmp45IXPct41FmnVug,33.5871771,-111.9255397,1,[33.5871771,-111.9255397,33.5871771,-111.9255397],[26,11]
I0wrF0tgrd4PsFhIASNwLw,33.5384636,-112.1819312,1,[33.5384636,-112.1819312,33.5384636,-112.1819312],[33,11]
vhyhAd0qk05qQ-RvfsznGA,33.4843598,-112.0366154,6,[33.4709187,-112.083886,33.4978009,-111.9893448],[113,6,7,108,98,175,129,121,79]
Bg3FBXzPViMowB_mJcUnbg,33.51035585,-112.0253283,150,[33.5095797,-112.0258966,33.511132,-112.02476],[28,17,29,127,11]
IBcgZQAkTBeucmX59Pz1QQ,33.4715391,-112.00475399999999,11,[33.3022462,-112.151282,33.640832,-111.858226],[38,26,39,11,126,97,119,98,7,201,27]
AFbk4sEEq422YSYinaovsA,33.639896,-111.94439,3,[33.639896,-111.94439,33.639896,-111.94439],[38,99,33,39,128,11]
ZFg66bjKE8HcQp5-2_vrqA,33.52720010449825,-111.94321889082201,175,[33.4346646089965,-111.994210481644,33.6197356,-111.8922273],[48,11,98,7,119,24]
kf80o_h509p2EQt0T8yMxg,33.58348,-111.883526,51,[33.58348,-111.883526,33.58348,-111.883526],[7,142]
mQPT9fjFCmmI_SHeyhjq3A,33.667728999304,-111.978514194489,2,[33.667728999304,-111.978514194489,33.667728999304,-111.978514194489],[322,57,39,145]
R8n8jJcNtOXKR3NyUM5sIw,33.6356863,-112.2359563,1,[33.6356863,-112.2359563,33.6356863,-112.2359563],[231,18,17,49,28,29]
K_mGQSbTGYj5jeR_VT43OQ,33.488177,-112.057849,2,[33.488177,-112.057849,33.488177,-112.057849],[32,95,222]
aIbwrnrP4kTufADO-jGZxA,33.604966399999995,-112.06334115,101,[33.3777355,-112.2619703,33.8321973,-111.864712],[38,11,99,128,39,71,72,184,27,63,273,26,30,8,13,6,7,96,141,65,133,93,3,44,57,69,119,48,53,54,55,266,139,225,97,106,107,116,36,62,17,113,45,85,224,126,49,80,82,59,101,33,117,352,61,25,43,122,84,419,313,307,434,103,4,98,24,145,169,214]
M_rUn8TIYxX2OLQEuC9faw,33.3213518,-111.85917090000001,17,[33.3060217,-111.877846,33.3366819,-111.8404958],[7,108,43,11,44,224,251,26,27,63,24,14,15,6]
neVO7_jtPdDjnyxhHJ9L5g,33.637775,-111.926212,1,[33.637775,-111.926212,33.637775,-111.926212],[11,63]
T9sdXQ42ttWTy6vjZ72G0Q,33.527152,-112.2635785,2,[33.458423,-112.392714,33.595881,-112.134443],[33,117,24,11,43]
0VJkru53hi_-YqQ4LoIbnw,33.48817765,-111.9896701,9,[33.3358872,-112.120273,33.6404681,-111.8590672],[65,133,48,185,11,202,72]
Ucj7ZMTPlHn4m0fT4_P2GA,33.54865855,-112.1974562,10,[33.4946576,-112.358184,33.6026595,-112.0367284],[26,11,38,39]
6gK6I7_AHJgiD_xwlMc2Uw,33.318435699999995,-111.83924400000001,21,[33.2618144,-111.991311,33.375057,-111.687177],[38,11,99,128,39,26,7,292,108,457,33,48,47,177,140,97,229]
wDPN-DTpsLqQLqwlar3CEg,33.4527955,-112.0693177,200,[33.4527955,-112.0693177,33.4527955,-112.0693177],[26,127,11]
oi5f-GdgHyqxLuzfrWDHvg,33.2762703,-111.8753205,2,[33.2762703,-111.8753205,33.2762703,-111.8753205],[99,11]
QHeIkPBiIzvkZh_st62ZlQ,33.5005719,-112.0741143,15,[33.5005719,-112.0741143,33.5005719,-112.0741143],[7,108]
yyYoQ2p9gHE29I3MzFDMoA,33.5537698,-112.2701979,1,[33.5537698,-112.2701979,33.5537698,-112.2701979],[48,11]
_S4K06Zsf-DJnVaDymIK-g,33.220784807586,-111.58327115097,28,[33.220784807586,-111.58327115097,33.220784807586,-111.58327115097],[190,28,140,11]
rHMuVEkSTA5BKiRHLSsxbQ,33.478650813463304,-111.91758820000001,59,[33.4237766269266,-111.965872,33.533525,-111.8693044],[185,11,265]
7RUOPOt3iDUXTuC8eVC68A,33.440103789484496,-111.9991166478335,17,[33.378062078969,-112.0741143,33.5021455,-111.924118995667],[119,11,49,59,193,195,65,7,108,26,161,99,202,72]
mr2Y0MXsCbp-2-gen4ibtw,33.54402495,-112.23025848252999,18,[33.449799,-112.39201426506,33.6382509,-112.0685027],[126,11,54,55,106,226,28,442,241,88,7,38,47,39,117,214,168,181,229]
wTcS3cbQe2wYrNB0jBtUVQ,33.5183691,-112.0047498,35,[33.5183691,-112.0047498,33.5183691,-112.0047498],[99,11]
PMOSq9rZQr82wamFCcz-iw,33.46776915,-112.0369234,95,[33.347591,-112.1164668,33.5879473,-111.95738],[168,169,11,119,99,28,17,29]
aFCnJ3zDksFqAk6gvE5kZw,33.502191,-111.996292,14,[33.502191,-111.996292,33.502191,-111.996292],[109,38,11,39,63]
TzjPwj6TBzvtJnmEfE8asw,33.4514498,-111.834982,6,[33.422728,-111.951494,33.4801716,-111.71847],[26,11,99,24,185,27]
U4pL_wZLztiGujgG_bopYQ,33.531097349999996,-111.961274,3,[33.4951572,-112.0040831,33.5670375,-111.9184649],[11,63]
z6rwNBLsxABWGBocZwTf2Q,33.4354553,-112.0739136,1,[33.4354553,-112.0739136,33.4354553,-112.0739136],[309,285,11]
iMiueLLhHqNI4_PaID3IFA,33.4951366,-112.0012318,14,[33.4951366,-112.0012318,33.4951366,-112.0012318],[48,11]
Lc7d17m2QyhgWlgjvL6AGQ,33.434736,-111.924312,8,[33.434736,-111.924312,33.434736,-111.924312],[28,17,29]
Uy0OIDMzJrwLQ5tiTgnOnQ,33.393962,-111.906829,5,[33.338736,-112.0772,33.449188,-111.736458],[27,11,49,178]
NK2tKp90xSIAWAdyfXP2jQ,33.317422,-111.968815,1,[33.317422,-111.968815,33.317422,-111.968815],[127,11]
4L6KNUQe2pWYVXf9KkBdsw,33.5769228,-112.09471765,6,[33.536066,-112.263551,33.6177796,-111.9258843],[7,48,47,11,26]
UjsU1FCqEcl2GD9gRPz3pQ,33.510225,-112.0394,1,[33.510225,-112.0394,33.510225,-112.0394],[177,140,11]
KHvdruL7kWGHdk01xC5ygg,33.595881,-112.134443,2,[33.595881,-112.134443,33.595881,-112.134443],[33,117,24,11]
9jUs-okApB-BYUspnetcrw,33.4543305,-111.8856396,44,[33.4543305,-111.8856396,33.4543305,-111.8856396],[57,258,38,40,39]
DieSSGflEZhTtxXi2g-2og,33.568119499999995,-112.10279015,26,[33.496767,-112.1341113,33.639472,-112.071469],[208,6,35,27,11,105,65,7,8]
eC5HK6eCNTLp8KAg5LveMg,33.5785774,-111.880463,6,[33.5785774,-111.880463,33.5785774,-111.880463],[106,54,280]
rL-OqUZbMwKUKuUHasBU3Q,33.5218465,-112.0648577,2,[33.5218465,-112.0648577,33.5218465,-112.0648577],[210,11]
EBvffllKjTC_T_ioX9UgVQ,33.4948322,-111.9064691,26,[33.4948322,-111.9064691,33.4948322,-111.9064691],[43,11]
F6QsMoJdvtohlbnST-fDyQ,33.4710743,-111.9583094095,200,[33.3022417,-112.1240864,33.6399069,-111.792532419],[63,27,11,49,80,82,59,224,129,121,79,48,46,6,12,114,13,30,72,154,7,8,57,56,41,400,38,265,39,161,65,133,137,139,43,84,124,125,111,112,113,17,28,240,241,45,306,248,152,155,54,71,26,32,302,110,1,141,200,22,127,162,36,168,333,298,88,147,339,15,25,96,21,33,34,35,119,24,208,99,128,98,108,4,100,425,279,324,202,281,368,106,107,317,301,236,103,62,153,185,117,146,341]
gkdaO-6RN910GrKR93iLtA,33.424911050000006,-111.96267605,6,[33.347591,-112.0010971,33.5022311,-111.924255],[119,99,11,48,26,126,97,307,7,162]
fND8Ce3pkw0WD5jM_6GySQ,33.6091527,-112.3187531,2,[33.6091527,-112.3187531,33.6091527,-112.3187531],[26,11]
gnllQ_hR_B_qzwJ4n7H_nQ,33.359038999999996,-111.84669550000001,4,[33.296095,-111.947744,33.421983,-111.745647],[6,270,200]
HCnsFGQ-HKqCgJbWWDHKmQ,33.3757333,-111.93347025,7,[33.3216034,-111.9626175,33.4298632,-111.904323],[104,161,195,65,126,11,99,44]
ZKuevUayT2eqkGNrJm2nAg,33.5293225,-112.10191900000001,44,[33.38003,-112.364213,33.678615,-111.839625],[7,8,84,385,124,177,140,11,96,72,98,10,192,57,56,39,145,24,6,26,12,114,13,115,38,119,109,327,33,182,48,44,15,123,65,470,63,30,99,35,264,162,110,28,442,241,47,373,41,108,130,32]
ysNIVJYl9RZSCqxzCBQz3w,33.391808149426,-111.9616471336,1,[33.391808149426,-111.9616471336,33.391808149426,-111.9616471336],[13,6,4,5,425,160]
zEBwPEQK79izw3BGmkbSgQ,33.35219862936775,-111.722632588875,9,[33.3257233587355,-111.757599,33.3786739,-111.68766617775],[98,7,24,11,194]
BkdQfuEXY8k1karD0R9T1w,33.427610500053746,-111.90012894783351,3,[33.362719,-111.924118995667,33.4925020001075,-111.8761389],[119,99,11,89]
jqtQYQ5O5pvX6z3Pic3R6A,33.5215392,-112.0022075,3,[33.4587437,-112.0775732,33.5843347,-111.9268418],[182,48,140,11,61,13,6,21]
z1DvpvSuT2H07tqbfxWPpA,33.476144,-112.0706912,4,[33.4517161,-112.0764371,33.5005719,-112.0649453],[57,39,145,7,108,33,142,24,11,119]
iHMaBLCORa8gFPdNZRh9Bg,33.643512599999994,-112.0421372,14,[33.4221126,-112.1388544,33.8649126,-111.94542],[182,48,140,11,119,26,49,28,342,503,17]
pk4y8PJdccJysYBpBA-gcg,33.48071955,-112.0387294925535,45,[33.3345061,-112.150293,33.626933,-111.927165985107],[63,27,11,26,38,210,39,212,99,201,109,48,7,108,79,121,24,168,181,229,40,6,77,112,191,35,17,15,111,113,119,260,33,88,298,142,32,302,110,1,141,36,307,172,130,206,182]
lPaLv11Z1tdeoM76balPZg,33.5960495,-112.1582944,51,[33.5515097,-112.2691041,33.6405893,-112.0474847],[212,26,11,33,44,109,38,265,39,63,27]
nkWwwFQKnzWNmsjqF_cp9A,33.661513299999996,-112.06610789999999,5,[33.6556844,-112.2021879,33.6673422,-111.9300279],[27,11,265]
XzZ0aFmjwj8g7mP130fWJA,33.49105795,-111.94322575000001,23,[33.4881846,-111.9608249,33.4939313,-111.9256266],[185,11,48]
NMTkX1BmTPB0P2tGyjhcZw,33.4820176412898,-111.684434240371,1,[33.4820176412898,-111.684434240371,33.4820176412898,-111.684434240371],[27,11]
6JaJwq4n5dgyYEocozGELw,33.277918953793005,-111.763921975485,5,[33.220784807586,-111.9445728,33.3350531,-111.58327115097],[27,11,190,28,140]
B00KpTUl01haPWO8wryRcQ,33.636578,-111.9793208,4,[33.5967969,-111.9805614,33.6763591,-111.9780802],[44,11,53,54,55]
e-GOQDdx_pPSi_dHJ87oKQ,33.47380425,-112.0599585,21,[33.4272015,-112.179712,33.520407,-111.940205],[48,11,109,38,39,251,128,43,57,69,7,108,333]
HNgfQCcfgwYXNstpkjBvNg,33.6112229,-112.2400641,2,[33.6112229,-112.2400641,33.6112229,-112.2400641],[126,97,11]
M3_R93ma7W7bB0xB3mOW3w,33.399156950000005,-111.85776365,200,[33.304492,-111.9259965,33.4938219,-111.7895308],[309,119,285,11,212,26,43,7,142,185]
M0YeFQ3Z339NSgIUIKwN6Q,33.493947,-111.922301,177,[33.493947,-111.922301,33.493947,-111.922301],[28,17,29]
tDSDuMzwQiI44W8cfxU68Q,33.5658474786892,-111.97930815000001,37,[33.4566960573784,-112.079081,33.6749989,-111.8795353],[119,11,38,99,39,40,48,128,4,13,6,160,265,182,140,126,97,26,27,63,24,322,57,185]
nSBnVITV3uGhf69vDdrhyw,33.5097147,-112.0289121,1,[33.5097147,-112.0289121,33.5097147,-112.0289121],[30,13,6]
DbU4ZOoZe8pZ_k5CD8k3iw,33.573261649652,-111.96951580000001,27,[33.4787943,-112.0478085,33.667728999304,-111.8912231],[126,11,33,119,88,38,39,298,265,48,26,63,322,57,145,6,345,84,346,141,23]
cTQOEKBVSqrsyVl2Ssyolg,33.419101600000005,-111.95223715,25,[33.3356091,-112.0739,33.5025941,-111.8305743],[210,11,71,72,297,7,8,119,13,6,4,5,425,160,26,24,84,262,60,333,322,57,56,154]
or_0LbQFiyA5LtPietdZtg,33.6098767,-112.2506658,1,[33.6098767,-112.2506658,33.6098767,-112.2506658],[49,326,52]
RpC1jwOttGJcM5TIgscMTQ,33.496918,-112.00061551041401,52,[33.491645,-112.073196,33.502191,-111.928035020828],[38,140,39,40,48,11,99,88,109,63,168]
YI2aZ02Qq46CGvyM4ukCnw,33.49371075,-112.05041944999999,2,[33.4772147,-112.0736348,33.5102068,-112.0272041],[265,11,99]
C1BjLjGFWQ5d19ubmBXZlg,33.590630950000005,-111.9121086,4,[33.5560781,-111.9255108,33.6251838,-111.8987064],[39,38,26,127,11,168,265]
LrMZYbnZ-_FhndRvpYd3kA,33.531313,-112.048106,2,[33.531313,-112.048106,33.531313,-112.048106],[54,55,122]
Id-8-NMEKxeXBR44eUdDeA,33.4919299,-111.99565670000001,8,[33.4740662,-112.0647931,33.5097936,-111.9265203],[10,11,24,63,7,292,142,26]
viBbZoi3ECCbP_tbmI6UNw,33.290743,-111.8414277,2,[33.290743,-111.8414277,33.290743,-111.8414277],[65,133]
XEj4KS4eVH2wRiyfQe8blw,33.379286300000004,-111.8134408,4,[33.3785426,-111.839625,33.38003,-111.7872566],[33,44,11,7,142]
VKMXskef7HfA4RA0O_iIiQ,33.4768765,-112.04798464999999,200,[33.444799,-112.066662,33.508954,-112.0293073],[57,327,28,17,29]
nRynDsVDD8orbLa7rt_3AQ,33.530171,-111.974566,200,[33.530171,-111.974566,33.530171,-111.974566],[99,48,11]
IHxdu1cWplmBejl6k_1o8g,33.331295999999995,-111.85936244999999,5,[33.299873,-111.8761389,33.362719,-111.842586],[33,119,11,89]
mTd9JbPEFzBW6co3OKHlJg,33.641483750000006,-111.9169663,2,[33.6119344,-111.9271523,33.6710331,-111.9067803],[267,182,172,11,126]
7yiryR3tSyyAoizfNw3bKg,33.494426,-111.916048,153,[33.494426,-111.916048,33.494426,-111.916048],[79]
_qvJ42Toq5L2VWvJuEGnMA,33.677854,-111.978579,2,[33.677854,-111.978579,33.677854,-111.978579],[7,108,201,119,11]
Wmlxh305msxQuG2Mje_AvA,33.53015798437035,-112.105475298991,19,[33.4217138687407,-112.2330497,33.6386021,-111.977900897982],[33,44,11,84,171,7,36,93,3]
hnEqpTQsJXGw4rLdvlXDqQ,33.4926382,-111.926313,10,[33.4926382,-111.926313,33.4926382,-111.926313],[11,63]
8judY6JqNcVJZnpqDRQmuA,33.4899454084845,-111.92802105,28,[33.453287016969,-111.9339561,33.5266038,-111.922086],[182,172,11,27,101,38,26,39,28,17,29,145,57,205]
LJeb2uiCMzVTt1U3T1HsyQ,33.47921585,-112.17547525,4,[33.448422,-112.335666,33.5100097,-112.0152845],[351,57,309,39,11,48,169,7,108]
n6XFY5nP2e-zZiWQHbr4uQ,32.9437368,-112.7335799,149,[32.9437368,-112.7335799,32.9437368,-112.7335799],[7,72,148,154]
t6qe0BXW0owmfvljlNZSWw,33.304845,-111.951499,4,[33.304845,-111.951499,33.304845,-111.951499],[120,11,17,62]
pjv8djuLKG_UAU2Q2mfFTw,33.4346646089965,-111.994210481644,6,[33.4346646089965,-111.994210481644,33.4346646089965,-111.994210481644],[48,11]
0703OfNvhtJTX9kuMQ_qbg,33.348162,-111.9819,64,[33.348162,-111.9819,33.348162,-111.9819],[26,11]
laGVkQka2fPhOXWB_Vv5zg,33.5196108,-112.0934112,1,[33.5196108,-112.0934112,33.5196108,-112.0934112],[57,69]
zS8eZ-28lCFSC8tvSzgdWw,33.497828,-111.927267,87,[33.497828,-111.927267,33.497828,-111.927267],[352,48,11]
GaRcZBXTj_sb7DTcZXNJfA,33.4360415,-111.9956337,113,[33.4360415,-111.9956337,33.4360415,-111.9956337],[28,240,241]
cDQH7mNcfPOTGoJdvtdUIw,33.4509426,-111.7881823,1,[33.4509426,-111.7881823,33.4509426,-111.7881823],[96,72]
RKDSCRbN17rlE4ayYiyEqw,33.488219,-111.99903855,200,[33.4492414,-112.0732071,33.5271966,-111.92487],[119,99,11,38,39,40,28,17,29,41]
RWr3RPcZbH4Fd64569w2Eg,33.379618,-111.757045,1,[33.379618,-111.757045,33.379618,-111.757045],[10,44,24,11]
xZf1Lvi9jA5KVwSRiTspdA,33.47994525,-112.10806375,9,[33.3216034,-112.25351,33.6382871,-111.9626175],[26,11,126,224,43]
3OoymHgnsBy4P28Yu5n4GA,33.62556855,-111.9984426,5,[33.6106247,-112.0190828,33.6405124,-111.9778024],[97,11,7,108]
wxzGhHrqKrGYGN72vFyTAA,33.3335765,-111.81594799999999,26,[33.319395,-111.874965,33.347758,-111.756931],[99,11,182,48,140]
nMoS5CJV16bnLvFURC5M0A,33.48004385,-111.8362035,4,[33.3403987,-111.881446,33.619689,-111.790961],[49,321,59,54,55,122,104,161,105,65]
UWAkwNS8pkOBasmzrZ0UdQ,33.5737728,-111.9054892,5,[33.5737728,-111.9054892,33.5737728,-111.9054892],[195,65]
uFCUOKwOEeIGACMrc3wtmg,33.334465,-111.66797550000001,6,[33.306491,-111.890258,33.362439,-111.445693],[101,38,99,39,11,265,168,10,49,178,119,120]
pQbyx3VDl52eGR2mKd7Qag,33.539256800000004,-112.00341284999999,31,[33.440699,-112.0980877,33.6378146,-111.908738],[32,95,222,38,205,39,40,119,26,11,57,186,6,30,8,13,7,110,43,17,152,161,28,65,29,322,181,104,105,167,108,140,48]
G6supEx6Cjcbl8Yz85O1pw,33.531544499999995,-111.92437885000001,47,[33.4960515,-111.9302928,33.5670375,-111.9184649],[352,48,11,38,39,63,28,158,17,29]
3gIfcQq5KxAegwCPXc83cQ,33.48815526510485,-112.00398795,200,[33.2976955302097,-112.3199449,33.678615,-111.688031],[7,142,292,26,11,201,224,9,108,99,27,63,126,97,38,48,39,313,33,117,71,72,43,98,172,10,119,127,185,65,133,24,182,140,109,40,352,296,128,206,49,312,146,17,152,41,57,232,306,210,181,214,239,47,333,265,218,219,8,137,139,273,212,251,138,89,193,59,20,472,23,195,293,62,334,404,451,120,69,365,368,373,196,44,192,162,361,101,177,340,64,88,168,298,362,81,194,54,169,400,13,6,115,322,145,309,285,307,229,36,449,341,479,113,487]
LsJ4Fytw1NNcR5Y_3AIOzA,33.436496399999996,-111.99935479999999,6,[33.3781837,-112.0827836,33.4948091,-111.915926],[38,7,47,88,39,48,11,168,298,99,128,40]
JmtAL-ehwOXNMQw_5dpPbQ,33.5815900932834,-111.92253112793,1,[33.5815900932834,-111.92253112793,33.5815900932834,-111.92253112793],[7,48,47,11]
JPrBX6RmhNiFWXn6uKvJkw,33.568361249999995,-112.0173686,4,[33.5369963,-112.0474809,33.5997262,-111.9872563],[126,97,11]
8fwK6mZbsX4VKz0X2TsLFw,33.388799500000005,-111.82148845,3,[33.285218,-111.9259469,33.492381,-111.71703],[53,54,55,98,7,24,11,265,48]
GyMNI8QGD7600UN1wumIwg,33.304492,-111.873637,14,[33.304492,-111.873637,33.304492,-111.873637],[212,26,43,11]
cMmQsFyrYBv6hIE6NffqZQ,33.492558,-111.97900229999999,79,[33.306501,-112.0827836,33.678615,-111.875221],[27,11,63,7,313,108,38,39,24,36,8,48,251,43,28,17,29,208,6,35,49,50,52,40,127,119,185,26,181,240,241,45,99,126,97,128,293,84,345,346,4,5]
bcNDrGEsUSadBGlEi0iBkA,33.4214126082706,-111.942980289459,3,[33.4214126082706,-111.942980289459,33.4214126082706,-111.942980289459],[7,108]
yfVTtxbdnlqcWA2jXNjj_Q,33.5693722,-111.885574,15,[33.5693722,-111.885574,33.5693722,-111.885574],[49,341]
1kED3-g-gqnc4JgHe89Xqw,33.590934450000006,-111.99479695,97,[33.348162,-112.0915007,33.8337069,-111.8980932],[7,142,10,24,11,26,127,38,181,39,40,12,114,13,6,140,48,57,228,115,63,27,99,108,265,145,186,88,33,96,72,205,309,285,104,161,195,65,109,126,97,128,28,442,241,101,133,168,229,8,119,17,29,210,307,293,192,98,9]
pxjY56Y428rCKO3zcIUxfA,33.3848303,-111.9088442,1,[33.3848303,-111.9088442,33.3848303,-111.9088442],[106,54]
TZ_k-BbXS6sEMiWQXlPnMA,33.591228799999996,-111.95533615,46,[33.4503996,-112.0648845,33.732058,-111.8457878],[6,118,43,11,54,324,26,63,126,340,119,99,38,48,39,98,7,8,137,139,33,49,368,24,117,84,339,322,57]
eCWIfLa7Y3FxOMyr_kXlcA,33.450415,-112.264944,2,[33.450415,-112.264944,33.450415,-112.264944],[183,65]
cX0xcnJwVnSJL3_aixesmA,33.6547247,-112.1018526,1,[33.6547247,-112.1018526,33.6547247,-112.1018526],[288,32]
gMM0amXJYQ6CAhLJzUiomw,33.5288312,-111.9730855,1,[33.5288312,-111.9730855,33.5288312,-111.9730855],[161,195,65]
cTAHmPUV8qsqt6jDrjByEA,33.4478936,-112.07433325,70,[33.4474542,-112.0745395,33.448333,-112.074127],[99,11,201,10]
DsKgYFIcQ5PcFxADzdwNhA,33.46785978886215,-112.36592953253,10,[33.463629,-112.39201426506,33.4720905777243,-112.3398448],[126,11,39,38,99,128,7,8]
rRBeYHQc9u25Bu07LCV82Q,33.4154597,-111.564352,15,[33.4154597,-111.564352,33.4154597,-111.564352],[28,17,29]
yt6vljLIffAU4WW0-TQwBw,33.438054050000005,-111.97624809999999,9,[33.3482841,-112.0462108,33.527824,-111.9062854],[168,11,7,98,8,10,177,140,109,38,39,63,24,223]
-vNnFcDvddpNqqbEc2_YRg,33.5331251,-112.2581306,69,[33.5331251,-112.2581306,33.5331251,-112.2581306],[38,265,39,11]
m2fbu6JdRJYM5T6_3uROZA,33.42690015,-111.75436529999999,10,[33.360621,-112.0662996,33.4931793,-111.442431],[322,57,119,48,11,27,39,26,127]
0Y8iwzfaiZj4m9safZ_ibw,33.58601956823195,-112.23512983551399,49,[33.459613,-112.357458,33.7124261364639,-112.112801671028],[265,99,185,11]
jy1qPe0Tz3ewHacAtshmBw,33.5254855,-111.9588369,80,[33.318913,-112.071886,33.732058,-111.8457878],[48,11,38,39,40,6,204,65,63,27,105,33,117,210,26,7,139,8,36,108,265,109,168,99,47,64,128,185,49,193,59,206,119,129,278,79,155,432,237,54,106,10]
Ujqw5Y57jsB1de1nZRyF4g,33.4580175,-111.9458555,13,[33.42183,-111.960264,33.494205,-111.931447],[48,11,98,7,292]
T9FVyfc7Zuf1G8Yu2zkrFw,33.352691,-112.4462832,1,[33.352691,-112.4462832,33.352691,-112.4462832],[11,63]
IgXUM_WyCgqyzA01mN5HKg,33.43475,-112.00644,88,[33.43475,-112.00644,33.43475,-112.00644],[28,170]
jlW_Jp34idjlOSx0gS6JNQ,33.4566960573784,-112.072327136993,57,[33.4566960573784,-112.072327136993,33.4566960573784,-112.072327136993],[119,11]
ykMYSRvY9pSQAJTIQ2WHsg,33.498916,-111.91982,2,[33.498916,-111.91982,33.498916,-111.91982],[308,54,195,65]
qVOMDs_Du4fvfsS6BNfrtQ,33.4346646089965,-111.994210481644,5,[33.4346646089965,-111.994210481644,33.4346646089965,-111.994210481644],[48,11]
zYVutbW7qMaa2UPYZItR1A,33.598874249999994,-111.9883269,19,[33.4471735,-112.1164668,33.750575,-111.860187],[38,48,39,11,26,475,49,80,82,59,99,128,296,28,17,29,33,27,7,142,108,307,168,169]
09jzqsa0QTu55sgVCdsntQ,33.4587811,-112.0722742,7,[33.4587811,-112.0722742,33.4587811,-112.0722742],[26,172,11]
Sm6DOngHWJJiH_GaGiYsuA,33.6116901,-112.1648254,1,[33.6116901,-112.1648254,33.6116901,-112.1648254],[251,11]
dfli9pf-TU8CToCVbxZfmA,33.5056919,-112.040429,1,[33.5056919,-112.040429,33.5056919,-112.040429],[84,124]
SkUb4DxMLVA-rOQ1EixhZQ,33.499236,-111.9177014,1,[33.499236,-111.9177014,33.499236,-111.9177014],[126,11]
ldB9LdygNxeV2TvupnXb6Q,33.343131,-111.789408,1,[33.343131,-111.789408,33.343131,-111.789408],[119,48,11]
jl67C8OhNXD5oMZ0v7RbUw,33.57724865,-112.1347722,74,[33.3223,-112.3928444,33.8321973,-111.8767],[38,48,39,11,44,57,69,27,63,43,119,182,99,7,8,212,26,128,84,147,6,200,65,133,108,109,101,91,168,169,251,181,97,145,205,157,103,64,161,204,224]
ZwSe3d-QMXI5TwtJnlAAtw,33.5394472,-111.924828,9,[33.5394472,-111.924828,33.5394472,-111.924828],[168,11]
hDkuZWTXVZRYqWojl_rx_Q,33.4548476,-112.0800705,1,[33.4548476,-112.0800705,33.4548476,-112.0800705],[63,27,24,11]
aGuFGwngJz4E5fIyjMqrVA,33.5527922,-112.0319885,162,[33.4499,-112.1371188,33.6556844,-111.9268582],[177,11,98,7,108,126,26,185,99,33,48,307,334,181,224]
h4ksd-CZ-TOePt0DTgMggw,33.50033985,-111.93286255,30,[33.3547012,-112.0759353,33.6459785,-111.7897898],[11,63,106,65,105,104,54,369,294,33,265,7,108,48,27,161,57,69,46,6,195,168]
-jA5I_6DQaoG1Qj2gsc-CQ,33.2355107,-111.7900624,1,[33.2355107,-111.7900624,33.2355107,-111.7900624],[211,32]
Dhzlwv04ewkviiOzpWgyiw,33.6241241,-111.9307637,4,[33.6241241,-111.9307637,33.6241241,-111.9307637],[168,265,11]
NqA0AmZ_9-pUqSJtWbtsiQ,33.4315119,-112.0561119,4,[33.4315119,-112.0561119,33.4315119,-112.0561119],[26,11]
hx1Rx84bYvqC5QkKrmbZjQ,33.4492,-112.0696,1,[33.4492,-112.0696,33.4492,-112.0696],[119,11]
Qh7nUdTdjK6rMpE8d-BYQg,33.44729435,-111.994997,6,[33.4219147,-112.064752,33.472674,-111.925242],[11,63,224]
UDhQZQ5l5oIEdUGkIP6liw,33.4151949,-111.894747,6,[33.306499,-111.911648,33.5238908,-111.877846],[26,11,224,43]
6r-rvN6F9MHCjyQYJCy5Lw,33.4942423,-111.9264472,25,[33.4942423,-111.9264472,33.4942423,-111.9264472],[39,119,48,38,11]
zqnAdayPsak5dbLF2gEvNw,33.55891025,-111.99367755,73,[33.426368,-112.0893682,33.6914525,-111.8979869],[38,7,57,18,109,209,17,39,33,48,11,99,265,1,301,32,302,49,66,119,206,63,293,46,6,26,127,333,128,8,110,141,101,221,40,362,20,23,59,27,88,44,24,12,13,22,274,167,65,210,50,52,98,108,36,161,28,29,373,62,53,54,55,122,256,298,247]
elVKwKqblMu7lvY12hAbyg,33.56474895,-111.97365865,37,[33.508954,-112.0293073,33.6205439,-111.91801],[28,17,29,271]
ng2PG178Rrkv3-bJxYRdJQ,33.519852618171896,-111.9544004,110,[33.4033669363438,-112.0124729,33.6363383,-111.8963279],[7,109,38,39,36,28,17,29,212,43,11,44,63,27,119,8]
KGQu1on15VSK27U0oGtefg,33.549375749999996,-112.0195654,22,[33.4329724,-112.134828,33.6657791,-111.9043028],[27,63,24,11,26,33,265,185,127,109,38,210,39,224,48,43,54,324,212,126,293,57,145,40,140,7,8,119]
ZgwfxzPTACGvfIvKrTnYMQ,33.501821,-111.919938,4,[33.501821,-111.919938,33.501821,-111.919938],[265,185,11]
niTqRuFOZPFjViZ7uBPKeQ,33.435436,-111.9273079,117,[33.435436,-111.9273079,33.435436,-111.9273079],[28,17,29]
Dngg6R24eGnEry89Tf926A,33.493069000000006,-112.0274895,2,[33.49112,-112.079081,33.495018,-111.975898],[7,47,48,11,26]
MRIPbO8Vqx36eLdKmTg8aw,33.557624700000005,-111.90739785,10,[33.4915779,-111.9276185,33.6236715,-111.8871772],[4,6,98,7,57,69,313,177,48,11,119,38,39,40]
X5bC87PcgAPWCBSym-vMGA,33.56307554999999,-111.95225055,4,[33.542193,-111.9788671,33.5839581,-111.925634],[182,218,307,11,265,126,97]
CaU3GiAgTRhZwUZABIaFNQ,33.4504994,-112.01985405,31,[33.390792,-112.0272041,33.5102068,-112.012504],[48,11,109,38,39]
FmBpiDp6KMjlP3mKKp8vGA,33.551607000000004,-112.31259165,2,[33.464277,-112.3553813,33.638937,-112.269802],[126,97,11]
YzNZNgpOy9tthDnczS_ajg,33.4886439,-112.0817525,104,[33.3216034,-112.253741,33.6556844,-111.909764],[224,11,38,99,88,39,128,109,63,212,44,26,265,48,65,133,28,17,29,72,241,394,395,309,119,285,168,298,7,292,127,108,10,126,177,140,40,192,101,6,41,43,33,244,172,182,84,147,475,205,27,36,293,47,8,219,218,97,30,13,98,161,145,57,439,69,92,15]
aXFHoWQ7ACm1UA6bFU3juA,33.5612589,-112.1156244,1,[33.5612589,-112.1156244,33.5612589,-112.1156244],[48,185,11]
q_7iu_GG_9FGdeBd9PiOhw,33.6541116,-112.07956014999999,4,[33.597213,-112.1230703,33.7110102,-112.03605],[26,11,63,33]
F9Lvy5LfkeYMF1r_Al-Fxg,33.43850075,-111.93862725,11,[33.2958475,-111.977079,33.581154,-111.9001755],[84,345,6,346,30,13,45,57,20,56,362,59,49,58,23,173,112,96,72,39,38,128,11,7,8]
T3PEAptAiqXVkNtnulBsNA,33.633353,-111.98816400000001,11,[33.58348,-112.092802,33.683226,-111.883526],[7,9,10,11,43,38,99,33,39,128,26,117]
AirVzN1BVQBmq5zY0YMNYQ,33.452005403792995,-111.926915925485,200,[33.220784807586,-112.2705607,33.683226,-111.58327115097],[212,229,11,38,7,47,88,39,48,36,8,109,63,128,27,142,26,127,6,35,76,119,43,98,108,99,149,97,185,162,9,181,40,24,265,483,104,105,65,126,10,84,291,168,177,49,341,74,190,28,140,33,148,45,166,296,89,80,82,59,72,297,54,55,256,247,147,298,333,193,41,224,307,172,17,29,279,317,117,392,182,122,120,236,103,311,78,79,246,139,423,352,338,214,206]
feQpvbp8jGBWMuG5uqbk3Q,33.5737795,-112.04889639999999,48,[33.415501,-112.2618153,33.732058,-111.8359775],[27,11,57,69,177,140,48,63,182,99,38,212,41,39,307,7,47,128,119,26,296,43,10,24,101,33,117,98,9,72,395,322,19,20,23,8,6,45,265,206,64,123,65,53,54,55,266,127,49,146,52]
eC0SiG8pfFzjOOA0bVJy4w,33.6239133,-111.9251335,3,[33.6239133,-111.9251335,33.6239133,-111.9251335],[465,168,265,39,11]
mPM3y2mypdJAiHKK7KlWwA,33.436561,-111.8697025,2,[33.379824,-111.934032,33.493298,-111.805373],[212,11]
fAVkaPwZqdnpEI9WRlkWJQ,33.64053,-111.92477,1,[33.64053,-111.92477,33.64053,-111.92477],[65,133]
LyJvcW0hS0IaZHgwT3TNqQ,33.4981459,-111.9748441,5,[33.4869182,-112.0409502,33.5093736,-111.908738],[39,38,99,128,11,119,26,27,63]
ZXCIIPlnGZtnjPacI1Nz2g,33.473594250000005,-111.89469015,13,[33.3061292,-112.1201999,33.6410593,-111.6691804],[43,11,28,170,17,29,7,36,38,39,109,27,128,57,145,63,99,101,48]
5FWd5B2mj7GAIu-rZNZa3g,33.5094461,-112.0403946,12,[33.5094461,-112.0403946,33.5094461,-112.0403946],[63,27,11]
t2c2ONwZay7nD20pWUALKw,33.494295,-111.925461,1,[33.494295,-111.925461,33.494295,-111.925461],[101,38,39,128]
Aj5a_ik5B7sgaoJ6Jlj--Q,33.610711,-112.3614417,1,[33.610711,-112.3614417,33.610711,-112.3614417],[7,8]
UhryFhGe1tqdbBzAhdooTQ,33.51190795,-112.0492082,14,[33.413158,-112.2226374,33.6106579,-111.875779],[251,11,177,140]
KbPl44mDPRFY64-ydBnGDg,33.439648,-112.026154,23,[33.439648,-112.026154,33.439648,-112.026154],[7,108]
OrkXYCH82NnidREHsGn4uQ,33.572102,-111.9095775,16,[33.491695,-111.932952,33.652509,-111.886203],[26,11,57,69,48,38,128,39,218,41,323,212,49,80,82,59,7,108,24,224]
ImOdK6Hmt90IRdUHeYL_Ow,33.220784807586,-111.58327115097,40,[33.220784807586,-111.58327115097,33.220784807586,-111.58327115097],[190,28,140,11]
KSaBF9l0ctBMH-uNy09dGQ,33.4001661,-111.8732621,2,[33.3848303,-111.9088442,33.4155019,-111.83768],[106,54,61,13,6]
mLM84zUn8POCWEq3dTxX9Q,33.6481195,-111.95288565000001,30,[33.475302,-112.0152845,33.820937,-111.8904868],[26,11,168,265,38,48,39,40,109,99,88,6,87,126,7,108,224,128]
Ii6A9MwkcsCEeZW6Rg5-Dg,33.43475,-112.00644,200,[33.43475,-112.00644,33.43475,-112.00644],[28,170]
9tAH3Vl312bwk6Yw0cnP0w,33.367841,-111.80629035,11,[33.3201271,-111.929858,33.4155549,-111.6827227],[24,11,7,108,119,99,27,9,10]
q6-5KZu-jufADiCn5BTF1Q,33.4471735,-112.073781,1,[33.4471735,-112.073781,33.4471735,-112.073781],[48,11]
aNVtyGX-4vHSLayJs7CpEQ,33.4765807,-111.9265203,2,[33.4765807,-111.9265203,33.4765807,-111.9265203],[26,11]
Wgvq9BZwHLGY4jBqvJa8_g,33.552931,-112.1145434,18,[33.4537841,-112.275823,33.6520779,-111.9532638],[92,15,6,248,33,11,182,48,140,49,368,7,142,120,185,57,69,10,24]
HX9Z71N9vbxHXNvzWLN5TQ,33.426351,-111.940137,1,[33.426351,-111.940137,33.426351,-111.940137],[38,99,39,11]
jbFDg5g7c4-n-QYs7oRVqg,33.5019817,-111.9276185,4,[33.5019817,-111.9276185,33.5019817,-111.9276185],[38,48,39,11]
XroWRSdiRsHvqoZoQGICyw,33.490749046722556,-111.8799341936035,6,[33.4147109,-111.924934387207,33.5667871934451,-111.834934],[166,6,21,246,17]
-lIkXIonjExHUSuYvJIyDg,33.470367749999994,-112.03257015,28,[33.445682,-112.069322,33.4950535,-111.9958183],[120,11,27,63,117,10,309]
ZY7hxPEtkZp8mjrl3syBOA,33.4953688,-111.9940154,1,[33.4953688,-111.9940154,33.4953688,-111.9940154],[177,140,11]
3uRD9SFPs2jzxVmRMyQ0qg,33.4284461,-111.89304089999999,5,[33.3547012,-111.996292,33.502191,-111.7897898],[7,108,48,11,98,24,109,38,39,63,47,88]
G63AnOTvcQT9W9EY1_d3SA,33.4925020001075,-111.924118995667,125,[33.4925020001075,-111.924118995667,33.4925020001075,-111.924118995667],[119,99,11]
eYdNbiIkkTfWhuyJNsf4Gg,33.4643735,-111.9275459,1,[33.4643735,-111.9275459,33.4643735,-111.9275459],[149,11]
x_zP4HBK7h1It9zqZs3K_A,33.671403,-112.185076,3,[33.671403,-112.185076,33.671403,-112.185076],[43,11]
nzHnZwomGdmIFksJ9OsObw,33.4922985,-111.9245517,22,[33.4922985,-111.9245517,33.4922985,-111.9245517],[210,11]
f7itdjJtWrProG1RucW0Yw,33.564524,-112.135577,170,[33.445569,-112.305042,33.683479,-111.966112],[33,99,44,11,161,28,29,17,65,57,327]
E7Irn-e-xLeZKdvuI_aEnQ,33.5218465,-112.0648577,1,[33.5218465,-112.0648577,33.5218465,-112.0648577],[210,11]
kzhxHT7HRKLGFIoFr7XiDQ,33.302011,-111.842615,6,[33.302011,-111.842615,33.302011,-111.842615],[109,38,48,39,11]
Vl8brV-VX6eckImyJ6u-Jg,33.49722735,-111.97554,10,[33.393338,-112.072167,33.6011167,-111.878913],[46,6,218,11,255,54,55,212,27,63]
PVDib5VjViUxSH4s3r4HUw,33.624638,-111.930343,1,[33.624638,-111.930343,33.624638,-111.930343],[168,48,229,11]
hJ_UEZ0F41DU6791tSn2nA,33.43478295,-112.1233715,81,[33.403586,-112.2670185,33.4659799,-111.9797245],[28,17,29]
l5hBFsvUjuAWRenMTKvIQw,33.4920033,-111.9258022,41,[33.4920033,-111.9258022,33.4920033,-111.9258022],[126,97,11]
A9g7YnTtsSV-wEIo3HI1YQ,33.41459684852655,-111.931925858948,6,[33.4074229,-111.9388315,33.4217707970531,-111.925020217896],[192,11,65,133]
0D0ypakiUxrN5c7gCUy_Xg,33.4520403,-112.07276425,5,[33.449233,-112.0800705,33.4548476,-112.065458],[27,11,63,24]
1MGIoKLw1oq8HR15DsIUXg,33.47156237328965,-111.9980400055655,18,[33.4342595,-112.07107588649,33.5088652465793,-111.925004124641],[11,63,99,407,106,294,54,130,32,7,142,108]
NZTKuqR6R_NwT5tiIvnkZQ,33.48020255,-111.94003810000001,13,[33.421558,-111.975898,33.5388471,-111.9041782],[7,47,27,11,65,54,220,48,168,380,139,185,313]
poY_ez7hmdRC-MjG4X26qQ,33.50546285,-111.98938845,5,[33.4548476,-112.0800705,33.5560781,-111.8987064],[63,27,24,11,39,38,26,127]
iYh_n9dHy2-epPoCAd7iGA,33.66215,-111.79749290000001,24,[33.606249,-111.9235128,33.718051,-111.671473],[49,178,26,11,341,38,39]
icbHg_K3accAOwBCNiZjHA,33.953171,-112.067387,2,[33.953171,-112.067387,33.953171,-112.067387],[123,65]
0mAc8UHXfRszLqfXOb5zcg,33.3594552,-111.88847965,6,[33.3118314,-111.917216,33.407079,-111.8597433],[26,11,27,63,39,38,128]
WfzR9f-5-jn2QYY_K9YzWg,33.51588315,-112.0513636,4,[33.4462721,-112.0893682,33.5854942,-112.013359],[84,336,224,11,38,26,39,40,48]
oSNNRyjMpe5Mu3VGV6gbtQ,33.52422965,-111.82779605,12,[33.4272811,-111.9400902,33.6211782,-111.7155019],[7,379,210,108,11,119,48,99,63]
eEA6PtfeiwqqFOI2PaSl1w,33.6406599,-112.0180461,2,[33.6406599,-112.0180461,33.6406599,-112.0180461],[11,27,63]
DL_gnM4NjljRvepRarIC1g,33.4235479,-111.936853,1,[33.4235479,-111.936853,33.4235479,-111.936853],[177,192,11]
1uhipArheEVbwWyoAbKAGg,33.5713175,-112.17054945000001,68,[33.430535,-112.345359,33.7121,-111.9957399],[38,48,39,11,44,285,296,126,97,7,9,309,177,500,140,192,119,99,24,168,63,229,138,139,33]
qUT7_vYfRl6hr3rHKQkHNQ,33.5626001,-111.98658075,4,[33.5123186,-111.995355,33.6128816,-111.9778065],[119,99,11,177,140]
BMFgtVX3usJ-Frwvd1LrGQ,33.6556844,-111.9300279,1,[33.6556844,-111.9300279,33.6556844,-111.9300279],[251,11]
BOU1utY4OQMQ3-EEs-kx-A,33.408082,-111.916473,1,[33.408082,-111.916473,33.408082,-111.916473],[84]
_k4YraIsteWuxtrAcnTGIg,33.46454645,-111.95964430000001,48,[33.4360415,-111.9956337,33.4930514,-111.9236549],[38,99,39,40,11,28,240,241,17,29]
QasgYY5G56ei2Cc2XLXubw,33.571227449999995,-111.95788329999999,2,[33.495343,-112.022973,33.6471119,-111.8927936],[7,8,43,11]
NYOy-F8UX6wGj29FLGb76A,33.431667649999994,-111.9239303,3,[33.3211423,-111.937394,33.542193,-111.9104666],[48,11,265,126,97,27]
PPvn_9QDPyrXSk3I8ZoVxg,33.5974239,-111.885188,4,[33.5974239,-111.885188,33.5974239,-111.885188],[7,247]
V50F-OBF6ZF8BxvdUvkXsA,33.4915779,-111.925841,5,[33.4915779,-111.925841,33.4915779,-111.925841],[119,38,48,39,11]
3Sp2yQLTBTCIUTlm4-cYhw,33.5033716,-111.9256326,10,[33.5033716,-111.9256326,33.5033716,-111.9256326],[127,11]
7kNPTNDDwZAKJyxkomuimA,33.4797201,-112.07685465,5,[33.4492272,-112.081444,33.510213,-112.0722653],[177,26,11,63,27,24,54,55,122]
neANcR9Jz51kr3wdXZ9BaQ,33.5019817,-111.9276185,54,[33.5019817,-111.9276185,33.5019817,-111.9276185],[38,48,39,11]
7maaFF0yMamT2ok60ZweAQ,33.43475,-112.00644,21,[33.43475,-112.00644,33.43475,-112.00644],[28,170]
SYUcpy0HQs-k6oiF78FW9w,33.4548476,-112.0800705,1,[33.4548476,-112.0800705,33.4548476,-112.0800705],[63,27,24,11]
8Kvmut7tOYkAxa5KPBT3FA,33.594818,-112.065439,4,[33.594818,-112.065439,33.594818,-112.065439],[119,11]
ZB4dZp9RtY0lzpLZR-O1og,33.7317661,-112.2628637,1,[33.7317661,-112.2628637,33.7317661,-112.2628637],[28,17,29]
OBaKPCG0a6UfqI-9Ezzajw,33.4256704,-111.94073230000001,5,[33.3637131,-112.0313385,33.4876277,-111.8501261],[109,38,39,206,11,26]
pW3lVhpo3lC30CkdfuBMqg,33.420571,-111.942444,13,[33.420571,-111.942444,33.420571,-111.942444],[38,168,298,88,39,11]
V2Mxtd4eXAP68gRRHC2Yuw,33.453804,-112.069375,1,[33.453804,-112.069375,33.453804,-112.069375],[57,69]
BRvST2rH0ZASHMkqts1sDA,33.629487,-112.117382,2,[33.629487,-112.117382,33.629487,-112.117382],[106,54,280]
hGu-yHlbpo-H8Y2VMy5dcg,33.63726938413405,-112.2419662467635,42,[33.3053089,-112.729672193527,33.9692298682681,-111.7542603],[63,27,11,7,9,137,6,139,119,120,38,99,128,39,298,57,145,224,112,108,101,40,219,218,41,265,185,54,55,266,122,256,48,88]
xSbikVmQ10Ry5FvJd9lXIQ,33.5778208,-112.09983685,10,[33.5012796,-112.1169683,33.654362,-112.0827054],[28,17,29,38,143,39,212,26,11]
A4i9TRuPY-9wbf_LVRikWA,33.449233,-112.065458,1,[33.449233,-112.065458,33.449233,-112.065458],[27,11]
eBFXojgTo2SWLtzv7jJlxQ,33.527813949999995,-111.96942245,22,[33.3999435,-112.0649272,33.6556844,-111.8739177],[7,8,119,11,99,26,63,38,88,39,40,10,24,127,98,206,48,265,17,18,185,137,139,177,285,140,126]
l9doXwM00xmEcMdQxWh02Q,33.584274,-111.8342047,1,[33.584274,-111.8342047,33.584274,-111.8342047],[84,339]
b9lk2_Dm11pxXNVKMKjHoA,33.4245151,-111.9431827,34,[33.4245151,-111.9431827,33.4245151,-111.9431827],[28,17,29]
TtqIG_zZYXKfujmZGTzc6Q,33.4194512,-111.915926,3,[33.4194512,-111.915926,33.4194512,-111.915926],[38,7,47,88,39,48,11]
3s0K-1USEkGnA8de9GRrhQ,33.55097505,-112.2247456,16,[33.4315119,-112.3933793,33.6704382,-112.0561119],[26,11,27,307,33,7,108,265,162,44,182,48,140,30,8,13,6,110]
XU2GXV8lgQgNh6F6VI_46A,33.5529101,-112.1047722,5,[33.5239687,-112.1183771,33.5818515,-112.0911673],[41,43,11,44,285,296]
m6sA3DxfzU4hXW9PXy0sUw,33.4224084,-111.8644947,3,[33.4224084,-111.8644947,33.4224084,-111.8644947],[26,11]
iVTzpbZ6qBdFllvcJLbmeg,33.5983176,-111.91951929999999,8,[33.5222185,-111.9595033,33.6744167,-111.8795353],[109,38,265,39,11,48]
TB9KZwAo652IR2uPPD1mnQ,33.41563,-112.00805,60,[33.41563,-112.00805,33.41563,-112.00805],[119,11]
5gUXcxoLxlRpwp7NjI9jjA,33.406853964616644,-111.9607223994445,7,[33.2341019292333,-112.131565,33.579606,-111.789879798889],[43,11,31,32,7,119,9,10]
8ldmyqOlpMyROKKKUuQNGw,33.398149599999996,-111.6504971,6,[33.3804092,-111.7394812,33.41589,-111.561513],[96,72,11,99]
WkxxiBwobO500AC-sYqTKQ,33.51333805,-112.06534635,10,[33.455863,-112.0830342,33.5708131,-112.0476585],[26,11,88,298,39,38,48,4,5,6,63]
N28b586pGP6oqr4wbIzwug,33.6400405,-112.1382323,6,[33.601466,-112.301858,33.678615,-111.9746066],[7,36,126,97,11,38,39,27,128,63]
ZeZoM-BnFElaEbAqjUhPPQ,33.2485613,-111.6467043,7,[33.2485613,-111.6467043,33.2485613,-111.6467043],[129,78,278,79]
nXM2UxriVLFb_PQS9-IApg,33.677388,-112.029737,3,[33.677388,-112.029737,33.677388,-112.029737],[53,54,55,122,256]
Cj4L5ANd_i0xRUYfpNrrhg,33.4996165,-111.9202573,1,[33.4996165,-111.9202573,33.4996165,-111.9202573],[68,366]
y1pcDeo5NWpYOjGdAvr05g,33.6123075,-112.0124654,4,[33.6123075,-112.0124654,33.6123075,-112.0124654],[6,250]
gIIXtJmHOhwUA2Z0RiHD7w,33.5331251,-112.2581306,25,[33.5331251,-112.2581306,33.5331251,-112.2581306],[38,265,39,11]
hX4jNltFgttCaRO7O10lMA,33.5496057,-111.99933265,6,[33.4951589,-112.0207733,33.6040525,-111.977892],[84,147,38,99,33,39,128,11,212,26]
kKw1ZdePqTyFQKGyNiK-Ww,33.440706,-111.712773,3,[33.440706,-111.712773,33.440706,-111.712773],[98,7,99,11]
CLGOif3OirUHztv6TZohyA,33.53410925,-111.96389165,108,[33.5222185,-111.96828,33.546,-111.9595033],[161,195,65,28,17,29]
QrF_m3nPHHGseTg0F8nQnA,33.42389905,-111.950058,3,[33.42183,-111.960264,33.4259681,-111.939852],[8,7,138,97,139,11,26]
cxLYlN-_vzuWAaZuRAtO0Q,33.58110245,-112.03809385,2,[33.57876,-112.099169,33.5834449,-111.9770187],[177,140,11,32,433]
FgauKBp6w-_8hOY1CRYMoA,33.49562635,-112.0896202707885,73,[33.3216034,-112.2712148,33.6696493,-111.908025741577],[38,140,39,40,48,11,26,49,368,185,126,97,212,224,28,170,168,99,43,119,84,124,7,138,8,139,149,265]
EQgvHzBQ7eHN8Bsffy9IVQ,33.47732655,-112.00604325,7,[33.4423345,-112.084468,33.5123186,-111.9276185],[61,13,6,38,39,40,11,119,99,48,12,114]
wIchCyKhlAPpB42QFm06bw,33.3353078,-111.8080709,1,[33.3353078,-111.8080709,33.3353078,-111.8080709],[84,124,125]
rVKYIiZ964D7Nf1iFqR78Q,33.509172,-112.088808,1,[33.509172,-112.088808,33.509172,-112.088808],[224,11]
OzbDvzLS7FP42GV4QPTUGA,33.675462499999995,-112.16490715,6,[33.6379403,-112.2183588,33.7129847,-112.1114555],[7,108,210,11,27]
QbAywqwZvG2hP_uTDbyByw,33.421863038980845,-111.902691,5,[33.3350308,-111.927951,33.5086952779617,-111.877431],[99,11,126,97,352,48]
iL68VS9HVdWKvw3-bWIiJQ,33.3775316,-111.8596924,1,[33.3775316,-111.8596924,33.3775316,-111.8596924],[210,181,11]
sVwib838g6xvHO9xA48ubQ,33.4492414,-112.072854,2,[33.4492414,-112.072854,33.4492414,-112.072854],[38,39,40]
BGqpF_pMoIUYwj9SayUI5A,33.6272265,-111.8956412,2,[33.6272265,-111.8956412,33.6272265,-111.8956412],[7,47,48,11]
eY8e5nfV4xoVDSKGVdsDkA,33.5528968,-112.0550321,1,[33.5528968,-112.0550321,33.5528968,-112.0550321],[84,6,166,339]
VX0fWb_O0OMhC15Qr-SBRw,33.493298,-111.934032,2,[33.493298,-111.934032,33.493298,-111.934032],[212,11]
uWMpt7jlsDKZo7_NkwdhDg,33.3909766,-112.03479974999999,3,[33.3051122,-112.0745395,33.476841,-111.99506],[7,108,119,172,11,83,6,38,48,39]
NKWVkiKMXdGGmIY9BmKKJg,33.633711649999995,-112.06483255888651,35,[33.4354618,-112.260360717773,33.8319615,-111.8693044],[119,120,11,175,129,79,149,126,97,63,27,24,109,38,39,26,7,108,17,62,138,8,139,44,33,99,224,36,128,285,296,41,361,212,293,239,185]
pS1NhnDvGVyimrsGFi-tHg,32.9479262,-112.7128951,1,[32.9479262,-112.7128951,32.9479262,-112.7128951],[119,99,120,11]
U0q2nY_G-mTteNZOSl-dCA,33.3496805,-111.9487453,1,[33.3496805,-111.9487453,33.3496805,-111.9487453],[84,339]
sNSnmKqPz5OlOr-VLPq0iw,33.52563585,-111.99018860000001,10,[33.4997186,-112.0563984,33.5515531,-111.9239788],[38,99,39,11,119,127,168,265]
97rUOSB3Sbn55fQ1ydyfow,33.4939313,-111.9256266,9,[33.4939313,-111.9256266,33.4939313,-111.9256266],[185,11]
2lOZQaOxkl4sY3zLEkK-cQ,33.5218465,-112.0648577,1,[33.5218465,-112.0648577,33.5218465,-112.0648577],[210,11]
ZZcs_QLBnASyZ6Zn6CXVTg,33.449233,-112.065458,117,[33.449233,-112.065458,33.449233,-112.065458],[27,11]
uZjdUlEy7c2Fu_MAnfJkNQ,33.537437100000005,-112.1479717,6,[33.47907,-112.2226374,33.5958042,-112.073306],[251,11,149,97,38,212,39,40,7,292,98]
qph_LkeFT6DMl2IzknQNGQ,33.41552475,-111.9273585,23,[33.3216034,-112.0649272,33.5094461,-111.7897898],[63,27,11,126,201,212,98,7,24,97,108,48,119,99,49,80,82,59,177,10,192,140,26,33,172,224,101,38,39,229]
IvRd0WE0LmU5QL2iPBUUqg,33.50129715,-111.95680705000001,3,[33.493385,-111.9885861,33.5092093,-111.925028],[7,108,139,24,11,161,28,65,17,29]
FLfDach5fEukyFYQQXwPbw,33.5824603,-111.6787751,3,[33.5824603,-111.6787751,33.5824603,-111.6787751],[57,258]
2tVh2e_ILchFKeKh-gu4aQ,33.497568,-111.929223,6,[33.497568,-111.929223,33.497568,-111.929223],[109,38,48,39,11]
D4vtmw1kMcH5e85DZlYZwQ,33.512663599999996,-111.92612614999999,2,[33.500238,-111.926921,33.5250892,-111.9253313],[126,97,11,7,142,338]
nfkUr4tOrHogCBoB8gVEVA,33.4787939,-111.9259092,3,[33.4787939,-111.9259092,33.4787939,-111.9259092],[251,11]
NUXBDZ6VHZwTOpskwFsT2g,33.581154,-111.927268,2,[33.581154,-111.927268,33.581154,-111.927268],[84,345,6,346]
y98Z2SNBbsXHV9ygkCFU_g,33.421909,-111.9506847,200,[33.421909,-111.9506847,33.421909,-111.9506847],[244,11]
Am9o_-bKV_yPxVY1fp7XZQ,33.2587342,-111.8412137,2,[33.2587342,-111.8412137,33.2587342,-111.8412137],[251,43,11]
Fnz7m3FV-gV16u6_Hi6x-g,33.4377465,-112.0114223,172,[33.4377465,-112.0114223,33.4377465,-112.0114223],[26,11]
j5XkmG4Wj99wGZ7KDiNEhw,33.621274848681,-111.899064353952,1,[33.621274848681,-111.899064353952,33.621274848681,-111.899064353952],[26,11]
asT0ryEQOprbSj2KZaiOTg,33.47804817338285,-112.0433809,4,[33.4460879,-112.0741278,33.5100084467657,-112.012634],[168,144,11,7,292,99,48,43,26]
FktbKOzznpoKTNXMVtc8EA,33.549323650000005,-111.98443865,116,[33.2664769,-112.180066,33.8321704,-111.7888113],[11,27,63,119,99,89,201,48,24,7,98,10,9,61,13,6,338,382,206,126,212,26,33,265,109,38,39,185,128,296,36,331,8,168,229,169,108,142,78,79,352,139,44,43,202,72,40,204,65,210,292,187,77,112,35,420,173]
kP9SMHrpruRkqEEE-jQoZw,33.653246100000004,-112.2013376,11,[33.637161,-112.2029352,33.6693312,-112.19974],[26,11,265,126]
xLbSUpVLC6AQHRZTwJvxkA,33.4248802613225,-111.940198838711,114,[33.4248802613225,-111.940198838711,33.4248802613225,-111.940198838711],[7,292,142]
lv-PGeBWhNtyE_VruptHnQ,33.4162131,-112.04369355,76,[33.331773,-112.1091081,33.5006532,-111.978279],[126,97,11,27,63,24,48]
