YP5eyNuicdw4pc6GzeBEQg,33.508272,-112.101726,2,[33.508272,-112.101726,33.508272,-112.101726],[106,279,54]
n7K17zcJd37epI316QkCqg,33.46584205,-112.3407031,10,[33.4377111,-112.4268472,33.493973,-112.254559],[43,11,126,33,44,117,251]
02-2JMvDu9QDHUQFxAUCWQ,33.3633494,-111.9275536,24,[33.3633494,-111.9275536,33.3633494,-111.9275536],[43,11]
-2sGVnUcv9VXKOl3RgEG3w,33.6341073,-111.9253638,1,[33.6341073,-111.9253638,33.6341073,-111.9253638],[6,204,65]
J5rcmcc7M4CD-fhpIF9hqQ,33.21873333519935,-111.96219654204299,28,[33.0243086703987,-112.048614084086,33.413158,-111.875779],[57,48,38,39,40,69,11,251,7,108,43]
Xvr6CuNfrQLH6yoo6O0uaw,33.46002915,-111.9376514978335,4,[33.4217923,-111.951184,33.498266,-111.924118995667],[119,99,11,98,7,24,104,65]
gOvKWYXobX_Pgzsz-K8auA,33.4987298,-111.95156015,31,[33.4930514,-111.9691642,33.5044082,-111.9339561],[161,28,65,17,29]
tSBM_fDAOkW6rYp9NeKZ6Q,33.449233,-112.065458,16,[33.449233,-112.065458,33.449233,-112.065458],[27,11]
ciCokOYt0r0c72KosuPwEw,33.4787939,-111.9259092,1,[33.4787939,-111.9259092,33.4787939,-111.9259092],[174,54,195,65]
q_ai03td7FGTmZtm6tjPZw,33.466110549999996,-111.99496915,5,[33.4194512,-112.0740123,33.5127699,-111.915926],[38,7,47,88,39,48,11,109,63,27]
LZZNgNIuA2W4mn-5LLH24g,33.59519025,-111.7094294,15,[33.456993,-111.9268138,33.7333875,-111.492045],[49,312,57,504,91,7,142,28,102,190,103,27,11,265,126,97,108,178]
BJUyckLaDyb1SZ1PD1GIZg,33.498034000000004,-111.92484400000001,17,[33.494247,-111.92975,33.501821,-111.919938],[265,185,11,109,38,48,39]
AVMrKNtH_3uztecYqt511w,33.3737654,-111.789962,2,[33.3737654,-111.789962,33.3737654,-111.789962],[106,54,226]
nuaccM_1ZPSaaK4kfRrEMA,32.9484261,-112.7117802,2,[32.9484261,-112.7117802,32.9484261,-112.7117802],[63,27,11]
-OCoU_Vs-zzzmdaPdAD1yQ,33.485108564548,-112.060552985138,13,[33.458692129096,-112.065567970276,33.511525,-112.055538],[108,7,38,39,11,24,98]
qnQF0wdrmLxl3hLjaE0ydA,33.4315119,-112.0561119,10,[33.4315119,-112.0561119,33.4315119,-112.0561119],[26,11]
oTYzj7dRw3_PjttFrow8RA,33.36069665,-111.75429025,4,[33.3358523,-111.8205495,33.385541,-111.688031],[33,11,109,38,48,39]
QSSpbR8lwkBJzPJHD8L6Wg,33.4552907,-111.9878697,60,[33.4552907,-111.9878697,33.4552907,-111.9878697],[7,8]
iy-lnju3UY_eap5oztdkhg,33.464771850000005,-112.1228979573975,51,[33.304492,-112.521877,33.6250517,-111.723918914795],[99,185,11,49,417,80,231,59,181,7,142,224,41,109,38,39,63,108,48,212,26,43,84,262,304,305,126,293,440,187,139,57,186,6,146,445,27,89,333,119]
3teuBmtnAtylvkSvNiOqhQ,33.3057949,-111.9677833,1,[33.3057949,-111.9677833,33.3057949,-111.9677833],[99,185,11]
1PfidEXvIC7fmuhqJ8cHaQ,33.495964,-112.07365665,5,[33.4745289,-112.0824683,33.5173991,-112.064845],[126,97,11,48]
R-trQZGK60-RBmXYwsfHZw,33.45,-112.07,122,[33.45,-112.07,33.45,-112.07],[48,11]
Ti69QMti33dF_P84tdE_PA,33.4925020001075,-111.924118995667,19,[33.4925020001075,-111.924118995667,33.4925020001075,-111.924118995667],[119,99,11]
xrkGGtZE2fTQo-YZtLGXmg,33.3674722,-111.88188055,15,[33.3090064,-111.940346,33.425938,-111.8234151],[26,11,24]
iAUOGnPA0tZJ0SZdbT7q_g,33.470546850000005,-111.9870694,138,[33.4321397,-112.0711771,33.508954,-111.9029617],[7,108,24,11,32,95,222,162,104,105,65,139,416,455,28,17,29,36,142,84,359]
-tR44MSwi03h0CE2AQpTDw,33.42300428898085,-111.8836591772095,8,[33.3373133,-111.927080154419,33.5086952779617,-111.8402382],[181,11,38,39,99,239]
qJ-NZCuGeFQtiMHm106ksQ,33.5415024,-111.9880015,11,[33.472853,-112.056065,33.6101518,-111.919938],[48,11,140,192,27,63,265,185]
pYZQObhyQJqahGGgpdLNXg,33.4540066,-111.9920132,15,[33.4074413,-112.0741143,33.5005719,-111.9099121],[24,11,33,44,7,108,98,10,9,224]
GqS91peA3ZuXomCgwyTWgA,33.51810875,-111.94747029999999,200,[33.5025941,-111.9652641,33.5336234,-111.9296765],[161,28,65,17,29,7,139]
c1UjfRioTge9dUvjVSWY_A,33.6402149,-112.0645843,3,[33.6402149,-112.0645843,33.6402149,-112.0645843],[149,97,11]
lpiVDrPnpn7QVtUwVPgJ1g,33.3622911,-111.8917453587245,5,[33.302973,-111.9429427,33.4216092,-111.840548017449],[126,97,11,84,419,26,98,7,24]
iGtZCZEuow7pn6F7L1XYyA,33.383314173050096,-111.678495,14,[33.375057,-111.757045,33.3915713461002,-111.599945],[26,11,10,44,24,27,7,108,30,8,13,6,110]
oP3stcTGs0aTwLA0_AVC-g,33.4541137,-112.07235495,2,[33.4494411,-112.0742949,33.4587863,-112.070415],[7,449,119,108,11,33,117,140]
KC3CMK7sWlqbEAwzJR4yXA,33.3931045,-111.9149788,100,[33.3931045,-111.9149788,33.3931045,-111.9149788],[41,400,11]
A3swvFIi8gPDq2Aj8al5qw,33.50093728898085,-111.9295866272095,4,[33.4931793,-111.9320931,33.5086952779617,-111.927080154419],[168,99,11,39,26,127]
7yqlOyMgwkBgq0O88a20FA,33.472674,-112.064752,6,[33.472674,-112.064752,33.472674,-112.064752],[11,63]
kd5j6RMksw5hnj9p_nYfnw,33.470236822397,-111.81100605739749,17,[33.321061644794,-111.8980932,33.619412,-111.723918914795],[99,11,44,24]
xgi9L0KjfgXc1m_L4V-Yyg,33.6396856,-111.8915244,2,[33.6396856,-111.8915244,33.6396856,-111.8915244],[48,11]
T73cnJL49lIxdsobHM6dCw,33.5557353,-111.8988152,1,[33.5557353,-111.8988152,33.5557353,-111.8988152],[48,11]
hk2ZqOBU2JVpJuVHDdLyYQ,33.6254816,-112.1262464,8,[33.6107777,-112.1848981,33.6401855,-112.0675947],[33,11]
4A3dQlNtdL8uaMgXbHIEHg,33.66713395,-111.90822879999999,183,[33.506941,-111.926536,33.8273269,-111.8899216],[63,27,11,265,307,161,65,26,126,97,475,48]
WUSgPyT3p6duI27l2QkGRQ,33.45949955,-111.9449381,26,[33.3702541,-111.9741847,33.548745,-111.9156915],[265,11,158,28,33,119]
_GUz8cajYTgteYNr-8e1VA,33.453287016969,-111.9260663924,2,[33.453287016969,-111.9260663924,33.453287016969,-111.9260663924],[38,145,57,205,101,39]
OOVJU9dm0tr_hPuzYFvE_g,33.62894835,-111.88648470000001,19,[33.58348,-111.8894434,33.6744167,-111.883526],[7,142,109,38,265,39,11]
wAJuCyUiFjE8Hp9gU_GZlw,33.3051122,-111.99506,3,[33.3051122,-111.99506,33.3051122,-111.99506],[7,108,119,172,11]
s34fV2c4JW80xok7Fd_QkA,33.66087,-112.2254265,8,[33.639472,-112.2481,33.682268,-112.202753],[6,250,27,11]
VuS4Nnz1lNxySNThtbHRIg,33.652509,-111.932952,1,[33.652509,-111.932952,33.652509,-111.932952],[49,80,82,59]
KdaVNIL5980jDGmJXUCpZA,33.447521,-112.063434,2,[33.447521,-112.063434,33.447521,-112.063434],[309,11]
gnRL1NH5xhXZ1ivSPF2jgw,33.8256856,-111.9231492,39,[33.8256856,-111.9231492,33.8256856,-111.9231492],[177,140,11]
yra_MMMkWOC_sMUjsLQRjw,33.46019225,-111.9279657,143,[33.4194512,-111.9400054,33.5009333,-111.915926],[39,38,99,128,11,7,47,88,48,40,33,119]
Mwt1AlYH5p5eNss-2ai5OA,33.58905245,-112.18886645,19,[33.4368038,-112.3207963,33.7413011,-112.0569366],[57,27,91,11,7,292,99,48,63,33,117,24,43,26]
b_AYANQ0jQg7_WRNp50QmA,33.46355015,-112.07194575,15,[33.4354553,-112.0739136,33.491645,-112.0699779],[38,48,39,11,309,285,140,40]
48tnPJksbDanNaLELA00Pg,33.453804,-112.069375,4,[33.453804,-112.069375,33.453804,-112.069375],[57,69]
29y3lMl_XBqlV4vjH5ORsg,33.421617342644,-111.9466751753,46,[33.421617342644,-111.9466751753,33.421617342644,-111.9466751753],[63,27,11]
00xseuGETqQAwGiHtk29Dg,33.6177796,-111.9258843,1,[33.6177796,-111.9258843,33.6177796,-111.9258843],[26,11]
7ZQaQRrU5yCJPdwee8fEFw,33.4803159,-112.0805886,2,[33.4803159,-112.0805886,33.4803159,-112.0805886],[307,24,172,11]
3kDShcFT5uoknYO-SbtYWQ,33.4954899,-111.927993,7,[33.4954899,-111.927993,33.4954899,-111.927993],[28,17,29]
S0jTSbA-iwUlmK7idKTM8w,33.510026,-112.024174,1,[33.510026,-112.024174,33.510026,-112.024174],[48,11]
-jHdb0efMa4_1HQ7uapeDQ,33.67443255,-112.0211453,200,[33.5331251,-112.2581306,33.81574,-111.78416],[7,47,48,11,49,52,66,38,265,39,126]
kmjYN9Hi1Q8nPGcElxXi7A,33.5787726,-111.93220869999999,10,[33.4740662,-111.966112,33.683479,-111.8983054],[38,39,33,48,11,26,10,63,24,212,229,127]
lfFwpp50RxXwyqLJVZFTRg,33.4238102,-111.9381604,3,[33.4238102,-111.9381604,33.4238102,-111.9381604],[88,38,39,24,11]
8WmbAfEezRTRp1tvBKkhow,33.4951366,-112.0012318,14,[33.4951366,-112.0012318,33.4951366,-112.0012318],[48,11]
aQQn3GztQ_gTb0QOEnxyCg,33.4892571,-111.9313634,99,[33.3545993,-112.073196,33.6239149,-111.7895308],[98,7,24,206,11,10,63,185,39,38,26,127,119,99,109,48,309,285,212,108,140,40,27,33,28,17,29,210,440,265,142]
OeFK1R4AkjDsYDz7xcfWWw,33.49420825,-111.8686241503905,8,[33.3478272,-112.04749,33.6405893,-111.689758300781],[38,26,39,11,7,108,99,88,128,63,27,224,292,98]
VZ4mMMnCgs1GbKeS6sYQ5g,33.4919271,-112.06088025,46,[33.304861,-112.241265,33.6789932,-111.8804955],[26,11,24,48,93,3,27,63,119,99,114,13,6,123,65,44,182,140,33,265,185,38,128,39,49,178,7,98,10,9,120,97,30,127,313,57,91,108,52]
5B37iGHEzkhA2SPk2DX_Ag,33.5029968,-111.9266886,21,[33.5029968,-111.9266886,33.5029968,-111.9266886],[84,234,125,1]
D2hnn1UxqUD7U5dTEhM_4g,33.630941,-111.96981895,101,[33.4315119,-112.0561119,33.8303701,-111.883526],[7,142,26,11,48]
4gQzPuXGPHSREYYKlLBLGg,33.6247911,-111.9257312,200,[33.6247911,-111.9257312,33.6247911,-111.9257312],[48,11]
3Zxx0ePwhDfg81Zuc0Ohow,33.451196,-111.721692,3,[33.451196,-111.721692,33.451196,-111.721692],[72,287,281]
REcdmpgbA64lsMGzAVGcJA,33.5355725,-111.91425465,20,[33.500545,-111.9264093,33.5706,-111.9021],[119,99,11,38,48,39]
z3IUQL6wpTRBrVyW4XhlfQ,33.44705865,-112.0455834,41,[33.30617,-112.1164668,33.5879473,-111.9747],[119,11,168,169]
kzVjXxXWC57geKfGdcbIlg,33.5242874,-112.0474855,2,[33.5242874,-112.0474855,33.5242874,-112.0474855],[99,127,11]
7K2eLx-QKtVIW65hrjUWiQ,33.373465,-111.971852,40,[33.373465,-111.971852,33.373465,-111.971852],[158,28]
vNzDyLy20GfV4T_0Nm_Wdg,33.478053599999996,-111.82941005,92,[33.2774922,-111.9746066,33.678615,-111.6842135],[126,11,99,57,69,43,26,251,10,182,168,144,7,108,189,24,224,91]
obTixVBziFCH0e-EUnAvtg,33.522940000000006,-111.90693515000001,30,[33.448748,-112.0986063,33.597132,-111.715264],[26,11,99,119,7,247,206,84,336,129,277,278,79,127,93,3,194,10,24]
CbLVNavh7JUjlYNQ8qR6ww,33.5565576076542,-112.05024555800799,10,[33.5101834,-112.120513916016,33.6029318153084,-111.9799772],[224,11,49,80,82,59,7,98,10,9,495,25,6]
3WBP9v95zQEzMCFnurZCVg,33.606651902329,-111.84298106206,36,[33.606651902329,-111.84298106206,33.606651902329,-111.84298106206],[322,28,57,190]
g4Wt_h7EfwKVj4n8E3NNTg,33.41590065,-111.93816575,94,[33.334824,-111.9487344,33.4969773,-111.9275971],[38,99,128,39,296,11,101,26,40,140,24]
YEkza6XZCH0AGp5Saze1Ow,33.53480815,-112.24482795,6,[33.445899,-112.4183429,33.6237173,-112.071313],[24,11,27,38,140,39,40,48,57,228]
-BYa0FX9_1xJggh8N7wofw,33.5521462,-112.0738723,2,[33.5521462,-112.0738723,33.5521462,-112.0738723],[7,247]
7SZJrikGh60d92etX8QYXA,33.5014106,-112.1000362,4,[33.5014106,-112.1000362,33.5014106,-112.1000362],[192,11]
2zu4Dc1tTlL9opVu4DH6Uw,33.3290012,-111.7907324,1,[33.3290012,-111.7907324,33.3290012,-111.7907324],[49,341]
aIiqXKu34mQ9XksPhdy84g,33.629085950000004,-112.0872118,7,[33.5819949,-112.2761182,33.676177,-111.8983054],[43,11,41,126,229]
mkGe7L8PYX2UNufEqE3rGA,33.46323168976275,-112.136089036133,138,[33.390792,-112.259674072266,33.5356713795255,-112.012504],[24,11,109,38,48,39]
l_6XDatGLHfkGxl8BjI2Ag,33.5359823,-111.9993255,169,[33.4471735,-112.073781,33.6247911,-111.92487],[26,127,11,177,38,140,39,40,48,28,17,29,63,161,65,18,27]
_8jEwH_N-hUXIG6X11H2VQ,33.44327335,-112.01839290000001,4,[33.3488977,-112.060401,33.537649,-111.9763848],[98,7,168,11,48,63]
0gAdsBsm69mtt_0qJ2UvgQ,33.5354456,-111.96459899999999,55,[33.5160662,-112.029562,33.554825,-111.899636],[161,28,65,17,29,119,201,11]
uTyIIbOvXH_XZw7OEiTiNg,33.5976069,-112.0327619365235,66,[33.321342,-112.264529,33.8738718,-111.800994873047],[129,121,79,57,69,7,139,27,11,41,42,43,26,13,6,21,22,48,292,177,140,108,168,99,109,38,39,137,8,155,54,156,322,98,210,126,97,404,475,142,49,341,10,9,368,387,338,382,206,91,169,265]
pqnYZy25nEwGAAjShOpJGg,33.4467865,-111.859253783252,125,[33.25539,-112.2948244,33.638183,-111.423683166504],[99,265,185,11,57,69,7,108,338,142,24,33,44,8,224,49,146,39,341,208,130,6,32,35,26,177,212,139,225,10,189,43,38,293,30,13,110,96,72,48,120,127,15,191,327,178,219,218,41,128,101,21,100,257,137,98,206,296,36,109,119,80,82,59,4,425]
4-y6PDZNPLaFtWF6aPSO-g,33.495295,-112.084462,51,[33.495295,-112.084462,33.495295,-112.084462],[6,70]
2Te0npT2RLZxtDC3ykzTxQ,33.645624850000004,-112.056782,7,[33.4931627,-112.187061,33.798087,-111.926503],[7,313,27,11,63,78,79,382]
61Fgzzixe7R-Mhxgcq72UQ,33.616418,-111.92631,1,[33.616418,-111.92631,33.616418,-111.92631],[265,126,97,11]
txV3VKrLkB3-P1bKgTP_XA,33.5131823,-112.09213565,15,[33.4873782,-112.2619703,33.5389864,-111.922301],[28,17,29,4,6,46,11,63]
mCjSc5f2JV3Wlxr4pwHg1Q,33.6380393,-111.9259752,5,[33.6380393,-111.9259752,33.6380393,-111.9259752],[10,24,11]
mXC8PcfgfNPTCvgqrvc4jA,33.5843347,-111.9268418,7,[33.5843347,-111.9268418,33.5843347,-111.9268418],[61,13,6,21]
JbQAH6ynOntNVseL6dlN5A,33.3800635,-111.9279637,2,[33.334824,-111.9487344,33.425303,-111.907193],[71,72,38,99,128,39,296,11]
XTGmk4xvly7ewj5O9z0ccw,33.5592568,-112.13914790000001,2,[33.5080646,-112.239434,33.610449,-112.0388618],[289,6,35,7,142]
pqiutjFVVzVZpmarUHvqDA,33.4356207,-112.0095457,1,[33.4356207,-112.0095457,33.4356207,-112.0095457],[212,11]
DRI0GowQPNpwUfT-FX7nSg,33.411687900000004,-111.7520152,3,[33.4076118,-111.9470154,33.415764,-111.557015],[38,11,39,40,63,49,56,57,58,59]
AuEkZ44RmXXiWcdgRmGluw,33.640094,-112.025911,9,[33.640094,-112.025911,33.640094,-112.025911],[26,11]
4CZW7wofHjv55ml185QPOQ,33.39747595,-111.8978684073975,93,[33.2856763,-112.0718179,33.5092756,-111.723918914795],[99,11,28,17,29,33,48,236,103,7,137,8,139,24,108,119,95,32,164,36,208,130,6,35]
Xiprzd4TvJcZnVHGPdDh1A,33.5634566,-112.00624619999999,6,[33.455863,-112.072167,33.6710502,-111.9403254],[7,139,6,225,250,132,65,212,11]
4JZeY-vA0zQ4m6XNa-T99w,33.499922,-111.919818,10,[33.499922,-111.919818,33.499922,-111.919818],[26,39,11]
mA-JeZ5IaTQfKzNAeCYUoQ,33.5621812548764,-111.982463465069,200,[33.4787943,-112.0478085,33.6455682097528,-111.917118430138],[340,11,26,28,158,17,29,99]
Kl3Abb3ZFqZMzRDoTjwvxA,33.55285265,-111.94206199999999,7,[33.4655863,-111.992554,33.640119,-111.89157],[99,48,11,71,72,7,24,47,27,38,128,39]
DVrdofOAz65xTQSyWWIv1g,33.5225388783496,-111.9364400369075,3,[33.421617342644,-111.9466751753,33.6234604140552,-111.926204898515],[63,27,11,307,212,43]
OAvqn2DYzKuD4qLaUH0nIA,33.4827260286892,-112.0590715684965,5,[33.4566960573784,-112.072327136993,33.508756,-112.045816],[177,285,140,11,119]
DR_i6gpNjtUHnF-9f196dw,33.476267899999996,-112.0041626,2,[33.4549678,-112.0791022,33.497568,-111.929223],[33,119,99,11,109,38,48,39]
NU9OpcUvMIEiMKdt68MxbA,33.341135449999996,-111.8949798,3,[33.2748213,-111.9297442,33.4074496,-111.8602154],[99,48,296,11,33,43]
4vi2Z3n-y1egvx2csLoBAQ,33.3779891872164,-111.689758300781,10,[33.3779891872164,-111.689758300781,33.3779891872164,-111.689758300781],[224,11]
QoehlcRLCdt7L0Oednrn_A,33.5107129,-112.06101509999999,3,[33.5062078,-112.0739142,33.515218,-112.048116],[202,72,281,168,181,229,11]
7GC9fVWKa4a1ZmBGLH6Uww,33.446741700000004,-111.9798315,200,[33.2811759,-112.232875,33.6123075,-111.726788],[177,26,11,30,13,6,27,38,273,39,128,205,40,377,63,89,99,17,18,7,9,298,57,145,69,108,127,12,61,114,109,33,142,24,163,98,212,48,119,101,15,191,10,470,322,56,62,77,35,76,79,121,148,204,65,440,49,406,52,112,254,72,154,157,103,22,115,372,126,97,439,421,47,151,152,43,36,312,146,88,14,45,224,140,270,168,46,465,84,80,343,59,54,55,122,307,341,182,8,265,96,206,246,139,423,186,28,29,445,66,4,160,172,71,345,346,309,285,41,400,311,92,215,32,70,327,141,184,185,91,292,247,340,73]
6WSIT76AsRn7sUHvTipuZA,33.5094197,-112.1371188,3,[33.5094197,-112.1371188,33.5094197,-112.1371188],[334,181,11]
HUHp3Xll6cJOXkiOxPMxTg,33.5019817,-111.9276185,15,[33.5019817,-111.9276185,33.5019817,-111.9276185],[38,48,39,11]
1W-g-wGSnGvVSWoVkORCMg,33.66234045,-112.1500384,4,[33.6116901,-112.187061,33.7129908,-112.1130158],[248,6,7,108,382,11]
LY4VwHjs2ipRmHOykx894Q,33.448587,-112.071756,85,[33.448587,-112.071756,33.448587,-112.071756],[38,48,39,11]
L9aFcJ4OexESCbwMMaS6zQ,33.5006293,-111.9232551,1,[33.5006293,-111.9232551,33.5006293,-111.9232551],[27,11]
glXfOFL2WcqBKLMzey5Erg,33.4527955,-112.0693177,1,[33.4527955,-112.0693177,33.4527955,-112.0693177],[26,11]
A5Zz-aKBRyqtDnkAsgvDwA,33.5662173,-111.9016267,6,[33.546,-111.96828,33.5864346,-111.8349734],[224,11,161,195,65]
f8fyAgiIG4r-PaVpDrJlPA,33.3488989,-111.8237656,1,[33.3488989,-111.8237656,33.3488989,-111.8237656],[119,11]
2u31UYOutynrmU7_3OGV4g,33.6401752,-111.9951643,2,[33.6401752,-111.9951643,33.6401752,-111.9951643],[33,99,26,11]
cfkOHnHp3zYOgbhcMuUA4Q,33.4211681,-111.942514,6,[33.4211681,-111.942514,33.4211681,-111.942514],[421,65]
QofnqFw5epwPP_0VY6iDTQ,33.5350308,-112.00224324999999,87,[33.4881846,-112.0793635,33.581877,-111.925123],[48,11,307,212,43,27,113,6,116,24,109,38,39]
H4XCAov3KP3JjThhExpocg,33.3060616,-111.8748501,1,[33.3060616,-111.8748501,33.3060616,-111.8748501],[7,313]
BcrJjC-pTRugEsd97eOg_w,33.677499837341855,-112.013924528513,14,[33.481453,-112.149174357026,33.8735466746837,-111.8786747],[54,55,122,26,11,43,7,139,375,138,8,416,140,192]
vngeCi604M7Z1bfroW61og,33.377348,-112.04921,1,[33.377348,-112.04921,33.377348,-112.04921],[27,11]
8VSXTuHdFcMJOFFcztF88A,33.3200423,-111.9265518,12,[33.3200423,-111.9265518,33.3200423,-111.9265518],[119,11]
fumqlFyxTEQIMi81uN-z2w,33.6056815,-112.1797109,5,[33.5331251,-112.2581306,33.6782379,-112.1012912],[38,265,39,11,84,336,7,142]
mZoajxG_bTa7StDSxCFp4A,33.55337005,-111.9940944,21,[33.4329724,-112.083886,33.6737677,-111.9043028],[99,11,33,119,48,7,142,28,170,108,93,3,49,193,80,59,126,71,72,57,69,56]
3x8qU9G-3GubhIH3UZ_MPA,33.5255778,-112.0998586,1,[33.5255778,-112.0998586,33.5255778,-112.0998586],[106,54,226]
Yr3ExfgTPR94MEltrDT2vQ,33.479992,-112.076718,1,[33.479992,-112.076718,33.479992,-112.076718],[307,27,172,11]
yRalNhE4YSdOoKJ9n_a4uA,33.45101055,-112.0746941,54,[33.4471735,-112.0800705,33.4548476,-112.0693177],[48,11,224,7,142,26,127,63,27,24]
4cl2sRsgl6l_4PbuQWoKbg,33.323784950000004,-111.7163969,4,[33.2528,-111.9088938,33.3947699,-111.5239],[43,11,33,117,48]
mNb-Mn78KAG0-dG4kLVVaQ,33.50086000786835,-111.9564342503465,200,[33.4346825157367,-111.994403600693,33.5670375,-111.9184649],[39,38,99,128,11,28,158,17,29]
1AHhxZ83FMw6fW6l8TD9HQ,33.348763010086,-111.9443510501,2,[33.348763010086,-111.9443510501,33.348763010086,-111.9443510501],[119,62,24,17,11]
yLQJHbC6bp-hmqxJnhjJ3g,33.5020654,-111.9242599,10,[33.5020654,-111.9242599,33.5020654,-111.9242599],[28,17,29]
tdNV2Wb0LrFpm1Yfov_Klw,33.594713003793004,-112.13360788382,200,[33.220784807586,-112.729622,33.9686412,-111.53759376764],[185,11,126,38,39,40,7,142,28,442,241,187,139,177,140,27,98,24,292,416,26,49,52,6,225,250,168,181,229,186,57,60,108,17,62,54,324,36,8,162,284,35,33,120,333,276,322,119,247,70,97,200,13,21,22,224,106,226,69,137,313,201,375,309,285,210,48,327,109,146,99,240,76,368,169,43,4,5,208,30,63,265,34,441,46,232,10,149,116,113,231,79,121,66,104,161,195,65,9,304,387,228,117,29,417,80,59,338,382,206,130,32,12,114,190,92,15,445,61,133,407,182,194,172,127,18,71,72,311,341,470,145,306,58,56,41,50,51,115,372]
at2kL1jpVSCJud7G0FER4g,33.4661264,-111.9175425,12,[33.4661264,-111.9175425,33.4661264,-111.9175425],[49,438,367]
Qpq6iUqKF4jYXPbf6Yu_9Q,33.43381850449825,-111.949256640822,5,[33.4329724,-111.994210481644,33.4346646089965,-111.9043028],[126,97,11,48]
7VjBnEnukWoDMSZpMuKrPg,33.413158,-111.875779,10,[33.413158,-111.875779,33.413158,-111.875779],[196,11]
NtuhqUmEoS-xuml6jecYuA,33.8303701,-111.9317707,1,[33.8303701,-111.9317707,33.8303701,-111.9317707],[48,11]
oJM8Xse6xKrGiZDX8qKMNg,33.3640435,-111.8774978,5,[33.3640435,-111.8774978,33.3640435,-111.8774978],[26,11]
Oq5CYkB4dQE_wmPgHu51bg,33.559815150000006,-112.06298749999999,78,[33.4354553,-112.2354666,33.684175,-111.8905084],[126,11,27,48,24,26,38,39,40,127,97,307,119,49,28,99,17,29,163,13,6,250,33,57,145,205,206,117,168,7,18,109,209,440,260,98,63,265,4,425,185,10,309,285]
YwqIbMiSF_pb8acInMVfqw,33.2475,-111.87918,6,[33.2475,-111.87918,33.2475,-111.87918],[48,11]
0ZvslGGG1EPNPuNnIpvISQ,33.606874415651944,-112.06447215,9,[33.575545,-112.3668873,33.6382038313039,-111.762057],[251,212,11,28,17,29,106,54,280]
gtiyv2daR6S5WitUEPbITA,33.6387989,-112.3582339,7,[33.6387989,-112.3582339,33.6387989,-112.3582339],[7,142]
8cKz6gx214ThZW4p6z6Qrw,33.5082892516647,-111.925125294792,68,[33.477178,-111.925799,33.5394005033294,-111.924451589584],[119,48,24,11,168,97]
cnJr93p5lm7tppJvNXhQXQ,33.654798,-112.38023584999999,6,[33.6239817,-112.4159659,33.6856143,-112.3445058],[43,11,168]
8tRi1Wzq7EJcwfCnvw0Ogw,33.3791269,-111.977079,53,[33.3791269,-111.977079,33.3791269,-111.977079],[65,133]
7bdCfESkLLta4vwxO5tyHw,33.4288989,-111.96870480000001,22,[33.347591,-112.0272041,33.5102068,-111.9102055],[27,11,63,140,38,48,39,119,99,40,285,185]
YoH8qt2HqwIFkftFaHQSlA,33.55373595098115,-112.03138665,7,[33.4537869019623,-112.135621,33.653685,-111.9271523],[267,182,172,11,7,194]
eG1T3gsS0Ob3nrIrXbhEOQ,33.7129797,-112.1117313,3,[33.7129797,-112.1117313,33.7129797,-112.1117313],[123,65]
_nx3fPywabQzRkSb-Shftg,33.407162534253,-111.90964874703,9,[33.407162534253,-111.90964874703,33.407162534253,-111.90964874703],[117,11]
OGy8BLoTKPiaFRfXAMB52w,33.401889,-111.8916725,17,[33.303233,-111.940813,33.500545,-111.842532],[7,142,292,33,48,47,11,119,99]
r6XxwV8VNq3_N-xsSsn_1A,33.3056888,-111.8973083,3,[33.3056888,-111.8973083,33.3056888,-111.8973083],[38,265,39,11]
fjobdpYWdSUmei6JaNOzJA,33.50959,-112.129898,6,[33.50959,-112.129898,33.50959,-112.129898],[188,23]
rpW0HQrSFyEiCVdpq7Dlvw,33.4135276,-112.0088419,14,[33.4135276,-112.0088419,33.4135276,-112.0088419],[28,17,29]
W-ef8QaX8OLJVCFLD_Q-8g,33.5116560766346,-112.0691034,22,[33.449188,-112.174034,33.5741241532692,-111.9641728],[175,129,121,79,26,11,136,17,177,140,24,224,7,108,119,33,210,28,29,8,168,181,229,63,27,126,97,172]
inMI1P_Yx9VtktZGRg6gqQ,33.411851,-111.88539,2,[33.411851,-111.88539,33.411851,-111.88539],[32,95,222]
Pm4WFgwddtnuFTVTozx19w,33.3919202,-111.8920275,1,[33.3919202,-111.8920275,33.3919202,-111.8920275],[10,11]
ajiXxzXo1LjdbNgfVllX7A,33.6379403,-112.2183588,140,[33.6379403,-112.2183588,33.6379403,-112.2183588],[7,108]
PMxTYOyNWYXn1EccWuJJvg,33.5985136,-111.9795855,1,[33.5985136,-111.9795855,33.5985136,-111.9795855],[10,24,11]
vNopOzuJHnmXj90MtMQoHQ,33.5030185,-112.0999,6,[33.5030185,-112.0999,33.5030185,-112.0999],[251,11]
TUrH3mbJ2Yg9Is9y99s6cg,33.43475,-112.00644,1,[33.43475,-112.00644,33.43475,-112.00644],[28,170]
hqW3X3_FIH3YLRCHyMk5wA,33.3432384,-111.9592559,2,[33.3432384,-111.9592559,33.3432384,-111.9592559],[49,146,445,80,59]
TaZ4L1Fio86VOOpQ0TMBJg,33.496647,-111.926503,2,[33.496647,-111.926503,33.496647,-111.926503],[7,313,27,11]
kHVHp3hYvRVjTK7gXCjMgA,33.45834615,-112.01570530000001,5,[33.407561,-112.083886,33.5091313,-111.9475246],[88,38,99,39,11,7,108,265]
4Ljy3d6c_rzBNiqgWioppQ,33.400456822397004,-111.8989162573975,23,[33.321061644794,-112.0739136,33.479852,-111.723918914795],[251,11,43,126,97,119,99,239,7,36,48,194,309,285,162,108]
tTO6rv0Z9aNNYmmZU_BR4g,33.543548099999995,-112.1627285,12,[33.4483032,-112.398055,33.638793,-111.927402],[48,11,251,212,27,119,72,28,170,395]
JbiivIfpNOf6-YpMAceZrw,33.491645,-112.073196,13,[33.491645,-112.073196,33.491645,-112.073196],[38,140,39,40,48,11]
Z3aLxtK2dXh_nnTJ5v8BfA,33.43776175,-112.010547,37,[33.422728,-112.0696,33.4527955,-111.951494],[88,38,39,89,11,99,48,177,140]
I0ZzekWn1BVq7Poiqeg0qA,33.5765851,-111.8845103,2,[33.5739639,-111.8865936,33.5792063,-111.882427],[106,54,107,7,162]
XdBf0qZP8aXzBVh9Tee8kQ,33.320203785852,-111.9446939218,1,[33.320203785852,-111.9446939218,33.320203785852,-111.9446939218],[126,97,11]
S3NJFqclTQ3n7111hsXH5g,33.4951665,-112.0027958,1,[33.4951665,-112.0027958,33.4951665,-112.0027958],[6,156]
X-3zD4lXtAwvIaYcVepfig,33.43475,-112.00644,24,[33.43475,-112.00644,33.43475,-112.00644],[28,170]
CwNFSTYMitNBkw0k2tHWtg,33.1931077,-111.81372515,77,[32.8773814,-112.0919692,33.508834,-111.5354811],[26,11,78,79,38,48,39,119,24,126,137,7,139,371,106,54,131,143,205,99,229,63,27,49,59,177,140,168,97,102,103,161,65,71,72,297,98,403,121,109,307,298,88,127,43,382]
tKG_g869VBcGxjg_jhpRrA,33.49380415,-112.13056485,8,[33.449188,-112.1839297,33.5384203,-112.0772],[11,27,63,10,24]
9QdvI8zZZ8FpxqRQQOVijw,33.6400079,-112.0872865,2,[33.6400079,-112.0872865,33.6400079,-112.0872865],[26,11]
duO1QTN4ntS-Q_kYCeFXhQ,33.4217804,-111.9594303,1,[33.4217804,-111.9594303,33.4217804,-111.9594303],[6,100,257]
9FLNmnI7dy53rlA6NH-0PQ,33.52752695,-111.981518,3,[33.484487,-112.07643,33.5705669,-111.886606],[224,11,63,27,126,97]
Gh8lQQQSUIjjjg09OZ5hEA,33.45186555,-111.945448,64,[33.401137,-111.970253,33.5025941,-111.920643],[57,327,182,48,140,11]
dMs7rf0jda6MujQKKrVQAQ,33.2881058,-111.85075714999999,4,[33.2748213,-111.8602154,33.3013903,-111.8412989],[62,26,17,11,43]
2FtCOwNwd6UsBgScSc1_Ug,33.500170499999996,-112.06570439999999,104,[33.321726,-112.341878,33.678615,-111.7895308],[13,6,115,372,99,11,309,7,108,48,210,26,10,119,38,39,128,185,49,368,33,142,24,109,63,8,192,212,126,293,97,182,106,54,226,98,206,265,140,168,259,260,285,219,218,186,57,47,27,470,145,72,154,322,352,251,247]
dNMcjdTH_Q8wfdpd3QqVNw,33.6253241,-111.9403451,7,[33.6253241,-111.9403451,33.6253241,-111.9403451],[119,120,11]
FtW_vRpJ_EnsTrVYivMwxw,33.378445,-111.638297,1,[33.378445,-111.638297,33.378445,-111.638297],[99,11]
5iH-StRFoquL80hsrkfoyQ,33.481269999999995,-112.0344784,5,[33.453804,-112.069375,33.508736,-111.9995818],[126,43,11,224,373,48,24,175,129,79,121,57,69]
cSFaXyJdRsr1624jPe6RDQ,33.407088,-111.911549,3,[33.407088,-111.911549,33.407088,-111.911549],[126,97,11]
gUJpwOthWPW_L5UBbR12KA,33.462744,-112.3581958,1,[33.462744,-112.3581958,33.462744,-112.3581958],[64,6,204,65]
JPcjj7ByW_aqwYwH4FRvLg,33.546384149999994,-112.01900805,18,[33.508756,-112.1156244,33.5840123,-111.9223917],[177,285,140,11,168,265,182,48,27,185]
ZL5s7hce0HIS2TcxKmRkpw,33.5005719,-112.0741143,15,[33.5005719,-112.0741143,33.5005719,-112.0741143],[7,108]
TVM2qwQded9F1H8SqlOa8A,33.4787943,-112.0478085,17,[33.4787943,-112.0478085,33.4787943,-112.0478085],[26,11]
8Uuzc8YpvQgGLeB0X-Ferw,33.472188450000004,-112.2628902,17,[33.3057949,-112.585455,33.638582,-111.9403254],[99,11,26,185,285,33,43,27,63]
JMi_6SiCT_-eZB-X8Vt0SQ,33.402323888980845,-111.8605191073975,18,[33.2959525,-111.9971193,33.5086952779617,-111.723918914795],[65,133,168,11,54,238,106,280,74,24,99,33,119]
RJdhs70wZ0ZTe5PJu_alaA,33.5478355,-112.0474569,184,[33.5478355,-112.0474569,33.5478355,-112.0474569],[99,265,11]
m7SSPmQb9716TsA4mmJHnA,33.546734799999996,-112.1416282,32,[33.4471735,-112.3643087,33.6462961,-111.9189477],[26,11,48,212,120,265,119]
nBiaXAhX0uegJmVyJFJZfA,33.40345701510485,-111.96896625,9,[33.2976955302097,-112.0467405,33.5092185,-111.891192],[24,11,33,7,98,10,9,38,119,109,39]
uuRbf3lPsTd-ccuISnc3rQ,33.3776437,-112.1666063,3,[33.3776437,-112.1666063,33.3776437,-112.1666063],[64,65]
uoTHm-BAl3SAIQoxEjhRQg,33.5892575,-112.14478,4,[33.581302,-112.25351,33.597213,-112.03605],[26,11]
DbBeWXDNS8n4g5zd-lmESw,33.656436283017,-112.373560324995,5,[33.651405866034,-112.3796119,33.6614667,-112.36750874999],[7,36,8,57,209]
Yf24Qs6XNrg8RnQ0KC7VKw,33.585312,-111.8348448,1,[33.585312,-111.8348448,33.585312,-111.8348448],[168,26,127,11]
oyXrEZiPZBvrTok1oYLPNA,33.57056715,-112.1174321,25,[33.5014106,-112.134828,33.6397237,-112.1000362],[192,11,224,218,41]
z5g5Lclwt13_BO0BStohMA,33.440881700000006,-112.082099,200,[33.2612195,-112.3584222,33.6205439,-111.8057758],[27,11,26,43,88,38,39,89,7,137,8,139,57,145,101,48,212,168,298,143,205,33,63,65,133,192,28,17,29,36,99,40,271,30,13,6,142,109,12,114,223,170,126,470]
hxXoe0qOmeYIcPbMK3ykMA,33.5025941,-111.9296765,21,[33.5025941,-111.9296765,33.5025941,-111.9296765],[265,48,11]
SjSF0RmBcvHPk0omKtviZg,33.7635354,-112.0714835,144,[33.7635354,-112.0714835,33.7635354,-112.0714835],[136,17]
0jGPMGP5urtuzBDsq3i02Q,33.4416439582952,-111.823107060414,11,[33.3812843,-111.928035020828,33.5020036165904,-111.7181791],[11,63,168,99,7,8,475,10,373,26]
qfvL7aF1a90YEUrzFEUDYA,33.8303701,-111.9317707,5,[33.8303701,-111.9317707,33.8303701,-111.9317707],[48,11]
qwvgycPC5u4JZv6DfawPqw,33.4382789,-112.0178286,200,[33.4382789,-112.0178286,33.4382789,-112.0178286],[117,11]
J9wVWg6HZ8hDA8L3v3EAcA,33.5026784,-111.96575345,24,[33.424522,-112.0272041,33.5808348,-111.9043028],[38,99,39,40,11,26,15,6,191,265,205,71,72,96,184,88,33,48,307]
N-LwAfL9F1stZ8MHe4PswQ,33.491695,-111.925624,1,[33.491695,-111.925624,33.491695,-111.925624],[48,11]
H28KgwXN1q0D3Fkss21Vhw,33.492962,-111.927751,12,[33.492962,-111.927751,33.492962,-111.927751],[224,11]
VVd1JAwN0fdEEADU4cXJag,33.59569345,-111.9671862,200,[33.545329,-112.043169,33.6460579,-111.8912034],[28,17,18,29,26,11,224,7,47,48,313,33]
M5QUdV6sEnpoAerUv_WA_g,33.6386274,-112.1955913,1,[33.6386274,-112.1955913,33.6386274,-112.1955913],[38,39]
Wc6KdJD_E7jguIwkQFvYAA,33.401447450000006,-111.84046615,6,[33.3844769,-111.84057,33.418418,-111.8403623],[28,17,18,29,38,26,39,11]
0yQVDPlaUtlAuHhUufJR0g,33.54255,-112.071399,1,[33.54255,-112.071399,33.54255,-112.071399],[32,90]
cCwj4RJSKU4-o9ZZ1VTtmA,33.60270275,-112.069564226976,18,[33.4922985,-112.2400641,33.713107,-111.899064353952],[265,99,185,11,27,26,63,182,48,140,44,126,177,97,210]
Q3xZEKKUUTCOHqr6-c6GHQ,33.4493145,-112.0740474,1,[33.4493145,-112.0740474,33.4493145,-112.0740474],[224,11]
91Qp1y0Ukbul7K3d31enmg,33.322155,-111.876336,2,[33.322155,-111.876336,33.322155,-111.876336],[7,162,201,194,11]
TeC4YWG15moiz7OCRoviKg,33.501372,-112.0307236,36,[33.4643259,-112.1350943,33.5384181,-111.9263529],[7,162,108]
xv9nUSKR5RqnkgD0tufTfA,33.4491007,-112.08968825,16,[33.3333494,-112.273257,33.564852,-111.9061195],[109,38,11,39,63,126,224,43,168,99,62,27,17,119,48,24,26,33,88,40,96,72]
-UceznDVs5DUeD_qrNiCqA,33.4953013,-112.0001334,1,[33.4953013,-112.0001334,33.4953013,-112.0001334],[126,43,11]
uQpHNWs-tZbwLAE00ywR1A,33.497766600000006,-111.97053589999999,12,[33.3547012,-112.151282,33.640832,-111.7897898],[48,11,7,108,26,114,13,6,126,224,97,137,139,142]
I_VzNwAk39VTpdfoupJx8g,33.4548476,-112.0800705,3,[33.4548476,-112.0800705,33.4548476,-112.0800705],[63,27,24,11]
JC7nd7_Vf3QL9-PAnEpU7Q,33.50936935,-112.03028115000001,29,[33.305759,-112.152056,33.7129797,-111.9085063],[182,223,140,11,307,212,43,41,112,13,6,22,151,123,65,26,110,119,99,48,54,238,120,106,279,84,124,386,125,44,192,33,265]
8OxZPCla7Bw8nSSuT2vJ_Q,33.3642475,-111.8515229,1,[33.3642475,-111.8515229,33.3642475,-111.8515229],[49,82,59]
vg8btybuzPYsBtgzCqJhRQ,33.5097979,-112.0119734,4,[33.5097979,-112.0119734,33.5097979,-112.0119734],[11,63]
wG140zh0vjgsIEdgT_UHPw,33.5379429,-111.8890142,1,[33.5379429,-111.8890142,33.5379429,-111.8890142],[57,69]
8so1pAcg2Zxh0r5uGYtm5Q,33.392763599999995,-112.2088369,200,[33.3022462,-112.557102,33.483281,-111.8605718],[168,42,43,11,7,108,63,27,74,24,33,119,99]
QrOSr8bzAjpIgyNftDLUBg,33.56753495,-111.988484,72,[33.3046998,-112.1345686,33.8303701,-111.8423994],[26,11,38,140,39,40,48,7,142,63,27,24,119,224,309,285,139,416,313,212,43,192,34,6,35,109,265,126,97,10,70,219,218,41,206,57,145,251,292]
ENsityRQLdrCn9T79E8zXg,33.3286659033323,-111.867560743622,2,[33.320753,-111.875633,33.3365788066646,-111.859488487244],[65,133,97,11]
pOP_87eaKfgE0bMdORmweQ,33.3917541,-111.76978965,5,[33.3904462,-111.8553658,33.393062,-111.6842135],[212,11,97]
BnFh-g2fmtGdyzfbF7W15g,33.5047782,-111.9261807,99,[33.5047782,-111.9261807,33.5047782,-111.9261807],[98,7,99,11]
_tYBfde1tz-Q-b_bcVzMRw,33.54808315,-112.07410784999999,12,[33.455577,-112.100731,33.6405893,-112.0474847],[212,26,11,38,6,145,186,57,39,63,27,56,7,142,108]
vbA2T6TydyzIhC3qILsHdw,33.499499,-111.927402,108,[33.499499,-111.927402,33.499499,-111.927402],[48,11,97]
bcymYnTLOQGS9g10wI6SIw,33.7108219,-112.2690576,5,[33.7108219,-112.2690576,33.7108219,-112.2690576],[33,117,48,11]
5J5OrLqqOxilT_qqibuqsw,33.38843051595405,-111.96250500872449,31,[33.2815660319081,-112.084462,33.495295,-111.840548017449],[6,70,49,52,126,97,11,48,99,185,12,61,13,114,38,251,39,40,212,26,43,57,145,258,28,17,29]
Iodo_uXYfCZc65rWQ-JHzQ,33.387956700000004,-111.97503615,5,[33.320255,-112.0736563,33.4556584,-111.876416],[38,39,40,11,33,119,99,251,182,218,181]
SXBM7O0pnHH9oJjCRjzM6A,33.638669,-112.231662,6,[33.638669,-112.231662,33.638669,-112.231662],[168,41,11]
TQfR372K_J-dxtoxinVH-A,33.344733700000006,-111.78133245000001,2,[33.304492,-111.873637,33.3849754,-111.6890279],[212,26,43,11,7,47,48,27]
7crNsvslhBUbuIaJXiGGPw,33.34917,-111.83258,1,[33.34917,-111.83258,33.34917,-111.83258],[374,165,32,95]
JlECma1y8MOP5vm7QRDjbQ,33.422728,-111.951494,1,[33.422728,-111.951494,33.422728,-111.951494],[88,38,39,89,11]
nfdr8ugyW7hWxpbQjw65Ag,33.53752805,-112.0059605,7,[33.4802381,-112.077889,33.594818,-111.934032],[63,99,11,24,27,119,212]
qbE15-siwS3r44IlWpyPQA,33.62117105,-111.92526219999999,200,[33.616418,-111.92631,33.6259241,-111.9242144],[265,126,97,11,48,39,205]
DgNfMrWt6FlyfffsYjOldw,33.4660792,-111.9050526,1,[33.4660792,-111.9050526,33.4660792,-111.9050526],[129,175,78,278,79]
3K3xzwHvAaJqxyLRJv5d0g,33.381646,-111.728112,2,[33.381646,-111.728112,33.381646,-111.728112],[84,336]
5eWeQB-ssm4IqkLRCZVfnw,33.449233,-112.065458,3,[33.449233,-112.065458,33.449233,-112.065458],[27,11]
c19XhoCNcmADQduYMudDlQ,33.4059033269766,-111.90270106035149,5,[33.3815114,-111.946563720703,33.4302952539532,-111.8588384],[0,1,2,3,32,291,84,199,159]
6IHcb7PC6qiYR9qEsBieVQ,33.555365949999995,-112.1884702,200,[33.5343768,-112.261316,33.5763551,-112.1156244],[7,142,26,11,48,185,33]
P0LJsDseBjl5qYVfagPoRw,33.6398085,-112.0959734,2,[33.6398085,-112.0959734,33.6398085,-112.0959734],[28,17,29]
TTbpeFhnDMjUJf5qf9jQRg,33.623019,-111.875449,4,[33.623019,-111.875449,33.623019,-111.875449],[43,11]
Lm6TIy3hwFq7ovGi2u22Nw,33.59308355,-111.9857497,4,[33.5650982,-112.0737503,33.6210689,-111.8977491],[224,212,11,48]
yQYIWHSR3TZeXEMR__W-pA,33.4264996,-111.8558084,18,[33.3550442,-111.922086,33.497955,-111.7895308],[185,11,28,17,29,39,119,26,38]
WZGsOwCgrLNuHejB_EnGoQ,33.619744999999995,-112.37769165,30,[33.4492,-112.828974,33.79029,-111.9264093],[177,140,11,28,190,7,108,5,6,4,33,38,48,39,109,63,126,97]
rYGZwz6OV09vZ7YzqrZ-HA,33.54531905,-112.0600889,200,[33.5183691,-112.115428,33.572269,-112.0047498],[28,17,29,99,11]
UUHEVGrLubLV4Q4P4Haz3g,33.450675399999994,-112.0183625,22,[33.3852846,-112.072167,33.5160662,-111.964558],[49,59,57,69,99,11,212,48]
Y8m-j_1HW19quJz-9TtAkg,33.5531396,-112.1352495,3,[33.5531396,-112.1352495,33.5531396,-112.1352495],[26,11]
FjDANW3o8f9q6eltmJj7mg,33.5090018,-112.0409994,10,[33.5090018,-112.0409994,33.5090018,-112.0409994],[13,6,115,372]
53WXs9E1n6rGXZGXKlJc0w,33.5227221,-112.0649884,1,[33.5227221,-112.0649884,33.5227221,-112.0649884],[84,125]
hTau-iNZFwoNsPCaiIUTEA,33.44595218047875,-111.9997741,6,[33.3497113609575,-112.0739142,33.542193,-111.925634],[7,108,338,201,11,162,119,265,126,97]
aRFzf3hOKwgyQ5MtsJg-fQ,33.54703215,-112.08874865,100,[33.455036,-112.18908,33.6390283,-111.9884173],[224,11,126,43,182,48,140,8,7,138,139,192,323,98,26]
nLPHUC9ZMCG1xm86_1xqjQ,33.415021499999995,-111.8980827,11,[33.303233,-111.9536334,33.52681,-111.842532],[79,121,7,137,8,139,33,48,47,11]
mQmSVPcPQ8yvMV4gYAnTAw,33.4940321,-111.9218306,2,[33.4940321,-111.9218306,33.4940321,-111.9218306],[119,26,185,11]
S0UVZjv2-nZPB3s7tU8uSA,33.580029,-111.924066,4,[33.580029,-111.924066,33.580029,-111.924066],[65,105,369]
tjywK4P4Ym76UK-U2m6McA,33.385938949999996,-111.91207,7,[33.3056789,-111.964138,33.466199,-111.860002],[373,196,43,11,7,162,224,63,27]
OeRL3xl5mlArPeEIHmSItQ,33.5607109,-111.9760225,21,[33.5266038,-112.065439,33.594818,-111.886606],[119,120,11,63,99,126,97,265,483]
HxdEw5lXvOckbUIwB-EZiA,33.47949975,-111.9706185,16,[33.331773,-112.065458,33.6272265,-111.875779],[126,97,11,7,47,48,251,307,212,43,265,27,168,99]
9LWb6Q3StPD38VCTlbn-EA,33.798073,-111.926458,31,[33.798073,-111.926458,33.798073,-111.926458],[26,11]
8s-OyesuUf2R1QRsyi02hg,33.3580003,-111.467715,1,[33.3580003,-111.467715,33.3580003,-111.467715],[99,11]
ci2NXHwXGJob3aZEjHqOqw,33.463835700000004,-112.3278937,3,[33.3889234,-112.5910284,33.538748,-112.064759],[99,26,11]
WgK7kyLUxZDqQSyARTpPuw,33.5344212,-111.9707582,200,[33.413158,-112.0657374,33.6556844,-111.875779],[7,142,28,170,43,11,26,292,99,251]
mDzMELsP_F-MQJUSJiT2ww,33.4892464,-111.9271068,4,[33.4892464,-111.9271068,33.4892464,-111.9271068],[44,126,97,11]
qR-iV_jwlDEqK1uQvLxEOA,33.5999386,-111.9797159,1,[33.5999386,-111.9797159,33.5999386,-111.9797159],[126,97,11]
Lk4xJd7r3_50WoHwBe2Xbw,33.53793195,-112.13569305,10,[33.4368294,-112.200209,33.6390345,-112.0711771],[48,11,218,7,139,416,43,27]
hKJsae1YDM57ujATRpnjAA,33.38475615,-111.88097725,5,[33.3365399,-111.9043028,33.4329724,-111.8576517],[7,108,127,11,41,239,126]
QBNkVpSCbTNC3hbMQPBgfw,33.299984550000005,-111.8383434,3,[33.2805741,-111.874965,33.319395,-111.8017218],[80,81,54,82,59,49,7,365,142,292]
pFqQLIUTBU9fH8SI5alWIQ,33.40745855,-111.98821492473749,5,[33.3197625,-112.0032157,33.4951546,-111.973214149475],[28,17,29,126,97,11,397,57,56]
bSSAJXXkH8tT393-weWKSg,33.572807350000005,-111.9935542,82,[33.5094087,-112.0687564,33.636206,-111.918352],[88,7,38,47,39,26,11]
nio3ncMiktPG-2uNtLMsng,33.681047,-111.9703593,42,[33.678615,-111.9746066,33.683479,-111.966112],[212,229,11,7,47,48,27,161,65]
wW6Sf4x3BbvjwF1P44iY9g,33.639241,-111.881719,21,[33.639241,-111.881719,33.639241,-111.881719],[119,11]
iuig9r8cT_ycqUf4Jl73kw,33.490102500000006,-112.0765657,17,[33.489085,-112.079081,33.49112,-112.0740504],[26,11,63]
yqmbtyH-F7v77lLc79H8Cw,33.501821,-111.919938,1,[33.501821,-111.919938,33.501821,-111.919938],[265,185,11]
5zd678Uuarx_Xj-0NNSy7g,33.51942065,-111.8977065,11,[33.4382789,-112.0791022,33.6005624,-111.7163108],[27,11,126,33,119,99,7,36,38,39,40]
EO5Q9yRT7LP00iQYpSNuhw,33.349795,-111.927704,1,[33.349795,-111.927704,33.349795,-111.927704],[7,8]
mLUPkvjsKFsafrCG-MtS7w,33.4921729,-111.96745065,13,[33.3057308,-112.0388616,33.678615,-111.8960397],[7,292,142,98,119,24,11,112,6,254,97,108,182,139,137,99,46,88,38,39]
bbameBpSa0-LNNco8RY94Q,33.34963905,-111.79869500000001,3,[33.3034664,-111.8417161,33.3958117,-111.7556739],[15,25,6,7,137,8,139]
kpyb2FmKe4xB9GDYCC0WLQ,33.4869182,-111.908738,1,[33.4869182,-111.908738,33.4869182,-111.908738],[39,119,26,38,11]
dDwq8YA8-C-pYrQUT0-7qQ,33.4545272,-111.94538589999999,2,[33.4329724,-111.986469,33.476082,-111.9043028],[99,11,57,69,56]
RC0ytAiHSatgx8T_InvYuQ,33.44906,-111.925621,1,[33.44906,-111.925621,33.44906,-111.925621],[446,11]
3hoXUBUe_qEL0rS0EQVN2Q,33.47646775,-112.08327745,2,[33.4728231,-112.0893753,33.4801124,-112.0771796],[49,52,119,24,11]
BZbyBXH5DzToc6cwXxxY0Q,33.4566960573784,-112.072327136993,61,[33.4566960573784,-112.072327136993,33.4566960573784,-112.072327136993],[119,11]
vv70wi6VjdzX9bs0OX3h7g,33.50909745,-111.99172935,13,[33.43475,-112.00644,33.5834449,-111.9770187],[127,11,28,170]
-iEwUutRc4pfoa_Y2gAJtA,33.52796,-112.2641158,10,[33.52796,-112.2641158,33.52796,-112.2641158],[57,327]
MNd2kbG7OYxElc6xe1xexQ,33.421387100000004,-111.796789,29,[33.217595,-112.079081,33.6251792,-111.514497],[99,11,57,470,145,39,7,247,168,48,26,74,24,36,8,127]
0KAHnPpVNCuRHvzUOFNOug,33.432788599999995,-111.9149998,12,[33.3637562,-111.919938,33.501821,-111.9100616],[265,185,11,49,54,193,242,59,404,451]
Hv_-sc_ths6gfS5usrc2hQ,33.49112,-112.079081,1,[33.49112,-112.079081,33.49112,-112.079081],[26,11]
jUUsTvd4rO0nuVX4I7GUAA,33.502191,-111.996292,74,[33.502191,-111.996292,33.502191,-111.996292],[109,38,11,39,63]
AYPDjbO9Q1xt8OjpJMmOJQ,33.5824603,-111.6787751,1,[33.5824603,-111.6787751,33.5824603,-111.6787751],[57,258]
bgQ5_5Nu-hv4ZiQ5buzjxg,33.44460665,-111.9719116,8,[33.2762703,-112.0685027,33.612943,-111.8753205],[109,38,48,39,11,89,117,214,27,7,292,232,99]
i50BnBzVzmJp1d9g4l8_cA,33.529847950000004,-112.06918625,51,[33.5076745,-112.0995016,33.5520214,-112.0388709],[7,36,8,26,11]
aj7Vj1UVmxpDaauM-OiSfA,33.4813591,-112.03011975000001,110,[33.4503996,-112.0648845,33.5123186,-111.995355],[119,99,11,322,57]
DUwFt897e60dFo9OlsCwOA,33.456993,-111.492045,12,[33.456993,-111.492045,33.456993,-111.492045],[28,102,190,103]
rgbiRKKdJiwpp02AGB5C_w,33.4542695,-111.9094198,179,[33.4542695,-111.9094198,33.4542695,-111.9094198],[168,11]
AbJ48OT3YlAAAbSZbVtmgg,33.5021985,-112.0172693,6,[33.4949618,-112.0464076,33.5094352,-111.988131],[54,238,84,112,6,254,339,7,142]
QbjZZiRbNdsgZhpj4_kJag,33.3022462,-111.897967,16,[33.3022462,-111.897967,33.3022462,-111.897967],[48,126,11]
PV8-ly0M_gC8LgmLvgArFw,33.3799476,-111.8066214,9,[33.2587342,-111.925513,33.501161,-111.6877298],[126,212,11,251,43,7,292,99,48,108,224,182,63,24,206]
Lkdr1BRUhstAHUYM6WCC0Q,33.5076399,-111.9172306,8,[33.477178,-111.9259469,33.5381018,-111.9085143],[38,126,39,11,119,48,24,97,265]
xQA8YYQ8wX_LzYaAdqqhfg,33.5397954,-111.9277893,2,[33.4955785,-111.9331869,33.5840123,-111.9223917],[182,48,140,11,38,143,39,205]
no0vOSxvvQ62UFCZi0faOA,33.3204545,-111.8416072,1,[33.3204545,-111.8416072,33.3204545,-111.8416072],[44,11]
drYhWK0W7vE5fq4QQ4S3RA,33.55812415,-111.944109,31,[33.492335,-111.96828,33.6239133,-111.919938],[48,11,141,345,6,38,99,39,40,28,17,29,352,26,161,195,65,265,185,84,346,23]
QgJ_ZCD4K_EXwiI1Jo97UQ,33.528703500000006,-112.00045700000001,16,[33.379553,-112.071313,33.677854,-111.929601],[119,11,108,7,38,109,39,6,45,65,148,204,139,423,247,201,57,327,137,8]
aH33o2gwwbj75O3ZEvxV2A,33.448685,-112.012634,1,[33.448685,-112.012634,33.448685,-112.012634],[168,144,11]
ff8zo5LsM0x8iuoPmKNrMg,33.41331055,-111.91808325,6,[33.3478272,-111.9259092,33.4787939,-111.9102573],[224,182,11,309,119,285]
YmLJ9FrlbnfZx_WS9MC_IA,33.6235418,-111.9255447,1,[33.6235418,-111.9255447,33.6235418,-111.9255447],[33,11]
IUv1edGCUz8rh9bQ6Tnyeg,33.43475,-112.00644,200,[33.43475,-112.00644,33.43475,-112.00644],[28,170]
Kum4rrB2ZBGWXmlOXTTq9w,33.5341958,-112.2667095,2,[33.5341958,-112.2667095,33.5341958,-112.2667095],[6,372]
96NdxuEOrQ617jxKQR1q1Q,33.5386441,-112.0986063,8,[33.5386441,-112.0986063,33.5386441,-112.0986063],[26,11]
mKTsA1WK5pWuo-dCdtbQSw,33.5096045,-112.0257401,4,[33.5096045,-112.0257401,33.5096045,-112.0257401],[126,11]
Ac2Q1vJvJwudYOalYwSH9A,33.606651902329,-111.84298106206,58,[33.606651902329,-111.84298106206,33.606651902329,-111.84298106206],[322,28,57,190]
cRbevVHmbBu7ZostyYVs0Q,33.457791549999996,-112.00867685,12,[33.3702541,-112.043169,33.545329,-111.9741847],[265,11,26,17,18,49,445,66,52]
pQ6ij6cOBRB3yJGHbVZHUQ,33.40492205646105,-111.8093734,180,[33.3003980129221,-112.0736348,33.5094461,-111.545112],[7,33,44,142,11,30,8,13,6,110,224,162,251,108,218,41,72,154,48,35,76,4,100,425,36,138,139,43,26,196,15,191,28,170,239,129,332,79,98,208,157,103,119,24,96,71,292,42,63,27,434,265]
5t7U1MR5ZDj8q-Yu1dpioA,33.2978958471554,-111.901983492615,4,[33.277061,-111.94338798523,33.3187306943108,-111.860579],[43,11,177,140]
50mJpgBBdvDg6dUItRDM1w,33.4346825157367,-111.994403600693,19,[33.4346825157367,-111.994403600693,33.4346825157367,-111.994403600693],[39,38,99,128,11]
y33oY9hpH7lBp_uYZv_Kjg,33.360804,-111.859837,61,[33.360804,-111.859837,33.360804,-111.859837],[63,27,11]
4YLJa1iteiOjg4VV-P_haQ,33.530869,-112.053815,5,[33.4211681,-112.165116,33.6405699,-111.942514],[421,65,26,11,119,120,177,140]
lL6iZch0phN5x5swRpYhGg,33.6379578,-112.0135011,1,[33.6379578,-112.0135011,33.6379578,-112.0135011],[129,332,278,79]
QP_uJlPFPLZwhmFzeu8gCw,33.496175,-112.020561,1,[33.496175,-112.020561,33.496175,-112.020561],[65,133]
ww4tnUvfr0yMPc29D58bCg,33.5390902,-112.1728635,2,[33.5390902,-112.1728635,33.5390902,-112.1728635],[84,336]
IsysDvB1ZovwbzjJsHhJOw,33.5530978,-112.1764676,2,[33.5530978,-112.1764676,33.5530978,-112.1764676],[93,3]
la_plQoT-Z2Wcuq5YB9YkA,33.552114,-112.056705,1,[33.552114,-112.056705,33.552114,-112.056705],[6,45]
SPOrG9DsDpVTyQpF7Fm0kA,33.4138365,-111.970937,2,[33.37844,-112.065458,33.449233,-111.876416],[27,11,251]
9HytwF9I6Pa5Jju497GNhg,33.305824,-111.991311,21,[33.305824,-111.991311,33.305824,-111.991311],[43,11]
RJo9MudNLQpEuaV574Zblw,33.6241241,-111.9307637,16,[33.6241241,-111.9307637,33.6241241,-111.9307637],[168,265,11]
Q_dWJinI0LJIWy8DTLJoVA,33.44906,-111.925621,1,[33.44906,-111.925621,33.44906,-111.925621],[446,11]
WF1-YUaltl_6MM-MDd7nuw,33.444815399999996,-111.95097430000001,5,[33.379424,-112.0272041,33.5102068,-111.8747445],[337,32,99,11]
s6s9Y7uJgNY8SOU77cYO1Q,33.4656565,-111.9728452,1,[33.4656565,-111.9728452,33.4656565,-111.9728452],[218,219,11]
zsJzAdwqf2cQV83y2gkTzQ,33.4950535,-111.9958183,2,[33.4950535,-111.9958183,33.4950535,-111.9958183],[11,27,63]
QsH16ZX2A7LWz6vywsU47g,33.5006532,-112.0739689,2,[33.5006532,-112.0739689,33.5006532,-112.0739689],[27,63,24,11]
S1AgpteCxBkJNvdrkO7e_Q,33.581511,-111.879218,2,[33.581511,-111.879218,33.581511,-111.879218],[212,43,11]
mBPOERi6D4z4A0JSuRgH-g,33.37251515,-111.8955206,4,[33.3373133,-111.950803,33.407717,-111.8402382],[224,11,181,182]
ax7G0o1WOIJPsIK3_k_TSA,33.5457638,-112.0833351,7,[33.509702,-112.1241562,33.5818256,-112.042514],[15,25,6,33,99,44,11,26]
taqNNj59JWgmU_tEfwrd7g,33.5435126192857,-111.9266473121275,8,[33.5061904385714,-111.9268582,33.5808348,-111.926436424255],[48,11,33,307]
TFu1Nl3yGpaWbZOpaEipqw,33.638793,-112.398055,1,[33.638793,-112.398055,33.638793,-112.398055],[27,11]
17gsCuBxVzxISGAPrG9-vw,33.67615495,-112.00343351165,7,[33.6400649,-112.101899,33.712245,-111.9049680233],[212,43,11,44,127,7,8,26,117,142]
jURw0h2uctw-vMXwJ3bQrQ,33.33312215,-111.85927964999999,7,[33.3022008,-111.8774978,33.3640435,-111.8410615],[27,11,119]
-eBbTS6AhDEeLPCTBvXTxg,33.335523,-111.908287,10,[33.2475,-111.937394,33.423546,-111.87918],[48,11]
GsVbwBYcd_77RobtFlc-og,33.4548476,-112.0800705,2,[33.4548476,-112.0800705,33.4548476,-112.0800705],[63,27,24,11]
X0FVi6N8nmx-XDrZV935HQ,33.5560781,-111.8987064,2,[33.5560781,-111.8987064,33.5560781,-111.8987064],[39,38,26,127,11]
2kwlCDVcav0CDxF7MQQC3w,33.7110102,-112.1142778,1,[33.7110102,-112.1142778,33.7110102,-112.1142778],[123,65]
Fo-knRhyy3GeEGUxOgE56w,33.585638,-111.926418,1,[33.585638,-111.926418,33.585638,-111.926418],[13,6,4,22,12,160]
AU-LgvAdIcjkrlQLQdLzqg,33.34927,-111.822446,2,[33.34927,-111.822446,33.34927,-111.822446],[33,11]
OjBJwKYlBOyeFpMhM2sZHQ,33.5759106,-112.06531,3,[33.5759106,-112.06531,33.5759106,-112.06531],[78,79]
-n8xQqZuNy8jHvaeEB3KdQ,33.39557515,-111.867546,7,[33.3220187,-112.0475116,33.4691316,-111.6875804],[224,11,26,71,72,212,361]
cH95BIizxLqdkUBviYn8yA,33.50201,-111.9313599,31,[33.50201,-111.9313599,33.50201,-111.9313599],[265,11]
mO4NKWwDYhZWcGt4ZdhTIQ,33.7806577729887,-111.923919447631,1,[33.7806577729887,-111.923919447631,33.7806577729887,-111.923919447631],[119,48,11]
I8ZzPsgoR4q-C0dstGzBTg,33.5963383,-112.1515875,1,[33.5963383,-112.1515875,33.5963383,-112.1515875],[49,4,5,6,367]
-j235MyR3UtGFN6UOHRPiQ,33.425938,-111.940346,3,[33.425938,-111.940346,33.425938,-111.940346],[11,377]
IvT2oMfYzNCnyCLF0gxXhg,33.597361,-111.9813513,2,[33.597361,-111.9813513,33.597361,-111.9813513],[63,27,11]
ZrgoyNBElvOn_2GRZOL0SA,33.48285875,-112.0350101,15,[33.463308,-112.074519,33.5024095,-111.9955012],[109,38,48,39,11,7,8,119]
BatP9LqtEkiww0owJIf_jg,33.621505,-111.897898,5,[33.621505,-111.897898,33.621505,-111.897898],[99,26,11]
hnIG4GstFnhgNWCeXN-UVQ,33.4417383,-112.1274545,7,[33.414345,-112.341878,33.4691316,-111.913031],[218,41,11,126,97,192,26]
0Q0EhcIbw7UH2e56S-C34w,33.47156237328965,-111.92631131232051,12,[33.4342595,-111.9276185,33.5088652465793,-111.925004124641],[48,11,27,63,161,28,65,17,29,24,99]
c1TSab7ozrGRvP8ZZluAcQ,33.430721750000004,-111.9400857,4,[33.424778,-111.9403254,33.4366655,-111.939846],[177,140,11,285,185]
89fJ3Mox4eANx0aq9JMsbg,33.497568,-111.929223,2,[33.497568,-111.929223,33.497568,-111.929223],[109,38,48,39,11]
xV59HB14hq4XTecr3dFibw,33.412533999999994,-112.00011935,23,[33.3156591,-112.0915007,33.5094089,-111.908738],[39,38,99,128,11,182,172,43,251,382,12,114,13,6,41,400,119,26,7,108,109,27,63,32,95,222,61,101,88,40,48,465,57,145]
mUCR0b2lmb9Bl39XxlXiyQ,33.466844,-111.910314,2,[33.466844,-111.910314,33.466844,-111.910314],[208,130,6,32,35]
zkhOTlhe6dn-jrwDpYDN6Q,33.4037286,-111.87302709039,43,[33.2614572,-111.99153418078,33.546,-111.75452],[7,108,150,17,130,32,109,38,11,39,63,64,65,12,13,6,22,28,29,181,229,126,97,99,166,27,8,45,48,36,47,112,252,253,254,139,98,375]
sDUxeP6PMb9mM_YJwnMtSQ,33.37877615,-111.9377463,12,[33.2475,-111.9963126,33.5100523,-111.87918],[48,11,206]
rrn9CCoFPUXDReXgaKrPqw,33.42304665,-111.93196585000001,54,[33.4203823,-111.94047,33.425711,-111.9234617],[38,7,47,39,48,128,11,101,26]
aAnfQmoeM0fu8MYqrXln2w,33.6397919,-112.1328393,1,[33.6397919,-112.1328393,33.6397919,-112.1328393],[64,123,65]
DxseHAqulXWGVbM9qzYP7w,33.65803865,-111.9571492,13,[33.4951403,-111.991453,33.820937,-111.9228454],[48,11,26]
WVvu15Qem7gpNOzCpYc0Pw,33.6043845,-111.98849905,11,[33.5834449,-112.036653,33.6253241,-111.9403451],[7,9,10,11,6,32,302,110,1,141,265,142,177,140,43]
Gmkdv6CHbTQD2kD8TO15-A,33.425938,-111.940346,1,[33.425938,-111.940346,33.425938,-111.940346],[11,377]
WOZCIjrPdifV_lK5attcKw,33.4382789,-112.0178286,88,[33.4382789,-112.0178286,33.4382789,-112.0178286],[117,11]
DM1wEKOElT5PUQFLbLB2Tg,33.4601095,-111.9358195,197,[33.421303,-111.95467,33.498916,-111.916969],[308,54,195,65,373,97,11,49]
go6w7l3vM7geJYOH-hcCfg,33.378763000000006,-111.8723085,8,[33.2475,-112.024174,33.510026,-111.720443],[39,439,26,11,84,147,48,49,367]
BBxOv0Tu8cWixBZZze1jVA,33.37860175,-111.96705785,3,[33.3780766,-111.977079,33.3791269,-111.9570367],[26,11,65,133]
gIiwc1bXjvUCgUkPtGDyMA,33.492335,-111.9236549,6,[33.492335,-111.9236549,33.492335,-111.9236549],[38,99,39,40,11]
DKo11GrKGbqRNTL58_FeuA,33.60146,-112.13247115,5,[33.5612589,-112.1648254,33.6416611,-112.1001169],[119,120,11,251,48,185,26]
Zz5RgDK7cOtvMxuQ22yDqQ,33.5763578,-112.01642665,200,[33.4820996,-112.1240864,33.670616,-111.9087669],[49,320,321,193,59,48,11,13,6,115,26,28,17,29,7,142]
vN1RCsJNdo060S92Wt8-dA,33.422728,-111.951494,11,[33.422728,-111.951494,33.422728,-111.951494],[88,38,39,89,11]
5Gbcv2fJ4AeWCKvjSNWdnQ,33.5381496,-112.0051723,8,[33.4653362,-112.0827836,33.610963,-111.927561],[120,11,38,39,40,109,140]
gtpjcrD7A9nIBJEoZjRKMg,33.4556584,-112.0719926,2,[33.4556584,-112.0719926,33.4556584,-112.0719926],[38,181,39,40,11]
nGuemQk8wCFyohPz3Z-big,33.35389685,-111.9028462,18,[33.2748213,-111.945477,33.4329724,-111.8602154],[182,48,140,11,43,38,7,47,88,39,108,27,142,8,44]
j2SBOljApc1Day7cBlHprw,33.4634535,-112.18281250000001,2,[33.435787,-112.286544,33.49112,-112.079081],[39,26,11]
wGRfYaLm-T59MnSNDHzkAA,33.666586,-112.203627,200,[33.666586,-112.203627,33.666586,-112.203627],[43,11]
xPhcdZmurDcI9RMmob60sA,33.518558549999995,-112.02011805000001,14,[33.3633494,-112.1204191,33.6737677,-111.919817],[7,47,39,38,99,128,11,43,126,41,212,145,57,88,298]
rS8JvPfdmPF92wxSj1gcRg,33.6327037,-112.01955115000001,2,[33.4654569,-112.127874,33.7999505,-111.9112283],[99,11,7,139,416]
IMtvhpkHnPYtF1f4Bjuwbg,33.6556844,-111.9300279,4,[33.6556844,-111.9300279,33.6556844,-111.9300279],[26,11]
gbcEGqRY-JCTOdErPK2hSQ,33.45244705,-111.9886971,3,[33.4088426,-112.0471014,33.4960515,-111.9302928],[38,11,39,63,26]
BrvL6cErKc7hN6985PYWIA,33.446941100000004,-111.88019059999999,3,[33.442375,-111.955643,33.4515072,-111.8047382],[140,11,44,127]
mU8qFkqG3fwP_KdyAdwyRA,33.4951366,-112.0012318,2,[33.4951366,-112.0012318,33.4951366,-112.0012318],[48,11]
j3CFTy0-A8UgNqtKyOfMwg,33.494459,-111.9953287,14,[33.494459,-111.9953287,33.494459,-111.9953287],[38,99,88,39,40,11]
9uZJu_KJZPTHp2EsK-o3MA,33.459613,-112.357458,52,[33.459613,-112.357458,33.459613,-112.357458],[99,11]
EkUzeQxt2bTsl16OsFgiQg,33.304703,-111.981558,2,[33.304703,-111.981558,33.304703,-111.981558],[26,11]
sNek-w3xKlwit6q_JpnT7Q,33.51719615625795,-111.906757,23,[33.407088,-111.926908,33.6273043125159,-111.886606],[63,27,11,26,7,108,126,97,251,43,119,48,24,195,65,57,69]
ovOWuEPp7s21uq2zYaK7OQ,33.555520387118,-111.89160140000001,21,[33.392989774236,-112.1117298,33.718051,-111.671473],[27,11,49,178,7,36,119,201,63,168,265,190,4,6,28,127,142,98,10,9]
ZBdgM5B8LAeUTME2mC9hWw,33.3021074,-111.8420649,1,[33.3021074,-111.8420649,33.3021074,-111.8420649],[224,11]
-nUaCb4uYRaPy0yv67R7cQ,33.56965935,-111.90999719999999,200,[33.5546172,-111.9257372,33.5847015,-111.8942572],[99,11,38,128,39]
nsK4esPHN5W3n_Lwv2Hy3w,33.48556465,-111.9857317,35,[33.4787943,-112.0478085,33.492335,-111.9236549],[26,11,38,99,39,40]
zcaCmSNPkeBa7PCK5V31WQ,33.33885865,-111.77970635,33,[33.2854543,-111.8413367,33.392263,-111.718076],[112,6,254,134,135,7,137,8,139,36,77,35]
rOEgC-_M8846n7JPUfgmsA,33.37743805,-111.97594165000001,4,[33.306499,-112.0740373,33.4483771,-111.877846],[261,54,55,122,256,224,11]
QftO55A_suvRu4UoJSh97A,33.4346646089965,-111.994210481644,1,[33.4346646089965,-111.994210481644,33.4346646089965,-111.994210481644],[48,11]
X3y6Z8cu6A3YgsZ2RYu1Nw,33.612676300000004,-112.0394555,9,[33.5846927,-112.0677151,33.6406599,-112.0111959],[26,11,27,43,63,7,162,48]
EgTOKpghnD-2VGMQio4Mow,33.321266,-111.911648,1,[33.321266,-111.911648,33.321266,-111.911648],[43,11]
RmVlnkfmNwsHiPIuOU5qXg,33.50240665,-112.03805455,7,[33.4949416,-112.0741143,33.5098717,-112.0019948],[7,109,38,39,36,119,24,11,108]
OWBC1QWJCPlrTbJjUWFEBQ,33.2614572,-111.8830248,5,[33.2614572,-111.8830248,33.2614572,-111.8830248],[48,11]
9HtNyGDCC4O7NRPKdmRarA,33.538748,-112.064759,12,[33.538748,-112.064759,33.538748,-112.064759],[99,26,11]
jaYeHnr9h_3QzJgq3LPqyg,33.547516650000006,-111.97493349999999,11,[33.4950947,-112.024174,33.5999386,-111.925693],[38,11,128,293,39,168,48,126,97,63,27,43,265,483]
8AT9WSphWIIC2k8lh__izA,33.595574,-111.89156975,56,[33.44906,-112.0653185,33.742088,-111.717821],[265,126,97,11,64,65,57,69,48,38,39,99,61,13,6,331,109,210,155,54,156,84,147,21,7,47,36,27,212,293,446,204,133,10,24,63,128,149]
viDjDVxrMI1VKRzz-fJsjw,32.974883,-111.524173,2,[32.974883,-111.524173,32.974883,-111.524173],[11,27,63]
A6CQFZCXLxkxiuXlimB0zw,33.6368734,-111.8854724,5,[33.6368734,-111.8854724,33.6368734,-111.8854724],[20,499,23]
gZ_IUieCIVtB1pRaIGG9pg,33.3545993,-111.7898391,7,[33.3545993,-111.7898391,33.3545993,-111.7898391],[119,99,11]
-2Be-3ceNndWD6PmQOLG6Q,33.4827935,-112.34343395,12,[33.449235,-112.3460033,33.516352,-112.3408646],[7,9,12,30,13,6,118,108,8]
Aj3yUlDRle_VPMQP9UV5Ng,33.4904849,-112.00011365,5,[33.4716326,-112.0739142,33.5093372,-111.9263131],[265,48,11,212,63,97,168,181,229,99]
7ORFY5pMpeCuc7a9ta4dTA,33.5819824,-111.9248666,1,[33.5819824,-111.9248666,33.5819824,-111.9248666],[26,11]
EQg06zguYjudJKeu4zjHAQ,33.500545,-111.9264093,27,[33.500545,-111.9264093,33.500545,-111.9264093],[33,38,48,39,11]
j6lJ7RJTkSPwCupDAINGcQ,33.4770236,-112.073629,2,[33.4770236,-112.073629,33.4770236,-112.073629],[109,38,48,39,11]
ZkNzbXHYIBTByB-OsUwxSg,33.5024095,-111.9955012,87,[33.5024095,-111.9955012,33.5024095,-111.9955012],[7,8,119,11]
uB3wr0H0sOesP3dbkeH42A,33.461265299999994,-112.0509945,12,[33.4556584,-112.0719926,33.4668722,-112.0299964],[210,11,38,181,39,40]
a4pWOV5l79M11lxLU_z8Fw,33.498028,-111.927951,2,[33.498028,-111.927951,33.498028,-111.927951],[352,48,11]
OHSY29xNXlsfLKyZWWR2ZQ,33.5017759,-111.97939055,4,[33.494262,-112.0364736,33.5092898,-111.9223075],[169,11,192,38,126,39]
EMgHb1vT7aSrEp6QCjXxMQ,33.3914585,-111.9552,200,[33.272043,-112.0772,33.510874,-111.8332],[28,240,241,190,7,247,46,6,27,11,224,170,49,265,146,13,115,372,17,29]
3VFZMwmchYWnDSiq6kPiDw,33.6003906,-112.0134399,1,[33.6003906,-112.0134399,33.6003906,-112.0134399],[6,155,54,156]
6-JHLo0AaOvjuwLY6H3q3g,33.4953442,-112.0141559,1,[33.4953442,-112.0141559,33.4953442,-112.0141559],[84,125]
j5LhNoDOO5BVNzJgdPHH5g,33.581877,-111.925123,8,[33.581877,-111.925123,33.581877,-111.925123],[27,11]
nA-A_XSPz3S5dqtRnZYuPA,33.4659912735871,-112.081645131111,1,[33.4659912735871,-112.081645131111,33.4659912735871,-112.081645131111],[33,24,11]
is6lYSiAktUMeadTBxGKaw,33.5391796554639,-111.923670625261,83,[33.5391796554639,-111.923670625261,33.5391796554639,-111.923670625261],[98,7]
YnD2sTLlqG-Xvh8muioynQ,33.345003000000005,-111.80384749999999,8,[33.265725,-111.924088,33.424281,-111.683607],[65,133,43,11,119,120]
bbHAzHhG6fJ3JctVb4IeoA,33.5830387,-111.9267428,2,[33.5830387,-111.9267428,33.5830387,-111.9267428],[177,140,11]
zaYH1chP4pxGpltOCgzPGA,33.5675,-112.1674755,1,[33.5675,-112.1674755,33.5675,-112.1674755],[6,100]
GFaVlrfrJKh0OwfAjvcNYA,33.6520805,-112.02399199999999,70,[33.636322,-112.125528,33.667839,-111.922456],[265,11,99]
08ysiS4_oe0nFHdoyNtj4Q,33.62639875,-111.98745235,2,[33.6117382,-111.9969697,33.6410593,-111.977935],[11,63,27]
p9IgjDfazCfaytzP3auprg,33.4804921,-112.0221966,150,[33.4804921,-112.0221966,33.4804921,-112.0221966],[11,63]
4-5tKXVbnCEy9NTlufj3pA,33.333119,-111.841031,1,[33.333119,-111.841031,33.333119,-111.841031],[32]
PYTWRyvms1MuP3iyAe80HA,33.461822350000006,-111.92331784999999,6,[33.421663,-111.937394,33.5019817,-111.9092417],[10,11,177,140,26,48]
h88uEsrXNPSf87XqFypzLA,33.594581250000005,-112.0642864,19,[33.4740662,-112.2014742,33.7150963,-111.9270986],[43,11,7,138,139,140,26,17,18,38,57,109,209,39,185,10,24,63,99]
KdJBVfIz0j2bfRRVMfir2w,33.304775,-111.947948,1,[33.304775,-111.947948,33.304775,-111.947948],[33,11]
dlSyUTieDjoIOYzGM0vtBg,33.5478355,-112.0474569,22,[33.5478355,-112.0474569,33.5478355,-112.0474569],[28,17,29]
v4taYIkLwdnkM8dONdw8-g,33.475371,-112.048271,5,[33.475371,-112.048271,33.475371,-112.048271],[26,11]
u3QiTGNcXI8Ow5sAZLGzRA,33.41398155,-111.98926555,3,[33.317906,-112.0143931,33.5100571,-111.964138],[195,65,26,11]
8yte9zG3WWztK4rLRPnGXA,33.5024987,-111.9258947,5,[33.5024987,-111.9258947,33.5024987,-111.9258947],[7,292]
JxKHfSiUsCl0djbv1x7uWw,33.43475,-112.00644,200,[33.43475,-112.00644,33.43475,-112.00644],[28,170]
3WkO1u_5SQAvuyOfKbkCmw,33.497615,-111.927405,13,[33.497615,-111.927405,33.497615,-111.927405],[38,39]
Cys_EANL0zJ0WZfU25Pg7A,33.504217999999995,-112.0718437,3,[33.498858,-112.0835024,33.509578,-112.060185],[63,27,11,168,181,229,119]
fEvspU2v4_c8Hy7hRIlIFw,33.4576266,-112.0474748,1,[33.4576266,-112.0474748,33.4576266,-112.0474748],[168,26,11]
KsoRyqPvx77lbd-2mz-8Qw,33.444801984944,-112.07211772211,3,[33.444801984944,-112.07211772211,33.444801984944,-112.07211772211],[38,99,39,128,185,11]
a187bUNv5SBJrrZGzlCvLw,33.5100398,-112.0146407,2,[33.5100398,-112.0146407,33.5100398,-112.0146407],[33,38,39,11]
UF6srzfpGkoQK3EtRZ1Vqg,33.497828,-111.927267,44,[33.497828,-111.927267,33.497828,-111.927267],[109,38,201,39,11]
KcMuCXtaOYV-LHcl5YsDgQ,33.60304885,-111.9103259492575,4,[33.58256,-111.926204898515,33.6235377,-111.894447],[26,11,27,99,307,212,43]
7ZnnQWM3um7FjvOmcAVvGw,33.636322,-111.922456,6,[33.636322,-111.922456,33.636322,-111.922456],[265,11]
fO2Wrz-Ymk-bDeVjeYjqtQ,33.456938,-112.00238300000001,41,[33.422756,-112.079081,33.49112,-111.925685],[28,17,29,7,142]
FpS0ds5K5WJe1hemySSiUQ,33.3714615,-111.92819850000001,11,[33.321266,-111.944749,33.421657,-111.911648],[224,11,43]
j5lkQb6MjTWijcIqdGmykQ,33.545458999999994,-111.99739149999999,4,[33.4961,-112.065439,33.594818,-111.929344],[63,99,11]
NY_U_tJnqPwDomuOxywq2g,33.4062495,-112.04749805,12,[33.302286,-112.081444,33.510213,-112.0135521],[84,346,54,55,122,129,78,278,79]
XiHx6-Sg9aCu0XrEfeNJ-w,33.405369,-112.0032815,25,[33.361505,-112.065458,33.449233,-111.941105],[27,11,99,26,129,278,79]
0IRaNnqJUp06E4uHORiPew,33.529904736437246,-111.92517801450501,3,[33.4930044,-111.92547082901,33.5668050728745,-111.9248852],[38,48,39,11,224]
c2DwPASBVf2zicDaQuHhlg,33.511525,-112.055538,4,[33.511525,-112.055538,33.511525,-112.055538],[108,7,38,39,11,24]
y6bJDFjE8V413I826E87Mg,33.4233639,-112.2260121,7,[33.4233639,-112.2260121,33.4233639,-112.2260121],[43,11]
jZhCdXqkJe_LQXG40D8U3Q,33.4849415,-112.1340625,127,[33.445899,-112.221145,33.523984,-112.04698],[161,65,133,57,228,265,11,340]
PChW70fcOcV4IYgiwomYqg,33.5713643,-112.02515410000001,15,[33.5024095,-112.054807,33.6403191,-111.9955012],[6,155,54,156,27,11,7,8,119,175,129,79]
ffimHaMkz4OumNcqRJCslg,33.429487,-111.900432,13,[33.429487,-111.900432,33.429487,-111.900432],[12,114,13,6,22]
YDlAD4WTn7NvtM5vRd0xjw,33.1002831,-111.85934715,4,[32.8796747,-111.9686247,33.3208915,-111.7500696],[168,11,63]
tXn7cnHK-8ZNI1-2CaEGMQ,33.446581,-111.93345365,4,[33.392617,-111.940498,33.500545,-111.9264093],[33,38,48,39,11,27,57,145,101]
qmgRCPxDVSZoH3IFcCgwpg,33.63357555,-112.15006165,7,[33.5520548,-112.1864245,33.7150963,-112.1136988],[33,117,24,11,99,120,26]
8r5J5JI5RnkVC9LwuqI5VA,33.5384031,-111.8888034,1,[33.5384031,-111.8888034,33.5384031,-111.8888034],[49,80,82,59]
UC_iXu6YhDPRRxpcdlG-Gw,33.425824,-111.938976,31,[33.425824,-111.938976,33.425824,-111.938976],[28,17,29]
1qY3Pj9MNXIw8tfvwPVOuQ,33.475036,-112.065649,1,[33.475036,-112.065649,33.475036,-112.065649],[84,147]
JnAGZh7rjuz-6nKXitHUwA,33.60339845,-111.9687409,38,[33.425617,-112.091694,33.7811799,-111.8457878],[24,11,63,27,72,154,38,140,39,40,48,26,33,117,99,7,98,10,9,43,128,296,265,126,97,202,168,36,8,142,44,201,292,134,135,236,103]
qSUsCjbpAt8AW0WGRTpafQ,33.495295,-112.084462,3,[33.495295,-112.084462,33.495295,-112.084462],[6,70]
rWhikEEkC8iuc5DFlTHXVA,33.451279,-111.902986,3,[33.319395,-111.931007,33.583163,-111.874965],[182,48,140,11,26]
rQbZmDvlo8FlWlTsoRpogw,33.640347560124,-111.969566345215,1,[33.640347560124,-111.969566345215,33.640347560124,-111.969566345215],[117,11]
9fnXHJFZ3b7tKMO7kbvpXQ,33.413158,-111.875779,3,[33.413158,-111.875779,33.413158,-111.875779],[196,11]
_IBWSXocgmX-m20Dm4m2YA,33.498028,-111.927951,17,[33.498028,-111.927951,33.498028,-111.927951],[352,48,11]
-szu3WmllLCuq8oIXr7Vew,33.30441985,-111.9106448,3,[33.303233,-111.9787576,33.3056067,-111.842532],[7,33,48,47,11,63,27]
2fcMkfHqosP8tN1k69xGZA,33.29103849226645,-111.8927471354875,44,[33.2454981778683,-111.9434616,33.3365788066646,-111.842032670975],[7,26,11,224,296,126,97]
Mm4KdQ-cU_5i9lvwBeKjmg,33.43329015,-112.02100695,19,[33.331655,-112.1847509,33.5349253,-111.857263],[38,26,39,11,288,32,33,119,99,7,8,63,27,24,88,89]
mrzaMop-aLuoYvYCtCNUAw,33.383949,-111.843786,1,[33.383949,-111.843786,33.383949,-111.843786],[119,99,11]
vttHEN3o5UKLOOoEX8NmEQ,33.493755982851496,-112.06685432087,4,[33.477933965703,-112.07352364174,33.509578,-112.060185],[224,11,63,27]
_UJjAun37KxkCoj40H5w8A,33.5222185,-111.9595033,14,[33.5222185,-111.9595033,33.5222185,-111.9595033],[48,11]
2cOdd42c9Wu9p0RCjO7PwQ,33.42135,-111.924806,2,[33.42135,-111.924806,33.42135,-111.924806],[38,422,39]
43sA9Kvf-EngIzmBgztSOA,33.46662180625795,-111.88078329999999,16,[33.3059393,-111.9019797,33.6273043125159,-111.8595869],[224,11,26,7,137,8,139,108,177,140,57,69,48]
TFtyj0Cx_gpBi1yFDKccmA,33.535179299999996,-111.9626145,200,[33.4146742,-112.011827,33.6556844,-111.913402],[38,7,47,88,39,48,11,28,17,29,142,170,99,40,251,128]
CJOjw2P9zkPxOnnmrY6KjA,33.498492049999996,-112.0314553,35,[33.3183691,-112.1868299,33.678615,-111.8760807],[65,133,26,11,7,47,48,57,470,145,39,38,140,40,126,97,106,54,226,265,212,128,99,49,193,59,119,63,9]
vsfejX00HkDaK1c6SKLRUg,33.5091313,-112.0283059,3,[33.5091313,-112.0283059,33.5091313,-112.0283059],[38,265,39,11]
AKfF9LglCfrV6SKoIDgnOA,33.531071499999996,-112.0028106,3,[33.4492,-112.0739142,33.612943,-111.931707],[7,292,232,168,181,229,11,214,239]
4CRRRdBh0xyFm3J9csBnvQ,33.3702541,-111.9741847,1,[33.3702541,-111.9741847,33.3702541,-111.9741847],[265,11]
JUA6gu6bImuTz0z1ck4jNw,33.5092093,-111.9885861,3,[33.5092093,-111.9885861,33.5092093,-111.9885861],[7,108]
iiTafVf2xjSIda4vseuBDw,33.51887755,-111.9037874,9,[33.4973896,-111.9223075,33.5403655,-111.8852673],[39,205,212,361,11]
7WO1DSyx-0FP0cBkaCISAA,33.53920515,-111.94075425,38,[33.422728,-111.951494,33.6556823,-111.9300145],[88,38,39,89,11,212]
u11icoOGFVk0am2zZOa63w,33.4487332824975,-111.8381574,10,[33.31081,-111.9043028,33.586656564995,-111.772012],[33,11,27,7,63]
3N0Cxtq2GedTlDIEVnITmQ,33.6782379,-112.1012912,1,[33.6782379,-112.1012912,33.6782379,-112.1012912],[84,336]
1ronkAT39CKcOGcfCkY24A,33.54476503898085,-111.9911323,6,[33.5086952779617,-112.0737503,33.5808348,-111.9085143],[126,97,11,33,48,307,63,109,38,210,39,99]
ZW8jy6ehrNzn9A5iCubVGg,33.47445385625795,-111.93358475,129,[33.3216034,-112.0764371,33.6273043125159,-111.7907324],[99,126,11,224,119,30,13,6,88,38,39,89,57,145,27,212,293,26,49,387,48,109,7,36,138,8,139,24,69,33,56,182,140,63,273,229,311,101,128,341,274,448,47,108,251,117,44,296,313,104,161,195,65,265,146,205,40]
k7YDps7gTnXpJh2930CGhA,33.304138,-111.978392,2,[33.304138,-111.978392,33.304138,-111.978392],[54,55,122]
Tp_uzGaPW_BfpmmUfLJWkw,33.5025941,-111.9296765,49,[33.5025941,-111.9296765,33.5025941,-111.9296765],[6,21]
fZeqhyoQGxM6yOJoetne6Q,33.62683725,-112.1047233,3,[33.4548476,-112.1293761,33.7988269,-112.0800705],[63,27,24,11,7,10,9]
1S8t-3UDtP6yNg260NYRlw,33.4922985,-111.9245517,2,[33.4922985,-111.9245517,33.4922985,-111.9245517],[210,11]
ODmAwk74wipFEfE4gYBrRQ,33.45498535,-111.89527625,3,[33.415073,-112.0637645,33.4948977,-111.726788],[311,11,27]
bpgpImWo7JBvZGJCN33mSQ,33.528919450000004,-112.05912655,24,[33.4194512,-112.2023271,33.6383877,-111.915926],[340,11,49,6,65,193,59,7,142,108,26,145,57,39,63,48,38,47,88,80,168,181,229,54,55,122,224]
zVe0Y8-mDaEnzTmGhEIeZA,33.5820409,-112.008269,7,[33.5820409,-112.008269,33.5820409,-112.008269],[44,27,11]
07DuXfx_cHHvFu-fXaxnuQ,33.319395,-111.874965,4,[33.319395,-111.874965,33.319395,-111.874965],[26,11]
