68SHfu7JolE6Hv0IlgR46Q,33.511257099999995,-111.96120595,8,[33.422788,-111.9872563,33.5997262,-111.9351556],[149,229,11,48,126,97]
-pRu0LLTjqlO0KBB9aBC4Q,33.52208516376755,-111.96693808188499,64,[33.5219518275351,-111.97437286377,33.5222185,-111.9595033],[49,445,66,52,48,11]
dmA9WXRqn0q82Cu_NBtWeQ,33.656005,-112.09836,2,[33.656005,-112.09836,33.656005,-112.09836],[126,43,11]
aIoobaKvshFQQDuguEL3_Q,33.67086635,-111.9864806,17,[33.5095354,-112.0275918,33.8321973,-111.9453694],[26,11,33]
0Sunr838_CEnkDRSAgaz3Q,33.530477399999995,-112.06969755,37,[33.4222653,-112.2194127,33.6386895,-111.9199824],[28,170,44,26,11,7,98,10,9,218,119,99]
yvp57xTEnhcEbS4nChmL5A,33.4959315,-112.05337499999999,2,[33.382376,-112.181293,33.609487,-111.925457],[54,324,308]
zTQbHRPjm2W4O8wiOeXU_A,33.53450905,-111.9693694,166,[33.530171,-111.974566,33.5388471,-111.9641728],[7,148,48,201,11,63,99]
3NE2qQKlMwBZdRo0c_4stA,33.4971465,-112.11012249999999,5,[33.455036,-112.181569,33.539257,-112.038676],[8,7,138,139,192,323,11,251,6,284,35]
BVQP3zD7rMh2P8GHc3MVEA,33.492381,-111.9259469,6,[33.492381,-111.9259469,33.492381,-111.9259469],[265,48,11]
2QsE1xfhbTq3WE_1RRklqQ,33.622131,-112.031243,2,[33.622131,-112.031243,33.622131,-112.031243],[64,65]
LJrzY0BN_OT4NplaVUk6Hg,33.375600250000005,-111.9713854,3,[33.373465,-111.971852,33.3777355,-111.9709188],[158,28,48,11,26]
7qOHh3SAk46xguy6YdP2hQ,33.407162534253,-111.90964874703,31,[33.407162534253,-111.90964874703,33.407162534253,-111.90964874703],[117,11]
3m0aWTZ7DVdJzRAkPUXizA,33.56139355,-112.0006215,14,[33.494459,-112.07454,33.6283281,-111.926703],[39,212,126,293,11,14,15,6,97,182,48,140,38,99,88,40,61,13,7,108,27]
Ymj5R76FfqX1YJJ8TdlfiQ,33.2976955302097,-111.901330947876,19,[33.2976955302097,-111.901330947876,33.2976955302097,-111.901330947876],[7,98,10,9,11]
A-fuMPN-qH_TU-hGafTh7g,33.5373,-111.808378,200,[33.49112,-112.079081,33.58348,-111.537675],[26,11,109,38,39,63,49,305,7,142,210,13,6,115,372]
WWHRpqM41bC2lMHxeMYHMA,33.3702541,-111.9741847,2,[33.3702541,-111.9741847,33.3702541,-111.9741847],[265,11]
svCdZttW-VYpGUpI9l65-A,33.3212375033323,-111.844109393622,6,[33.3058962,-111.859488487244,33.3365788066646,-111.8287303],[43,11,97,26]
oJPE6-Qhw6Za3QnPPTs34A,33.422740000000005,-112.4490707,12,[33.379815,-112.5579174,33.465665,-112.340224],[212,11,27,229,185,43,119]
HA1U_lAIlpNpbukxvjHBcg,33.65120485,-111.97714595,12,[33.4691316,-112.0475116,33.8332781,-111.9067803],[26,11,7,108,48,126]
WKlfN7V8aLyVoTvm2wtn6A,33.8000576,-111.9280264,1,[33.8000576,-111.9280264,33.8000576,-111.9280264],[65,158,17,28,161,29]
vFGRn_OlM-pJlGlvnbZmPw,33.5025941,-111.9296765,1,[33.5025941,-111.9296765,33.5025941,-111.9296765],[84,6,21,358,359]
ULrhskAjS_nFVeTUualWZQ,33.476690649999995,-112.07715680000001,6,[33.4471735,-112.083886,33.5062078,-112.0704276],[126,97,11,63,7,108]
uJVPMnfxx3lYX7kVHUTbTw,33.268584000000004,-111.935805,2,[33.220295,-112.004102,33.316873,-111.867508],[63,27,11,43]
PKU-y3xrJw7EZBuyNMCNBQ,33.626933,-112.100731,2,[33.626933,-112.100731,33.626933,-112.100731],[212,26,11]
DQkxGKQYn3W7cv_Nsd9bsA,33.4673974,-112.0733972,42,[33.4487268,-112.0737094,33.486068,-112.073085],[7,108,49,6,65,193,59]
-_GtJEB9B4Ckm7Cd8RIq1A,33.5824816,-111.9133241,17,[33.5377367,-111.931007,33.6272265,-111.8956412],[7,47,48,11,38,128,39,149,224,43]
Ecej29VDzY9oZ6Q0KOEAcQ,33.393841,-111.842039,70,[33.393841,-111.842039,33.393841,-111.842039],[166,6]
4AqS0E88XYkDYkR7--2EPg,33.58180915,-111.92497185,3,[33.579606,-111.927552,33.5840123,-111.9223917],[7,313,27,11,119,9,10]
fsLjBPIWeF3rpWa6lx_mSg,33.638391,-112.3346349,6,[33.637989,-112.398055,33.638793,-112.2712148],[27,11,224]
L5QTRveNyCBp1AeTuFHxVw,33.59414058103575,-111.9274878338165,3,[33.5025941,-111.9296765,33.6856870620715,-111.925299167633],[265,48,11,202,72]
Kb9O71yDY834pZyYXH46ng,33.464925699999995,-112.3155567,7,[33.4382064,-112.5579174,33.491645,-112.073196],[11,229,185,43,38,140,39,40,48]
ByJrcroANE0yTZ4-37Dadw,33.321864,-111.726244,5,[33.321864,-111.726244,33.321864,-111.726244],[7,24,108,119,11]
ObvqA8Bc4Ij6CQAzeMX-yA,33.53654785,-112.0307615772095,12,[33.4772147,-112.134443,33.595881,-111.927080154419],[33,38,39,11,265,117,24,7,142,109,63,26,43,168,83,6,48,99]
G6_jz0IRsmAWKEEmBVewEA,33.480829,-111.97044487351499,21,[33.331773,-112.031241,33.629885,-111.90964874703],[26,11,126,33,117,7,162]
0PcaeCbEUzDigxAkC3pJ9Q,33.4504828,-112.0739897,18,[33.4504828,-112.0739897,33.4504828,-112.0739897],[28,17,29]
TMVr4sJ1yAQoaR4h_C_C7g,33.4826805,-112.06300205,6,[33.457939,-112.0834721,33.507422,-112.042532],[7,8,6,45,485,54,26,11,33]
W4xEG3SYInzlQaBNH7EIbg,33.7129847,-112.1114555,2,[33.7129847,-112.1114555,33.7129847,-112.1114555],[27,11]
H43OmfXRCSFhWF6Fed6ZAA,33.366021,-111.722534,5,[33.366021,-111.722534,33.366021,-111.722534],[78,79]
B0xwHwbEJ48h5odReV1Jmg,33.50101505,-111.92236375,74,[33.5008001,-111.9227925,33.50123,-111.921935],[39,38,26,128,11,205]
OMqlb9paqHOSOPGiVeL6Qg,33.45393545,-111.99910460000001,20,[33.407299,-112.0741143,33.5005719,-111.9240949],[7,108,101,38,39,40,11,186,6,57]
fxT6ZKsUI8jpTGOAdFdytA,33.4995106,-111.9272212,1,[33.4995106,-111.9272212,33.4995106,-111.9272212],[109,38,11,39,440]
FwO6j1r63mUV9_PisLKVyQ,33.5693997,-112.0740526,4,[33.5693997,-112.0740526,33.5693997,-112.0740526],[26,11]
EDliHZTvpQntu0IMdp0QpQ,33.35947982389635,-111.9787205200135,3,[33.3487055477927,-111.983256340027,33.3702541,-111.9741847],[265,11,119]
74KS4Xmsd9s0En-tg257iA,33.4915779,-111.925841,6,[33.4915779,-111.925841,33.4915779,-111.925841],[119,38,48,39,11]
kVlL5XPVA8-QVGQXtvcThw,33.4880361,-111.99798525,3,[33.377029,-112.0509935,33.5990432,-111.944977],[72,287,71,123,65]
hNk9YQNC9vJpEs5swUlbeQ,33.4442282,-111.95149155,20,[33.3782496,-112.0272041,33.5102068,-111.875779],[64,347,65,57,69,104,161,195,49,52,39,38,27,128,11,6,32,130,35,208,264,88,99,134,135,7,36,13,4,59,12,193,160,327,80,196,98,24]
zWT2oY6u2AityXv_3N-76g,33.5905964746648,-111.945837047461,6,[33.5019817,-111.965789794922,33.6792112493296,-111.9258843],[27,11,26]
oUJMNGBacVcvclUi70CcEw,33.52837015,-112.03270409999999,30,[33.444799,-112.066662,33.6119413,-111.9987462],[38,145,57,88,39,298,11,327]
OW_Eh1DsEnlTWALBC1xCHw,33.451052000000004,-111.9074028,10,[33.406841,-111.9310456,33.495263,-111.88376],[236,103,11,27,63,119,99,26]
Xc4YaH9ty3STw4tV_bNy9A,33.4922985,-111.9245517,97,[33.4922985,-111.9245517,33.4922985,-111.9245517],[210,11]
9xGJ5mXPh_TPUj6s6Ts20g,33.463543,-112.341878,2,[33.463543,-112.341878,33.463543,-112.341878],[126,97,11]
-bjPcOb8hq6gpb9bmZ2QxQ,33.700395,-112.109583,10,[33.700395,-112.109583,33.700395,-112.109583],[28,17,29]
1gGXhRejYAZdFHfmmEwYSw,33.559681499999996,-111.89951445,56,[33.492335,-112.0823438,33.627028,-111.7166851],[206,11,218,41,323,7,98,10,9,48,126,97,49,193,59,108,27,24,38,99,39,40,57,145,251]
JNcF_t2yFBf_w3CxcaYJHQ,33.302011,-111.842615,7,[33.302011,-111.842615,33.302011,-111.842615],[109,38,48,39,11]
yAeo2D5NdtGuGG2o1M1aGQ,33.396082,-111.8540644,82,[33.249971,-112.0737828,33.542193,-111.634346],[98,7,292,99,11,239,26,63,265,126,97,27,24,138,8,139,109,38,39,251,149,229,44,140,192,323,108,119,161,65,48,219,218,41,224,43,168,185,49,193,80,59]
hXNvl7x2FxcyWuTsfWnS5w,33.5302696775354,-111.926350593567,1,[33.5302696775354,-111.926350593567,33.5302696775354,-111.926350593567],[109,38,265,39,11]
ioTuTA_pI-ZgiM4uISDQPg,33.44505565,-111.90491109999999,34,[33.3046171,-112.0830342,33.5854942,-111.726788],[24,11,33,119,99,54,55,122,210,89,88,38,39,49,4,5,6,367,7,142,108,44,26,98,224,52,128,311,293,36,8,247,177,140,27]
lITyv4Vxz21R9HU3dAz0Xw,33.4549264,-112.086757,94,[33.4549264,-112.086757,33.4549264,-112.086757],[177,140,11]
pV7C6w6rQLYl7BS9-J8cUA,33.53206255,-112.1276963,18,[33.425207,-112.3566862,33.6389181,-111.8987064],[7,47,99,11,33,24,27,63,109,38,265,39,48,127,140,40,108,26,201,10,128,296]
TVJP9jSapI_jVHJ89mmijA,33.27535685,-111.85072111758001,77,[32.8786089,-112.0261747,33.6721048,-111.67526753516],[24,11,38,39,10,63,126,97,99,246,7,119,139,17,423,48,182,140,219,218,41,43,172,340,168,27,6,204,65,109,210,104,161,54,220,8,265,229,40,313,311,49,108,193,59,26,88]
4xaC4c660LOb2qdVeSZfqg,33.6032925,-112.077585,26,[33.4915779,-112.229329,33.7150071,-111.925841],[63,27,11,7,8,126,26,99,57,69,47,48,326,80,84,59,49,262,119,38,39]
g3z_RHT1oBH8e8vKcAUhTQ,33.45,-112.07,200,[33.45,-112.07,33.45,-112.07],[26,11]
RAmw2v-njCpGiatQidJLkw,33.307325126378,-111.74171169729,1,[33.307325126378,-111.74171169729,33.307325126378,-111.74171169729],[265,11]
TWIg1Jx2jGiC8UqaKpNorw,33.39815245,-111.95747106849649,200,[33.302011,-112.072327136993,33.4942939,-111.842615],[119,11,28,17,29,26,109,38,48,39,7,108,292,142,24]
JAUd7BYwkZ07apjZMrDN2w,33.5376484,-112.2551914,3,[33.5376484,-112.2551914,33.5376484,-112.2551914],[7,9]
Gsx7tT_r0sYUxHZdJsjIVA,33.398762817126496,-111.880886073515,20,[33.3903631,-111.90964874703,33.407162534253,-111.8521234],[117,11,28,17,29]
y4JCKsEm0KlwtmHpZhbA4A,33.5853061,-112.0297185,74,[33.3406452,-112.183988,33.829967,-111.875449],[382,11,43,265,48,206,223,192,97,244,172,340,210,26,219,218,177,140,13,6,115,28,240,241,168,311,24,27,77,35,76,39,205,12,46,22,8,116,7,36,113,57,62,17,69,126,212,63,259,260,38,101,9,10,44,99,224]
3cJWpZyC0UOA1r5AiWDFjg,33.58741265,-111.9713656,26,[33.3545993,-112.1528921,33.820226,-111.7898391],[7,149,8,11,119,99,64,123,65,43,15,25,6]
xmpNnfZ9ugzcTlxKx1I1Sg,33.2606570211946,-111.790564085361,1,[33.2606570211946,-111.790564085361,33.2606570211946,-111.790564085361],[26,11]
hPLctyUR-K9xwuVid3DakQ,33.59259428674525,-112.01917536492249,5,[33.4740662,-112.111252129845,33.7111223734905,-111.9270986],[10,11,24,63,38,99,88,39,128,7,142,26]
0De8PhK9xtqWUOcSZRlYSg,33.303233,-111.842532,2,[33.303233,-111.842532,33.303233,-111.842532],[7,33,48,47,11]
whn9F3Z5axj81yHuqZFeFQ,33.5995189,-111.9836382,114,[33.5993116,-111.9872563,33.5997262,-111.9800201],[33,44,11,126]
xDcy-HkStCFTUpzeUXyOYg,33.4798163,-112.091191,10,[33.4798163,-112.091191,33.4798163,-112.091191],[38,101,33,39,128,11]
bM4K-1bvNiARBjKyZY14fA,33.4941704,-111.9260519,1,[33.4941704,-111.9260519,33.4941704,-111.9260519],[7,142]
1_aCnRdPJIkbIOODy8xz5g,33.4537869019623,-111.927165985107,1,[33.4537869019623,-111.927165985107,33.4537869019623,-111.927165985107],[182,172,11]
JwqH67LU6ARuKiLjaOhPNg,33.555413200000004,-112.0192519,7,[33.4329724,-112.134201,33.677854,-111.9043028],[57,39,145,126,11,43,33,265,185,224]
qS-lv3v36V5Q_07AuuSn3A,33.545614549999996,-112.16009070000001,5,[33.449233,-112.2547234,33.6419961,-112.065458],[72,297,27,11]
qFDO2gzrt-00rjAGw7tncg,33.43475,-112.00644,63,[33.43475,-112.00644,33.43475,-112.00644],[28,170]
GEOvDyO6UT4kQ6g2M56Ubg,33.379421,-111.923529,2,[33.379421,-111.923529,33.379421,-111.923529],[27,11]
oVWlHAwQBOqP0TuK6cifIg,33.466884753792996,-111.860197825485,65,[33.220784807586,-112.1371245,33.7129847,-111.58327115097],[119,99,11,192,7,47,98,10,9,101,38,39,48,63,27,224,42,43,212,293,239,340,210,185,74,24,139,416,30,13,6,4,5,425,160,190,28,140,127,26,177,251,138,8,57,145,352,142,33,117,201,108,49,52]
8TtsA0_UWMrbCHlWCjtz3Q,33.542193,-111.925634,1,[33.542193,-111.925634,33.542193,-111.925634],[265,126,97,11]
HZUtSScc3-43nuwEXHijUg,33.6987337,-111.8899216,103,[33.6987337,-111.8899216,33.6987337,-111.8899216],[265,11]
9ATHS9aF-O8aOU6g-P1X9g,33.5532554,-112.0469064,15,[33.4315119,-112.17,33.6749989,-111.9238128],[28,17,29,251,11,84,215,32,49,312,57,504,91,7,142,182,48,140,265,39,119,38,26]
5guemyIhEauQbaEHhf7dVA,33.5785774,-111.880463,4,[33.5785774,-111.880463,33.5785774,-111.880463],[106,54,280]
HcRkWWnGJ_7iYJs30zXrxg,33.3048096,-111.93246239999999,87,[33.2614572,-111.9819,33.348162,-111.8830248],[33,44,11,181,26,119,99,48]
ohmfeuhYeCAx4H5BAS4eNA,33.494569150000004,-111.9318871,2,[33.3056593,-111.966112,33.683479,-111.8976622],[7,47,48,27,11,161,28,29,17,65]
PmOa-Mc2YPtYdTdHEZzWNw,33.586656564995,-111.83645015013,5,[33.586656564995,-111.83645015013,33.586656564995,-111.83645015013],[27,11]
ZP37D6nnv803s-9tIPQJLA,33.4833433,-111.9258717,1,[33.4833433,-111.9258717,33.4833433,-111.9258717],[7,139,113,6,423]
tPS9e_tKbOpX9R5aeX6wkQ,33.49268685,-112.07495890000001,51,[33.475364,-112.1346333,33.5100097,-112.0152845],[48,11]
O3ZDghrrJoMAMi8OlHofeg,33.5653685,-111.8832492,200,[33.492962,-111.931525,33.637775,-111.8349734],[27,11,63,33,48,307,224,251,28,17,29,265,483]
3H1zdItRxStVP5EOnPviYQ,33.6253241,-111.9403451,1,[33.6253241,-111.9403451,33.6253241,-111.9403451],[119,120,11]
8E-XbiI-fHVMquzP3anLkQ,33.477139,-112.047298,1,[33.477139,-112.047298,33.477139,-112.047298],[7,98,108]
a9bVA-ubXSl7oextB-yZyA,33.4770236,-112.073629,38,[33.4770236,-112.073629,33.4770236,-112.073629],[109,38,48,39,11]
cTTOdx9YjDUrdaK8e8qgAQ,33.4518585,-111.707131,44,[33.4518585,-111.707131,33.4518585,-111.707131],[27,11]
3TTlSv2lST2DKa4spNfFVg,33.6556844,-111.9300279,24,[33.6556844,-111.9300279,33.6556844,-111.9300279],[99,11]
QGVl1VuRqoGRtnWojY4KaA,33.4360415,-111.9956337,136,[33.4360415,-111.9956337,33.4360415,-111.9956337],[28,240,241]
iIY57Z0N5DYbOBAELCJuxQ,33.492381,-111.9259469,155,[33.492381,-111.9259469,33.492381,-111.9259469],[265,48,11]
rCV4n0TvRJzUKlfgXAXGlw,33.750575,-111.860187,44,[33.750575,-111.860187,33.750575,-111.860187],[48,11]
fSi-yrKtBD58h2vPxjNE1A,33.485756800000004,-112.04610695,200,[33.4587437,-112.0775732,33.5127699,-112.0146407],[7,108,307,27,172,11,33,38,39,109,63]
Rk0WIADF3zoq2a-F-_FFwg,33.500520646641704,-111.96528334999999,5,[33.4194512,-112.0146407,33.5815900932834,-111.915926],[38,7,47,88,39,48,11,33]
_KUclCeH47THrV8FiKSzdg,33.833057,-112.1324707,11,[33.799849,-112.1388544,33.866265,-112.126087],[185,11,167,65,84,124,7,8]
IXpLR3rC4TKeYyvQTHlLjA,33.4826001,-112.0002247,83,[33.455863,-112.0741143,33.5093372,-111.9263351],[38,48,39,11,7,108,26,128,212,63,97]
tGBlcieUE9LpklZGylh__Q,33.436389500000004,-112.00142600000001,3,[33.423546,-112.065458,33.449233,-111.937394],[27,11,48]
SPHXvrRXnajqW5I62ldYkw,33.51641695,-111.96226345,10,[33.494238,-112.0588374,33.5385959,-111.8656895],[38,39,265,11,99,88,128,33,48,210,26]
jYU-BH0CMIyHDpeN4BFgZQ,33.5127699,-112.0740123,17,[33.5127699,-112.0740123,33.5127699,-112.0740123],[109,38,11,39,63]
InGhDqxjYIBa8Dx-E3fyKg,33.50922395,-112.040697,3,[33.5090018,-112.0409994,33.5094461,-112.0403946],[13,6,22,152,17,12,63,27,11]
pRw80rCPUTcBo2Zv5De1yQ,33.3491162,-111.9265922,1,[33.3491162,-111.9265922,33.3491162,-111.9265922],[7,36,298,99,11]
rh8D-QU6bnh_AvF9mNgJJw,33.573376216767045,-111.990206626624,10,[33.4354618,-112.111108853248,33.7112906335341,-111.8693044],[229,185,11,43,158,28]
qF9sVCoqUmZ2_XqZcl88qQ,33.5019817,-111.9276185,1,[33.5019817,-111.9276185,33.5019817,-111.9276185],[307,212,43,11]
3E9XM4pk8APBYPUiI0X05w,33.4493647,-111.9264514,1,[33.4493647,-111.9264514,33.4493647,-111.9264514],[65,133]
YD508JABVsFwlG30mgWHTA,33.590058,-112.29907515,7,[33.5413664,-112.4193607,33.6387496,-112.1787896],[44,11,6,87]
7iS0j8ISsW6Jp2Su--13FA,33.419943,-111.840369,1,[33.419943,-111.840369,33.419943,-111.840369],[141,345,6]
_uL7OiQSfNsCd60DrAf7qQ,33.499838322397,-111.9910247573975,200,[33.321061644794,-112.2581306,33.678615,-111.723918914795],[7,137,8,139,38,48,39,11,43,185,57,145,101,119,36,168,142,24,138,46,6,127,99,265,13,115,372,292,210,40,205,109,63,141,10,126,33,88,44,26,177,140,49,146,341,80,82,59,212,293,75,32,108,178,96,72,307,128,161,65,231,233,445,66,52,28,17,29,224,143,97,45,148,204,27,368,112,69,175,129,332,79,121,9,439,98,130,35,208,264,298,273,309,285,181,229,18,30]
7b0cDXKpgSIE7BLKkatNbQ,33.49444965,-111.96093765,4,[33.4765807,-111.995355,33.5123186,-111.9265203],[119,99,11,26]
akjFg9p8PDcbBoFQsEjM2A,33.8333113,-111.9387279,6,[33.8333113,-111.9387279,33.8333113,-111.9387279],[410,307,172,11]
xP4YLfYqyXPTn5rej4T4Ag,33.535860299999996,-112.03035075,8,[33.458839,-112.082895,33.6128816,-111.9778065],[26,11,177,140,96,72,71,73]
0mOvGp1ypCxU-EF0GPummw,33.6383198,-112.1956243,6,[33.6383198,-112.1956243,33.6383198,-112.1956243],[71,72,96,184]
G0SR_6vWIao_gHgxnLBKbw,33.57048435,-112.14063468252999,20,[33.4673017,-112.39201426506,33.673667,-111.8892551],[33,11,126,7,292,99,48,251,212,44,97,224,17,62]
OPACptBR7tu608O10JY2hA,33.4471735,-112.073781,25,[33.4471735,-112.073781,33.4471735,-112.073781],[11,63,28,17,29,119,99]
XL0k7udELlqDftOogL138w,33.5097842,-111.9967529,1,[33.5097842,-111.9967529,33.5097842,-111.9967529],[54,317]
l1kEateOWIu4_5uUoLkSNg,33.5242874,-112.0474855,14,[33.5242874,-112.0474855,33.5242874,-112.0474855],[99,127,11]
oG2Gc0PB4T1ct3iR1yr15Q,33.593133,-112.041208,4,[33.593133,-112.041208,33.593133,-112.041208],[6,35,70,76]
4gO9OS_1IhGj5vpVhJoElw,33.4714019,-112.119289,1,[33.4714019,-112.119289,33.4714019,-112.119289],[7,189]
aMvu5R2AwLqjM63DA81iHQ,33.636017,-112.268538,2,[33.636017,-112.268538,33.636017,-112.268538],[84,171]
9si2TYxoP9Ifpeu1rSQNuw,33.4039,-112.004661,13,[33.4039,-112.004661,33.4039,-112.004661],[185,11]
RotG1z1ZxA--cfeR2EloVw,33.50559665,-112.19157344999999,12,[33.423246,-112.335666,33.5879473,-112.0474809],[168,169,11,126,97,38,145,57,88,39,298,43]
xm0f08nbIfLXAKQ7OZCChg,33.4505129,-112.0154884,1,[33.4505129,-112.0154884,33.4505129,-112.0154884],[28,17,29]
HZTUSfAZlp2BPdxoDN6i-Q,33.498219,-112.05114355,10,[33.4803718,-112.0727251,33.5160662,-112.029562],[28,17,29,161,65]
uQTjl64qQmfyjY1edHZmaQ,33.39225536162065,-111.88042055,4,[33.3058962,-111.9321108,33.4786145232413,-111.8287303],[38,7,47,88,39,48,11,33,4,5,6,26]
TkS5lb_WS12B_Qtz2ld7rg,33.460999,-112.205731,48,[33.460999,-112.205731,33.460999,-112.205731],[28,342]
PB74n2FKxlhWEo8rFkosHg,33.6116901,-112.1648254,1,[33.6116901,-112.1648254,33.6116901,-112.1648254],[251,11]
t3T5iCEXzcrayjclyklNDA,33.492335,-111.9236549,2,[33.492335,-111.9236549,33.492335,-111.9236549],[38,99,39,40,11]
VTUFGFVGsDdeRpU3wu6g3A,33.51578694868195,-111.9946704806365,6,[33.449233,-112.065458,33.5823408973639,-111.923882961273],[26,11,54,55,122,256,71,72,27]
5kmpmiDp5NV6sL2QcDFc9w,33.451879,-111.92846410000001,5,[33.406467,-111.9300012,33.497291,-111.926927],[4,5,6,96,72]
8HAbIfcD8TDsJKpqnA_5Kw,33.495263,-111.928554,16,[33.495263,-111.928554,33.495263,-111.928554],[26,11]
0FgU5BVeZPIQUZT7D3THvg,33.5650982,-112.0737503,1,[33.5650982,-112.0737503,33.5650982,-112.0737503],[48,11]
Ay1eY5gVFFBUhuhl036vVA,33.455709563189004,-111.78691215,22,[33.307325126378,-111.8597433,33.604094,-111.714081],[7,379,210,108,11,142,33,44,49,438,52,26,27,63,265,229]
DITXr8zk6mbw7KBd6sxcUg,33.673033,-112.237787,1,[33.673033,-112.237787,33.673033,-112.237787],[54,238]
TuaDnUlUg4VrQOx6VY8FkA,33.577742,-112.0992197,1,[33.577742,-112.0992197,33.577742,-112.0992197],[17,62]
V6kXj_qlhLDXLA4_mJLeUA,33.40870125,-111.9417206,2,[33.347591,-111.95738,33.4698115,-111.9260612],[119,99,11,282,72,141,6]
32yCk5GTLAjcxUxvUOhWyA,33.49796125,-112.2028635,6,[33.4493145,-112.358704,33.546608,-112.047023],[11,63,224,97]
KTXCg9yDO7131r7LlkailQ,33.498028,-111.927951,3,[33.498028,-111.927951,33.498028,-111.927951],[352,48,11]
2SSHbXmy3K3BzBhojhNUAA,33.46274925,-112.08348545,62,[33.377663,-112.1706789,33.5478355,-111.996292],[48,11,38,39,126,97,7,8,99,265,40,109,119,24,26,43,63]
llGrym5a3eo_D16evG3G4w,33.46306985,-112.06711095,3,[33.454892,-112.069157,33.4712477,-112.0650649],[48,11,49,59,193,195,65]
QIPn_akIS1TLx8kSuPjLxA,33.36417446461665,-111.90839109999999,20,[33.2341019292333,-112.073196,33.494247,-111.7435862],[41,43,11,127,38,140,39,40,48,98,7,251,27,89,109,63,24,177,26,309,119,285]
hHhHrjSfHocMAQ8NsYMu7w,33.3596080906525,-111.7409920195,36,[33.311022581305,-111.744829739,33.4081936,-111.7371543],[4,6,78,79]
5eDyrVLc_AHcSfiG5sIGMw,33.474579750000004,-111.99259585,7,[33.4471778,-112.0744503,33.5019817,-111.9107414],[49,38,39,128,341,309,119,285,11,48,109,212]
abLK8X7T2fjZaewTxYbUQg,33.2708356,-111.8156563,3,[33.2355107,-111.8412502,33.3061605,-111.7900624],[161,65,11,211,32]
-wjk1d_yt23uPcOky46beQ,33.2711537,-111.7898246,1,[33.2711537,-111.7898246,33.2711537,-111.7898246],[126,212,11]
s0VwYp8GwWaqkii7g6W3KQ,33.5034957,-112.00008715,9,[33.4938414,-112.073765,33.51315,-111.9264093],[27,11,63,119,99]
0JjXN3rp4xL25oBV7XARFQ,33.472877749999995,-111.86502435,3,[33.378718,-111.9184649,33.5670375,-111.8115838],[11,63,39,38,99,128]
4D8EJuJsoEWmqldUc1UAGQ,33.4995106,-111.9272212,28,[33.4995106,-111.9272212,33.4995106,-111.9272212],[109,38,11,39,440]
OBJ_2Bgemc1OX7he9QN57A,33.66731,-112.0364833,4,[33.656005,-112.09836,33.678615,-111.9746066],[27,11,65,133]
tjSw0jpVLWlKKlE_cQ2ASA,33.306411,-111.89307,3,[33.306411,-111.89307,33.306411,-111.89307],[119,99,11]
ORKpO8C7M4JaakPlpJEZ_A,33.4961814880371,-111.928810119629,1,[33.4961814880371,-111.928810119629,33.4961814880371,-111.928810119629],[119,48,201,11]
bHIGawLKI0slJpe6e3qJiw,33.4374978,-111.93881075,11,[33.422728,-111.951494,33.4522676,-111.9261275],[28,17,29,88,38,39,89,11]
i7VMvAVM5WKraN5ETG15Vg,33.56008745,-111.98081245,5,[33.4940659,-112.074398,33.626109,-111.8872269],[26,11,44,97,84,343]
mYPmxkBG1u6KjnZmwSsOsQ,33.60542415,-111.92593515,7,[33.586935,-111.9267368,33.6239133,-111.9251335],[6,345,84,346,141,23,53,54,55,122,256]
9M4uzVkmSsL5hZmTLhEGIA,33.588763799999995,-111.9183013,27,[33.4787939,-111.9746066,33.6987337,-111.861996],[11,63,7,142,309,119,285,163,13,6,65,133,27,45,265,84,198,197,343,23,344,33,99,24,104,161,195,57,69,475,48]
ifUQN2lZOjXJtTmbD0084w,33.493947,-111.922301,9,[33.493947,-111.922301,33.493947,-111.922301],[28,17,29]
LB7HoDg61yWP2CjrueeJUQ,33.531786249999996,-112.00426010000001,28,[33.455863,-112.0824683,33.6077095,-111.9260519],[26,11,219,218,41,224,119,99,63,48,126,97,27,38,39,168,57,145]
IE8TN0Y4-H4cf9TM2f1oyQ,33.337696,-111.994513,200,[33.337696,-111.994513,33.337696,-111.994513],[27,11]
Dxv6nXjv43LbhaN_ZJh_Cg,33.406307,-111.9119922,2,[33.3931628,-111.915926,33.4194512,-111.9080584],[38,7,47,88,39,48,11,192]
5cA75LSHU3YH8qx1wK8T9Q,33.590332000000004,-111.9464432,58,[33.502049,-111.9746066,33.678615,-111.9182798],[26,11,210,99,38,128,39]
wsWqhVpbHw-iR4rXB3Rrfg,33.4995837,-112.0833093,1,[33.4995837,-112.0833093,33.4995837,-112.0833093],[6,45]
GeGDZ02UfARKBRl7LqKZuA,33.37559840405795,-111.87452426758,76,[33.2125748081159,-112.073781,33.538622,-111.67526753516],[224,11,38,99,128,39,33,26,48,63,7,142,185,74,24,41,43,27,119,373,97,47,10,88,361,9,117]
7sPrFDzzgS3vsOJ6-_tPfw,33.41429445,-111.98936725,6,[33.348162,-111.9968345,33.4804269,-111.9819],[27,11,60,6]
ly45Wqkmnevs-YCBMQQgaQ,33.278683650000005,-111.88467854999999,200,[32.974907,-112.090582,33.5824603,-111.6787751],[28,17,29,7,292,142,57,145,258,39,170,442,241,41,11,265,48,27,313,119]
FdDb6lYItxByd_ky4pj4dQ,33.362719,-111.8761389,1,[33.362719,-111.8761389,33.362719,-111.8761389],[89,11]
a4kpS5_0sggMm8l9Ok6VHw,33.451703,-112.079795,7,[33.451703,-112.079795,33.451703,-112.079795],[28,17,29]
O-FZ7tZ45QIb-5kO76qy2g,33.3419386,-111.87754665,5,[33.33605,-111.9102573,33.3478272,-111.844836],[7,292,98,48,296,11]
t82uNG1AdJUDBBBUIXQQNQ,33.4994444,-111.9242412,116,[33.4994444,-111.9242412,33.4994444,-111.9242412],[38,145,57,205,39,40]
arHREwGjrsa34dg0oiKJgg,33.5815498714519,-112.122052609921,1,[33.5815498714519,-112.122052609921,33.5815498714519,-112.122052609921],[7,142,99,11]
4nl3_uBJlJy0PUyyoRSxxw,33.5229858,-112.0476585,5,[33.5229858,-112.0476585,33.5229858,-112.0476585],[48,11]
GbwyvE6ahDJxyisHXqYIEQ,33.6247911,-111.9257312,2,[33.6247911,-111.9257312,33.6247911,-111.9257312],[48,11]
OIhiGoLJzAzBB10bFIXFmw,33.3162649460745,-111.82449190010999,3,[33.2587342,-111.8412137,33.373795692149,-111.80777010022],[251,43,11,99,41]
PH5Hre6hfyXoBfPl-yWeWw,33.096653200000006,-111.89730545,8,[32.8795324,-112.0473418,33.313774,-111.7472691],[26,11,44,6,21,99,30,13,27,63,224]
vU9jO9Fz-E002irq-bE2zA,33.57289755,-111.92317485000001,34,[33.499499,-111.927402,33.6462961,-111.9189477],[48,11,26]
-Mr9oZsEt64j0inKvcI3UA,33.4974247,-111.9262954,200,[33.4974247,-111.9262954,33.4974247,-111.9262954],[177,140,11]
wv6u_lUaZuJgMJW_hoNQCw,33.416230964616645,-111.8538259,14,[33.2341019292333,-111.9814078,33.59836,-111.726244],[251,43,11,7,24,108,119,6,118,33,99,48]
l2H78dDGuItEcr_nImlzbw,33.44081235,-111.9211554,87,[33.379643,-111.9641728,33.5019817,-111.878138],[38,48,39,11,99,140,40,26]
G7M7WJJEEVarGWAselKbVQ,33.505322,-111.91138325,5,[33.4669403,-111.9264472,33.5437037,-111.8963193],[39,119,48,38,11,99,43,7,8,63,27]
OhFPna6UwRPsqZNrFHll0A,33.437474251664696,-111.916141794792,6,[33.335548,-111.924451589584,33.5394005033294,-111.907832],[168,97,11,119,120,7,108]
hODbDxVd6icAHeFM2fiQdA,33.5092093,-111.9885861,6,[33.5092093,-111.9885861,33.5092093,-111.9885861],[340,11]
jSCpEBs5_TCCVWz-AhGbvQ,33.392818250000005,-111.9120727,6,[33.3926383,-111.9130539,33.3929982,-111.9110915],[7,108,9,168,99,11]
vliAJpHltPo-SL6tGz5A3g,33.50852655,-112.06774010000001,5,[33.5062078,-112.0739142,33.5108453,-112.061566],[88,38,39,298,11,71,72,184,7,108]
Wls-CoQZHeAbYqehVF9tPA,33.2333299,-111.8580919,6,[33.2333299,-111.8580919,33.2333299,-111.8580919],[33,11]
CPqJD06PfxBOgSW9_Rgiuw,33.449233,-112.065458,1,[33.449233,-112.065458,33.449233,-112.065458],[27,11]
hE-PdDxycx5KXIEEmQYFDQ,33.40057025,-112.0050248,6,[33.377663,-112.1706789,33.4234775,-111.8393707],[177,140,11,26,27]
4B6aJJTELjivUXrL_LTlqQ,33.380050499999996,-111.8412265,6,[33.319395,-111.96968,33.440706,-111.712773],[26,11,98,7,99,260,265]
3hYluL6dros2F0ucWBS8Fw,33.498915,-111.928258,6,[33.498915,-111.928258,33.498915,-111.928258],[11,63]
RvPnYMwyrha6jHBciNgtAw,33.5062078,-112.0739142,14,[33.5062078,-112.0739142,33.5062078,-112.0739142],[7,108]
qXotLr3W83FE6Xa-ODc27A,33.579076,-111.767128,27,[33.579076,-111.767128,33.579076,-111.767128],[49,178]
Nqff7sSU01mYs-tqbpTniw,33.321949950000004,-111.88081665,7,[33.306806,-111.88557,33.3370939,-111.8760633],[177,140,192,11,251]
owposE-EYZZlbzEhMvTVvQ,33.58472385,-112.080232,16,[33.5308657,-112.235873,33.638582,-111.924591],[117,11,185,134,135,99,10,24,120,251,48]
gGL8VVOAzpOPcJc_ggKP4A,33.652509,-111.932952,6,[33.652509,-111.932952,33.652509,-111.932952],[49,80,82,59,64,161,65]
eTIs9usl24L8HOyt32cq8A,33.43201595,-111.94008215,16,[33.351262,-112.0740123,33.5127699,-111.806152],[206,11,10,24,109,38,39,63,7,28,190,430,48,119,98,27,142,292,65,133,224,99]
RHA5dSDzZuXXxXhzpVGCXg,33.47039025,-111.85223189999999,3,[33.3847024,-111.8987064,33.5560781,-111.8057574],[26,11,39,38,127]
xzbojsdGVVwFaK6BoysFBw,33.45048885,-111.991404,4,[33.3947699,-112.0739142,33.5062078,-111.9088938],[7,108,142,172,11,202,72,54,242]
JPdGiAA8qNS-9Re2RN5qVA,33.467833,-112.1530213,6,[33.383123,-112.3415576,33.552543,-111.964485],[126,97,172,11,119,99,44]
YLIq7yD6OoEimMFisNxBMg,33.384940708401004,-111.88442165000001,7,[33.362719,-111.9110915,33.407162416802,-111.8577518],[224,41,11,119,99,404,451,7,108]
NXmA2esVKkg8T_5gBnLmQg,33.5022402,-111.9267566,165,[33.5019817,-111.9276185,33.5024987,-111.9258947],[38,48,39,11,7,292]
CjxEODSbRz6BpsXoQG6IUA,33.4003777,-111.67884695000001,2,[33.3849754,-111.6890279,33.41578,-111.668666],[7,47,48,27,11,212]
jJlHNM-0pkF2wJDTxDp7qA,33.3906697,-112.1336153,5,[33.3906697,-112.1336153,33.3906697,-112.1336153],[43,11]
FFzadNTcO4mwRSELjBq9Cw,33.569524900000005,-111.91182835000001,12,[33.3086797,-112.0800705,33.8303701,-111.7435862],[27,11,28,17,29,224,63,24,48,33,265,7,149,8]
16uoRv9ecjoCIi1dtMdhfg,33.5050299,-112.0823438,2,[33.5050299,-112.0823438,33.5050299,-112.0823438],[57,39,145]
Bx5Y0zVLodZJz-s-VQC63A,33.5855504,-111.9267692,12,[33.5855504,-111.9267692,33.5855504,-111.9267692],[98,7]
15oPFlHgYVOw6o67Mcei2w,33.4621941,-112.07370789999999,6,[33.4471735,-112.073781,33.4772147,-112.0736348],[265,11,119,99]
v8m-hrnTYUXinJpjQJdvGg,33.457788,-112.067113,2,[33.457788,-112.067113,33.457788,-112.067113],[201,172,11]
9rhnVDTnv2SEQElpqnoUuQ,33.552778,-112.135649,72,[33.552778,-112.135649,33.552778,-112.135649],[101,38,39]
63whBj13THZ2feOipOLD1Q,33.63960605,-112.18556255,4,[33.612363,-112.1868621,33.6668491,-112.184263],[27,11,43]
UFPdthvTipX6E7KEf-Stvw,33.48485385,-112.074183,58,[33.4772147,-112.07517,33.492493,-112.073196],[38,140,39,40,48,11,265,28,17,29]
xLIVzxU1W5BmMAPDxKM-Jw,33.583142,-111.927321,1,[33.583142,-111.927321,33.583142,-111.927321],[109,38,11,39,63]
3GNbuhM0EKMiggCu4rcH4A,33.53578175,-111.96839735,15,[33.388095,-112.1003087,33.6834685,-111.836486],[49,312,146,17,152,26,18,11,44,127]
xMYScnFdKQ2yUhowv8wV9Q,33.625922,-112.11468,7,[33.625922,-112.11468,33.625922,-112.11468],[28,17,29]
mXTziQME4gP-rNiewQArwA,33.664948550000005,-112.1198655,3,[33.6621511,-112.122882,33.667746,-112.116849],[33,44,11]
3AJfkhFeQPIQ937fTYmarw,33.4514039,-111.973603,93,[33.4514039,-111.973603,33.4514039,-111.973603],[185,11]
N2tvp-H5kuKPq_mSOKW3kQ,33.50134145,-112.07894005,3,[33.4964751,-112.0839659,33.5062078,-112.0739142],[99,11,79,121]
4jRLws6kVf7pm21p9k0eCQ,33.5014225,-111.9200294,2,[33.5014225,-111.9200294,33.5014225,-111.9200294],[155,54]
U8ayzBXrBzgjdrCYOzwNOg,33.6055068,-112.1230501,76,[33.3777355,-112.3625742,33.8332781,-111.883526],[38,119,109,39,11,24,7,247,49,80,54,59,57,470,145,182,48,140,141,6,26,17,62,168,63,8,106,99,98,206,137,139,108,193,65,194,195,30,13,270,133,64,186,322,146,52,142,265,126,97,285,185,27,292,218,307,10,192,40,309,43]
js6NjLOEEmdKEmi2uXrFVw,33.6394264,-112.2763421,1,[33.6394264,-112.2763421,33.6394264,-112.2763421],[43,11]
xVMEVO05TH5WWAogVTAxPA,33.4502598,-112.3436915,4,[33.4502598,-112.3436915,33.4502598,-112.3436915],[113,6,116]
6czQe3BUYJy2svdFs78DBw,33.4889065,-111.89777455000001,76,[33.43562,-111.9339561,33.542193,-111.861593],[28,17,29,265,126,97,11]
98Sa07jTR_uxI8HOgTbmNw,33.5349461,-112.2610692,4,[33.5349461,-112.2610692,33.5349461,-112.2610692],[57,69]
xpci6ssX4TPIUJf-c75_Yg,33.56897645,-112.07395495,2,[33.49112,-112.079081,33.6468329,-112.0688289],[215,32,26,11]
6JfX1T6WZIKNQCbzEBnRjA,33.604316,-112.222555,2,[33.604316,-112.222555,33.604316,-112.222555],[32,203]
y8MV12US-hxRtidts37Cnw,33.544564699999995,-112.18843205,2,[33.4492414,-112.3040101,33.639888,-112.072854],[38,39,40,63,27,307,11]
LvgCTnLlwEsSI0XrZtR05Q,33.5401435,-111.90705405,5,[33.497145,-111.9278401,33.583142,-111.886268],[7,108,10,63,24,11,38,128,39,27]
lf45XvWA7WQk6N9fBYW6xg,33.4537869019623,-111.927165985107,30,[33.4537869019623,-111.927165985107,33.4537869019623,-111.927165985107],[182,172,11]
EJT-8Q-LajhF-6VMOpdkcg,33.319212,-111.967861,8,[33.319212,-111.967861,33.319212,-111.967861],[127,11]
vuJkwi9qmCDIH4WLfBDM-Q,33.46704825,-111.9933069,11,[33.4471783,-112.0778758,33.4869182,-111.908738],[13,6,93,3,39,119,26,38,11,177]
wCj3s6U-bM86CW-2FCP8kA,33.494467799999995,-111.9241272,16,[33.491546,-111.9259469,33.4973896,-111.9223075],[26,11,126,97,38,39,265,48]
H2jMPaR9J4O6PXDPCL1-_A,33.45,-112.07,47,[33.45,-112.07,33.45,-112.07],[48,11]
WYuSh_ngUBGfHf-E6B_wfg,33.6511605,-112.12284985,2,[33.6401699,-112.1288507,33.6621511,-112.116849],[33,44,11,24]
Ih-mHTBgxo-MtiLTbd6iow,33.595181249999996,-112.31200225,16,[33.5517332,-112.3547252,33.6386293,-112.2692793],[7,27,48,47,11,54,324,119]
m2fbFPd3FLTyhPNXJGwjjA,33.5222185,-111.9595033,136,[33.5222185,-111.9595033,33.5222185,-111.9595033],[28,17,29]
6ZF8eBDL_Bd5xZoLs0KziA,33.345243265104855,-111.89089435,8,[33.2976955302097,-111.9741847,33.392791,-111.807604],[57,27,39,145,11,265,7,98,10,9]
KVkXVIvm7OK334a1pBFIJQ,33.60916265,-112.046689686326,14,[33.4207679,-112.165567972652,33.7975574,-111.9278114],[43,11,44,57,56,26,188,23,149,127,49,193,59,212,63,97]
R0cXfEW1z4acgmcW-XfKrQ,33.38448885,-112.15133465,11,[33.3776437,-112.169054,33.391334,-112.1336153],[43,11,7,142,185,64,65,144]
vbN1gSo7JXTrraSMAqegPA,33.38556490283735,-111.904231792442,55,[33.3779965056747,-111.938030184884,33.3931333,-111.8704334],[251,11,33,119,24]
u4TtZsVwbD5uCLQpe5-3Pg,33.480391,-111.978627,1,[33.480391,-111.978627,33.480391,-111.978627],[26,11]
No_5ggN8OZkTEgvgaU_qAQ,33.4791151,-111.9324389,35,[33.3061292,-112.1956243,33.652101,-111.6692535],[84,343,161,65,7,9,10,11,126,48,97,224,71,72,96,184,26,38,99,128,39,63,127,137,8,139,265,6,166,339,212,43,49,233,193,59,322,57]
VZWOi9UAqveUbQxbapKB7g,33.49460915,-112.12263903772549,35,[33.3488957,-112.3411065,33.6403226,-111.904171575451],[430,11,210,185,265,126,97,99,98,7,10,192,48,120,26,169,404,38,119,109,39,24,161,28,65,17,29,40,8,218,41,323,63,168,27,451]
IzxILhYh-zu4UcB24khrPw,33.32455365646105,-111.85227616461,3,[33.3003980129221,-111.9618904,33.3487093,-111.74266192922],[43,11,96,72,13,6,30,26]
b5YW_o0nVywLi0jphSgUDQ,33.647556449999996,-112.0747548,5,[33.6400079,-112.0872865,33.655105,-112.0622231],[126,97,11,26,65,133,177,140]
4ybfiaJRAhKU7tEGLoCtFg,33.4010539961059,-111.8957077855065,4,[33.319395,-111.934992671013,33.4827129922118,-111.8564229],[26,11,38,39,333]
ANTrWPSoOqbXkvLvxes-aA,33.42382405,-111.8467062,22,[33.296095,-111.9477654,33.5515531,-111.745647],[57,470,145,39,61,166,13,6,17,62,404,451,11,7,119,41,168,265,373,251,153,126,97,200]
2-oc1aGp8nZwSq2Y34c4kg,33.5051799,-111.9267422,50,[33.5019817,-111.9276185,33.5083781,-111.9258659],[27,11,161,28,65,17,29]
xw-6ikhWn69h1XP4ZoNVRA,33.55461525,-111.92204945,5,[33.542193,-111.925634,33.5670375,-111.9184649],[265,126,97,11,63]
qt2LoLoeKWP4Q0YL4MvCWg,33.5153489,-111.9262635,1,[33.5153489,-111.9262635,33.5153489,-111.9262635],[466,106,54,242]
sz6NdwUc9IxWjUSkvjKmGg,33.4503996,-112.0648845,16,[33.4503996,-112.0648845,33.4503996,-112.0648845],[322,57]
knmEdcGy99PaTS9TWJN7-w,33.53808655,-112.060198,200,[33.3926941,-112.2347564,33.683479,-111.8856396],[161,28,29,17,65,57,258,38,40,39,27,11,7,98,10,9,49,18,51,327]
795O0rf3MjyBWRpckaUySg,33.5048539,-111.8309171,3,[33.4391409,-111.925634,33.5705669,-111.7362002],[126,97,11,26,265]
6bAYvXZbnIFTxx7aq0OKAw,33.4330350801733,-111.905558109283,2,[33.4330350801733,-111.905558109283,33.4330350801733,-111.905558109283],[99,11]
TTC8b2uayW0QznMnaXHP6g,33.4691316,-112.0475116,44,[33.4691316,-112.0475116,33.4691316,-112.0475116],[26,11]
3z4-GP8TngD2hTZBJ47QKg,33.5687195,-112.054506,2,[33.495981,-112.08,33.641458,-112.029012],[7,8,106,54]
TNn2VU4_bSoGBjaGOfTR2w,33.49112,-112.079081,23,[33.49112,-112.079081,33.49112,-112.079081],[28,17,29]
6CeMxxcQxA-RhlSiHoGazw,33.498028,-111.927951,120,[33.498028,-111.927951,33.498028,-111.927951],[352,48,11]
Z8mmoZd8nAkG9ftmQQbw8A,33.5814339,-111.8795353,4,[33.5814339,-111.8795353,33.5814339,-111.8795353],[48,11]
G4QUNMUYE4_Pq04g9GxZww,33.449553,-112.075503,6,[33.449553,-112.075503,33.449553,-112.075503],[251,11]
NSegQ2rKzytpCoaCzuLUhg,33.5253643,-112.07454185,6,[33.4548476,-112.134443,33.595881,-112.0146407],[63,27,24,11,33,117,54,55,122,38,39]
THC7I7imU3jkhYN1ibSH3w,33.626933,-112.100731,23,[33.626933,-112.100731,33.626933,-112.100731],[212,26,11]
0hf7ydq0XXubo8S4oD6OMg,33.468551399999996,-112.075523,3,[33.4570868,-112.080631,33.480016,-112.070415],[7,449,119,108,11,120,38,48,39]
CA8m_neLG8KmpJfiQsvfaA,33.288389949999996,-111.8968595,8,[33.2611208,-112.0048589,33.3156591,-111.7888601],[382,11,127,64,65]
bcTAukv9nxjmrWnYUasArg,33.5502641,-112.03505045,3,[33.4608045,-112.1223355,33.6397237,-111.9477654],[218,41,11,49,445,66,52,57,470,145,39]
sU3HMVry5Nh4RtdsZh9ryQ,33.5852566,-111.8861319,2,[33.5852566,-111.8861319,33.5852566,-111.8861319],[106,54,226]
q72BMjX0LfvPEcIUNRBrIg,33.34192575,-111.84401500000001,7,[33.3053089,-111.9007734,33.3785426,-111.7872566],[7,142,33,44,11,38,39,99]
Mkf1wbosbr0FBwirR8151w,33.34888625,-111.91035690000001,3,[33.3350535,-111.9445749,33.362719,-111.8761389],[177,11,89]
z4MIa_kDSL6FSbY8hKlg_A,33.4020768,-111.86595675000001,5,[33.3847024,-111.9261561,33.4194512,-111.8057574],[38,7,47,88,39,48,11,224,26]
D8EE4gbAiXS3DF_HNRJfAw,33.46110151595405,-111.825865878705,184,[33.2815660319081,-111.97295665741,33.640637,-111.6787751],[57,258,88,38,99,39,11,44,185,40,145,28,17,29,49,178,333]
AuVQLRkBp_s-oTH7SPIxQg,33.451719,-111.732762,3,[33.451719,-111.732762,33.451719,-111.732762],[33,99,265,11]
GamDtveL-OO1NP7JZzcfNg,33.4940939,-112.077833,19,[33.4940939,-112.077833,33.4940939,-112.077833],[28,271]
fSRiMsAmE03IAB6XsujE8A,33.51299575,-112.0300229,11,[33.465368,-112.0836562,33.5606235,-111.9763896],[112,6,254,12,114,13,61,70,104,65,7,108,151,115,372]
5KgA-ibrECtD4Y42EtXcbw,33.5020769,-111.97475255,2,[33.493947,-112.0272041,33.5102068,-111.922301],[28,17,29,48,11]
wuTvvDBiOrX5RZJAt_gykw,33.56017395,-112.2902245,11,[33.438423,-112.341202,33.6819249,-112.239247],[7,27,48,47,11,247,8,6,45,123,65,202,72]
sQTvI2N_WT5m60ZUbTMCMQ,33.51342215,-111.99001949999999,70,[33.316694,-112.253795,33.7101503,-111.726244],[38,143,39,33,44,11,26,88,89,27,99,7,108,98,24,47,48,119,64,65,212,43,182,140,109,63,251,40,361,28,17,29,352,189,10]
vWCksqJJfYjGGdD-yb9qGA,33.5648035,-111.96288580000001,156,[33.298212,-112.0846008,33.831395,-111.8411708],[71,72,48,11,224,26,185,43,218,7,36,212,24,28,170,6,35,76,219,41,265,126,97,127,38,140,39,40,169,99,88,108,292,119,307,27,333,112,420,49,52,251,30,8,13,110,77,168,63,57,470,145,96,4,425,46,475,246,139,17,423,69,56,177,229,352,109,130,32,129,121,79,123,65,192,161,29,74,137,285,182,70,33,106,54]
640yIMkALhRVE3JYu13OsQ,33.400226,-111.90748265,200,[33.360804,-112.026154,33.439648,-111.7888113],[63,27,11,28,240,241,38,99,128,39,296,7,108,26,170]
v7L0xB1KfYvqWUtIY3Kotw,33.495084,-111.999963,7,[33.495084,-111.999963,33.495084,-111.999963],[33,117,11]
GwFBf_tczVKpBhdgb068gw,33.4969773,-111.9275971,25,[33.4969773,-111.9275971,33.4969773,-111.9275971],[101,38,26,39,11]
qFipXbhNPDZnnF2iWc36yg,33.558115400000005,-111.92267195,4,[33.4951002,-111.9286582,33.6211306,-111.9166857],[123,65,48,11]
ncFbDwW5V4RfoEkhcAPfBA,33.450421649999996,-112.0038098,28,[33.390792,-112.0800705,33.5100513,-111.9275491],[33,38,39,11,63,27,24,48,88,298,57,145,40,119,177,140,7,47,169,108,109]
31G789NB44bFSFDs5wh56A,33.493947,-111.922301,3,[33.493947,-111.922301,33.493947,-111.922301],[179,65]
3-3EVlzickV7pMi0H00jqQ,33.594892,-112.222145,1,[33.594892,-112.222145,33.594892,-112.222145],[43,11]
zoXh3JgPHR3vuQjiuOQMGw,33.306529,-111.872801,3,[33.306529,-111.872801,33.306529,-111.872801],[88,38,99,39,11]
75NNCL3VaHErnpJO3Wv7Xg,33.4566960573784,-112.072327136993,55,[33.4566960573784,-112.072327136993,33.4566960573784,-112.072327136993],[119,11]
w7fVhgCQwxDotua2ELdPGg,33.50777975,-112.03463310000001,3,[33.5024095,-112.073765,33.51315,-111.9955012],[7,8,119,11,63]
jdQk5di1AP5BJSM6LrBU-Q,33.542193,-111.925634,3,[33.542193,-111.925634,33.542193,-111.925634],[265,126,97,11]
5c4p-A1sLBlpS1cPaMpdBg,33.386259003793,-112.084363075485,28,[33.220784807586,-112.585455,33.5517332,-111.58327115097],[190,28,140,11,7,47,48,307,27,172,185,33,99,311,138,139,26,38,181,39,24]
0kGec6smAdvJL9vb8QP4OA,33.569524,-111.889631,1,[33.569524,-111.889631,33.569524,-111.889631],[98,7,11,24,63]
sEEgL7mTKtmVm8JmhiRG-g,33.493947,-111.922301,1,[33.493947,-111.922301,33.493947,-111.922301],[28,17,29]
r7rK_2Zs9AMl70qoCkdoyw,33.500545,-111.9264093,99,[33.500545,-111.9264093,33.500545,-111.9264093],[119,99,11]
LyjYIQ2hdOxdG3sukA3B6A,33.4973896,-111.9223075,2,[33.4973896,-111.9223075,33.4973896,-111.9223075],[38,126,39,11]
Tk-EPGbUSwl-FLNs5YI56w,33.622333499999996,-112.1511955,4,[33.617734,-112.235972,33.626933,-112.066419],[212,26,11,129,332,79,7,449,108]
nH0YyEYTE7RMeAbeERrSQA,33.483869150000004,-111.96047150000001,10,[33.4217383,-111.995355,33.546,-111.925588],[177,192,11,251,26,127,48,119,99,161,65]
SCFgPrGbxQWglgljsVLNzg,33.4022529,-111.91731825,13,[33.3496582,-112.0800705,33.4548476,-111.754566],[39,38,99,128,11,63,27,24,26,48]
ClvLkgSq1NrWBMBDVPdT7Q,33.49737115,-111.97231565,25,[33.4214372,-112.081655,33.5733051,-111.8629763],[109,38,27,39,11,28,190,33,126,99,224,7,8,119,88,89,36,48,24,63,142,212,43]
d1hFIfZDFQbOIyWNnoqZxA,33.510439500000004,-112.06551300000001,3,[33.497437,-112.083886,33.523442,-112.04714],[7,108]
AA6-3oFk3nfV4YXjUP2miQ,33.5242704,-112.0474619,1,[33.5242704,-112.0474619,33.5242704,-112.0474619],[48,11]
R8bC8BNEowzm7Efz2y71aw,33.580455099999995,-112.1119846,10,[33.4499,-112.1500692,33.7110102,-112.0739],[185,11,99,48,65,133,24,177,140]
ip2x9AD-muO3LkQC_CgauQ,33.5092756,-112.0718179,45,[33.5092756,-112.0718179,33.5092756,-112.0718179],[48,11]
VApo_V0lvxjtAxx4uqpMrg,33.5324161,-112.2634935,27,[33.5324161,-112.2634935,33.5324161,-112.2634935],[28,17,29]
a9iRoBGgT79tKTLnQKf4yQ,33.422728,-111.951494,4,[33.422728,-111.951494,33.422728,-111.951494],[88,38,39,89,11]
JvI-zqAqrtZOCs_rZMV4SQ,33.524561,-111.93748918675249,32,[33.413062,-112.013151,33.63606,-111.861827373505],[182,48,140,11,98,7,309,119,285,63,138,8,139,38,99,128,39,224,251,26]
2XCsVpAMsGUykrM-BBFEXA,33.25117097665735,-111.884496,200,[32.880056,-112.083991,33.6222859533147,-111.685001],[99,26,11,109,38,27,39,182,48,140,7,47,88,177,28,17,29,181,40,143,205,41,108,440,352,265,119,65,133,127,43,117,24,33,44,74,63,189,10,57,145,212,224,120,229,168,69,15,6,191,185,258,218,323,309,285]
Pw1vvgW6Jn_MEaZ6DjC6lg,33.6382038313039,-112.363443374634,1,[33.6382038313039,-112.363443374634,33.6382038313039,-112.363443374634],[251,212,11]
Hzmyl65cPJKwiPwB3pxHTg,33.4354544,-112.0070357,1,[33.4354544,-112.0070357,33.4354544,-112.0070357],[99,11]
QTbxo2e7kMApQj3Y3qm7dQ,33.4149725,-111.8941101,8,[33.4149725,-111.8941101,33.4149725,-111.8941101],[26,11]
MOCWFrky6LkSkVSTJWrMdA,33.277061,-111.860579,11,[33.277061,-111.860579,33.277061,-111.860579],[177,140,11]
tWXtEyL-LtPhSJ3nnMeXxg,33.3782224,-111.9364223,49,[33.3782224,-111.9364223,33.3782224,-111.9364223],[7,142]
kVYRVCTyN6kb-HqNOhWDDg,33.4516851,-111.77205749999999,132,[33.2774461,-112.00644,33.6259241,-111.537675],[212,11,38,39,27,219,218,41,99,177,140,205,40,7,139,108,142,375,119,292,48,474,63,26,62,17,265,126,97,57,69,28,170,49,305,224,18,29]
osGrxlDaXO20D2_7NHnCdg,33.3344463,-111.8463705,1,[33.3344463,-111.8463705,33.3344463,-111.8463705],[101,38,99,39,11]
x8n40c7W1MTWTTXsI2TxTw,33.4148837,-111.9169665,50,[33.4148837,-111.9169665,33.4148837,-111.9169665],[192,11]
Df3X54QgXrrV6ycQgm1rjA,33.451719,-111.732762,2,[33.451719,-111.732762,33.451719,-111.732762],[33,99,265,11]
5y3SuX2_zyTfD4ET9sSZ-w,33.378288,-111.85948,2,[33.378288,-111.85948,33.378288,-111.85948],[27,11]
PwemCNJqvGerNZHbSSbmFA,33.47266635,-111.94413365,39,[33.261657,-112.0984072,33.6836757,-111.7898601],[206,11,177,140,48,126,63,27,182,218,168,192,127,7,8,119,38,99,88,39,40,26,33,142,109,298,47,101,24,43,44]
WNMAyrm9x6BJlnjqPFZ3Xg,33.33933175,-111.8496567,48,[33.2233728,-111.9956337,33.4552907,-111.7036797],[7,108,79,121,224,11,28,240,241,26,99,30,8,13,6,110,48,33,44,156,43]
NBi6uhkq52FPpBg82irdqQ,33.594561,-111.7126629,1,[33.594561,-111.7126629,33.594561,-111.7126629],[43,11]
OP063NqVjZRd2lMaVbbQVQ,33.4895908,-111.92896705000001,14,[33.4860023,-111.9320931,33.4931793,-111.925841],[33,119,11,39,26,127,38,48]
g58MAVDflSeMEmlA3CYgNw,33.4224084,-111.8644947,12,[33.4224084,-111.8644947,33.4224084,-111.8644947],[26,11]
c-7doN-Ek_BjzqOmZTi3mA,33.492493,-112.07517,162,[33.492493,-112.07517,33.492493,-112.07517],[28,17,29]
8bkUFkYK9RJwz4hGLWeN4Q,33.52327245,-112.06306169999999,7,[33.42263,-112.200593,33.6239149,-111.9255304],[7,108,48,11,162,119,27]
wvnRlMi6pY3MExPsQp3ZXA,33.49351655,-112.14694475,11,[33.484439,-112.364213,33.5025941,-111.9296765],[7,189,274,6,13]
38U2qbQJ3fL15a1_WJ02UQ,33.6128816,-111.9778065,4,[33.6128816,-111.9778065,33.6128816,-111.9778065],[177,140,11]
k9ObMsoQQ-Ip-mqOoZDqfg,33.313109,-111.87430599999999,3,[33.304492,-111.875811,33.321726,-111.872801],[212,26,43,11,109,38,27,39,88,99]
S307BdufCJlyX_0eyuTm8Q,33.639342,-111.924724,9,[33.639342,-111.924724,33.639342,-111.924724],[99,11]
3iIcd5blCI_QmLv8KrXWlw,33.4492,-112.0696,8,[33.4492,-112.0696,33.4492,-112.0696],[7,108,119,11]
_iiiuZv4h2TvuWY9iaCOiQ,33.3931628,-111.9080584,1,[33.3931628,-111.9080584,33.3931628,-111.9080584],[192,11]
aPv7PCJNMJSw20DR0959wg,33.528908099999995,-111.96686514999999,27,[33.4106974,-112.0409502,33.6471188,-111.8927801],[39,63,99,38,11,260,265,33,185,119,48,26,128]
FNFJ97BmcQklkYNQNRA7Ug,33.5170109,-112.04743085000001,42,[33.3941258,-112.2194127,33.639896,-111.875449],[182,48,140,11,7,8,78,79,43,38,99,33,39,128,212,126,293,172,119,267,41,292,142,101,145,57,205,88,298,221,40,251,26,71,72,73,65,133,10,63,24]
6ZXiGoiTFl7l-bCAEfiLDA,33.4787939,-111.9259092,1,[33.4787939,-111.9259092,33.4787939,-111.9259092],[251,11]
mN5PfU_bSCFfO8SDGkxkwA,33.33985,-111.860002,5,[33.33985,-111.860002,33.33985,-111.860002],[373,196,43,11]
MixNGmkmmo6OMmqUn7nmRA,33.5019817,-111.9276185,1,[33.5019817,-111.9276185,33.5019817,-111.9276185],[38,48,39,11]
-2VqtJTmSoGFQWFIuJVZzg,33.4586723661484,-111.98227166608399,15,[33.3482841,-112.0744503,33.5690606322968,-111.890093032168],[7,139,416,47,48,11,33,108,38,39,24,177,140,119,62,17,63,134,135]
6BhR4jomGqTJiZ_vnwAXzQ,33.5305168,-112.17818704999999,10,[33.3459373,-112.392704,33.7150963,-111.9636701],[99,11,72,154,38,39,293]
rX__-z27uZvAqd14K3k3UQ,33.523891,-111.8979869,1,[33.523891,-111.8979869,33.523891,-111.8979869],[101,38,39]
QDLptJsnrinGsYxlIbMFiQ,33.5250892,-111.9253313,2,[33.5250892,-111.9253313,33.5250892,-111.9253313],[7,142,338,11]
XnLKzryyEY7PIz5W-TuNuw,33.40071275,-111.90383935,2,[33.3929982,-111.9127636,33.4084273,-111.8949151],[7,9,188,106,23,54,131]
NQLyBFykFB53TL1RmlZHTA,33.482791500000005,-111.9873156,16,[33.3947699,-112.0657374,33.5708131,-111.9088938],[33,117,48,11,26]
Hr9ttZPhEK1mU0m16YvS1w,33.6353186,-111.9221127,2,[33.6353186,-111.9221127,33.6353186,-111.9221127],[6,21]
A-enoOTuU_27tEZ6qes-9A,33.5091953,-112.0509935,2,[33.5091953,-112.0509935,33.5091953,-112.0509935],[72,287]
qMjA3zkIN9vrljEIpfMsiQ,33.6397237,-112.1223355,7,[33.6397237,-112.1223355,33.6397237,-112.1223355],[218,41,11]
dcsLIG2bT7B4Z6jj1tZZtA,33.42387465,-111.6425984,4,[33.379859,-111.6837698,33.4678903,-111.601427],[33,99,117,11,38,128,39]
M6gArGA5gjaTzznPQVOe8g,33.5108735,-112.134201,2,[33.5108735,-112.134201,33.5108735,-112.134201],[43,11]
sn3k3NO5h5qXOpbqgUizYQ,33.5005719,-112.0741143,5,[33.5005719,-112.0741143,33.5005719,-112.0741143],[7,108]
eALAVAY5EiFs6h2Fb7_GOw,33.499499,-111.927402,4,[33.499499,-111.927402,33.499499,-111.927402],[48,11]
EvypEJIyBni5PlTHU99lHg,33.40012845,-111.9043776,3,[33.3789539,-111.916969,33.421303,-111.8917862],[43,11,373,97]
rrD0-pkWZvQGcXUUAFVyCw,33.5657543,-112.0555808,22,[33.447521,-112.2245556,33.6839876,-111.886606],[309,11,119,99,26,63,27,33,126,97,57,91,43]
q_cDfvQJyzgDsRHP3AJz9w,33.2617999,-111.8602743,1,[33.2617999,-111.8602743,33.2617999,-111.8602743],[11,63]
VQEd8dFIeLcj2bSEz-2fZQ,33.4945704,-111.92047135,8,[33.493385,-111.925028,33.4957558,-111.9159147],[7,139,24,11,98,206]
Jm6vEFnHRpjsr073V8gQ4g,33.4950353,-111.9959177,1,[33.4950353,-111.9959177,33.4950353,-111.9959177],[98,7]
Zg7PKlCh802rdfrLjsfHpg,33.558594,-112.224581,5,[33.479524,-112.227821,33.637664,-112.221341],[26,11,120]
Y2R_tlSk4lTHiLXTDsn1rg,33.5377184,-112.3581024,4,[33.5377184,-112.3581024,33.5377184,-112.3581024],[149,97,11]
CKZTD59ino1MauWJCWTcRA,33.413158,-111.875779,1,[33.413158,-111.875779,33.413158,-111.875779],[251,11]
iY_jDdD4BrRMSYgn3tCDtQ,33.45102455,-111.9891921,5,[33.4225411,-112.074206,33.479508,-111.9041782],[74,27,11,24,7,47]
s0G9Z_P8gTSQF6uKgcOZ0w,33.5254094,-111.9997333,6,[33.4272811,-112.0739136,33.6235377,-111.925553],[119,11,265,27,48,309,285]
cjDK60t45u6R8Ddb4co9ng,33.5098717,-112.0124729,21,[33.5098717,-112.0124729,33.5098717,-112.0124729],[7,109,38,39,36]
7-32G6o785YHrI9VtRBliQ,33.6179517,-112.12289615,4,[33.595881,-112.134443,33.6400224,-112.1113493],[33,117,24,11,7,26]
ff1JC9PBbmMRTkMC8H1jEg,33.546467999652,-112.1676001972445,26,[33.425207,-112.3566862,33.667728999304,-111.978514194489],[11,27,63,33,49,17,152,341,322,57,39,145,26,24]
DzTMG-LBSfMeFsVdkzoKVg,33.5019817,-111.9276185,200,[33.5019817,-111.9276185,33.5019817,-111.9276185],[38,48,39,11]
OzZJGW8RR1owsIcZSUkFGw,33.320553700000005,-111.87613955,3,[33.3060616,-111.877429,33.3350458,-111.8748501],[168,42,43,11,26]
FBeskxMa7mBMEKZGJ4Rl3g,33.55997635,-111.927515299202,17,[33.421303,-111.960264,33.6986497,-111.894766598404],[251,11,224,361,212,43,57,69,48,39,293,402,373,97,63,98,7,292]
MOpFJnB5HyXdXW1sMwz7Bg,33.530654,-111.9761629,171,[33.421303,-112.0741143,33.640005,-111.8782115],[7,98,108,39,38,26,127,11,212,194,27,24,119,48,33,185,88,101,40,172,373,97,112,6,254,206,292,109,63]
ZC47g3pCTxmL3dHztCz0VA,33.625895,-111.994515,19,[33.625895,-111.994515,33.625895,-111.994515],[72,154]
bIBjalsSEguy9Tj0tN8nVQ,33.500238,-111.926921,1,[33.500238,-111.926921,33.500238,-111.926921],[126,97,11]
u0VXhLUJUDWiV-zIs3xDUA,33.548933,-112.046248,1,[33.548933,-112.046248,33.548933,-112.046248],[48,11]
zEenQ3twhHxRIhTECfqjDQ,33.43475,-112.00644,200,[33.43475,-112.00644,33.43475,-112.00644],[28,170]
J1ZYXGPwKW_BJoANXQSA-A,33.4949347,-112.0020575,1,[33.4949347,-112.0020575,33.4949347,-112.0020575],[38,128,39]
i4GXUZ4k1AeQaWAr3Z2zIw,33.5384203,-112.1839297,3,[33.5384203,-112.1839297,33.5384203,-112.1839297],[11,27,63]
omgQBi5iANkR1X4xuclMZA,33.5293874,-112.0649938,1,[33.5293874,-112.0649938,33.5293874,-112.0649938],[4,6]
WnHKsxGi0MHWBq41LyitVg,33.5100523,-111.9963126,4,[33.5100523,-111.9963126,33.5100523,-111.9963126],[206,11]
ILFtH4-XBFuOKADSldC-0w,33.4881846,-111.9608249,1,[33.4881846,-111.9608249,33.4881846,-111.9608249],[48,11]
iy4Oj7FezDYFKPtNNKo0Hg,33.5130918,-112.09112815,16,[33.5092826,-112.1089713,33.516901,-112.073285],[84,147,26,11]
PIc2khCvQ23M5ktq36wEHw,33.6543532140261,-112.083579911637,19,[33.6543532140261,-112.083579911637,33.6543532140261,-112.083579911637],[177,140,11]
qDa97FhwJqeDvlbHe1nFXg,33.329284,-111.7644715,4,[33.31081,-111.772012,33.347758,-111.756931],[99,11,63]
s_QyexyrDAu8HjI9HoInBQ,33.6662186,-111.8973754,15,[33.5818622,-111.9345638,33.750575,-111.860187],[49,80,54,59,48,11]
uoGyvhiL4hYmavwF8ru2AA,33.3569341,-111.92021125,11,[33.3351559,-111.9631173,33.3787123,-111.8773052],[7,142,43,11,27,26,74,24]
gv1-UDRZx4Z45TOaTPnWgg,33.30617,-111.9747,17,[33.30617,-111.9747,33.30617,-111.9747],[119,11]
kpIBCCozTB0J0d3SZJfjhw,33.500545,-111.9264093,10,[33.500545,-111.9264093,33.500545,-111.9264093],[119,99,11]
MlgpEb5R9L1w3NN_YbJXOQ,33.2359121,-111.789788,1,[33.2359121,-111.789788,33.2359121,-111.789788],[185,11]
674VW1R9LJb_jJIfX2tcRA,33.4953688,-111.9940154,1,[33.4953688,-111.9940154,33.4953688,-111.9940154],[177,140,11]
MlOck_3dEsKkOPYRXofk1A,33.4331548,-112.3583813,1,[33.4331548,-112.3583813,33.4331548,-112.3583813],[7,142,232]
tzgvnA_XwOMUuGPOAVZwFA,33.6123075,-112.0124654,3,[33.6123075,-112.0124654,33.6123075,-112.0124654],[6,250]
Zq-vmJCt592gFPfpBhFS-w,33.5023189,-111.9179955,2,[33.5023189,-111.9179955,33.5023189,-111.9179955],[54,55,122]
eTX1GC7t3LYm4TZylO_cbQ,33.5092093,-111.9885861,1,[33.5092093,-111.9885861,33.5092093,-111.9885861],[7,108]
BBNiPq9HWuPAnylOfIo_qQ,33.4808225,-112.0248035,106,[33.334712,-112.358704,33.626933,-111.690903],[7,108,285,185,11,127,27,38,26,39,48,251,149,229,224,119,24,88,89,206,140,292,128,212,98,99,126,97,36,109,117,214,28,442,241,49,445,66,52,57,145,40,223,33,182,96,72,101,44,32,95,222,9,10,63,47]
c2m-_6viK8KlmC0YArObtQ,33.5096045,-112.0257401,2,[33.5096045,-112.0257401,33.5096045,-112.0257401],[126,11]
EaVAmS3hGIyDAqL5hOBVpQ,33.4930514,-111.9339561,4,[33.4930514,-111.9339561,33.4930514,-111.9339561],[28,17,29]
AAeSp0LlYUQYo3pPcpHzaA,33.5013117,-111.9229643,29,[33.5013117,-111.9229643,33.5013117,-111.9229643],[38,205,39,40]
X8hjnv-PSuJ0ASItdwpzqg,33.563461000000004,-112.070668,20,[33.415194,-112.221341,33.711728,-111.919995],[7,108,57,218,219,11,33,117,24,43,96,72,73,27,292,10,98,17,152,62,26,39,38,99,128,224,210,149,63,120]
BUZnbu-xMzEymEd5w3mA0w,33.480803,-111.9345364,15,[33.480803,-111.9345364,33.480803,-111.9345364],[101,38,39]
VqSCQCva71Q-ZVcMsYfQuw,33.550201893519,-111.9847868,200,[33.266696887038,-112.1164668,33.8337069,-111.8531068],[99,11,265,206,7,46,6,28,17,29,210,212,43,63,158,48,49,368,240,241,12,114,13,115,108,98,8,119,33,44,10,38,128,39,26,168,169,57,327,23,443,27,126,97,307,40,170,30,205,221,185,161,65,24,127,465]
P-rzvhLnOji18p_EqMKXCQ,33.3943472,-111.874864,3,[33.3943472,-111.874864,33.3943472,-111.874864],[126,11]
mJ8ph-b89W32BL8g1ZIIdQ,33.445389,-111.975094,200,[33.445389,-111.975094,33.445389,-111.975094],[104,65]
ItdJbtQCJx43pQxumtbkEg,33.5019817,-111.9276185,2,[33.5019817,-111.9276185,33.5019817,-111.9276185],[99,48,11]
MuBNA8JRrXKQMh1c5eVxIA,33.4964751,-112.0839659,9,[33.4964751,-112.0839659,33.4964751,-112.0839659],[99,11]
3TVmSvMlPb7lB8voDV0j-g,33.4240085,-111.9401874,1,[33.4240085,-111.9401874,33.4240085,-111.9401874],[7,189,10,24,11]
r481s2lVtDXAn0zPgtRHyA,33.7107927,-112.2690587,131,[33.7107927,-112.2690587,33.7107927,-112.2690587],[7]
r1_Dt2mXFhfSnW5Ew5T1Rg,33.362719,-111.8761389,1,[33.362719,-111.8761389,33.362719,-111.8761389],[224,41,11]
8EWH89T6OHQ0hEpPpaK3gQ,33.369872,-111.789386,8,[33.369872,-111.789386,33.369872,-111.789386],[224,11]
ZDw4Z7uOcJVRQdqS5ONjSA,33.3779808,-111.9664404,138,[33.3779808,-111.9664404,33.3779808,-111.9664404],[119,11]
zYacR6Qq9gHuOXhIyLEPiA,33.4915779,-111.925841,4,[33.4915779,-111.925841,33.4915779,-111.925841],[119,38,48,39,11]
ww8Ot03Z2lvU25qGIlcJug,33.378062078969,-111.93822637872,6,[33.378062078969,-111.93822637872,33.378062078969,-111.93822637872],[7,108]
-SvLqaZ_VW12Gnf8kHFHOA,33.47396125,-112.1087358,50,[33.3366819,-112.3584829,33.6112406,-111.8589887],[27,11,38,128,39,26,265,33,44,43,49,80,82,59,7,8,57,99,91,168,212,119,101,142,96,72,63,10,48,47,210,127]
bsYj9aqoefsjJmCIiM56-w,33.48461545000001,-111.90958549999999,14,[33.385541,-112.135857,33.5836899,-111.683314],[26,11,44,127,7,138,139,24,117,33,142,265,185,38,101,39,128,99]
hQnuTEq_g28hWNfrRQy9GA,33.6601617,-112.1445351,21,[33.6251754,-112.2760155,33.695148,-112.0130547],[6,72,345,35,282,264,27,41,11,28,17,29,43,169]
c52b6GUfOm7g0fTQNqHDjw,33.4656139,-111.9280519,1,[33.4656139,-111.9280519,33.4656139,-111.9280519],[57,56,39,439]
tGGk6w5A1rQerKCWS3NUxw,33.53765302576385,-111.8941183367525,2,[33.500545,-111.9264093,33.5747610515277,-111.861827373505],[38,11,99,128,39,33,48]
xVAlcSGhL734ucEVn103kQ,33.43097745,-111.842247,42,[33.3786739,-111.926895,33.483281,-111.757599],[63,27,11,98,7,24]
clwdy_ucDl0xEQq8ImnF3g,33.58797695,-112.01629525,14,[33.4922985,-112.1080388,33.6836554,-111.9245517],[7,108,201,119,11,168,265,210,221,38,39,40,126,97,206,48]
N5jPkTOu3KtSZ3jNfCS77Q,33.6355242,-111.9253385,1,[33.6355242,-111.9253385,33.6355242,-111.9253385],[149,126,11]
nL-IKM-6M2qq9aLW45hW6A,33.5636926,-111.9280371,11,[33.5025941,-111.930343,33.6247911,-111.9257312],[11,63,168,48,229]
cZYywcsVsmu1lVQJlnFXBg,33.479572,-111.990256,1,[33.479572,-111.990256,33.479572,-111.990256],[289,6,35]
f2P9doabyXDo7JaZ5K7keQ,33.4139647181719,-111.9448235747375,42,[33.4033669363438,-111.973214149475,33.4245625,-111.916433],[28,17,29,127,11,49,80,59,192]
gRWUMYcQ_psvO50FUVQxiw,33.27627445,-111.87196995,3,[33.2333299,-111.885848,33.319219,-111.8580919],[265,11,224,33]
1fZrSKqNbXdwyvtAlcbtTQ,33.4367577,-111.8986434,9,[33.3346683,-111.9641728,33.5388471,-111.833114],[7,47,48,11,162,119,26]
EAUXbvlIjQdAAZI4D2jD6Q,33.46167955,-111.969403,3,[33.4211681,-111.996292,33.502191,-111.942514],[109,38,11,39,63,421,65,48]
dSwsoG_nyllvcPWj4ulIBA,33.4508902,-112.3504684,2,[33.4508902,-112.3504684,33.4508902,-112.3504684],[251,11]
qmdRG4PGjDEXazZYuFdDtA,33.4460878,-112.1814482,20,[33.3406452,-112.392714,33.5515304,-111.9701824],[451,11,26,265,119,201,24,88,38,39,89,63,98,7,99,43,120,292,48,128,296,123,65,27]
t_jYLnGYRO0zxqScljX8Rg,33.5090619,-112.035918,1,[33.5090619,-112.035918,33.5090619,-112.035918],[49,80,82,59]
zVmc8Y5xtD8MVOFzmTqFbg,33.4436688,-111.9457267,4,[33.261657,-112.0307204,33.6256806,-111.860733],[27,11,215,32]
_COYocN_LAQT37bttDfZOA,33.4940321,-111.9218306,1,[33.4940321,-111.9218306,33.4940321,-111.9218306],[119,26,185,11]
sTDnUSbnGnmsLhhFsMdkZA,33.379421,-111.923529,1,[33.379421,-111.923529,33.379421,-111.923529],[27,11]
dplWS8iR1WVG2Hd84ORRiQ,33.34921,-111.9564156,14,[33.34921,-111.9564156,33.34921,-111.9564156],[129,121,79]
qsRNxnsTbVL1ea83m-jY4Q,33.54573965,-111.6140331,21,[33.306349,-111.964558,33.7851303,-111.2635082],[33,119,99,11,6,38,7,47,88,39,48,65,133,24,89]
yvQiWvBV2nwk01Ei6yVwlQ,33.5394596,-111.9244784,3,[33.5394596,-111.9244784,33.5394596,-111.9244784],[104,161,195,65]
Xzl3sw1hZya3_e2niAqxZw,33.5145993,-111.9156663,195,[33.3897576,-111.9343636,33.639441,-111.896969],[28,17,29,7,108,62,39,119,26,38,11,109,440,33,48,307,101]
xmYcUgsqvQ2Zj6atwv0oDA,33.5024987,-111.9258947,3,[33.5024987,-111.9258947,33.5024987,-111.9258947],[7,292]
x26yZuIs4_YylYIVfDAoOw,33.47543055,-112.25030609999999,6,[33.4377111,-112.4268472,33.51315,-112.073765],[11,63,126]
frfPWeciPdetufUbQuoBbA,33.4258601,-112.0302455,3,[33.3051122,-112.065431,33.546608,-111.99506],[49,321,59,7,108,119,172,11,98]
iFl0c_-2SyJFrL2zTtP9xA,33.2617311,-111.8608449,1,[33.2617311,-111.8608449,33.2617311,-111.8608449],[99,11]
CHnneFakk0qNrLgNDDwvww,33.665863,-112.187126,2,[33.665863,-112.187126,33.665863,-112.187126],[4,5,6]
b4B5X-SVilLwN0_HJr8bvQ,33.500843700000004,-111.923862,9,[33.500545,-111.9264093,33.5011424,-111.9213147],[119,99,11,28,17,18,29]
chECojA5tp0NzBxMgQIfgQ,33.422631749999994,-111.89910105000001,34,[33.3213204,-112.1001451,33.5239431,-111.698057],[43,11,7,142,251,26,391,33,117,97,98,24,185,27,108,224,137,6,139,44,265,374,32,95,318]
XM8os2y6NM7KoTHvTHMvCA,33.3547012,-111.7897898,2,[33.3547012,-111.7897898,33.3547012,-111.7897898],[7,108,48,11]
iNPAhLyPJMS43TFnCxqEZg,33.610963,-111.927561,1,[33.610963,-111.927561,33.610963,-111.927561],[7,11,63]
MBhvsi8dJTHuaKn4v98XRw,33.59315155,-112.08514025,11,[33.487843,-112.1419746,33.6984601,-112.0283059],[26,11,38,265,39,63,27,208,6,35,33]
rTbrMmyWbAZ5RDFGKmHpOg,33.4942423,-111.9264472,1,[33.4942423,-111.9264472,33.4942423,-111.9264472],[39,119,48,38,11]
0dJPYfb_JT5OcXaZCoDe1Q,33.5963849,-112.1352697,1,[33.5963849,-112.1352697,33.5963849,-112.1352697],[25,6]
dl1shaNhR2QE4PJwxOXjug,33.498028,-111.927951,1,[33.498028,-111.927951,33.498028,-111.927951],[352,48,11]
F9HbpJhKDPRz8qGLqPX-8Q,33.491645,-112.073196,5,[33.491645,-112.073196,33.491645,-112.073196],[43,11]
gZi-ButBtvf2BeQoawEIQA,33.492962,-111.927751,2,[33.492962,-111.927751,33.492962,-111.927751],[224,11]
Lv2ba6KMa64tB_1sdHP3tA,33.53286065098115,-111.9271591425535,7,[33.4537869019623,-111.927165985107,33.6119344,-111.9271523],[182,172,11,267]
rxNRpY5n1TGktfTsx0aS-A,33.64053,-111.92477,1,[33.64053,-111.92477,33.64053,-111.92477],[65,133]
WONxf9ZYhZ0hsbkFlYLN-A,33.4675966,-111.9508933,2,[33.4327837,-111.9955012,33.5024095,-111.9062854],[168,11,7,8,119]
P0UU0ZQ5Q-TI1UxxnV1gkA,33.4566960573784,-112.072327136993,1,[33.4566960573784,-112.072327136993,33.4566960573784,-112.072327136993],[119,11]
Sfql61LUR8sDH7FFKYGJ_Q,33.4242143,-111.9993146,158,[33.4242143,-111.9993146,33.4242143,-111.9993146],[6,204,65]
fGbkhpr7-V1cl9xKzORltA,33.3171385,-111.81690800000001,6,[33.303233,-111.842532,33.331044,-111.791284],[26,11,7,33,48,47,27]
zGsGvKgD-5ZtXNzTagjbkQ,33.6288709,-111.886982,2,[33.6288709,-111.886982,33.6288709,-111.886982],[7,9,10,11]
epf35zbwJPD4snSKrb7xow,33.407561,-111.9475246,1,[33.407561,-111.9475246,33.407561,-111.9475246],[88,38,99,39,11]
1ywdfDnRYTJLj_L3FeCN0g,33.5839773,-112.089715,12,[33.4548476,-112.113011,33.713107,-112.066419],[63,27,24,11,182,48,140,7,449,108]
uI_V43flxYsPl8lajtsdSA,33.4165461,-111.836832,1,[33.4165461,-111.836832,33.4165461,-111.836832],[7,49,108,193,59]
gS6A2dX35v0k1_-m3irWag,33.475422550000005,-111.9864728,4,[33.4525847,-112.0478328,33.4982604,-111.9251128],[38,39,72,287]
6SP-1gM4JV1tXGEe1Tu45g,33.5027153,-112.04884505,14,[33.377663,-112.172642,33.6277676,-111.9250481],[6,35,76,38,140,39,40,48,11,65,133,27,33,307,49,28,190,367,99]
-U7BClJ17p8geTEemShyfA,33.463543,-112.341878,11,[33.463543,-112.341878,33.463543,-112.341878],[126,97,11]
WlB4WvFOs3RZD2wLWMC7OQ,33.5621902,-111.97857755000001,17,[33.4243474,-112.0686931,33.700033,-111.888462],[48,11,98,7,206,126,97,57,56,177,140,218,26]
78CsMT_UhldzzztEJ4HP-A,33.320451,-111.967678,3,[33.320451,-111.967678,33.320451,-111.967678],[168,11]
l_gYq9wGIHzihot_AmqeIQ,33.494907,-111.9830106,30,[33.4803679,-112.0403946,33.5094461,-111.9256266],[98,7,119,24,11,265,48,212,26,108,109,38,39,65,133,64,13,6,22,35,210,77,185,57,306,63,27]
8gYeA_FjLagyt7zAkq4ilQ,33.5102068,-112.0272041,3,[33.5102068,-112.0272041,33.5102068,-112.0272041],[48,11]
eM6e0FW7VpFOH4esaL7Qcw,33.5090018,-112.0409994,1,[33.5090018,-112.0409994,33.5090018,-112.0409994],[13,6,22,152,17,12]
SoTfK_6i0AjmH8Afc5pG_A,33.4918756799029,-111.930513381958,3,[33.4918756799029,-111.930513381958,33.4918756799029,-111.930513381958],[98,7,292,17,62]
U78_s3c0kA6ghpF9D6jXyQ,33.548792500000005,-111.9899899,40,[33.421909,-112.075677,33.675676,-111.9043028],[32,95,222,294,106,54,28,170,55,122,256,168,181,229,11,244,57,69,56]
2Z7cqmoaWKI_aZMntFho5w,33.5978919,-111.914338,8,[33.5706,-111.926576,33.6251838,-111.9021],[7,142,38,48,99,39,11,40,57,62,17,69,168,265]
AkJFqLqHHAKY3H5R8p7cPQ,33.509428903793,-111.858919875485,200,[33.220784807586,-112.1345686,33.798073,-111.58327115097],[382,11,224,168,26,7,8,6,200,434,103,126,97,63,466,106,54,242,33,119,38,39,27,128,49,445,66,52,99,265,48,24,210,193,59,47,190,28,140,89,483,46,88,40,219,218,41,202,72,127,57,327,239,307,212,43,177,446,170,109,142,18,209,17,340,108,44,82,146,341,313,192,169,29,20,472,23,195,65,475,365,137,139,182,292,9,309,285,30,13,96]
3f4iWELs16wiH7167-nCJg,33.546952399999995,-112.20144645,11,[33.4549678,-112.3553813,33.638937,-112.0475116],[26,11,109,38,39,63,212,33,119,99,126,97,140,40,48]
NVJj1a__VmEhKwRc8LiWSA,33.47893555,-111.89006025,19,[33.3480722,-111.9451471,33.6097989,-111.8349734],[251,11,63,12,114,13,6,22,224]
SxZV-iqRoO1ERfrQvKbpkA,33.4218128,-111.9511535,14,[33.3852846,-112.067833,33.458341,-111.834474],[99,11,57,69,33,119,7,108,182,172,8]
G3Cs7sIvioHfxrXKkGin1Q,33.4802295,-111.92634699999999,3,[33.477178,-111.926895,33.483281,-111.925799],[119,48,24,11,63,27]
AfyzIHPy5zds_mqf2Jdc9g,33.378059001523496,-111.82417375,12,[33.3216034,-111.9626175,33.434514603047,-111.68573],[26,11,27,126,97,99,7,292,108,177]
UYl__Kvlax2tNlzPhh-FtQ,33.4471735,-112.073781,3,[33.4471735,-112.073781,33.4471735,-112.073781],[48,11]
-NtKVp1_sGpgVQkaFSO7SA,33.415073,-111.726788,1,[33.415073,-111.726788,33.415073,-111.726788],[311,11]
PpheUVPmREDFRlk6Ldk7ag,33.4194512,-111.915926,60,[33.4194512,-111.915926,33.4194512,-111.915926],[38,7,47,88,39,48,11]
u-hjbWO4-kvfF0c03q8JOA,33.393928975012,-111.93145489964499,7,[33.281656950024,-112.0739253,33.506201,-111.78898449929],[7,194,26,11,108,57,56]
8CuRrl5gZ4Ylv_3-kkFv8g,33.522031600000005,-111.9832132,7,[33.466104,-112.081655,33.5779592,-111.8847714],[26,11,48,24,38,140,39,40,7,36,99,157,103]
PCiFgXlpRpkYyMISX2uajg,33.51900165,-111.94691635,200,[33.4920033,-111.96828,33.546,-111.9255527],[161,28,65,17,29,98,7,108,127,11,126,97,46,6,440,260,182,99]
HTwTPtkV-G4PMOR4LN7q9Q,33.65413505,-111.94592159999999,5,[33.6247911,-111.966112,33.683479,-111.9257312],[11,63,161,28,29,17,65]
Jdd6pzlYgL8h7OoW2-JzYA,33.287581,-111.8676475,5,[33.261388,-111.87806,33.313774,-111.857235],[24,11,26,7,142,49,80,59]
1c-64uW6iIkADJsyCiDxHw,33.5102068,-112.0272041,68,[33.5102068,-112.0272041,33.5102068,-112.0272041],[48,11]
FqthOa35iYQWwJ29hlHvNg,33.371175199999996,-111.87971535,37,[33.306896,-112.0070357,33.4354544,-111.752395],[99,11,43,126,48]
p4AkpKn4p71poS3U3zJP9g,33.3999435,-112.0297841,2,[33.3999435,-112.0297841,33.3999435,-112.0297841],[185,11]
Yqwt6k2s39cCrQzvTLM6lQ,33.330435,-111.98029,1,[33.330435,-111.98029,33.330435,-111.98029],[88,38,39,11]
3FvrrKAKfDvKXtayZvEklA,33.316873,-112.004102,1,[33.316873,-112.004102,33.316873,-112.004102],[27,11]
F5ffMTVBh8ruqFeGIItyiA,33.50280755,-112.0093316,8,[33.421657,-112.0739142,33.5839581,-111.944749],[168,181,229,11,182,218,307,48,265,38,39,224,26,71,72]
yHllpIen7qidlicr7-QUjA,33.341546,-111.7219795,18,[33.303233,-111.842532,33.379859,-111.601427],[27,11,126,39,38,99,128,7,33,48,47,63,26]
JihJl2KnfTrKOwWJu4mwVw,33.6004182,-112.2826375,120,[33.6004182,-112.2826375,33.6004182,-112.2826375],[99,41,11]
tF1qQ5Ik8tb1xtXcU-eW_A,33.45047015,-112.0741669,142,[33.4504575,-112.0743441,33.4504828,-112.0739897],[28,17,29,39,298,57,145,11]
Cx9PbFydr_O3ptScw3_Iiw,33.3966762,-111.96901360000001,6,[33.2988934,-112.0373761,33.494459,-111.9006511],[99,11,49,119,178,63,27,38,88,39,40]
kxeD5RuRWMjx__veKu_dmw,33.4938414,-111.9268138,2,[33.4938414,-111.9268138,33.4938414,-111.9268138],[27,11]
65FYGtidHJzqECNfouJKdg,33.539257,-112.181569,2,[33.539257,-112.181569,33.539257,-112.181569],[251,11]
2uceLKGaFchNmRJQF54hwg,33.4471735,-112.073781,1,[33.4471735,-112.073781,33.4471735,-112.073781],[48,11]
t9d2XrUmE3Hdv6WcAI2vHA,33.408232346163,-111.88895784504,3,[33.408232346163,-111.88895784504,33.408232346163,-111.88895784504],[71,72,287]
Z0_C4HRVvkLkyEsVGGMnkg,33.4052731,-112.0604489,161,[33.243555,-112.26167,33.5669912,-111.8592278],[57,69,7,8,43,11,33,38,39,27,4,6,63,212,41,84,385,124,98,10,9,99,47,48,202,72,281,269,26,120,24,200,284,35,142,186,333,109,184,128,140,40,119,139,416,36,117,470,145,292,68,366,208,327,15,191,92,123,65,137]
_lr5PweCiZTa8FHysPVwuw,33.604124,-112.05487625,9,[33.546,-112.1883568,33.662248,-111.9213957],[163,13,6,118,11,63,212,43]
i2TRnWtvxxwJuynRKrw35Q,33.439814934987595,-112.34233445,103,[33.2185177,-112.84284,33.6611121699752,-111.8418289],[119,99,11,38,39,7,162,108,24,57,69,48,292,26,127,109,63,27,306,84,336,28,17,18,29,142,98,145,54,55,122,256,13,6,115,372,61,182,218,307,139,40,225,250,168,181,229,71,72,275,269,339,212,43,33,192,206,134,135]
tYncSGV3qDGJ0h9ly6DWdg,33.5048324,-111.92498044999999,11,[33.4354553,-112.1345677,33.5742095,-111.7153932],[11,26,212,38,140,39,40,48,57,99,7,36,69,30,8,13,6,110,44,103,45,309,285]
rEC7RWjff8jWlRlty_tL9A,33.42140045,-111.885347,10,[33.377348,-112.052224,33.4654529,-111.71847],[7,162,27,11,99,24]
fnVxPHUOEEX4m4PhlzrsxA,33.494999050000004,-111.92118095000001,2,[33.4942423,-111.9264472,33.4957558,-111.9159147],[39,119,48,38,11,49,193,82,59]
hnEZBKUK1gJm_ebZQ5q3Sg,33.5041143,-111.98681065,11,[33.4765807,-112.047101,33.5316479,-111.9265203],[265,11,17,18,26,7,108,38,39,40,63,49,193,59,194]
rnUsWuzJndMoSy28RbPMMQ,33.4437257,-112.152558262122,25,[33.3777494,-112.395467777214,33.509702,-111.90964874703],[30,8,13,6,7,110,117,11,194,239,43,41,26,33,96,72,71,127]
sq2dHN98rFZs3biJe4-M9Q,33.5299632,-112.0606574,81,[33.43475,-112.1148748,33.6251764,-112.00644],[28,170,17,29]
