EAvzjtPx7kBk83GCWiaSDA,33.5130361,-112.08681055,4,[33.500805,-112.0995348,33.5252672,-112.0740863],[33,11,4,5,6]
BVpJ98Wdm_jCvnCGYGkPmQ,33.495435650000005,-111.92731094999999,2,[33.4874997,-111.9289893,33.5033716,-111.9256326],[7,142,108,145,57,39,351]
NJNB36DvrwtdCTL5fQjbPQ,33.625484,-111.891628,1,[33.625484,-111.891628,33.625484,-111.891628],[26,11]
0UCJ882-ndH5BZFmffCVPQ,33.4373518,-111.7181797,18,[33.4373518,-111.7181797,33.4373518,-111.7181797],[11,63]
yTAfeydj3Qc6zGc3IrT7CQ,33.5377184,-112.3581024,1,[33.5377184,-112.3581024,33.5377184,-112.3581024],[149,97,11]
MI5sh-y2Kf5vCgnx9SbsyQ,33.480017,-112.031501,3,[33.480017,-112.031501,33.480017,-112.031501],[57,56]
bilPgE5pYpLEhMpCR7qWhg,33.389210558401004,-111.936759486445,15,[33.3712587,-111.9631624,33.407162416802,-111.91035657289],[404,451,11,71,72]
JopzNRMvBxIc_M5pZfoK7Q,33.5105875,-112.07914172824849,16,[33.452835,-112.168103456497,33.56834,-111.99018],[168,181,229,11,24,119,28,17,29,26]
yb-84fk0Li-GNn4ofTqDDQ,33.458871,-112.077177,13,[33.458871,-112.077177,33.458871,-112.077177],[11,206,63]
Aov0kwDQDFVkxUp5xanJew,33.379424,-111.8747445,3,[33.379424,-111.8747445,33.379424,-111.8747445],[337,32]
iey5JDBaCXQskzHHPQ7qAw,33.31581,-112.0353495,40,[32.97846,-112.26167,33.65316,-111.809029],[26,11,33,44,49,265,146,39,298,57,145,7,8,168,99,38,40,46,13,6,30,18,17,119,327,36,24,144,181,48,248,250,72,28,241,394,395,97]
hSvFBW1aMey4QL6ZNVIDig,33.4806776,-112.1091081,1,[33.4806776,-112.1091081,33.4806776,-112.1091081],[11,27,63]
8-1RGbe_i2ThH9b7Lbdyhg,33.4637716,-111.93636635,12,[33.303233,-112.0830342,33.6243102,-111.7896985],[24,11,89,126,97,7,33,48,47,26,71,72,63,27,292,99]
6vC91KgCxfgkX4TxVPRS9A,33.4982894,-111.9275491,21,[33.4982894,-111.9275491,33.4982894,-111.9275491],[7,108]
EQZjeyvQRe0xnEYcV_eK0A,33.4909271,-111.8205267,81,[33.2452342,-112.1490084,33.73662,-111.492045],[224,11,7,33,48,47,149,97,63,168,99,185,26,24,39,38,128,109,27,127,1,301,32,302,177,296,142,49,146,341,28,170,140,192,44,57,145,251,6,35,69,102,190,103,8,4,212,361,54,55,122,43,74,148]
t7mtyQqUnzfyXjLMjzXEuQ,33.509159600000004,-111.96931925,200,[33.3273522,-112.1490084,33.690967,-111.7896301],[149,97,11,78,79,7,138,8,139,168,42,43,212,361,28,170,38,298,88,39,33,71,72,297,288,32,26,14,15,6,148,27,224,126,182,172,292,108]
YxYRrjhxyGFoQ5Rp4CpkKQ,33.303233,-111.842532,22,[33.303233,-111.842532,33.303233,-111.842532],[7,33,48,47,11]
0h-zgSpIEOszOxDS5oLNLg,33.6089688676045,-111.988266438287,4,[33.577348435209,-112.0474847,33.6405893,-111.929048176574],[63,27,11,32,95,222]
-O2o0FqkVLQNmUNqQOPjFQ,33.492335,-111.9236549,2,[33.492335,-111.9236549,33.492335,-111.9236549],[38,99,39,40,11]
OxFXJ-5YF-muSpSz-lm32w,33.603162749999996,-111.933660788828,6,[33.5852566,-111.981189677656,33.6210689,-111.8861319],[7,98,10,9,11,224,212,106,54,226]
6qR_iAYO1RSNtbIZnMCaaA,33.422728,-111.951494,3,[33.422728,-111.951494,33.422728,-111.951494],[88,38,39,89,11]
txhcx7Rvjr7mBVdF4mgHwA,33.4566960573784,-112.072327136993,141,[33.4566960573784,-112.072327136993,33.4566960573784,-112.072327136993],[119,11]
VO_L_lbT7v6ni0El2Tp1ng,33.4053183,-111.97459309999999,23,[33.3056067,-112.0823438,33.5050299,-111.8668424],[168,11,99,33,44,265,185,57,39,145,63,27]
KZBMpJ9MxPGm2OL6LFKGmA,33.61357635,-111.9049803,3,[33.4950947,-111.9641728,33.732058,-111.8457878],[38,140,39,40,48,11,168,33,117]
Z0nf9DUMeCJkT-r0BCc57Q,33.33605,-111.844836,1,[33.33605,-111.844836,33.33605,-111.844836],[48,296,11]
lxZSVeJz6KEBW1nlA3JKJg,33.4360415,-111.9956337,200,[33.4360415,-111.9956337,33.4360415,-111.9956337],[28,240,241]
lsf0_tqpK6NBzzTw0H880Q,33.5021153,-111.9194323,2,[33.5021153,-111.9194323,33.5021153,-111.9194323],[136,17]
W-WxJLtaBMU84LhTIQQ87w,33.62206635,-112.04729035,6,[33.5744834,-112.231662,33.6696493,-111.8629187],[168,41,11,126,97,338,382,206,48]
3TGup17SCV6uHsifmTKirg,33.4893645,-111.96490804999999,131,[33.305062,-112.0744503,33.673667,-111.8553658],[39,119,48,38,11,57,327,126,99,44,7,108,71,72,37,32,49,52,333,326,293,93,3,189,10,24,27,265,97,128,341,154,168,1,384,436,26,127,33,376,40,66,450,335,202,36,8,47,88,69,182,84,147,142,117,46,6,63,45,65,148,204,224,109,140,134,135,192,229,17,62,194,212]
oPwFc3ae4Rh8JT7xfumOVQ,33.450729249999995,-112.07076574999999,20,[33.4487652,-112.0714186,33.4526933,-112.0701129],[38,11,99,128,39,28,17,29]
B6W32wiSP_oGKff4poFb6A,33.47836935,-111.95627615000001,133,[33.4483606,-111.9866864,33.5083781,-111.9258659],[28,17,29,161,65]
rRX4t7fRt-JRoXdoC_Ca9w,33.563600300000004,-111.9606162,4,[33.5024095,-111.9955012,33.6247911,-111.9257312],[11,63,27,26]
3FSWGbzPECH20C9D2v4X1Q,33.6691088,-112.2029357,2,[33.6691088,-112.2029357,33.6691088,-112.2029357],[11,63]
3UJ_FAplzIIc-G1gp5IbrA,33.449233,-112.065458,4,[33.449233,-112.065458,33.449233,-112.065458],[27,11]
yIYQewxT56mvIDLuBm7k9Q,33.47372545,-112.07988225,32,[33.4150348,-112.2634935,33.5324161,-111.896271],[38,273,39,28,17,29,224,11,182,48,140,119,63,27,10,24,74,7,47,88,99,127,212,26,98,192]
Drkbz8w78LNvlSBNwm6Icg,33.64334,-111.899055,1,[33.64334,-111.899055,33.64334,-111.899055],[54]
AKF1LzMZjMc1UJFeBiaPGg,33.4951558,-112.0010198,2,[33.4951558,-112.0010198,33.4951558,-112.0010198],[224,11]
sTLoavKyIGXnIYH-v1TOWw,33.42779905,-112.01500139999999,4,[33.331655,-112.0478898,33.5239431,-111.982113],[137,7,6,139,33,119,99,11]
VD9tnxijOyb67EO4t6E8fQ,33.623261,-112.391859,2,[33.623261,-112.391859,33.623261,-112.391859],[26,11]
-PF9LxR94ntpwr-lkK_0pg,33.5005719,-112.0741143,1,[33.5005719,-112.0741143,33.5005719,-112.0741143],[7,108]
rszuPsjf9vOpcqL_t2-L2g,33.54286245,-112.0548317,22,[33.4587919,-112.1156244,33.626933,-111.994039],[12,61,13,6,114,177,140,11,7,142,292,38,101,33,39,128,48,185,194,239,98,10,192,88,47,212,26,210,265,119,99,63,108,115,372,27,57,145,40]
Tm9BGrnnfIi6DjoX8CG6aQ,33.59173145,-111.89694687617799,20,[33.5277785,-111.9300279,33.6556844,-111.863865852356],[265,11,26,414,13,6,7,36]
_TfzMPtfO1LZRHHedDsoVw,33.4404125,-112.28679299999999,8,[33.370799,-112.585455,33.510026,-111.988131],[26,11,48,7,142]
cgMqXAgrXwD914xAbCVhdQ,33.4027095,-111.9664365,4,[33.313774,-112.073196,33.491645,-111.859677],[26,11,89,38,140,39,40,48]
W8Ink4fQ5gm7W8YyllAreg,33.42263,-111.940813,13,[33.42263,-111.940813,33.42263,-111.940813],[48,11]
cLS3rJy981d3lXlpyCgpUQ,33.6529305,-112.0740485,8,[33.639896,-112.203707,33.665965,-111.94439],[340,210,11,26]
r1yKgEmu7cJgw4u1MnId-A,33.5510895,-111.9040085,9,[33.277061,-111.9490283,33.825118,-111.8589887],[119,11,177,140,43,219,218]
JzjwvIzBA581SwJ7y2yCTA,33.4528299,-112.06990105,24,[33.449233,-112.0743441,33.4564268,-112.065458],[39,298,57,145,11,126,97,212,27]
fmDaKTIgBuenDlqK6hND0A,33.5229858,-112.0476585,3,[33.5229858,-112.0476585,33.5229858,-112.0476585],[48,11]
WifxG5NtC0VAGlUo8StrBg,33.5445794,-111.9265791,200,[33.5019817,-111.9276185,33.5871771,-111.9255397],[26,11,307,212,43]
ZZWJQ93Bjc6X3kl4mDHZKA,33.667728999304,-111.978514194489,6,[33.667728999304,-111.978514194489,33.667728999304,-111.978514194489],[322,57,39,145]
G_iTtdxrspR_49eeaJ1Lmg,33.4770603786892,-111.9993112684965,30,[33.4566960573784,-112.072327136993,33.4974247,-111.9262954],[119,11,177,140]
1Ri3pmwcT28y_b9hWmlLDg,33.48979335,-112.0425103,38,[33.4702022,-112.0653186,33.5093845,-112.019702],[182,172,11,98,7,36]
EHQNJtwdnhM9AqRL6i4RXg,33.499006,-111.926703,12,[33.499006,-111.926703,33.499006,-111.926703],[39,212,126,293,11]
ylyVSS7H5NJPpu90swck3A,33.48315035,-112.0582174,4,[33.4587437,-112.0775732,33.507557,-112.0388616],[27,11,182,48,140,108,7,139,137,142,119]
StzOSadOatDwoAx2XEHdmg,33.5304844,-111.92204945,186,[33.4939313,-111.925634,33.5670375,-111.9184649],[161,65,265,126,97,11,28,158,17,29,26,185]
rQ8RfN-SV28DTB6SbOIkBg,33.2851057,-111.8913243,1,[33.2851057,-111.8913243,33.2851057,-111.8913243],[246,17,152]
GDMupNhDArMGwmS3W_T0zA,33.626109,-111.924591,1,[33.626109,-111.924591,33.626109,-111.924591],[65,133]
7NXwfkjpVyHqaLGTnV5HXw,33.4246607092755,-111.93065285,4,[33.394030718551,-111.9878697,33.4552907,-111.873436],[43,11,63,27]
MtRyQ6rgvAuXeZNBPD6hGg,33.5102803,-112.0720329,11,[33.5102803,-112.0720329,33.5102803,-112.0720329],[49,193,59]
dcVvIrMmaKbq3oCQAh2uqw,33.348162,-111.9819,1,[33.348162,-111.9819,33.348162,-111.9819],[26,11]
7a1gKzTDUoHoKab2GhtuTg,33.6464133,-112.2365732,1,[33.6464133,-112.2365732,33.6464133,-112.2365732],[265,126,11]
14bgguiSxzUWO4NE_p6bNQ,33.4949678,-111.9241443,2,[33.4949678,-111.9241443,33.4949678,-111.9241443],[11,63]
pEZFgewgaffnexMQY1oaYA,33.569138499999994,-111.92420849999999,16,[33.4922985,-111.9313599,33.6459785,-111.9170571],[39,119,48,38,11,210,33,265,28,158,17,29,168]
mKw56IS2VaVALkS4tEqXSg,33.481851649999996,-111.8078729,11,[33.4678903,-111.931976,33.495813,-111.6837698],[64,65,33,99,117,11]
hwB4sfkn9oKhFcoIOj66Vg,33.56891215,-112.0936835,31,[33.422728,-112.235873,33.7150963,-111.951494],[48,11,99,7,142,338,382,206,33,38,39,26,88,89,8,182,140,27,185,63,126,97,62,17,40]
KrhZ_WrYR6_OREyN0NLhxw,33.334619,-111.84268,1,[33.334619,-111.84268,33.334619,-111.84268],[340,201,11]
zD6BIs6XszwA7xs-E8DHYA,33.3549553,-111.7897347,2,[33.3549553,-111.7897347,33.3549553,-111.7897347],[109,38,11,39,63]
lqSCM0niuXsKUvkPd59PzQ,33.489906500000004,-111.9183951,3,[33.479268,-111.9264472,33.500545,-111.910343],[7,8,65,133,39,119,48,38,11]
3-OPSSdyXE2J5s-JLlL8bQ,33.4487268,-112.0737094,3,[33.4487268,-112.0737094,33.4487268,-112.0737094],[7,108]
hVb24eA2rjTouehbywmzXw,33.5092756,-112.0718179,2,[33.5092756,-112.0718179,33.5092756,-112.0718179],[48,11]
Ej1DUryBsZcw8Gqs6k9tQQ,33.5821293,-111.8935818,2,[33.5821293,-111.8935818,33.5821293,-111.8935818],[185,11]
pRdQuLa2PqAQgH0aSlafEg,33.4986286,-111.9224398,1,[33.4986286,-111.9224398,33.4986286,-111.9224398],[28,388,241]
KoQe25UO_hZveD9rJFBzpQ,33.497097,-112.2241415,3,[33.484439,-112.364213,33.509755,-112.08407],[185,11,63]
3ag9bsVrLYMFfSxY7m_Y2g,33.401708,-111.94844495000001,4,[33.3780766,-111.9570367,33.4253394,-111.9398532],[26,11,465,57,39,145]
XWpNrihkFb2iLVAI0G_Rkw,33.3816058,-111.9073789,2,[33.348162,-111.9819,33.4150496,-111.8328578],[84,86,27,11]
bbF8SlbLFg4EqlU5Hyr-Rg,33.64073,-112.0898,4,[33.64073,-112.0898,33.64073,-112.0898],[71,72,184,297]
6I03vCK7mi0wVEoMyEl9WQ,33.2770005,-111.87675542178,8,[33.2475,-111.87918,33.306501,-111.87433084356],[48,11,7,142,24,99,26,251,43]
4D5izgEEAjom18-2eunU6g,33.3922795,-111.7525453,10,[33.3922795,-111.7525453,33.3922795,-111.7525453],[265,11]
ldKpNM_Rkqb0yvvewA0Eqw,33.436344950000006,-111.95343925,11,[33.3358289,-112.0478898,33.536861,-111.8589887],[26,11,119,120,137,7,6,139,108,5,4]
vsXP832M0kOxKpfduD7dWw,33.59367655,-111.93285115,200,[33.313774,-112.2641158,33.8735791,-111.6015865],[7,8,48,24,11,65,133,352,38,128,39,99,109,210,142,30,13,6,45,57,327,119,41,127,44,26,214,17,152,114,185,201,137,139,27,126,161,49,52,43,63,69,40,4,5,212,87,108,247,20,23,243,56,251,181,193,59,292,62,177,140,33,84,345,346,204,339,117,168,265,98,224,340,192,47,51,15,191,322,120,18,88,338,382,206,205,404,451,21,134,135,89,112,151,373,80,82,202,72,281,145,298,78,79,10,113,77,35,36,101,97,182,93,3,309,285,66,229,306,403,121,71,354,269,296]
xxrDbp8-4k894KJxhHPb1Q,33.465368,-112.072134,1,[33.465368,-112.072134,33.465368,-112.072134],[12,13,6,22]
EJu5peGoO4tzop0pQtgHgA,33.47081,-112.070704,68,[33.3318211,-112.216864,33.6097989,-111.924544],[11,63,7,8,38,6,145,186,57,39,40,14,15,137,139,12,61,13,114,333,108,142,126,97,244,70,182,172,26,36,247,99,128,185,27,25,224,79,121,48,49,469,212,119,43,84,112,254,339,127,265,307,56,24,262,33,88,298,92]
q4KbDme9mfxDVuCeKjh15A,33.5094936,-112.03626495,3,[33.5092104,-112.07679,33.5097768,-111.9957399],[155,54,38,48,39,11,65,133]
149TG2N64ClIN5OLrEUbAQ,33.5116737,-112.0653185,8,[33.5116737,-112.0653185,33.5116737,-112.0653185],[210,11]
mxzeLoIHqLtcnlA9XjxIBw,33.551558,-112.270119,4,[33.551558,-112.270119,33.551558,-112.270119],[161,65,133]
VmNFT0iOyo4BJq_KHHsd0w,33.3727796,-111.93636914999999,14,[33.360804,-112.0129013,33.3847552,-111.859837],[229,11,49,158,178,28]
QoA_alwl4kxtLcK49uVfMA,33.3972735,-111.92463425,5,[33.3023282,-112.0265945,33.4922188,-111.822674],[168,42,43,11,259,260,48,7,292,142,54,242,195,65]
6vtWXf82wtkS7RNwbCSb0A,33.38600015,-111.8664645,6,[33.3681003,-112.004661,33.4039,-111.728268],[106,54,280,11,185]
5Cd1PcOXMXxEkFuH6t6ujA,33.50687035098115,-111.9962358925535,6,[33.4537869019623,-112.0653058,33.5599538,-111.927165985107],[182,172,11,26,7,139,194,423,17,18]
c1R7QhzR2n7g8qmvUt1yfw,33.4691316,-112.0475116,200,[33.4691316,-112.0475116,33.4691316,-112.0475116],[26,11]
9ZDiDjfWGvclLWcL8sB9rw,33.396997850000005,-111.9205465,28,[33.2997534,-112.077177,33.4942423,-111.763916],[126,11,49,80,82,59,33,119,78,79,7,108,24,38,57,39,145,84,48,224,206,63,15,6,191,26]
j9CYALELapJci8kQ61_7Cg,33.3329995,-111.89075935,5,[33.2475,-111.940305,33.418499,-111.8412137],[61,13,6,251,43,11,65,133]
YZK5lrRouL5T3tt9DKK40g,33.342144161532204,-111.9044971186905,7,[33.3339883230644,-111.931256,33.3503,-111.877738237381],[31,32,174,54]
8hh8N3MgUomLYi-N1tus1g,33.4922985,-111.9245517,10,[33.4922985,-111.9245517,33.4922985,-111.9245517],[210,11]
KT4-9s8cvJG2AC4xgOvckw,33.46204125,-112.0061447,11,[33.2853079,-112.1709674,33.6387746,-111.841322],[49,4,5,6,367,99,120,11,7,162,108]
HCiupvotTIKR6hnGrZn21w,33.527148999999994,-111.978036,17,[33.42135,-112.031266,33.632948,-111.924806],[7,36,8,65,133,265,11,28,240,241,251,39,38,26,128]
TfblpDqXHkLCTy939YHy5Q,33.4900752,-111.99989274999999,4,[33.455863,-112.072167,33.5242874,-111.9276185],[119,99,11,212,38,48,39,127]
sHkYgqrsV0m22JNvuYmRmg,33.8644291,-112.1353054,1,[33.8644291,-112.1353054,33.8644291,-112.1353054],[43,11]
tB5eIYNqgARL7eJGDRry0A,33.5336234,-111.9652641,73,[33.5336234,-111.9652641,33.5336234,-111.9652641],[161,28,65,17,29]
rOIJDvX4vIwvUDrIEpg_dw,33.4806776,-112.1091081,4,[33.4806776,-112.1091081,33.4806776,-112.1091081],[11,27,63]
rl_o0q8z-Rv9bneDafM0KA,33.37118205,-111.82643295739749,109,[33.3210491,-111.928947,33.421315,-111.723918914795],[373,97,11,7,108,43,168,42,24,6,204,65,251,212,41,39,57,293,402,185,162,26,64,99,33,44]
pYg1esX8XPdAGn28OqBnGw,33.40986540098115,-111.8929561925535,8,[33.3659439,-111.927165985107,33.4537869019623,-111.8587464],[182,172,11,149,224]
NB9ICNh5b8WgxI7gmBgw6A,33.5123186,-111.995355,17,[33.5123186,-111.995355,33.5123186,-111.995355],[119,99,11]
6VtrRxBV_MZw0H7qFP-gvw,33.626933,-112.100731,57,[33.626933,-112.100731,33.626933,-112.100731],[212,26,11]
oLCFQISQsHeanLjuqD_Pjg,33.497981,-111.927413,2,[33.497981,-111.927413,33.497981,-111.927413],[64,347,65]
Digor1076PZe3S6tUIi__w,33.418418,-111.84057,5,[33.418418,-111.84057,33.418418,-111.84057],[38,26,39,11]
ftQw8VyaTkd5xwRqBCMtcg,33.4942423,-111.9264472,1,[33.4942423,-111.9264472,33.4942423,-111.9264472],[24,11]
1rTcvKx6A5YV-VWsHfF6oQ,33.3805962,-111.75452,2,[33.3805962,-111.75452,33.3805962,-111.75452],[33,99,44,11]
O-LKkHOvcYqeNeqS7rx0mg,33.3022008,-111.8410615,2,[33.3022008,-111.8410615,33.3022008,-111.8410615],[119,11]
Kkz3_bpUzA3nIHGp1GWUgw,33.612378449999994,-111.9956684,5,[33.5839581,-112.0124697,33.6407988,-111.9788671],[198,23,7,8,57,69,182,218,307,11]
6sLXgjzhBIRIqnJ0sMTaTQ,33.4844434,-112.364207,8,[33.4844434,-112.364207,33.4844434,-112.364207],[28,241]
bfQPs9TR4t9-vEbleBrGWQ,33.494108,-112.287703,1,[33.494108,-112.287703,33.494108,-112.287703],[43,11]
WUgQr39_s_P9RhaOryBtgA,33.314193385585995,-111.7328153060425,5,[33.307325126378,-111.74171169729,33.321061644794,-111.723918914795],[265,11,99]
CEN-patuwf9f9yvOGeTfxA,33.62477405,-111.92932905,82,[33.624757,-111.9329269,33.6247911,-111.9257312],[48,11,161,65]
1q7w4vkNOj0JvJzY2uQxTA,33.44259905,-111.89083275,31,[33.384398,-111.9227925,33.5008001,-111.858873],[39,205,119,11]
ruRbhtptqV1ygJS6xVnvNQ,33.504051000000004,-111.9260245,108,[33.501161,-111.926536,33.506941,-111.925513],[475,48,11,206]
GPQUoGcf2DEQvLO9efEscw,33.497617500000004,-111.96305229999999,19,[33.425711,-112.0364736,33.569524,-111.889631],[39,119,26,38,11,33,44,7,47,48,128,98,24,63,169]
DFksPtbvKfJJaAsJWJU9-A,33.383392403792996,-111.775775575485,10,[33.220784807586,-111.96828,33.546,-111.58327115097],[78,79,26,127,11,27,190,28,140,64,65]
tk2SeJ31DS8NO5wvdShKew,33.502239,-111.9325368,1,[33.502239,-111.9325368,33.502239,-111.9325368],[119,11]
9fV9BJKauqGtiNFZZEXOzQ,33.421558,-111.945394,1,[33.421558,-111.945394,33.421558,-111.945394],[27,11]
59JsZqiwc_yDEk1l6xhnKA,33.158842,-111.865246,6,[32.894956,-111.983142,33.422728,-111.74735],[49,50,52,88,38,39,89,11,43,26]
fMyKbyYY9Poy9B_1QZPKcg,33.44159915,-111.910588505081,40,[33.2997534,-112.0800705,33.5834449,-111.741106510162],[84,71,72,73,158,28,7,108,24,11,63,27,127,48,96,49,341,10,44,57,69,148,154,26,14,15,141,345,6,43,185,92,119,99]
5xLxCVGD1P6g_kUqMtk8WA,33.421983,-111.947744,1,[33.421983,-111.947744,33.421983,-111.947744],[6,270]
bKPgMh4YPtob9nmO7kE4Mg,33.49447,-111.924226,200,[33.49447,-111.924226,33.49447,-111.924226],[38,39,28,17,29,11]
cPuguAdLib9Ckqnt8IKRyQ,33.476144,-112.07213505,4,[33.4517161,-112.0764371,33.5005719,-112.067833],[57,39,145,7,108,119,11]
UF9qIKnO7jUVj7oxeqI6PQ,33.414345,-111.913031,1,[33.414345,-111.913031,33.414345,-111.913031],[192,11]
RHV73wO2I9djxHJ6g3zbXg,33.4194512,-111.915926,2,[33.4194512,-111.915926,33.4194512,-111.915926],[38,7,47,88,39,48,11]
y3WjJEGyL7iL2L1AYjj2fw,33.50221485,-111.92808805,105,[33.4960516,-111.9303102,33.5083781,-111.9258659],[38,39,40,161,28,65,17,29]
9FB4JTFD1rIaVQSi-MMUSg,33.5061711,-112.0647931,1,[33.5061711,-112.0647931,33.5061711,-112.0647931],[7,292]
0ubdcS2JKcSD8UfSZOa9sw,33.4743013,-112.0649235,1,[33.4743013,-112.0649235,33.4743013,-112.0649235],[27,11]
cHwny90PRas-fzAYQMxlHA,33.5123186,-111.995355,3,[33.5123186,-111.995355,33.5123186,-111.995355],[119,99,11]
5aIwvlUsOqUZexGEc-iVjA,33.397300403793,-111.8280573371885,31,[33.220784807586,-112.118439674377,33.573816,-111.537675],[168,99,11,7,108,190,28,140,43,185,49,312,146,17,152,33,44,42,8,6,116,36,113,57,91,51,305,96,72,224,250,251]
ULaEXc_OfmOzMcpEUExAJA,33.362789,-111.961581,9,[33.319412,-111.98374,33.406166,-111.939422],[65,133,54,55,122]
MjZ6z5wQk--uofMzZWXjdg,33.390035,-111.9320793,19,[33.279525,-112.0739136,33.500545,-111.790245],[26,11,48,33,181,285,185,265,309,7,36,99,194,239,43,24,38,39]
1uHPzP0hYNVDvuHVPSKNQA,33.637173,-111.89659420000001,136,[33.542193,-111.9403254,33.732153,-111.852863],[210,11,33,265,48,28,17,29,126,97]
oOqoh6C8lAFpiguFou35ZA,33.602895950000004,-111.9253267,3,[33.581877,-111.9255304,33.6239149,-111.925123],[48,11,27]
-MN057te_2rwqh-cdCafaQ,33.54478575,-111.77783635,107,[33.456993,-112.0636277,33.6325785,-111.492045],[119,99,11,28,102,190,103,246,17,18,152,62]
skqAt1c3xDP8p1YcR7MOlA,33.413472,-111.9385687,12,[33.317906,-112.0688255,33.509038,-111.8083119],[6,110,99,11,26,48,293,39,7,8,88,38,89]
5ExeuBfdfICse_IluMaeOQ,33.449631999999994,-112.45864284999999,5,[33.4382064,-112.5579174,33.4610576,-112.3593683],[282,72,345,6,229,185,43,11,154]
6jWKN03Mw0DAImNV7hjg5g,33.6049318,-111.977799,27,[33.6049318,-111.977799,33.6049318,-111.977799],[26,11]
839TYPek8VGLfJdv-YXtxw,33.5222185,-111.9595033,3,[33.5222185,-111.9595033,33.5222185,-111.9595033],[28,17,29]
bJ-YCS-7wSlFL0FgPdU2FA,33.59962645,-112.1074078,57,[33.5879473,-112.1164668,33.6113056,-112.0983488],[26,11,168,169]
0JAWkA4Cj67HKKfPrJpLnQ,33.44670495,-112.01204684999999,27,[33.2664769,-112.100731,33.626933,-111.9233627],[48,11,182,218,307,119,99,109,38,39,63,7,36,8,27,136,17,212,26,33,206]
pFijp38KRJfNz2crvBeX-A,32.88020975245705,-111.788226130748,2,[32.8795619,-111.848019361496,32.8808576049141,-111.7284329],[43,11,49,28,178,17,29]
prn-fdWKMNsBGY20Hq3TgQ,33.590152,-111.960174,62,[33.590152,-111.960174,33.590152,-111.960174],[49,158,178,28]
Y-wjcZJZW8AeEXab7DqKLg,33.4238102,-111.9381604,1,[33.4238102,-111.9381604,33.4238102,-111.9381604],[88,38,39,24,11]
AIUrqcI6EIMcbvxoRcOO7g,33.4918005,-112.01309850000001,3,[33.488527,-112.1001451,33.495074,-111.9260519],[210,11,251,43,219,218]
HSXU1bwPOPPkKTf4WKDggA,33.35585595,-111.8984039,4,[33.2748213,-111.94373,33.4368906,-111.8530778],[43,11,57,39,145,69]
JeBT9nFkGcUNTXH_FuyfYA,33.452032,-112.166033,1,[33.452032,-112.166033,33.452032,-112.166033],[60,6]
e-tIXSXCHyNo6FGommaV6g,33.5442293454526,-111.905472278595,2,[33.5442293454526,-111.905472278595,33.5442293454526,-111.905472278595],[7,9,119,11]
bOVDRhmsa1wgXscpCLc6NQ,33.6345046,-111.9253792,8,[33.6345046,-111.9253792,33.6345046,-111.9253792],[97,11]
ZuEK4YmfotdcZvwQoBmhlA,33.6071829,-111.9403254,1,[33.6071829,-111.9403254,33.6071829,-111.9403254],[221,38,39,40]
SkK1CcuQ7CaiF-GMv2EQgw,33.49017265,-112.0694404,2,[33.4741375,-112.0739142,33.5062078,-112.0649666],[168,181,229,11,119,201]
lGrDfsaWl9IDUcEeUWyn6A,33.4505129,-112.0154884,190,[33.4505129,-112.0154884,33.4505129,-112.0154884],[28,17,29]
0JqioLB8jJwCDIvKzmq65Q,33.321726,-111.875811,3,[33.321726,-111.875811,33.321726,-111.875811],[109,38,27,39,11]
2sM4fCVg6FNdfq3FLDJbIw,33.4521187592755,-111.9559419,44,[33.394030718551,-112.072167,33.5102068,-111.8397168],[251,11,188,23,182,48,140,63,33,44,26,27,7,108,39,38,40,206]
5vbHCEavhJ9G30_mffkQ4g,33.4838517,-111.9200934,1,[33.4838517,-111.9200934,33.4838517,-111.9200934],[106,398,54,502]
cy8AenOdrxpkaBAjznBRHg,33.4950082,-112.0114032,3,[33.4950082,-112.0114032,33.4950082,-112.0114032],[182,172,43,11]
jvpd48tfHfatu3Ttc5DuEg,33.495466,-112.003105,29,[33.495466,-112.003105,33.495466,-112.003105],[38,11,128,293,39]
RVkvJDojn7eiCUtEixCnlA,33.55599875,-111.99281615000001,3,[33.4942179,-112.059748,33.6177796,-111.9258843],[26,11,38,57,39,145]
-kAbxzX_db4PAYoRbw6r1A,33.5834449,-111.9770187,18,[33.5834449,-111.9770187,33.5834449,-111.9770187],[177,140,11]
w_1MG0f02ZR2LzFXfjXKyg,33.43475,-112.00644,1,[33.43475,-112.00644,33.43475,-112.00644],[28,170]
jJZ43rnHRGnedEXU0hPa8w,33.479136249999996,-112.0338341,5,[33.455863,-112.072167,33.5024095,-111.9955012],[27,11,212]
Dm5wNv1gXTLWkhWPk1pHAA,33.3815258,-112.0686,2,[33.377767,-112.172642,33.3852846,-111.964558],[65,133,46,6]
WP3VfyqekAV9f_ufDK5aHA,33.509578,-112.060185,1,[33.509578,-112.060185,33.509578,-112.060185],[63,27,11]
DGLzJGOcRWzb7gJ75EdSZA,33.4769682,-112.3585329,4,[33.4769682,-112.3585329,33.4769682,-112.3585329],[119,120,11]
yee2HgVO_Bxvl5_DjiTLsA,33.304138,-111.978392,1,[33.304138,-111.978392,33.304138,-111.978392],[41,43,11]
yoDfjwyLi8jfyghj-Z7IWw,33.6505814,-112.0212253,19,[33.4802258,-112.1530072,33.820937,-111.8894434],[340,11,7,194,126,26,251,109,38,265,39,63,48,27]
5QXNAQMKkm3Da68OsOXbXA,33.5812799583481,-111.921158199257,4,[33.5812799583481,-111.921158199257,33.5812799583481,-111.921158199257],[54,317]
Mj_mEJD3LPxj93V2jVvpHw,33.47829685,-112.0508023,14,[33.4511231,-112.0983841,33.5054706,-112.0032205],[26,11,38,128,39,101,33,7,108,99,177,140,24]
sx3XfU6NO0GOTUfHwPrwyw,33.48917045,-112.01804885000001,2,[33.4691316,-112.0475116,33.5092093,-111.9885861],[340,11,26]
BIn8IKpxRgrv2cokb57qUA,33.626933,-112.100731,48,[33.626933,-112.100731,33.626933,-112.100731],[212,26,11]
13yMM_3sSCy3GQvimbHtfA,33.3642546,-111.88069139999999,200,[33.3550442,-111.971852,33.373465,-111.7895308],[185,11,158,28]
11rsHww521e2CYLbXJjt4g,33.40472695,-111.9282917,12,[33.2994442,-112.0152845,33.5100097,-111.8412989],[48,11,26,127,62,17,119,99]
8N4Lonvvyl7qEE9U1ikn_Q,33.4869182,-111.908738,3,[33.4869182,-111.908738,33.4869182,-111.908738],[39,119,26,38,11]
11BZHedREK1SwHeyyCQYyw,33.4482331,-112.0737845,1,[33.4482331,-112.0737845,33.4482331,-112.0737845],[12,114,13,6,115]
vOw4NYgKe57qcJ5fOjk6PQ,33.638463,-112.317329087317,86,[33.637989,-112.363443374634,33.638937,-112.2712148],[251,212,11,7,142,126,97,224]
S7IdIhlmcP7nG2_GCZAqEA,33.64537675,-112.02295895,4,[33.5777737,-112.11589,33.7129798,-111.9300279],[4,6,49,473,71,72,251,11]
hSzH32owe0sAupuLsRWsCA,33.511132,-112.02476,35,[33.511132,-112.02476,33.511132,-112.02476],[28,17,29]
FfIlWl77dYgvB9j2MYp0XQ,33.548933,-112.046248,5,[33.548933,-112.046248,33.548933,-112.046248],[48,11]
OaTEveZBjvcteZN2IIUfCA,33.4859767,-112.1820832,8,[33.4657823,-112.332821,33.5061711,-112.0313454],[251,11,48,33,24,224,7,292,26,109,38,39]
_9xsTMY5Ws_v-0rZWv51ig,33.535388,-112.056056,14,[33.502191,-112.11582,33.568585,-111.996292],[28,17,29,109,38,11,39,63,119]
g5hVihQ30Nn-XoswvlvMvQ,33.384081,-111.684228,4,[33.384081,-111.684228,33.384081,-111.684228],[11]
TsqDnehTGRNHqV59jRzSQQ,33.49734895,-112.07009785,2,[33.492493,-112.07517,33.5022049,-112.0650257],[49,80,59,167,65,82]
qnfp7T6l4O0chCfjtCgcVw,32.88163,-111.682312,6,[32.88163,-111.682312,32.88163,-111.682312],[65,133]
dgNeLSvcN_4llzZ-m-9cgA,33.48762885,-111.9729242,11,[33.4661264,-112.0283059,33.5091313,-111.9175425],[7,47,48,11,38,265,39,139,416,309,119,285]
ZNhbbfdUy9g9dGCXumGEqg,33.4942423,-111.9264472,19,[33.4942423,-111.9264472,33.4942423,-111.9264472],[39,119,48,38,11]
cYkJlPFyZ1QEQjt33WesKA,33.3796211,-111.8094272,2,[33.3796211,-111.8094272,33.3796211,-111.8094272],[10,182,11]
CLBP6Gm7VaKxmMMy1pzkMg,33.4527444,-112.0697153,80,[33.4526933,-112.0701129,33.4527955,-112.0693177],[28,17,29,26,127,11]
2ddSTl9d-YYPRNoVRAEerQ,33.5100571,-112.0143931,5,[33.5100571,-112.0143931,33.5100571,-112.0143931],[26,11]
opipML-xOZ7JdeojdIU4Rw,33.49112,-112.079081,1,[33.49112,-112.079081,33.49112,-112.079081],[26,11]
LkvKRwGYLyVVQTMb41tKjQ,33.3490166,-111.83011362713,22,[33.278582,-111.915926,33.4194512,-111.74430125426],[98,7,24,11,126,38,47,88,39,48]
g1NXi-UEUfxltZaMQkanzw,33.5988406,-111.98118,2,[33.5988406,-111.98118,33.5988406,-111.98118],[7,139,416]
qc-HxqAlORE9e94BX3WgSg,33.3597849,-111.81350415,6,[33.3064118,-111.9396332,33.413158,-111.6873751],[24,11,251,106,54,280,265,99,168,42,43]
pvscfKj8yR01ER6R_sJf7A,33.425938,-111.940346,6,[33.425938,-111.940346,33.425938,-111.940346],[11,377]
CjPpYjWMuBtat1tC2uunQw,33.25107,-111.870883,17,[33.25107,-111.870883,33.25107,-111.870883],[49,99,178,11]
8MgMRPw-e1M31uNdkdVlVg,33.417252500000004,-111.96256885,9,[33.336677,-112.0685027,33.497828,-111.856635],[11,63,27,140,117,214,352,48,109,38,39,440,260]
n3fkG9rykSW6YsxZLpSRQA,33.4059219,-111.771636,1,[33.4059219,-111.771636,33.4059219,-111.771636],[26,11]
klkq2fT2kQ5QmHamJ9CLzg,33.508736,-112.041489,5,[33.508736,-112.041489,33.508736,-112.041489],[373,48,24,11]
aFGOQct5YoZN8k6ulpkfBw,33.611653,-111.864712,2,[33.611653,-111.864712,33.611653,-111.864712],[11,63]
8gYENKXXa32kNWwg3sEUMg,33.4264438,-112.11806885,4,[33.3197625,-112.2581306,33.5331251,-111.9780071],[126,97,11,38,265,39]
o4tJt0IzGlKnflSGySM9_w,33.3952494,-112.02384285,85,[33.348162,-112.0657857,33.4423368,-111.9819],[98,7,24,11,26]
rLeguYOgjSWwtuLAdfBkaA,33.594818,-112.065439,2,[33.594818,-112.065439,33.594818,-112.065439],[119,11]
JbshKnByoD7iQX7Iwj45eg,33.448587,-112.071756,1,[33.448587,-112.071756,33.448587,-112.071756],[38,48,39,11]
E3-93iTqkix1JRjqZNv5kQ,33.5160662,-112.029562,161,[33.5160662,-112.029562,33.5160662,-112.029562],[99,11]
S5VwzXCe78OVtYZFJre1Dg,33.621170482497504,-111.883239025065,6,[33.586656564995,-111.9300279,33.6556844,-111.83645015013],[99,11,177,140,27,63,117,24]
caELu3OqZm8LkdikpmEB4w,33.500949000000006,-111.95745705,89,[33.418418,-112.0743441,33.58348,-111.84057],[43,11,33,117,265,99,62,27,17,177,26,38,39,128,185,126,97,63,48,140,340,119,168,10,137,7,6,139,24,298,57,145,352,189,36,182,49,50,52,212,293,88,40,127]
QCuhc-bmzRHJ2yrHqeHoKA,33.5091973,-112.0658233,37,[33.5091973,-112.0658233,33.5091973,-112.0658233],[88,101,38,39]
HrVRCnwpqNMpvBHNGx4VZg,33.5654429552238,-111.875935925065,6,[33.5442293454526,-111.9154217,33.586656564995,-111.83645015013],[88,38,99,39,11,27,7,9,119]
XSk5jRtiWbt-6zMPhgKj2g,33.4483771,-112.0740373,2,[33.4483771,-112.0740373,33.4483771,-112.0740373],[26,11]
OtQRT4KKMPWVE-bIS1Uo2g,33.591080700000006,-111.71711825,47,[33.5738374,-111.719967,33.608324,-111.7142695],[60,6,7,108,44,26,11]
u_kYcSzhChLNSHTYkYAaSg,33.55928085,-111.9860693,10,[33.495024,-112.075703,33.6235377,-111.8964356],[7,108,13,6,272,4,5,49,160,43,11,33]
WIqKlP4yT2uko6iZEmw2xA,33.5174282,-112.0823075,4,[33.5174282,-112.0823075,33.5174282,-112.0823075],[7,142,292]
FAR1ILkhb1umFXqNrqkLmQ,33.52796,-112.2641158,103,[33.52796,-112.2641158,33.52796,-112.2641158],[57,327]
GvWQGio0YNmP3pIPaNjqXA,33.62873769555295,-112.015679890576,5,[33.583264,-112.0672866,33.6742113911059,-111.964073181152],[7,142,182,218,307,11]
WfggrYh-nQei-os89lQcog,33.60253715,-112.07613985,34,[33.3406452,-112.2705607,33.8644291,-111.881719],[33,44,11,6,77,35,76,99,119,7,98,10,9,48,185,27,117,214,309,285,13,4,5,425,160,38,47,88,39,307,212,43,142,24,404]
Z1ha83pJkHXW6ZAaik6xxA,33.5571361328515,-111.99745967087,18,[33.477933965703,-112.07352364174,33.6363383,-111.9213957],[117,11,212,43,224,210,27]
_oCctJEJ9eR3XTGBsmzY9g,33.4013256,-112.10686665,24,[33.3046962,-112.3556173,33.497955,-111.858116],[49,28,178,17,29,251,11,74,24,168,126,97]
OmzYp9ONLOzH7EW_39dpBg,33.43475,-112.00644,200,[33.43475,-112.00644,33.43475,-112.00644],[28,170]
xd7tELG_H6c4snydk-WXpQ,33.4217017,-111.9502941,1,[33.4217017,-111.9502941,33.4217017,-111.9502941],[224,11]
HPGkf8rbC3DCakI3jVuqRg,33.597127,-112.152723,1,[33.597127,-112.152723,33.597127,-112.152723],[49,59]
sbNbxmGNodDJukgSXBFD4Q,33.405756499999995,-111.81560535,14,[33.360423,-111.913031,33.45109,-111.7181797],[26,11,175,129,79,63,48,120,24,44,33,192]
Pds5GgsBQHpsEdQM73QTJw,33.546,-111.96828,3,[33.546,-111.96828,33.546,-111.96828],[26,127,11]
KOMPkranWGGhpn3QKEvdNw,33.472853,-112.056065,2,[33.472853,-112.056065,33.472853,-112.056065],[48,11]
q3qsZUcFY2Dl030TGstJDw,33.277645474259,-111.87433084356,1,[33.277645474259,-111.87433084356,33.277645474259,-111.87433084356],[7,142]
Z5INp0fWJj2Qe2jQpFrA1w,33.458871,-112.077177,4,[33.458871,-112.077177,33.458871,-112.077177],[11,206,63]
Pj3FLPjXl_RdytgiqR4wbQ,33.8321973,-111.9453694,5,[33.8321973,-111.9453694,33.8321973,-111.9453694],[26,11]
XZd0AmC41Qd3mdxbaQQ5kQ,33.5386441,-112.0986063,1,[33.5386441,-112.0986063,33.5386441,-112.0986063],[26,11]
grXy_QBTsmOkHY3_5cUxTw,33.44660075,-112.03480775,4,[33.390792,-112.0741143,33.5024095,-111.9955012],[7,8,119,11,108,109,38,39,63,99,246,139,24,17,423]
77PZFtqzVEd1LsZMjnmyUQ,33.413324,-111.873436,3,[33.413324,-111.873436,33.413324,-111.873436],[43,11]
7by7B1r3qQzUUyww2pnfyg,33.57488205,-112.18097495,7,[33.5389864,-112.2619703,33.6107777,-112.0999796],[15,25,6,33,11,4]
3LqRpP2XuYF2ivSiAZaC7A,33.5984163,-111.9793285,11,[33.5984163,-111.9793285,33.5984163,-111.9793285],[41,361,11]
H-KL-IkMXWTxbZIOYlSWAQ,33.37705735,-111.93346015,6,[33.3211423,-111.9626175,33.4329724,-111.9043028],[212,361,11,126,38,7,47,88,39,48,27]
sUGsIITefQ9u66c7Ic_09A,33.47991555,-112.0311069,8,[33.4504575,-112.0743441,33.5093736,-111.9878697],[39,38,99,128,11,298,57,145,43]
6qxfRRBqJf9N-ZYAkJpBVQ,33.4495394,-112.0656645,1,[33.4495394,-112.0656645,33.4495394,-112.0656645],[7,449,97,11]
x_Z_iiyCOq9qA5wvD_UksQ,33.603971349999995,-112.1699159,2,[33.569402,-112.2194127,33.6385407,-112.1204191],[119,99,11,38,145,57,88,39,298]
Deri6vf8rzTi4mSUaKLltg,33.50736405,-111.9954281,73,[33.5024095,-111.9955012,33.5123186,-111.995355],[119,99,11,7,8]
nMu0LjztE39E9j9oyRni0A,33.3641616,-111.9457566,1,[33.3641616,-111.9457566,33.3641616,-111.9457566],[84,147]
kFbMQWznN4iat4Vw6IfQLQ,33.68156,-112.2372641,8,[33.68156,-112.2372641,33.68156,-112.2372641],[104,64,133,65]
ElEaHcgaX5fI-4F5V5Mdwg,33.4382789,-112.0178286,1,[33.4382789,-112.0178286,33.4382789,-112.0178286],[28,271]
r7rmQfEkUymOAR9zAjxuwQ,33.3818364960745,-111.82985810011,15,[33.373795692149,-111.8519461,33.3898773,-111.80777010022],[99,41,11,32,222,17,28,95,29]
z02nubF-X1Uw5EvMXzUG_w,33.509991,-112.103239,1,[33.509991,-112.103239,33.509991,-112.103239],[340,11]
SjDbUF8QjBxjYUyPg5mhHA,33.5100097,-112.0152845,2,[33.5100097,-112.0152845,33.5100097,-112.0152845],[48,11]
cA-r01dG339XnhgksMkZnw,33.6251792,-111.9404813,1,[33.6251792,-111.9404813,33.6251792,-111.9404813],[99,11]
sjkSWEfc95eO2kFN7IFawA,33.5019817,-111.9276185,1,[33.5019817,-111.9276185,33.5019817,-111.9276185],[99,48,11]
RY1HzYyGqxKUkT3b6_V0oA,33.4657898,-112.0323598,10,[33.4657898,-112.0323598,33.4657898,-112.0323598],[26,11]
kAUgN0gE6vlB83eYD5Wo2g,33.363566750000004,-111.95801879999999,3,[33.3194165,-111.9652346,33.407717,-111.950803],[11,63,43]
8c-U4JkTyMb2CmQ4QlMxRA,33.531194150000005,-112.0628907,7,[33.4354553,-112.200209,33.626933,-111.9255724],[43,11,27,212,26,309,285,168,99]
EtTm7WJ55Q5JYlGKfDax8w,33.1793505,-112.12373020000001,73,[32.879177,-112.5565485,33.479524,-111.6909119],[33,11,26,7,108,53,54,55,266,122]
Y1exs-FFZepAuSbX_8Wuwg,33.383949,-111.843786,25,[33.383949,-111.843786,33.383949,-111.843786],[119,99,11]
f8Q0rCvohLzi230yOTnseQ,33.6271735,-112.15714875,7,[33.5102803,-112.3357185,33.7440667,-111.978579],[49,193,59,161,411,54,65,7,108,201,119,11]
4boRXprW6RO_dWndeSJYTQ,33.4772147,-112.0736348,5,[33.4772147,-112.0736348,33.4772147,-112.0736348],[265,11]
KeNxdywNSwFCS9cN7Kb6bA,33.581955,-111.83147,2,[33.581955,-111.83147,33.581955,-111.83147],[48,11]
gesAtuFX8IpHMRr5dgmC-Q,33.452641,-112.068872,4,[33.452641,-112.068872,33.452641,-112.068872],[177,11]
ziPQiNU_HXxtIVmNiFN92Q,33.4642695,-112.0741442,3,[33.4642695,-112.0741442,33.4642695,-112.0741442],[11,63]
3xLRUt8wYKwkqE68Inz3uA,33.318276850000004,-111.843716,4,[33.3021074,-111.8463705,33.3344463,-111.8410615],[119,11,224,65,133]
d_nHzb3QLKEZybWS3cWnNQ,33.601973,-111.88792,100,[33.601973,-111.88792,33.601973,-111.88792],[13,6,4,12,59,49,193,160]
HyqwD0me561hLZ2hxpuxrw,33.4859575,-111.9308403355065,8,[33.471677,-111.934992671013,33.500238,-111.926688],[38,26,39,333,11,126,97,224,7,36,142]
C_pmkNPyze3U6tDMG2f33w,33.43277,-111.944096,5,[33.316607,-112.046248,33.548933,-111.841944],[48,11,38,99,88,39,128,98,7,26]
8MpTS6ySAZqZUgBzINWBfA,33.499006,-111.926703,7,[33.499006,-111.926703,33.499006,-111.926703],[39,212,126,293,11]
uptgzZkEm4ytmHuZKBtnhA,33.58125355,-112.0438969,20,[33.298078,-112.341878,33.8644291,-111.7459158],[123,65,126,97,11,38,99,33,39,128,185,24,169,26,311,7,36,298]
uj3uzN6rKvMiG1NHMs6fhw,33.7005934,-111.9235128,1,[33.7005934,-111.9235128,33.7005934,-111.9235128],[26,11]
fzkO1lGkx8MHhT8S4Rbg3w,33.496716649999996,-111.95611355,90,[33.320451,-112.1091081,33.6729823,-111.803119],[117,11,185,119,99,177,140,7,292,48,168,26,33,97,98,108,127,27,38,47,88,39,63,8,62,24,17,212,41,43,44,296,49,447,192,229,57,145]
eKtvFTXmlzeijTOSdB0zZQ,33.5100398,-112.0146407,98,[33.5100398,-112.0146407,33.5100398,-112.0146407],[33,38,39,11]
Y42sJqTQDfmS_izYjFqYuw,33.306359,-111.887397,1,[33.306359,-111.887397,33.306359,-111.887397],[41,11]
T_CviPwQW0EnhISoBX3qpA,33.5630527,-111.92851695,31,[33.470421,-111.9300279,33.6556844,-111.927006],[99,11,21,6,35,70,76,231,18,17,49,28,29]
ODhV53XhesCBLJVfGsJGNA,33.4732447,-112.0346389573975,91,[33.306806,-112.345359,33.6396834,-111.723918914795],[119,11,182,48,140,63,43,99,229,26,373,97,149,212,98,7,251,47,24,27,142,292,89,38,265,39,33,168,128,139,225,375,109,108]
bSmYjXt8mx1CdGHdSQyn_A,33.5102068,-112.0272041,1,[33.5102068,-112.0272041,33.5102068,-112.0272041],[26,11]
mqMr6vSYzvLG-mJAHEW5pw,33.56405615,-112.1376047,3,[33.4587811,-112.2029352,33.6693312,-112.0722742],[26,172,11,7,9,119]
bI8pKJP2jj6MLLrQQdVM3Q,33.5874955,-111.8390112,1,[33.5874955,-111.8390112,33.5874955,-111.8390112],[11,63]
NFvadM1E_hoighnR0KeHBg,33.4166675,-111.80826099999999,37,[33.335767,-111.929223,33.497568,-111.687299],[109,38,48,39,11,28,17,29]
OPRWmjFZtoO5bOtpueIakA,33.3881313,-111.8538436,14,[33.3881313,-111.8538436,33.3881313,-111.8538436],[28,11,17,29]
wEMn5U0mlTp3Td5n2ZgwKQ,33.418615349999996,-111.93916465,3,[33.4145027,-111.951494,33.422728,-111.9268353],[88,38,39,89,11,99]
q62Qcch994H4GqyCx67jyA,33.407162416802,-111.91035657289,4,[33.407162416802,-111.91035657289,33.407162416802,-111.91035657289],[404,451,11]
f3wZQHlDQ3tbC1374qV5Mg,33.4943672,-112.0912518,3,[33.4943672,-112.0912518,33.4943672,-112.0912518],[177,140,24,11]
OIIO5u9s9b24184sj1Op1g,33.6784533,-111.9775162,1,[33.6784533,-111.9775162,33.6784533,-111.9775162],[106,295,65,105,220,54,369]
83TzIow1A-a-fVyvQb-vPg,33.497711300000006,-111.95728589999999,18,[33.4932316,-111.996292,33.502191,-111.9182798],[109,38,11,39,63,99,128,26,126,224]
AgfHYO4NPPbFalEu_mRGoA,33.572241604876396,-111.922688215069,3,[33.498915,-111.928258,33.6455682097528,-111.917118430138],[26,11,48,28,158,17,29]
DmArFDzlt225XHBAWf5lLQ,33.5348305,-112.11632750000001,17,[33.49112,-112.153574,33.578541,-112.079081],[88,38,39,26,11,145,57,298,49,469,146]
zYZ3jxyOS7rHJfREQJskfQ,33.4497944323239,-111.969536771017,40,[33.304492,-112.065436542034,33.5950968646478,-111.873637],[28,17,29,168,265,11,465,57,39,145,126,97,33,38,212,63,26,43,99,128]
Yg6M7mtMTJTgtCpMDcy8cQ,33.5266038,-111.924627,11,[33.5266038,-111.924627,33.5266038,-111.924627],[119,120,11]
4GzBe-7iyLaCFHfqbChXyw,33.5150339,-111.9956836,7,[33.449233,-112.065458,33.5808348,-111.9259092],[27,11,309,119,285,33,48,307]
Np9IEqnLmhRB2T5jumPTGw,33.297624,-111.746967,1,[33.297624,-111.746967,33.297624,-111.746967],[44,11]
pIQSJmULpbeVRSjzgqS97w,33.491993449999995,-112.0335592,200,[33.422728,-112.1156244,33.5612589,-111.951494],[26,11,48,185]
hVMdwvAgxH_WYWYYsL4kkQ,33.435425171321995,-112.01029438764999,93,[33.421617342644,-112.0739136,33.449233,-111.9466751753],[63,27,11,309,285]
JWEVvmf4DMaZbLZNk_1dMA,33.40075645,-112.00089575,17,[33.3057949,-112.0915342,33.495718,-111.9102573],[224,11,99,185,181,24,168,144,251,43,182,109,38,265,39,101,33,128]
A09jlQxA92j0SSUAXkBLyQ,33.3488775,-111.9766013,5,[33.3488775,-111.9766013,33.3488775,-111.9766013],[7,10,9,11]
4REyLmeAQaOHCR7KXoDr3Q,33.5175821,-112.064846,3,[33.5175821,-112.064846,33.5175821,-112.064846],[10,119,11]
B_0d4OymWJ-X2k8628c8Dw,33.626933,-112.100731,2,[33.626933,-112.100731,33.626933,-112.100731],[212,26,11]
aUkgCOSMkbGqLPnnekiEXg,33.4129658,-111.9742125,3,[33.348908,-112.073629,33.4770236,-111.874796],[88,38,39,298,11,109,48]
098bNZOIfFJxu092fWrRRA,33.448717,-112.059954,4,[33.448717,-112.059954,33.448717,-112.059954],[26,11]
Y2TLVZm8pNYKT6VJV_grgQ,33.4915779,-111.925841,6,[33.4915779,-111.925841,33.4915779,-111.925841],[119,38,48,39,11]
edMLagTzQhxXu5LtmqVE5w,33.4949556,-112.1533049,1,[33.4949556,-112.1533049,33.4949556,-112.1533049],[26,11]
nT8v1ljwuh_Mt5lBkO0gmw,33.65187075,-112.20518075,3,[33.62758,-112.2760155,33.6761615,-112.134346],[10,11,54,238,41,43]
2s8IB1FGuu4oyO8p2XLTOw,33.674011449999995,-112.17270845,5,[33.6350382,-112.2339614,33.7129847,-112.1114555],[7,108,57,43,11,27,38,128,39]
ztXC_AOnF3UWJ4BHHexnfw,33.561170149999995,-112.10240135000001,3,[33.5092833,-112.167585,33.613057,-112.0372177],[61,13,6,108,7,201,375,139,11]
PuExGY400knM9KRSiql-mQ,33.5160662,-112.029562,34,[33.5160662,-112.029562,33.5160662,-112.029562],[161,28,65,17,29]
XcGIKKHriI9DhI57JYGCKQ,33.5384434,-112.1830859,10,[33.5384434,-112.1830859,33.5384434,-112.1830859],[311,11]
gS3l0vBOo1v4rzhoRA3oSg,33.4354544,-112.0070357,68,[33.4354544,-112.0070357,33.4354544,-112.0070357],[99,11]
rjaMQaDsykDGcyS5phxXag,33.5229501,-111.93091035,5,[33.4219869,-111.9366872,33.6239133,-111.9251335],[465,168,265,39,11,33]
HlpEwe0bWAl3sAWYVTxSEw,33.48729845,-112.06427155,2,[33.4657629,-112.083991,33.508834,-112.0445521],[38,143,39,205]
gEA9RJY4oSGk3P29_rGAsw,33.564238842472,-112.091889161055,15,[33.444801984944,-112.1116606,33.6836757,-112.07211772211],[38,99,39,128,185,11,7,26,33,142,97]
F7M4BavtLJWFdjBBEcYCgg,33.3550442,-111.7895308,12,[33.3550442,-111.7895308,33.3550442,-111.7895308],[185,11]
szRfr3_4XH3tNO9K2mBqwQ,33.3082672,-111.92065065,2,[33.304703,-111.981558,33.3118314,-111.8597433],[26,11,27,63]
6PHSvn_G2Bh5ZEVT6mMwaA,33.45980795,-111.99077715000001,34,[33.406846,-112.0740123,33.5127699,-111.907542],[218,41,11,48,99,140,63,109,38,39]
cmGxkkH__nRc8_gU78AHtQ,33.509556,-111.911106,3,[33.509556,-111.911106,33.509556,-111.911106],[54,55,122]
NblWgLKOm2Pf-mE_zFp4NQ,33.36378895,-111.78610929999999,3,[33.3350109,-111.787043,33.392567,-111.7851756],[97,43,11,64,65]
vyiHjaQlESGcXgEfEmH4ow,33.4493777,-112.0656259,74,[33.4493777,-112.0656259,33.4493777,-112.0656259],[88,38,39,89,11]
HJnszqeMUpFiWshaAswueQ,33.4802892,-111.8874737,7,[33.304894,-111.9718284,33.6556844,-111.803119],[251,11,219,218,33,99,44,119,182,172,41]
sr-si3VuqdtMa5QUUA988Q,33.4219869,-111.9366872,2,[33.4219869,-111.9366872,33.4219869,-111.9366872],[33,11]
zm2x2qagUX2JjZz7nEzRZw,33.5599538,-112.0653058,5,[33.5599538,-112.0653058,33.5599538,-112.0653058],[26,11]
Gs0VSWfr-1oTwQrPXH0C0Q,33.4149286,-111.9249893,3,[33.4149286,-111.9249893,33.4149286,-111.9249893],[201,24,11]
o08k0R8XtUdFidoV-C6nnw,33.380734700000005,-111.99102395,2,[33.2664769,-111.9918702,33.4949925,-111.9901777],[38,48,39,40,11]
qyiY740sGtyGKNDuiej2fg,33.43475,-112.00644,133,[33.43475,-112.00644,33.43475,-112.00644],[28,170]
RLTI5m919NZ3S_Y5n0SRkw,33.5674471,-112.1073361,2,[33.5674471,-112.1073361,33.5674471,-112.1073361],[19,20,23]
ldLADofeckFH9QoyNyKfSA,33.619412,-111.8980932,3,[33.619412,-111.8980932,33.619412,-111.8980932],[44,24,11]
9h43wc62EfZTSLckaVzabQ,33.47133255,-111.95719654999999,3,[33.419943,-112.0740241,33.5227221,-111.840369],[177,140,24,11,141,345,6,84,125]
1cZGP0ZYaWGCHIhjuXLxIA,33.639241,-111.881719,7,[33.639241,-111.881719,33.639241,-111.881719],[119,11]
VHrdFe01DssYaQrgGvS2Zw,33.4922985,-111.9245517,1,[33.4922985,-111.9245517,33.4922985,-111.9245517],[210,11]
LF1pZpMNVofGFr_sceBE1Q,33.6328546,-111.93262565,3,[33.6251792,-111.9404813,33.64053,-111.92477],[99,11,126,119,120]
tin8eXnFaMncOVCah0sClg,33.340761099999995,-111.861741,14,[33.2587342,-111.936439,33.422788,-111.787043],[168,11,251,149,97,43,48,117,7,162,108]
InEfiNZGx4bhxi3SH2VUrw,33.55945215,-111.94736359999999,7,[33.4942423,-111.96828,33.624662,-111.9264472],[99,11,63,39,119,48,38,26,127]
XdEa3udqGUrDZ3uGXnpXNA,33.3350308,-111.877431,1,[33.3350308,-111.877431,33.3350308,-111.877431],[126,97,11]
1prjit4TbpBBN9y2qlS_8g,33.33121865,-111.89152175,21,[33.2818543,-112.0292056,33.380583,-111.7538379],[26,11,208,130,6,32,35,7,108,127,119,48]
5sTlKb9bYyJfSBoYA8MntQ,33.3914214,-111.8638783,6,[33.3914214,-111.8638783,33.3914214,-111.8638783],[30,13,6]
g57Q1gXyenKrrO3jqWM0WQ,33.59947,-111.98013995,24,[33.497828,-112.0718179,33.701112,-111.888462],[48,11,96,72,218,17,62,352,7,108,126,97,168,265]
06Xp4tGhM6Ie86xZQDK0aA,33.5895189,-112.11546684999999,2,[33.5682973,-112.1310941,33.6107405,-112.0998396],[64,123,65,43,11]
ITunAJbCR-1rBPrXfzOiRA,33.5092756,-112.0718179,3,[33.5092756,-112.0718179,33.5092756,-112.0718179],[48,11]
LpQ7KE9bTU6eJ6D5k6F-aw,33.5774066,-111.97764029999999,13,[33.5023042,-112.0289706,33.652509,-111.92631],[294,106,54,30,13,6,49,80,82,59,265,126,97,11]
FUMFSDwR4RgCW2SSGqSnNA,33.5410397,-112.00416425,6,[33.4548476,-112.0800705,33.6272318,-111.928258],[210,11,7,36,109,38,48,39,63,27,24]
WM57xlVqyUF9uBC1QuqiRw,33.4691316,-112.0475116,1,[33.4691316,-112.0475116,33.4691316,-112.0475116],[26,11]
iemn3Lt-eSjiUBSAt9ZdBA,33.592745372397005,-111.92961215739749,20,[33.321061644794,-112.1353054,33.8644291,-111.723918914795],[63,27,24,11,185,265,483,7,142,9,119,168,48,33,44,117,99,223,307,43,126,97,172,139,225,46,6]
l4zlZVb2Re4hyh1O62w5bQ,33.55392895,-112.02419470000001,3,[33.4292429,-112.0737828,33.678615,-111.9746066],[26,11,63]
CwvJ2hpnRbJBuO0pAr6UZw,33.5093453,-112.0588374,5,[33.5093453,-112.0588374,33.5093453,-112.0588374],[38,210,26,39,11]
wv179VpyVOZrzEEGWXB1zw,33.31619355,-111.83275025,3,[33.2918072,-111.8419339,33.3405799,-111.8235666],[44,24,11]
mk9JZGne1-pbEtwUvbVRWQ,33.4542695,-111.9094198,5,[33.4542695,-111.9094198,33.4542695,-111.9094198],[168,11]
0ZnJ4M0cU_s3CWEEhP-2cA,33.700395,-112.109583,1,[33.700395,-112.109583,33.700395,-112.109583],[28,17,29]
fFfcaHAt8parCufenVBvAw,33.8644291,-112.1353054,6,[33.8644291,-112.1353054,33.8644291,-112.1353054],[185,11]
6fboUxwhAsUMx1F9yCzlMQ,33.5924126,-112.116792709661,42,[33.4563262,-112.202423,33.728499,-112.031162419322],[61,34,13,6,35,7,108,119,11,49,52,27,60,288,32,26,142,292,63,36,8,129,277,278,79]
eNLE_y76REy5ZL4tLD3ilg,33.627028,-111.85563,1,[33.627028,-111.85563,33.627028,-111.85563],[65,133]
acdFkkxzoaPBQHYgU9i9xA,33.49112,-112.079081,1,[33.49112,-112.079081,33.49112,-112.079081],[26,11]
nNkjRIokOH-Dx80VV8WlFQ,33.5382049,-111.8894906,1,[33.5382049,-111.8894906,33.5382049,-111.8894906],[38,99,128,39,296,11]
dT5JHk1aJQhOty1kwTitHA,33.53124315,-111.9881785367525,72,[33.3495149,-112.1145297,33.7129714,-111.861827373505],[168,144,99,11,26,17,28,29,33,44,48,88,101,38,39,128,7,8,6,45,18,24,47,30,13,49,193,82,59,27,161,65,231,233,110,57,69,293,333,12,114,115,104,195,63,40,152,46,126,97,127,142,32,95,222,108,93,3,157,103,117]
qF-WFG131JRv9Np-_H4vVA,33.48102161171715,-111.835133198645,10,[33.307325126378,-111.9285547,33.6547180970563,-111.74171169729],[265,11,6,21,358,7,137,8,139]
ELFrdF9n7Av2s9fjG3jzpg,33.43775645,-111.93283255,35,[33.3046998,-112.1528921,33.5708131,-111.712773],[149,126,11,7,108,33,117,27,63,26,43,39,212,293,265,97,185,8,98,99,57,69,56,61,13,6,331]
97GousRCGCJjfjNJz54LXQ,33.673667,-111.8892551,5,[33.673667,-111.8892551,33.673667,-111.8892551],[17,62]
jyaKSlPDf5mXvAfBfKofcg,33.4480318,-112.0115601,4,[33.4480318,-112.0115601,33.4480318,-112.0115601],[32,203,90]
Gk3VxZ95do0-WgeVuGMVWA,33.48215235,-111.9734806,23,[33.25958,-112.0898162,33.7047247,-111.857145],[182,218,11,403,79,121,340,119,260,48,8,7,138,139,177,24,172,140,41,244,38,57,18,109,209,17,39]
3a3lWVHBp3kKk6h5uEy2Dg,33.38413345,-111.9323029,7,[33.3023282,-112.0223502,33.4659387,-111.8422556],[7,292,142,212,26,43,11,71,72,27]
RARazUYxKAvD52zTHzTc_Q,33.4935438,-112.0472446,11,[33.4710214,-112.0649272,33.5160662,-112.029562],[99,11,26]
BuwjlU6D4kcs1aGo7wSM4Q,33.58759205,-112.00440018103001,200,[33.4483771,-112.1658193,33.726807,-111.84298106206],[119,11,26,17,18,7,139,36,27,63,98,10,9,142,194,48,322,28,57,190,265,185]
w68KaW1WB9qTDPbSHdgV6A,33.6383227,-112.2922601,5,[33.6367691,-112.3516813,33.6398763,-112.2328389],[345,6,35,264,72,282]
vIpyZGH1vcgUhS03vXI7wQ,33.552114,-112.056705,1,[33.552114,-112.056705,33.552114,-112.056705],[6,45]
IhAJRCdxMT8O9rF_QvBOjw,33.57787145,-112.224273965019,5,[33.5521559,-112.280938,33.603587,-112.167609930038],[27,11,99,49,316]
eQP0jA1qHQ7dnsvah_gEuw,33.604801800000004,-112.0559172,19,[33.4966128,-112.181569,33.7129908,-111.9302654],[43,11,48,7,108,251,65,133]
5IGZIBAJDdYdn3Hpnm65Ag,33.42263,-111.940813,109,[33.42263,-111.940813,33.42263,-111.940813],[27,11]
UV5X9LPmmhGmG0xkFyEStg,33.378972289184546,-111.93702784999999,14,[33.3051490783691,-112.0693177,33.4527955,-111.804738],[71,72,117,11,33,6,270,404,451,7,142,224,182,24,119,99,246,139,17,423,275,269]
PfCtlexhgEWqL1SKO3xMvg,33.4933233,-111.9260016,53,[33.4933233,-111.9260016,33.4933233,-111.9260016],[6,21]
fD0WKAPJjYay2iRwBFHnGg,33.5650982,-112.0737503,2,[33.5650982,-112.0737503,33.5650982,-112.0737503],[48,11]
pq5DQ-qPtFQ-FqFKJV-vWA,33.579606,-111.927552,1,[33.579606,-111.927552,33.579606,-111.927552],[7,119,9,10,11]
GfQKzlNH5D6bFk5no9EkNQ,33.602698000000004,-111.95376479999999,12,[33.463308,-112.074519,33.742088,-111.8330106],[38,11,39,63,27,260,40,259,7,36,109,99,88,298,48,169,32,314,6,156]
KFvcv8w8bxyZrCTZsDBc3A,33.4801134,-111.9850858,5,[33.4801134,-111.9850858,33.4801134,-111.9850858],[30,13,6,45]
oWzyI1z-jT797DxQ1Oh00w,33.7440667,-112.3357185,5,[33.7440667,-112.3357185,33.7440667,-112.3357185],[161,411,54,65]
9b7HeM91XY9tIFGFVi7Y5A,33.62668025,-112.15834014999999,8,[33.5383534,-112.203707,33.7150071,-112.1129733],[26,11,119,7,9]
_wCV4dGv2icqT3ehW3aBCw,33.5096045,-112.0257401,3,[33.5096045,-112.0257401,33.5096045,-112.0257401],[126,11]
AHU3OurJBzUo6CIFvzIXAw,33.495479,-112.024061,13,[33.495479,-112.024061,33.495479,-112.024061],[28,271]
dym75Mq5WpaJgXXOzQn_2g,33.69039265,-112.0636217,36,[33.5808348,-112.2014742,33.7999505,-111.9257692],[27,11,43,48,99,7,47,33,142,120,30,13,6,26,62,17,185,307,117,212,229]
8F1-R2RhGByCKyUxutDpuQ,33.6541136,-111.9776046,2,[33.6541136,-111.9776046,33.6541136,-111.9776046],[54,55,122]
jFHmCsK5Vs3qSS5vvmb2Jw,33.56979105,-112.1154839,57,[33.5024095,-112.2354666,33.6371726,-111.9955012],[57,145,205,39,48,11,111,112,113,6,17]
Pj7KDrvI7AFqaYVgNK5R5g,33.556559500000006,-112.10008210000001,10,[33.457863,-112.18407,33.655256,-112.0160942],[38,48,39,11,168,181,229,123,65,143,205,6,70,133,119,109,24,161]
jx104chvz7NbkVytXldUGg,33.35366875,-111.728526,83,[33.0241115,-112.092802,33.683226,-111.36425],[98,7,57,69,142,333,247,43,11,84,35,6,264,86,137,8,139,140,192,323,26,41,185,10,119,265,117,9,49,52,224,27,24,38,39,212,56,17,18,33,337,32,311,88,168,144,42,48,63]
GzBbzsfm9YhqRnbCFcpCuQ,33.3659439,-111.8587464,1,[33.3659439,-111.8587464,33.3659439,-111.8587464],[63,27,11]
R8ggYxp9xMj3xkCAMvMjxw,33.502035688980854,-111.9650792272095,6,[33.4953761,-112.0030783,33.5086952779617,-111.927080154419],[99,11,84,6,21,359]
TGnanzfTU-spRt_Bi87lAw,33.406743750000004,-111.9301024,3,[33.3547012,-112.070415,33.4587863,-111.7897898],[7,449,119,108,11,48]
-lKbLhN7pivGN_V-yTrTYA,33.5368444,-112.0475033,4,[33.5368278,-112.0475038,33.536861,-112.0475028],[65,133,7,108,5,6,4]
QYpw3lq6tA-J0z53_9jCAg,33.490856949999994,-112.07449539999999,2,[33.4719589,-112.08407,33.509755,-112.0649208],[185,11,251]
pdhzBsln6PGhr0vAyiSqTw,33.3215728,-111.88517865,3,[33.2644333,-111.9102573,33.3787123,-111.8601],[224,182,11,27,7,142,149,24]
s-sh8UE6b-j0ENuQnGI1RQ,33.494666,-111.9853527008575,21,[33.305759,-112.080548,33.683573,-111.890157401715],[33,119,99,11,177,140,27,63,26,109,38,265,39,182,48,338,214,206,127]
JfezQ-BqHOE7pnW2DkhxIg,33.4951366,-112.0012318,2,[33.4951366,-112.0012318,33.4951366,-112.0012318],[48,11]
OKxtfws2vNEaixUY1UwPgw,33.444801984944,-112.07211772211,4,[33.444801984944,-112.07211772211,33.444801984944,-112.07211772211],[38,99,39,128,185,11]
sFHThNj0zEOXZ7C1lhDMzg,33.448102,-111.962991,8,[33.448102,-111.962991,33.448102,-111.962991],[96,72]
3B19Aj5HbzE4GVboUedE2w,33.5061711,-112.0647931,1,[33.5061711,-112.0647931,33.5061711,-112.0647931],[7,292]
CGRUlp7Ov5kqYxZz8KvWZQ,33.5420839,-111.9343801,3,[33.501821,-111.9488222,33.5823468,-111.919938],[4,13,6,160,265,185,11,83]
gVe2cC3XbGD_06_omymyQw,33.4223185,-111.95108934999999,38,[33.421909,-111.951494,33.422728,-111.9506847],[88,38,39,89,11,244]
7ToIE5d3_oyqJ6zyxg1OVA,33.41565505,-111.9039598,34,[33.321864,-112.0816756,33.5094461,-111.726244],[74,24,11,48,224,27,26,177,285,140,33,99,7,108,63,43,307,172,38,39,119,109]
TDdCVppfZV3_wGKRaGkENA,33.5000287,-111.92478635,18,[33.498915,-111.928258,33.5011424,-111.9213147],[206,11,28,17,18,29]
kGELmMMIPh0DWnfJalYnIQ,33.425824,-111.938976,1,[33.425824,-111.938976,33.425824,-111.938976],[28,17,29]
y_HLgKvTTQsHLEbzwcWb8g,33.50715015,-111.96148675,3,[33.5019817,-111.995355,33.5123186,-111.9276185],[265,48,11,99,119]
gQIeNzjnUkXGc8TOTa1VoQ,33.48244145,-111.9893155,12,[33.3676699,-112.03605,33.597213,-111.942581],[183,65]
ctN8CL7WCMPqbEpv6Zat_w,33.5059226,-111.9251214,34,[33.4978182,-111.9253728,33.514027,-111.92487],[28,17,29,11]
XfG3DARBqcKVW5EoLpENmA,33.636322,-111.922456,3,[33.636322,-111.922456,33.636322,-111.922456],[265,11]
vvzZ_O7DCI6SzNKj-2AFvw,33.4495394,-112.0656645,1,[33.4495394,-112.0656645,33.4495394,-112.0656645],[7,449,97,11]
_wfddB2WyV2lXdX7gDHbdg,33.4329724,-111.9043028,23,[33.4329724,-111.9043028,33.4329724,-111.9043028],[126,97,11]
GveOUdXagY6tuZttk2SUew,33.333437849999996,-111.831417575485,21,[33.2181007,-112.079564,33.448775,-111.58327115097],[57,39,145,109,38,48,11,99,63,190,28,140,43]
TIZvHaRMMph2udRx3yJ5dw,33.45087355,-111.97524405,10,[33.42141,-112.074519,33.4803371,-111.8759691],[48,11,49,193,59,109,38,39,57,145,202,72,281]
x_Hz1T8X360hDpoqt1bARA,33.331295999999995,-111.85936244999999,4,[33.299873,-111.8761389,33.362719,-111.842586],[89,11,33,119,26]
YcmbgKpGDhMu4w2AWuIgWA,33.62479855,-111.92854439999999,200,[33.6241241,-111.9307637,33.625473,-111.9263251],[168,265,11]
fFA7K5ZOoInYNo9mUoDCGw,33.4912347,-112.0577322,3,[33.4585263,-112.0675746,33.5239431,-112.0478898],[137,7,6,139,77,112,191,35,17,15,111,113]
oKRJp7gK_K72nAkPVTW5uA,33.4759986786892,-112.0362302684965,5,[33.4566960573784,-112.072327136993,33.4953013,-112.0001334],[126,43,11,119]
ampcmISle2-2_DzQqELY3A,33.600600549999996,-112.00041055,40,[33.4360201,-112.32068,33.765181,-111.6801411],[49,178,17,18,374,32,95,28,240,241,29]
7T7oXOr2BOtIZs0WDsKQng,33.6753306,-111.9633729,4,[33.6753306,-111.9633729,33.6753306,-111.9633729],[38,48,39,40,11]
EymsN8lgu4bUFRYqK4dz5w,33.510191,-112.074971,22,[33.510191,-112.074971,33.510191,-112.074971],[28,471]
fpWiDfJVWqDNWbfft22anQ,33.49696505,-112.00491199999999,49,[33.3897576,-112.1218054,33.6041725,-111.8880186],[101,38,39,8,26,7,138,139,11,63,27,41,400,212,6,110,108,49,469,208,130,32,35,284,337,224,57,145,210,4,5,294,106,54,17,62,128,82,59,107,126,88,40]
oynxUvxg8ckvL9z90wUH_A,33.531374,-112.294258,7,[33.531374,-112.294258,33.531374,-112.294258],[119,11]
V_NaUUcLx7e-hFRyGOsOBA,33.57128538692075,-112.0961706911225,8,[33.4854861,-112.179572582245,33.6570846738415,-112.0127688],[106,444,54,226,7,292,10,98,11,49,50,52,6,155,156,51]
EpVarUkn4s7UIg8I_fzRiA,33.3348676,-111.7895811,1,[33.3348676,-111.7895811,33.3348676,-111.7895811],[7,292,185,11]
8PBN6_K1rgPbFT_6z-LWCw,33.335064,-111.785202,7,[33.335064,-111.785202,33.335064,-111.785202],[27,11]
7pkjLqRLn4UInVwG6FMv6w,33.4966706,-112.00473364999999,17,[33.3781837,-112.0830342,33.6151575,-111.9264331],[7,98,8,10,11,309,285,177,140,265,24,26,187,139,65,133,185,57,48,62,17,69]
c9g1kNUctwEywCBFY5Udfw,33.6404475,-112.0280324,5,[33.6404475,-112.0280324,33.6404475,-112.0280324],[159,32]
Lr3UA1MrsMgR2wkmgj7_Xg,33.6202185,-111.8742551,3,[33.6202185,-111.8742551,33.6202185,-111.8742551],[63,27,11]
2DFK9ZlGM3KqNCJGAM4eZA,33.5536264,-112.02534535000001,188,[33.5100398,-112.03605,33.597213,-112.0146407],[26,11,33,38,39]
VIMwzph57BDFny0LAW_LGw,33.569869,-111.876309,2,[33.569869,-111.876309,33.569869,-111.876309],[49,80,82,59]
C1OydCEr63NWLQ8lgepriw,33.5861565,-111.94548495000001,12,[33.494459,-111.9953287,33.677854,-111.8956412],[7,47,48,11,465,168,265,39,38,99,88,40,108,201,119]
LsPz1sDewmNExoAtx7ubrA,33.5839192,-112.1229035,25,[33.4548476,-112.233809,33.7129908,-112.011998],[7,162,108,201,11,24,57,186,6,63,27,98,119,69,38,143,39,205,194,141,195,65,33,48]
RjZC6AaAcBttmdmvJBAKsg,33.403689,-111.981986,100,[33.403689,-111.981986,33.403689,-111.981986],[7,292]
gyXOCaOzghBtwA3Gzwn0Ng,33.42241129145495,-111.969631941968,12,[33.3346157829099,-112.0272041,33.5102068,-111.912059783936],[210,11,352,38,48,39,49,320,321,193,59,265,119]
iJePycN1ZDtpyN_tJ6J9wQ,33.5460506,-111.9116525,11,[33.2617311,-111.982113,33.8303701,-111.841192],[48,11,39,7,137,8,139,99,26,177,140,33,119]
TM-QPRjV-_yVfry1fPfoRw,33.498916,-111.91982,1,[33.498916,-111.91982,33.498916,-111.91982],[308,54,195,65]
jZK9oNsuWe4qtX5KBt6Dqw,33.513958200000005,-112.0174696,9,[33.4150348,-112.1164668,33.6128816,-111.9184724],[48,11,182,140,38,39,40,63,168,169,99,28,342,240,241,43,177]
2TmYgUCnGmnNiKO8-STKpw,33.4867074,-112.0813931,5,[33.453804,-112.0934112,33.5196108,-112.069375],[57,69]
381z4c21sj9MYzLMax5J3w,33.4406119,-111.925257,5,[33.357612,-112.046754,33.5236118,-111.80376],[71,72,78,79,32,203]
Grk2Y1OZPFWeIKcLHOggCA,33.462272358295195,-111.916106610414,200,[33.4225411,-111.928035020828,33.5020036165904,-111.9041782],[168,99,11,7,47,126,97]
dtssktVKUaYnwslvutZuWQ,33.6384699,-111.9274124,3,[33.6384699,-111.9274124,33.6384699,-111.9274124],[26,11]
rxYSGtochqejG6OG5vaitQ,33.6753306,-111.9633729,1,[33.6753306,-111.9633729,33.6753306,-111.9633729],[38,48,39,40,11]
h6cJ4RDG8vIIgRDg2nUZow,33.399588,-111.95616100000001,10,[33.373465,-111.971852,33.425711,-111.94047],[38,7,47,39,48,128,11,158,28]
GWxnbSdmd-M5I8XV9dGGjQ,33.495024,-112.063756,8,[33.495024,-112.063756,33.495024,-112.063756],[33,11]
bOK-LX6wCR8q1LGBbVw9rQ,33.4752,-111.926629,1,[33.4752,-111.926629,33.4752,-111.926629],[71,72]
HB_P_au0LXGQpPvv49zjyA,33.542193,-111.925634,13,[33.542193,-111.925634,33.542193,-111.925634],[265,126,97,11]
8GGCkcpcwbouTueVB_TlMg,33.475978999999995,-112.204952495485,7,[33.44238,-112.34971999097,33.509578,-112.060185],[63,27,11,28,17,29,38,143,39,7,108,48,26,205]
GDDBAxCkMFV4WxqZ8m9aSQ,33.302327,-111.756703,3,[33.302327,-111.756703,33.302327,-111.756703],[155,54]
JBZOQrVpxorqgqyz7w3Prg,33.564781749999995,-112.1009353,6,[33.4471735,-112.205558,33.68239,-111.9963126],[11,63,64,104,133,65,38,181,39,40,33,48,206]
GuRCvSH7UoVA4zj3zikyXw,33.3928601,-111.9376982,9,[33.3928601,-111.9376982,33.3928601,-111.9376982],[7,149,8,11]
aqKYOW_hW-G-7bEXH-RUaQ,33.496778,-111.92739345000001,23,[33.491546,-111.9313599,33.50201,-111.923427],[26,11,38,48,128,39,265]
E3TS8Ysu1eeVAgIX-bwmRw,33.377234,-112.046105,1,[33.377234,-112.046105,33.377234,-112.046105],[167,65]
q9dKYwScYN3UZJjjDpIGjQ,33.6388158,-112.1849973,1,[33.6388158,-112.1849973,33.6388158,-112.1849973],[7,8]
eJEJdcD20eqRfy7MA5hIHg,33.463629,-112.347038,2,[33.463629,-112.347038,33.463629,-112.347038],[39,38,99,128,11]
2CDz9Vdxlc8AjKSku7csRg,33.474447749999996,-111.99933085,10,[33.4527955,-112.0693177,33.4961,-111.929344],[11,63,26,127]
1FFu-42LQdiLE632Ohc4tQ,33.6455682097528,-111.917118430138,4,[33.6455682097528,-111.917118430138,33.6455682097528,-111.917118430138],[28,158,17,29]
ZSX3sGRgb-LNxsiF1I1S7Q,33.5324849,-112.2603562,55,[33.5324849,-112.2603562,33.5324849,-112.2603562],[46,13,6,30,18,17]
Vxw6eyE-ig3PJqsNNZmp0Q,33.509401600000004,-112.02039785,5,[33.5091313,-112.0283059,33.5096719,-112.0124898],[38,265,39,11,63]
pdZa57zKzio5DJKCeL5mrQ,33.498028,-111.927951,1,[33.498028,-111.927951,33.498028,-111.927951],[352,48,11]
VCZ42oA9yRKB93DQI5cHuA,33.5274933504615,-111.9803229,14,[33.4150348,-112.0740398,33.639951900923,-111.886606],[7,247,98,24,11,38,47,39,48,128,36,8,97,182,140,126,313]
w0rtC14r3QF51zk9P0UP-g,33.4354452,-112.3428904,113,[33.4354452,-112.3428904,33.4354452,-112.3428904],[26,11]
ZwwkaLNEpnoXQx1GoQsPiA,33.52886388951775,-111.95994611383799,15,[33.4341900790355,-111.994339227676,33.6235377,-111.925553],[7,108,119,11,10,24,63]
lesPm96KavoFJORoUOuWbQ,33.5610251,-111.90953755000001,19,[33.4931793,-111.9320931,33.6288709,-111.886982],[7,9,10,11,39,26,127]
PZc3S5ql5-VzEZm9TuyCpg,33.51515885,-112.03919355,69,[33.4471735,-112.1553012,33.5831442,-111.9230859],[11,63,322,57,56,38,99,39,296,127,101,143,224,26,10,119]
d9y7FfHG0AhaAssKtzKyEg,33.4360415,-111.9956337,9,[33.4360415,-111.9956337,33.4360415,-111.9956337],[28,240,241]
U1rWefUv8sM0Ojjsddd6Eg,33.507557,-112.040116,12,[33.507557,-112.040116,33.507557,-112.040116],[10,11]
j7JXPOiHHt7iYWzAP8xwHg,33.407717,-111.950803,10,[33.407717,-111.950803,33.407717,-111.950803],[43,11]
rDSGJhvfiKLnipi_Hymt4w,33.5442293454526,-111.905472278595,3,[33.5442293454526,-111.905472278595,33.5442293454526,-111.905472278595],[7,9,119,11]
TwmjkxfOfYfrnI7o1_I0GQ,33.4922985,-111.9245517,1,[33.4922985,-111.9245517,33.4922985,-111.9245517],[210,11]
Ccj06KzPlHuw8QbnfsLP7Q,33.4624735,-111.9298315,200,[33.424778,-111.939846,33.500169,-111.919817],[74,27,11,39,38,99,128,177,140]
AQg9sUF1kMfrOn9FucpCPQ,33.63063735,-111.9382249,19,[33.6223677,-111.979435,33.638907,-111.8970148],[177,140,11,48,400]
ti22s56QzovFE--Psqfjew,33.3776437,-112.1666063,1,[33.3776437,-112.1666063,33.3776437,-112.1666063],[64,65]
giwXX8ODMCGoGgBD0wnelw,33.4804921,-112.0221966,34,[33.4804921,-112.0221966,33.4804921,-112.0221966],[11,63]
rpNQ-o6QM2Dy8HY9Gb7FyQ,33.415194,-111.919995,2,[33.415194,-111.919995,33.415194,-111.919995],[218,219,11]
Kf8iUeZUcg3Un_I-Iub6kQ,33.4354634,-112.0069893,153,[33.4354634,-112.0069893,33.4354634,-112.0069893],[98,7,24,11]
M9A-XWt_U6wrwE45G6N21w,32.9479262,-112.7128951,167,[32.9479262,-112.7128951,32.9479262,-112.7128951],[119,99,120,11]
08hEXmqdzVeNXbnYpKqrEw,33.4368018,-111.95432915,3,[33.3782275,-112.0030783,33.4953761,-111.90558],[84,147,33,11,6,21,359]
hoUBepcg7jlgoZ7NPbMlZA,33.4919463286892,-111.9991190184965,25,[33.4566960573784,-112.072327136993,33.5271966,-111.9259109],[119,99,11]
zRcAlhT0QlZWa2AwcdyA4A,33.371424000000005,-111.91155555,3,[33.3354566,-111.9467741,33.4073914,-111.876337],[224,11,7,162,43]
20agWQZIFCC8E_7rRPyj4w,33.4777717,-111.9260315,2,[33.4777717,-111.9260315,33.4777717,-111.9260315],[38,39]
d-pJpEIyBv-GLanQWWQ8MA,33.5763314,-111.8797774,2,[33.5763314,-111.8797774,33.5763314,-111.8797774],[407,106,54]
vxFnQwDB25x680rUndmiCQ,33.4129238,-111.90438025,9,[33.3928752,-111.9375706,33.4329724,-111.8711899],[167,195,65,182,48,140,11,27,49,80,82,59,57,69,56]
CP5gCVkRVhVi2uBenOmINw,33.46750225,-111.97031835,2,[33.413158,-112.0648577,33.5218465,-111.875779],[210,11,251]
5lXMXLCaRi6rDnlEVyQgTA,33.658928,-111.97450280000001,7,[33.639241,-112.0672866,33.678615,-111.881719],[7,142,119,99,11,120,38,39,27,128,63,373,182,41]
poKxRAGJrRScIKId0xSw_w,33.450001400000005,-111.992963,200,[33.4076218,-112.07,33.492381,-111.915926],[28,240,241,38,7,47,39,48,128,11,17,29,88,26,265,89]
zrBmkDDLS94GYexyp0LyqQ,33.4532245,-112.07197205,200,[33.4492,-112.0743441,33.457249,-112.0696],[119,11,57,69,38,40,39,224,298,145,28,17,29,205,48]
Y9N2s6z2qH94DXxKH2L-pg,33.6774242,-112.030592,1,[33.6774242,-112.030592,33.6774242,-112.030592],[64,133,428,65]
Hi7ZMUVueBsWb0WaC4IT8w,33.636121,-112.29352165,3,[33.633305,-112.3553813,33.638937,-112.231662],[7,292,99,48,11,126,97,168,41]
ClItHsk05vOKhg4O3DtMqw,33.56230971686685,-111.9989329,30,[33.4487652,-112.0714186,33.6758542337337,-111.9264472],[48,11,39,119,38,212,99,128,7,108,224]
iqUw6ICmmUSmwqwB-x1xrw,33.500689449999996,-111.98305625,89,[33.4938219,-112.040116,33.507557,-111.9259965],[7,142,10,11]
2gvBwR3V1tzc5H5tu8f62A,33.479605,-112.016481,1,[33.479605,-112.016481,33.479605,-112.016481],[244,11]
nbeu8VWWw4rvTYa6_Ci5zw,33.57326315,-112.00154735000001,4,[33.510188,-112.081699,33.6363383,-111.9213957],[84,147,114,13,6]
N_o8Yhuw1afXs20jBcU9Sw,33.4527955,-112.0693177,20,[33.4527955,-112.0693177,33.4527955,-112.0693177],[26,127,11]
A8tDnorfP8zGC80ccZda9A,33.494787349999996,-112.25433515,30,[33.494288,-112.3556173,33.4952867,-112.153053],[26,11,49,28,178,17,29]
qFHOh1DMqJ2Zb_pvqR1Muw,33.445389,-111.975094,200,[33.445389,-111.975094,33.445389,-111.975094],[104,65]
9JcWUImFT29_QrBO8mlcdA,33.3559111,-111.7898601,2,[33.3559111,-111.7898601,33.3559111,-111.7898601],[63,27,11]
TwajlXNaNen7_Lnfysj1Ig,33.32179645,-111.85983745,81,[33.306499,-111.877846,33.3370939,-111.8418289],[42,43,11,224,251,7,162,108]
-eu6RCy7D5mqm69aeELM6w,33.4747395,-112.001837,3,[33.31081,-112.231662,33.638669,-111.772012],[168,41,11,7,63]
OAhO2G3tOfMpO40UlMqbiA,33.47190575,-111.96620185,33,[33.3059969,-112.0980877,33.6378146,-111.834316],[7,108,142,8,6,345,84,346,141,23,27,11,30,13,110,98,10,15,191,189,24,116,36,113,106,54,107,101,38,26,39,9,43,57,327,45,99,88,89,92]
Y4RYXwZtRW5-pKafKW9Dcg,33.292058,-111.84928,1,[33.292058,-111.84928,33.292058,-111.84928],[65,105,133]
rnV_UEaLHRH_WFbJQmDwWg,33.5109218,-112.26043809999999,6,[33.383123,-112.5563912,33.6387206,-111.964485],[27,11,38,101,33,39,128,57,69]
INnEI8JTfYHSzH_i9mL_7A,33.4952867,-112.3556173,22,[33.4952867,-112.3556173,33.4952867,-112.3556173],[49,28,178,17,29]
-ip4FPtUvKel_FHb3mkpcw,33.4625373,-111.9965062,99,[33.4150348,-112.07454,33.5100398,-111.9184724],[14,15,6,33,38,39,11,182,48,140]
nH0t89uCVsdkGW40EZ2ONg,33.6410593,-111.977935,2,[33.6410593,-111.977935,33.6410593,-111.977935],[11,27,63]
dwjuawf67XzEeropA8eADQ,33.335568,-111.841203,2,[33.335568,-111.841203,33.335568,-111.841203],[7,162]
QKfw33YwhPOdBqrJ3ZzRgw,33.196021,-111.9686015,4,[33.058117,-112.046009,33.333925,-111.891194],[99,11,106,54,107,26]
FbXYzo-QVDr65QpVjndqiQ,33.5903894,-112.1259515,16,[33.5093758,-112.2040132,33.671403,-112.0478898],[137,7,6,139,11,63,26,108,43,99,120]
cTRntcP5Qs5n5wsK52pHdw,33.47088155,-112.04431894999999,4,[33.4315119,-112.0739972,33.5102512,-112.0146407],[24,11,27,63,33,38,39,26]
ZHFwJFjpcGuKx4efeB1peg,33.542193,-111.925634,6,[33.542193,-111.925634,33.542193,-111.925634],[265,126,97,11]
qkvmUizgBlLZjBiqESzHrg,33.7106222,-112.2680974,4,[33.7106222,-112.2680974,33.7106222,-112.2680974],[43,11]
BYQCfVIU-umdTkjjYAy2rA,33.509038,-112.0670453,1,[33.509038,-112.0670453,33.509038,-112.0670453],[26,11]
qDOOIKSP98Lj3UVN6Jo7_w,33.3490842,-111.9449183,1,[33.3490842,-111.9449183,33.3490842,-111.9449183],[99,11]
MnMtHFBLYfs5voypl7wfog,33.6390529,-112.053632,1,[33.6390529,-112.053632,33.6390529,-112.053632],[71,72,297]
Af08HHY9DXtBpPM40iyWoQ,33.281017,-111.706137,2,[33.281017,-111.706137,33.281017,-111.706137],[32,90]
OMCOuuOn7PDsb3aalqbH9g,33.335917,-111.8088752,1,[33.335917,-111.8088752,33.335917,-111.8088752],[26,11]
8lzykXOKF5FTKlGUBgRlqA,33.6101712,-112.2409065,1,[33.6101712,-112.2409065,33.6101712,-112.2409065],[44,11]
Up7hPr0stRaKm0lkscs_yw,33.55188215,-111.8057875,7,[33.4315119,-112.0739,33.6722524,-111.537675],[26,11,129,278,79,322,57,177,294,106,54,49,305]
