WZFiGKJpujVu9SfvwWKkjg,33.4509945,-111.97444615,3,[33.394432,-112.0733143,33.507557,-111.875578],[251,11,48,10]
4gIMlQB_9GOIEE4Fjcj69Q,33.55854395,-112.1925225,8,[33.536729,-112.264529,33.5803589,-112.120516],[28,17,18,29,33,11,26,41,42,43]
O9FNMR1nQgrgXyL2ewDONg,33.4148837,-111.9169665,1,[33.4148837,-111.9169665,33.4148837,-111.9169665],[11]
Ohp8vOldF2J_5ZdmtOy-XA,33.51345635,-111.95695375,3,[33.5003089,-111.996292,33.5266038,-111.9176155],[109,38,11,39,63,7,137,8,139,27]
kA2w3XEINB9qK7gEF991jg,33.4100767,-111.82689654999999,2,[33.321864,-111.9275491,33.4982894,-111.726244],[7,24,108,119,11]
N4BnjZFAuuAUTjxs93SYlg,33.462462349999996,-111.85232350000001,75,[33.299873,-112.051043,33.6250517,-111.653604],[185,11,7,142,39,38,27,128,41,400,72,154,57,186,6,88,99,18,247,49,276,17,33,117,48,63,140,8,333,13,115,112,265,202,24,382,46,44,109,30,273,119,136,453]
nNcGI9NjPiHjPkXpcw7k4w,33.495813,-111.931976,4,[33.495813,-111.931976,33.495813,-111.931976],[65,54,220]
ZtIMT4Fns15h92OQiwRdCQ,33.573501500000006,-111.97339249999999,7,[33.568001,-112.067709,33.579002,-111.879076],[106,54,226,93,3]
Bhg8lIhB2PvsuXbjXK0vYA,33.5086952779617,-111.927080154419,1,[33.5086952779617,-111.927080154419,33.5086952779617,-111.927080154419],[99,11]
-88wExFtc-abvLzu57VsFw,33.56663305,-112.07950815,200,[33.5020654,-112.2347564,33.6312007,-111.9242599],[28,17,29,49,18,51]
5jerNBtV7fZRzXuo3a4Gwg,33.30617,-111.9747,25,[33.30617,-111.9747,33.30617,-111.9747],[119,11]
JvsCfolT6X9td9spj6Omfg,33.53807,-112.166508,64,[33.53807,-112.166508,33.53807,-112.166508],[7,177,11]
kgsx5zQLgoxJSqn0pxsehQ,33.4340631,-111.966415,14,[33.4194512,-112.016904,33.448675,-111.915926],[7,47,38,88,39,48,11]
VsO2S5H4NCwNf1it1QqqYQ,33.567060850000004,-111.97636725000001,144,[33.5102068,-112.0272041,33.6239149,-111.9255304],[48,11]
9Zm23ZFj4rR7-fwqH1SjzA,33.4698115,-111.9260612,2,[33.4698115,-111.9260612,33.4698115,-111.9260612],[282,72,141,6]
ORXwvQ6F-sKggNz0PShkdA,33.558106699999996,-111.92504105,3,[33.4922985,-111.9255304,33.6239149,-111.9245517],[48,11,210]
1bgl4xVmMB7G7g55E0FjQA,33.440295500000005,-112.0040985,5,[33.422728,-112.068359,33.457863,-111.939838],[88,38,39,89,11,74,27,48]
wXvdV8ZQkENGjnc3e89B1w,33.6273043125159,-111.894766598404,2,[33.6273043125159,-111.894766598404,33.6273043125159,-111.894766598404],[57,69,48,11]
NykQipf2cRX94rFbOj6HUQ,33.492221,-111.926204,5,[33.483281,-111.926895,33.501161,-111.925513],[206,11,63,27]
YIwrCJO8AK5VkLIfj_yNZw,33.5237453,-112.0487368,1,[33.5237453,-112.0487368,33.5237453,-112.0487368],[38,48,39,11]
9UHOSc2mlzNIzwN2STtbWg,33.457863,-112.068359,1,[33.457863,-112.068359,33.457863,-112.068359],[38,48,39,11]
vhGwvm7sCXThBqJ2YQS13A,33.546316250000004,-111.96942945,4,[33.4938219,-112.0128624,33.5988106,-111.9259965],[161,105,65,7,142]
Ssg-or_mOT3pZybS8JoOxg,33.407561,-111.9475246,1,[33.407561,-111.9475246,33.407561,-111.9475246],[88,38,99,39,11]
IwZkZmCpc2D7DslEogiBYg,33.3344463,-111.8463705,1,[33.3344463,-111.8463705,33.3344463,-111.8463705],[101,38,99,39,11]
hs8t_DMnNNpf_wXtFE2xpw,33.4945319,-112.18644019999999,108,[33.3058378,-112.7037,33.683226,-111.6691804],[57,39,145,26,11,12,30,13,6,118,99,7,148,33,27,161,65,133,17,18,177,500,140,192,168,181,229,8,110,126,97,77,35,76,182,48,142,105,194,201,119,28,170,204,212,361,285,185,117,214,224,36,98,69,38,128,46,108,333,63,162,210]
w4dgIzMwwZvKsHaC47Ox3A,33.489648599999995,-112.0433648,59,[33.3055295,-112.1839297,33.6737677,-111.9027999],[175,129,121,79,48,11,7,139,225,24,119,99,33,108,210,38,140,39,40,6,110,162,309,285,49,128,341,27,63,36,54,55,122,109,126,143,293,270,45]
uDLMclVv5a7MKT62I5ow8A,33.3459968,-111.7556095,1,[33.3459968,-111.7556095,33.3459968,-111.7556095],[90,32,314]
ZGYBL5xm2yZo-bscv232Ng,33.59151,-112.255618,8,[33.59151,-112.255618,33.59151,-112.255618],[96,72,71]
0bZ0kpqHyKIOzsKCn77A4A,33.536235250000004,-111.96471844999999,33,[33.5336234,-111.9652641,33.5388471,-111.9641728],[161,28,65,17,29,11,63]
nsj4IptX6E22Po-RSYJmJg,33.5822084,-111.9216835,2,[33.5822084,-111.9216835,33.5822084,-111.9216835],[119,11]
jo1-IocIX2LnocLxUSJw4A,33.8491045864601,-112.82675743103,1,[33.8491045864601,-112.82675743103,33.8491045864601,-112.82675743103],[49]
GZeWS5stVD2v8WNiQRsWiQ,33.52478455000001,-111.99902044999999,14,[33.424778,-112.073781,33.6247911,-111.9242599],[210,11,119,99,38,39,40,265,126,97,28,17,29,48,177,140,63,6,345,84,346,141,23,26]
LHz2FRzAz5KM-ubEAa1-uQ,33.50247135,-112.21507865000001,9,[33.4952867,-112.3556173,33.509656,-112.07454],[48,11,12,114,13,6,49,28,178,17,29]
3v992z7jD9ao-HHherEcVg,33.65538325,-112.03701136608399,14,[33.478805,-112.1839297,33.8319615,-111.890093032168],[72,297,11,27,63,7,8,119,24,185,38,128,39,120,10,141,6,43]
6ksZSiZsmFnjYYhmiya15A,33.652101,-111.9307,3,[33.652101,-111.9307,33.652101,-111.9307],[161,65]
uaWooGMfsMnfcBdVnqeDjw,33.431551,-111.937406,1,[33.431551,-111.937406,33.431551,-111.937406],[1,17,418,136]
JQCxnq3SnqoHtNd-4QGiRw,33.4658428,-111.9739415,1,[33.4658428,-111.9739415,33.4658428,-111.9739415],[99,44,11]
i119R-eDWuueeMejzRAV3A,33.620871050000005,-111.93332755,4,[33.616418,-111.9403451,33.6253241,-111.92631],[265,126,97,11,7,142]
Y5hyDf3vcwFoy1ds6Py0Rg,33.6283281,-112.013151,1,[33.6283281,-112.013151,33.6283281,-112.013151],[26,11]
SCxVm16g1Tpszmw9BJ207g,33.420584500000004,-111.9588069,4,[33.333612,-112.040116,33.507557,-111.8774978],[27,11,43]
oeN7zssmEiJsoHF1gTyurg,33.3996385,-111.83917095000001,6,[33.306896,-111.9259469,33.492381,-111.752395],[126,48,11,265]
ot9sgLRL1Y-5xs3-2qDg8g,33.65522585,-112.03917185,6,[33.6405893,-112.0474847,33.6698624,-112.030859],[63,27,11,251]
-39Gyn0uR_NWyJayrviRpw,33.304138,-111.978392,2,[33.304138,-111.978392,33.304138,-111.978392],[41,43,11]
BxA5wNNBmSSSz1liWrJBxg,33.2994547,-111.8599021,2,[33.2618144,-111.8602742,33.337095,-111.85953],[177,11,6,100]
tfvPHrjXUv80HqctCa2B_g,33.4527955,-112.0693177,24,[33.4527955,-112.0693177,33.4527955,-112.0693177],[26,127,11]
VQWRdepfWpmizBa4dWRqww,33.418499,-111.940305,2,[33.418499,-111.940305,33.418499,-111.940305],[7,108,24,11]
12TKHARn_-SHmrljiZMTow,33.38428665,-111.74578625000001,2,[33.3366819,-111.8589887,33.4318914,-111.6325838],[43,11]
c2lGK5pROxsQthZtcKgksQ,33.8705209,-112.148602,8,[33.8705209,-112.148602,33.8705209,-112.148602],[26,11]
WClaSOIbUkCwcDD3ZqSGtw,33.381248820135454,-111.9428469228545,2,[33.3480423402709,-111.964952945709,33.4144553,-111.9207409],[119,48,44,11,212,41,43]
f3xHIzvkCyEudtA04VDc3Q,33.307035,-111.858614,1,[33.307035,-111.858614,33.307035,-111.858614],[106,54]
tYhMmXix-nPkh5GV0H5rcA,33.5953221,-112.2567801,1,[33.5953221,-112.2567801,33.5953221,-112.2567801],[71,72]
jbPS08L9kJUQtvVtyCfvrQ,33.6662247,-112.1240351,1,[33.6662247,-112.1240351,33.6662247,-112.1240351],[57,69]
jzA9I9E9GsDDqIcpUcwPUw,33.5100097,-112.0152845,17,[33.5100097,-112.0152845,33.5100097,-112.0152845],[48,11]
vgIOqD2Stuw-Bn3mgqhelg,33.639951900923,-112.019165147988,1,[33.639951900923,-112.019165147988,33.639951900923,-112.019165147988],[97,11]
vrh1S12U1f9_79V0cdNf4w,33.38342345,-111.87526505,2,[33.299739,-111.9086211,33.4671079,-111.841909],[10,24,11,33,48]
vSgKf_GTGrBRLET5gwiWUQ,33.499576,-111.927526,1,[33.499576,-111.927526,33.499576,-111.927526],[12,13,6,22]
V05PwCcYNiA871w0qhbH9w,33.545329,-112.043169,1,[33.545329,-112.043169,33.545329,-112.043169],[26,17,18,11]
UVAgJKsE1QWfVBYzfuSTlQ,33.413582598163046,-111.861903167456,3,[33.3919992,-111.866054534912,33.4351659963261,-111.8577518],[119,99,11,26]
cBaoQP0_vvxocUAcqxfr5A,33.4550857,-111.9598521,5,[33.4150348,-112.0012318,33.4951366,-111.9184724],[48,11,182,140]
N-BB0Ozh4CSmC3LhEYkO7g,33.5821293,-111.8935818,2,[33.5821293,-111.8935818,33.5821293,-111.8935818],[185,11]
TmBNGT7IWhADHUAiJc7lxg,33.280574599999994,-111.7318389,4,[33.2630712,-111.7459158,33.298078,-111.717762],[11,27,63,26]
02TxK5mDNIHBccCFetDefw,33.4026715,-111.79643455,4,[33.390352,-111.8058261,33.414991,-111.787043],[7,142,43,11,97]
sc3jD6YIkVCh4kzrx-SXzA,33.56104985,-111.99743975,104,[33.491645,-112.073196,33.6304547,-111.9216835],[33,38,39,11,140,40,48,49,312,57,504,91,119]
tsXu3K6VonMecufY-LHOPA,33.5400879,-111.9260096,17,[33.5400879,-111.9260096,33.5400879,-111.9260096],[161,28,65,17,29]
migdkAFgrNBmbbLui8YNJA,33.4224084,-111.8644947,5,[33.4224084,-111.8644947,33.4224084,-111.8644947],[26,11]
6et33jlMdxRWG0vHt_hgOw,33.53749605,-111.96697939925,37,[33.3210491,-112.1091081,33.753943,-111.8248506985],[119,38,48,39,11,43,26,168,42,212,157,103,27,63,98,7,108,142,139,24,95,374,32,164,57,145,40]
2OsGWcnWWNM8kacVO7I3ew,33.5348271,-112.134334,25,[33.4146742,-112.355266,33.65498,-111.913402],[168,43,11,251]
9TfdFcznr97_VasgWize_g,33.425077,-111.98091,4,[33.425077,-111.98091,33.425077,-111.98091],[28,17,29]
2JISJ92wmzhK7uMouGJIEw,33.492381,-111.9259469,6,[33.492381,-111.9259469,33.492381,-111.9259469],[265,48,11]
Lns6GeibpQcce73LgfgnEQ,33.640744850000004,-112.10038745,4,[33.626933,-112.100731,33.6545567,-112.1000439],[120,11,119]
cdzZkNL2XQ8eekkCe2wudQ,33.527515821066345,-111.9835119920885,58,[33.4340647310654,-112.074859,33.6209669110673,-111.892164984177],[365,137,139,7,307,11,224,84,147,49,50,52,44,296,26,108,48,71,72,10,98]
e00xcMoKKpAluDaDoi-oeA,33.6352633,-112.0207762,103,[33.5575469,-112.11414,33.7129797,-111.9274124],[28,17,29,307,212,43,11,26]
me3kAm0O7_-P3RyEp2Adaw,33.6322642,-112.2375029,1,[33.6322642,-112.2375029,33.6322642,-112.2375029],[265,11]
sljlQDKEhsHDt9Mx5B2b9A,33.5720595,-112.03527045,17,[33.465504,-112.180066,33.678615,-111.8904749],[99,126,11,119,24,26,27,63,38,33,39,128,224,338,382,206,7,142,177,140,127,182,48]
IsS1Af1iUgO3xHATc4xM6A,33.42302155,-111.97976355,4,[33.3782381,-112.029783,33.467805,-111.9297441],[57,470,145,39,26,11,127]
3riGSB9nS4QignTu-3G-hA,33.330435,-111.98029,2,[33.330435,-111.98029,33.330435,-111.98029],[88,38,39,11]
-9GM9j1gbxOlsRPaHJT9jA,33.4930514,-111.9339561,2,[33.4930514,-111.9339561,33.4930514,-111.9339561],[28,17,29]
QL4_uQYxGj71aZyk9blMaA,33.32296275,-111.97830555,3,[33.3197625,-111.978604,33.326163,-111.9780071],[126,97,11,32,95,222]
yXCR31H-Ne_XQiegoufqgQ,33.4430156,-112.3492682,1,[33.4430156,-112.3492682,33.4430156,-112.3492682],[26,11]
MfZszvOQNY_xdbA9ruz_zQ,33.4704363,-111.9980282,34,[33.304138,-112.0759353,33.6367346,-111.9201211],[99,48,11,41,43,63,27,177,140,7,98,10,9,26,127,38,33,39,128,126,292,265,36,8,24,74,119,142,168,229]
bkwY_fut4rydlsfyR3E-kA,33.5670375,-111.9184649,6,[33.5670375,-111.9184649,33.5670375,-111.9184649],[28,158,17,29]
BuaNITlWZwJskEhBbz-H6w,33.38935945,-111.8763399,200,[33.383949,-111.9088938,33.3947699,-111.843786],[7,108,119,99,11]
n2GNHjpqzZk8HpBy4oqN3A,33.499504,-111.927891,12,[33.499504,-111.927891,33.499504,-111.927891],[48,24,11]
3qk6Tjrqj-2b-KxO34IyiA,33.701756700000004,-111.89032133222949,17,[33.5785774,-111.925553,33.824936,-111.855089664459],[127,11,106,54,280,64,133,65,27,7,449,89,161]
L56wgzkIBP5_zVPHQ9XQCA,33.66660705,-112.271009378513,31,[33.4593423,-112.3928444,33.8738718,-112.149174357026],[27,11,7,36,33,44,39,38,99,128,139,375,13,6,115,168,63]
d95On_QNeQPr01pRNzHa5w,33.57873845,-111.91678845000001,157,[33.3365399,-112.0800705,33.820937,-111.7535064],[26,11,42,43,251,48,221,38,39,40,7,449,97,6,345,84,346,141,23,265,126,57,470,145,44,24,56,212,63,13,4,12,59,49,193,160,168,27,119,108,117,214,142,224,9,10,109,149,28,170,72,395,475,206,65,133,8,99,104,161,195]
qrYoXi7nj9PqXFFy9p_XPw,33.43990728886215,-112.1898596,8,[33.407724,-112.4268472,33.4720905777243,-111.952872],[38,11,99,128,39,7,8,126]
IQiXV0XOFqLuQEh5oe2vUg,33.4556584,-112.0719926,2,[33.4556584,-112.0719926,33.4556584,-112.0719926],[38,181,39,40,11]
T7Unxf15tCDI3gXnzNOXHA,33.5599325,-112.0907115,168,[33.523984,-112.134443,33.595881,-112.04698],[33,117,24,11,265]
-r5yzQmUdD6XaEyQCiHDpw,33.63189825,-111.98931335,5,[33.4471783,-112.0744503,33.8166182,-111.9041764],[119,11,57,145,38,39,48,49,80,82,59]
TesxON7K0d-OY4N5QAfArg,33.621158,-111.875696,19,[33.621158,-111.875696,33.621158,-111.875696],[26,11]
Hkx1jlPvC1TZlZ9j1aF1RQ,33.6223677,-111.8970148,2,[33.6223677,-111.8970148,33.6223677,-111.8970148],[48,400,11]
ycJytAMl5gLA9kWCZe-SXg,33.34996035,-111.81097485000001,17,[33.24463,-111.9878697,33.4552907,-111.63408],[43,11,54,317,212,41,38,99,128,39,296,373,97,251,229]
CC_fy2uilrE-uoCDO7HT8g,33.7111223734905,-112.111252129845,1,[33.7111223734905,-112.111252129845,33.7111223734905,-112.111252129845],[26,11]
ibfK8z_emnNa57YpLuuPWQ,33.42211645,-111.97862035,8,[33.334824,-112.0716011,33.5094089,-111.8856396],[38,99,128,39,296,11,41,400,57,258,40,101]
xfYlkdGx9JWrmkR2ZinOfg,33.429415,-111.940562,200,[33.4219394,-111.94373,33.4368906,-111.937394],[57,39,145,212,11,48,14,15,6,38,7,47,128]
kN5mxDkghXIyhHW5zBOF4g,33.758577849999995,-112.0476562,20,[33.677676,-112.4238394,33.8394797,-111.671473],[49,178]
wDeZlKmA8WeamDyUG2kG3A,33.4221689,-111.944507,1,[33.4221689,-111.944507,33.4221689,-111.944507],[39,38,27,128,11]
LWdfZ4s-utptQXf7gvNU_Q,32.881807,-111.68127,1,[32.881807,-111.68127,32.881807,-111.68127],[26,11]
l2srZt-GNvF7tMotR_VyAw,33.4244531,-111.86061839999999,7,[33.3547012,-111.931447,33.494205,-111.7897898],[48,11,7,108]
isWBxa7m6ATeBKklclcGFg,33.4552907,-111.9878697,2,[33.4552907,-111.9878697,33.4552907,-111.9878697],[43,11]
GM4eJl2vnL0GKpPjfjqTWg,33.3234675,-111.8588896,3,[33.3195828,-111.8592461,33.3273522,-111.8585331],[43,11]
xCgp_QIq_gzeNQ-g77uDqw,33.4657898,-112.0323598,184,[33.4657898,-112.0323598,33.4657898,-112.0323598],[26,11]
YcbKJqlmfvU1jkYN2pfotw,33.56123885,-112.07432105,14,[33.4948977,-112.134346,33.62758,-112.0142961],[27,11,98,7,119,24,63,33,99,44,10]
RBfOwUIsT0T3ehJCl8qYKw,33.49853425,-112.0148154,141,[33.449233,-112.065458,33.5478355,-111.9641728],[28,17,29,38,140,39,40,48,11,27]
FMWBPVZIjPZDm6zps5PF5A,33.493753,-111.928103,1,[33.493753,-111.928103,33.493753,-111.928103],[64,65]
s02moeutwA2Q_6Mt1_J8eA,33.5044193,-112.0475633,5,[33.5044193,-112.0475633,33.5044193,-112.0475633],[206,11]
Mo-v549kotwLFqzTk9kayA,33.2556225,-111.6339769,2,[33.2556225,-111.6339769,33.2556225,-111.6339769],[49,233]
CzgdWMzPg7dKnYn7iF3h5w,33.465665,-112.340224,1,[33.465665,-112.340224,33.465665,-112.340224],[212,11]
oqQ8Mfc8yxSaoCFHLReFnA,33.5062078,-112.0739142,3,[33.5062078,-112.0739142,33.5062078,-112.0739142],[168,181,229,11]
52giRPVNNGzzQKsU29bjvw,33.678615,-111.9746066,4,[33.678615,-111.9746066,33.678615,-111.9746066],[38,265,39,11]
GXe3nPZXh9cq-eVDymKtDg,33.64662348244775,-112.390392647465,3,[33.6384896648955,-112.40625679493,33.6547573,-112.3745285],[7,108,96,72]
D9PU9OmIrCvolQWDxBRYlQ,32.94709805,-112.71864110000001,56,[32.94577,-112.725502,32.9484261,-112.7117802],[63,27,11,28,17,29]
N6CCk4JaGoXTHteqYCKcVg,33.4692938,-112.00751965,45,[33.3999435,-112.0986063,33.5386441,-111.916433],[26,11,7,108,48,33,142,24,139,416,27,49,80,59,38,39,185,8]
iTJtpsfppCKvH7Mo3DMUvA,33.2809096,-111.9613892,108,[33.2809096,-111.9613892,33.2809096,-111.9613892],[44,11]
gYIHSsoa260H544x9guLOg,33.494896499999996,-111.99117675,200,[33.423546,-112.066662,33.566247,-111.9156915],[48,11,28,342,158,57,327,119,120,170]
N7hLoQoscc82SeIMwRnZ5w,33.4947362,-112.0605131,1,[33.4947362,-112.0605131,33.4947362,-112.0605131],[41,26,11]
PPHRQVwo9BR_hC-4O_vLTQ,33.4900575,-111.9262552,1,[33.4900575,-111.9262552,33.4900575,-111.9262552],[311,88,38,39,11]
aITqTwpbGW9_NEee6BO9Rw,33.31037535,-111.91849785,2,[33.3022417,-111.925941,33.318509,-111.9110547],[65,133,99,11]
qUalYOSsA8rz_JmzdQi0hw,33.277017,-111.857122,2,[33.277017,-111.857122,33.277017,-111.857122],[71,72,287]
OJneNNBzhBsw8ZfwrmYFbA,33.509038,-112.0670453,1,[33.509038,-112.0670453,33.509038,-112.0670453],[26,11]
gdnK9qiQGnLT-ZxDr876Ow,33.414736899999994,-111.8372822,5,[33.4145172,-111.8400473,33.4149566,-111.8345171],[7,108,119,99,11]
CKIMWswklKmT3SaBp564eQ,33.4012935,-111.7764605,14,[33.379859,-111.951494,33.422728,-111.601427],[38,128,39,88,89,11]
fbI36KFLubq5adz8lzX3Rg,33.464277,-112.269802,2,[33.464277,-112.269802,33.464277,-112.269802],[65,133]
Li5WZKEP243vOoQeP0ftiQ,33.458298,-111.9956801,10,[33.407079,-112.0741442,33.509517,-111.917216],[88,7,38,47,39,98,139,33,117,11,173,6,112,128,293,140,40,48,298,63,27]
WiYbxN-JFksnFlv4kLhHOg,33.43880753643725,-111.8499815,16,[33.31081,-111.927951,33.5668050728745,-111.772012],[224,11,39,38,26,128,352,48,127,126,97,212,63,119,99]
nCjz7jZxJnYyEcnRo_uytA,33.6390308,-112.3590018,3,[33.6390308,-112.3590018,33.6390308,-112.3590018],[33,185,11]
55GXsFLH4QYnTQqiijBtxA,33.551239499652,-112.0760502,200,[33.43475,-112.2264794,33.667728999304,-111.925621],[340,11,7,36,8,322,57,48,24,39,145,28,240,241,170,292,27,17,29]
3YAL6tUembNDFKEXCMobHg,33.5579905,-111.9016,17,[33.492962,-111.927751,33.623019,-111.875449],[43,11,224]
V-_LOngmd-Iy4x_1BYa8PQ,33.4683596,-111.9610739,34,[33.4352894,-112.0136128,33.5014298,-111.908535],[39,38,26,128,11,265,309,119,285,33,117,40,202,72,44,99,27]
WYvvzZ1MW9iwzT1TcxVopg,33.460294,-111.985653,56,[33.460294,-111.985653,33.460294,-111.985653],[28,17,29]
uULWPR322UOU4y0duTbbFw,33.494238,-111.977849,1,[33.494238,-111.977849,33.494238,-111.977849],[38,99,88,39,128,11]
-V3CXSxnUzjkLVqi1xGrkA,33.52565585,-111.9309049,96,[33.414345,-111.9770187,33.6369667,-111.8847911],[7,313,27,11,49,158,178,28,26,33,127,39,38,63,224,192,182,229,251,212,43]
0dkI2HjFmQqB349iKMreww,33.40786962338285,-111.980019,151,[33.3057308,-112.072854,33.5100084467657,-111.887184],[38,39,40,7,292,99,48,11,97,6,204,65]
n5lxfwQPsDc-r-wyDgoLzA,33.5094461,-112.0403946,3,[33.5094461,-112.0403946,33.5094461,-112.0403946],[63,27,11]
1mki6tSQDUtorUieI-MYrQ,33.48060715,-112.0837943,3,[33.4581958,-112.0999,33.5030185,-112.0676886],[38,6,145,186,57,39,251,11]
MNRR92gVUhzPF6vs0EAA5w,33.482871,-112.047946,1,[33.482871,-112.047946,33.482871,-112.047946],[65,133]
pyxsI1V6RF6wXQs1e7nQsw,33.549915049999996,-111.91767770000001,200,[33.519588,-111.9258314,33.5802421,-111.909524],[48,206,11,7,9,10]
tUdq2K-2QlH_a_FCB_Z9Vw,33.49401105,-111.9790093,141,[33.45,-112.07,33.5380221,-111.8880186],[26,11,168,265,98,7,24,41,400]
tfYiqaLU5swUfMO9JJp9Dg,33.55040665,-112.13532359999999,29,[33.430535,-112.345359,33.6702783,-111.9252882],[24,229,11,43,27,99,26,251,168,169,98,7,162,142,33,63,109,38,39,212,119]
2Vp20qLeCNcXbyr41B7LOw,33.583199,-112.062162,1,[33.583199,-112.062162,33.583199,-112.062162],[32,95,222]
GiqYkbv7IqD_ICmrruJyRg,33.5310245,-111.88934985,19,[33.42263,-111.940813,33.639419,-111.8378867],[27,11,41,400,26,33,44,28,17,29,43,63,274,6,13,216,88,38,39,298,119,120,10,24]
FvzZ2PC386PDUPTYLnEe7w,33.334714000000005,-111.946774,3,[33.321266,-111.9819,33.348162,-111.911648],[43,11,27]
2PYY8ZTy0spnlX4x-AMRrA,33.6401752,-111.9951643,1,[33.6401752,-111.9951643,33.6401752,-111.9951643],[33,99,26,11]
mu9W-8Dxs2THV9tzo8oPiw,33.610963,-111.927561,10,[33.610963,-111.927561,33.610963,-111.927561],[7,11,63]
KzFKfC6q_s7i6mUt8Q43FA,33.458827492472,-112.0641960684965,46,[33.444801984944,-112.072327136993,33.472853,-112.056065],[27,11,48,38,99,39,128,185,119]
-B-Hkqb-WdXhgSoh1ZIz4w,33.3055809,-111.868212,4,[33.3055809,-111.868212,33.3055809,-111.868212],[96,72]
chG92bNKZT0tBIJqVcoV3A,33.3184674,-111.9682552,4,[33.3184674,-111.9682552,33.3184674,-111.9682552],[109,38,265,39,11]
0numEAsYCOoIwcwefqOsuA,33.6753306,-111.9633729,13,[33.6753306,-111.9633729,33.6753306,-111.9633729],[38,48,39,40,11]
wnzqo-Y7zjmsRM4OzPrBbA,33.623261,-112.391859,1,[33.623261,-112.391859,33.623261,-112.391859],[26,11]
5oqjRJuOSWdksgUFtDT_Hg,33.670590950000005,-112.15285085,6,[33.6290819,-112.238107,33.7121,-112.0675947],[373,182,41,11,130,32,24,38,128,39,33,7,142,120]
5_V680IeKXPYGoNX4U8hYw,33.536568349999996,-112.06480575,4,[33.4483771,-112.1966734,33.6247596,-111.9329381],[7,232,28,17,29,212,229,11]
AV3qn49AJVn90B8I72ThDQ,33.47891396896465,-111.98834389999999,7,[33.4340826379293,-112.0487368,33.5237453,-111.927951],[38,48,39,40,11,352,99]
6wGBmFyZdPgZ6ABQp4SELQ,33.452337,-111.9174045,15,[33.406846,-111.927267,33.497828,-111.907542],[218,41,11,352,48]
18y9v8Gyn1z2cImIXOwvpg,33.50553585,-111.85693905,5,[33.3750117,-111.924248,33.63606,-111.7896301],[11,63,26]
deE29-PsNRgvQl6WnKD_ZA,33.3782275,-111.9297442,4,[33.3782275,-111.9297442,33.3782275,-111.9297442],[33,11]
zoJBalZn3RwhbT4yike37g,33.5056028,-111.97811175,193,[33.4869182,-112.0474855,33.5242874,-111.908738],[109,38,11,39,63,99,127,119,26]
JkP1k0bT6cD6FI6qIIEQaA,33.321061644794,-111.723918914795,2,[33.321061644794,-111.723918914795,33.321061644794,-111.723918914795],[99,11]
7_qZdgnSZDqpZN7fLgrTkQ,33.36376,-111.9272987,2,[33.36376,-111.9272987,33.36376,-111.9272987],[183,65]
z4MlPZ8SGa2ODhn4vZoGog,33.578704450000004,-111.9864661,6,[33.4787939,-112.047023,33.678615,-111.9259092],[26,11,27,48,24,126,97,64,65,309,119,285,63]
niRvwdTP4ZNd95ngJgj-Sw,33.4386119,-111.94441710000001,17,[33.3350308,-112.0114032,33.542193,-111.877431],[224,11,38,101,33,39,128,7,142,265,126,97,63,182,172,43]
n4jn4MWs2SmtmgCC43RI_w,33.526781650000004,-112.0330191,29,[33.414345,-112.1530072,33.6392183,-111.913031],[192,11,251,8,7,138,139,323]
7IrjCExu5VON5bhcfo7IBA,33.4976165,-112.016869,4,[33.449233,-112.065458,33.546,-111.96828],[7,292,98,27,11,210]
EKzTErCO4ZbV56490wMP6A,33.4833651,-111.9351219,1,[33.4833651,-111.9351219,33.4833651,-111.9351219],[26,11]
pIryFzjHk4nQXpLK_wLr8A,33.5870078,-111.8362931,2,[33.5870078,-111.8362931,33.5870078,-111.8362931],[84,339]
wwhc2HYRUzXDBeTYvw0Q8w,33.4322113,-112.0429513,13,[33.4322113,-112.0429513,33.4322113,-112.0429513],[28,271]
5w_39fixYcbWU29Bi7VNqw,33.347629,-111.71704489999999,5,[33.3013916,-111.7434406,33.3938664,-111.6906492],[12,30,13,6,118,7,24,108,119,11,114]
EbQWa6BVJrxtU0aQJj8Twg,33.69907,-111.917449,13,[33.69907,-111.917449,33.69907,-111.917449],[26,11]
NWsWGO-641VS6bN2XXETgQ,33.5227663,-111.91866300000001,13,[33.4221126,-111.94542,33.62342,-111.891906],[26,11,123,65,126,97,24,38,39]
EnFaQhSKjLS8e9H3ou76zg,33.4318515,-111.91883419999999,4,[33.3547012,-112.0478786,33.5090018,-111.7897898],[26,11,13,6,115,372,224,7,108,48]
troGv2y-fUP6oMyVku5jbw,33.42567855504301,-111.9582425,19,[33.348763010086,-112.000559,33.5025941,-111.915926],[167,65,38,7,47,88,39,48,11,26,98,62,17,24,99,128,119,182]
FCIugOG9VLp0Di4r3PC-ew,33.6244671692423,-111.927910236417,1,[33.6244671692423,-111.927910236417,33.6244671692423,-111.927910236417],[24,11]
J1Sp-1I0M_c5zMdlSDNr0Q,33.6322642,-112.2375029,1,[33.6322642,-112.2375029,33.6322642,-112.2375029],[265,11]
5gncnYZdQ2FqwiOvs5Jinw,33.400259649999995,-111.96603329999999,126,[33.306588,-112.00644,33.4939313,-111.9256266],[28,17,29,185,11,170]
DvrsD8rySf7fmJl2PVn6oQ,33.390593891454955,-111.93208200000001,15,[33.3346157829099,-112.004661,33.446572,-111.859503],[352,11,185,119,120,224]
NgT2jV5MPQ6IHa2zZ6Ucxg,33.377251,-111.895382,2,[33.377251,-111.895382,33.377251,-111.895382],[49,80,82,59]
8knx72aQPeI_MyXIUYWPEQ,33.969358,-112.728395,1,[33.969358,-112.728395,33.969358,-112.728395],[28,17,29]
lsYq1eKzU0X77LN6PfH1Ng,33.5048545,-111.9318345,113,[33.5048545,-111.9318345,33.5048545,-111.9318345],[57,69]
H_Qgdq01IxBlH-qGXltSwQ,33.560434150000006,-111.94793565,13,[33.4498181,-112.3581963,33.6710502,-111.537675],[61,13,6,30,109,38,48,39,11,331,49,305,27,99,181,12,60,22,337,32,80,82,59,308,54,238,212,26]
KTMqiNYmGBzenePbCVLa-g,33.461555950000005,-112.01482200000001,67,[33.421453,-112.079081,33.5016589,-111.950563],[26,11,119,120,224,7,108]
M0teEfJVRCnFCQOMMOEtWw,33.3417421,-111.8701908,8,[33.2611314,-111.9169665,33.4223528,-111.8234151],[182,48,140,11,7,108,192,142,224,26]
ZaJUjXr7g3gkiL4FfEedYQ,33.4272811,-111.9400902,4,[33.4272811,-111.9400902,33.4272811,-111.9400902],[119,48,11]
xq6SazcuGyqxtpTdIdLepg,33.5030129,-112.0039285,2,[33.5030129,-112.0039285,33.5030129,-112.0039285],[195,65]
_gUDcdDWLlpfEuqBoZZMGw,33.6123517,-112.0993548,1,[33.6123517,-112.0993548,33.6123517,-112.0993548],[126,11]
XXW44qQBrnXm-ZxoZJB6uA,33.4240085,-111.9401874,1,[33.4240085,-111.9401874,33.4240085,-111.9401874],[38,99,39,11]
Q6pg7zGTs-UxCaeKpZX2mg,33.7084086,-112.272659,1,[33.7084086,-112.272659,33.7084086,-112.272659],[27,11]
Uf2wd7-KVc9lGPZS-Vxtyg,33.4062265,-111.9860012,139,[33.3022462,-112.0962274,33.5102068,-111.875775],[7,108,47,48,27,11,46,6,33,44,251,142,292,138,8,139,38,88,39,36]
vhitBvtK1ph03eUYuR0Fcw,33.34142295,-111.87651295,5,[33.3188024,-111.8774978,33.3640435,-111.8755281],[27,11,7,137,8,139]
ArLeRjSfEChTsNAP4UnOfg,33.462028950000004,-112.0091765,4,[33.3928523,-112.0823359,33.5312056,-111.9360171],[7,187,10,139,11,303,17,49,368,134,135]
bYpLzcWA5ZmkRxsSgmCumA,33.541754049999994,-112.0118251,24,[33.3023282,-112.180888,33.7811799,-111.8427622],[11,7,108,41,361,33,292,142,13,6,21,22,307,212,43,49,146,46,265,483]
jM1HSA-lV0B-zzsUHafwSQ,33.3469595,-111.91389849999999,5,[33.305824,-111.991311,33.388095,-111.836486],[119,99,11,7,108,338,49,312,146,17,152]
Fr4uHlyy99vz69PDqOluSw,33.505809,-112.013309,2,[33.505809,-112.013309,33.505809,-112.013309],[104,65]
QAMNtBlBPpHwGhugOIaumA,33.400506,-112.453416,2,[33.400506,-112.453416,33.400506,-112.453416],[49,50,52]
2BS05HwuXcnFL-YqlyhtnQ,33.4344634,-111.97502655,4,[33.362719,-112.0739142,33.5062078,-111.8761389],[89,11,38,181,39,40,168,229]
FevBcg69uao1b4CSW-PKBw,33.5015865,-111.94526285,6,[33.4643259,-111.9641728,33.5388471,-111.9263529],[7,108,182,99,11,47,48,119]
GHScRZaE5zv6V6WlSBQLfA,33.37942,-111.784494,1,[33.37942,-111.784494,33.37942,-111.784494],[474,11]
QuTeoYYfUf9y6rQBpCVC_Q,33.5102068,-112.0272041,15,[33.5102068,-112.0272041,33.5102068,-112.0272041],[48,11]
NPoEZ-tI88N3U9gzNvT5Tw,33.6462961,-111.9189477,7,[33.6462961,-111.9189477,33.6462961,-111.9189477],[26,11]
_hC1JhaqxnBU2CKvW64Cxw,33.407162416802,-111.91035657289,2,[33.407162416802,-111.91035657289,33.407162416802,-111.91035657289],[404,451,11]
PeFBEpsbTc6DWSgCP-hlRA,33.6392183,-112.1530072,10,[33.6392183,-112.1530072,33.6392183,-112.1530072],[251,11]
aqK2J9henAphrw0UlQ0S3Q,33.4166304,-111.94919300000001,28,[33.4075498,-111.957916,33.425711,-111.94047],[26,11,38,7,47,39,48,128]
Iin4hqNst0EKKT15qKRpFw,33.5242874,-112.0474855,26,[33.5242874,-112.0474855,33.5242874,-112.0474855],[99,127,11]
I2zyIHG-JhCa2v40zivL_w,33.497154249999994,-111.9279558,9,[33.4922985,-111.9313599,33.50201,-111.9245517],[168,99,11,48,38,39,210,265]
_KAH-WmOz1pR1NBKgyDeUg,33.6235418,-111.9255447,1,[33.6235418,-111.9255447,33.6235418,-111.9255447],[33,11]
aFS79MWa0-zlU7SBpq1MDg,33.868744,-112.1387323,4,[33.868744,-112.1387323,33.868744,-112.1387323],[65,133]
dHl8uHC2_NN-DiUr_QuOwQ,33.49380415,-112.05465125,51,[33.449188,-112.1839297,33.5384203,-111.9253728],[98,7,24,206,11,126,97,172,27,63]
8CYd3UuevLBxMTIN-0t58Q,33.63048715,-111.88952520000001,16,[33.5291033,-111.9261874,33.731871,-111.852863],[48,11,63]
UG784xW3qdY9RF8H8VOdNw,33.56491365,-111.912338145996,46,[33.4920033,-111.928024291992,33.637824,-111.896652],[206,11,126,97,28,17,29]
xoaXbwmZgWe7H5jmeEaoMw,33.334619,-111.84268,3,[33.334619,-111.84268,33.334619,-111.84268],[340,201,11]
focPnXD_bcIj1cDbcTbFxA,33.4105453536845,-111.860657930374,1,[33.4105453536845,-111.860657930374,33.4105453536845,-111.860657930374],[129,79]
S2OY1vzzJjMnVrCkdoaujQ,33.4843593,-111.9996265,22,[33.4770236,-112.073629,33.491695,-111.925624],[38,140,39,40,48,11,109]
yhGfcKunPjcy-v-1ppr6oQ,33.5561902286892,-112.09046155,44,[33.4566960573784,-112.2581306,33.6556844,-111.9227925],[43,11,99,119,97,26,430,63,126,39,205,109,38,265]
QgCv0wWdFU_UokJLX7vfFg,33.017727,-111.392423,4,[33.017727,-111.392423,33.017727,-111.392423],[11,27,63]
TCR4bKjBXaI8qS_QK3MO1w,33.67437012978535,-112.35057325,50,[33.4940045,-112.4712525,33.8547357595707,-112.229894],[11,44,26,48,65,133,38,293,128,205,39,49,304,43,33,57,145,149,97]
jO-WyqcAPupgAee_pWEiiQ,33.798073,-111.926458,1,[33.798073,-111.926458,33.798073,-111.926458],[26,11]
EfDfzXWbytIWQUorpWyFLw,33.397061300000004,-111.70287530763,3,[33.3791316,-111.8058261,33.414991,-111.59992451526],[7,142,292,43,11,162]
wwy_d5_t2mz-UlJxEbKB9w,33.407138,-111.872612,2,[33.407138,-111.872612,33.407138,-111.872612],[99,11]
-YsxagPpXQG-V6X17osqbQ,33.5094461,-112.0403946,12,[33.5094461,-112.0403946,33.5094461,-112.0403946],[63,27,11]
ZCHgXHWc3RHEWzpSBf9XYA,33.4860023,-111.9264164,84,[33.4860023,-111.9264164,33.4860023,-111.9264164],[33,119,11]
mdgWuMB26EKAyU4FyQ9TSA,33.62081665,-112.06327150000001,9,[33.5299053,-112.200106,33.711728,-111.926437],[7,108,26,11,265,483,96,72,73]
_Ng6CqgQbZJ3c9ZhWGCu_A,33.498402,-111.99697599999999,16,[33.413324,-112.120516,33.58348,-111.873436],[41,42,43,11,7,142]
kzcEx-7z5kPlsscd5Ta3CA,33.7811799,-111.9258478,3,[33.7811799,-111.9258478,33.7811799,-111.9258478],[11]
At9PVF4yP9uxPHiqOkakHg,33.499177599999996,-111.9457326,15,[33.493947,-111.9691642,33.5044082,-111.922301],[11,63,161,28,65,17,29]
QEYTm3qf6Kmp0VmamXQW_A,33.5092756,-112.0718179,107,[33.5092756,-112.0718179,33.5092756,-112.0718179],[48,11]
5Ii_YO2jsq8bF2DY0w5cKg,33.3937651592755,-111.87586061068001,2,[33.3934996,-111.876711,33.394030718551,-111.87501022136],[26,11,63,27]
VRRo0Imw53SxgNEzWGAafQ,33.45808495,-111.92687715,9,[33.4219276,-111.9273071,33.4942423,-111.9264472],[26,11,24]
MV9dHcyhBBGX7ZAJ0q4GUg,33.4922985,-111.9245517,2,[33.4922985,-111.9245517,33.4922985,-111.9245517],[210,11]
vEQZ_pSnostpzKMJ19RA8Q,33.3961543130434,-111.9586241374655,3,[33.3845381260868,-111.963531374931,33.4077705,-111.9537169],[6,155,54,156,7,81,194]
NUG2LfHBQM1aWQJXZqLXLg,33.449233,-112.065458,111,[33.449233,-112.065458,33.449233,-112.065458],[27,11]
xEX04JkuW5TZKgmZCtphXQ,33.4207679,-111.9334531,3,[33.4207679,-111.9334531,33.4207679,-111.9334531],[188,23]
gpMsx8fRxIJll53tvF65LQ,33.45959753642805,-111.91322985,39,[33.3369531,-111.9506847,33.5822419728561,-111.875775],[7,138,8,139,42,43,11,98,10,9,244]
EPgfbUJRnnMY1k-n6PmSxA,33.5840123,-111.9223917,1,[33.5840123,-111.9223917,33.5840123,-111.9223917],[7,313]
-iKXQ6b_Pn0ct1ZhD8hJ1A,33.5641946,-112.2584939,2,[33.5641946,-112.2584939,33.5641946,-112.2584939],[37,32]
n4PmRYAvx2c6X0-fb9mT9Q,33.41956565,-111.94877145000001,32,[33.334712,-112.0741278,33.5044193,-111.8234151],[63,27,11,219,218,41,109,38,39,26,212,361,99,40,206,309,285,98,7,24,292,108,185,88,89,43,97,117]
_8KAa1lhcX0JEmDqvODwFg,33.4929188679125,-111.91093722713,40,[33.307983735825,-112.0775732,33.677854,-111.74430125426],[38,39,40,285,185,11,126,7,247,108,57,145,48,49,128,341,212,293,8,6,45,219,218,41,182,140,201,119,292,232,142,109,27,28,17,29,97,12,13,22,206,63]
ocj5JHxeNeHnLqOLf6KuQg,33.409735,-111.857263,3,[33.409735,-111.857263,33.409735,-111.857263],[38,26,39,11]
1ADvDGbYb3DVakds4jCAnw,33.4457157824975,-111.9066435573975,34,[33.304775,-112.0893682,33.586656564995,-111.723918914795],[119,120,11,27,26,57,333,63,99,33,7,98,10,9,49,368,224,162,24,185,38,39,182,48,140,139,416,36,44,88]
P7_KQSpPekNTBUfYz6YeIw,33.2796055,-111.7890165,1,[33.2796055,-111.7890165,33.2796055,-111.7890165],[78,79]
8w7aq0Lnm0eyVbSXKSr7qw,33.421558,-111.945394,1,[33.421558,-111.945394,33.421558,-111.945394],[27,11]
E6GKGze6U9vZ8eSwLJwzHQ,33.4655863,-111.9279622,16,[33.4655863,-111.9279622,33.4655863,-111.9279622],[7,24,47,27,11]
rjZoXU3OOPJc0-_jqx1iTA,33.6826415,-112.02990249999999,12,[33.56721,-112.133347,33.798073,-111.926458],[12,46,13,6,22,27,11,10,24,97,43,63,48]
aIUefJBhBQ_UZEzryL6b8A,33.378327,-111.9006785,4,[33.334024,-111.940813,33.42263,-111.860544],[27,11,30,13,6]
5POy6E8lDSfHFJk7aMuUsA,33.5020151,-111.9230997,1,[33.5020151,-111.9230997,33.5020151,-111.9230997],[26,11]
-o3uGadqen-bc1HjMx_8Bw,33.3121925,-112.20506005,93,[32.94577,-112.725502,33.678615,-111.6846181],[192,11,63,41,400,182,48,140,26,57,99,91,117,119,49,28,506,52,368,7,142,8,44,27,24,442,241,84,124,125,97,17,29,470,145,39,96,72,71,73,102,103,162,30,13,6,322,224,15,191,346,33,265,185,146,25,126,177,98,201,23,32,95,222,108,45,112,21,35,77,12,118,361]
FgkmsIAmA3uKx5bLNkXF9A,33.3799093,-111.90792975,121,[33.2475,-112.0800705,33.5123186,-111.735789],[7,142,292,10,11,99,340,48,38,128,39,296,63,109,6,156,27,140,177,26,119,57,327,47,352,181,212,229,224,108,338,201,54,238,377,323,28,17,29,24]
MLBvxKoqFSa5KxTp5q7DNw,33.24737415,-111.7895462,2,[33.2339103,-111.7896154,33.260838,-111.789477],[26,11,7,142]
SwRblRXgGLbtFkkkCJcPsw,33.44879725,-112.06798985,180,[33.444799,-112.0693177,33.4527955,-112.066662],[38,99,128,39,296,11,57,327]
5ReFxjOmyze9Sgsp4BlePw,33.458692129096,-112.065567970276,1,[33.458692129096,-112.065567970276,33.458692129096,-112.065567970276],[98,7,108]
59pVYStY0yKpRmODFIfDww,33.4915,-111.8781886,60,[33.304385,-112.0739142,33.678615,-111.682463],[7,142,168,265,99,11,8,292,48,449,97,28,17,29,49,52,119,178,41,63,27,224,43,181,229,46,6,138,139,251,38,26,39,108,126,127,309,285,307,212]
H77fTC4yK1jyQPPMvMJErw,33.6491352,-112.0988391246935,15,[33.5839581,-112.2713813,33.7143123,-111.926296949387],[202,72,281,269,7,137,8,139,26,11,4,6]
iUl-ctdtKfCW2cXJri8tFA,33.7141485685604,-112.142043113708,1,[33.7141485685604,-112.142043113708,33.7141485685604,-112.142043113708],[49,193,59]
FSpFbpXpW7R1UjZwQmIqWw,33.4106251557474,-111.95470785916149,3,[33.3192686114948,-111.981797218323,33.5019817,-111.9276185],[28,17,29,38,48,39,11,99]
e-89w7FUWyUKgAELA75E3w,33.3402362,-111.8474875,72,[33.2475,-111.940409,33.4329724,-111.754566],[33,265,185,11,251,48,26,88,38,39,40]
bcAFNnj_Ap7CiBRSkGRxBw,33.4542695,-111.9094198,2,[33.4542695,-111.9094198,33.4542695,-111.9094198],[168,11]
jxQv1ELt64Yvrs7N58HVMQ,33.581302,-112.25351,3,[33.581302,-112.25351,33.581302,-112.25351],[26,11]
VKroBaT6_aHxFrNUJ1ll-w,33.329129,-111.795261,3,[33.329129,-111.795261,33.329129,-111.795261],[57,69]
ZDgF8jKkYOtA02qvAXKteg,33.466239739517746,-111.959618713838,55,[33.4341900790355,-111.994339227676,33.4982894,-111.9248982],[33,44,11,7,108,119]
5dh2IaJcOG6ImOrhr8E-Ew,33.4155479,-111.79738395000001,11,[33.304492,-111.924627,33.5266038,-111.6701409],[27,11,7,138,139,24,117,212,26,43,224]
2HLkrJcWPg1ojZTRqjyH4g,33.594702,-112.218673,1,[33.594702,-112.218673,33.594702,-112.218673],[7,30,8,13,6]
XCtQKImrk1TJG4vz9b7WMA,33.631363449999995,-111.95316890000001,3,[33.6243219,-111.979837,33.638405,-111.9265008],[6,204,65,12,114,13,22]
cI8WdWrzu4RWDuhizzOS3w,33.6340876,-111.9035591,2,[33.569524,-111.9174872,33.6986512,-111.889631],[39,224,38,11,98,7,24,63]
zTKFKg1DIlF-dJ9z4pYsCw,33.39244395,-111.91032295,3,[33.362719,-111.944507,33.4221689,-111.8761389],[39,38,27,128,11,89]
-HXmLPAkRt1pwqwgAV8JAw,33.5670746,-112.0388778,6,[33.4950129,-112.150244,33.6391363,-111.9275116],[64,65,133,210,11]
tVIu_vzLzZ6trhuqFcAZWA,33.4941979,-112.00267935,15,[33.407561,-112.0800705,33.5808348,-111.9252882],[98,7,24,11,63,27,119,48,109,38,39,440,88,99,26,309,285,33,224,307]
rE93x3wRq5A2NRfHZkqMMw,33.606249,-111.720061,8,[33.606249,-111.720061,33.606249,-111.720061],[49,341]
rd3eacwmukL0qtIlakomKA,33.491803700000006,-112.01188825,6,[33.469968,-112.0962274,33.5136394,-111.9275491],[7,108,119,11,98,172,251,142,292,43,109,38,39,63]
Iv7fQNT5LrrJcDx8AbNkXA,33.4397120286892,-112.01191056849649,2,[33.422728,-112.072327136993,33.4566960573784,-111.951494],[11,63,119]
LBM7pRiLfbXgpSAtNP7MyQ,33.407561,-111.9475246,1,[33.407561,-111.9475246,33.407561,-111.9475246],[88,38,99,39,11]
yfosF4_bvghJAp1e84jLbw,33.63688295,-112.08477995,4,[33.626933,-112.100731,33.6468329,-112.0688289],[215,32,212,26,11]
e5mhdLDWyzUJYp3ZGlCZgw,33.624757,-111.9329269,21,[33.624757,-111.9329269,33.624757,-111.9329269],[161,65]
7g0ZYnnNGMRFppb_0bENDA,33.5456304,-112.0691197,4,[33.5094352,-112.1241562,33.5818256,-112.0140832],[10,24,11,33,38,39,7,313,99,44]
F_iY_YMihmxg2DiqhdHbrQ,33.5508098511645,-111.88576753103001,19,[33.4949678,-111.928554,33.606651902329,-111.84298106206],[119,99,11,161,28,65,17,29,48,26,322,57,190]
ci9el3Z9rSmtgXWAFKE7hQ,33.429364798234545,-111.83466509864499,200,[33.2915794964691,-111.9276185,33.5671501,-111.74171169729],[112,6,307,212,43,11,28,17,29,57,327,48,293,39,158,265,168]
c7AyEUnJewJoV1Kdx5bm6g,33.49340545,-111.92767649999999,112,[33.492517,-111.930037,33.4942939,-111.925316],[26,11,38,7,57,18,109,209,17,39]
R0Pd_PJNQSCsiBsGFxVzOQ,33.4588295,-111.9987935,2,[33.408375,-112.07454,33.509284,-111.923047],[321,238,54,82,59,49,14,15,6]
z8xQdOZ_z59VZqihGBKLxg,33.501646,-111.922389,1,[33.501646,-111.922389,33.501646,-111.922389],[38,205,39,40]
L91mhS-6NeZ33SDdh5OBvQ,33.369438099999996,-111.75615794999999,5,[33.3547012,-111.7897898,33.384175,-111.7225261],[26,11,7,108,48]
3VVNT5Oz_QCwY2kcjsO9QA,33.48775103642805,-111.875476098864,6,[33.3932601,-111.882346097728,33.5822419728561,-111.8686061],[7,98,10,9,11,24]
pUbzqLd17DRH86M1zA9jIA,33.43761995098115,-111.9388644925535,55,[33.421453,-111.950563,33.4537869019623,-111.927165985107],[224,11,182,172]
C12o5ftQjGEcafBN0upnHg,33.44795885,-111.81365285,12,[33.393419,-111.9258947,33.5024987,-111.701411],[10,11,322,19,57,20,23,41,7,292]
pYpXLk76UmkPnwqXX4nD5A,33.43851985,-112.0525536,5,[33.3781775,-112.0830443,33.4988622,-112.0220629],[6,70,7,139,423]
sqLsoqm3lNxvfkOQ_wXucw,33.341369,-111.90313165,11,[33.261388,-111.9490283,33.42135,-111.857235],[126,11,219,218,251,41,43,224,7,138,8,139]
XZcp4QXvUocn2Fak28-etQ,33.3456314,-111.8252179,36,[33.3057148,-111.8962557,33.385548,-111.7541801],[26,11,7,142]
qkD9XZ71VtilNdFSLBrIXA,33.51180345,-112.07561235,4,[33.5062078,-112.0824683,33.5173991,-112.0687564],[88,7,38,47,39,108,126,97,11]
hLU5Od-sff-BXigMYm2rlg,33.32766855,-111.86205205,11,[33.3056789,-111.902866,33.3496582,-111.8212381],[26,11,224]
HaDEZSNSTNFmq6laVB6ZMQ,33.454262150000005,-112.00293245,19,[33.379421,-112.0823359,33.5291033,-111.923529],[6,77,35,27,11,26,7,187,139,48,63,195,65,13,115]
HJDDXvyIoakWHF0Ik_S1iw,33.394030718551,-111.87501022136,1,[33.394030718551,-111.87501022136,33.394030718551,-111.87501022136],[63,27,11]
IBx4QQx-UCQFDXOPlo7mjQ,33.4931793,-111.9320931,4,[33.4931793,-111.9320931,33.4931793,-111.9320931],[39,26,127,11]
TQ5eVGOFr_qB5_BbEd3Sow,33.398788499999995,-111.9150847,200,[33.2994159,-112.1173964,33.4981611,-111.712773],[12,30,13,6,22,446,210,11,45,204,65,7,72,148,154,168,44,144,36,274,15,25,96,239,98,99,60,61,153,84,370,8,110,57,69,112,17,111,173,113,265,185,33,39,340,38,229,181,323,124,125,248,177,140,41,77,35,76,251,43,119,24,162,34,208,14,62,114,254,138,139,63,27,28,29,451,170,236,103,46,88,89,26,137,120,373,292,142,97,141,87,296,201,21,9,202,215,32,157,108,109,54,324,317,147]
lS3fw81m9FKT82Hbgk3OSw,33.5712583,-111.940645615069,64,[33.4962205,-111.9641728,33.6462961,-111.917118430138],[28,158,17,29,168,11,38,140,39,40,48]
fxuV91J9C9tDLNjYzKtV5w,33.6852279,-111.9771859,4,[33.6698624,-112.030859,33.7005934,-111.9235128],[251,11,64,65]
2VZd_gHt2rRyKIixkYiDhg,33.483281,-111.926895,1,[33.483281,-111.926895,33.483281,-111.926895],[63,27,11]
eJxjxSPr5qmABcID1sKW7Q,33.35920805,-111.97804235,45,[33.348162,-111.9819,33.3702541,-111.9741847],[265,11,26]
ve--Bm9qHhthbDymH5ku0w,33.565247,-111.9721586,45,[33.502191,-112.0146407,33.628303,-111.9296765],[161,28,65,17,29,109,38,11,39,63,33,99,126,12,114,13,6,123]
VMcmcVEi4P-wlJBU0BnlHA,33.3057308,-111.8960397,6,[33.3057308,-111.8960397,33.3057308,-111.8960397],[97,11]
FMPWi3z7KCGmfaCDGJHF6A,33.546990199999996,-111.90819450000001,15,[33.4217923,-111.951184,33.6721881,-111.865205],[65,133,98,7,24,11,48,64,161,49,80,82,59]
4y3YVrmJJnGNuW0jDq1IoA,33.3941184,-111.9091208,31,[33.3941184,-111.9091208,33.3941184,-111.9091208],[212,361,11]
3NANNETz5moZ2hQjGOZAUg,33.5378713137466,-112.055160999298,32,[33.5378713137466,-112.055160999298,33.5378713137466,-112.055160999298],[63,27,24,11]
tIuXIDONwCTp01qAsJWPWQ,33.58050215,-112.15772885,5,[33.4823893,-112.3408511,33.678615,-111.9746066],[7,99,47,11,27,212]
7LDoeCU14M4_-UBqTEcmzA,33.4950814,-112.0032205,12,[33.4950814,-112.0032205,33.4950814,-112.0032205],[7,108]
LujcBO88gjY9wFa8vp66Lw,33.5724912,-112.1502726,7,[33.5062078,-112.226631,33.6387746,-112.0739142],[99,120,11,26,127,33,7,108]
qeeDKQaJKU_PrZeyPrwyiQ,33.4220858,-111.8866946,12,[33.4220858,-111.8866946,33.4220858,-111.8866946],[38,145,57,39,48,128,11]
PAjvozRz2Wn3nLyibgA4NQ,33.56159725,-112.0797583,9,[33.4837225,-112.2354666,33.639472,-111.92405],[98,7,10,192,11,57,145,205,39,48,43,99,293,38,6,21,350,112,35,34,17,111,113]
QsBz5K5zAKoaV9B4IW6S9A,33.624838049999994,-112.2298137,2,[33.6100381,-112.2387584,33.639638,-112.220869],[12,60,6,13,22,61]
Hc4AYiV30cQ0OqiAsO7_5w,33.4354553,-112.0739136,74,[33.4354553,-112.0739136,33.4354553,-112.0739136],[309,285,11]
yuPBS3fak77lgwO_9SXVYQ,33.5111503,-111.89943515,41,[33.34697,-112.0846008,33.6753306,-111.7142695],[88,38,39,298,11,44,26,212,126,293,7,108,99,40,48,27,177,128,13,6,115,372,65,133,145,57,63,251,104,161,167,49,52]
AvkLIHLGoBtOtak_ivP0Gg,33.64562391591255,-112.12026871875,25,[33.42183,-112.2802734375,33.8694178318251,-111.960264],[49,469,146,129,121,79,30,8,13,6,7,110,120,11,304,97,106,54,107,33,44,27]
mdK7vBvtqw1YDqZdqJvjqw,33.42032,-111.839576,4,[33.42032,-111.839576,33.42032,-111.839576],[7,36,38,39,109]
E4LU_WX3TYIddBDgClkaVw,33.5024095,-111.9955012,6,[33.5024095,-111.9955012,33.5024095,-111.9955012],[7,8,119,11]
8SqSyWdU1det5INylsCAXw,33.58303145,-112.0548865,8,[33.3217349,-112.133957,33.844328,-111.975816],[99,11,26]
pNYLqT8r0bDPUcrRQSWzTw,33.421453,-111.950563,3,[33.421453,-111.950563,33.421453,-111.950563],[224,11]
dSBOA3VpF44-VQSZjZ9KWQ,33.671403,-112.185076,2,[33.671403,-112.185076,33.671403,-112.185076],[43,11]
7brf9WC0Gr_7bUBXEHs9FA,33.5081987,-111.9619869,143,[33.3013903,-112.134443,33.7150071,-111.7895308],[33,11,99,41,361,74,24,322,57,39,145,251,63,27,7,142,108,10,119,219,218,5,6,4,61,13,139,49,20,23,415,59,38,128,43,26,296,8,148,185,352,48,62,17,146,18,449,292,98,138,80,82,77,112,191,35,15,111,113,247,168,42,181,229,117,47,30,28,271,212,162,44,313,88,298,46,250,307,201,97,372,9,137,474,177,140,109,115,120,127]
2kCqJ7Z0VJNKPaeP-Cba3Q,32.8794202,-111.7523371,2,[32.8794202,-111.7523371,32.8794202,-111.7523371],[11,27,307,63]
lOLIotP_qj8CxEOzvRwdDQ,33.39912435,-111.8597100573975,19,[33.2958392,-111.9955012,33.5024095,-111.723918914795],[38,26,39,11,27,212,43,7,108,48,46,6,24,12,13,64,65,224,182,140,99]
1w4VL9ZPxejlStNkti6Whg,33.5766789,-112.02645985000001,3,[33.5693997,-112.0740526,33.5839581,-111.9788671],[11,63,26]
WYS3Ot2yk8NyRZRDKEbeag,33.640184,-112.354279,1,[33.640184,-112.354279,33.640184,-112.354279],[78,79]
XFgkghaWowkrTEgOtOEpPg,33.446106400000005,-112.147176,24,[33.4384287,-112.3410882,33.4537841,-111.9532638],[119,99,11,48,49,368,10,24]
CGa9zqexmIINVYzviXYq2A,33.5672627,-111.9259052,3,[33.5672627,-111.9259052,33.5672627,-111.9259052],[109,38,48,39,11]
9VBrPQxkQTsQBAcjYM8FIA,33.59253005,-112.1235911,13,[33.545329,-112.2040132,33.6397311,-112.043169],[27,11,296,26,17,18,33,127,44,24,39,43]
hZWVXCgRnwoocr-yYSO6rA,33.68253555,-112.24957835000001,4,[33.633305,-112.2628637,33.7317661,-112.236293],[7,292,99,48,11,28,17,29]
J0x36MCgT160bqgWXt0iNw,33.390792,-112.012504,7,[33.390792,-112.012504,33.390792,-112.012504],[119,11]
9aDciahHNSCh7S_asCKZng,33.496647,-111.926503,1,[33.496647,-111.926503,33.496647,-111.926503],[7,313,27,11]
zOswPaysmx_xNI5bpIsS3g,33.3805805,-111.95707635,37,[33.261657,-112.0534197,33.499504,-111.860733],[296,11,33,119,99,109,38,39,63,48,24,104,105,65,27,352]
V_prwC6cuzLspKA4azpHVA,33.357997,-111.4677182,1,[33.357997,-111.4677182,33.357997,-111.4677182],[99,11]
oz7O21xVQUz1GkqvxHdfHw,33.37944955098115,-111.9519769,13,[33.3051122,-111.99506,33.4537869019623,-111.9088938],[182,172,11,224,7,108,119,142]
U5zRDbBT4AQk-7BuWl3BBg,33.59816325,-111.98198365,5,[33.5834449,-111.9869486,33.6128816,-111.9770187],[177,140,11,127,119,201,99]
RyOF6DEVC_lNO3Fx9H640A,33.57441,-111.985203575065,29,[33.304492,-112.133957,33.844328,-111.83645015013],[27,11,212,26,43,119]
UlSXE56DSRfc2A5MmxeE4g,33.6073218,-112.04564625,6,[33.5016589,-112.1114555,33.7129847,-111.979837],[27,11,13,6,115,22,248,12,7]
n3vKstEfE5z9cysGnw4Lkg,33.321061644794,-111.723918914795,28,[33.321061644794,-111.723918914795,33.321061644794,-111.723918914795],[99,11]
e4kf4eAzI4B6jOkXr3eKFw,33.4580932,-111.89742355,7,[33.4084734,-112.040047,33.507713,-111.7548001],[71,72,33,99,11]
3V0mA8dDZcLl77UAj_J-4w,33.425938,-111.940346,1,[33.425938,-111.940346,33.425938,-111.940346],[182,307,172,11]
YQYjyycutQEth55vWjUcIQ,33.5310655,-112.1578535,14,[33.422728,-112.364213,33.639403,-111.951494],[218,41,11,177,140,126,97,27,63,206,169,338,382,219,109,38,39,7,108,88,89]
lcgUBCrznwC0FohI4jgMyg,33.42298165,-111.91454350000001,27,[33.2624833,-111.9878697,33.58348,-111.8412173],[224,11,219,218,251,43,188,23,168,42,149,7,138,8,139]
0BFOLUZ5D7eyeJOY6ptx2A,33.407088,-111.911549,17,[33.407088,-111.911549,33.407088,-111.911549],[126,97,11]
ML9a2PmkeE8sAwE6RnxX4g,33.42034395,-111.9430177,9,[33.3312527,-112.0464076,33.5094352,-111.8396278],[212,11,72,287,105,65]
fM4dMVGeraQ-t9SDcP0bbQ,33.38526735,-111.93160069999999,77,[33.303233,-112.0734116,33.4673017,-111.7897898],[96,72,13,6,30,265,11,7,108,48,99,33,47,10,24,32,90,189,27,318,157,103,57,327,322,345,35,84,346,264,63,287]
1qEWNA1otqI-0vW9BJ41_Q,33.5877784260014,-111.951448082016,200,[33.3022462,-112.149875164032,33.8733106520028,-111.753021],[212,229,11,46,13,6,372,30,28,17,18,29,170,250,182,99,38,39,48,168]
P1yHVawJ08LBDWcF7p11Hw,33.6119344,-111.9271523,19,[33.6119344,-111.9271523,33.6119344,-111.9271523],[267,182,172,11]
RyqvQBBBLzkHXSxP4ZqucA,33.56681225,-111.99172715,4,[33.5097112,-112.0962274,33.6239133,-111.8872269],[11,49,80,82,59,251,6,345,84,346,141,23]
nzhUfCzDUW8VFLc40nAtsA,33.2528,-111.5239,2,[33.2528,-111.5239,33.2528,-111.5239],[65,133]
_JhxC3rjVkeWJzrFVxjPXA,33.46963795,-112.03126040000001,8,[33.4593954,-112.0742496,33.4798805,-111.9882712],[7,142,292,98,108,44,296,11,244]
snE1QpANZJLPfOf8Zhsn6Q,33.5231080310632,-112.06991820885551,3,[33.4945700621264,-112.083116517711,33.551646,-112.0567199],[7,8]
l0TaAPez3l2gbvEY97i2Dw,33.4868441,-111.91512545,31,[33.4514697,-112.0010502,33.5222185,-111.8292007],[6,70,48,11,26,27,21,35,76,38,39]
PSeJKgfNRUSh6GuVnr1E1A,33.8325285,-111.9409619,3,[33.8325285,-111.9409619,33.8325285,-111.9409619],[201,11]
yglS_hgLku5UpT375ie94Q,33.42502625,-112.02055805,5,[33.2985428,-112.2691041,33.5515097,-111.772012],[28,17,29,126,97,11,109,38,265,39,168,7,63]
heC2M9w_liq5RF6IobcRIQ,33.280892,-111.793222,3,[33.280892,-111.793222,33.280892,-111.793222],[30,8,13,6,7,110]
thB4moimViq2SGI0vKDC7A,33.305116,-111.9967096,1,[33.305116,-111.9967096,33.305116,-111.9967096],[10,11]
C_ohgaJQeaB9dyb_pCW3OA,33.690366499999996,-112.171698,10,[33.629487,-112.226014,33.751246,-112.117382],[294,106,105,54,65,280]
7AYyejHIG5r7P7JFsZ3njw,33.321342,-111.982554,14,[33.321342,-111.982554,33.321342,-111.982554],[98,7]
XFh6-l-pAPNOFw_EAmMrGQ,33.55681065,-111.96882975,6,[33.457939,-112.0520855,33.6556823,-111.885574],[26,11,267,182,172,57,186,6,27,49,341]
3miOUpoAr-NW7nGceQkYYg,33.48163155,-112.0018675,17,[33.4245151,-112.064759,33.538748,-111.938976],[28,17,29,99,26,11,38,7,47,39,48,128]
im2e82hibGgUax6aOq_9PA,33.4932316,-111.9240949,2,[33.4932316,-111.9240949,33.4932316,-111.9240949],[38,39]
KJXUVmlrnwinmBwFlCvEqw,33.4484279,-112.0731767,2,[33.4484279,-112.0731767,33.4484279,-112.0731767],[26,11]
bbXZST_aMTBCKNEqyCM_3g,33.56006185,-112.0776997,105,[33.488923,-112.2347564,33.6312007,-111.920643],[57,327,49,18,51,17]
1Sa31YHwvF0SNczJXqtu-A,33.6235418,-111.925544,1,[33.6235418,-111.925544,33.6235418,-111.925544],[64,65]
fEmvuLq_5TjUnNspMz1V5w,33.48015025,-112.0278328,21,[33.321266,-112.1798866,33.6390345,-111.875779],[27,11,224,127,8,7,138,218,139,109,38,39,119,43,63,251,142]
daYbgwZH4yFUNB6yIED7qA,33.4031452,-111.927536,2,[33.3118314,-111.9953287,33.494459,-111.8597433],[11,27,63,38,99,88,39,40]
YUERe73OJ_hEwBZ-AIRO9w,33.56678145,-112.0843306,5,[33.4514309,-112.103734,33.682132,-112.0649272],[48,11,26,7,8,288,32]
gVgbIRT9mJkeWSAzBA9i6g,33.536988550000004,-112.002297,200,[33.449186,-112.079081,33.6247911,-111.925513],[26,11,49,66,52,48,28,17,29,109,38,39,177,140,471,99,127,206,340,57,327]
OxXt8az49ZWr-5eX0OanzQ,33.4881434,-112.08242265000001,2,[33.4732683,-112.0999,33.5030185,-112.0649453],[251,11,7,33,142,24]
frPUJm0sh3tOtNo6l0gyyQ,33.5020036165904,-111.928035020828,24,[33.5020036165904,-111.928035020828,33.5020036165904,-111.928035020828],[168,99,11]
vQd_3jEf6Ok3PWwb1qFviw,33.5677516,-112.0695562,1,[33.5677516,-112.0695562,33.5677516,-112.0695562],[71,72,354,269]
4ckIf9zx6okafBMlwnYK-w,33.4367819,-111.92448275000001,8,[33.3947699,-111.9400717,33.4787939,-111.9088938],[7,142,172,11,65,133,38,26,39]
7OGeHOERnD1MacKD5x0j3w,33.494616708401,-111.983528486445,3,[33.407162416802,-112.0567004,33.582071,-111.91035657289],[26,11,99,24,185,404,451]
bz-Ju0oa06-var9NnVl1vg,33.33605,-111.844836,2,[33.33605,-111.844836,33.33605,-111.844836],[48,296,11]
XumHHdWv7kkvzmV51bJNqw,33.529191486437256,-111.91719259999999,3,[33.4915779,-111.925841,33.5668050728745,-111.9085442],[224,11,119,38,48,39,149,43]
CMXr9mlVmwC3VjTNvX3ZFA,33.3119006,-111.8037605,4,[33.3022462,-111.897967,33.321555,-111.709554],[7,33,48,47,11,32,314,12,114,13,6]
wh0uW7CJ_0n9bszNw5EADw,33.5107715,-112.2031381,1,[33.5107715,-112.2031381,33.5107715,-112.2031381],[43,11]
vVsXvOKhbfD-JoZTBHRF8w,33.4157359,-111.7487048,1,[33.4157359,-111.7487048,33.4157359,-111.7487048],[141,301,6,32]
KtnSA3auvRY6LchlJBHObw,33.3346157829099,-111.912059783936,1,[33.3346157829099,-111.912059783936,33.3346157829099,-111.912059783936],[352,11]
eA0q87OWyV_PvkuhW2IuvQ,33.408618322397004,-111.8722399573975,65,[33.321061644794,-112.020561,33.496175,-111.723918914795],[38,26,39,11,99,63]
zLekK5gVdXqTI3oUVakpfg,33.4659059,-112.27421,8,[33.4659059,-112.27421,33.4659059,-112.27421],[96,72]
MYtOTkswmFoINQD6Q-MqAA,33.60912,-112.255836,2,[33.60912,-112.255836,33.60912,-112.255836],[65,133]
j2Yolfto4MEbWFYA4pwSlg,33.6462961,-111.9189477,2,[33.6462961,-111.9189477,33.6462961,-111.9189477],[26,11]
fFoRIzbwpMiv3BvfdtdlXQ,33.4282394557474,-111.9748395,157,[33.3192686114948,-112.074714,33.5372103,-111.874965],[49,66,52,39,38,99,128,11,28,442,241,351,57,309,212,126,293,26,229,40,48,109,63,7,30,8,13,6,47,88,168,181,27,161,65,17,29,265,445,119,33,117]
zPcpeCUv1zklqxABPKaqHw,33.508533016607,-112.029066725112,5,[33.508533016607,-112.029066725112,33.508533016607,-112.029066725112],[210,11]
lyvI4akZ5_XQrp-06MVMlA,33.639403,-112.180066,5,[33.639403,-112.180066,33.639403,-112.180066],[338,382,206,11]
tG8vDP2T84z5hGUc0BJN8w,33.50564468898085,-111.9283783272095,12,[33.5025941,-111.9296765,33.5086952779617,-111.927080154419],[99,126,11]
bEOf20giEPtmtiYRTp10Jw,33.6401217,-112.1116606,24,[33.6401217,-112.1116606,33.6401217,-112.1116606],[99,11]
OGl95bUbVdWEIlTS4QrAHA,33.4219869,-111.9366872,1,[33.4219869,-111.9366872,33.4219869,-111.9366872],[33,11]
V9H5Un58vehbzblryFTvEw,33.564129,-112.00527794999999,4,[33.446572,-112.114228,33.681686,-111.8963279],[11,119]
izFDEKa0NP8bU3QkkSEkxQ,33.4720905777243,-112.39201426506,1,[33.4720905777243,-112.39201426506,33.4720905777243,-112.39201426506],[126,11]
TXdl-Xsu2BmA8hirdZzbaQ,33.378405,-112.028555,2,[33.378405,-112.028555,33.378405,-112.028555],[54,55,122]
7RBSJeEQRCnlzaIIo8FVXg,33.418323599999994,-111.96581075,14,[33.319219,-112.0823075,33.5174282,-111.849314],[224,11,212,7,142,373,251,153,119,38,39,40,98,292,97]
VhY2JJ9VqlDdPM-6m7h4Qg,33.4740072661484,-111.9014388,7,[33.3789539,-111.9270986,33.5690606322968,-111.875779],[24,11,333,26,251,10,63,43]
qXMObUokAEAkgUqD7Oc9Dw,33.537947,-112.064128,200,[33.537947,-112.064128,33.537947,-112.064128],[33,11]
kWVXU5Z5Sj47J1OzocVMog,33.51562975,-112.2033673,77,[33.4354553,-112.332821,33.5958042,-112.0739136],[7,142,108,38,11,99,128,39,309,285,182,105,65,205,40,27,63,26,251]
uozg0TWlvwRdOC51184zNQ,33.53585975,-111.87312130000001,9,[33.3931045,-111.9746066,33.678615,-111.771636],[7,47,48,27,11,38,26,39,41,400]
XuIIdgyXMEYXTO46bDymSA,33.4207679,-111.9334531,46,[33.4207679,-111.9334531,33.4207679,-111.9334531],[188,23]
oMmgAUl6mbr92iM-BzgXGw,33.495981,-112.029012,4,[33.495981,-112.029012,33.495981,-112.029012],[104,133,65]
0zJCwh2yrGlLN-R_CGHfBQ,33.52796,-112.2641158,61,[33.52796,-112.2641158,33.52796,-112.2641158],[57,327]
MA3O1Bemb-mJesDgzmF-2Q,33.4346825157367,-111.994403600693,81,[33.4346825157367,-111.994403600693,33.4346825157367,-111.994403600693],[39,38,99,128,11]
XUlqNe-USyxygRIKIc9d1Q,33.479793,-111.985982,44,[33.479793,-111.985982,33.479793,-111.985982],[127,11]
iGyRh_cEmES430a232y4Wg,33.612270249999995,-111.95920995,5,[33.6015253,-111.988712,33.6230152,-111.9297079],[13,6,4,5,425,160,126,97,11]
uWnOnJGy3VzPfVZnzklWuA,33.41915915,-111.9448085,2,[33.3459373,-111.9636701,33.492381,-111.9259469],[38,39,293,265,48,11]
5q47UxwDj3aqwhEZfgW5XA,33.47297795,-112.0270964,4,[33.4657178,-112.077889,33.4802381,-111.9763038],[84,1,125,437,24,11]
NETM8JP_Yc41KHiwXGZUQw,33.5753684,-112.0762735,200,[33.5102068,-112.227777,33.64053,-111.92477],[265,11,28,17,29,126,48,63]
S0XbNxrIKAFwYTmtUEOKaA,33.494205,-111.931447,1,[33.494205,-111.931447,33.494205,-111.931447],[48,11]
zsBmBMbZhPuWKueEyKoI1Q,33.45725615,-112.04278215,15,[33.390792,-112.0823438,33.5237203,-112.0032205],[119,11,38,140,39,40,48,26,7,108,57,145,109,127]
Q78i-PR6G2Nve0lfJ3YnGg,33.5645629,-111.9154217,13,[33.5645629,-111.9154217,33.5645629,-111.9154217],[88,38,99,39,11]
wMLBnMgLAw98LFjMqsl4qg,33.6253241,-111.9403451,4,[33.6253241,-111.9403451,33.6253241,-111.9403451],[119,120,11]
DI-6-4pJgCeZEv4BrSddFg,33.3197514,-111.9606292,1,[33.3197514,-111.9606292,33.3197514,-111.9606292],[20,231,59,49,23,415]
6NNmi74H3Fah597zKRTtzQ,33.5093453,-112.0588374,4,[33.5093453,-112.0588374,33.5093453,-112.0588374],[38,210,26,39,11]
oqM1HXSNKy7yUrajs244ew,33.5547742,-112.1119501,1,[33.5547742,-112.1119501,33.5547742,-112.1119501],[28,17,29]
1a6TG-gBusSINawe-YsIuQ,33.45107,-112.055957,9,[33.45107,-112.055957,33.45107,-112.055957],[8,26,7,138,139,11]
WQGYcnr0DMFV2-yhxeXZyg,33.5670375,-111.9184649,3,[33.5670375,-111.9184649,33.5670375,-111.9184649],[28,158,17,29]
4linxfdzgNr4C7U8gryJ-A,33.307805088942,-111.74286306603,1,[33.307805088942,-111.74286306603,33.307805088942,-111.74286306603],[26,11]
4nJDgx8xTdIF2e60kAbQ4g,33.4830349,-112.0548468,8,[33.455863,-112.0824895,33.5102068,-112.0272041],[7,108,186,6,57,120,11,26,41,182,172,88,298,39,38]
HMdznviU6wn5T9EHGkjXsA,33.507944094079,-112.034851961415,5,[33.502191,-112.07341192283,33.513697188158,-111.996292],[48,11,109,38,39,63]
5-g1HgX9rOCrdyUUzeZmnQ,33.4695263,-111.80566565,200,[33.3652366,-112.0736563,33.573816,-111.537675],[26,11,38,39,40,48,49,305]
-v21Tlq2WsNvo62K2Wb1Cw,33.51522165,-112.0294615,20,[33.4549678,-112.0791022,33.5754755,-111.9798208],[26,11,168,181,229,119,7,139,6,225,250,182,48,140,79,121,137,63,27,33,99]
783CO-TOoT4xC0iR2b8eKA,33.60131355,-111.90906925,15,[33.5025941,-111.9296765,33.700033,-111.888462],[185,11,218,27,265,48]
IUAcpmjfXe2AYpmNGJ6ECQ,33.501161,-111.925513,1,[33.501161,-111.925513,33.501161,-111.925513],[206,11]
-hjiBqG-LOCOmkeYp_Dduw,33.3781837,-112.0106146,2,[33.3781837,-112.0106146,33.3781837,-112.0106146],[39,38,99,128,11]
Tj_9R74Z9C8N6pbhgj4xJw,33.60423565,-112.0683314226075,4,[33.5674985,-112.1670965,33.6409728,-111.969566345215],[185,11,117,57,69]
GDKQv-GLPRLpAsaXHS3DPw,33.4492414,-112.072854,22,[33.4492414,-112.072854,33.4492414,-112.072854],[38,39,40]
6Kf97PdPH1CRCHDjYxsWgg,32.8787187,-111.74809725,109,[32.8773814,-111.7536705,32.880056,-111.742524],[119,24,11,63]
0dB8rQJuFfTEa2NFX-5ifg,33.315598,-112.0002232,42,[33.2909097,-112.0357137,33.3402863,-111.9647327],[49,80,82,59,374,32,95]
LhgMek1F9ppwEbWwxdmktw,33.320504,-111.7889,1,[33.320504,-111.7889,33.320504,-111.7889],[26,11]
87dTr2GrPknV0FoDW-XhzQ,33.5164705,-112.0210029,66,[33.4940939,-112.077833,33.5388471,-111.9641728],[38,57,39,145,28,271]
DRlg0Uif5Ii4ytsKJLmhLg,33.3205123334163,-111.95526794777851,2,[33.3060571,-111.962113395557,33.3349675668326,-111.9484225],[38,178,7,39,49,128,162,108,9]
78hpP_F2I4-vrLkYaso4IA,33.401137,-111.970253,97,[33.401137,-111.970253,33.401137,-111.970253],[57,327]
iLRTCJwjA6MbT8qB1QYzcA,33.435146,-111.998367,5,[33.435146,-111.998367,33.435146,-111.998367],[33,44,11]
qXinX7YIRNeFcUg_NvkGwQ,33.566247,-111.9257768,2,[33.566247,-111.9257768,33.566247,-111.9257768],[48,11]
S_KBUw3Qqj88MbGtE-hcEA,33.54988,-112.17682755000001,7,[33.488527,-112.25351,33.611233,-112.1001451],[26,11,7,108,10,27,251,43,142]
Mva8f3RBztfxUQoUi47SnQ,33.545879049999996,-111.81743735,100,[33.261388,-112.2706247,33.8303701,-111.36425],[126,97,11,13,6,115,109,38,48,39,224,182,140,168,7,36,99,251,206,26,28,17,29,43,88,89,61,331,265,33,40,119,10,24,63,101,27,455,139,219,218,41,42,47,127,382,57,20,56,362,23,128,185,149,333,49,445,66,52,309,285,440,83,327,8,138,192,130,32,212,108,314]
f5DSsK2w-b0xQVyz8lZACw,33.5176512,-111.9943821,38,[33.379618,-112.2603562,33.6556844,-111.728408],[6,32,130,35,208,75,38,99,128,39,296,11,202,72,10,44,24,33,26,46,13,30,18,17,7,8,200,21,48,307,71,43,84,345,346,96]
n92VtMbWJyvns2xO4W0sVw,33.4874748,-112.0830342,90,[33.4874748,-112.0830342,33.4874748,-112.0830342],[26,11]
qF_n9dZk9tiyVt8S_RDlCA,33.3480722,-111.9451471,2,[33.3480722,-111.9451471,33.3480722,-111.9451471],[24,11]
vJkL15o_3W8_LBOTn6VBqA,33.6396854,-112.03385245000001,9,[33.4471735,-112.1223355,33.8321973,-111.9453694],[218,41,11,26,48]
Y-iHJWoHG-bfV223bfl-Fw,33.4733104,-112.08246585,4,[33.440413,-112.0915007,33.5062078,-112.073431],[168,181,229,11,101,88,38,39,40]
nL1e0LrLD3BDdviVFUzQsA,33.5133388,-112.0183633,6,[33.4806776,-112.1091081,33.546,-111.9276185],[98,7,108,11,27,63,38,48,39]
Rfay6nTu98uvRAZhVV4oVw,33.4946362,-111.9299092,1,[33.4946362,-111.9299092,33.4946362,-111.9299092],[101,38,39]
4MkPM1ZtszmH0vPS3YtGFg,33.064239,-112.04698245,2,[33.0594021,-112.0481506,33.0690759,-112.0458143],[161,123,65,26,11]
Dg2Vk9YuEY-Ne_JlhKfRlA,33.436027,-111.9956337,1,[33.436027,-111.9956337,33.436027,-111.9956337],[99,11]
DWq56TdaZMhNO4QvWzskKg,33.306411,-111.89307,19,[33.306411,-111.89307,33.306411,-111.89307],[119,99,11]
1r_EJkJiM6ENBm_QYzQPZA,33.632948,-112.031266,1,[33.632948,-112.031266,33.632948,-112.031266],[39,38,26,128,11]
-ip7W6ycYH5Xm5-uz_QGug,33.542246515651954,-112.205351187317,26,[33.4462892,-112.363443374634,33.6382038313039,-112.047259],[251,212,11,38,128,39,26,33,117]
ZKxIFQ1iIHkJ2D9MlI0RqA,33.4346825157367,-111.994403600693,200,[33.4346825157367,-111.994403600693,33.4346825157367,-111.994403600693],[39,38,99,128,11]
FbPoX8EIFYI2YQ2n-C2ITQ,33.605972,-112.066355,3,[33.605972,-112.066355,33.605972,-112.066355],[65,133]
-uYutd6Y-BxIl3HOIsCZ7A,33.4971,-111.9258374,13,[33.4922183,-111.9276185,33.5019817,-111.9240563],[177,48,11,38,128,39]
czMeiY1ehKrm_aZFKAHt-Q,33.43441085098115,-111.9228191925535,5,[33.4150348,-111.927165985107,33.4537869019623,-111.9184724],[182,172,11,48,140,218]
NpObpe9Z6zfXEqzFDgBBzg,33.5025941,-111.9296765,6,[33.5025941,-111.9296765,33.5025941,-111.9296765],[99,126,11]
bm1p-rSp2rOl3Jb5-q9-YQ,33.5160662,-112.029562,200,[33.5160662,-112.029562,33.5160662,-112.029562],[161,28,65,17,29]
NO312QiwC1eq8A428_GuUg,33.683479,-111.966112,18,[33.683479,-111.966112,33.683479,-111.966112],[161,28,29,17,65]
tGE2OnnPDtUJlPkb2OAOLQ,33.4699475,-112.07832450000001,126,[33.448775,-112.091191,33.49112,-112.065458],[27,11,38,101,33,39,128,57,145,48,28,17,29]
eCR75-o88bv7nSOm9GT8rg,33.4764435,-112.06022225000001,6,[33.457863,-112.068359,33.495024,-112.0520855],[26,11,38,48,39,33]
noVEeq-9TiYiQB2dGBRt3A,33.55480215,-111.96202604999999,2,[33.4969773,-111.996455,33.612627,-111.9275971],[101,38,26,39,11,202,72]
rbuO5JJ9vEQnk1h4ht0D2w,33.496175,-112.020561,3,[33.496175,-112.020561,33.496175,-112.020561],[7,137,8,139]
T_iF0nNcJLzRlSr5dz8uMg,33.417937,-111.995963,1,[33.417937,-111.995963,33.417937,-111.995963],[404,99,11]
yWoHYS2BqhQ27reljo--qQ,33.4952045,-112.0142961,1,[33.4952045,-112.0142961,33.4952045,-112.0142961],[98,7,119,24,11]
T_UiOXskpRY80EVS08p-dQ,33.54959735,-111.98183424999999,7,[33.5019817,-112.03605,33.597213,-111.9276185],[38,48,39,11,183,65,161,195]
cgGMbNSshJroDibIKk37_w,33.31245035,-111.81573165,5,[33.2932948,-111.842532,33.3316059,-111.7889313],[84,336,7,33,48,47,11,71,72]
XstxrbfNYkJ3CPQAgkNdbA,33.41562045,-111.7946274,200,[33.3773856,-111.9534174,33.4538553,-111.6358374],[7,108,49,66,333]
5QvJQuY669U7chbSEv5smw,33.4925020001075,-111.924118995667,4,[33.4925020001075,-111.924118995667,33.4925020001075,-111.924118995667],[119,99,11]
imb8zI2mPdiXSXeRuVntag,33.6422817,-112.18694835,97,[33.6308784,-112.2382757,33.653685,-112.135621],[265,99,11,7,182,194,172]
B2XiuTY6SWF7OFX4acU55Q,33.413812750000005,-111.9746394,13,[33.3197625,-112.044976,33.507863,-111.9043028],[7,142,126,97,11,208,6,35,76,77]
Hq3PZMF-K7sqZmA3i-KY9Q,33.4240504,-111.9400717,4,[33.4240504,-111.9400717,33.4240504,-111.9400717],[38,26,39,11]
Zw0Bz6PdFsWac95uLy-BZg,33.3022008,-111.8410615,2,[33.3022008,-111.8410615,33.3022008,-111.8410615],[119,11]
cGjCI55nAVmcI-fGLehbJA,33.4483771,-112.0740373,1,[33.4483771,-112.0740373,33.4483771,-112.0740373],[26,11]
qNy0mvZWaSbE3UuNb9TZGg,33.526977849999994,-111.91360145,10,[33.4869182,-111.9184649,33.5670375,-111.908738],[39,119,26,38,11,161,65]
o0qZbhTTJzY1R4XKyFGbew,33.6054201,-111.7630419,18,[33.6054201,-111.7630419,33.6054201,-111.7630419],[109,38,48,39,11]
4Cq-zhMELdFeRZHN9zy7-A,33.43445623643725,-111.93145482086999,7,[33.3021074,-112.07352364174,33.5668050728745,-111.789386],[39,38,126,97,11,224,168]
Mn9YYbeY_ydJ7NABALyYIQ,33.46393405,-112.0004653,18,[33.390792,-112.0737094,33.5370761,-111.9272212],[48,11,265,63,27,109,38,39,440,99,119,40,7,108,26]
5p-YuBtjEg98h7EnP4AjpQ,33.568001,-112.067709,9,[33.568001,-112.067709,33.568001,-112.067709],[93,3]
ll_C23mu8n9Lyxl8YDHVrw,33.4518099,-112.0733182,23,[33.4518099,-112.0733182,33.4518099,-112.0733182],[28,17,29]
E-xZ-Sr8F5JCqW44e6DzNw,33.4838492,-112.0473227,2,[33.4838492,-112.0473227,33.4838492,-112.0473227],[101,38,39,40]
Gn1R_L347w-BJg_Noaa9-g,33.462928000000005,-112.00169650000001,43,[33.434736,-112.079081,33.49112,-111.924312],[48,11,109,38,39,28,17,29]
RPyvJa8X3_Vxn_oQmdC5zA,33.50125025,-112.0952254,7,[33.449233,-112.1525685,33.5532675,-112.0378823],[185,11,27,7,142,119,33,99,39,38,128]
ta_9BqNd4Vk8vPArSZHgig,33.321061644794,-111.723918914795,4,[33.321061644794,-111.723918914795,33.321061644794,-111.723918914795],[99,11]
qZS0bpoTo4sO3Ipii1wbaQ,33.6384876,-112.1897722,1,[33.6384876,-112.1897722,33.6384876,-112.1897722],[7,138,139,97,11]
rQmK2oL-iUXDU9ONIwk1EQ,33.425938,-111.940346,4,[33.425938,-111.940346,33.425938,-111.940346],[10,11]
f-WfffF_yXSKAU6kw6HysQ,33.4018772,-112.01031365,7,[33.332733,-112.0736563,33.4710214,-111.946971],[26,11,38,39,40,78,79]
-u-z-4_xLgYx5kX6H_mm0g,33.4952867,-112.3556173,2,[33.4952867,-112.3556173,33.4952867,-112.3556173],[49,28,178,17,29]
lYLKkmqvnU_3zVk6AdocHA,33.422728,-111.951494,6,[33.422728,-111.951494,33.422728,-111.951494],[88,38,39,89,11]
Z4XpuRmvotNnjBkbvG0kZA,33.421874,-111.849501,8,[33.421874,-111.849501,33.421874,-111.849501],[168,44,144,11]
BtLx77C_yJYaobIWYgfCvw,33.5018557,-111.92332445,15,[33.501646,-111.9242599,33.5020654,-111.922389],[38,205,39,40,28,17,29]
3_YkRES7fOyw4-ujp6ZETw,33.4495394,-112.0656645,63,[33.4495394,-112.0656645,33.4495394,-112.0656645],[7,449,97,11]
i8KMQX7nekLSCzb_DVb6yA,33.456771950000004,-111.9661746,200,[33.43475,-112.00644,33.4787939,-111.9259092],[28,170,17,29,309,119,285,11]
frm67YsEcoZRU1gIqQQj2A,33.564127150000004,-112.05326603103,97,[33.413158,-112.263551,33.7150963,-111.84298106206],[7,182,194,172,11,99,108,201,119,265,322,28,57,190,26,109,38,39,63,33,142,181,48,47,27,127,17,62,483,24,251,9]
zVQKoKNUvEB8_giigSRh8Q,33.631558,-111.926308,1,[33.631558,-111.926308,33.631558,-111.926308],[378,6,32,35,76]
hOzk6pxdIG4ES695Xc0xDQ,33.4360415,-111.9956337,5,[33.4360415,-111.9956337,33.4360415,-111.9956337],[28,240,241]
IXu9fK8c4_ipIKEynFxfgg,33.46602795,-112.0148705,5,[33.4218047,-112.0764371,33.5102512,-111.9533039],[24,11,177,140,33,119,99,14,15,6,57,39,145]
h5-LeZyEzWaq0k_La4GK3Q,33.540118199999995,-111.92481724999999,38,[33.498028,-111.927951,33.5822084,-111.9216835],[48,24,11,119,352]
7xuFX13wDgaVRzsxJieOHA,33.446964,-111.8713205,97,[33.362444,-112.26167,33.531484,-111.480971],[88,38,39,89,11,27,128,96,72,71,49,52,97,182,218,126,63,7,108,14,15,6,47,48,322,57,56,327,445,66,404,451,28,170,193,59,191]
WquqU5s77m7O3-DpkZErYg,33.516436,-111.98516335,53,[33.421909,-112.07454,33.610963,-111.8957867],[182,24,11,26,27,63,7,36,39,38,99,128,127,48,177,285,140,229,40,244,108,205,265,210,47,14,15,6,33,185,88,8,119,126,109,142]
HzE3a0DZycfToavWhHm-Pw,33.48705179501525,-112.150172161711,2,[33.4645681900305,-112.272752523422,33.5095354,-112.0275918],[177,500,140,192,11,33]
YQihqJaYgRXDx7cJnNQfQA,33.655901,-112.064207,1,[33.655901,-112.064207,33.655901,-112.064207],[26,11]
lQwKdAVDcFemiKBDC-FWQQ,33.5792084,-111.8865712,184,[33.5792084,-111.8865712,33.5792084,-111.8865712],[24,11]
Tj-XKNlIPMJfySHAvFEAnA,33.475302,-111.925588,1,[33.475302,-111.925588,33.475302,-111.925588],[6,156]
ntOXl1My22nSzZ-L392g8A,33.4368612750294,-111.999372425759,92,[33.4368612750294,-111.999372425759,33.4368612750294,-111.999372425759],[24,11]
chq_0daEKJwB72KES-LNqg,33.65683105,-111.861334,30,[33.449233,-112.184993,33.8644291,-111.537675],[27,11,185,7,365,41,109,38,265,39,126,97,48,168,181,229,99,128,63,43,6,45,65,148,204,117,24,177,140,20,374,23,32,95,49,305,9,119,10,144]
qzTl_FO8ogp5Aik8gML6Eg,33.348877,-111.96035040000001,200,[33.272043,-111.9802308,33.425711,-111.94047],[7,108,27,11,49,265,146]
K65ClO_3ZgNflEN8eF0NJQ,33.56027415,-112.05421469999999,2,[33.4804266,-112.1116606,33.6401217,-111.9967688],[26,11,99]
KUg7vDsMivGg65szoEMW-g,33.5022323,-111.9802117,10,[33.3775316,-112.100731,33.626933,-111.8596924],[38,48,39,40,11,212,26,210,181,224]
F8w_OD4gtXrqBffQmOurXw,33.38562855,-111.9295065,12,[33.2614572,-112.074519,33.5097999,-111.784494],[48,11,109,38,39,192,474]
nnNooAawbkLp2cTJFKgQ_g,33.34225865,-111.82675205000001,10,[33.303233,-111.8999977,33.3812843,-111.7535064],[251,43,11,48,206,7,33,47,475,10]
bIe2W-x0SYb-uSmY8DM7DQ,33.495074,-111.9891177,2,[33.495074,-111.9891177,33.495074,-111.9891177],[210,11]
W6DOG-ARORBwcD9erME3Uw,33.575353500000006,-112.01732200000001,49,[33.472853,-112.056065,33.677854,-111.978579],[48,11,7,108,201,119]
