V2IkqOkmMKjqcJZa0cN1UA,33.43475,-112.00644,1,[33.43475,-112.00644,33.43475,-112.00644],[28,170]
j8QQIe9YViSk_dbUHLVLcA,33.470461,-111.99708075,4,[33.448587,-112.071756,33.492335,-111.9224055],[57,306,38,48,39,11,99,40]
TkCsl_rf-9sS5z5XdgfHKg,33.301353,-111.82528265,7,[33.271662,-111.8592813,33.331044,-111.791284],[27,11,119,224]
FGdS11SSEE0VZnb7E4BiiA,33.4942423,-111.9264472,76,[33.4942423,-111.9264472,33.4942423,-111.9264472],[39,119,48,38,11]
VBzLxkU6olpCzzqxFSUrBQ,33.7129657,-112.1114135,14,[33.7129657,-112.1114135,33.7129657,-112.1114135],[13,6,21,22]
KfJP-NPf2rkRqsMqJ2aZ5g,33.579694,-112.239118,1,[33.579694,-112.239118,33.579694,-112.239118],[43,11]
psHCxehC8vEwPQeigtObug,33.449188,-112.0772,5,[33.449188,-112.0772,33.449188,-112.0772],[84,35,6,264,86]
1EThs7Vakny7bGBRQk6x2w,33.3340770057474,-111.979953,7,[33.3192686114948,-111.982113,33.3488854,-111.977793],[33,119,99,11,26,352,109,38,39]
GAGFZkfLFZDLKCCQBr1CkQ,33.6054201,-111.7630419,1,[33.6054201,-111.7630419,33.6054201,-111.7630419],[109,38,48,39,11]
GTMQhwP94CJWHfcr884iQQ,33.6673957,-111.941013,50,[33.5025941,-112.0272041,33.8321973,-111.8548219],[48,11,33,44,30,13,6,12,114,115,173,112,26,45,63,65,133,71,72,98,7,8,137,139,27,64,99,126,168,169,97,21,105,369,365,41,119]
RXXzv9LskM-Tu_h1w0eYYQ,33.37728245,-111.858405,9,[33.306499,-111.9270202,33.4480659,-111.7897898],[182,218,11,89,224,7,108,48,119,99,244,172]
2zWNGgS80vydADg3_1lnLA,33.44713055,-111.87474495000001,9,[33.317906,-112.1164397,33.5763551,-111.6330502],[26,11,168,63,27,72,154,7,108]
5W-ruHmpkwLyI6LlanHstw,33.55809733692075,-112.0890275,4,[33.45911,-112.201447,33.6570846738415,-111.976608],[32,95,222,49,50,51,52,43,11]
gZKmFd-TdvyJZP1HfzoSmg,33.462780550000005,-111.93505845,17,[33.423546,-111.9608249,33.5020151,-111.909292],[26,11,48,43,63,27,38,99,39,40,7,162,119,201]
RYfhXfUk7Ixxy4rIaFmkEA,33.5285485,-111.73228499999999,200,[33.483281,-111.926895,33.573816,-111.537675],[28,17,29,63,27,11,49,305]
LGnq1wRCAOS_AoMwFpsUWw,33.3774019,-111.908621,1,[33.3774019,-111.908621,33.3774019,-111.908621],[7,108]
O5pM3K0ehc1xVnwsbJ4YjQ,33.4977965,-111.92277805,200,[33.493947,-111.9232551,33.501646,-111.922301],[38,205,39,40,27,11]
EQFM-n8T4mo67GxwLDbhPA,33.319011,-111.97048,1,[33.319011,-111.97048,33.319011,-111.97048],[123,65]
LeUehvtwhD6s1Bcqo8XePQ,33.4608045,-111.9477654,7,[33.4608045,-111.9477654,33.4608045,-111.9477654],[57,470,145,39]
sbReWulvAhVSOWB30xHmbQ,33.502432,-112.0389735,62,[33.466104,-112.081655,33.53876,-111.996292],[109,38,11,39,63,24,27,224]
1HOyNeyIWDVuIPbOyxUuJw,33.5091209504615,-111.939211073994,3,[33.37829,-112.019165147988,33.639951900923,-111.859257],[265,126,97,11,63,27]
8pMwa5FwUCYPnOSsMRn8tA,33.32055555,-111.8920098,3,[33.3052007,-111.9080449,33.3359104,-111.8759747],[11,63,71,72,73]
BLsbw9asIpk3ExsY1jcTLA,33.4825425,-112.0792619,2,[33.470823,-112.232875,33.494262,-111.9256488],[192,11,57,18,39,145,17]
-HwaTANDcDSsDz1PzU3Erw,33.5116737,-112.0653185,2,[33.5116737,-112.0653185,33.5116737,-112.0653185],[210,11]
gFjQYTbn9_SBAbkyV95WKw,33.427732,-111.943236,85,[33.427732,-111.943236,33.427732,-111.943236],[26,11]
Riuo3blbJUeY5FscBmAiKw,33.399086350000005,-111.85205955,15,[33.3193788,-111.9778751,33.4787939,-111.726244],[7,24,108,119,11,10,44,63,27,8,33,309,285]
3YMtmYambG-hn8IB2A2CNg,33.4217923,-111.951184,48,[33.4217923,-111.951184,33.4217923,-111.951184],[192,11]
25ChQa3NMHJNq_qpHU6TqQ,33.45107,-112.055957,44,[33.45107,-112.055957,33.45107,-112.055957],[8,26,7,138,139,11]
fqpgzgVVnxlkSoAY2aS4Dw,33.47979225,-112.05065920000001,200,[33.4493777,-112.0741143,33.5102068,-112.0272041],[7,139,6,225,250,430,11,108,88,38,39,89]
7MJJ4dacV5wzslKT3izK8Q,33.39416525,-111.9319165,41,[33.3023282,-112.0235948,33.4860023,-111.8402382],[7,137,8,139,224,11,98,24,292,142,88,38,39,298,43,313,404,451,192,33,26,181,15,6,191,36,89,119,57,145,416,218,41,47,27,63,470]
8HPJQTyB8h4lmuwOhedQSA,33.3022462,-111.897967,1,[33.3022462,-111.897967,33.3022462,-111.897967],[48,126,11]
OcDE055WLldCu7SEmcYpGg,33.45085845,-111.97610805,17,[33.3798704,-112.0764371,33.5218465,-111.875779],[282,72,265,11,210,48,251,57,39,145,7,108,38,99,43,109]
_PamYt-E2Do4Jey1EGEsgA,33.4354553,-112.0739136,6,[33.4354553,-112.0739136,33.4354553,-112.0739136],[309,285,11]
pdTYgXTKKfmMAb9RUACACQ,33.58353075,-111.75135965,59,[33.5264365,-112.112867,33.640625,-111.3898523],[102,11,103,127,33,99]
EPfIBtxV4ncPMN5VCEMcGA,33.4495944,-112.0732071,4,[33.4495944,-112.0732071,33.4495944,-112.0732071],[28,17,29]
uiGJjKczeIL-66t0teOPEw,33.621652499999996,-111.92484400000001,10,[33.542193,-111.925634,33.701112,-111.924054],[265,126,97,11]
iiLlFXE9zQ20gk9XwcBSag,33.488980850000004,-112.3051687,2,[33.4430156,-112.3492682,33.5349461,-112.2610692],[57,69,26,11]
n9Nl4sE7QPpgoo_f2q2viw,33.43258715,-112.08956705,106,[33.399991,-112.2392961,33.4651833,-111.939838],[99,11,63,39,38,126,97]
xP2gLCgDSmnvsdF5XSzxXQ,33.457249,-112.0712298,1,[33.457249,-112.0712298,33.457249,-112.0712298],[57,69,38,40,39]
2_62sb5HUj_AwNc41cbcEQ,33.3350177,-111.9270792,2,[33.3350177,-111.9270792,33.3350177,-111.9270792],[64,65,133]
6QjQOjPYmuTm-mrtsXYIAg,33.3435342394845,-111.88969858936,6,[33.3090064,-111.93822637872,33.378062078969,-111.8411708],[7,108,26,11]
CU0wqWeCF4unYJRb811bRA,33.4743013,-112.0649235,1,[33.4743013,-112.0649235,33.4743013,-112.0649235],[27,11]
UodJAOsuQzOjlQ9N6Zc-2w,33.48779485,-112.02231714999999,3,[33.4657898,-112.0323598,33.5097999,-112.0122745],[26,11,48]
Sbi063rq4sJZ9UExWdySbg,33.463629,-112.369811,1,[33.463629,-112.369811,33.463629,-112.369811],[54,55,122,256]
dB3jZ2gMTWKLb1RL0ed3MA,33.519339228689205,-111.99859686849649,3,[33.4566960573784,-112.072327136993,33.5819824,-111.9248666],[26,11,119]
8qoEnuFvMAQWv7qmhKyulw,33.450510300000005,-111.94805345,200,[33.3184674,-111.973021,33.5825532,-111.9230859],[28,17,29,109,38,265,39,11,322,57,56]
W2nDVYm6tumd1VPFhIK2Dg,33.5043192,-111.9632703,200,[33.3781837,-112.0106146,33.6304547,-111.915926],[265,126,97,11,39,38,99,128,7,47,88,48,49,312,57,504,91]
MhAx44sfql1LSa1znsJUFw,33.322376,-111.911819,1,[33.322376,-111.911819,33.322376,-111.911819],[352,11]
AqJKzNLvc0H4TrKEGAHsLA,33.3492306,-111.9525282,3,[33.3492306,-111.9525282,33.3492306,-111.9525282],[212,361,11]
iXU9nJvHRtI2o4p8sqt3XQ,33.5080057,-112.0319425,142,[33.5080057,-112.0319425,33.5080057,-112.0319425],[33,48,11]
QdJW9eSWxlmydFVBS9ibZQ,33.5291033,-111.9261874,1,[33.5291033,-111.9261874,33.5291033,-111.9261874],[114,13,6,61]
OBhbdah05juMIUIU2ixoOQ,33.39477325,-112.01272990000001,5,[33.305824,-112.0476668,33.4837225,-111.977793],[126,97,11,98,7,10,192,352,109,38,39,108,338]
Zh7YSDKtyi1kMeSD4OZVJg,33.501064400000004,-112.05172395,23,[33.492722,-112.073346,33.5094068,-112.0301019],[27,11,26]
2Kuor_NWLIN81ecIS8zHUw,33.5612589,-112.1156244,200,[33.5612589,-112.1156244,33.5612589,-112.1156244],[48,185,11]
rVlgz-MGYRPa8UzTYO0RGQ,33.47368965,-112.09002465,199,[33.4131763,-112.2618153,33.534203,-111.918234],[33,44,11,182,48,140,99,24,28,17,29]
cQKexcVbLaUv7_seHT4PlA,33.62317865,-111.99989767697599,30,[33.6097989,-112.100731,33.6365584,-111.899064353952],[212,26,11,33,44,63]
M96-DBTjf9VwBzTjYhG2JA,33.575040349999995,-111.91896635,11,[33.5024987,-111.9258947,33.647582,-111.912038],[28,17,29,7,292]
kFuOC8B41QVidf50aDlpzg,33.683479,-111.966112,2,[33.683479,-111.966112,33.683479,-111.966112],[265,11]
oZVr2_zB0h-Jb2dE4IVWbw,33.3770337,-112.0132296,7,[33.3053504,-112.059954,33.448717,-111.9665052],[26,11,38,128,39]
eeaw34hP7DX9eHI2KRY3IQ,33.4787943,-112.0478085,3,[33.4787943,-112.0478085,33.4787943,-112.0478085],[26,11]
3uvXJ40WjZhuyzqJ3bN99w,33.4564154,-112.0737306,15,[33.4549678,-112.0791022,33.457863,-112.068359],[38,48,39,11,33,119,99]
XQd_aD-SgWKsaL-iLD-w9Q,33.4966128,-111.9302654,7,[33.4966128,-111.9302654,33.4966128,-111.9302654],[43,11]
yETtApEyYQAmUQVOBgUjhw,33.5575255,-112.05651035,18,[33.449188,-112.187126,33.665863,-111.9258947],[307,27,172,11,33,38,39,7,292,63,24,36,182,57,145,40,48,117,214,9,119,126,97,26,140,25,6]
1BNxg9rMcMD8M-t2XUTqfQ,33.5125349511645,-111.9571755,83,[33.418418,-112.073781,33.606651902329,-111.84057],[322,28,57,190,17,29,38,26,39,11,48]
xTt9_xnjBjU0dA5N3BBgDQ,33.151498000000004,-112.25055574999999,5,[32.9482948,-112.7113217,33.3547012,-111.7897898],[7,108,48,11,26]
WGvkpDiY2SafoUjJJFm2JQ,33.5400893,-111.9222783,8,[33.4962205,-111.9788671,33.5839581,-111.8656895],[7,36,38,39,40,140,48,11,182,218,307]
sR7pGk5Rs4Qs9laIKJR2Tw,33.479395,-112.0373069772645,15,[33.450047,-112.082304954529,33.508743,-111.992309],[224,11,48,7,108,9,10,54,55,122,256,27,142,98,192,49,80,82,59]
SLmHVStNaocNjq1mYyLu6Q,33.67032499585615,-111.9669588172865,50,[33.6620349917123,-111.9746066,33.678615,-111.959311034573],[28,17,29,7,99,47,11,373,182,41]
HbMe2xPSURb_LjixKPAkjg,33.665863,-112.187126,2,[33.665863,-112.187126,33.665863,-112.187126],[4,5,6]
ZxFyUxHLHlHN7bpEFUH5bQ,33.455838,-111.91794784999999,6,[33.415501,-112.020561,33.496175,-111.8153347],[10,48,24,11,63,26]
NdytAQjOvVt1Ro8-Z99ngw,33.5042186,-112.06989920000001,14,[33.4471783,-112.1156244,33.5612589,-112.024174],[48,11,54,55,57,145,38,39,185,109]
nm122Yxnetsdgk5mP7Vueg,33.491695,-111.925624,1,[33.491695,-111.925624,33.491695,-111.925624],[48,11]
Cost-gi6BiPQljRzF8xxtw,33.53594085,-111.92594825,6,[33.4399403,-111.9274148,33.6319414,-111.9244817],[6,35,76,7,292,338,206,11,118,72,287]
NMYx5BZQZ2iKW5tlfyULKA,33.4864215,-111.92188089999999,48,[33.43065,-112.0000508,33.542193,-111.843711],[265,185,11,57,327,126,97]
-41iNrsO8QModLPTQii9Sg,33.595881,-112.134443,1,[33.595881,-112.134443,33.595881,-112.134443],[33,117,24,11]
pGEbIeS88E1mJ-G8zl6YBQ,33.319395,-111.874965,1,[33.319395,-111.874965,33.319395,-111.874965],[182,48,140,11]
DRPepXToNBRMub1tFofOHg,33.4657562,-111.9718284,2,[33.4657562,-111.9718284,33.4657562,-111.9718284],[219,218,41,11]
j9MRFozizu9ij5aotQih1g,33.4073914,-111.9467741,2,[33.4073914,-111.9467741,33.4073914,-111.9467741],[224,11]
KgQWcqifz59yoONwxAC16w,33.2847441,-111.8410244,4,[33.2847441,-111.8410244,33.2847441,-111.8410244],[7,194]
ITft1HTymjj1-FAHIv4b9w,33.420571,-111.942444,5,[33.420571,-111.942444,33.420571,-111.942444],[38,168,298,88,39,11]
COD6QP6N4mLxA2q0GPxxOw,33.6235377,-111.925553,1,[33.6235377,-111.925553,33.6235377,-111.925553],[7,108]
LDs0goFiSw8I-1KsWdRhXg,33.4230663,-111.7887534,8,[33.4230663,-111.7887534,33.4230663,-111.7887534],[26,11]
pP2XxsiJ3rTfmGcppFWdGA,33.5808058,-112.2629118,3,[33.5808058,-112.2629118,33.5808058,-112.2629118],[7,36,11]
zBJAyo_f22t2T7hYHuhV1g,33.4783911,-111.9867129,2,[33.4783911,-111.9867129,33.4783911,-111.9867129],[41,11]
i9DkxJAR2NfxxHToaDTwCQ,33.261388,-111.857235,1,[33.261388,-111.857235,33.261388,-111.857235],[126,11]
RoSooPQxBWlYjA-Cdro7GQ,33.5870065,-111.8362927,1,[33.5870065,-111.8362927,33.5870065,-111.8362927],[7,142]
8-p96P3GiFCe0fmVKtAoOA,33.45547340098115,-112.0031340925535,3,[33.4537869019623,-112.0791022,33.4571599,-111.927165985107],[182,172,11,119,38,48,39]
-Nh4BgpSvl-ybHsavr5iDw,33.4495566,-112.0740194,1,[33.4495566,-112.0740194,33.4495566,-112.0740194],[224,11]
0Hk85BedRDaFYzqO_hmAtQ,33.538913,-112.097523,1,[33.538913,-112.097523,33.538913,-112.097523],[309,11]
lYXWT_ymnUEcMY8bcU7nWQ,33.492914,-111.933566,23,[33.492914,-111.933566,33.492914,-111.933566],[38,99,39,40,48,11]
Y4g0QD23Lrd6ovkiXdgpVg,33.6239149,-111.9255304,4,[33.6239149,-111.9255304,33.6239149,-111.9255304],[48,11]
yke5plVng8I-mCZE6g7X1A,33.6173025,-111.908654,12,[33.492517,-111.9746066,33.742088,-111.8427014],[38,7,36,109,39,11,27,182,48,57,18,209,17]
qOQLVP1o_yM68aa8SqmKqA,33.530322,-112.01424,2,[33.530322,-112.01424,33.530322,-112.01424],[65,133]
Qyh65muysp06AdaXgUOf9w,33.406622049999996,-111.84849505,27,[33.3932601,-111.8686061,33.419984,-111.828384],[28,17,29,24,11]
_QHDTunNfbvtdbv_JqQD4Q,33.49112,-112.079081,153,[33.49112,-112.079081,33.49112,-112.079081],[28,17,29]
gFRp0Lm8dtvvCFLz6AAS5Q,33.457788,-112.067113,1,[33.457788,-112.067113,33.457788,-112.067113],[7,108,186,6,57]
Mdqz7VIut77lOIIIXNEHtA,33.5709613387677,-111.8177852967835,7,[33.5302696775354,-111.926350593567,33.611653,-111.70922],[109,38,265,39,11,26,63]
YykArvnqmp_ORH3NvnNhYQ,33.5020036165904,-111.928035020828,12,[33.5020036165904,-111.928035020828,33.5020036165904,-111.928035020828],[168,99,11]
XihQOcR3npYKHuoNZ6SESA,33.689127850000006,-112.1490411,8,[33.6640037,-112.2027562,33.714252,-112.095326],[49,178,10,44,24,11,112,6,248]
DyokfrlL6gpAGuqEShrhKA,33.4527955,-112.0693177,1,[33.4527955,-112.0693177,33.4527955,-112.0693177],[26,127,11]
Ds-DFKb1rF9l7aq4OaJUpg,33.436514450000004,-112.0121343,200,[33.43475,-112.0178286,33.4382789,-112.00644],[28,170,48,27,11]
uIPTiIMdfcOoxFVcJjCSZw,33.4952867,-112.3556173,2,[33.4952867,-112.3556173,33.4952867,-112.3556173],[48,11]
g45j6zxyjTmEy6nhf42o0g,33.56925835,-111.98550675000001,5,[33.4552907,-112.092802,33.683226,-111.8782115],[33,48,185,11,99,43]
4nJBEiUNzJdvf_9LNFKHjA,33.460449,-112.168935,3,[33.460449,-112.168935,33.460449,-112.168935],[7,148]
Caf6ZCnr92aGPpL95zITOQ,33.316423,-111.8174485,2,[33.302011,-111.842615,33.330835,-111.792282],[7,36,109,38,48,39,11]
KGEiWmMYLT-u4fmk2AkjRw,33.6002895,-111.98089064999999,11,[33.503086,-112.0737503,33.697493,-111.888031],[109,38,210,39,11,65,133,49,4,5,6,367,58,80,193,59]
fgi8BxjAWemW_IjvDVUvhA,33.51315,-112.073765,18,[33.51315,-112.073765,33.51315,-112.073765],[11,63]
hCrB2HAcKpBViFmfhj_xRQ,33.52406825,-111.99096295,14,[33.4673017,-112.0734116,33.5808348,-111.9085143],[48,11,26,38,99,39,33,307,126,97,119,62,27,17,109]
DqekGNe2lrLV4UI0V5-gcA,33.58803825,-111.94237815,200,[33.5024095,-111.9955012,33.673667,-111.8892551],[98,7,8,119,11,26,126,28,158,17,29,48,62,221,38,39,40,30,13,6]
5OOuiG_basiJFfAln8UtAA,33.3057949,-111.9677833,41,[33.3057949,-111.9677833,33.3057949,-111.9677833],[99,185,11]
mLLsWHpYxEbs5pdhiK1qAg,33.4152426,-111.9196665,3,[33.4152426,-111.9196665,33.4152426,-111.9196665],[7,36,148]
i6qUCbZx2ZmhQvf-uVFMmw,33.4518099,-112.0733182,10,[33.4518099,-112.0733182,33.4518099,-112.0733182],[28,17,29]
noVjkcjoSMpVAGf_GGzK_Q,33.492962,-111.927751,101,[33.492962,-111.927751,33.492962,-111.927751],[224,11]
GjHooNrdIs2dsG4O5kXpeQ,33.4785588,-112.03438815000001,41,[33.444799,-112.0734213,33.5123186,-111.995355],[322,57,28,17,29,33,120,11,327,119,99]
hAd4_buGRvd6xtxPZZeybA,33.450882,-112.059401,7,[33.450882,-112.059401,33.450882,-112.059401],[28,17,29]
jnePKgBMeOXM3exNBUOtFg,33.306499,-111.877846,43,[33.306499,-111.877846,33.306499,-111.877846],[224,11]
4ADw7DbneksPfplP0JT9jQ,33.639403,-112.180066,1,[33.639403,-112.180066,33.639403,-112.180066],[338,382,206,11]
dcXW8yu6DqGbz7OltNzpQA,33.4663874179125,-111.80933615000001,85,[33.307983735825,-111.934032,33.6247911,-111.6846403],[28,17,29,212,11,126,224,27,63,210]
dKx6EdEQZ3-ngWOTd0AFpA,33.464945,-111.9976739,92,[33.2475,-112.205558,33.68239,-111.7897898],[265,48,11,119,99,224,126,377,323,97,64,104,133,65,38,39,251,206,98,7,63,149,27,40,162,43,108,168,169,212]
8KkMATQFtivnpAehoMkGjA,33.4913586,-112.13225555,14,[33.3947699,-112.3556173,33.5879473,-111.9088938],[168,169,11,48,49,28,178,17,29,33,117,224]
JH8t5H8yTTFbOolFLwxnUQ,33.63275596039185,-111.892451300297,8,[33.6184656207837,-111.893332600594,33.6470463,-111.89157],[120,11,224,212,43,38,99,128,39]
KruD2vJmSYCNv3m0ZP4_Cg,33.4542695,-111.9094198,1,[33.4542695,-111.9094198,33.4542695,-111.9094198],[168,11]
ioftUg9CwWLy8ewfYlxwig,33.608050750000004,-112.0989646,19,[33.5024095,-112.202428,33.713692,-111.9955012],[65,133,7,8,119,11]
C36PV6x0gNdSdy_rV32vbA,33.4653634323239,-111.959640071017,12,[33.33563,-112.065436542034,33.5950968646478,-111.8538436],[48,11,28,17,29,38,273,39,128,12,13,6,22,99,168,144]
koMojpi1VNdwHDYnmnwpXg,33.3023282,-111.8427622,1,[33.3023282,-111.8427622,33.3023282,-111.8427622],[7,292,142]
esuD-TgK-88BFHRR8cRi3w,33.495494199999996,-111.92245145,41,[33.488923,-111.9242599,33.5020654,-111.920643],[57,327,28,17,29]
iobXvq8i71V_GRPQK_zAIA,33.421203,-112.271477,1,[33.421203,-112.271477,33.421203,-112.271477],[11,27,63]
a7CfHv7OodtEHSM85JdLSQ,33.69970095,-112.0523185,2,[33.6009249,-112.066857,33.798477,-112.03778],[71,72,32,203]
xfX5LfEnBUWb8iL3B4VqHg,33.510401,-112.06820635,173,[33.3057949,-112.2296324,33.7150071,-111.9067803],[168,11,63,26,44,7,36,8,39,38,99,128,251,43,48,229,149,97,33,185,126,177,140,27,6,45,141,345,87,144,25,24,212,293,62,17,10]
jgYuiM4WLF8wIuhN9VSY7g,33.474035900000004,-112.0718118,2,[33.4564268,-112.073196,33.491645,-112.0704276],[126,97,11,38,140,39,40,48]
HKZkXR96W6UgAexpX-cKFQ,33.306499,-111.877846,6,[33.306499,-111.877846,33.306499,-111.877846],[224,11]
bCQ7ucZ2nLG5TTD90yPDvQ,33.4148837,-111.9169665,11,[33.4148837,-111.9169665,33.4148837,-111.9169665],[192,11]
OHt2VM5wOJ0S0LywHPynJA,33.4133078,-111.94512384999999,4,[33.3023282,-112.0474855,33.5242874,-111.8427622],[99,127,11,65,133,7,292,142]
0kiLQ0LYeOcnNoVnpxPnyg,33.42539385,-111.965327,3,[33.383486,-112.0734116,33.4673017,-111.8572424],[322,57,33,229,11]
_a3V74fX1wfOu0WuAlhOiw,33.378951,-111.966547,3,[33.378951,-111.966547,33.378951,-111.966547],[168,99,11]
IcieGosZlBs-vN0IxWkTVg,33.537431749999996,-111.99539899999999,5,[33.4495394,-112.0656645,33.6253241,-111.9251335],[119,120,11,465,168,265,39,224,63,7,449,97]
cbgoX-riB3fTiz1xCfhe9w,33.48402095,-112.05414865,2,[33.4587863,-112.070415,33.5092556,-112.0378823],[7,142,449,119,108,11]
G97miOOPJlIjghn2ivRWXg,33.5528968,-112.0550321,4,[33.5528968,-112.0550321,33.5528968,-112.0550321],[84,6,166,339]
LIvw9pJfGuHuGHYoDe57TQ,33.53311208643725,-111.926561214505,10,[33.4994191,-111.9276516,33.5668050728745,-111.92547082901],[224,11,38,39,40]
8FYIpmvTyhJhXZs6PalZGA,33.5024095,-111.9955012,1,[33.5024095,-111.9955012,33.5024095,-111.9955012],[98,7]
9ZfBk6dFW6Ap7v5-2GnviA,33.4942423,-111.9264472,1,[33.4942423,-111.9264472,33.4942423,-111.9264472],[24,11]
1MywGdJ5wFWsN9M4XexAtw,33.5680438,-112.15677415,9,[33.5005719,-112.239434,33.6355157,-112.0741143],[7,108,24,11]
hwEPwHjmSe7AlYMHSVco0w,33.4342595,-111.9252882,2,[33.4342595,-111.9252882,33.4342595,-111.9252882],[7,142]
2MPGdIbaaEdKuW9IpPxHfw,33.5641868,-112.198136358948,54,[33.4163799,-112.4712525,33.7119937,-111.925020217896],[26,11,112,6,177,140,98,7,28,17,18,29,72,241,394,395,33,57,39,145,251,212,185,142,56,24,229,153,63,27,120,99,224,36,8,500,192,108,43,38,40,201,48,47,271,209,182,129,278,79,181,190]
FcDddrQtLXyyABI8jg_Nxw,33.647074,-112.06566649999999,7,[33.583163,-112.200326,33.710985,-111.931007],[6,250,112]
nf1KQafAEAy3NgB5FuIKvA,33.61646841376755,-112.087349431885,4,[33.5219518275351,-112.200326,33.710985,-111.97437286377],[49,66,52,445,11,63]
b8Q4bym6yVpbM7Z1qoZRLA,33.320774761945,-111.714134216309,3,[33.320774761945,-111.714134216309,33.320774761945,-111.714134216309],[7,457]
6LqS2EYkctsJ8bOTkndLBw,33.5022049,-112.0650257,3,[33.5022049,-112.0650257,33.5022049,-112.0650257],[49,80,59,167,65]
ZTTQvuQgwvbP-BtvaCpoGQ,33.3203857,-111.91755495,9,[33.304861,-111.927065,33.3359104,-111.9080449],[11,63,38,251,39,40]
rjrw6MPxt9I5fowvir7A0Q,33.5035319,-111.99797365,7,[33.4942939,-112.0740123,33.5127699,-111.921935],[167,65,26,11,265,109,38,39,63]
t5b73I0l_k_TFjuNIPCdyg,33.515902,-111.81995015,10,[33.348325,-111.966112,33.683479,-111.6737883],[40,57,38,39,145,65,133,161,28,29,17]
lDAhzgn0ulIfZt4bZE62CQ,33.5266038,-111.924627,1,[33.5266038,-111.924627,33.5266038,-111.924627],[27,11]
hrRedorJkgQSAjv7J9NbMg,33.47675275,-111.9135606,5,[33.4542695,-111.9177014,33.499236,-111.9094198],[126,11,168]
GBgY4j4mZjB-eoRb359Nnw,33.502191,-111.996292,74,[33.502191,-111.996292,33.502191,-111.996292],[109,38,11,39,63]
J2L8E6dYS66cKkV6SHujuA,33.42158255,-111.997127,28,[33.319395,-112.119289,33.5237701,-111.874965],[88,38,39,24,11,205,109,440,49,447,208,6,35,7,313,40,63,182,48,140,119,26,27,128,47,98,206,99,185,189,292]
DI1rxGlDPauL89WRAY_w-w,33.3931549,-111.9393483,1,[33.3931549,-111.9393483,33.3931549,-111.9393483],[71,72,73]
-cgz6qu0nnJZ_pWX-NlScg,33.5173991,-112.0824683,10,[33.5173991,-112.0824683,33.5173991,-112.0824683],[126,97,11]
UGmCve39VClgDsqFPekjiQ,33.5514432,-112.2705607,1,[33.5514432,-112.2705607,33.5514432,-112.2705607],[33,11]
7CpQsLHqSRUiWfATStT7eQ,33.4947792,-111.9175074,3,[33.4947792,-111.9175074,33.4947792,-111.9175074],[113,6,17,116]
lHPFFu5Hq2G1D17q1aU8Bg,33.497775,-112.1976608,21,[33.421215,-112.35646,33.574335,-112.0388616],[84,147,26,11,218,41,7,108,27,63,361,185,43,23,101,38,143,39,40,10,119,182,139,137,168,212,97]
eWmM3cvqd1vFhvVs1-_Aag,33.38558655,-111.89307715,5,[33.2611208,-111.9963126,33.5100523,-111.7898417],[64,65,109,38,27,39,11,206]
BfcL3hmFawvoEVfYDsJDvA,33.348162,-111.9819,10,[33.348162,-111.9819,33.348162,-111.9819],[26,11]
NCqOzkisOMZl41IBaWBLYw,33.496175,-112.020561,1,[33.496175,-112.020561,33.496175,-112.020561],[7,137,8,139]
ys8X_tb-KLMIUZWOlYA_Bg,33.621309499999995,-111.92579599999999,5,[33.4733899,-111.9258639,33.7692291,-111.9257281],[96,72,65,54,369,105,220]
B65h-1dzszUO4sy7kQcUIg,33.5824523,-111.8852747,1,[33.5824523,-111.8852747,33.5824523,-111.8852747],[54,55,266]
b2dRqpu1ayqmYjDmBYySxw,33.4948197,-111.9798208,17,[33.4948197,-111.9798208,33.4948197,-111.9798208],[119,11]
AvfoSdb4fXZQd3fJq0jgFA,33.5044082,-111.9691642,200,[33.5044082,-111.9691642,33.5044082,-111.9691642],[161,28,65,17,29]
mNMFQkSACz9bSyt7AOTemQ,33.3633375,-111.9112218,11,[33.3633375,-111.9112218,33.3633375,-111.9112218],[43,11]
4gaG2PMS5erPnRmf7oEYNA,33.540033199999996,-112.1200465,18,[33.449188,-112.341184,33.6308784,-111.898909],[155,432,237,54,106,126,97,172,11,99,7,108,265]
QVFwatzms420-Pa-HEF0RQ,33.288098250000004,-111.80973420000001,64,[33.2767523,-111.8988633,33.2994442,-111.7206051],[127,11,33,44]
1zG-7AXaU1ngIkoO4T0cjQ,33.45,-111.97,27,[33.45,-111.97,33.45,-111.97],[7,189]
vL5qcOSMlIpZyRoZVzzsjw,33.4768760668705,-112.025010307095,9,[33.446195133741,-112.075086,33.507557,-111.97493461419],[27,11,129,79,121,119,99,265,6,87,44,24,26]
8RU-e0hOLVKpKmHqFpn4PQ,33.10341995,-111.79327445,8,[32.8795619,-111.858116,33.327278,-111.7284329],[3,376,251,11,44,63,43]
AbBhYWykI_xbXrBVDRqlcg,33.5090018,-112.0409994,1,[33.5090018,-112.0409994,33.5090018,-112.0409994],[13,6,115,372]
o4J_LCwNmWskQJ8E29gAyw,33.5403655,-111.8852673,5,[33.5403655,-111.8852673,33.5403655,-111.8852673],[212,361,11]
61CTpBsZmaYbBO0qOZzROA,33.443486,-111.99019295,200,[33.377983,-112.113988,33.508989,-111.8663979],[57,228,7,8,148,38,99,39,128,185,11,4,6,100,425]
GAhcw5tBlDxuXAclqz6GVg,33.492551,-111.9234165,200,[33.483281,-111.926895,33.501821,-111.919938],[38,39,28,17,29,11,48,26,27,265,185]
UACa4KSrnU7WRA2OiwijXQ,33.609768,-111.752787,6,[33.609768,-111.752787,33.609768,-111.752787],[49,178,17,18]
B7qr__e1Gkgao-xpapgp8A,33.4674492,-112.0789612,2,[33.4471783,-112.0834721,33.4877201,-112.0744503],[33,11]
Bc94u79bFmGaUH3coZhBHQ,33.4636601,-112.07814555,6,[33.457118,-112.0909725,33.4702022,-112.0653186],[26,172,11,7,292,98,139,182,119,260,48,201,38,39]
aaHyqSTcpdkismEP0bj0rQ,33.5368278,-112.0475038,3,[33.5368278,-112.0475038,33.5368278,-112.0475038],[65,133]
fjD-bmdoT5PrdV0ryZ8IKg,33.4000961,-112.01468270000001,10,[33.3056067,-112.0689504,33.4945855,-111.960415],[63,27,11,26,33,127,43]
2Of6kuX5nu-QU3lQ4hsGFg,33.4787939,-111.9259092,8,[33.4787939,-111.9259092,33.4787939,-111.9259092],[309,119,285,11]
mKRNMjsr8njCgSINEUZb5A,33.54127525,-111.81961235,3,[33.4876443,-111.9270311,33.5949062,-111.7121936],[195,65,71,72]
6eO_5oAZZfHRJ_q9UyWMuw,33.5312158,-111.96589453103,65,[33.4484009,-112.088808,33.6140307,-111.84298106206],[224,11,7,142,99,26,17,28,29,57,470,145,39,119,38,48,322,190,292,27,139,225]
7XsyBn2-0k9p5cdyrekVdQ,33.5915372,-111.9781334,3,[33.5915372,-111.9781334,33.5915372,-111.9781334],[165,32,95]
Xc0PU69OBKyVNQPuxQKLtA,33.497291,-111.9300012,3,[33.497291,-111.9300012,33.497291,-111.9300012],[7,108,172,11]
1__2RnJTT0cqkriEVGaQZw,33.5100098,-112.0152924,43,[33.5100098,-112.0152924,33.5100098,-112.0152924],[38,99,39,11]
WaT_uYq3buTlK-xNFUGOYQ,33.470533599999996,-111.99580165,73,[33.3702541,-112.0657374,33.5708131,-111.9258659],[26,11,161,28,65,17,29,265]
uGLy5Q88WKmIxxAdpFAjVA,33.4930514,-111.9339561,2,[33.4930514,-111.9339561,33.4930514,-111.9339561],[28,17,29]
96qekpUBXmq3okuznAtIAQ,33.52706725,-112.0305974925535,18,[33.4272015,-112.134029,33.626933,-111.927165985107],[44,127,11,248,249,6,15,7,108,182,48,140,99,8,172,57,146,91,51,49,312,33,142,24,212,26]
Sizg5ZWmIvhuXAN5AvACSQ,33.43475,-112.00644,170,[33.43475,-112.00644,33.43475,-112.00644],[28,170]
oBaBlH1jefWntKvz0hQMKg,33.5834449,-111.9770187,2,[33.5834449,-111.9770187,33.5834449,-111.9770187],[127,11]
twWn3l-84QksWM0a1FkMhA,33.5499622,-112.1515413,4,[33.5499622,-112.1515413,33.5499622,-112.1515413],[195,65]
XES4gJOX9orW9xSDSIhMMw,33.2435992,-111.8413019,8,[33.2435992,-111.8413019,33.2435992,-111.8413019],[26,11]
jUJ_9cImqb2qMidR5UIKPw,33.399752449999994,-112.01096799999999,24,[33.3351559,-112.113567,33.464349,-111.908369],[24,11,126,97,7,47,192,140,201,185,26,194,224]
yZz5lfEuT__ASd9VsG9GZQ,33.425938,-111.940346,2,[33.425938,-111.940346,33.425938,-111.940346],[114,13,6]
mm1-8hxSTbQH9iUAIkML4w,33.47864436108475,-112.15017535000001,200,[33.421617342644,-112.3595377,33.5356713795255,-111.940813],[97,11,27,44,26,63,38,265,39,99,24]
ntCd3KV8YUQMhwGfVRssrg,33.45855975,-112.03705475000001,5,[33.4372675,-112.0800705,33.479852,-111.994039],[65,133,63,27,24,11,99]
b5wX8r-rqyqoa0h_2D-FmA,33.5041272,-112.1479721,200,[33.4802944,-112.2641158,33.52796,-112.0318284],[57,327,120,11]
GvMq3mITC0CufTIWeA8bTQ,33.5945419,-111.88034,3,[33.5945419,-111.88034,33.5945419,-111.88034],[27,11]
JWaNT5I2A5G6dxsANR7H-g,33.373465,-111.971852,23,[33.373465,-111.971852,33.373465,-111.971852],[158,28]
jXfekxAFXC3nqknjrEDckQ,33.626933,-112.100731,1,[33.626933,-112.100731,33.626933,-112.100731],[212,26,11]
lg-Zz7CMyxh9I5GKEvyn6g,33.479945306850354,-112.10390517046349,14,[33.4501794137007,-112.280698,33.5097112,-111.927112340927],[72,297,177,140,11,296,251,24]
NdMCBIb6_DfA4bZEpx9wNw,33.51225505,-112.06027875,3,[33.4712477,-112.0650649,33.5532624,-112.0554926],[43,11,48,208,6,35]
SjV77DQ_tvqE0JKq7lX7jA,33.54262145,-112.08130220000001,13,[33.523984,-112.1156244,33.5612589,-112.04698],[265,11,48,185]
2JShbZtL9mNfBo21js0nQQ,33.6528755,-111.8868936,3,[33.6528755,-111.8868936,33.6528755,-111.8868936],[13,6,65,167,204,12]
WgZnH4BR4RMokXHyNShq1w,33.4484279,-112.0731767,1,[33.4484279,-112.0731767,33.4484279,-112.0731767],[26,11]
25Q2hH6mT4yNDTZyXXiEqw,33.5165519021351,-112.052956986326,4,[33.421453,-112.165567972652,33.6116508042702,-111.940346],[149,11,224,168,169,182,307,172]
tyWTtyMGMRsklzNdth-VNw,33.6266195,-111.9956936,6,[33.6266195,-111.9956936,33.6266195,-111.9956936],[7,313]
keLVI82ys8dHoP5jQGG6FA,33.6400079,-112.0872865,2,[33.6400079,-112.0872865,33.6400079,-112.0872865],[26,11]
xf0_QQy_3Vb3u-_dch6z-Q,33.4566960573784,-112.072327136993,27,[33.4566960573784,-112.072327136993,33.4566960573784,-112.072327136993],[119,11]
LAuPZ8PxHMPnYkA_KwoYGw,33.362719,-111.8761389,22,[33.362719,-111.8761389,33.362719,-111.8761389],[89,11]
AM2X1tso9b62GhMobfTHAw,33.41467125,-111.956100345746,9,[33.3637562,-112.002139091492,33.4655863,-111.9100616],[38,128,39,49,54,193,242,59,7,24,47,27,11,26,40,88,99]
s6HC2kx5s_xRLhMPcm_7PQ,33.509295,-112.040216,1,[33.509295,-112.040216,33.509295,-112.040216],[32,95,222]
B--AW578UaXPYqu48sWtcg,33.50824855,-112.02904509999999,3,[33.3773608,-112.150244,33.6391363,-111.9078462],[8,7,138,218,139,11,210]
VocJ2eKCB88wgnM5sw-LNg,33.408355650000004,-112.02825425,17,[33.3058378,-112.134201,33.5108735,-111.9223075],[126,11,26,7,292,142,99,49,409,4,6,63,27,38,39,43]
lySavNdUOUw9HMTTOZEWlw,33.5006532,-112.0739689,4,[33.5006532,-112.0739689,33.5006532,-112.0739689],[27,63,24,11]
Nf94nnd2IwBVe5WnJWyL3A,33.42150255,-112.01591479999999,7,[33.4075498,-112.0739136,33.4354553,-111.957916],[26,11,309,285]
oC2lqqH76tJV-NjvqUMECQ,33.5738374,-111.7142695,5,[33.5738374,-111.7142695,33.5738374,-111.7142695],[44,26,11]
tgM9XbomcjpUw2SzshEiiA,33.606051,-112.02452729999999,54,[33.5413659,-112.1861359,33.6707361,-111.8629187],[48,11,7,449,99,44]
h9F6h0Kw84bjNPHVO4yPiw,33.496630249999995,-111.95135590000001,4,[33.4938414,-111.975898,33.4994191,-111.9268138],[38,39,40,11,63,7,47,48,27]
OxeS4yjPG8ZeJYf4S_hlUg,33.385621,-111.90867,3,[33.364144,-111.942408,33.407098,-111.874932],[71,72,309,169,44,11]
y75g1BYxkSzCsj8_5oOV8A,33.3772505,-111.86622955,5,[33.331773,-111.978279,33.422728,-111.7541801],[126,97,11,24,26]
tDcDu7pIicXfcRcNRElGaw,33.3705650197692,-111.938069736133,2,[33.3345567,-111.9680279,33.4065733395384,-111.908111572266],[27,11,63,48,140]
iStPU5VdwAnEQEVXIb9hmA,33.3066419,-111.7568953,11,[33.3066419,-111.7568953,33.3066419,-111.7568953],[195,65]
gjnQmv66QxjZ31RR5vhACQ,33.3784699,-111.90352469999999,5,[33.3782275,-111.9297442,33.3787123,-111.8773052],[27,11,33]
_S4fPpEIafUPZbTcwTI6_Q,33.41517055,-111.98075474999999,2,[33.378705,-111.9979602,33.4516361,-111.9635493],[28,17,18,29]
xhGbHatP5xb4sc56Cm8PyA,33.5820359,-112.1207132,1,[33.5820359,-112.1207132,33.5820359,-112.1207132],[33,11]
RGtpTG4mwDbavyLF2VA6-A,33.531328,-112.06466,2,[33.531328,-112.06466,33.531328,-112.06466],[43,11]
HW-cL93tvU7qng1sZueKWw,33.5125101,-112.02943465,200,[33.508954,-112.029562,33.5160662,-112.0293073],[28,17,29,161,65]
HRLkhkYHiM-awcj2k0FgJA,33.57791206663365,-111.972161265069,200,[33.5102068,-112.0272041,33.6456173332673,-111.917118430138],[161,195,65,6,7,479,139,113,333]
AEisV_JDqb8-v0CxvT0aww,33.46199455098115,-111.99624229255349,5,[33.4537869019623,-112.0653186,33.4702022,-111.927165985107],[24,11,182,172]
K1s6vkiMqAZEX0bssMDBmw,33.53632585,-112.11974484999999,145,[33.43475,-112.2330497,33.6379017,-112.00644],[57,327,99,11,28,170,33,44]
Lo1lsWAwXCD_SYMWmlsYLg,33.444801984944,-112.07211772211,200,[33.444801984944,-112.07211772211,33.444801984944,-112.07211772211],[38,99,39,128,185,11]
IBgAJmUpRFt7oxz0A7l80A,33.37844,-111.876416,4,[33.37844,-111.876416,33.37844,-111.876416],[251,11]
gDl4dMYPpuuIaNAW_Bh3qQ,33.57341695,-111.90112295,200,[33.2729621,-112.1502292,33.8738718,-111.6520167],[46,13,6,372,30,126,11,7,292,26,57,306,108,212,97,17,18,39]
H-toDyjiibnP0-utzW5Ukw,33.455036,-112.038676,1,[33.455036,-112.038676,33.455036,-112.038676],[8,7,138,139,192,323,11]
R_4UfoUF1ocVaamYjNh6nA,33.8332781,-111.9513452,4,[33.8332781,-111.9513452,33.8332781,-111.9513452],[7,108,48,11]
H02SEpQuMSk8U3PLJ3JV6g,33.495150249999995,-112.0064298,5,[33.4951447,-112.0118398,33.4951558,-112.0010198],[43,11,224]
TfR-oVW0ctJrMB6BZho-hQ,33.33563,-111.854277,1,[33.33563,-111.854277,33.33563,-111.854277],[41,43,11]
cWBXPaA_vp8NE90VihbCSA,33.62327955,-112.04657445,5,[33.6132165,-112.0640713,33.6333426,-112.0290776],[106,54,424,288,31,32,314]
-pL4qeiku0LJTuGckcOirA,33.4948712,-112.019702,1,[33.4948712,-112.019702,33.4948712,-112.019702],[98,7]
u-M0QempeseMghmsGx7ecA,33.5832073,-112.0131291,1,[33.5832073,-112.0131291,33.5832073,-112.0131291],[108,7,119,38,109,39,11]
mW6NKDNjnFra0GjymZaLMQ,33.47331661827115,-111.96409754999999,9,[33.3775316,-112.0685027,33.5691016365423,-111.8596924],[98,7,206,11,84,339,239,117,214,210,181,285]
XxW_WSU13NamMOjg_mXgvw,33.5467352641434,-111.8087716,27,[33.2195987282868,-112.1502292,33.8738718,-111.467314],[44,11,49,231,296,98,7,99,6,87,265,13,115,18,247,276,17,4,100,425,119,24,114,27]
V_9r9zTqfXl1YfXqkZ2krw,33.501979899999995,-111.97765355,3,[33.493753,-112.0272041,33.5102068,-111.928103],[26,11,48,105,65]
Tz6y8QJ-OHEeG7n4aEYcLw,33.352183,-111.911824,1,[33.352183,-111.911824,33.352183,-111.911824],[54,55,122]
CEkNGnUQWGhQN60XD4E4Iw,33.59807545,-111.9803815,54,[33.362444,-112.073781,33.8337069,-111.886982],[168,265,307,11,48,99,15,6,191,43,63,173,112,26,182,140,119,120,33,206,126,212,420,97,7,108,38,39,128,139,416,49,276]
zLby_60B6MjtqBXtI-OXjw,33.48548285,-112.0733848,7,[33.4581958,-112.079081,33.5127699,-112.0676886],[57,145,38,39,40,48,11,26,7,108,119,6,186,109,63]
Prsk7SiPZNfgcPyygOdGHg,33.49708835,-111.96075045,200,[33.492195,-112.0012318,33.5019817,-111.9202691],[19,20,6,21,22,13,23,210,11,99,48,38,39,40,101,128,24,28,17,18,29,212,126,293]
_8PFw-krrj97F9r_zCiI2g,33.439648,-112.026154,1,[33.439648,-112.026154,33.439648,-112.026154],[38,99,26,39,11]
ZbguPoBi3LJHUJioPsSV3A,33.5083781,-111.9258659,22,[33.5083781,-111.9258659,33.5083781,-111.9258659],[161,28,65,17,29]
uFWkZJrr7Z2T7aQ31g3dAA,33.8673952,-112.1478576,1,[33.8673952,-112.1478576,33.8673952,-112.1478576],[27,11]
6ScqlKlbttt_WzcFlKUzRA,33.5152928,-111.92245285000001,2,[33.5020347,-111.9258733,33.5285509,-111.9190324],[71,72,251,224,212,43,11]
G_poJR162iB0hjijTqZANQ,33.54711435,-111.99775525000001,70,[33.5116737,-112.0653185,33.582555,-111.930192],[126,97,11,210]
UkYIuhD8kw2y-h1BHNo44A,33.384398,-111.858873,200,[33.384398,-111.858873,33.384398,-111.858873],[119,11]
HUsAVJOGZgsiJA265R7JFA,33.39185155,-111.92765905,8,[33.2812044,-112.065458,33.5024987,-111.7898601],[109,38,11,39,63,7,292,26,27,44,119,99]
aqFbEZAcI2mtr6Zx4oOHEQ,33.43475,-112.00644,117,[33.43475,-112.00644,33.43475,-112.00644],[28,170]
E__J4o4CN8hL42F0SQ09Xw,33.5020036165904,-111.928035020828,24,[33.5020036165904,-111.928035020828,33.5020036165904,-111.928035020828],[168,99,11]
tWQm3X0Dfkwo2BJP7puepA,33.45755895,-112.00474514999999,200,[33.43475,-112.074714,33.4803679,-111.9347763],[7,108,24,11,38,181,39,40,28,170,442,241]
iJkRxyEy2KJfJ5pwjJqfcw,33.4069794,-111.81520044999999,18,[33.304182,-111.9957399,33.5097768,-111.634661],[54,242,195,65,38,48,39,11,26,44,24,7,108,338]
VDA0DXc0PAq2xGLWQPxaUQ,33.499028892926006,-112.01113965,20,[33.320203785852,-112.1859866,33.677854,-111.8362927],[27,11,24,26,126,97,43,6,204,65,99,48,140,7,142,33,117,119]
64ZJPLBxvsOC2YxkDRo8KA,33.4376395,-112.044467,7,[33.390792,-112.07643,33.484487,-112.012504],[119,11,224,39,38,48,128]
2Wctn4FE3BjLW0foQ3V35Q,33.6401421,-112.1745837,2,[33.6401421,-112.1745837,33.6401421,-112.1745837],[99,44,11]
CVJeXibMv2UPerB32626Iw,33.4527955,-112.0693177,5,[33.4527955,-112.0693177,33.4527955,-112.0693177],[119,201,24,11]
vNSQ2KIp1jv_nxTrK_0oBg,33.261262,-111.876604,2,[33.261262,-111.876604,33.261262,-111.876604],[54,242,238]
XqDh0QDMoMAaBvJcakze5A,33.6987494,-112.3103101967635,22,[33.4255104,-112.729672193527,33.9719884,-111.8909482],[7,313,27,11,44,24,108,119,38,109,39,142,8,40,97,48,99,72,154]
rOcys61GECkplU9fzUwPmg,33.3774359,-111.8796356,3,[33.3194165,-112.0739136,33.4354553,-111.6853576],[309,285,11,126,63]
c7HlxZFpYW0ueiHaUu2HTA,33.450513,-111.48069,8,[33.450513,-111.48069,33.450513,-111.48069],[99,185,11]
Jq1_ERkBM-XDBUWsCKaa0w,33.6254188,-111.9403265,4,[33.6254188,-111.9403265,33.6254188,-111.9403265],[27,11]
NLiL-F3ZqosZkGeTS4K1Xw,33.4874871,-111.9251075,1,[33.4874871,-111.9251075,33.4874871,-111.9251075],[407,106,408,54]
RbCRHWZotVygDGy1wF6wHA,33.5304065,-111.86554885000001,97,[33.42263,-112.079081,33.638183,-111.6520167],[26,11,48,168,99,7,8,119,377,17,18,39,38,40,206,63,47,128,127,27,289,6,35,126,265,483,44,296,210,33,88,298,219,218,41,97]
CYX17yueX5kk5wt1d8RovA,33.480436850000004,-111.998929,23,[33.4492,-112.0696,33.5116737,-111.928258],[210,11,177,140,63]
n0DjnWF9cqQRkNZHcsAIBg,33.508533016607,-112.029066725112,1,[33.508533016607,-112.029066725112,33.508533016607,-112.029066725112],[210,11]
YsxBeUzUj4O6RuRdmfMBlw,33.452215300000006,-111.92667645,2,[33.304492,-111.9797159,33.5999386,-111.873637],[126,97,11,212,26,43]
oP3gS0lGftzQszkgU-d4MQ,33.4508902,-112.3504684,32,[33.4508902,-112.3504684,33.4508902,-112.3504684],[251,11]
3GZWlgENUBZjUeVRtc4h4g,33.497838,-111.91332215,78,[33.494446,-111.9259123,33.50123,-111.900732],[38,265,39,11,26,128,28,190]
ZP2mRkHTGpXJh7uqNnAmeA,33.4881846,-111.9608249,2,[33.4881846,-111.9608249,33.4881846,-111.9608249],[48,11]
Ztp6nPCiwXcgBh5jcPbrVw,33.67602025,-112.14568365,5,[33.6390558,-112.1799118,33.7129847,-112.1114555],[49,80,82,59,27,11]
75NITJUUTwIK4dN1sEdWwg,33.44619855,-111.91764265,10,[33.3828617,-112.029503,33.5095354,-111.8057823],[84,345,6,346,33,11,119,26]
Endey1wjua6dAvNI_M46hA,33.656005,-112.09836,2,[33.656005,-112.09836,33.656005,-112.09836],[26,11]
bOeSzlPNWIu-BSRPZ0P44Q,33.4462981,-112.0688255,19,[33.4462981,-112.0688255,33.4462981,-112.0688255],[99,11]
7bjP7WcPi6rEqEHsudY-WA,33.38597365,-111.83886899999999,28,[33.3060217,-111.951494,33.4659256,-111.726244],[177,11,27,7,24,108,119,88,38,39,43,224,97,10,192,33,126,47,48,26,99]
7JMth1sN7xUw1zhTNAwJxQ,33.4527955,-112.0693177,2,[33.4527955,-112.0693177,33.4527955,-112.0693177],[26,127,11]
0MvYHqnThbMa3gYjF_4pag,33.4573063,-112.03287929999999,9,[33.2748213,-112.2245556,33.6397913,-111.841203],[7,162,43,11,26]
_Pj89RnDeZqelfkAUNvYig,33.34206415,-111.9735134,11,[33.304703,-111.981558,33.3794253,-111.9654688],[28,17,29,120,11,26]
sJgiOWLDna3xAIjISHTNhA,33.4435579,-112.00684215000001,24,[33.3779808,-112.0867893,33.509135,-111.926895],[63,27,11,119,26]
LSzLPnF0H8aZJWfkOPX0rA,33.765181,-112.32068,2,[33.765181,-112.32068,33.765181,-112.32068],[49,178,17,18]
6uNeagh9ljbwV8XRUn_cYA,33.44149555,-111.9990698,34,[33.3351559,-112.0739136,33.5478352,-111.924226],[38,48,39,11,57,228,185,212,99,210,251,26,63,27,352,120,145,40,168,181,265,127,33,309,285,28,17,29,98,7,119,24,194]
3JfPwLuyY-mhfL5ypf5xxg,33.4656138,-111.9283256,2,[33.4656138,-111.9283256,33.4656138,-111.9283256],[41,11]
VNS-QOYXEMY8GFnACo5aeA,33.423546,-111.937394,37,[33.423546,-111.937394,33.423546,-111.937394],[48,11]
673aWCQT_HbBKJ2QLzjk5g,33.455572,-112.0720214,1,[33.455572,-112.0720214,33.455572,-112.0720214],[38,181,39,40,11]
woflupRGLnuQnKuGDTYj8Q,33.3350177,-111.9270792,1,[33.3350177,-111.9270792,33.3350177,-111.9270792],[7,292]
WlFKpAoyL8mQLHv96p-g0A,33.5102803,-112.0720329,7,[33.5102803,-112.0720329,33.5102803,-112.0720329],[351,57,39]
MjA77EMY-ELa9r1HLBtmpQ,33.37676295098115,-111.884430348873,10,[33.299739,-111.927165985107,33.4537869019623,-111.841694712639],[54,55,122,10,24,11,182,172]
tVdp2HWbzP-5E06e1MveoA,33.43475,-112.00644,22,[33.43475,-112.00644,33.43475,-112.00644],[28,170]
LY9Q6sc4DtZ9ENNBv691rg,33.3854786,-111.98233496555551,16,[33.2614572,-112.081645131111,33.5095,-111.8830248],[251,11,74,26,7,36,182,24,48,33]
FwwAKQrxWGpWYmTnWLFLsw,33.46553245,-111.88458664999999,9,[33.321266,-111.9796425,33.6097989,-111.7895308],[43,11,63,84,336,10,24,185,96,72]
BGUSxfFURrimKfTcHLi1tw,33.421640072397,-111.8806122,23,[33.321061644794,-112.0740474,33.5222185,-111.687177],[88,38,39,89,11,48,57,56,17,18,7,108,31,32,99,224,352]
G4_wTVisxRGUzyhaFVMipw,33.44737995,-112.0039412,29,[33.3773608,-112.1000362,33.5173991,-111.9078462],[251,24,11,192,26,8,7,138,218,139,126,97,210]
skwC4Mnm0hQk3rT2SjB1Bw,33.4947176,-112.04090744999999,8,[33.3503,-112.1505589,33.6391352,-111.931256],[43,11,210,31,32]
zPnzh9-UZrmKnTlVXsMC5A,33.32191245,-112.0205401,3,[33.2664769,-112.04921,33.377348,-111.9918702],[27,11,48,7,108,119,172]
M4r6qsHjYYKnvmsEH3UHwA,33.477178,-111.925799,2,[33.477178,-111.925799,33.477178,-111.925799],[119,48,24,11]
SWxIi2Fgx02xzYxCSYjgqA,33.4059219,-111.771636,62,[33.4059219,-111.771636,33.4059219,-111.771636],[26,11]
4fNCzHhBduYABnUAlk4jZA,33.6526367,-112.2524564,1,[33.6526367,-112.2524564,33.6526367,-112.2524564],[65,133]
GtVBE-uqhukh0LUqv9L_gA,33.36948465,-111.87010835,20,[33.3059969,-111.9043028,33.4329724,-111.8359139],[126,97,11,26,7,47]
ELs6YvxVFdvNTUW3huAAmA,33.538144,-112.096976,1,[33.538144,-112.096976,33.538144,-112.096976],[43,11]
k9cMboDc6uqa-6BggMxxaA,33.4363125,-112.2202178,9,[33.3633494,-112.512882,33.5092756,-111.9275536],[175,129,121,79,352,201,11,212,43,48,168,181,229,109,38,27,39]
-RGZxK5ZXk_zQ7KnaUOfug,33.49298985,-112.08176675,18,[33.4473356,-112.0986063,33.5386441,-112.0649272],[27,11,26,307,172,64,65,38,99,128,39,296,109,48,74,24]
zgxPbfs2zpNHrBAaKFWNZA,33.4714019,-112.119289,16,[33.4714019,-112.119289,33.4714019,-112.119289],[7,189]
LVv_9ZOOkKl9PCki1_U9kg,33.43831995,-112.01562725,167,[33.4217923,-112.0800705,33.4548476,-111.951184],[98,7,24,11,63,27,33,119,99]
L8ncne2tBIT-rIhsX8a_Xw,33.5091143,-112.0599919,2,[33.5091143,-112.0599919,33.5091143,-112.0599919],[79,121]
YuH7c4p9MuK6O5ZBsln9yw,33.4046581,-112.0073966,2,[33.4046581,-112.0073966,33.4046581,-112.0073966],[28,388,394,290,241]
SVh9z88-JO2ZSIa1TFVJvg,33.6556844,-111.9300279,33,[33.6556844,-111.9300279,33.6556844,-111.9300279],[251,11]
x_7QcbteIxrKA_ya1YxcHw,33.6405893,-112.0474847,36,[33.6405893,-112.0474847,33.6405893,-112.0474847],[63,27,11]
18w1x4_fNsQZaXSSochIMw,33.6729823,-111.8904749,142,[33.6729823,-111.8904749,33.6729823,-111.8904749],[168,265,11]
lPgksB6OVN1A_1jYqv-4eQ,33.4949032,-112.0302201,2,[33.4949032,-112.0302201,33.4949032,-112.0302201],[53,54,55,122]
znFdsKk8vEdLe1yXS5F3mA,33.54204515,-112.04798825,2,[33.5086148,-112.0651592,33.5754755,-112.0308173],[7,9,119,11]
kMcaVSzs-4VpxrrCsE2T5g,33.37465125,-111.83229935,6,[33.3549553,-111.874864,33.3943472,-111.7897347],[126,11,109,38,39,63]
KUvhcJCGkPXFJqgTYzEzzw,33.3057949,-111.9677833,10,[33.3057949,-111.9677833,33.3057949,-111.9677833],[99,185,11]
VxvUVA7u7cOAN4zfeffLvw,33.436293,-112.011827,5,[33.436293,-112.011827,33.436293,-112.011827],[38,48,39,11]
MsAbbfIDQ-rxVRs_rkh3cQ,33.393642,-111.8533195,2,[33.393642,-111.8533195,33.393642,-111.8533195],[88,298,39,38,11]
0XAQT93R8-IX65MtF3Ikzw,33.3811933134633,-111.7685906228545,12,[33.33861,-111.964952945709,33.4237766269266,-111.5722283],[117,26,11,265,60,6,43,212,41,239,99]
MukPB8ngejXrCdQ2DJjmJQ,33.5596148,-111.92858205,10,[33.49447,-111.9329381,33.6247596,-111.924226],[28,17,29,38,39,11]
qxjZ-IqWBxm8bE4jMrVMnQ,33.384398,-111.858873,1,[33.384398,-111.858873,33.384398,-111.858873],[119,11]
4KrQ8z746hHNeNU6ioBAfw,33.4563408,-112.115994,21,[33.3777355,-112.2610692,33.5349461,-111.9709188],[26,11,57,69,99,265]
emZAquXTVmrfI5Dm_CEI8g,33.331773,-111.978279,1,[33.331773,-111.978279,33.331773,-111.978279],[126,11]
y0jfYwUKBwUfPMvwQU6wVA,33.476135150000005,-111.90843104999999,9,[33.3358523,-111.9963126,33.616418,-111.8205495],[309,119,285,11,404,451,53,54,55,122,256,109,38,48,39,63,206,43,265,126,97]
p9Gd2xNehN6kOE1zK0J_tA,33.4964751,-112.0839659,1,[33.4964751,-112.0839659,33.4964751,-112.0839659],[99,11]
J6gNoDjWI9S6KUKPOhE_gA,33.6251764,-112.1148748,62,[33.6251764,-112.1148748,33.6251764,-112.1148748],[28,17,29]
VA7_Zc2hW1QBLUuNoiXaXw,33.468212594079,-112.00984633188651,9,[33.422728,-112.0800705,33.513697188158,-111.939622163773],[88,38,39,89,11,26,7,36,8,247,109,27,33,119,99,48,63,24]
4V6NZAXTRktpZyiy5LIZVw,33.56923355,-111.915561,10,[33.318913,-112.1429531,33.8195541,-111.6881689],[33,11,27,119,120,63,322,102,57,103]
g8p-MBvlIed-pu-T7Giong,33.3839362692209,-111.965173494692,1,[33.3839362692209,-111.965173494692,33.3839362692209,-111.965173494692],[12,114,13,6]
Pep9i7UV_xGX-o37tZbezA,33.3117467,-111.9169283,176,[33.3117467,-111.9169283,33.3117467,-111.9169283],[28,342]
RzKfsSq5jfdb78DM97-jFw,33.45031845,-112.0195305,43,[33.449233,-112.065458,33.4514039,-111.973603],[27,11,185]
TtSaKKJ9obIgGTxwr4UK8Q,33.4041365,-111.8454939573975,31,[33.3056789,-111.967069,33.5025941,-111.723918914795],[11,63,97,440,260,99,48,24,106,54,317,7,98,10,9,224,373,142,33,38,39,244,117,26,189,192,181,127,404,451,421,65]
nNWN_f0x-7mzaL6u5f_TWw,33.4340826379293,-111.996935606003,3,[33.4340826379293,-111.996935606003,33.4340826379293,-111.996935606003],[119,11]
NqeG9Rkpiims7VCaH7k0dg,33.69853487041015,-112.1174218987795,3,[33.5974329,-112.1686588,33.7996368408203,-112.066184997559],[12,61,13,6,26,11]
7pM-8rv25rUhCUFtkaIzbQ,33.6369667,-111.9222616,3,[33.6369667,-111.9222616,33.6369667,-111.9222616],[63,27,307,11]
sIHkELpwdjU-MHQLfRYe-Q,33.4383877697692,-111.9848107,6,[33.4065733395384,-112.0653186,33.4702022,-111.9043028],[7,194,182,307,172,11,63,48,140]
y8pu4pJEezABPWp6ua_w3A,33.590945500000004,-111.96373650000001,34,[33.545329,-112.043169,33.636562,-111.884304],[26,17,18,11,49,28,190,367]
TJcF_Di8hmxycVlS1rOzzQ,33.36345825,-111.9086729,10,[33.279743,-112.073781,33.4471735,-111.7435648],[71,72,73,11,63,168,49,193,80,59]
qw-XefCQKAyQkbAxbmD6aQ,33.5601891,-111.98885874999999,3,[33.480203,-111.9951643,33.6401752,-111.9825532],[26,11,33,99]
Pov3M6OfrLaDVMkB_YrMQg,33.34806675,-111.938535,3,[33.317906,-111.964138,33.3782275,-111.912932],[13,6,22,35,77,33,11,84,339]
giXbLGOED9FfNTLQL0kVXw,33.532125,-111.96086,1,[33.532125,-111.96086,33.532125,-111.96086],[48,11]
0YnT3uyhdF5_1M7Hel1Klg,33.461192600000004,-111.98023434999999,27,[33.3051122,-112.1706789,33.617273,-111.7897898],[182,48,140,11,10,24,98,7,108,119,172,185,43,27,41,63,99]
kmBsZuFqf9m5y9oG8WDCzw,33.64073,-112.0898,1,[33.64073,-112.0898,33.64073,-112.0898],[71,72,184,297]
sCzBAa3GZEB_ppjG3qRwHQ,33.46597905,-111.86363015,19,[33.3072791,-112.0736563,33.624679,-111.653604],[7,306,57,247,333,47,48,27,11,109,38,39,63,10,24,139,36,26,119,99,40,142,128]
wtn-JNypbM7IupJm9t40Hw,33.4917078,-112.0828551,7,[33.4591452,-112.1182483,33.5242704,-112.0474619],[26,11,7,33,142,24,6,204,65,48,15,16]
nuP05i9wOVxGmbsdsj6YWw,33.456909,-112.341273,2,[33.456909,-112.341273,33.456909,-112.341273],[11]
9Tno_1zdGV2HUcOU3fsgww,33.564316,-112.287647,2,[33.564316,-112.287647,33.564316,-112.287647],[212,11]
9rswgglBrW0oO8r_GOGhJw,33.439657049999994,-111.96304624999999,19,[33.3117903,-112.1371245,33.5675238,-111.788968],[101,38,39,84,339,212,293,239,11,99,127,26,210,192,149,40,49,445,66,52,119]
C9xS56J54MMXVnSAHC5Wnw,33.5832073,-112.0131291,1,[33.5832073,-112.0131291,33.5832073,-112.0131291],[108,7,119,38,109,39,11]
HWi8ntFMy81BVjAsgAwbrQ,33.4163412,-111.98035835,84,[33.293696,-112.2619703,33.5389864,-111.6987464],[6,204,65,13,4,5,425,160,72,184,26,11,177,140,71,34,35,7,137,8,139,63,27,24,297,25,449,119,108,30,110,162,201,194,284,173,112,33,99,46,248,249,15,250,200,84,147,57,18,39,145,17,69,60,117,287,98,270,202]
_aguQTUp7kMlWhWr2mojdA,33.4152645,-111.845309,90,[33.247653,-112.077177,33.582876,-111.613441],[119,11,7,108,24,162,33,185,38,48,39,72,287,44,8,148,26,47,10,63,206,27,99,126,163,13,6,88,298,98,101,212,43,65,133,36]
vF4B6eFdoDmyV_l7MLHMzw,33.4430072,-112.0674872,159,[33.260838,-112.345359,33.6251764,-111.7896154],[24,11,13,6,115,372,38,260,39,40,259,49,66,52,27,63,26,224,7,36,99,265,182,229,41,43,185,126,97,65,133,475,48,143,205,105,127,139,33,98,177,140,192,12,120,322,57,8,333,228,10,9,28,17,29,309,119,285,117,214,296,212,138,323,146,91,51,312,292,18,44,69,101,128,274,194,47,88]
ODiMT4yPUFpSXWQZBA-yLg,33.498028,-111.927951,2,[33.498028,-111.927951,33.498028,-111.927951],[352,48,11]
velvMp5bwOmGDxMqhdOJAg,33.394030718551,-111.87501022136,1,[33.394030718551,-111.87501022136,33.394030718551,-111.87501022136],[63,27,11]
9xarmXumXS89QVVRoGoM3Q,33.473088700000005,-111.9152877,2,[33.466199,-111.919834,33.4799784,-111.9107414],[212,11,7,162]
BrF8k3MEz30Fc3a2jsaY5w,33.54619615,-112.0205717,9,[33.4951793,-112.03605,33.597213,-112.0050934],[26,11,117]
BsWrXXFPivenapZHJEBovg,33.307983735825,-111.74430125426,1,[33.307983735825,-111.74430125426,33.307983735825,-111.74430125426],[126,11]
i3lwbmFUuAa-uIxTEDpm4A,33.524001,-112.044564,1,[33.524001,-112.044564,33.524001,-112.044564],[95,374,165,32,164]
PESZTjx1dw1XFdZp972qbA,33.4146742,-111.913402,5,[33.4146742,-111.913402,33.4146742,-111.913402],[251,11]
WT9ovh815uB6JeVTL2dqDQ,33.45935805,-111.96717964999999,31,[33.4225411,-112.0301811,33.496175,-111.9041782],[7,47,11,63,26]
SH7jHJXak-R7-6zj5KKvrg,33.59186801853025,-111.994937298828,13,[33.5087368,-112.0122745,33.6749992370605,-111.977600097656],[11,63,48]
qw8n1PUrt4qBh-4eMjfv0Q,33.298228,-111.87159155,27,[33.277061,-111.9006511,33.319395,-111.842532],[26,11,7,33,48,47,30,13,6,99,28,17,29,177,140]
qYOtHoVCMkdmh73wvUohIA,33.5019525,-111.97000650000001,9,[33.42135,-112.015207,33.582555,-111.924806],[7,108,168,265,11,24,64,65,244,172]
lLrgP62n04pFmHXncK4k0w,33.461736,-112.335666,2,[33.461736,-112.335666,33.461736,-112.335666],[169,11]
j9zZhqmI1frCTtb52l7AHA,33.43645,-111.71847,3,[33.43645,-111.71847,33.43645,-111.71847],[99,24,11]
V41k1XM77M3Omum3OArYUw,33.3022008,-111.8410615,3,[33.3022008,-111.8410615,33.3022008,-111.8410615],[119,11]
Ddo3FZblERwl3lrL4BkFIg,33.492381,-111.9259469,16,[33.492381,-111.9259469,33.492381,-111.9259469],[265,48,11]
nCgaifPjYkB5QvcxFHYREQ,33.6366216,-111.9210776,5,[33.6366216,-111.9210776,33.6366216,-111.9210776],[361,11]
n6Mq5lv9McRNGpxYZfemSQ,33.51291175,-111.94521184999999,3,[33.4922985,-111.965872,33.533525,-111.9245517],[265,11,210]
523t-4SEEfymXL_Nuw9-hA,33.638003499999996,-111.912631,200,[33.637824,-111.92861,33.638183,-111.896652],[38,99,128,39,296,11,28,17,29]
cAPG9sHDK-7pQpNCXO_U3Q,33.561782550000004,-111.98860345,11,[33.5061711,-112.0650359,33.617394,-111.912171],[363,1,32,90,7,292]
xAFb5XkuBWasutpmCh-uBQ,33.4939313,-111.9256266,1,[33.4939313,-111.9256266,33.4939313,-111.9256266],[185,11]
RDLm_FiTm5mp79Zee2cEWg,33.52278595,-112.0215303,51,[33.421657,-112.1175302,33.6239149,-111.9255304],[28,17,29,43,11,26,41,48,224]
SiGjiGeizXBsZxkfq2ufgw,33.294565899999995,-111.8938057,173,[33.2868856,-111.897967,33.3022462,-111.8896444],[28,17,29,98,7,201,11]
SgfeYSqEBUDYtZk1L1lJ7A,33.5024095,-111.9955012,4,[33.5024095,-111.9955012,33.5024095,-111.9955012],[7,8,119,11]
DqzHfR5QG7nQZDDw_T0afg,33.3794103,-111.941519,1,[33.3794103,-111.941519,33.3794103,-111.941519],[7,139]
9-ERSaoWmopsfHSSc2vUng,33.58395645,-111.9840728,17,[33.492914,-112.0403946,33.6749989,-111.927751],[224,11,38,99,39,40,48,63,27,182,140]
I3ZBNZmEiS9FtGXzkzYRTw,33.5819965,-112.03593624999999,7,[33.5237453,-112.0921566,33.6402477,-111.9797159],[26,11,38,48,39,126,97,123,65]
aceIN7GmaXkFgi5J2-1KqQ,33.4571599,-112.0699779,2,[33.4571599,-112.0699779,33.4571599,-112.0699779],[38,48,39,11]
PEPCle-id29Rf9YOg6K6zA,33.5324161,-112.2634935,20,[33.5324161,-112.2634935,33.5324161,-112.2634935],[28,17,29]
hjJPKQ1Ah91h3fVbc8GsOg,33.5066635,-112.0512025,200,[33.334712,-112.231662,33.678615,-111.870743],[43,11,119,27,177,140,309,285,109,38,39,440,251,210,212,49,445,66,52,44,296,8,26,7,138,139,33,224,126,97,10,24,88,89,117,99,265,48,141,345,6,142,189,333,172,200,161,65,231,233,40,108,292,98,206,162,169,63,120,214,168,41,430,307,149]
xCY9C6KN9xTDzKrow9iivQ,33.50060225,-111.9954462,40,[33.303233,-112.2339614,33.6979715,-111.756931],[24,11,38,99,88,39,128,27,293,273,7,108,36,17,18,26,101,8,119,175,129,79,57,145,33,120,25,6,117,298,48,47,185,28,442,241,215,32,71,72]
rIfvWHPWusWqff32L2D1BA,33.369127399999996,-111.8587898,5,[33.249971,-112.0832336,33.4882838,-111.634346],[26,11]
CiUu3NJLYbqVBaf50Ot7fQ,33.3354991,-111.8456254,4,[33.3354991,-111.8456254,33.3354991,-111.8456254],[202,72]
5G-6WKQ7VHcLsvRt6kqKvQ,33.4664375,-112.00578150000001,21,[33.42135,-112.086757,33.511525,-111.924806],[7,108,177,140,11,126,97,38,39,40,251,24,119,88,298,168,181,229,12,61,13,6,114]
b8r3V9zVqDoV0yoSmpsWcQ,33.4936561584473,-112.003387451172,1,[33.4936561584473,-112.003387451172,33.4936561584473,-112.003387451172],[63,38,99,39,11]
LQ3OgK-ReUB4M0v8lBsDiA,33.4068678781702,-111.90923407257799,3,[33.4065733395384,-111.91035657289,33.407162416802,-111.908111572266],[404,451,11,63,48,140]
jQ9y_kfq6SLwLPrLIpcjdg,33.5011424,-111.9213147,2,[33.5011424,-111.9213147,33.5011424,-111.9213147],[28,17,18,29]
g34pTw9ytV9Pfzb10iuYpA,33.37366325,-111.797496,2,[33.362894,-111.8052763,33.3844325,-111.7897157],[99,11,43]
xzBTlF5rpVpgrr2Z-6BL5w,33.3788924,-111.9287009,3,[33.3788924,-111.9287009,33.3788924,-111.9287009],[192,140,11]
UdffjPCujj5FlYiKpd5OVQ,33.64165633734185,-112.06988469999999,43,[33.409766,-112.2354666,33.8735466746837,-111.9043028],[7,108,139,375,11,63,99,126,38,168,298,88,39,97,89,322,57,145,373,26,224,109,27,205,48,179,65,64,119,177,140]
7PtOFKEOpF3pif2jEhIgdg,33.457788,-112.067113,44,[33.457788,-112.067113,33.457788,-112.067113],[7,108,186,6,57]
oANURgQbe5eUVW0WmEvTgA,33.411812,-111.8979335,2,[33.411812,-111.8979335,33.411812,-111.8979335],[49,59]
KMV4ivIRGvA3XX1ct6SEWQ,33.5989766,-111.9058774,12,[33.499318,-111.9325368,33.6986352,-111.879218],[33,48,307,11,7,36,142,108,39,38,26,127,212,43,119]
Iht699SB0waStgW4XNscgA,33.421453,-111.950563,1,[33.421453,-111.950563,33.421453,-111.950563],[224,11]
VAL9rVQ1VDPMHn9r3Ni_Dw,33.6290819,-112.238107,3,[33.6290819,-112.238107,33.6290819,-112.238107],[38,128,39]
mt3yjgHWkrUmijiLf9VFPA,33.4504828,-112.0739897,200,[33.4504828,-112.0739897,33.4504828,-112.0739897],[28,17,29]
xbDDh0KyxChWsStx6vF_mg,33.479852,-111.994039,79,[33.479852,-111.994039,33.479852,-111.994039],[7,194,239,11]
rK3e_J8VcBtrvo75aOCpSQ,33.50507415,-111.92667535,42,[33.4219869,-112.015464,33.5881614,-111.8378867],[33,11,27,63,43,99,126,26,382]
LtopWis2z8JuYTcrRBaJQA,33.382544800000005,-111.9361572,7,[33.2997534,-112.0827836,33.4653362,-111.7895308],[168,42,43,11,149,126,84,38,39,40,185,7,108,48,142]
70417anZdxirzFr2ligNIg,33.3490228,-111.9638547,27,[33.3490228,-111.9638547,33.3490228,-111.9638547],[98,7,99,11]
W7GfcvvsoEt0p8z13PFNvg,33.5382657,-111.90874105,27,[33.4930514,-111.9339561,33.58348,-111.883526],[7,142,28,17,29]
7LZqJWXm4lEkSh112v79vg,33.252671,-112.0386192,196,[32.8801628,-112.3942851,33.6251792,-111.6829533],[99,11,7,108,142,44,57,56,17,18,28,29,48]
AFdwBeppnL3FfPngaA6daQ,33.450047,-112.075677,3,[33.450047,-112.075677,33.450047,-112.075677],[54,55,122,256]
D8Uf7blD-hozwcTCDAk1bA,33.4056433,-111.95721645,10,[33.302011,-112.0718179,33.5092756,-111.842615],[38,48,39,11,109]
o0ySH_VY9rZSSK07nU_JBw,33.6101518,-111.9768512,6,[33.6101518,-111.9768512,33.6101518,-111.9768512],[49,193,59]
Wlc7hoOtf-4WcqjZOVUc4g,33.4948142,-112.0536454,12,[33.4948142,-112.0536454,33.4948142,-112.0536454],[430,11]
IF7pWyYeyeggALiIgTiCqg,33.5102068,-112.0272041,1,[33.5102068,-112.0272041,33.5102068,-112.0272041],[48,11]
794uvGcTXshNY7H-ooq72A,33.413158,-111.875779,7,[33.413158,-111.875779,33.413158,-111.875779],[251,11]
qb5FZX305GeqE2tDQuq_UQ,33.514027,-111.92487,106,[33.514027,-111.92487,33.514027,-111.92487],[28,17,29]
TGshYoQzDaMF4ZI049jyqw,33.3586583,-112.10793185,2,[33.2796055,-112.4268472,33.4377111,-111.7890165],[78,79,126,11]
IdMAW_bpsU8ESGzj_BJKFg,33.5127699,-112.0740123,17,[33.5127699,-112.0740123,33.5127699,-112.0740123],[109,38,11,39,63]
VjbY_Oo3FUhKA7KhFVEmeg,33.4942939,-111.925316,1,[33.4942939,-111.925316,33.4942939,-111.925316],[26,11]
Tb9HLnOt5oHdfP2mgYajpg,33.5131255,-112.07457415,3,[33.509038,-112.082103,33.517213,-112.0670453],[6,70,26,11]
-iEO1kEfRGS3rsR54-6eUw,33.5970353,-112.0801625,3,[33.4787943,-112.1125165,33.7152763,-112.0478085],[33,99,117,11,26]
tSt7tkKkHprfLSrL3a6wsQ,33.38565875,-112.03842575,3,[33.3156591,-112.0719926,33.4556584,-112.0048589],[38,181,39,40,11,382]
xiGTueLkpV2R11rCnIoZ_g,33.5302696775354,-111.926350593567,113,[33.5302696775354,-111.926350593567,33.5302696775354,-111.926350593567],[109,38,265,39,11]
HZNSCq3q00pFsRiNewMnbg,33.45146075,-112.5173262,2,[33.4393455,-112.5564814,33.463576,-112.478171],[26,11,72,154]
OOsLCn4tSQbhRsxTHE85IQ,33.4527955,-112.0693177,2,[33.4527955,-112.0693177,33.4527955,-112.0693177],[38,99,128,39,296,11]
EyN9d0gZnQhkM6iX9XM65Q,33.4888414,-112.0054355,1,[33.4888414,-112.0054355,33.4888414,-112.0054355],[84,32,336,318]
1rtOtkg3bDz-W5Bwk6AKSQ,33.422955,-111.7736106,2,[33.422955,-111.7736106,33.422955,-111.7736106],[96,72]
mbRUG6h0Mgb2XIJvscIoMg,33.3784739,-111.8801518231295,32,[33.2181007,-112.0739142,33.5388471,-111.686389446259],[134,135,43,11,44,127,48,7,108,119,99,63,27,33,137,6,139,168,181,229,26]
CPbT7oLbZxz76O8CtDP7VQ,33.4566960573784,-112.072327136993,2,[33.4566960573784,-112.072327136993,33.4566960573784,-112.072327136993],[119,11]
jlno9G724cao7cn2PYabCg,33.444801984944,-112.07211772211,3,[33.444801984944,-112.07211772211,33.444801984944,-112.07211772211],[38,99,39,128,185,11]
W5CSxLcbSf87dqT8_6IZ_A,33.325223203793,-111.76188562548501,20,[33.220784807586,-111.9405001,33.4296616,-111.58327115097],[27,11,7,162,49,52,190,28,140,32,95,222,24,99,44]
tgKy3r3vI7xMO8ZPh86M3Q,33.542193,-111.925634,22,[33.542193,-111.925634,33.542193,-111.925634],[265,126,97,11]
HrOZqk-vpswhqGLjmGIXPA,33.58348,-111.883526,18,[33.58348,-111.883526,33.58348,-111.883526],[7,142]
kffxYQVQsEpF1DVlQlcGCg,33.4449681,-112.0272513595,200,[33.2500293,-112.2619703,33.6399069,-111.792532419],[99,11,119,93,3,6,45,333,130,32,302,110,1,141,43,30,13,7,137,8,139,168,84,124,162,26,36,28,240,241,127,38,39,48,63,72,154,61,41,400,12,118,46,169,265,98,108,292,224,182,57,306,236,103,27,298,35,208,264,33,117,14,15,434,4,128,125,296,170,24,202,281,25,148,274,114,204,65,129,121,79]
ke0xV3gcdgkoqKeybhQJJA,33.44406185,-111.9341823,7,[33.3928607,-111.941266,33.495263,-111.9270986],[64,123,65,24,11,10,63,26]
MeZPDemIzv1u0tN0tEC7Yw,33.4329936,-111.97214084999999,15,[33.413158,-112.0685027,33.4528292,-111.875779],[251,11,244,117,214]
MwAM4Nhmm_U827ijnGugLQ,33.4946145,-112.03104,27,[33.334712,-112.18729,33.654517,-111.87479],[7,139,416,251,11,48,214,239,97,10,24,63,98,17,62,26,224,404,292,99,44,126,232]
iR1pShxMP5Aiwo1DZzGJlg,33.4959682511645,-111.95421953103,200,[33.3852846,-112.065458,33.606651902329,-111.84298106206],[46,102,6,103,161,28,65,17,29,27,11,38,48,39,40,322,57,190,168,99]
Z1ytZP0PB0AjLUdBczAcDA,33.5217334,-112.0648454,1,[33.5217334,-112.0648454,33.5217334,-112.0648454],[38,143,39]
8E1FnftNnCgvu2wuZADX6A,33.36989560000001,-111.8053528,26,[33.265725,-111.9270986,33.4740662,-111.683607],[7,47,48,27,11,10,24,63,33,99]
LLuIG8RgsdU5NMS3KGYkQQ,33.43629125,-111.876392,54,[33.37766,-111.964558,33.4949225,-111.788226],[33,11,49,387,30,8,13,6,7,110,57,99,91,168,182,48,140,39,38,126,97,15,25,26,251,129,175,332,79,121,421,65]
66c-kFzgT03rnKQQ1kD3aw,33.4150496,-111.8328578,1,[33.4150496,-111.8328578,33.4150496,-111.8328578],[84,86]
pbm5SzYPHJSYrBFG5w4WcA,33.640162,-111.961383,1,[33.640162,-111.961383,33.640162,-111.961383],[129,78,278,79]
iuVSyQU5bRmWuRLjTQZx6w,33.480061,-111.931221,9,[33.480061,-111.931221,33.480061,-111.931221],[83,6]
DcgqbeII37FvqcsOFFxGEQ,33.616704049999996,-112.2360199,3,[33.5515097,-112.2691041,33.6818984,-112.2029357],[109,38,265,39,11,63,27]
kemtiwLut4qMqSZNXax_Gw,33.58587865,-112.13652339999999,7,[33.5092898,-112.2365732,33.6624675,-112.0364736],[169,11,265,126,49,193,59]
Qw14BRyEPKeoKv3tJYsPcw,33.449858,-112.071886,30,[33.449858,-112.071886,33.449858,-112.071886],[28,17,18,29]
8UJToTOiIvUyWQvCTDWDnA,33.333182,-111.983142,1,[33.333182,-111.983142,33.333182,-111.983142],[43,11]
7wpEZGZcg8O2cToPbPgCDg,33.4926382,-111.926313,16,[33.4926382,-111.926313,33.4926382,-111.926313],[11,63]
Snr-iImWYYD_a_7Iar3E0w,33.25449533519935,-111.98698993173551,21,[33.0243086703987,-112.075116563471,33.484682,-111.8988633],[57,48,38,39,40,69,11,24,119,126,97,99,101,26,7,194,96,72,49,80,59]
gtPtqqaEAZGgutUuaM5MZQ,33.55396525,-112.20287275000001,3,[33.4691316,-112.3582339,33.6387989,-112.0475116],[26,11,7,142]
02mA_muC-5A_Oe_tv8tg0g,33.313055750000004,-111.7436641,56,[33.0359595,-112.0999122,33.590152,-111.387416],[7,292,24,11,185,27,38,47,39,48,128,10,49,158,178,28,88,298,43,26,119,101,33,212,99,57,145,296,74,62,17,168,309,285,63,177,109,265,44]
Q9rUbA5uRXJx_nv6XuaxJA,33.30617,-111.9747,200,[33.30617,-111.9747,33.30617,-111.9747],[119,11]
JfnlQVCV6GOe59N7eODNhg,33.4952045,-112.0142961,50,[33.4952045,-112.0142961,33.4952045,-112.0142961],[98,7,119,24,11]
mAxN4ZBtIAmoCDFMmFnpog,33.4602475,-111.9969881,143,[33.4596905,-112.0462108,33.4608045,-111.9477654],[7,98,8,10,11,57,470,145,39]
j_bEYlhi2mA1oLr76G4iEg,33.5033716,-111.9256326,1,[33.5033716,-111.9256326,33.5033716,-111.9256326],[7,142]
i9gB_ZUD2KD97J3Ggybq1w,33.969076,-112.730548,4,[33.969076,-112.730548,33.969076,-112.730548],[39,24,11]
_JyHdZJi09UkCEItygZAhQ,33.5384203,-112.1839297,9,[33.5384203,-112.1839297,33.5384203,-112.1839297],[11,27,63]
QlyYyQ-QRrdbHapvj3_PsA,33.415168622397005,-111.9030054573975,5,[33.321061644794,-112.082092,33.5092756,-111.723918914795],[24,11,48,99,168,181,229,26]
z_SAA_fwDUVj307ftcz9Og,33.40030285,-111.99025555,25,[33.378801,-112.070599,33.4218047,-111.9099121],[404,451,11,109,38,48,39,224,26,33,119,99,7,162,108]
wysB0lvlJuSBwUAerJqjJQ,33.56122555,-112.10618550000001,13,[33.423991,-112.287647,33.6984601,-111.924724],[212,11,99,168,63,65,133,177,140,41,27]
S-SfTvefYbFzFkJj8ojqrw,33.6350382,-112.2339614,2,[33.6350382,-112.2339614,33.6350382,-112.2339614],[38,128,39]
VEdcTzqiUHchOmhPhtFEsA,33.4358405,-111.95467,22,[33.4358405,-111.95467,33.4358405,-111.95467],[49]
ve0IVzmdCnqeOOc9qJUXEA,33.4657898,-112.0323598,2,[33.4657898,-112.0323598,33.4657898,-112.0323598],[26,11]
eZ0_CXJf-CswHwWTASh4ww,33.3192686114948,-111.981797218323,4,[33.3192686114948,-111.981797218323,33.3192686114948,-111.981797218323],[99,11]
SEbVEWC0a1OUd9cLePJq1g,33.4930514,-111.9339561,4,[33.4930514,-111.9339561,33.4930514,-111.9339561],[28,17,29]
W8VwhClze3DcqcZ3QkWuAA,33.3701832,-111.91860365,5,[33.3629645,-111.9285863,33.3774019,-111.908621],[7,108]
N15OI5uyw6-u-SeUQKdvKg,33.61464505,-112.03879115000001,6,[33.5542912,-112.0999796,33.6749989,-111.9776027],[15,25,6,26,11,149,97,43,126]
Wmghn03fVQdtN3ad8G0sAQ,33.6336225,-111.9700285,200,[33.43475,-112.00644,33.832495,-111.933617],[28,170,35,6,77,70,17,29,26,11]
h98aZu78BmdmvPF8_uMzbA,33.5533766,-111.8916321,200,[33.5533766,-111.8916321,33.5533766,-111.8916321],[57,327]
8iOMaPj3hBvSqlEx4PH9Gw,33.4741375,-112.0649666,7,[33.4741375,-112.0649666,33.4741375,-112.0649666],[7,108]
HNrAIBVWp78NEFlShm15jA,33.390792,-112.012504,12,[33.390792,-112.012504,33.390792,-112.012504],[119,11]
SbyiNSwLllJuZNQF4CI0jA,33.5336234,-111.9652641,38,[33.5336234,-111.9652641,33.5336234,-111.9652641],[161,28,65,17,29]
2CTCrl-YdeT-4LekCsJSLg,33.436695400000005,-111.9551451,48,[33.4219869,-111.973603,33.4514039,-111.9366872],[109,38,27,39,11,33,48,185,127]
3irKBE-Vjo7b7Ngk4zN0vA,33.534699,-111.87486799999999,200,[33.43645,-112.031266,33.632948,-111.71847],[99,24,11,39,38,26,128]
_h3SDuM1alRsepLk63KxhQ,33.6384066,-112.3625742,2,[33.6384066,-112.3625742,33.6384066,-112.3625742],[168,11,63]
6ZihDtzHna8KhFzCRE8rHA,33.40278155,-111.920113738875,3,[33.2818543,-112.1525613,33.5237088,-111.68766617775],[7,194,26,11,127]
fbzvWrI2sRGeOVxQ6w8zrw,33.55601205,-112.12599850000001,4,[33.4495566,-112.18689,33.6624675,-112.065107],[7,108,17,62,48,11,224]
POUqqARfw457092org1jdg,33.531850399999996,-112.03470935,9,[33.422728,-112.1179247,33.6409728,-111.951494],[11,27,63,57,69,6,250,88,38,39,89]
2b3UpuhcVS67ITDgezThpg,33.4566960573784,-112.072327136993,91,[33.4566960573784,-112.072327136993,33.4566960573784,-112.072327136993],[119,11]
l28hwjLVou884C865cs0xg,33.6387323,-112.1967999,1,[33.6387323,-112.1967999,33.6387323,-112.1967999],[71,72]
7pCE0FpuFWtC8o9oDBr-JQ,33.458256,-111.907685,1,[33.458256,-111.907685,33.458256,-111.907685],[251,43,11]
q8SHQQuNO0CzS1dxsnGVVQ,33.492985,-112.286067,1,[33.492985,-112.286067,33.492985,-112.286067],[181,11]
mB7L3nG3-sls1j8-yMz51A,33.435892800000005,-111.9830027,2,[33.423425,-111.9866864,33.4483606,-111.979319],[28,17,29]
PVbWbeu5tU77hPpYUu_Cdw,33.4512855,-111.8383056,5,[33.4512855,-111.8383056,33.4512855,-111.8383056],[224,11]
pB6-p_DMF0vLzLkHnO9MeQ,33.4488855,-112.03549964999999,79,[33.271662,-112.2619703,33.626109,-111.809029],[7,108,119,120,11,96,72,4,6,13,5,425,160,99,265,168,57,146,91,51,49,312,33,43,48,345,35,84,346,264,8,185,15,191,27,142,26,309,285,162,71,184,297,44,98,10,9,434,103,127,41,24,39,38,128,88,47,63]
4211Rm1nTh1vLw8xJcHO3w,33.6460579,-111.896468,24,[33.6460579,-111.896468,33.6460579,-111.896468],[28,17,18,29]
mn1b0etxed5ZBMSWMwwDiw,33.6405893,-112.0474847,1,[33.6405893,-112.0474847,33.6405893,-112.0474847],[63,27,11]
-T9QCgvsmLhO7Y6_yFUcyQ,33.528873399999995,-111.97834545,23,[33.5090018,-112.0409994,33.548745,-111.9156915],[158,28,13,6,115,372]
WsJo2lfomyGzgIFmVtFgiw,33.454454999999996,-111.9429142,35,[33.392446,-112.0962274,33.516464,-111.789601],[7,108,11,24,63,119,12,114,13,6,212,27,109,38,39,48,65,133,187,10,139,251,99,64,284,35,182,140,225,250,40,43]
XSlG_o1Sslj8VflRPnXQbg,33.4948853,-112.0455993,6,[33.4948853,-112.0455993,33.4948853,-112.0455993],[185,11]
1au5K95-w3ivhQeKK4m4xA,33.590788,-111.786678,4,[33.590788,-111.786678,33.590788,-111.786678],[129,278,79]
ShpgYKL9_M8Jjom0RhEthw,33.3847552,-112.0129013,17,[33.3847552,-112.0129013,33.3847552,-112.0129013],[49,158,178,28]
mKBLfyS9V_T4zTQvt0yF4g,33.426499,-111.89237,4,[33.426499,-111.89237,33.426499,-111.89237],[79,121]
IgN5D9R48UyHUGQmYODz8Q,33.756627550000005,-112.0404524,10,[33.639676,-112.1464018,33.8735791,-111.934503],[99,11,49,80,82,59,38,128,39,52,447,33,44]
ArvjnHPJyq4WQT1f5fH6OQ,33.52387755,-111.987571282814,18,[33.407724,-112.070196,33.6400311,-111.904946565628],[27,11,12,13,6,22,104,161,195,65,26,251,7,292,108,229,61,114,24]
U0FGGImk_WXy4WBj2w3BMQ,33.48744705,-111.9700353,4,[33.465448,-112.0403946,33.5094461,-111.899676],[38,11,109,39,27,63,308,54,242,238]
ZrlBu5JFVrOvxAEsstbUpw,33.5980404,-111.9790497,3,[33.5980404,-111.9790497,33.5980404,-111.9790497],[78,79]
lv5jHtbwcU_tTw_xQuFr9g,33.48936965,-112.02123165,40,[33.390792,-112.1164668,33.5879473,-111.9259965],[119,11,7,142,26,309,285,168,169]
4umXLvClyQGohZWrSAZN5g,33.6404484,-112.0677151,1,[33.6404484,-112.0677151,33.6404484,-112.0677151],[27,11]
CTdzwJQITsoxZAfdDtl8uA,33.5385959,-111.8656895,2,[33.5385959,-111.8656895,33.5385959,-111.8656895],[7,36,38,39,40]
