kxq1We_QRY51Bej3R1d3kw,33.5384203,-112.1839297,3,[33.5384203,-112.1839297,33.5384203,-112.1839297],[11,27,63]
NuHrQCj_5nurPK78fGibzQ,33.4629129,-111.79544355,6,[33.415619,-112.0272041,33.5102068,-111.563683],[24,11,48]
kmdJnmlzONsjinpOYQdn_g,33.36512875,-111.92257175,200,[33.319395,-111.9701785,33.4108625,-111.874965],[182,48,140,11,28,17,29]
UJ2ScpXCOi2e_L4Jwk-sFw,33.6400079,-112.0872865,3,[33.6400079,-112.0872865,33.6400079,-112.0872865],[26,11]
WWkhTfEgbLtDA2Jo4iq8Jw,33.491622899999996,-112.0261558,3,[33.4219869,-112.1156244,33.5612589,-111.9366872],[137,7,6,139,48,185,11,33]
xt0curVMf2XDyBdag9fncw,33.470671,-112.356892,4,[33.470671,-112.356892,33.470671,-112.356892],[49,178]
-VVoGOKnbRqyShLxgEkyeg,33.455863,-112.072167,14,[33.455863,-112.072167,33.455863,-112.072167],[212,11]
oAmkVVyVSYDmmmiYjigmGA,33.4375188,-111.93574695000001,5,[33.362719,-111.995355,33.5123186,-111.8761389],[119,99,11,38,7,57,18,109,209,17,39,89,32,95,222]
o2YbLRVS8ZIXvpUi2uKHQg,33.585505049999995,-112.05674145,5,[33.5005719,-112.1879299,33.6704382,-111.925553],[7,108]
R3R3D_0b7gvHafHu7ezgMQ,33.41014425,-112.054889,10,[33.2809096,-112.183341,33.5393789,-111.926437],[309,285,11,265,483,63,27,99,26,44]
nEJczGV0x9wfoDf32Zz_mw,33.46321155,-111.774112510414,9,[33.25539,-111.928035020828,33.6710331,-111.62019],[126,11,99,265,101,38,39,62,26,17,168,119,48]
wiWx-KMvOMMO3xHEgroPuA,33.502127900000005,-111.9708195,4,[33.4942423,-112.0151918,33.5100135,-111.9264472],[65,133,177,48,11,352,39,119,38]
Js7gkU90jhEGCZZ80W7u0g,33.511132,-112.02476,1,[33.511132,-112.02476,33.511132,-112.02476],[28,17,29]
kpAfpjz_1sGfYCpUrzyFAA,33.514683250000004,-111.99740195000001,18,[33.421657,-112.0662499,33.6077095,-111.928554],[97,11,48,26,224]
YfCbZF27kndPKl7Px9lefw,33.4513205,-111.9749295478335,9,[33.319377,-112.0257401,33.583264,-111.924118995667],[126,11,212,229,48,109,38,39,119,99,7,142]
Sq_b-nbG_tOCJ9FwRzZcaA,33.56693975,-111.9911602,4,[33.4945375,-112.0575964,33.639342,-111.924724],[112,6,254,99,11]
11BzHliTQ6F9LhsRY8qu2Q,33.6455682097528,-111.917118430138,1,[33.6455682097528,-111.917118430138,33.6455682097528,-111.917118430138],[28,158,17,29]
5OuCwvxH_Q-jQwaaWXMSbQ,33.4571501,-112.3957085,5,[33.4571501,-112.3957085,33.4571501,-112.3957085],[7,108,482]
pXoRuf6JAOAwiXudCm7xOw,33.53005695,-112.00051909999999,8,[33.4219869,-112.064351,33.638127,-111.9366872],[33,11,202,72,7,142]
YgAUaSZtNPTU_CORwGzX2Q,33.3019012,-111.7430967,3,[33.3019012,-111.7430967,33.3019012,-111.7430967],[99,265,185,11]
9tBISTPcwcrZE_VtSeKRnQ,33.3051122,-111.99506,3,[33.3051122,-111.99506,33.3051122,-111.99506],[7,108,119,172,11]
WG5fVoXA1HgEJBXVnbEvzQ,33.349683999999996,-111.9658278,6,[33.305824,-112.004102,33.393544,-111.9275536],[98,7,108,292,194,24,11,43,97]
IcAcruWAz0bNIy8Jp-8vHA,33.511391,-112.069119,10,[33.511391,-112.069119,33.511391,-112.069119],[119,24,11]
rXNARbys0VbFrD2KB8QdUQ,33.3568050394845,-111.92302918936,2,[33.335548,-111.93822637872,33.378062078969,-111.907832],[7,108]
1Bpx5u0HFMbT9xWNdXR7OA,33.4862787,-111.9102055,4,[33.4862787,-111.9102055,33.4862787,-111.9102055],[11,27,63]
H2gmh4WihUURIFpzGeAwJA,33.4924921692857,-111.9249317121275,10,[33.4787939,-111.926436424255,33.5061904385714,-111.923427],[26,11,48,309,119,285]
RdZwXJY6IlCcnLdJPH25yQ,33.6273483,-112.060721,7,[33.4548476,-112.126087,33.799849,-111.995355],[119,99,11,48,63,27,24,64,65]
QncifyNkW8krA_X1Ms979A,33.57687645,-112.1144235,124,[33.4537199,-112.340385,33.700033,-111.888462],[99,11,322,57,7,138,48,139,201,218]
_9rRTBV6I_ibRi6ZPVHaGg,33.414851,-111.9258567,1,[33.414851,-111.9258567,33.414851,-111.9258567],[27,11]
A-LgzyqlBw1XRJGuR6XhfA,33.5127699,-112.0740123,1,[33.5127699,-112.0740123,33.5127699,-112.0740123],[109,38,11,39,63]
tyqLunNPIGLJF-nuqFsMig,33.5090018,-112.0409994,1,[33.5090018,-112.0409994,33.5090018,-112.0409994],[13,6,115,372]
s6QEZxEYxECGtc8EHChosw,33.2614572,-111.8830248,1,[33.2614572,-111.8830248,33.2614572,-111.8830248],[48,11]
HgxsqL3FXpHlE3ZNiTw9iw,33.45771635,-111.90528275,2,[33.429154,-111.9102055,33.4862787,-111.90036],[177,11,38,109,39,27,63]
9UxkYlsD0cnziYN--O8xug,33.350240822397,-111.7637594573975,13,[33.321061644794,-111.8036,33.37942,-111.723918914795],[7,142,63,27,11,474,99]
E_PnFVd5jl0z3yqhqsxurQ,33.3753962,-111.92734945000001,9,[33.3021074,-112.012634,33.448685,-111.8420649],[260,265,11,168,144,32,95,222,224]
tF32enqkZPFExkMEOKXWxQ,33.5291977,-112.04329659999999,2,[33.4460879,-112.0741278,33.6123075,-112.0124654],[43,11,57,39,145]
oCK3ofbECObKaL-s8Mgppg,33.328634449999996,-112.0021871,6,[33.2664769,-112.012504,33.390792,-111.9918702],[48,11,109,38,39]
W6bZ7y0X5T9H06BnfPCMeA,33.67494895,-112.2011436,8,[33.6389129,-112.2222212,33.710985,-112.180066],[30,13,6,10,44,24,11,168,63,7,108,57,338,382,206]
J-D7Pj0UTq_M9LIdy8ZA1g,33.497828,-111.927267,25,[33.497828,-111.927267,33.497828,-111.927267],[352,48,11]
vwL7aDQ4GdkGT-bVwb8AOA,33.6078721,-112.060795,6,[33.58348,-112.238064,33.6322642,-111.883526],[265,11,39,221,38,40,43]
0pTAJiE4fMb_nHWSlTfpxw,33.31245105,-111.9228548,23,[33.304775,-111.947948,33.3201271,-111.8977616],[33,11,99]
t5I8NAcZlcd9vjbNuo9CwQ,33.37831,-111.861418,1,[33.37831,-111.861418,33.37831,-111.861418],[224,11]
LFfaQ3wsjSE0iFG9QR9AbA,33.532313,-112.265074,24,[33.532313,-112.265074,33.532313,-112.265074],[28,17,29]
ancJsdAlQr8soGhnbY6enw,33.47272975,-112.02573465,21,[33.4377465,-112.040047,33.507713,-112.0114223],[26,11,33,99]
02q1ErfDu9toKO4iNQyhSA,33.5310508,-111.9985193,4,[33.4223387,-112.0718046,33.6397629,-111.925234],[7,194,39,439]
rYH9_o2J2Y4DzvZYzE7qag,33.5470237,-112.0646361,20,[33.5093547,-112.1161565,33.5846927,-112.0131157],[48,185,11,26,33,44,27,61,13,6,41,43]
tR_YeJfx8mvBBbCzPvwXbg,33.4930514,-111.9339561,10,[33.4930514,-111.9339561,33.4930514,-111.9339561],[28,17,29]
a4LJJU26cSE7k12-0sEw0Q,33.49937105,-111.96726770000001,87,[33.3201271,-112.1113493,33.678615,-111.8231861],[140,11,49,39,341,168,144,7,142,109,38,48,97,98,10,9,26,185,27,251,88,89,44,24,43,47,245,181,40,99,33,128,177,212,63,8,192,265,182]
kkUvJK-Y-Jb7nWjnTRZFVA,33.49173035,-111.97521825000001,25,[33.3056067,-112.0474748,33.677854,-111.9029617],[11,27,63,33,10,24,65,133,192,168,26,7,455,139,49,50,52]
KJ46NF0zN0lMDg6fhWrPdA,33.486240499999994,-112.04833769999999,10,[33.377663,-112.1706789,33.594818,-111.9259965],[126,11,7,142,63,27,24,43,99,26]
y_4fkKrq-ku4NiqcsRlCYg,33.421114,-111.9435965,63,[33.420571,-111.944749,33.421657,-111.942444],[38,168,298,88,39,11,224]
XC1GQ-FVDDN-gpfLWnoYKA,33.4217279,-111.9475238,73,[33.4217279,-111.9475238,33.4217279,-111.9475238],[13,6]
VmaBnW6X6ydBkxhwmypiwA,33.509266499999995,-111.9584749,7,[33.4787939,-112.0272041,33.5397391,-111.8897457],[39,38,99,128,11,26,202,72,251]
Y1yGvKaf3XzQ-oLu-J4-3Q,33.4800882,-111.92161250000001,57,[33.304492,-111.969588,33.6556844,-111.873637],[212,26,43,11,421,65,7,142,27,99,32,95,222,192]
bnYQDSdHbIo4-pv1ZayL7A,33.395899799999995,-111.85834655,3,[33.369872,-111.9273071,33.4219276,-111.789386],[224,11,26]
dcYvWgQHGbqEDL_JYPUPoQ,33.646283,-111.908385,14,[33.646283,-111.908385,33.646283,-111.908385],[28,17,29]
fYuX1PTENpzA7uMyFQzOsA,33.5539856,-112.1053943,200,[33.4366655,-112.2704632,33.6713057,-111.9403254],[68,366,99,44,11,38,140,39,40,48,33,6,200,114,13,10,98,7,119,30,12,115,265,26,292,36,8,57,145,205,116,62,17,113]
UVoSfhyrM2ZOoPBlAkM7Jw,33.5397391,-111.8897457,2,[33.5397391,-111.8897457,33.5397391,-111.8897457],[202,72]
4qIvv_rXxcVm_x-HoBfQ-Q,33.5808348,-111.9268582,3,[33.5808348,-111.9268582,33.5808348,-111.9268582],[33,48,307,11]
U17WgOK0pM1W_9A64GwQwg,33.4075588,-111.9169676,2,[33.4075588,-111.9169676,33.4075588,-111.9169676],[38,99,39,11]
1CUOw9HQDFZ5C98_-H1J1Q,33.5097979,-112.0119734,200,[33.5097979,-112.0119734,33.5097979,-112.0119734],[11,63]
fIQ_z1KTqsDHAWyW089p2Q,33.45052145,-112.0693881,3,[33.449233,-112.0733182,33.4518099,-112.065458],[27,11,28,17,18,29]
6HuuRRDab78C32H2pbpQPg,33.481049,-111.958129,9,[33.481049,-111.958129,33.481049,-111.958129],[49,178,17,18,11]
RVOYbtw3h7JVapwEeunt5g,33.43475,-112.00644,18,[33.43475,-112.00644,33.43475,-112.00644],[28,170]
s0X5t5QI3MmEMvUCzJ6D2Q,33.844328,-112.133957,1,[33.844328,-112.133957,33.844328,-112.133957],[26,11]
ZTVTkM2eK3GVKrCduRqUYQ,33.439876804135295,-112.0054066447295,13,[33.4214126082706,-112.067833,33.458341,-111.942980289459],[7,108,119,11]
2t12l9x1fHNUJxdO8zM5CQ,33.6387798,-112.1672471,2,[33.6387798,-112.1672471,33.6387798,-112.1672471],[7,33,142,120,11]
IQQFUtYwV6bxTHjYcH8BYg,33.458256,-111.907685,86,[33.458256,-111.907685,33.458256,-111.907685],[251,43,11]
DnH3Ua-Y9lnHSda65dGEDw,33.47718945,-111.95905350000001,29,[33.383812,-112.031501,33.5705669,-111.886606],[126,97,11,28,17,29]
OCNZHxroF7_sdJy6gFis0g,33.4252175,-111.91202988031,11,[33.2664769,-112.0048589,33.5839581,-111.81920086062],[7,36,47,48,11,313,27,182,218,307,382,26]
PVTGxCqlyzfaU86rvn3SPg,33.5008219,-111.99169455,52,[33.4922985,-112.0588374,33.5093453,-111.9245517],[38,210,26,39,11]
QhE0eGapCPCoYewSbBL0dw,33.421303,-111.916969,1,[33.421303,-111.916969,33.421303,-111.916969],[373,97,11]
TgruzWBuq_Z-0_fUdkWqYg,33.492381,-111.9259469,3,[33.492381,-111.9259469,33.492381,-111.9259469],[265,48,11]
YxJAHGefGzzVUIvWSfv9Dg,33.38526273669435,-112.0466998083495,2,[33.377234,-112.047294616699,33.3932914733887,-112.046105],[181,11,65,133]
JJSoBLoqmvoGOwFT2xI8zA,33.6101788,-112.3591292,1,[33.6101788,-112.3591292,33.6101788,-112.3591292],[44,11]
bTTbF6aRwsQ0WIX_VE3daw,33.471017149999994,-111.9916919,29,[33.4329724,-112.079081,33.5090619,-111.9043028],[98,7,119,10,11,27,38,99,88,39,40,8,247,49,80,82,59,48,28,17,29,138,139,126,97]
ZwsI9yJbDQGWWVMDD4vM0Q,33.3861286,-111.9235247,2,[33.306501,-111.9718284,33.4657562,-111.875221],[219,218,41,11,251,43]
9QHi0ofDnhObYO_0eWqaWQ,33.61248125,-111.93310485,59,[33.6071829,-111.9403254,33.6177796,-111.9258843],[221,38,39,40,26,11]
yHhXlBAFVkS_LIl0HGG3YA,33.4846488,-111.924878,17,[33.4846488,-111.924878,33.4846488,-111.924878],[28,17,18,29]
6PtmDrgdUphJjOoaJWB8TQ,33.5746795,-111.99482705,7,[33.46488,-112.0738391,33.684479,-111.915815],[32,222,17,28,95,29,57,6,322,188,23,270,212,229,11,126,97,168,99,119]
gFHgjdzdjamBxmvTzir0Ow,33.49112,-112.079081,10,[33.49112,-112.079081,33.49112,-112.079081],[28,17,29]
J66rq-ipe3DWGAEnyM4CcQ,33.5686624,-112.09151134999999,200,[33.4977808,-112.168382,33.639544,-112.0146407],[88,7,38,47,39,27,307,11,33,49,52]
-DBw-PQjw3gYzcSsShVEog,33.6398085,-112.0959734,2,[33.6398085,-112.0959734,33.6398085,-112.0959734],[28,17,29]
l5qC_MYGPwNAbFGsnxDc9Q,33.49338200005375,-111.9248838978335,2,[33.4925020001075,-111.9256488,33.494262,-111.924118995667],[192,11,119,99]
tU4P8AhVFkNXAynZ51Uvvg,33.444801984944,-112.07211772211,4,[33.444801984944,-112.07211772211,33.444801984944,-112.07211772211],[38,99,39,128,185,11]
ud3r6NBFdvOuBIhSszczhw,33.637664,-112.221341,7,[33.637664,-112.221341,33.637664,-112.221341],[120,11]
BOl45bMhk7Vx-KOYaZWSGQ,33.44820325,-112.0696195,59,[33.4471735,-112.073781,33.449233,-112.065458],[48,11,27,63,38,99,128,39]
f8JZRZH80cqJZOC6bxS4EQ,33.5639342,-112.014211,9,[33.4148837,-112.1114555,33.7129847,-111.9169665],[373,97,11,27,192,7,292,142]
qJ0x8BAuWfOPlGWn8_giTA,33.4986308,-111.92479764999999,2,[33.498163,-111.9259123,33.4990986,-111.923683],[38,265,39,11,40,205]
8wy-PB1YevC4Rv6zwoUjaw,33.4165461,-111.836832,1,[33.4165461,-111.836832,33.4165461,-111.836832],[7,49,108,193,59]
yLLEAAzmbWi_Fl98CjXuhw,33.441975644078994,-112.02379831141499,115,[33.3702541,-112.07341192283,33.513697188158,-111.9741847],[48,11,265]
9_dy8otUq7XdZtbunMw8vw,33.382596,-112.117267,3,[33.382596,-112.117267,33.382596,-112.117267],[119,11]
Q77PB7dBeVgRB7TshYFEOQ,33.370349149999996,-111.90953400000001,2,[33.3633375,-111.9112218,33.3773608,-111.9078462],[8,7,138,218,139,11,43]
_Ebs69dhGNpbGpPsUySc0w,33.494205,-111.931447,3,[33.494205,-111.931447,33.494205,-111.931447],[48,11]
r1-hzzV2AVAYU8up_IPvmA,33.444012,-111.817136,5,[33.304861,-111.931007,33.583163,-111.703265],[38,128,39,251,40,11,63]
2QLDYCjsNG7q4LwLhcPx8A,33.701112,-111.924054,1,[33.701112,-111.924054,33.701112,-111.924054],[126,97,11]
lSX3o2UHStqNlC6wsvOkUw,33.581607835293454,-111.92584745862649,5,[33.5391796554639,-111.928024291992,33.624036015123,-111.923670625261],[98,7,206,11]
zqGATvI3UoOPOyXIfP6iZg,33.6128152,-112.0134719,3,[33.6128152,-112.0134719,33.6128152,-112.0134719],[49,20,23,415,59]
O2en8WjoTOwScSGWAk12Dw,33.4528292,-112.0685027,1,[33.4528292,-112.0685027,33.4528292,-112.0685027],[117,214,11]
-n5tKsLQ2sCBxB2URtHTPw,33.6288709,-111.886982,4,[33.6288709,-111.886982,33.6288709,-111.886982],[126,212,43,11]
FICyV-V3yaF72mUeywAR8w,33.4657059,-112.0106092,2,[33.4657059,-112.0106092,33.4657059,-112.0106092],[251,11]
w8sViP2o4YIK5-YEc75fzg,33.51703065,-112.03203769999999,9,[33.4953013,-112.063942,33.53876,-112.0001334],[126,43,11,212]
CkIcwmemysBATZaaSvVvAA,33.4346646089965,-111.994210481644,70,[33.4346646089965,-111.994210481644,33.4346646089965,-111.994210481644],[48,11]
k-gGGTHk6Lqurs0Wycw6Hw,33.589441550000004,-112.01386825,8,[33.5829091,-112.0144276,33.595974,-112.0133089],[49,146,17,18,61,13,6]
EtQsLrSaXqWZN8i8Y_zB-A,33.581867,-112.241596,1,[33.581867,-112.241596,33.581867,-112.241596],[0,1,2,3]
mwyFBIMKwLRx2gXR2KJUQg,33.585657,-111.884948,6,[33.585657,-111.884948,33.585657,-111.884948],[106,54,226]
SiYr2TarpYU55qddf14Guw,33.465566800000005,-111.96886565,5,[33.3488957,-112.0122745,33.5822379,-111.9254568],[7,36,168,126,97,11,48]
IzI6_sLKKqOTtIrHcH1ULw,33.5079117,-111.816789933354,6,[33.4335164,-111.907886266708,33.582307,-111.7256936],[155,54,49,50,52,43,11]
HdZXhF6_ocOwOSdHvB8H5g,33.4129494,-111.9878235,10,[33.2959935,-112.04921,33.5299053,-111.926437],[294,106,54,265,11,483,27]
hZqHDUy73XgD-K_ylCmXmA,33.4954022,-111.92582765,4,[33.4920804,-111.927511,33.498724,-111.9241443],[88,38,48,39,11,63]
QSM5yex2FD_RIVl1LljG7g,33.5061904385714,-111.926436424255,40,[33.5061904385714,-111.926436424255,33.5061904385714,-111.926436424255],[48,11]
enFhDHs_Dif3aloVHFwY0g,33.5019817,-111.9276185,4,[33.5019817,-111.9276185,33.5019817,-111.9276185],[99,48,11]
BUZdAlo-nfXmwW-fE1B7Pg,33.515401,-111.9789833684965,5,[33.449233,-112.072327136993,33.581569,-111.8856396],[119,11,63,27,265,224]
wGeYe_gKQzIYcQUtgr2u6Q,33.3791738,-111.7571117,22,[33.3791738,-111.7571117,33.3791738,-111.7571117],[98,7]
oF4smrmYr4sOgFElLE-FgA,33.306771,-111.854917,1,[33.306771,-111.854917,33.306771,-111.854917],[54,55,266]
g_TgYSBE62Znnt4Vnb-60w,33.484439,-112.364213,5,[33.484439,-112.364213,33.484439,-112.364213],[11,63]
1x8A3mU99NZQCsal7SGTRg,33.508954,-112.0293073,3,[33.508954,-112.0293073,33.508954,-112.0293073],[28,17,29]
w6vlJ-v5IIdGLX3OfWmKtQ,33.5388471,-111.9641728,1,[33.5388471,-111.9641728,33.5388471,-111.9641728],[7,47,48,11]
kjCJx08BPoy4EtNmL_0-fw,33.449188,-112.0772,18,[33.449188,-112.0772,33.449188,-112.0772],[7,24,108,119,11]
bcSa7Ccoj_l7An97mCD3Jw,33.4964751,-112.0839659,200,[33.4964751,-112.0839659,33.4964751,-112.0839659],[99,11]
KKhvK7Su-0fRxYMgnJgKhQ,33.53224095,-111.92635645,105,[33.483281,-111.926895,33.5812009,-111.9258179],[63,27,11,4,5,6]
B_2NDDzcZELoxFbAPXwJLQ,33.47256625,-111.9298896,200,[33.317906,-111.964138,33.6272265,-111.8956412],[7,47,48,11,139,8,36]
oFrMWQDzDRd52_F97PWJeg,33.547495,-111.92358,2,[33.547495,-111.92358,33.547495,-111.92358],[28,17,29]
3-gd5DJZnpIulyFZ0HZCPw,33.4829326,-112.00181635,6,[33.4556584,-112.079081,33.5102068,-111.9245517],[38,181,39,40,11,210,26]
-bv1rUAq4jvQbQ-VzKb5RA,33.459584899999996,-112.132822995485,32,[33.4194512,-112.34971999097,33.4997186,-111.915926],[38,143,39,140,40,48,11,28,17,29,26,128,46,102,6,103,99,7,47,88]
C8nyJLdVaKdG1Kh9ui5iLA,33.538873,-111.865693,7,[33.538873,-111.865693,33.538873,-111.865693],[168,169,11]
C-7ZbkqGOTuzf_xXXvSu4w,33.3939224,-111.9091205,2,[33.3939224,-111.9091205,33.3939224,-111.9091205],[126,11]
-VAF4FC-WKd39_t_RV8XdA,33.611622600000004,-112.06634,66,[33.3928751,-112.260068,33.8303701,-111.872612],[265,11,38,48,39,8,26,7,138,139,206,88,47,6,145,186,57,24,119,177,140,33,98,10,99,63,27,127,185,379,109,84,345,346,416,40,14,15,126,97,311,298,128,296,182,292,273,309,285,16,117,212]
9qLwPqr46CQOwPdDf24YtA,33.436203120135445,-111.9555481,10,[33.3480423402709,-112.012504,33.5243639,-111.8985922],[12,114,13,6,161,65,119,11,99,246,7,139,24,17,423,159,32,57,145,38,101,39,48,212,41,43,109]
3NB4HzoctRbVp2kmkdXXCg,33.576240049999996,-112.10939694999999,4,[33.4964751,-112.134828,33.656005,-112.0839659],[26,11,99,224]
bNaVCJ1Wpcw9CV7HLRCajg,33.413704,-111.852178,2,[33.413704,-111.852178,33.413704,-111.852178],[28,17,29]
WDIGt5j8XFP7OEpxxR8_sg,33.393544,-111.948187,3,[33.393544,-111.948187,33.393544,-111.948187],[98,7,108,292]
E_w74kVmNKPJI9mupwehRg,33.420571,-111.942444,86,[33.420571,-111.942444,33.420571,-111.942444],[38,168,298,88,39,11]
F9NM9hDWNTfPG7eWhEc7pg,33.481302268964654,-111.99856305,15,[33.4340826379293,-112.0712152,33.5285219,-111.9259109],[54,55,256,33,99,44,11,202,72,28,170,137,7,6,139,119,38,265,39]
-LCMi0RvPh6gQPKOwrSB_w,33.494205,-111.931447,1,[33.494205,-111.931447,33.494205,-111.931447],[48,11]
q-tAPQHiAOsdqWuX9vWxMg,33.684162,-112.04662049999999,9,[33.39926,-112.728991,33.969064,-111.36425],[33,11,185,7,148,8,352,48,117,119,38,39,49,304]
F1NLAL4_OB5q5grx5WGqtQ,33.384339293519005,-111.95957634038999,62,[33.266696887038,-111.99153418078,33.5019817,-111.9276185],[28,29,17,11,307,212,43]
JIONAGGANvzcDYhr6t72ng,33.6006206,-112.09511305000001,85,[33.546,-112.3553813,33.6552412,-111.8348448],[126,97,11,63,168,26,127,28,17,29]
eO-je5q1YejxFnOKSAUQUg,33.4369665,-112.0059445,4,[33.363949,-112.083543,33.509984,-111.928346],[106,54,107,317,224,11,43]
onPPIsOuapHADtNxwdQclg,33.423546,-111.937394,3,[33.423546,-111.937394,33.423546,-111.937394],[48,11]
m0jdI-VUYIiJK6LZmwkzag,33.626933,-112.100731,6,[33.626933,-112.100731,33.626933,-112.100731],[212,26,11]
eEKGbSdE2uXpdVBmU7t6zA,33.710985,-112.200326,1,[33.710985,-112.200326,33.710985,-112.200326],[11,63]
tTfMTcIZ_qnkMQFFxEWPwg,33.3122882,-111.90257675,6,[33.302973,-111.9626175,33.3216034,-111.842536],[98,7,24,11,126]
wYZpMnp2e2Np0zf89uFg-g,33.54451675,-112.09100795,57,[33.4982138,-112.263551,33.5908197,-111.9184649],[83,6,28,17,29,7,48,47,11,49,246,178,18,99]
lYjkxr6gdSKJSiV4Vlxb3w,33.60467735,-111.97832034999999,6,[33.5846927,-112.0131157,33.624662,-111.943525],[43,11,26,63,126]
EvirtUGbSPgj99yNhhVIFg,33.4948197,-111.9798208,105,[33.4948197,-111.9798208,33.4948197,-111.9798208],[119,11]
H_9Cia3QVkjNxUh84qymMQ,33.4659256,-111.9216144,3,[33.4659256,-111.9216144,33.4659256,-111.9216144],[26,11]
BrJcbK_lH0irQcNSNBEQHQ,33.62547055,-111.974980866406,30,[33.420571,-112.0816756,33.8303701,-111.868286132812],[48,11,38,39,40,19,57,20,6,186,23,168,181,229,298,88,54,55,122,7,98,8,10,26,328,32,109,63,33,140,177,285,49,368]
QcaJZ3_dFGbgdhg4rLF3lQ,33.668308350000004,-111.95734254999999,13,[33.5092898,-112.0364736,33.8273269,-111.8782115],[11,307,63,169,33,48,185,84,343,177,140,265,483]
8Jj1F9l-hpLW8ULZNFmmuA,33.4797420689751,-111.994993686676,1,[33.4797420689751,-111.994993686676,33.4797420689751,-111.994993686676],[33,99,11]
nF1TgXIlWNvFWtIWkhZgeQ,33.5275706083035,-111.94939526097801,6,[33.508533016607,-112.029066725112,33.5466082,-111.869723796844],[7,119,41,11,210,98,333]
euEN9CF87grHHuMY3WyrfA,33.573544600000005,-112.15213215,4,[33.5499622,-112.152723,33.597127,-112.1515413],[195,65,49,59]
_E5w7CM-NtoSnz7KlZ0cYw,33.4354634,-112.0069893,1,[33.4354634,-112.0069893,33.4354634,-112.0069893],[38,128,39]
fwTcRziQWLR61LDDm_NxYw,33.471963450000004,-111.9726034,16,[33.4052689,-112.1091081,33.538658,-111.8360987],[49,50,52,307,27,172,11,88,38,39,89,84,385,63,57,56,26,145,40,48]
IhUSpZhtnXx_YC1LaEIWMg,33.3257233587355,-111.68766617775,1,[33.3257233587355,-111.68766617775,33.3257233587355,-111.68766617775],[7,194]
7FOaHUzSTRbh38IA1MhGEw,33.5016589,-112.04725,5,[33.5016589,-112.04725,33.5016589,-112.04725],[119,120,11]
VYVxxvbc1g8aH7kFCP16Bg,33.394099,-111.91786809999999,38,[33.261388,-111.9927062,33.52681,-111.84303],[404,451,11,41,400,126,63,212,26,43,7,36,8,149]
AIJffk467kHfAE8SDq3nxQ,33.4856312,-111.87670935,5,[33.3307646,-112.0191178,33.6404978,-111.7343009],[49,52,208,130,6,32,35,218,41,11,146,39,341]
YotZjCLjwvkj8Nth59I7kw,33.482431614548005,-111.995731335138,5,[33.458692129096,-112.065567970276,33.5061711,-111.9258947],[98,7,292,17,62,108]
V0r_ncTQawicaHAc8TCb4A,33.81514595,-111.92364599999999,194,[33.802965,-111.924099,33.8273269,-111.923193],[161,65,11,307,63]
bHFVi9iJ_sH6IiyQazdhQQ,33.4504828,-112.0739897,72,[33.4504828,-112.0739897,33.4504828,-112.0739897],[28,17,29]
N75Kyq4pW2Kz1Yac5QbZ5w,33.480771,-112.09158,1,[33.480771,-112.09158,33.480771,-112.09158],[99,43,11]
g_jw-gcDIS2cw2mEKiyRKg,33.6247911,-111.9257312,33,[33.6247911,-111.9257312,33.6247911,-111.9257312],[48,11]
YccUlqnT6zQFp9ecbS4coQ,33.496378050000004,-111.9246708,18,[33.4940321,-111.927511,33.498724,-111.9218306],[48,11,119,26,185]
du94QQ_sEr9QK7cr7a1AdQ,33.4236747,-111.89395425000001,6,[33.3350308,-111.995355,33.5123186,-111.7925535],[126,97,11,119,99,33,117,48,120]
VsGlXCCjzsKyuel6Gpu-7A,33.4483771,-112.0740373,200,[33.4483771,-112.0740373,33.4483771,-112.0740373],[26,11]
w1R5lmPnximZas0T2DBH1A,33.66954255,-112.1274208,6,[33.640625,-112.1419746,33.6984601,-112.112867],[119,11,63,27,33,99]
VzKxiI711Idi1VxzDEDmWg,33.3781775,-112.0220629,1,[33.3781775,-112.0220629,33.3781775,-112.0220629],[7,139,423]
9mKzJ0_mBtxFJbybX7rgtw,33.3863715092755,-111.87615771067999,9,[33.3787123,-111.8773052,33.394030718551,-111.87501022136],[63,27,11]
KRIFi8uz-CHFpzCo3EZ5HQ,33.365739,-111.635219,2,[33.365739,-111.635219,33.365739,-111.635219],[78,79]
jxw14yHI7obgeBUzdorqCw,33.626933,-112.100731,6,[33.626933,-112.100731,33.626933,-112.100731],[212,26,11]
YFpv_GwOh3-YUHs1v2TTMQ,33.50107535,-111.92371775,200,[33.500169,-111.9276185,33.5019817,-111.919817],[39,38,99,128,11,48]
rC3bBXBrk0h71NmJnpPq6A,33.594818,-112.065439,6,[33.594818,-112.065439,33.594818,-112.065439],[63,99,11,119]
NjtSvsZTJ6WP7uXYn6o0IQ,33.47288315,-111.98454559999999,39,[33.4151243,-112.185846,33.530642,-111.7832452],[38,39,140,40,48,11,101,72,390,207]
-ecVgrGccs-6VmBzbwnvYA,33.3156591,-112.0048589,1,[33.3156591,-112.0048589,33.3156591,-112.0048589],[382,11]
kWpdh1Vp6uXgL_B7ewmPHQ,33.6737677,-111.9638394,1,[33.6737677,-111.9638394,33.6737677,-111.9638394],[166,6]
yDhXxrXmucSlxLu7xefwJQ,33.5024095,-111.9955012,27,[33.5024095,-111.9955012,33.5024095,-111.9955012],[7,8,119,11]
ADRfwL2wfMRHH5ckT6reuQ,33.5409028386777,-111.869723796844,7,[33.5409028386777,-111.869723796844,33.5409028386777,-111.869723796844],[7,119,41,11]
OmkjKahBeUd0xb_d9ljCxQ,33.480662,-111.984111,2,[33.480662,-111.984111,33.480662,-111.984111],[177,10,11]
Rr0T--WrDzFsQezB6lG9mA,33.3528692,-111.99878369999999,2,[33.3057949,-112.0297841,33.3999435,-111.9677833],[99,185,11]
uYrwdV0oG3qYy5EghuYMCw,33.5536782,-111.8957714,27,[33.4938414,-111.9268138,33.613515,-111.864729],[27,11,38,99,128,39]
lcq_QgQh5W7-2uxciTICDg,33.519850700000006,-112.05145075,2,[33.516001,-112.054658,33.5237004,-112.0482435],[54,55,122,99,11]
ffO_7ORaK_hgTjNL2yIIXw,33.42135,-111.924806,2,[33.42135,-111.924806,33.42135,-111.924806],[219,218,41,11]
5q4KnSFRAp-5zTgb88SVNA,33.42469065,-111.8904919,8,[33.354241,-111.991453,33.4951403,-111.7895308],[26,11,185,71,72]
QKCuTd4-VKvFga5tnLhgCQ,33.636408,-112.29510605,6,[33.611141,-112.4250931,33.661675,-112.165119],[65,133,382,11,64,7,189,10,24,251,212]
z1rKvHycynvKLvuHYh2WLw,33.60664305,-111.93253615,124,[33.5871771,-111.9404813,33.626109,-111.924591],[24,11,99,7,142,26,127]
kiltInRffVjm7ToSrZBr2g,33.4920804,-111.9255527,1,[33.4920804,-111.9255527,33.4920804,-111.9255527],[88,38,48,39,11]
oKSrT8MsOqE-DZCleyN7PQ,33.4226167,-111.97757215,13,[33.3354566,-112.079081,33.5097768,-111.8760633],[38,48,39,11,7,162,43,47,128,251,26]
f0tSLMKXtwsJHV7a47sw4w,33.509702,-112.042514,7,[33.509702,-112.042514,33.509702,-112.042514],[26,11]
Eg_UL0XaV_g4Dr3AeGZHUw,33.4249604,-112.0035585,20,[33.3406452,-112.091191,33.5092756,-111.915926],[13,6,65,22,167,12,48,11,33,99,451,112,254,38,7,47,88,39,57,145,449,97,26,101,128,162,119]
rAjqmde-BsQWu4Xp_fD1iw,33.47340575,-112.0648593,2,[33.472674,-112.0649666,33.4741375,-112.064752],[11,63,119,201]
xBl9Ke43PISGJC_iGkv-UA,33.3061605,-111.8412502,200,[33.3061605,-111.8412502,33.3061605,-111.8412502],[333]
XDo93as38nW82xwCzE23Xg,33.477933965703,-112.07352364174,2,[33.477933965703,-112.07352364174,33.477933965703,-112.07352364174],[224,11]
Ajz0LwO5a6MsXUx2ww-WBA,33.47358335,-112.1233473,3,[33.377767,-112.172642,33.5693997,-112.0740526],[26,11,65,133]
o4mzRnNMeLIvWeCRM78cGw,33.3056067,-111.9787576,1,[33.3056067,-111.9787576,33.3056067,-111.9787576],[63,27,11]
mTIsWhQU7QWHGCiPRaENxQ,33.550827999999996,-112.2034424,12,[33.4628571,-112.3610688,33.6387989,-112.045816],[54,55,122,177,285,140,11,98,7,24,129,175,278,79,142,161,65,133,194,201]
zVq-rNngPWRVPtWFkQ_NbA,33.59247705,-112.0218917,3,[33.320525,-112.1353054,33.8644291,-111.908478],[185,11,27]
tYOUZeC6jUwZlfL2FSy_Lg,33.43224515,-111.9359178772645,17,[33.3550442,-112.082304954529,33.5094461,-111.7895308],[26,11,71,72,38,119,109,39,24,48,54,55,63,27,7,142,185,57,99,36,69,224,202]
hGyM4znl8sm0dX9tdkMNpQ,33.2459893,-111.7845363,3,[33.2459893,-111.7845363,33.2459893,-111.7845363],[7,108]
22IWHu_YwKMSEXORQGX8bg,33.53914985,-111.9316734,38,[33.4948197,-111.9798208,33.58348,-111.883526],[119,11,7,142]
RRf7-87rgLPLPd66fiJJWQ,33.57164535,-111.89757069999999,2,[33.569524,-111.9055104,33.5737667,-111.889631],[98,7,11,24,63]
m0kP3pJLqd_myV1EfAQukA,33.6178503490136,-112.1794958093385,4,[33.5969623980272,-112.1895256,33.6387383,-112.169466018677],[7,36,38,128,39,48,11]
Ex8T_QOlOCbe67ZRfwWa_A,33.5387205,-112.0545405,14,[33.424281,-112.184993,33.65316,-111.924088],[144,11,44,212,7,98,10,9,27,33,41,43,142,119,120,99,162,24]
H6zQtJrOyOAo_RRSlL4RFA,33.4941719786892,-111.99738346849651,13,[33.4566960573784,-112.072327136993,33.5316479,-111.9224398],[49,193,59,119,11,24,26,109,38,39,63,129,277,278,79]
6VHnbSvpnipLo7SpglBROQ,33.637051,-111.926161,8,[33.637051,-111.926161,33.637051,-111.926161],[7,202,148,72]
CJg31Q3lrsTrDils3mHgng,33.321864,-111.726244,3,[33.321864,-111.726244,33.321864,-111.726244],[7,24,108,119,11]
p5jXjPeG-lh8lOwFioboZg,33.560762866870505,-112.005843,10,[33.446195133741,-112.117994,33.6753306,-111.893692],[38,48,39,40,11,265,177,99,140,119,63,27]
NQIk_y-BLERLbk0lTLcljA,33.455577,-112.065536,2,[33.455577,-112.065536,33.455577,-112.065536],[57,56]
uLS_C8dqVt2ST5GOCziiiQ,33.3060616,-111.8748501,1,[33.3060616,-111.8748501,33.3060616,-111.8748501],[26,11]
TUx6rg9WdhDxYaDkd-tchw,33.68760185167375,-111.92108199757101,2,[33.6765685033475,-111.924676895142,33.6986352,-111.9174871],[33,99,11,7,142,108]
I1TyuaDFgPAWs4aOg6L_7w,33.5102068,-112.0272041,15,[33.5102068,-112.0272041,33.5102068,-112.0272041],[48,11]
bGaWZa_dACXj8xqoNTPBtQ,33.6247911,-111.9257312,4,[33.6247911,-111.9257312,33.6247911,-111.9257312],[48,11]
rHG-s9FSI6i4T__Ee0F-SQ,33.53982055,-111.9844181,19,[33.3777355,-112.073195,33.7019056,-111.8956412],[7,108,24,11,48,206,210,309,119,285,27,26,43,47,265,126,97]
3-BI7xch1S5zFvu1EVXIOA,33.380125199999995,-111.88120939999999,5,[33.327278,-111.9043028,33.4329724,-111.858116],[126,97,11,251]
niuGdoY3qJyt77vZJ2yibA,33.266696887038,-111.99153418078,27,[33.266696887038,-111.99153418078,33.266696887038,-111.99153418078],[28,29,17,11]
qQeJjsKYqt97BU2T94hucA,33.44350625,-111.94055505,4,[33.390792,-112.012504,33.4962205,-111.8686061],[38,140,39,40,48,11,7,108,109]
2wFHhFkA82O3bgs8FTewmw,33.351069,-111.857927,1,[33.351069,-111.857927,33.351069,-111.857927],[54,195,238,65]
f72UJVOllcjgpZdOi7-gkA,33.4495046,-111.88608475000001,7,[33.3344463,-111.925799,33.5645629,-111.8463705],[88,38,99,39,11,127,101,119,48,24]
qnC-hmsAq40OCnumZwvxLA,33.307983735825,-111.74430125426,7,[33.307983735825,-111.74430125426,33.307983735825,-111.74430125426],[126,11]
Z0UtSvUnxktv2liBCzhsqg,33.6071829,-111.9403254,2,[33.6071829,-111.9403254,33.6071829,-111.9403254],[210,11]
7cfMwBOdq-BNBTfQV7xUvg,33.51853295,-112.03588475000001,5,[33.4538299,-112.0914475,33.583236,-111.980322],[253,32,294,106,54,104,65]
XWOXih7lbsoIKg8EVjZrSw,33.5134849,-112.047693,5,[33.5134849,-112.047693,33.5134849,-112.047693],[120,11]
dTJohVhrW8UMuHApeo_xtw,33.51075,-112.1528998,18,[33.4501203,-112.274177,33.5713797,-112.0316226],[26,11,98,7,27,6,45]
LJXnUwiBC9JyOIOz_OzIPA,33.4471783,-112.0744503,1,[33.4471783,-112.0744503,33.4471783,-112.0744503],[57,145,38,39,48,11]
FbzwQfbfMMIJCJo_3vd1bg,33.5514432,-112.2705607,4,[33.5514432,-112.2705607,33.5514432,-112.2705607],[33,11]
WMeNhdLrui2sI-kdlettfw,33.4526695,-112.07545085,200,[33.4462721,-112.0915007,33.4590669,-112.059401],[101,88,38,39,40,49,51,28,17,29]
3eDUJfMA__OU7dv48-jClw,33.664088750000005,-111.90680434999999,33,[33.6295263,-111.92477,33.6986512,-111.8888387],[126,11,17,99,62,153,39,224,38]
nHsj0cHOiroAsmDfF50BtA,33.8321973,-111.9453694,200,[33.8321973,-111.9453694,33.8321973,-111.9453694],[26,11]
hZ08iddalVk-Gk6AboHmag,33.50055115,-111.92004305,42,[33.500169,-111.9202691,33.5009333,-111.919817],[38,99,39,40,11,128]
INTLTaEY0NRMTu9GZDb9nA,33.496175,-112.020561,1,[33.496175,-112.020561,33.496175,-112.020561],[11,63]
zR6d7oYWYOIanpYk88MmGQ,33.6398763,-112.2328389,2,[33.6398763,-112.2328389,33.6398763,-112.2328389],[6,72,345,35,282,264]
R9O--tz_X5NjZB0UHrRwpg,33.4369815,-111.99204945,9,[33.3637562,-112.0740373,33.5102068,-111.9100616],[212,43,11,159,32,48,99,49,54,193,242,59]
94qgS6V69-ABrcYMICtVTw,33.423076050000006,-111.94573215,3,[33.4218047,-111.9533039,33.4243474,-111.9381604],[88,38,39,24,11,177,140,33,119,99]
m3zGDxfCwsMw6CG7NNi-lg,33.449188,-112.0772,1,[33.449188,-112.0772,33.449188,-112.0772],[117,214,11]
OdsfcVr3jejVR2y_3rcVtQ,33.4031834,-112.0209488,8,[33.3057949,-112.0741143,33.5005719,-111.9677833],[99,185,11,119,7,138,8,139,108,48,36]
KoOmob-hOHdMXQg1MRVlTQ,33.464349,-111.908369,12,[33.464349,-111.908369,33.464349,-111.908369],[224,11]
zHyDVoMyZO08SRzylzD0ww,33.5822296,-111.8925166,3,[33.5822296,-111.8925166,33.5822296,-111.8925166],[49,233,193,59]
cEIeuU0-4fX0Y4qCUW3PwQ,33.578033250000004,-112.01307388103001,66,[33.4240085,-112.1831667,33.732058,-111.84298106206],[109,38,39,98,7,24,206,11,99,72,63,33,265,27,48,49,368,26,218,41,323,57,470,145,111,112,113,6,17,54,324,36,8,247,212,126,293,30,13,238,21,257,119,65,133,108,35,76,322,45,251,77,139,225,375,191,15,137,254,224,88,40,28,190,117]
kBi1dyC2WMgmgNqn0xXYew,33.4302305,-111.973455,200,[33.425711,-112.00644,33.43475,-111.94047],[28,170,38,7,47,39,48,128,11]
MIvCXHgE_vcKz7lYS5FPvg,33.45707465,-111.85669014999999,88,[33.2135559,-112.079081,33.7005934,-111.6342993],[224,11,7,33,48,47,26,109,38,27,39,108,182,139,137,194,201,119,127,6,35,76,244,168,49,80,59,126,99,128,265,185,63,44,88,40,465,57,145,172,146,43,322,210,161,195,65]
eIbQ9Ac-YKO6T-5XZcChFA,33.4453005,-111.96131695,2,[33.2664769,-111.9918702,33.6241241,-111.9307637],[168,265,11,48]
m5_xbLe2Qt_bwEsVMl0-uA,33.5495164511645,-111.88446398103,17,[33.492381,-111.9259469,33.606651902329,-111.84298106206],[322,28,57,190,46,102,6,103,265,48,11]
lbDlKeO-whPA8hAJ3vRJPg,33.2100859,-111.528365,3,[33.2100859,-111.528365,33.2100859,-111.528365],[337,32]
SFr37GT6VPmF25svUB8Spg,33.6642267,-111.79437055,26,[33.5823384,-111.9086,33.746115,-111.6801411],[49,178,28,17,18,29]
dF129Di_husPnZo3RKteWA,33.314088103793,-111.797887575485,9,[33.220784807586,-112.012504,33.4073914,-111.58327115097],[126,11,99,246,7,119,139,24,17,423,43,224,190,28,140]
yg2xeCpwWov1zxzOoHsJWQ,33.60708885,-111.931585,3,[33.5388471,-111.9641728,33.6753306,-111.8989972],[7,47,48,11,382,38,39,40]
VGfMcSH9HUaex9qGP_uZvQ,33.3639125,-111.7343009,1,[33.3639125,-111.7343009,33.3639125,-111.7343009],[49,52]
a-DyVvM6D-g6h-T3leXy8w,33.465181,-112.04525975,11,[33.4329724,-112.1862167,33.4973896,-111.9043028],[446,11,7,24,108,119,26,63,126,97,168,38,39]
LfJHdM_JRTBnE1z9VWTe_A,33.3788436,-111.6330824,6,[33.3788436,-111.6330824,33.3788436,-111.6330824],[155,54,6,156]
FcJnsjZQCdLUEtn6dVC0CA,33.4219869,-111.9366872,2,[33.4219869,-111.9366872,33.4219869,-111.9366872],[33,11]
sxq-FM27B7iQtLhsOUQfqQ,33.50155645,-111.93847665,33,[33.501161,-111.9514403,33.5019519,-111.925513],[206,11,265]
Pmhb2EPdJW4VnsYNtli49w,33.455572,-112.0720214,4,[33.455572,-112.0720214,33.455572,-112.0720214],[38,181,39,40,11]
6QooDZe2-lwYhS9iC66Pjw,33.4147267,-112.0046043,3,[33.3633494,-112.081655,33.466104,-111.9275536],[24,11,43]
mrGRDBFZhA2zAptgO29_2A,33.5636878,-112.0595603,2,[33.5636878,-112.0595603,33.5636878,-112.0595603],[32,203]
iAXUAPxzKXxWMCiXLjY-ww,33.4983345,-111.98010485,37,[33.319377,-112.1706789,33.677292,-111.7895308],[7,38,140,39,40,48,11,212,361,43,99,126,97,210,229,185,63,27,98,10,192,33,57,56,439,49,319,80,59,120,128,265,119,109,24]
Y4Ix-FgsKRMu9xyOly9dXg,33.41879,-111.78026700000001,25,[33.380587,-112.068489,33.456993,-111.492045],[7,108,24,11,57,327,27,26,322,139,423,39,145,4,13,6,115,160,28,102,190,103]
5uhH09y-4jm4YMEIRyFJ6w,33.4881846,-111.9608249,4,[33.4881846,-111.9608249,33.4881846,-111.9608249],[48,11]
FlQVCUaTh1Jd2Z9T039oKA,33.46525285,-111.97127565,45,[33.2748213,-112.0823359,33.6556844,-111.8602154],[7,8,24,47,27,11,382,455,139,101,38,39,126,97,265,212,26,43,88,89,475,48,99,168,127,33,206,187,63]
BCOnHS9CIU8E23BBxZvTvg,33.5285509,-111.9258733,2,[33.5285509,-111.9258733,33.5285509,-111.9258733],[251,224,212,43,11]
PvhTAyo9IZA2qOpC0E2nLg,33.541962999999996,-111.79638800000001,40,[33.456993,-112.100731,33.626933,-111.492045],[28,102,190,103,212,26,11]
SVLRBHz0rlVvd-PBgvZ9wg,33.6235377,-111.925553,57,[33.6235377,-111.925553,33.6235377,-111.925553],[27,11]
uPNbbboCy05Dj_2AV854ZA,33.066913,-112.0473418,1,[33.066913,-112.0473418,33.066913,-112.0473418],[44,11]
kneI7XVzz5fzF8nEKG196w,33.551903,-112.132866,1,[33.551903,-112.132866,33.551903,-112.132866],[17,18]
gOT6RN-KpjNU37YEUDrlGg,33.4474354,-112.0290547,1,[33.4474354,-112.0290547,33.4474354,-112.0290547],[144,11]
DvQ09Ieg_d_PgrAdQy71Qw,33.523194407561505,-111.98703815,17,[33.4223528,-112.1506612,33.624036015123,-111.8234151],[33,11,38,39,40,63,49,321,59,26,12,13,6,274,206,106,54,107,4,5,60,61,7,139,225,250,142]
yulZL9PSXXy0F2arE8FKuw,33.4964751,-112.0839659,3,[33.4964751,-112.0839659,33.4964751,-112.0839659],[99,11]
bpfxmW8wK5aWY61c_5E77Q,33.51731335,-111.97973065,4,[33.4511467,-112.0759353,33.58348,-111.883526],[33,99,11,7,142,26,27]
hCtKVgcFGeuvB9eA9Fdk5Q,33.413324,-111.873436,3,[33.413324,-111.873436,33.413324,-111.873436],[43,11]
8102TXdujhC42fmCcNl62g,33.686077539256345,-111.8967793846665,2,[33.6721220785127,-111.905096769333,33.700033,-111.888462],[48,206,11]
ZOfpCtE7a6KK8Dj5Bq_4Xw,33.4405366,-111.98439255,23,[33.3055803,-112.1091081,33.5754929,-111.859677],[11,63,27,26,7,142,224,48,38,39,40,119,352]
iWWzqd6Yo-gohXAAB9YWOg,33.319581574713,-111.9029840668,16,[33.247355,-111.9616471336,33.391808149426,-111.844321],[73,72,13,6,4,5,425,160]
_JsKqHuTlseBUsK4zmBQDA,33.438497049999995,-111.9313766,134,[33.25107,-111.9918702,33.6259241,-111.870883],[39,205,48,11,168,265,49,99,178,274,6,13,448,38,40,33,229]
NiznCY3sXPh-nkQjoTPFrQ,33.566646620736904,-112.0086801553955,21,[33.457939,-112.0520855,33.6753542414738,-111.965274810791],[26,11,168,265]
Qw4fBUQl2VQ7zXX8TaHodA,33.5353205,-111.8850376,4,[33.4149566,-111.9300279,33.6556844,-111.8400473],[99,11,119]
1PWFPOmqvLx3sGKuuKQr9Q,33.45301855,-112.0084418,49,[33.3051122,-112.0999146,33.6009249,-111.916969],[119,11,7,142,108,194,120,57,25,6,24,126,97,26,172,182,139,137,112,254,373,43,98,8,10,60,186,71,72,38,109,39,36,307,27,69,40,157,103]
wt8LdKbId3naiIISt0o-aA,33.31237965,-111.8672473,4,[33.2762703,-111.8753205,33.348489,-111.8591741],[99,11,39,43]
58jNzn1Obq55gWfpB4_SpA,33.4726589,-112.0734644,1,[33.4726589,-112.0734644,33.4726589,-112.0734644],[322,57]
WeuueYmURqPVDeVWa7LhTw,33.5879473,-112.1164668,27,[33.5879473,-112.1164668,33.5879473,-112.1164668],[168,169,11]
ebHMHZs-8VY09BpqwHy9DQ,33.66307385,-111.91271954999999,4,[33.6275125,-111.9300279,33.6986352,-111.8954112],[7,142,108,98,24,11,99,251]
_gyEXoJ-vGesDaG1AFTDAg,33.46914075,-112.01762099999999,3,[33.4046581,-112.0699779,33.5336234,-111.9652641],[28,388,394,290,241,161,65,17,29,38,48,39,11]
cfXh3CeyVYRLji__XevF0g,33.438819949999996,-111.91349015,2,[33.397272,-111.9347763,33.4803679,-111.892204],[7,108,24,11,211,75,32,381]
nr57eEmVXx_kL0Jkmf3NzA,33.6322642,-112.2375029,2,[33.6322642,-112.2375029,33.6322642,-112.2375029],[265,11]
mMEh-BVbgb8HGGfCX4IYVg,33.276970000000006,-111.881079,3,[33.2482807,-111.8976622,33.3056593,-111.8644958],[6,155,54,156,7,47,48,27,11]
RB787unMxD8eq0jAXjAn_A,33.6853244,-112.1088578,2,[33.6853244,-112.1088578,33.6853244,-112.1088578],[71,72]
4Xa-W9qpVy0PZTJc3h3-kA,33.584274,-111.8342047,1,[33.584274,-111.8342047,33.584274,-111.8342047],[84,339]
etPSRfrzJ7e3sHgG9xrOIQ,33.495981,-112.029012,1,[33.495981,-112.029012,33.495981,-112.029012],[104,133,65]
XpIM24THvBK27s3dkPm_xw,33.3224512202281,-111.689822673798,1,[33.3224512202281,-111.689822673798,33.3224512202281,-111.689822673798],[7,30,8,13,6]
wSZKuFFkopIcYNldWiX0Gw,33.5670375,-111.9184649,1,[33.5670375,-111.9184649,33.5670375,-111.9184649],[11,63]
DrKQzBFAvxhyjLgbPSW2Qw,33.50714341376755,-111.95950495,200,[33.492335,-111.995355,33.5219518275351,-111.9236549],[49,445,66,52,7,313,27,11,119,99,38,39,40,109,48,161,28,65,17,29]
Pxo64SZXmrRmzMvRLbvnGg,33.499499,-111.927402,2,[33.499499,-111.927402,33.499499,-111.927402],[48,11]
ccGWfhnFHIOrXRRbCMxrjQ,33.5854942,-112.013359,1,[33.5854942,-112.013359,33.5854942,-112.013359],[57,258]
pDZCltsPv_ZOrZ8aus2fKA,33.5175821,-112.064846,2,[33.5175821,-112.064846,33.5175821,-112.064846],[98,7]
-MtZmWyA9KfgMYa4WWz22A,33.631673023790654,-111.94149469133299,3,[33.3788924,-111.954288482666,33.8844536475813,-111.9287009],[26,11,192,140,49,276]
VaekAOd-8rdM6ssTp0LWEQ,33.66710365,-111.9555379,5,[33.50201,-111.9797159,33.8321973,-111.9313599],[26,11,265,182,48,140,126,97]
fF3hS-VBTqPLfyMjzhvl8w,33.4942939,-111.925316,1,[33.4942939,-111.925316,33.4942939,-111.925316],[26,11]
KxURgmiUbuHhAtdEJu4bvw,33.4843343,-112.07317705,92,[33.4770236,-112.073629,33.491645,-112.0727251],[38,140,39,40,48,11,109,33,120,224,28,17,29]
Dz6sHWZyKqQV4wczhSDi-A,33.5102068,-112.0272041,3,[33.5102068,-112.0272041,33.5102068,-112.0272041],[99,11]
pT_qvk4SweSFQm7ONuXmpg,33.4076218,-111.9160366,2,[33.4076218,-111.9160366,33.4076218,-111.9160366],[26,11]
cJKLuPSxoy08uymdTOT0Kg,33.558122,-112.091006,4,[33.558122,-112.091006,33.558122,-112.091006],[49,476,82,59]
vJtEDosAYlJVsKlKJbwQJw,33.48197445,-111.9546675,8,[33.3851889,-112.099169,33.57876,-111.810166],[185,11,32,433,203]
bZmcUH_zMK9h8c2hbfSywQ,33.477584472397,-111.81271465,95,[33.321061644794,-111.9400717,33.6341073,-111.6853576],[126,11,38,26,39,109,48,224,7,142,212,361,43,185,229,24,97,99,128,106,54,226,210,6,204,65]
mTwVXV1jlPffTRjtDwV-ZA,33.3059969,-111.88516,2,[33.3059969,-111.88516,33.3059969,-111.88516],[26,11]
OztO5cIHgbN7Qo1d85MENQ,33.4611962,-112.06086475000001,65,[33.4495394,-112.0656645,33.472853,-112.056065],[48,11,7,449,97]
fJ8oDo0i6QUUQp7vN_nGyw,33.5672627,-111.9259052,200,[33.5672627,-111.9259052,33.5672627,-111.9259052],[109,38,48,39,11]
gIhEoQQLLUHbKbn2_TS1hg,33.5633563,-111.96938525,21,[33.4866437,-112.0739253,33.6400689,-111.8648452],[7,194,39,38,26,127,11,212,41,8,6,45,17,99,62,153,103,57,56,161,167,65,32,95,222]
kxIs2EkZR8ipVIgg6xyQGw,33.55351555,-111.98482745,21,[33.4712477,-112.0650649,33.6357834,-111.90459],[48,11,33,161,28,65,17,29,265,13,6,115,372,251]
K4UmjxSpiHZohl2MnkBuKw,33.6341061,-112.10431249999999,200,[33.4360418,-112.2503239,33.8321704,-111.9583011],[7,108,224,11,182,194,172,48,38,39,40,127,119,30,13,6,24,27,17,62,26,210,99,296,109,28,170,260,192,63,142,186,57,98,139,138,49,80,82,59]
FdCX4grBX6Sn-ZWGCYSP1Q,33.361806704135304,-111.8920208947295,5,[33.3022008,-111.942980289459,33.4214126082706,-111.8410615],[7,108,119,11,212,26,43]
LsCM7ZSe0r-AHzjb53UGWA,33.3351559,-111.9631173,1,[33.3351559,-111.9631173,33.3351559,-111.9631173],[74,24,11]
15g4iUlBLv2mV7xMBmi_2w,33.8000576,-111.9280264,3,[33.8000576,-111.9280264,33.8000576,-111.9280264],[65,158,17,28,161,29]
5d_BwY3pskf1wJO-Ro65yA,33.379862,-111.847999,1,[33.379862,-111.847999,33.379862,-111.847999],[7]
8SL2Wj7oey5WNEKiquXlig,33.47822595,-112.045405,21,[33.458871,-112.077177,33.4975809,-112.013633],[11,206,63,54,55,266,122,7,108,251]
CQ-YFX-YGI_Mtne41HkSVA,33.415393,-111.9535007,11,[33.3184674,-111.995355,33.5123186,-111.9116464],[111,112,113,6,17,109,38,265,39,11,65,133,119,99,352]
JW0IX1r3BUBKdTlVX9TcZQ,33.26905645,-111.81542475,3,[33.2359121,-111.8410615,33.3022008,-111.789788],[119,11,185]
RjL2Pdii55faQ5cc9Fc-aQ,33.4439931,-111.81771605,11,[33.362719,-112.0995348,33.5252672,-111.5358973],[49,80,82,59,33,11,7,36,38,39,109,99,128,88,40,177,140,182,48,224,41]
2cQ15sr8GcBUZJj1uSEaSA,33.684479,-111.97094,44,[33.684479,-111.97094,33.684479,-111.97094],[32,222,17,28,95,29]
fJhACzWkGby_t4Ku7XsyRQ,33.54880775,-112.0697035,10,[33.4608045,-112.241265,33.636811,-111.898142],[26,11,7,139,6,225,250,112,113,116,57,470,145,39,38,27,99,142,292,12,114,13,119]
5x2spJLSHBpiFJZv2tMrtw,33.383406550000004,-111.94001945,14,[33.339532,-111.951338,33.4272811,-111.9287009],[224,11,119,48,62,24,17,49,50,52,192,140]
U3Ur2zPkMuP_v3tmVWG3OA,33.4522768,-111.91789565,5,[33.3805696,-112.04698,33.523984,-111.7888113],[26,11,38,99,128,39,296,265]
Zt4nZq2OzR38_dlMidjUBw,33.4897525,-112.026164,28,[33.484487,-112.07643,33.495018,-111.975898],[224,11,7,47,48]
xs_fnNe0hofd7ZOupCjesQ,33.452782,-111.9669581,18,[33.3058378,-112.0739142,33.5997262,-111.860002],[48,11,63,26,119,97,373,196,43,212,126,38,181,39,40,168,229,251,120]
07-vagocs2yZJPGyNLx-lg,33.57909155,-111.92796129999999,4,[33.5024987,-111.9300279,33.6556844,-111.9258947],[251,11,7,292]
x4QjMY7kELn1rZu7TAbkzQ,33.6230152,-111.9297079,44,[33.6230152,-111.9297079,33.6230152,-111.9297079],[126,97,11]
0fPMuK1Bi3C7aFdW515J2g,33.683479,-111.966112,1,[33.683479,-111.966112,33.683479,-111.966112],[212,229,11]
q3Gn3z0HMQIfZPzyE9hvow,33.4494225,-112.07354765,6,[33.4471735,-112.073781,33.4516715,-112.0733143],[48,11]
TUI6YIfBBe7ivDqJpO6FnA,33.5384961,-112.12360000000001,5,[33.5015167,-112.192542,33.5754755,-112.054658],[6,70,117,11,119,54,55,122,35,76]
aNPAb9CJ1t_TL2aTOr0kHQ,33.5824523,-111.8852747,5,[33.5824523,-111.8852747,33.5824523,-111.8852747],[54,55,266]
P2BXPToNRZEbI-JGgmP5Ig,33.5160662,-112.029562,1,[33.5160662,-112.029562,33.5160662,-112.029562],[119,48,11]
chBwUUum9UHC9C2AVBOZfw,33.4298474,-111.84289634999999,23,[33.2233728,-111.982113,33.636322,-111.7036797],[26,11,99,201,7,142,292,168,48,33,119,475,265,244,6,200]
gZGS1U5oFNrHzkvQhErGKQ,33.2815660319081,-111.97295665741,11,[33.2815660319081,-111.97295665741,33.2815660319081,-111.97295665741],[57,145,258,39,28,17,29]
oD7Zw2IT3yvJrD4tudAcjA,33.567342350000004,-112.02060750000001,7,[33.49447,-112.116989,33.6402147,-111.924226],[38,39,40,65,133,27,296,11]
xueMNSdcJuP_C-jhUygpLA,33.4792543,-112.06863795000001,15,[33.449233,-112.0718179,33.5092756,-112.065458],[48,11,27]
_Ico-McnANpys4AMScbkbQ,33.5358237966417,-111.976473611415,13,[33.4900575,-112.07341192283,33.5815900932834,-111.8795353],[224,11,48,206,7,47,311,88,38,39]
wSPQwDAZvopY6EtIDIB5cg,33.5062577,-112.0388617,1,[33.5062577,-112.0388617,33.5062577,-112.0388617],[177,140,11]
RSxZKfEQyPR388dvzelhpw,33.539150649999996,-112.06458895,4,[33.4382789,-112.1113493,33.6400224,-112.0178286],[7,26,11,44,24]
SV2WGbwBzQ3hJ--07ovjnw,33.37102854145495,-111.910985941968,6,[33.3346157829099,-111.912059783936,33.4074413,-111.9099121],[224,11,352]
XTPx7xkyyCvZCVPJgPTUfQ,33.5291033,-111.9261874,20,[33.5291033,-111.9261874,33.5291033,-111.9261874],[11,48,63]
XDUrbumckI9kRJIUbqanZg,33.467119,-112.3392713,1,[33.467119,-112.3392713,33.467119,-112.3392713],[38,33,39,11,128,27]
o1HQEND6cg-4SK0Z1ASBMQ,33.50067465,-112.096932095485,179,[33.338475,-112.34971999097,33.6628743,-111.8441442],[101,38,39,10,24,11,27,63,97,14,15,16,6,7,108,186,57,48,120,25,138,8,139,143,309,285,251,248,249,250,98,205,40,49,469,46,13,30,18,17,80,59,88,298,142,172,292,204,65,145,99,181,212,26,141,33,69,140,56,43,146,91,51,312,44,112,151,105,188,23,380,173,119,182,239]
GLWXKxO6NF-jbEXXD66Bxg,33.348912,-111.928314,1,[33.348912,-111.928314,33.348912,-111.928314],[6,35,76]
qashiaD7UhvW2CzZ88xOTQ,33.487669800000006,-111.9918925,5,[33.480203,-112.0012318,33.4951366,-111.9825532],[26,11,48]
Tudfmx_Ai3glCNRAK2yjAg,33.6556844,-111.9300279,2,[33.6556844,-111.9300279,33.6556844,-111.9300279],[251,11]
lqkeLEEYYLso6nsZsce-KA,33.4368294,-112.0711771,7,[33.4368294,-112.0711771,33.4368294,-112.0711771],[7,139,416]
3fMwM90Dp05OHOL4fO85Cg,32.980088800000004,-111.52402955,5,[32.9728122,-111.524173,32.9873654,-111.5238861],[26,11,27,63]
qOfljgQq4l32-4yH6EsPNw,33.3779531,-111.945477,1,[33.3779531,-111.945477,33.3779531,-111.945477],[7,8]
ptu9rQnWLEzll7O2bNj0Xg,33.502191,-111.996292,2,[33.502191,-111.996292,33.502191,-111.996292],[109,38,11,39,63]
WKsJ7HqRLIhewyphWKT_UQ,33.61589833692075,-112.1829867911225,3,[33.574712,-112.186401,33.6570846738415,-112.179572582245],[49,50,51,52]
6UX8chdSRsTPv8AEm-7x0w,32.9468155,-112.7181411,2,[32.943589,-112.7335422,32.950042,-112.70274],[28,17,29,33,44,11]
4-BWgOkP51QJjFJEGWHuIA,33.4762024,-112.04832590000001,3,[33.4570868,-112.0714138,33.495318,-112.025238],[38,48,39,11,208,130,6,32,35]
zVnu0lbWpD55M9yjUWKpqw,33.383949,-111.843786,1,[33.383949,-111.843786,33.383949,-111.843786],[119,99,11]
7y2sZ4WBF1ciKHcO5W0BXg,33.44329795,-111.92720735,9,[33.4125297,-111.996104,33.4740662,-111.8583107],[33,265,185,11,201,10,24,63,26]
I5y1kU-wKoATDXpKlyx5aw,33.5092093,-111.9885861,3,[33.5092093,-111.9885861,33.5092093,-111.9885861],[7,108]
ZD7ke0KAB8ptoQTlt3UG0g,33.487611650000005,-111.98925940000001,9,[33.3350177,-112.1251993,33.6402056,-111.8533195],[88,298,39,38,11,49,80,82,59,48,185,7,142,292]
Gy9nOzH_L8NGCjrQr-ntng,33.5108957555276,-111.8786126613705,52,[33.3439375110552,-112.07454,33.677854,-111.682685322741],[113,6,15,191,7,9,10,11,109,38,39,63,12,114,13,48,322,57,119,27,210,88,98,26,108,24,139,225,250,71,72,297,168,298]
L5iWYCiwzxFx0vM13Yi-gg,33.49112,-112.079081,32,[33.49112,-112.079081,33.49112,-112.079081],[28,17,29]
vg6_jmI24oKHd2EsFit_bw,33.4657059,-112.0106092,1,[33.4657059,-112.0106092,33.4657059,-112.0106092],[251,11]
ZVSLkEjNpMALZPpCSDjHSg,33.538493700000004,-111.97656599999999,11,[33.421303,-112.078974,33.6556844,-111.874158],[251,11,106,54,226,373,97,84,147,64,65,93,3,94,32,95,6,45]
Ps9ZNj0VkU7TO3yzi9f1SA,33.9696256,-112.7210267,62,[33.9696256,-112.7210267,33.9696256,-112.7210267],[33,11]
oSqsvEHLxowiQiWNqsd7zA,33.4158535,-112.0698225,10,[33.352183,-112.227821,33.479524,-111.911824],[26,11,30,8,13,6,7,110,54,55,122]
Oo9iPDbCLzohpqSwr74Gzg,33.2528,-111.5239,1,[33.2528,-111.5239,33.2528,-111.5239],[65,133]
MxYxLn-Wr1_EYyfSDkq5Yg,33.415983617006006,-111.9315266,10,[33.377697734012,-111.9536334,33.4542695,-111.9094198],[182,48,140,11,26,6,32,130,35,208,264,168,79,121,38,273,39]
p0YBicqzx7sS5pmRxHCVKQ,33.43997055,-111.98440025,10,[33.3775316,-112.1091081,33.5024095,-111.8596924],[210,181,11,7,8,119,27,63]
XJlVDckFaL25a6ByNB9GwA,33.55052015,-112.09447205000001,110,[33.5218465,-112.1240864,33.5791938,-112.0648577],[48,11,210]
4msLRTTq598mgapMtMZpUw,33.557451249652004,-112.01664215,6,[33.4471735,-112.073781,33.667728999304,-111.9595033],[48,11,322,57,39,145,26]
xnYnz-XZE-NxU--Oq0Ilgw,33.4588713,-111.97946544999999,23,[33.304861,-112.0839659,33.6128816,-111.874965],[224,11,212,182,48,140,157,103,267,172,99,127,126,7,108,38,39,40,177,97,27,169,43]
pWdtEqtIb9YD_rdogPG-DQ,33.56037328995145,-111.93273655,15,[33.4918756799029,-111.9788671,33.6288709,-111.886606],[182,218,307,11,267,172,98,7,292,17,62,126,212,43,48,140,97,119,24,33,44,142,26,338,214,206]
qAYRzi43xCjajRjnr-Mxbg,33.463092,-112.34477,1,[33.463092,-112.34477,33.463092,-112.34477],[11,63]
KlpXgZqcF8zuROIjy6kyAQ,33.4586664,-112.0909725,2,[33.4586664,-112.0909725,33.4586664,-112.0909725],[7,292,98,139]
Ba-tIR3a8hhwIk-y_hVzFg,33.4040887,-111.903838593994,13,[33.3055833,-112.169380187988,33.5025941,-111.638297],[46,6,99,11,126,97,57,327,89,12,13,101,38,26,39,7,142]
GB6QuNpHj1mUjhDzenSSdA,33.3798069,-111.6016375,6,[33.3798069,-111.6016375,33.3798069,-111.6016375],[48,11]
De6AZlZiZMD_Vk4ImKLN5w,33.3862353592755,-111.87571311068001,4,[33.37844,-111.876416,33.394030718551,-111.87501022136],[251,11,63,27]
W6R3bkYPlgKKmBxZSse6MA,33.4537869019623,-111.927165985107,9,[33.4537869019623,-111.927165985107,33.4537869019623,-111.927165985107],[182,172,11]
TDcjINaMQBwiDcE4MH0tcA,33.41087,-111.853667,200,[33.38421,-111.876084,33.43753,-111.83125],[49,51,28,17,18,29]
gIEyHQJeyBQ8IhYusvTIGg,33.464692,-111.96273690000001,56,[33.435146,-111.998367,33.494238,-111.9271068],[26,11,44,126,97,38,99,88,39,128]
0Sksoo-KZN_kltW2npWxeA,33.4869182,-111.908738,1,[33.4869182,-111.908738,33.4869182,-111.908738],[39,119,26,38,11]
XKPp_BRtNMm7ui7fE9BvNw,33.6749989,-111.9776027,1,[33.6749989,-111.9776027,33.6749989,-111.9776027],[126,97,11]
sPu0e7ecW-UEJwbcaL6k8Q,33.2210188,-111.5832386,1,[33.2210188,-111.5832386,33.2210188,-111.5832386],[7,108]
7ynJotz7MGqxdxKT3W5qfw,33.2867442,-111.86879465000001,6,[33.261657,-111.877846,33.3118314,-111.8597433],[27,11,63,224,177]
Dve-s8vxUtczfgG0j6EV7w,33.330469050000005,-111.78906785000001,5,[33.3059828,-111.791284,33.3549553,-111.7868517],[109,38,11,39,63,27,7,108,48,99]
8tQtnvhvYIXcAen9LulAJA,33.62345295,-112.146571374995,20,[33.4493749,-112.36750874999,33.797531,-111.925634],[7,108,265,48,11,109,38,39,63,12,114,13,6,8,112,126,97,36,142,27,45]
By0a0VNfVU1dbLCdsRT4DQ,33.465652250000005,-111.96075569999999,200,[33.4360415,-111.9956337,33.495263,-111.9258777],[26,11,28,240,241,17,29]
bN1r5a3qG7vHbVDOOUZs3w,33.361971600000004,-111.8947815,15,[33.304492,-111.915926,33.4194512,-111.873637],[212,26,43,11,38,7,47,88,39,48]
0dpNmJxKp4Ha-fzJ2R8cCw,33.5589727,-111.92348205,3,[33.4940321,-111.9251335,33.6239133,-111.9218306],[38,88,39,352,48,11,465,168,265]
_0wsW5uexL4r5Pe2HtmKSw,33.559460650000005,-111.9721965,141,[33.4942423,-112.0648577,33.624679,-111.8795353],[119,201,11,7,36,48,38,39,33,139,99,210,120,352]
gYUREDglXRISs91BC0_MrQ,33.4956781,-111.7763737,13,[33.4165461,-111.836832,33.5748101,-111.7159154],[30,13,6,7,108,49,193,59]
4AKiS56c0f08TIZrhOapwQ,33.4329724,-111.9043028,193,[33.4329724,-111.9043028,33.4329724,-111.9043028],[26,11]
kX7SpWzdLjaJ0mJ9UpM4fg,33.466168,-111.9377,9,[33.3051122,-111.99506,33.6272238,-111.88034],[7,24,47,27,11,108,119,172,224,126,97,26]
cPF9quMMe24SqKBYQjvnJQ,33.647457,-111.915815,156,[33.647457,-111.915815,33.647457,-111.915815],[28,17,29]
21iafOlVsy47A23m7vqjZA,33.4315119,-112.0561119,1,[33.4315119,-112.0561119,33.4315119,-112.0561119],[26,11]
sLfKuyOFXPP8WbqGgsKouA,33.621809301164504,-111.88415413103,61,[33.606651902329,-111.9253272,33.6369667,-111.84298106206],[161,123,65,322,28,57,190,27,11]
8ChbwvGxFMAJp330ohBj1w,33.4327837,-111.9062854,4,[33.4327837,-111.9062854,33.4327837,-111.9062854],[168,11]
FGav1F2B6RvIsSmyyNrgTQ,33.510961550000005,-112.01054755,6,[33.5096045,-112.0257401,33.5123186,-111.995355],[119,99,11,126]
_w6TcXLd3XzDxuq9TPoneQ,33.351069,-111.857927,2,[33.351069,-111.857927,33.351069,-111.857927],[49,319,59]
ffxi8fd49l_1j0QmBgzW7A,33.6403226,-112.0210482,128,[33.6403226,-112.0210482,33.6403226,-112.0210482],[99,185,11]
_uLtybFNthITalKyAiFurA,33.4226657,-111.99213455,42,[33.335548,-112.0764371,33.5097834,-111.907832],[57,39,145,38,40,7,108,24,11,56,224,128,48,182,140,126,43,98,27,97,6,293,49,80,82,59,63,18,17,26]
0xiK7K7PzypYlteBWz9q3A,33.4960515,-111.9302928,1,[33.4960515,-111.9302928,33.4960515,-111.9302928],[38,11,39,63]
d8g4Jbtj2-fNqqh2lcL8lQ,33.364099100000004,-111.80731055000001,2,[33.3496582,-111.8212381,33.37854,-111.793383],[54,55,122,26,11]
nP1MmuSVZ2QaQkLl4aOWiw,33.592804,-111.9799772,1,[33.592804,-111.9799772,33.592804,-111.9799772],[49,80,82,59]
L0bvyUzp9LAS4EC2jL_9aw,33.477933965703,-112.07352364174,6,[33.477933965703,-112.07352364174,33.477933965703,-112.07352364174],[224,11]
-42C9hm3QdH6Cf8-OM2vxQ,33.5083781,-111.9258659,140,[33.5083781,-111.9258659,33.5083781,-111.9258659],[161,28,65,17,29]
VFfNXWATA316En5D6gtAFA,33.375057,-111.687177,6,[33.375057,-111.687177,33.375057,-111.687177],[48,11]
FhM3IXy0qod0w6rSxHrPYQ,33.4528292,-112.0685027,1,[33.4528292,-112.0685027,33.4528292,-112.0685027],[117,214,11]
2ypBgwcqHHn-y-WZghsSdw,33.5102068,-112.0272041,2,[33.5102068,-112.0272041,33.5102068,-112.0272041],[48,11]
4IhPr3F07SLsiWbAyK_nTw,33.507867950000005,-111.9895879,6,[33.391821,-112.0536454,33.6239149,-111.9255304],[48,11,7,142,292,63,27,430,26]
EYqR6oIJDimDxEquEhWzRw,33.305824,-111.991311,1,[33.305824,-111.991311,33.305824,-111.991311],[26,11]
oRyOHyNcQs0W2zRIYArmaA,33.7174038,-112.0157883,10,[33.6367346,-112.1114555,33.798073,-111.9201211],[10,11,26,27]
md3AzhBc7tHWz7qRN2ILBA,33.5025941,-111.9296765,9,[33.5025941,-111.9296765,33.5025941,-111.9296765],[182,99,11]
QJyIkDoiUCq0Bq8VCGI6GA,33.5448168,-112.02933325000001,17,[33.49112,-112.079081,33.5985136,-111.9795855],[10,24,11,28,17,29,108,7,182,139,137,33]
adgfApD_YmP0uGvFYyUH5A,33.519573,-111.9663213,200,[33.422728,-112.00644,33.616418,-111.9262026],[88,38,39,89,11,265,126,97,99,43,28,170,17,29]
Ciib1vOHyGi7tV3nlo6IGg,33.304492,-111.873637,3,[33.304492,-111.873637,33.304492,-111.873637],[212,26,43,11]
_r41TOiRnnYnp1PO6gh_FQ,33.626933,-112.100731,200,[33.626933,-112.100731,33.626933,-112.100731],[212,26,11]
Cz4NRIa6CahlKYRpGaK9TQ,33.468226,-112.221145,1,[33.468226,-112.221145,33.468226,-112.221145],[161,65,133]
VWMZgH5aoscaI9uqkmfk4g,33.4709079,-112.01481885,200,[33.4322113,-112.0429513,33.5096045,-111.9866864],[28,271,48,27,11,17,29,126]
_z_hsl5RCh-k7TfdS9DSgw,33.4035371,-111.9709396,7,[33.4035371,-111.9709396,33.4035371,-111.9709396],[201,11]
iQWm5R9bJg5aViMWD51pCQ,33.62342,-111.891906,1,[33.62342,-111.891906,33.62342,-111.891906],[7,108]
fbeHfeZ6mKTIbUHZ0vMbow,33.4796744,-112.0739818,2,[33.4796744,-112.0739818,33.4796744,-112.0739818],[185,11]
_j4PdUTEw7N3NXQM628ZKA,33.555339149999995,-112.04779793632599,8,[33.4549939,-112.165567972652,33.6556844,-111.9300279],[126,11,43,182,48,140,149,57,56,99]
yUW5voJxnhc-zG7JkfgALg,33.586443,-111.9722635,4,[33.472853,-112.056065,33.700033,-111.888462],[48,11,27]
lXnc8y8DPOL7k0U3-5lrEw,33.4910242,-112.0805328,8,[33.4801124,-112.083886,33.501936,-112.0771796],[26,11,7,108,119,24]
FZrrFpYxVK7z5aBLxyiaSQ,33.47543105,-112.0312958,2,[33.4486711,-112.0662996,33.502191,-111.996292],[109,38,11,39,63,322,57]
b_fE6IWu4hXYbo-yfHZ6Hw,33.48787145,-112.09572320000001,5,[33.4801394,-112.0999122,33.4956035,-112.0915342],[7,292,24,11,185,27]
C7R4toy7q8S2lQsAVth6eg,33.302011,-111.842615,5,[33.302011,-111.842615,33.302011,-111.842615],[109,38,48,39,11]
SLJtPZNy0EB-TQ9ht9f7Iw,33.59349265,-112.00344245,2,[33.5091313,-112.0283059,33.677854,-111.978579],[38,265,39,11,7,108,201,119]
khVKfwUxmqz0L_d3Cm1yOg,33.6241241,-111.9307637,1,[33.6241241,-111.9307637,33.6241241,-111.9307637],[168,265,11]
R6TxOULUEMSq1-7P0w6kTA,33.42135,-111.924806,1,[33.42135,-111.924806,33.42135,-111.924806],[244,172,11]
FPWwCD73C0PlRdDfJ6Tuqw,33.568270999999996,-111.9939674,200,[33.409735,-112.134828,33.726807,-111.8531068],[224,11,26,126,185,24,7,10,9,33,44,38,39,27,63,205,40,99,128,177,182,140,192,352,48,88,298,28,170,212,57,69,340,210,470,145,265,109,440,219,218,172,46,6,168,47,61,13,8]
YbHL_lmvARxf0rz0WlVQPQ,33.451433,-111.88318415,55,[33.334619,-112.0962274,33.568247,-111.6701409],[177,140,11,212,126,97,39,340,38,26,63,33,475,10,185,181,192,27,43,224,201,311,404,451,210,99,128,7,44,142,244,251,127,101,98,8,6,116,113]
EJbwH4h_YP3YpimFgrIVdg,33.511784,-112.095534,4,[33.449233,-112.12561,33.574335,-112.065458],[119,11,27,361,185]
W9ycN18Pb8wcn4H_HPiKlA,33.62738405,-111.8917597,77,[33.5825219,-111.893011,33.6722462,-111.8905084],[28,17,29,38,26,39,11,173,6,112]
C7_r_L6GHtPW4N6Qg5pdkA,33.393544,-111.948187,1,[33.393544,-111.948187,33.393544,-111.948187],[98,7,108,292]
t98lTpRD3vOXKPPU87ejjQ,33.3322775,-111.9111708,5,[33.3322775,-111.9111708,33.3322775,-111.9111708],[104,161,65]
Dv_DpVvdOoKOWzlYKjGzEg,33.5100398,-112.0146407,5,[33.5100398,-112.0146407,33.5100398,-112.0146407],[33,38,39,11]
I4GolEA9L0k2RfH4CauL0A,33.49660445,-111.92678699999999,2,[33.4942939,-111.928258,33.498915,-111.925316],[11,63,26]
OM5YpPWmE02acgy5zEcV_g,33.3432384,-111.9592559,2,[33.3432384,-111.9592559,33.3432384,-111.9592559],[49,146,445,80,59]
ZjA884iuP3BCR4_pZzpWPg,32.943589,-112.7335422,42,[32.943589,-112.7335422,32.943589,-112.7335422],[33,44,11]
zKcFBY5lgw50SflxXN5x-w,33.5162655,-111.94628750000001,72,[33.499006,-111.965872,33.533525,-111.926703],[265,11,39,212,126,293]
EXti5Kw0Ao8KGXPIpSJaoQ,33.5395523,-112.01312745,8,[33.4951366,-112.0474619,33.583968,-111.978793],[30,13,6,48,11,126,26]
UtIJ2E2kAL44tmcGVQz4UQ,33.461736,-112.335666,1,[33.461736,-112.335666,33.461736,-112.335666],[169,11]
ssg2VhlgSvjxHY9vm-fpRg,33.3260297,-111.8747445,3,[33.3260297,-111.8747445,33.3260297,-111.8747445],[32,235]
QajCu5ERPIQ2Lid5C0YMGA,33.458871,-112.077177,1,[33.458871,-112.077177,33.458871,-112.077177],[11,206,63]
8AGNvxPnzF7h35TxwZ7mKA,33.55274115,-111.8860107,4,[33.4655863,-112.0687564,33.639896,-111.703265],[88,7,38,47,39,11,63,24,27,340,210]
q1gHd-aGCcy0hV2y6g1uVA,33.5020036165904,-111.928035020828,1,[33.5020036165904,-111.928035020828,33.5020036165904,-111.928035020828],[168,99,11]
diDUDx82VePOC1hObkHwMw,33.52614715,-112.0130115,17,[33.413158,-112.150244,33.6391363,-111.875779],[265,11,210,224]
zNmc8wVnJdEAFZ8_axz_9w,33.421877800000004,-111.918876,3,[33.421643,-111.94542,33.4221126,-111.892332],[10,24,11,120]
B3qdI4-twEv7ULna5kamkA,33.6535487,-112.1011723,5,[33.5071469,-112.127874,33.7999505,-112.0744706],[48,11,99]
-52uGaONLC-U4aWaPO_mqg,33.61536235,-111.932838,11,[33.6071829,-111.9403254,33.6235418,-111.9253506],[11,63,33,123,65]
gppRn7ZtfMPpA6JUtrfQjQ,33.530485999999996,-111.92726350000001,3,[33.483281,-111.927632,33.577691,-111.926895],[49,80,82,59,63,27,11]
nETQKzamHokPBNCDBi2lxg,33.8000576,-111.9280264,6,[33.8000576,-111.9280264,33.8000576,-111.9280264],[65,158,17,28,161,29]
KXjnYDa_9q5EHRYXMrhSFQ,33.424939,-112.239795,1,[33.424939,-112.239795,33.424939,-112.239795],[27,11]
Q9YX5k3ICwUYGkMjADSokQ,33.588886450000004,-111.945714,13,[33.4942939,-111.966112,33.683479,-111.925316],[212,229,11,26]
0FtQgQTkVevP-jlna4VZNw,33.4527955,-112.0693177,55,[33.4527955,-112.0693177,33.4527955,-112.0693177],[99,48,11]
AQsRjhUL-SIY1_eadikrgw,33.56901,-111.888529,1,[33.56901,-111.888529,33.56901,-111.888529],[65,133]
oMGWeM12E8vy3ytmflf9bA,33.50870485,-112.03176435,2,[33.508118,-112.0359467,33.5092917,-112.027582],[33,44,11,57,99,7,36,69]
E4HbTIHd9PVjUnEKpysaLw,33.59523973830955,-112.02979245739749,75,[33.321061644794,-112.335666,33.8694178318251,-111.723918914795],[99,11,49,304,38,48,128,39,109,265,26,80,82,59,185,57,145,126,7,27,47,43,168,169,24,10,181,33,119,74,84,419,339,202,72,106,54,178,98,9,56,262,41,400]
IfZShpNnoVXVGQXVQ3uDEg,33.552176316767046,-111.92064970000001,139,[33.393062,-112.2797864,33.7112906335341,-111.561513],[127,11,229,185,26,99,7,142,108,119,48,24,251,224,212,43,98,120,39,38,218,219,49,158,178,28,189,10,168,177,140]
Gsl8Rv_1aUQEHOm-2zh8MQ,33.4169095,-111.96729205,5,[33.3210491,-112.0740123,33.5127699,-111.8605718],[109,38,11,39,63,126,97,168,42,43]
J2DNKekXCJB_4e9Sugu7Ig,33.3929982,-111.9127599,4,[33.3929982,-111.9127599,33.3929982,-111.9127599],[215,32]
VJxxyLQ_qQdQr2jGQreMgw,33.50776165,-112.09607374999999,7,[33.4787943,-112.264529,33.536729,-111.9276185],[26,11]
ASD50ww2JHhJ6ogYBkbyjQ,33.50257315,-112.03767305,5,[33.4951366,-112.0741143,33.5100097,-112.0012318],[48,11,7,108]
DR-CzKVj5Ek4X0flEgYPUg,33.640696,-112.052412,1,[33.640696,-112.052412,33.640696,-112.052412],[32,95,222]
tY2cl4KFdRngEnDvLuUcUQ,33.50156955,-111.92804290000001,39,[33.500545,-111.9296765,33.5025941,-111.9264093],[11,63,119,99]
3ib44lArqx6u21goebCbKw,33.5112,-112.341369,1,[33.5112,-112.341369,33.5112,-112.341369],[54,55,122]
4n5-TOoWBHOWHpKz3aD1jA,33.484239099999996,-111.98206404999999,6,[33.413704,-112.1119501,33.5547742,-111.852178],[28,17,29]
VBcuUp8GyOypdQgRMZzLEw,33.420919,-111.8769295,2,[33.419082,-111.925685,33.422756,-111.828174],[7,142,38,128,39]
gjbg1y9RrbkFZp9VzyU9pA,33.4931653,-111.92319115000001,125,[33.4922985,-111.9245517,33.4940321,-111.9218306],[119,26,185,11,210]
dlcDKOOlGeQ7Cu-6tAiHYg,33.481393100000005,-111.93769194999999,30,[33.4608045,-111.9477654,33.5019817,-111.9276185],[99,48,11,57,470,145,39]
MIU0SKL86NooDERTsEnx0g,33.1001535,-111.85127750000001,3,[32.879968,-111.97731,33.320339,-111.725245],[24,11,65,133]
ZMOoIXyu45BcJ1f6iSxhJg,33.4155507,-111.92754938513801,10,[33.3210491,-112.065567970276,33.5100523,-111.7895308],[168,11,119,99,206,98,7,108,104,105,65,42,43,26,185,10,24,63]
SpvK3A9mhCc7-Sd1bFCQQg,33.531328,-112.06466,1,[33.531328,-112.06466,33.531328,-112.06466],[43,11]
W10N7lgoG9YshvHUC7wSdQ,33.549147649999995,-112.02478825,35,[33.4581958,-112.1201999,33.6400995,-111.9293766],[43,11,38,39,33,6,7,35,139,34,441,142,24,119,109,145,186,57,45,65,148,204,10,98,9,44,40,205,27,128,120,15,191,26,127,137,8]
S5dDv-MF1Hh0GmMvQLbYgQ,33.4552907,-111.9878697,1,[33.4552907,-111.9878697,33.4552907,-111.9878697],[43,11]
7Zmh4FQh-p7UpD46nZbJtw,33.32263155,-111.8135422571885,6,[33.222722,-112.0641947,33.4225411,-111.562889814377],[49,178,4,6]
HRHlw19ahi3sOYTSeBNEgg,33.5083788,-111.8308524,17,[33.406846,-111.945394,33.6099116,-111.7163108],[218,41,11,7,139,24,9,201,99,48,296,117,404,451,219,27,149,97]
5IVem1W8rmh4bOahDqumig,33.5024095,-111.9955012,128,[33.5024095,-111.9955012,33.5024095,-111.9955012],[7,8,119,11]
bJxQIzdjoQfUs9dom-UIiA,33.3432384,-111.9592559,6,[33.3432384,-111.9592559,33.3432384,-111.9592559],[49,146,445,80,59]
L61jFmR3y7l9sO8Pc0dpLQ,33.710985,-112.200326,1,[33.710985,-112.200326,33.710985,-112.200326],[11,63]
FnBocag3jvovsME-3wfUTA,33.6988429,-112.101312,3,[33.6988429,-112.101312,33.6988429,-112.101312],[7,138,139,140,11]
BOA6IMbiZB2RVZFp-TTiKA,33.42263405,-111.94941985,120,[33.3794253,-111.9739415,33.4658428,-111.9248982],[38,7,47,39,48,128,11,120,33,44,99]
DGXi2EffyRgSKkCCTZS5dg,33.585312,-111.8348448,5,[33.585312,-111.8348448,33.585312,-111.8348448],[168,26,127,11]
3rZPxjLw1Wm5Ldkwv_mnqw,33.530982800000004,-111.94688785,168,[33.4360415,-111.9956337,33.6259241,-111.898142],[38,48,39,11,63,119,99,27,28,17,18,29,205,158,240,241]
Klz3XS2AxPp_By7S1T_7Mw,33.371839550000004,-111.9006924,5,[33.3210491,-111.940813,33.42263,-111.8605718],[168,42,43,11,7,137,8,139,307,212]
lx6_W3enjO50bnbVuXb6Tg,33.49112,-112.079081,16,[33.49112,-112.079081,33.49112,-112.079081],[26,11]
kS-iOhpYiTwua7GSAxUBzA,33.362444,-111.912417,1,[33.362444,-111.912417,33.362444,-111.912417],[15,6,191]
8sPCbR5LCbCVOrQaAFR_QA,33.55067245,-111.9498794,153,[33.491546,-111.9798208,33.6097989,-111.919938],[11,63,212,265,185,26,119]
bxlhIFYqCj9t_EeW0QKHJA,33.6202185,-111.8742551,5,[33.6202185,-111.8742551,33.6202185,-111.8742551],[63,27,11]
WxLmIOMEoC6K-G2qTpOuiw,33.529954200000006,-111.89607265000001,2,[33.4764284,-111.9086193,33.58348,-111.883526],[6,284,32,35,337,7,142]
hVnHDo3ZZiTXQV9n047uyg,33.51969788462115,-112.00128125,17,[33.4149286,-112.0775732,33.6244671692423,-111.9249893],[201,24,11,48,99,10,7,108,127,126,137,6,139,27,63,49,80,82,59,38,140,39,40,46]
I1QaUNNXHkVFq-HHfXKUBg,33.348162,-111.9819,13,[33.348162,-111.9819,33.348162,-111.9819],[26,11]
LcVBuYZ3JNDgqLw6KjhbaQ,33.5218465,-112.0648577,1,[33.5218465,-112.0648577,33.5218465,-112.0648577],[210,11]
kceJL3zBlc9nKGbtSKnN8g,33.4248865,-111.42247,132,[33.39926,-111.48069,33.450513,-111.36425],[57,333,99,185,11]
FcmMkQItjYG1iIkzoQ8oPw,33.822031,-111.90897,82,[33.822031,-111.90897,33.822031,-111.90897],[161,28,65,17,29]
hqjJDS_VxDqkiFPo1CtQUQ,33.32430495,-111.772682,7,[33.3054789,-111.789408,33.343131,-111.755956],[119,48,11,84,13,6,125,234,363,1]
C9v4oWOhiAm1__tpq_Sy2g,33.322155,-111.876336,1,[33.322155,-111.876336,33.322155,-111.876336],[7,162,201,194,11]
VGzAFhQmuTmA7vDPH6H16Q,33.6369667,-111.9222616,3,[33.6369667,-111.9222616,33.6369667,-111.9222616],[63,27,307,11]
IWkTQrqq5TXimBfvJ5Z7zg,33.460896149999996,-111.94407634999999,4,[33.3402863,-111.9647327,33.581506,-111.92342],[109,38,11,39,63,49,80,82,59]
XnoIg-UnpRjxXtuOB1Ev2A,33.8321973,-111.9453694,200,[33.8321973,-111.9453694,33.8321973,-111.9453694],[26,11]
Gr2_r6c5pFbOzofC6OrGkQ,33.611083,-111.994634,1,[33.611083,-111.994634,33.611083,-111.994634],[6,45]
z16quaoU7A7i81Rq9A2mJA,33.5802421,-111.9258314,1,[33.5802421,-111.9258314,33.5802421,-111.9258314],[48,206,11]
Xzmxb63jDy4NzkfWm2A_UQ,33.4938219,-111.9259965,4,[33.4938219,-111.9259965,33.4938219,-111.9259965],[7,142]
xi9m7grOd983TnPh0kw7vg,33.52030975,-111.91363215000001,165,[33.4860023,-111.9268138,33.5546172,-111.9004505],[99,11,27,33,119]
