digFqoIGaYRasnZBR019Vw,33.5878609,-111.70922,2,[33.5878609,-111.70922,33.5878609,-111.70922],[26,11]
eXcG6pTJqN8X7Qt1MCxYuw,33.383558,-111.874571,3,[33.383558,-111.874571,33.383558,-111.874571],[7,108]
9k3ByS0R3dBhVBhWeSk_5A,33.5384434,-112.1830859,2,[33.5384434,-112.1830859,33.5384434,-112.1830859],[311,11]
YIjGrzJRQVpoZNl1rGXQ9A,33.468475,-112.03160765000001,40,[33.303233,-112.274404,33.633717,-111.7888113],[126,11,63,265,39,38,48,128,88,298,109,99,296,168,7,33,47,309,285,26,127,333,182,24,108,119,97,30,13,6]
HEGknGrKWssFM-9JzRTtnQ,33.378303527832,-111.906135559082,1,[33.378303527832,-111.906135559082,33.378303527832,-111.906135559082],[26,11]
Gjfz25xRrvqL9MwTuMwj6w,33.4033669363438,-111.973214149475,63,[33.4033669363438,-111.973214149475,33.4033669363438,-111.973214149475],[28,17,29]
w1b0up5haKq7yOE2lv6rJA,33.51048045,-111.9446169,8,[33.4787939,-111.9641728,33.542167,-111.925061],[7,47,48,11,309,119,285,38,128,39]
Iq4beW4vsrvYk2lqKpimtQ,33.512562599999995,-112.00077945000001,19,[33.4240085,-112.0718824,33.6011167,-111.9296765],[48,11,38,99,39,28,170,128,17,29,46,6]
TlEfizHjEaVlLpYt5oKZRg,33.3861671231915,-111.887370829541,3,[33.378303527832,-111.906135559082,33.394030718551,-111.8686061],[26,11,24,63,27]
qd2aDVP6DkMWbyZzs2XgbA,33.6987337,-111.8899216,1,[33.6987337,-111.8899216,33.6987337,-111.8899216],[265,11]
7GYMv8LXlYCX6cFh3OmMEQ,33.50031435,-111.9666685,4,[33.4962205,-111.9691642,33.5044082,-111.9641728],[38,140,39,40,48,11,161,28,65,17,29]
ATRinh_36M5fh9pmVcmrvA,33.4642695,-112.0741442,16,[33.4642695,-112.0741442,33.4642695,-112.0741442],[11,63]
snXrAPzoE791KtgqdUaT5w,33.38914395,-111.84460415000001,12,[33.298078,-111.9432925,33.4802099,-111.7459158],[26,11,63,27,1,384,436]
ISkNPbDVpm1Rju5aG8d4Qw,33.4786571,-112.041781,3,[33.4477082,-112.070093,33.509606,-112.013469],[168,265,99,11,95,32,164]
sW1pYtC8LKu-YbmahhGgOg,33.4557012,-111.76862695,5,[33.436867,-111.7831529,33.4745354,-111.754101],[53,54,55,49,146,276]
FJ5S1gocOIeseyj3XTshAw,33.316379765104855,-111.8472319573975,43,[33.2976955302097,-111.970545,33.335064,-111.723918914795],[7,98,10,9,11,99,28,17,29,38,128,39,48]
jxoP75rNkiTt0aW_8NNeQw,33.5025941,-111.9296765,200,[33.5025941,-111.9296765,33.5025941,-111.9296765],[98,7,24,11]
EAgM3dQk6YAkRNxg6V7HMQ,33.4741375,-112.0649666,1,[33.4741375,-112.0649666,33.4741375,-112.0649666],[119,201,11]
ASeF8LsiyyWfFhK0TvSA4Q,33.57385415,-112.07839235,8,[33.5094352,-112.2296324,33.6382731,-111.9271523],[105,65,97,11,267,182,172]
X80hFH2DjjNXjfPu1Kj5iw,33.475607,-112.173005995485,27,[33.44238,-112.34971999097,33.508834,-111.996292],[38,143,39,109,11,63,205]
srNoX3QBtg4Rxa746JoWTA,33.3067291,-111.7221904,1,[33.3067291,-111.7221904,33.3067291,-111.7221904],[6,35,76]
Xj3_Hzk3HzV_Pj2mzemi5g,33.965721,-112.742297,6,[33.965721,-112.742297,33.965721,-112.742297],[11,27,63]
2vvn2In2juspuzaz5TLNGA,33.470823,-112.232875,10,[33.470823,-112.232875,33.470823,-112.232875],[57,18,39,145,17]
p24ECnwNOfdQMs6SDtZiiA,33.514308,-111.954578,200,[33.390792,-112.012504,33.637824,-111.896652],[109,38,48,39,11,158,28,49,193,59,7,63,17,29]
h_A9zBgwdgS4K64mTmPN3g,33.352693200000004,-111.83221395,4,[33.320411,-111.9754,33.3849754,-111.6890279],[119,11,7,47,48,27]
oxmND5ap0CjaBWoMQF8JDg,33.581134,-112.2400695,5,[33.581134,-112.2400695,33.581134,-112.2400695],[99,11]
EvnWg6ogPZQpBJHku_OP5A,33.35801445,-111.87637369999999,3,[33.3351559,-111.9631173,33.380873,-111.7896301],[26,11,74,24]
BuxGraZ7iB_nqV2vDFLa-A,33.639638,-112.220869,4,[33.639638,-112.220869,33.639638,-112.220869],[12,60,6,13,22]
o1RXCUoikkUribU0lKtFIg,33.550180499999996,-112.292307,6,[33.430535,-112.345359,33.669826,-112.239255],[140,11,229]
qGSlNKvynlMAdPQzAjRrTg,33.6071829,-111.9403254,2,[33.6071829,-111.9403254,33.6071829,-111.9403254],[11,63]
VOhm_qsa-Ga_otVJBnum_w,33.454010749999995,-111.99952075,10,[33.4074496,-112.0741143,33.5005719,-111.9249272],[8,7,138,139,192,323,11,108,119,430,99,48,296]
qx6xbw1V8VqTp5FBnXCMYw,33.575415,-112.0651595,5,[33.575415,-112.0651595,33.575415,-112.0651595],[33,11]
LmP06JRoOwVbGlODdfraCQ,33.4949678,-111.9241443,1,[33.4949678,-111.9241443,33.4949678,-111.9241443],[11,63]
ZVBvgWyq0ZP-Td2SXMeDAA,33.522197950000006,-112.0329335,15,[33.348162,-112.132915,33.6962339,-111.932952],[326,80,84,59,49,262,212,26,11,82,7,8]
si6Lhj6yhNUW16mqpEp-iQ,33.5039024,-111.96184545,8,[33.498028,-111.9957399,33.5097768,-111.927951],[38,48,39,11,352]
UoqlSDBjvZeAspIZ6J06ag,33.444009043415,-111.99464325,21,[33.37797828683,-112.079081,33.5100398,-111.9102055],[6,155,54,156,119,11,224,38,48,39,7,313,27,104,105,65,33,185,208,35,40,28,17,29,181,126,97,142,99,168,380,139,63,140,265]
bx6FGR3w_XQDeKu8653-Rw,33.39536995,-111.92757764999999,19,[33.3044612,-111.9945753,33.4862787,-111.86058],[46,6,7,168,380,139,185,11,119,99,187,36,27,63,26,43]
Ym-wn5Ov0_N9rcdulXUvTQ,33.348763010086,-111.9443510501,12,[33.348763010086,-111.9443510501,33.348763010086,-111.9443510501],[119,62,24,17,11]
O0WWBU6acBCzzYjyXaouUQ,33.57653145,-111.886276,6,[33.5243639,-111.8985922,33.628699,-111.8739598],[30,8,13,6,7,110,96,72,127,11]
V8TuNMIpbDQUHyHdGmm-Qw,33.26305255,-111.7286751,37,[33.017727,-112.0649272,33.5083781,-111.392423],[26,11,161,28,65,17,29,210,48,224,98,7,206,27,63,39,38,128]
kWtw8f9MiodFcMUipiWkag,33.4741375,-112.0649666,2,[33.4741375,-112.0649666,33.4741375,-112.0649666],[119,201,11]
yEoAJbpUHziVFDCac6uIOg,33.678615,-111.9746066,3,[33.678615,-111.9746066,33.678615,-111.9746066],[7,99,47,11]
r69-5-hTFwy0us1hCBxzKA,33.5104501,-111.9890776,3,[33.4966128,-112.0478898,33.5242874,-111.9302654],[137,7,6,139,99,127,11,43]
VyQ0gTpyO06Gffa6VErOIQ,33.3192686114948,-111.981797218323,28,[33.3192686114948,-111.981797218323,33.3192686114948,-111.981797218323],[99,11]
WYTlF1yd0OXS4ZvOoVUg6Q,33.4587437,-112.0775732,2,[33.4587437,-112.0775732,33.4587437,-112.0775732],[7,108]
phc7lq8JtH_jVPac81K-eg,33.5445219323239,-111.993868771017,169,[33.493947,-112.065436542034,33.5950968646478,-111.922301],[28,17,29,168,99,11,49,445,66,52]
xGoJzg_yhTU16TVynBP4uw,33.58513,-112.04572780000001,10,[33.491645,-112.116849,33.678615,-111.9746066],[33,11,7,36,38,140,39,40,48,44]
lr5MO6IP_7bBGrOlBhznbA,33.4150348,-111.9184724,1,[33.4150348,-111.9184724,33.4150348,-111.9184724],[182,48,140,11]
n0YlhsC4J72O1r5YcqD7OQ,33.5276923,-112.0542407,10,[33.4556584,-112.1839297,33.5997262,-111.9245517],[126,11,27,63,38,181,39,40,212,293,182,218,307,109,48,210]
RLrutjrwhrI0YtFvBGQfsg,33.465341,-112.166488,24,[33.465341,-112.166488,33.465341,-112.166488],[28,17,29]
PSq-qlBXjTdsGhlxt7ZYmA,33.482876399999995,-112.0539023,3,[33.4581958,-112.0676886,33.507557,-112.040116],[38,6,145,186,57,39,26,11]
Y3oiIwIVjiazTX8W6sA71g,33.700033,-111.888462,1,[33.700033,-111.888462,33.700033,-111.888462],[27,11]
rSrxaxqxn2T2c7JBbqxzcg,33.5006532,-112.0739689,1,[33.5006532,-112.0739689,33.5006532,-112.0739689],[27,63,24,11]
sHokapvPkjRAmeyBian4fw,33.51059535,-112.06344225000001,2,[33.509517,-112.0653185,33.5116737,-112.061566],[210,11,88,38,39,298]
GevDiV1jhZL0Ga-SWyFw9Q,33.4214126082706,-111.942980289459,27,[33.4214126082706,-111.942980289459,33.4214126082706,-111.942980289459],[7,108]
bYdUMQluPbp_zbIs_RLYDQ,33.4137139,-111.89642175,39,[33.316607,-112.0800705,33.5108208,-111.712773],[98,7,210,181,11,89,309,119,285,39,298,57,145,117,177,108,149,126,373,97,229,99,129,78,278,79,251,38,101,439,63,27,24,33]
_fbvlajq2-rkZpu_n2FeHA,33.4727659,-112.05210735,200,[33.3046998,-112.2618153,33.640832,-111.8423994],[126,11,38,140,39,40,48,27,210,63,182,99,265,97,128]
_dnPdok9c9eTf_IZrXcFCw,33.497154249999994,-111.9279558,2,[33.4922985,-111.9313599,33.50201,-111.9245517],[210,11,265]
o08xNXC1fUzCMkM-PfcUCQ,33.548472200000006,-112.27372015,6,[33.486037,-112.363237,33.6109074,-112.1842033],[65,133,49,28,178,17,29,127,11]
WpOXBiNf7vmRxZf1oTDncg,33.503401350000004,-112.0603943,12,[33.4978009,-112.0837798,33.5090018,-112.0370088],[13,6,115,372,38,11,99,128,39,175,129,121,79]
LdDbCpUXrIkflSHFbhMeuA,33.4949556,-112.1533049,1,[33.4949556,-112.1533049,33.4949556,-112.1533049],[26,11]
HIphWyV-Sw3peXdvST3vTQ,33.4823893,-112.3408511,7,[33.4823893,-112.3408511,33.4823893,-112.3408511],[212,11]
YM-3r_KcnOACdNuY5uRkRA,33.4769738,-112.03753499999999,3,[33.4587811,-112.0722742,33.4951665,-112.0027958],[26,172,11,6,156]
9wl224U7ZQrNggpWVsiLTg,33.47209395,-111.96716699999999,12,[33.304861,-112.0994892,33.6393269,-111.8348448],[48,11,265,185,463,38,251,39,40,168,26,127]
ESb5cHmhe5dc_irM9TJXZg,33.5440336,-112.082878,11,[33.4493777,-112.240062,33.6386895,-111.925694],[88,7,38,47,39,119,99,11,218,210,177,140,43,265,483,89]
lgAgkEspbjBm5fyq8aeRVw,33.5693705,-112.03960330000001,11,[33.483281,-112.153574,33.65546,-111.9256326],[7,142,49,469,146,63,27,11,141,345,6,108,10,24,20,23,415,59]
TeWqfxTbElUEQrD-atgP9Q,33.4471735,-112.073781,5,[33.4471735,-112.073781,33.4471735,-112.073781],[11,63]
rPWrdIpaQOzzvTk5jmze9w,33.6097989,-111.9271921,6,[33.6097989,-111.9271921,33.6097989,-111.9271921],[11,63]
QHguW0BNdNF4lr8YyNmXkg,33.49895495,-112.04034254999999,6,[33.4795408,-112.0759353,33.5183691,-112.0047498],[44,99,11,27,185,38,140,39,40,48,33,120]
PJw7KwoN0pLcpuymKuBgww,33.36376,-111.9272987,13,[33.36376,-111.9272987,33.36376,-111.9272987],[183,65]
67KYMQXVpzdk0UKC0XOpCQ,33.4287313,-111.9415049,200,[33.4287313,-111.9415049,33.4287313,-111.9415049],[28,342,240,241]
W04m5b-RAMHUMdOim5F22A,33.3216034,-111.9626175,3,[33.3216034,-111.9626175,33.3216034,-111.9626175],[126,11]
UGJ5j2Ehx2Y9VOrplY6gXQ,33.6101518,-111.9768512,3,[33.6101518,-111.9768512,33.6101518,-111.9768512],[49,193,59]
djvhydFeF-vGgMxAUcO_yA,33.6664090822268,-112.005775741835,1,[33.6664090822268,-112.005775741835,33.6664090822268,-112.005775741835],[175,129,332,79]
MEk6iSr_62iszYV_KATeGA,33.4940321,-111.9218306,14,[33.4940321,-111.9218306,33.4940321,-111.9218306],[99,26,17,28,29,11]
p8rErwXZjnyvvzSTQdXTXQ,33.45308405,-112.0433222,4,[33.4292429,-112.0737828,33.4769252,-112.0128616],[26,11]
5bWDb4aEAy5lqjJkugMrrA,33.637239,-112.275823,1,[33.637239,-112.275823,33.637239,-112.275823],[33,11]
NkNlab29hK1SJFncumAKmQ,33.6104455,-111.96159349999999,3,[33.597427,-111.997299,33.623464,-111.925888],[175,129,79,6,21]
2rlBbFPHyZjXSFSE8r551w,33.5342344,-112.12341035,200,[33.42135,-112.3556173,33.6471188,-111.8912034],[126,97,11,28,17,29,168,169,251,39,63,99,38,72,154,265,7,449,27,142,182,18,9,10,46,6,177,26,48,205,36,8,224,240,241,84,124,125,43,128,212,293,49,178,80,82,59,170,13,30]
DpVx97OZBNmsODPoq_0G0A,33.4948197,-111.9798208,1,[33.4948197,-111.9798208,33.4948197,-111.9798208],[119,11]
qaAmAU9T_t84UDGiBI98sw,33.49636405,-112.07749814548501,135,[33.3260297,-112.34971999097,33.6666984,-111.8052763],[206,11,38,99,39,40,177,140,205,7,8,108,145,57,63,377,88,48,47,109,210,143,17,18,6,70,128,185,24,265,126,33,13,61,35,76,119,101,168,224,251,182,192,172,43,36,298,247,15,191,44,313,27,219,218,41,45,65,148,204,98,10,212,69,28,29,32,203,89,26,292,142,104,352]
aq1QwTQonzC0dlkWEVozkg,33.493947,-111.922301,1,[33.493947,-111.922301,33.493947,-111.922301],[11,63]
9e9LSaguL3bhEYktZN6TNA,33.7005934,-111.9235128,4,[33.7005934,-111.9235128,33.7005934,-111.9235128],[26,11]
3-pFWCqqsHq3RqEMTvjaKA,33.5801063,-112.2645235,1,[33.5801063,-112.2645235,33.5801063,-112.2645235],[49,319,59]
24GIjH91K-KjKoLya56HHw,33.5804914,-111.91450954999999,6,[33.5218465,-112.150244,33.6391363,-111.6787751],[210,11,41]
vM8dDV8H94c-kMQsmSMWAA,33.673033,-112.237787,1,[33.673033,-112.237787,33.673033,-112.237787],[54,238]
UfBeb7j8AWfA8xwNin2Vvw,33.363419,-111.8337341,8,[33.333655,-111.8763382,33.393183,-111.79113],[7,108,43,11,227,32]
wFTLGCTeeaOSmw9RB7c58A,33.4577071,-112.0686108,22,[33.4577071,-112.0686108,33.4577071,-112.0686108],[212,43,11]
9ciypC9v7QSILPpT5lacFw,33.4536003,-112.3411673,4,[33.4536003,-112.3411673,33.4536003,-112.3411673],[119,11]
W2ZuUQlQtUcriib3MvX70Q,33.380969,-111.70048,1,[33.380969,-111.70048,33.380969,-111.70048],[37,32]
Pt2n4pWaTWDmFiL-C2As7A,33.6343867,-112.3768331,200,[33.6343867,-112.3768331,33.6343867,-112.3768331],[28,17,18,29]
K_6ykd8OJonATSaOLdS7OQ,33.465368,-112.072134,3,[33.465368,-112.072134,33.465368,-112.072134],[7,108]
Hulc7KiNeQq0rMCdR4HGbg,33.54184525,-111.9036242,24,[33.4804588,-112.0917465,33.6032317,-111.7155019],[7,379,210,108,11,13,113,6,480,22]
IvOV0l5hdbhbx7N-gIg7AA,33.497326400000006,-112.06161975,4,[33.4493238,-112.0800705,33.545329,-112.043169],[99,11,39,298,57,145,63,27,24,26,17,18]
H-wI5viyLiUAKZDGkmWTmw,33.5151013,-111.93896545000001,17,[33.3929996,-111.9957399,33.637203,-111.882191],[7,142,119,48,201,11,98,24,27,54,55,122,104,161,65,220,38,39]
be4sQETBHHzqdM_qc6mDlA,33.4527955,-112.0693177,5,[33.4527955,-112.0693177,33.4527955,-112.0693177],[6,110]
HTEWfQ85E9om_ObrMOEtDA,33.4495566,-112.0740194,1,[33.4495566,-112.0740194,33.4495566,-112.0740194],[224,11]
Vtf_KgrcGbk1LOKicY3lNg,33.445634,-111.9893867,12,[33.2664769,-112.0744706,33.6247911,-111.9043028],[26,11,48,63,109,38,39,168,181,229,265]
5DO6lmUwiYeVKklv_txKJQ,33.50562505,-112.004152,149,[33.4938219,-112.0823075,33.5174282,-111.9259965],[7,142,292]
WhhKmQRrzAgyMiC7AoXB8g,33.5043688,-111.9704541,67,[33.4986978,-112.0146407,33.5100398,-111.9262675],[126,11,33,38,39]
0PTxYeiZpCmr9Lj9sOJVLg,33.3650242,-111.9292152,1,[33.3650242,-111.9292152,33.3650242,-111.9292152],[64,65]
oCjrFKcvqVACBkVh3LTqwQ,33.48514808900255,-111.9139174573975,12,[33.321061644794,-112.103916,33.6492345332111,-111.723918914795],[49,50,52,99,11,71,72,177,140]
fIL-xbhuBoUc1FaMvyb5iA,33.60661305,-111.91877199999999,9,[33.542193,-111.9307637,33.6710331,-111.9067803],[126,11,168,265,465,39,97]
a8gpBi7biN9VAoJwKgl3Xw,33.4431915,-111.9305098,72,[33.303241,-112.0712298,33.583142,-111.7897898],[7,108,24,11,26,84,147,112,6,420,119,48,89,97,57,69,38,40,39,182,99,313,27,65,133,189,10,137,8,139,177,98,292,17,62,63,140,359,148,149,12,61,13,114,306,126,32,314,45]
rDrezhG1fMAFhhgkeMW_ig,33.4571246,-111.9999114,111,[33.4354553,-112.0739136,33.4787939,-111.9259092],[309,119,285,11]
um1_9kj76263MrHLZf6OfQ,33.479992,-112.076718,2,[33.479992,-112.076718,33.479992,-112.076718],[307,27,172,11]
1ZQ-1m-FXLolMb4jmdN4Ww,33.5073805,-111.99508465,17,[33.4150348,-112.081655,33.5997262,-111.9085143],[48,11,224,24,13,6,126,97,7,313,27,26,223,168,65,133,12,114,22,38,265,39,119]
ziyc67QbOVfIBhq4bq7CqA,33.4956035,-112.0999122,4,[33.4956035,-112.0999122,33.4956035,-112.0999122],[7,292,24,11,185,27]
0EM8JSXYMPWeDz5PrN3omg,33.37041,-111.72057225,94,[33.347758,-111.756931,33.393062,-111.6842135],[212,11,99]
sZbWmJaK4e57bL2YxLbQHQ,33.479508,-112.074206,1,[33.479508,-112.074206,33.479508,-112.074206],[74,24,11]
31-_ctgdxvTLsPBKdRFf1g,33.33471,-111.9739405,2,[33.332316,-111.977504,33.337104,-111.970377],[24,11,7,36]
mnLWk7YjGmn4JmA_sJfpOg,33.480558366596554,-111.9782102161665,14,[33.378287,-112.0693177,33.5828297331931,-111.887102732333],[109,38,11,39,440,136,17,63,27,119,99,7,162,48,273,128,40]
eiWt177WBEXPR88ZRmtp1A,33.56544165,-111.99428445000001,20,[33.5237004,-112.0482435,33.6071829,-111.9403254],[210,11,99]
eL2AbD_vXdP57eewFH21lQ,33.640021649999994,-112.11065260000001,67,[33.4075613,-112.3040101,33.872482,-111.9172951],[11,88,38,39,89,126,97,7,162,57,145,40,48,108,33,26,12,13,6,49,368,140,24,142,120,27,46,18,51,17,182,99,185,109,326,52,173,112,127,61,114,265,270,63,307,212,309,285,119,28,170]
2ROwNmjIV_D5wx5H0zElaw,33.611228249999996,-112.08069365,7,[33.5852839,-112.2354666,33.6371726,-111.9259207],[177,140,11,57,145,205,39,48,27,63]
MN3l0D320PYpKTEd3hbTyg,33.4556063,-112.22723355,4,[33.430535,-112.345359,33.4806776,-112.1091081],[11,27,63,229]
LX23Z1Qnjaif9NBjhmXeVA,33.57777985,-111.9081647,3,[33.481143,-111.926886,33.6744167,-111.8894434],[71,72,33,48,307,11,109,38,265,39]
ACioRQa1Lbua3qLoDRMU0Q,33.394432,-111.875578,1,[33.394432,-111.875578,33.394432,-111.875578],[7,292,108]
U6Uwhvf-HpigDGmQN6UVrQ,33.61425225,-111.9078872,15,[33.5822084,-111.9403254,33.6462961,-111.875449],[26,11,33,99,24,168,48,229,119,43,63,44,296,7,292]
IwxFKXDokKZdiD5iUdJPgQ,33.458690802135095,-111.98213709999999,61,[33.3057308,-112.2610692,33.6116508042702,-111.703205],[7,11,63,33,38,39,24,108,119,97,99,143,293,48,47,185,322,57,292,27,177,65,133,205,206,357,26,126,142,40,117,309,285,137,6,139,17,18,149,88,89,69,56,298,98,10,9,261,54,55]
GtbDaYhCWm6Sd_nB6Je7uQ,33.731871,-111.852863,1,[33.731871,-111.852863,33.731871,-111.852863],[48,11]
TVE5WWrjDfvKLU7bl3zdcw,33.477178,-111.925799,6,[33.477178,-111.925799,33.477178,-111.925799],[119,48,24,11]
pDcUq6yPyJOak_urcM9IvQ,33.4074413,-111.9099121,2,[33.4074413,-111.9099121,33.4074413,-111.9099121],[224,11]
EcjQPslhLt5v6WKhh0a56g,33.5090349082952,-111.97879851041401,106,[33.5020036165904,-112.029562,33.5160662,-111.928035020828],[168,99,11,57,7,36,69,161,28,65,17,29,265]
4iyTyF7726rzcg-LhP73-w,33.65401405,-112.1855331,39,[33.594892,-112.272659,33.7131361,-112.0984072],[27,11,117,7,33,142,192,177,140,9,119,168,41,48,138,8,139,63,185,26,10,6,45,44,57,69,49,18,51,17,43,99]
zn2Qd-M3lroZV3tqHgMQOA,33.43475,-112.00644,200,[33.43475,-112.00644,33.43475,-112.00644],[28,170]
77gfRbtdUDCFaFTXEsS5ug,33.49181445,-111.92596950000001,7,[33.413062,-111.976406,33.5705669,-111.875533],[212,43,11,34,6,32,35,308,54,195,65,251,98,7,126,97]
1LKiHzIWKhKHhk7IjcxQ4A,33.494205,-111.931447,136,[33.494205,-111.931447,33.494205,-111.931447],[48,11]
DHa4XNvsYnsb7r_TUIpJpg,33.35254925,-111.88504465,8,[33.320666,-111.964813,33.3844325,-111.8052763],[54,55,122,88,38,39,298,11,99]
fRRlukRggSeaIxPtG8KlrQ,33.508834,-112.083991,1,[33.508834,-112.083991,33.508834,-112.083991],[38,143,39,205]
C8Ha0_DXfTtAWs2oZDwkHg,33.46439595,-111.79050745,6,[33.3060079,-111.891987,33.622784,-111.6890279],[6,118,7,162,99,11,47,48,27,101,38,57,39,145]
nIY1A4bfNW02R8qcKxlMcA,33.4360415,-111.9956337,200,[33.4360415,-111.9956337,33.4360415,-111.9956337],[28,240,241]
wPFD5u0xHFgndWZtHyPXeQ,33.5005719,-112.0741143,9,[33.5005719,-112.0741143,33.5005719,-112.0741143],[7,108]
l61ZBqg2BPd0-6_Uq_3hfw,33.444799,-112.066662,24,[33.444799,-112.066662,33.444799,-112.066662],[57,327]
V60Rzx_X6pgcrWJLxgL94A,33.5357223,-111.99455069999999,48,[33.3928296,-112.069119,33.678615,-111.9199824],[120,11,33,38,99,39,128,7,98,10,9,119,24,27,63,47,48]
Kxq8CUBtcaTvJL3xdCuPwQ,33.3664335,-111.87235605000001,7,[33.306499,-111.9398551,33.426368,-111.804857],[78,79,224,11,88,38,39,298,197,23,344]
JLT6zTZkb2b_ZmO3KP4GEQ,33.710985,-112.200326,1,[33.710985,-112.200326,33.710985,-112.200326],[11,63]
flAmUV9Om9aQIggnueySqA,33.4654514,-112.29273570000001,6,[33.4652378,-112.340224,33.465665,-112.2452474],[6,284,35,212,11]
hi2zlTWwrbf4UjI2sICX2g,33.4951002,-111.9286582,6,[33.4951002,-111.9286582,33.4951002,-111.9286582],[123,65]
h13zRxs4UjUB2QhzN3B4Dw,33.415472,-111.834474,1,[33.415472,-111.834474,33.415472,-111.834474],[57,69]
K4Kj14zZX3WM6Shgo5hpwg,33.513722650000005,-111.9456303,200,[33.4938219,-111.9652641,33.5336234,-111.9259965],[161,28,65,17,29,7,142]
ULm3xTh4tmWkIWTLEyQBQg,33.4619535,-111.9955475,25,[33.414345,-112.078064,33.509562,-111.913031],[322,57,61,13,6,21,98,7,119,24,11,182,48,140,26,108,192,139,36,470,145,39,212,97,109,38,40]
6eQ73TkhShgf1F2Wa5wy1A,33.6005624,-111.7163108,4,[33.6005624,-111.7163108,33.6005624,-111.7163108],[7,36,38,39,40]
GmHiN7D4Lq8O2XLPjI0C2w,33.53312335,-111.8778049,3,[33.481615,-111.9248666,33.5846317,-111.8307432],[72,354,65,133,26,11]
-cms2ELbzY2rSyGCVcioUQ,33.35776845,-111.96528,30,[33.2664769,-112.05577,33.44906,-111.87479],[26,11,251,43,60,6,446,126,33,44,30,8,13,7,110,123,65,208,35,96,72,24,48]
kVt4K8ySJ6ytgOdvErwKkg,33.652755,-112.2559024,3,[33.652755,-112.2559024,33.652755,-112.2559024],[43,11]
gCGTKUnpqUH8Wa9zdz-8ZA,33.42263,-111.940813,3,[33.42263,-111.940813,33.42263,-111.940813],[27,11]
ROiNtvlyB1vcOi-0mg2aLA,33.3350308,-111.877431,3,[33.3350308,-111.877431,33.3350308,-111.877431],[126,97,11]
BSP2Jjppw4bgmIJq2SXYYw,33.492693700000004,-111.9251204,50,[33.491546,-111.9268138,33.4938414,-111.923427],[26,11,27]
NT3XvRzcLtDCUgl6Cjb5ew,33.458871,-112.077177,14,[33.458871,-112.077177,33.458871,-112.077177],[11,206,63]
ACI8SaVWPin4yLJpJQ8lLA,33.4922985,-111.9245517,12,[33.4922985,-111.9245517,33.4922985,-111.9245517],[210,11]
0IJZx0qg7mmgZxPOMqQzLg,33.416355,-111.685046,6,[33.416355,-111.685046,33.416355,-111.685046],[185,11]
YCy_EX_dbIF3PS_1ogfucw,33.43593284092,-111.840901576755,2,[33.4084734,-111.92700305351,33.46339228184,-111.7548001],[88,38,39,89,11,71,72]
0QMnMFL2OT0eGjwggvV7fg,33.50874075,-111.94402865,2,[33.495263,-111.9595033,33.5222185,-111.928554],[28,17,29,26,11]
7P-sdXXi0juQsmjShb8UDg,33.3799871,-111.7641091,4,[33.3799871,-111.7641091,33.3799871,-111.7641091],[371,54,242,238]
-r94Cem9OAOGD18F3igsUA,33.3941184,-111.9091208,7,[33.3941184,-111.9091208,33.3941184,-111.9091208],[212,361,11]
O56cSzb2SCRK2pnJfiUCkg,33.334493,-111.806251,2,[33.334493,-111.806251,33.334493,-111.806251],[96,72]
kP9uKuwYxKMOX5Q6-YaBkw,33.6393269,-111.8792188,1,[33.6393269,-111.8792188,33.6393269,-111.8792188],[48,11]
z5sjZuIGYVfh7IEnmCA7Ng,33.613679244298,-111.905461620225,12,[33.587122088596,-111.9746009,33.6402364,-111.83632234045],[371,54,27,11,223]
qj01fLOPbLHl0lSDg70IQQ,33.4593423,-112.3404129,1,[33.4593423,-112.3404129,33.4593423,-112.3404129],[33,44,11]
LCu7iJKobAHoECWxl5JIAw,33.407162416802,-111.91035657289,2,[33.407162416802,-111.91035657289,33.407162416802,-111.91035657289],[404,451,11]
jsEE-kL1yrhPkmvD5Y3z6Q,33.50054555,-111.9995909,5,[33.491645,-112.073196,33.5094461,-111.9259858],[38,140,39,40,48,11,63,27,265]
Vq7mSrFyHdu8jtXuRjiYBw,33.4771822,-112.08278815,9,[33.3488854,-112.186667,33.605479,-111.9789093],[26,11,7,169,391]
cC4HKrz_U13FqzkhvPlFNg,33.583991,-112.07559795,9,[33.48585,-112.103734,33.682132,-112.0474619],[48,11,43,288,32]
ulaVuEG-7ZkUUZzPdYZsVw,33.373465,-111.971852,19,[33.373465,-111.971852,33.373465,-111.971852],[158,28]
b8amFHFX0bHs0wPxhc5q9A,33.4701667070276,-112.0936029492575,32,[33.316873,-112.261001,33.6234604140552,-111.926204898515],[99,11,98,7,24,108,182,139,137,48,33,119,246,17,423,27,28,170,12,13,6,22,57,228,10,39,298,145,175,129,121,79,470,307,212,43]
tsTR5727VZrW0wBpPQNp1w,33.645047,-112.10227130000001,5,[33.42135,-112.2797366,33.868744,-111.924806],[7,108,296,11,244,172]
qnKIo8tz7cHpldnQL4otSA,33.39265925,-111.80120314999999,9,[33.3923189,-111.9146765,33.3929996,-111.6877298],[7,292,99,48,11,104,161,65,54,220]
iyvVz7Dlh3hi9TuzljHzWA,33.4223528,-111.8234151,10,[33.4223528,-111.8234151,33.4223528,-111.8234151],[26,11]
-sHOugMpr6EFX4JlmW-ihw,33.446209,-112.1660877,4,[33.446209,-112.1660877,33.446209,-112.1660877],[84]
wLGAly5XeIa9e5N-y8bSXQ,33.6401752,-111.9951643,1,[33.6401752,-111.9951643,33.6401752,-111.9951643],[33,99,26,11]
6XCs1NW_ry0fQprUUX7NFg,33.547495,-111.92358,6,[33.547495,-111.92358,33.547495,-111.92358],[28,17,29]
4BbljfMkJ3B42eCBUqtH_A,33.43475,-112.00644,39,[33.43475,-112.00644,33.43475,-112.00644],[28,170]
xqsXHbk4GjnE9BjJy1RjXA,33.4930514,-111.9339561,11,[33.4930514,-111.9339561,33.4930514,-111.9339561],[28,17,29]
dYrImlowC2KZDufnT4hhHw,33.4950535,-111.9958183,1,[33.4950535,-111.9958183,33.4950535,-111.9958183],[11,27,63]
Fs8RZvjJpA6njxZ5WbFVPw,33.35804905,-111.71226055,15,[33.3237792,-111.7898601,33.3923189,-111.634661],[185,11,26,265,99,7,292,48,63,27]
aPJN4b4T0HD0QJjNmnlTWQ,33.492335,-111.9236549,3,[33.492335,-111.9236549,33.492335,-111.9236549],[38,99,39,40,11]
d4mML3pnVqH7sQwlusN9dQ,33.4220556,-111.9510972,16,[33.3488977,-111.991453,33.4952135,-111.9107414],[84,147,212,11,419,168,48,63,119,99,39,38,26,78,79]
-ols51bkAFcbRVEn7IO-eA,33.3488956,-111.859126,1,[33.3488956,-111.859126,33.3488956,-111.859126],[180,20,23]
mgNvcCrxvdvSLtiZ5MkEsw,33.4501870237925,-111.96990403954999,39,[33.434845147585,-112.07211772211,33.4655289,-111.86769035699],[26,11,38,99,39,128,185,48,24]
tSWFhwHTFnQ4r3mhDV3z0Q,33.2504097,-111.6341365,1,[33.2504097,-111.6341365,33.2504097,-111.6341365],[168,11]
bZQxAcGzZEnDgRdpV85LcQ,33.494446,-111.900732,63,[33.494446,-111.900732,33.494446,-111.900732],[28,190]
nEk8nJKfNS7gYATAgrKS6A,33.2618144,-111.8602742,2,[33.2618144,-111.8602742,33.2618144,-111.8602742],[177,11]
1IF1mrKtZqbkfkYGOTy8sg,33.304894,-111.9490283,1,[33.304894,-111.9490283,33.304894,-111.9490283],[219,218,11]
e1zHLlPRDeUp-NheUI32kg,33.454954799999996,-111.96613675,32,[33.406538,-112.026154,33.5033716,-111.9061195],[39,119,48,38,11,7,108,293,28,17,29,26,99,40,182,140,142,27,240,241,109]
e1hgsA7WvXHZ2YXanV7rZg,33.3694231,-111.8954455,45,[33.319395,-111.915926,33.4194512,-111.874965],[38,7,47,88,39,48,11,182,140]
9u6D73W4_3sCG7BhwsmCpQ,33.6097989,-111.9271921,15,[33.6097989,-111.9271921,33.6097989,-111.9271921],[11,63]
eJuwXskIZgYONY5V5gyJsA,33.633112,-112.063661,42,[33.43475,-112.232875,33.831474,-111.894447],[30,13,6,11,63,106,54,28,170,7,8,270,210,109,38,39,99,265,128,3,93,376,335,26,202,72,27,57,145,317,85,49,312,45,105,65]
lvw3M-0n4Y44ueUZxtjV5g,33.569402,-112.1204191,24,[33.569402,-112.1204191,33.569402,-112.1204191],[38,145,57,88,39,298,11]
2max7Ilz0lGIYtYrxRGRKw,33.2976776,-111.9968176,14,[33.2976776,-111.9968176,33.2976776,-111.9968176],[106,54,107]
Gzh0bqpep09TGIrpWf2Byg,33.401341099999996,-111.9000084,22,[33.3929472,-111.9427538,33.409735,-111.857263],[26,11,38,39]
rZyQwEhuz609yfjb7Bt-_A,33.5478355,-112.0474569,49,[33.5478355,-112.0474569,33.5478355,-112.0474569],[28,17,29]
Fegjpm5t6t4AsSvN6_c-Xg,33.373465,-111.971852,7,[33.373465,-111.971852,33.373465,-111.971852],[158,28]
L6-K7i4Ir1blOPOpLM3AcA,33.518000799999996,-112.01818804999999,13,[33.4548476,-112.1091081,33.581154,-111.927268],[78,79,39,168,265,38,11,182,172,27,63,84,147,48,24,345,6,346]
cCKWtWEVlgFVLNV_Zln88g,33.49718195,-111.92700495,29,[33.4922985,-111.92975,33.5020654,-111.9242599],[109,38,48,39,11,210,28,17,29,177]
8S0c4rfbPN8uVC62i48vXQ,33.538083,-112.0830945,200,[33.449233,-112.100731,33.626933,-112.065458],[212,26,11,27,28,17,18,29]
pWTUeXZKI6oJ78WTET5y2A,33.56850565,-112.13343913253,89,[33.304814,-112.39201426506,33.8321973,-111.874864],[224,41,11,33,26,48,210,265,126,97,352,27,109,38,39,63,212,218,168,181,229,307,182,172,17,62,338,382,206,119,99,98,7,139,140,40,47,49,320,321,193,59,142,194,127,30,13,6,219,43]
X4myQJbeelTkszOrxiBqnA,33.581443,-112.170152,200,[33.581443,-112.170152,33.581443,-112.170152],[99,44,11]
ylwy29Ip1iyijkg7v4HpoQ,33.5123186,-111.995355,8,[33.5123186,-111.995355,33.5123186,-111.995355],[119,99,11]
iSMdNBzQAGHi0vhd6QildQ,33.69892915,-111.9520578,15,[33.5997853,-111.9869486,33.798073,-111.917167],[119,201,99,11,63,7,36,8,26,4,13,6,160]
uGwFgtNEo3Zp3z_7TQyYAA,33.5824302783656,-111.928185224533,2,[33.5824302783656,-111.928185224533,33.5824302783656,-111.928185224533],[7,108]
vqxfgaAxZw7d3lXxlsfClw,33.6396481,-112.1524188,1,[33.6396481,-112.1524188,33.6396481,-112.1524188],[49,80,82,59]
DrJnC62-eMRnFai6immsbQ,33.59173255,-112.23717189999999,72,[33.3210491,-112.613772,33.862416,-111.8605718],[119,11,38,39,293,7,142,224,149,251,126,265,483,48,84,124,125,105,65,43,157,103,168,42,99,120,128,185,26,309,285,27,63,33,41,44,177,98,117,49,312,304,387]
hSUPPQfL8jA-F9q51vqniA,33.390792,-112.012504,5,[33.390792,-112.012504,33.390792,-112.012504],[99,246,7,119,139,24,17,423,11]
dzT85Mb7NkW9bIemaWHx2w,33.4948142,-112.0536454,1,[33.4948142,-112.0536454,33.4948142,-112.0536454],[430,11]
JeflQF9SF6DzapBkueMdOg,33.4658779,-111.9061195,1,[33.4658779,-111.9061195,33.4658779,-111.9061195],[27,11]
9NH_5mOIx5P4VGhxjbGceg,33.499499,-111.927402,1,[33.499499,-111.927402,33.499499,-111.927402],[97,11]
VCubUGCgp9x1yewkdG1Dfw,33.798013,-112.115188,4,[33.798013,-112.115188,33.798013,-112.115188],[65,54,220]
a71vZpoa04LwjuO44yi6JQ,33.701112,-111.924054,1,[33.701112,-111.924054,33.701112,-111.924054],[126,97,11]
1Q4mCt38rIbe6q73bOx_BA,33.473943,-112.00328675,25,[33.449858,-112.0800705,33.498028,-111.926503],[7,9,10,11,26,127,352,48,313,27,28,17,29,63,24,38,140,39,40]
k8fMGac5Fd_b4dHGGZlQzA,33.66987145,-112.20233335,4,[33.6694646,-112.2029176,33.6702783,-112.2017491],[97,11]
c5ZyHA7ONpZish7Sq136MQ,33.5990432,-111.9812072,1,[33.5990432,-111.9812072,33.5990432,-111.9812072],[84,359]
5K4QOOlhDXMqEo6xOYlN2w,33.393607,-111.849314,2,[33.393607,-111.849314,33.393607,-111.849314],[373,251,153,11]
o1_MQm6Ei5ghmkjAvY_0Sg,33.4645741075615,-112.00222395,37,[33.3051122,-112.1001451,33.624036015123,-111.9043028],[7,108,338,201,11,119,260,48,38,39,40,307,24,172,192,99,98,10,251,43,206,404,451,202,72,126,97,140,182,323,352,88,109,168,181,229,33]
h_KVVvIQuybOPUC4iUOoOA,33.556265492124,-112.0304108472445,7,[33.444801984944,-112.0823075,33.667728999304,-111.978514194489],[38,99,39,128,185,11,322,57,145,7,142,292]
Y0lshoQ9ybYj57hG1goNcQ,33.973909,-112.735556,3,[33.973909,-112.735556,33.973909,-112.735556],[99,11]
iQIqM-Avr7CubDwzRjrwsA,33.494205,-111.931447,19,[33.494205,-111.931447,33.494205,-111.931447],[48,11]
Ouus3lC3Xk3YRGx4ptd_4A,33.515361999999996,-112.01164375,200,[33.43475,-112.09716,33.595974,-111.9261275],[61,13,6,7,292,99,48,11,309,285,8,161,28,65,17,29,60,36,137,139,24,30,194,423,170,270,120,313,70]
h54u-aVp1Ot2rahWUIH_4g,33.6528019,-112.21544465,3,[33.6385506,-112.225396,33.6670532,-112.2054933],[7,189,10,24,11,99,65,133]
d-fZJpyhQV0-c3sXgA0eiw,33.5343984,-112.094578,6,[33.5266038,-112.264529,33.542193,-111.924627],[265,126,97,11,27,26]
MfJDL9GPhTM-CJPS0D8gWA,33.6747804,-112.01979019999999,10,[33.6373158,-112.1142778,33.712245,-111.9253026],[123,65,117,11,64,63,38,39,27,128,177,140]
AYRv5k9H2w7VNI1X-9fM3A,33.4953697,-111.99145419999999,18,[33.4075321,-112.072167,33.5832073,-111.9107414],[88,38,39,89,11,108,7,119,109,185,48,212,24,101,128,63,10,293,26]
6pj4nTPsmgPI-OWqnmBYMg,33.534743750000004,-112.05590355,5,[33.5019817,-112.1841886,33.5675058,-111.9276185],[65,133,27,11]
dqeFcKq2L2wiOg9LFT9-UA,33.53852035,-112.1250545,63,[33.4073914,-112.37466,33.6696493,-111.875449],[11,27,63,251,126,97,224,149,212,26,49,319,59,38,41,39,7,142,48,168,169,43]
QW6OEz5c6SfzAyGsG5OukA,33.51655495,-112.0139387,3,[33.3203054,-112.1374355,33.7128045,-111.8904419],[117,24,11,44,26]
hanFlMXCPeGQFaTsigrrGA,33.6223904,-112.1823993,9,[33.6223904,-112.1823993,33.6223904,-112.1823993],[28,17,29]
kyXK79FRxnFgNfZP3GUrGw,33.4471347,-111.96616465,9,[33.384734,-112.0744503,33.5095354,-111.857879],[98,7,24,11,88,38,39,89,99,27,400,117,214,33,49,128,341]
lND1_sIXaA1GYDxVduyMsA,33.450766099999996,-112.0289807,23,[33.391821,-112.0962274,33.5097112,-111.961734],[11,27,63,26,251]
O5z9K7JNEWWWF5AjBj6ahg,33.593795,-111.80003350000001,18,[33.581511,-111.883526,33.606079,-111.716541],[43,11,38,39,212]
tdSs55Nghf7FpuSLAW3tAQ,33.4074413,-111.9099121,2,[33.4074413,-111.9099121,33.4074413,-111.9099121],[224,11]
-XOASrDXwlDhBifuhPQB5A,33.5344334,-112.12643845,23,[33.5014106,-112.1528407,33.5674562,-112.1000362],[224,11,192]
5BpuzOKArniNYV3kpK4eiQ,33.41611195,-111.9040811,4,[33.378717,-112.0722782,33.4535069,-111.735884],[43,11]
RqfHaelhNMn-UpTRnAtw8w,33.4074504,-111.977023,13,[33.304861,-112.079081,33.5100398,-111.874965],[33,119,99,11,126,38,39,168,97,185,27,26,182,48,140,89,224]
XiHy-1J5rAQEZZyguBfmDQ,33.607105,-112.063427,1,[33.607105,-112.063427,33.607105,-112.063427],[65,133]
5kNuSOo0tSKtg-ezCYq5Hg,33.379824,-111.805373,1,[33.379824,-111.805373,33.379824,-111.805373],[212,11]
OFllg01BOdc8qCihJnRkwA,33.37684,-111.9754185,6,[33.304492,-112.0772,33.449188,-111.873637],[38,39,212,26,43,11]
QIanIRWigEBpuhgrt7Fe_A,33.5088428,-112.0342897,15,[33.5088428,-112.0342897,33.5088428,-112.0342897],[265,11]
zP5qqdj2x5cmN-G78vQ2UQ,33.498252,-111.92908299999999,3,[33.493181,-111.9297091,33.503323,-111.9284569],[33,11,38,48,39,40]
S524FRXZrouPi9TXD2s3TA,33.609866,-112.013801,4,[33.609866,-112.013801,33.609866,-112.013801],[167,65]
I9x3Sy-Xf8XuQ-tGKOMjjA,33.6398085,-112.0959734,5,[33.6398085,-112.0959734,33.6398085,-112.0959734],[28,17,29]
84stVxt1Ow8JbgyLUX9MiA,33.3057949,-111.9677833,2,[33.3057949,-111.9677833,33.3057949,-111.9677833],[99,185,11]
_peSrTu0KXMMRGlX-PDXdg,33.42594025,-111.9406335,5,[33.3513086,-112.0741143,33.5005719,-111.8071527],[7,108,126,97,11]
bLZ5ea9a8iSew3iJPuCW2Q,33.4537869019623,-111.927165985107,9,[33.4537869019623,-111.927165985107,33.4537869019623,-111.927165985107],[182,172,11]
Xb3R6EQd9ZujHAxYmhOONA,33.2612231416876,-111.6352582961425,8,[33.217595,-111.756019592285,33.3048512833752,-111.514497],[168,43,11,7,247]
mV6usNq1MzSCs9Bh0DrRkg,33.494826,-112.01460195,8,[33.362719,-112.153065,33.626933,-111.8761389],[89,11,212,26,63,27]
1dSFQXrHei86DpBu_RfVHA,33.477178,-111.925799,1,[33.477178,-111.925799,33.477178,-111.925799],[119,48,24,11]
a591WGbzq8ubkoUfbyTi-g,33.6401752,-111.9951643,1,[33.6401752,-111.9951643,33.6401752,-111.9951643],[33,99,26,11]
Vjpk9yYoWvCi_c5cMdwgbg,33.442688399999994,-111.903777178495,56,[33.4194512,-111.939864,33.4659256,-111.86769035699],[26,11,48,24,38,273,39,7,47,88]
RzlPwoaxMrNEryQMYhsb_w,33.499006,-111.926703,2,[33.499006,-111.926703,33.499006,-111.926703],[39,212,126,293,11]
EScPF4SpSncPwC3bf0VW3g,33.55925322665735,-111.9727035,24,[33.4962205,-112.048079,33.6222859533147,-111.897328],[126,97,11,192,26,48,38,140,39,40,7,108,5,6,4,218,41,323]
U7MnQNM-oYiiKCDF_yZdrA,33.5222185,-111.9595033,3,[33.5222185,-111.9595033,33.5222185,-111.9595033],[48,11]
SH9lxmHsiUxQ-2Ic7A0Bcw,33.38705550098115,-111.91647825000001,5,[33.3203241,-111.942514,33.4537869019623,-111.8904425],[182,172,11,24,421,65]
6si1LwddkUftkQi9cZZ-2w,33.43391565,-111.95227215,12,[33.4322113,-112.0429513,33.43562,-111.861593],[28,17,29,271]
NrOwXHivz0CMzF3c5Mw_pA,33.53188515,-111.90235659999999,2,[33.4942423,-111.9264472,33.569528,-111.878266],[49,80,59,24,11]
cCRbdF89lVJisG3XVHh9_Q,33.4946362,-111.9299092,169,[33.4946362,-111.9299092,33.4946362,-111.9299092],[101,38,39]
wwLx_iMap98-Bw2aDjdvtA,33.4942786,-112.00002864999999,2,[33.3478272,-112.0898,33.64073,-111.9102573],[7,292,98,71,72,184,297]
Hp4mRCRkqAb8XKjJH3-5zg,33.655491049999995,-112.1735474,11,[33.640246,-112.229329,33.6707361,-112.1177658],[26,11,48]
kRneaNfEddMvu8sLMbrvNA,33.4303735,-111.90204495,8,[33.362719,-111.927951,33.498028,-111.8761389],[352,48,11,89,119,38,39]
-ZgO91KFvYQ1YqTNB_RMrg,33.3917855,-111.95413500000001,5,[33.33605,-112.063434,33.447521,-111.844836],[48,296,11,309]
JSq38lWav5u3zIsdL9Bb6w,33.487402149999994,-111.96744785000001,50,[33.390792,-112.012504,33.5840123,-111.9223917],[119,38,99,39,11,182,48,140,26]
0HMLXwmE3y_o3RXpMiqghQ,33.4612239,-111.9561263,18,[33.413158,-112.0364736,33.5092898,-111.875779],[251,11,224,169]
wEn3lI8-9k5I5Z7633Nqcg,33.45051503918455,-111.9608498,6,[33.3051490783691,-112.134443,33.595881,-111.7872566],[99,11,33,117,24,7,142,44]
RvHyQisHh-FzE4HliPwWHA,33.4217017,-111.9502941,1,[33.4217017,-111.9502941,33.4217017,-111.9502941],[224,11]
N3uNq-49NaPSZul39IAc4Q,33.3925463,-111.95501440000001,5,[33.319219,-112.0507475,33.4658736,-111.8592813],[210,11,26,224]
ZdDmxmGVhHHI4PzmVdTzxQ,33.429017,-111.966246943245,18,[33.3478272,-112.07107588649,33.5102068,-111.861418],[192,11,99,168,126,97,224,38,7,47,88,39,48,89,43,26,182]
4UmtNF3jU97CyY5lZmCzbw,33.487045,-112.1760275,5,[33.466112,-112.275337,33.507978,-112.076718],[7,108,307,27,172,11,212]
qG66kK46MfouvfoUvunPMg,33.4487268,-112.0737094,200,[33.4487268,-112.0737094,33.4487268,-112.0737094],[7,108]
WLrMAZkZT8CcqPaz5ugyPQ,33.713941399999996,-112.02630149999999,6,[33.5616178,-112.136883,33.866265,-111.91572],[84,291,106,54,107,167,65]
3sCD5FTAsc7hH8vGLuMUSA,33.4922526,-112.1136564,3,[33.4922526,-112.1136564,33.4922526,-112.1136564],[6,200]
I9Y4ZQoyqekl2Ojsh7nmQA,33.621647800000005,-111.93856099999999,10,[33.41761,-112.092802,33.8256856,-111.78432],[177,140,11,72,299,27,63,24,64,65,185]
7QVCEDHnBHUWwlVmKhaPiA,33.4360415,-111.9956337,23,[33.4360415,-111.9956337,33.4360415,-111.9956337],[28,240,241]
u5qFh81E9mjdiuYqmi_saA,33.50267665,-111.92662555,20,[33.5019817,-111.9276185,33.5033716,-111.9256326],[7,142,99,48,11]
0s7XdG2fK46tQQmo7dZBkQ,33.5379429,-111.8890142,45,[33.5379429,-111.8890142,33.5379429,-111.8890142],[57,69]
0TcsvfCwR5nUvVmbuTfNmQ,33.542193,-111.925634,6,[33.542193,-111.925634,33.542193,-111.925634],[265,126,97,11]
6SxnRYFR3GUzGREKSttxJg,33.4483771,-112.0740373,46,[33.4483771,-112.0740373,33.4483771,-112.0740373],[28,241]
V1995Thbyn7iu38xPKAA8w,33.49609500098115,-111.9079846925535,6,[33.4537869019623,-111.927165985107,33.5384031,-111.8888034],[49,80,82,59,27,11,182,172]
SKzplzQ9-Olxi_HE_-CQCw,33.6272906,-111.8548219,1,[33.6272906,-111.8548219,33.6272906,-111.8548219],[48,11]
RKZj2VM9ivAtu9USb-KrBg,33.408619200000004,-111.79699115,15,[33.379824,-111.805373,33.4374144,-111.7886093],[7,162,108,212,11,126,97]
JzV9_cPMPAOa7PS3QbNNhw,33.4838492,-112.0473227,7,[33.4838492,-112.0473227,33.4838492,-112.0473227],[101,38,39,40]
1gbdBWtKVtoNbAvS7Iyjkg,33.52220775,-112.1359237,29,[33.362719,-112.3957085,33.6816965,-111.8761389],[89,11,7,9,41,43,84,336,27,129,121,79,99,108,482]
MfZijeAzN37-ZQJFrD-LXA,33.5670375,-111.9184649,10,[33.5670375,-111.9184649,33.5670375,-111.9184649],[11,63]
MeYt3gw8xbXCvFyLvTXjXg,33.6384336,-112.3331529,2,[33.6384336,-112.3331529,33.6384336,-112.3331529],[123,65]
0I5bCtHHGZsMvE8QqrtlgA,33.5690679812527,-111.890157401715,1,[33.5690679812527,-111.890157401715,33.5690679812527,-111.890157401715],[338,214,206,11]
j3mhJ4_cw6YGOOlWcs8ysA,33.521343599999994,-112.00398915,9,[33.460134,-112.0777852,33.5825532,-111.9301931],[38,212,41,39,11,49,52,168,181,229]
Gl7VuA_akDXpAqp8xbnKdA,33.5747,-112.01437625,15,[33.494295,-112.1371245,33.655105,-111.891628],[7,194,108,251,11,48,293,39,41,43,212,239,265,126,97,224,6,156,26]
VDHUtEnPh54OJiYow91d3A,33.5038944511645,-111.95822273103,200,[33.401137,-112.0734644,33.606651902329,-111.84298106206],[49,52,265,185,11,57,327,322,28,190,161,65,17,29,445,66]
DTP52fME67rMpgYX_MZoxw,33.4643485,-111.9643705,20,[33.43475,-112.00644,33.493947,-111.922301],[28,17,29,170]
I5AcIAujn4X0fzjq-CTLBg,33.464448649999994,-112.23619554999999,4,[33.4194512,-112.5564651,33.5094461,-111.915926],[38,7,47,88,39,48,11,63,27,3,376]
3gnbg1LBxIohU_Ml2S3FGA,33.5023189,-111.9179955,2,[33.5023189,-111.9179955,33.5023189,-111.9179955],[54,55,122]
fvcpMF-D3J2Ute1dRA-s1Q,33.2853711,-111.8930429,1,[33.2853711,-111.8930429,33.2853711,-111.8930429],[17,18]
pSwP99Bkv6jjOTUzbOn1Sg,33.502349800000005,-111.9706157,8,[33.492381,-112.0152845,33.5123186,-111.9259469],[265,48,11,119,99]
uiVW00mc0ybFkztb74eZ6w,33.500545,-111.9264093,11,[33.500545,-111.9264093,33.500545,-111.9264093],[119,99,11]
WAeoa6SvM9yAGdGprd4_4g,33.55643725,-111.9998794,3,[33.4342595,-112.0744706,33.678615,-111.9252882],[48,11,182,24]
hhPC6W_9rvmklkUtxL6cEA,33.6486856,-112.14433045,3,[33.626933,-112.1879299,33.6704382,-112.100731],[7,108,212,26,11]
RT6qe2ZAANWsBBZLhbTxKw,33.49361755,-111.93509258103,85,[33.362444,-112.0272041,33.6247911,-111.84298106206],[48,11,161,28,65,17,29,104,105,167,63,322,57,190,15,6,191,7,119,9,10]
SvpVKZON2-OoY6e1CGWwlQ,33.5095797,-112.0258966,48,[33.5095797,-112.0258966,33.5095797,-112.0258966],[127,11]
OAfopRyj826QtOKS1lV1yg,33.4423368,-112.0657857,4,[33.4423368,-112.0657857,33.4423368,-112.0657857],[26,11]
98ZdH48NDXjW9K4A2q7KcA,33.484439,-112.364213,23,[33.484439,-112.364213,33.484439,-112.364213],[11,63]
N12QWiuV3Mfru3f8uPCY_g,33.472021049999995,-112.03080664999999,3,[33.4487652,-112.073196,33.4952769,-111.9884173],[38,11,99,128,39,182,48,140,40]
Rx1YEuOcfclyg7OHnhJkwg,33.305824,-111.991311,3,[33.305824,-111.991311,33.305824,-111.991311],[26,11]
QtKyFGrN5lxukNc44_cVVQ,33.5058637,-112.0322126,73,[33.5058637,-112.0322126,33.5058637,-112.0322126],[28,17,29]
7Erd8wom0MYbetSjxvoufQ,33.5365791,-111.8463415,7,[33.4923234,-111.931006,33.5808348,-111.761677],[119,11,65,133,33,48,307,201]
jY5tkiWXaHgL1YyQ6dmjvA,33.405065199999996,-112.03138129999999,17,[33.3216034,-112.1001451,33.488527,-111.9626175],[126,11,251,43]
GiSF8H2fZ-v2X5TAErYLmQ,33.342209,-111.913043,30,[33.304775,-111.947948,33.379643,-111.878138],[33,11,26]
pvJbmlh9yoED2wiPC7mOAw,33.508533016607,-112.029066725112,1,[33.508533016607,-112.029066725112,33.508533016607,-112.029066725112],[210,11]
zUYl6gfsJUgpDlktvD6krw,33.306499,-111.877846,1,[33.306499,-111.877846,33.306499,-111.877846],[224,11]
72_2ftyBKpkr5WGr3ZRLiw,33.558895,-112.157,16,[33.539257,-112.181569,33.578533,-112.132431],[7,138,139,11,251,149]
q-7Bbg1qrebG3MBB4mS4gg,33.337009,-111.875775,4,[33.337009,-111.875775,33.337009,-111.875775],[251,11]
RHGTwjlyp0_0D7KAs1Eucg,33.5960642,-112.1795178,7,[33.5384434,-112.2234146,33.653685,-112.135621],[311,11,99,229]
GBE4EWyCmWGp-36XZHYjTA,33.4292374,-111.92699395,7,[33.362719,-111.977849,33.4957558,-111.8761389],[119,99,11,38,88,39,128,7,47,48,98,206,89,24,27]
Q64pQaC8w0EHZFTezD8Quw,33.49544175,-112.22090325,45,[33.4950947,-112.5125131,33.4957888,-111.9292934],[168,48,11,38,109,39,63,27]
NhrKMostvc7rRGIQBhsLXw,33.5386441,-112.0986063,3,[33.5386441,-112.0986063,33.5386441,-112.0986063],[26,11]
7EGysbdLT8zRrLI-PY8geA,33.6273043125159,-111.894766598404,1,[33.6273043125159,-111.894766598404,33.6273043125159,-111.894766598404],[57,69,48,11]
U5WKFRqqoZivxaS8ve3Omg,33.625972,-112.134316,4,[33.625972,-112.134316,33.625972,-112.134316],[120,11]
7KS3KW9TdHiKi4aW53e36g,33.55941575,-111.99512655,17,[33.472853,-112.073196,33.6459785,-111.9170571],[11,63,7,33,142,24,48,265,38,140,39,40,43,119]
_w4uNlrT3UMdtWc7w8Szlg,33.502206099999995,-112.07082985,3,[33.495075,-112.080842,33.5093372,-112.0608177],[212,63,97,11]
IAOer5ZTgFcxNM8Tg-RAaw,33.624638,-111.930343,25,[33.624638,-111.930343,33.624638,-111.930343],[168,48,229,11]
TKUQZAgSHCtUjfnjsf7IUg,33.4877439,-111.9552137,9,[33.465448,-112.0146407,33.5100398,-111.8957867],[33,38,39,11,98,7,206,99,308,54,242,238,10,24,63,182,48,140,26,212]
oNP2mWB3TWjgZodurb3yMw,33.4877201,-112.0834721,2,[33.4877201,-112.0834721,33.4877201,-112.0834721],[33,11]
jNSOQGFKm8LaeJEa997Huw,33.2309229171265,-111.97761410000001,13,[33.0546833,-112.0480732,33.407162534253,-111.907155],[33,44,11,7,162,117,24,32,95,222,185,43]
6o_ztIbYH6H8hY76pH0L7w,33.506712500000006,-111.95237365,20,[33.4296694,-112.0431543,33.5837556,-111.861593],[129,121,79,57,69,99,11,104,105,65,7,142,28,17,29,78,133,49,80,82,59]
TJz6lyJInJ8S5Atn1leJ8Q,33.44252325,-111.88013104999999,7,[33.4078685,-111.925799,33.477178,-111.8344631],[117,26,11,119,48,24]
8WeWUYcdMOGyZaYMSxiSmw,33.4820996,-111.9087669,15,[33.4820996,-111.9087669,33.4820996,-111.9087669],[26,11]
Zt_yfiP_yx0siM0p9Ohrqg,33.421187950000004,-111.98919475,3,[33.3929982,-112.0656259,33.4493777,-111.9127636],[7,9,88,38,39,89,11,298]
1Iu-AI78id2XO01I87lZ4A,33.640119,-111.992554,1,[33.640119,-111.992554,33.640119,-111.992554],[71,72]
ziQfeeC3ARICydbdv_YTnQ,33.5092756,-112.0718179,1,[33.5092756,-112.0718179,33.5092756,-112.0718179],[48,11]
Z3Qf7n8a5Qx_AFZhuRuz8A,33.590447749999996,-111.90501864999999,128,[33.5403655,-111.92477,33.64053,-111.8852673],[212,361,11,126]
SKhnKL9P9-LrUWzsw9oYNA,33.726807,-111.8531068,18,[33.726807,-111.8531068,33.726807,-111.8531068],[265,185,11]
CZGNN012tTYFtIqSRz9Ouw,33.56689645,-111.9833653,63,[33.5090018,-112.0409994,33.6247911,-111.9257312],[61,13,6,331,251,224,212,43,11,115,372,48]
nObbQ_Zu5vGV0Cv5dMe_1A,33.458633750000004,-111.99508345000001,7,[33.4077705,-112.03645,33.509497,-111.9537169],[7,81,194,54,15,6,191,109,38,11,39,63]
YcU9GxIXAGvNCEg-Lyz1MA,33.3702541,-111.9741847,94,[33.3702541,-111.9741847,33.3702541,-111.9741847],[265,11]
A8eQi7p8gWvSvc3SuZjXEw,33.4949597,-111.98959,2,[33.4949597,-111.98959,33.4949597,-111.98959],[11,140,63]
BnJYAaaJ-ILhWKG1xB_5vQ,33.43231455,-111.95947715,19,[33.34723,-112.0824683,33.5173991,-111.836486],[7,162,108,49,312,57,146,91,17,152,48,11,97,126,109,38,27,39]
VfBIiGd43tMCxshLusbHaQ,33.5524355,-112.0308275,3,[33.507549,-112.047066,33.597322,-112.014589],[140,11,38,39]
bBdYx7FpMc04D-QmWqkl_A,33.5437037,-111.9050726,3,[33.5437037,-111.9050726,33.5437037,-111.9050726],[43,11]
JGGXT447a5zVfanaIUb8uQ,33.4732579,-111.97998855,116,[33.3195828,-112.100731,33.626933,-111.8592461],[38,6,145,186,57,39,224,11,7,47,48,212,26,119,43,126,97,449,63,27,24]
j1PHOSbPVOv6JoneVdDogA,33.4219276,-111.9273071,4,[33.4219276,-111.9273071,33.4219276,-111.9273071],[26,11]
jNc8dbCly6TLYdPSYgyfdg,33.399799,-111.92875910000001,29,[33.319395,-111.9825532,33.480203,-111.874965],[26,11,104,161,195,65]
W50T5WVx04EcAaE8GD3RyQ,33.4196855,-111.9265121,7,[33.407088,-111.9506847,33.432283,-111.9023395],[6,32,302,110,1,141,244,11,99,126,97]
c5VmwcvxQoV2XVLw9sQQLw,33.4458273,-111.9634117,9,[33.320389,-112.0866535,33.5712656,-111.8401699],[248,6,249,15,129,78,79]
P0cjZVNKvHHUR4LOqquxYQ,33.425938,-111.940346,2,[33.425938,-111.940346,33.425938,-111.940346],[24,11]
_SHoGS8qtT-v_gwGgZLwwg,33.3931628,-111.9080584,3,[33.3931628,-111.9080584,33.3931628,-111.9080584],[192,11]
RKFh9UNPV2JVMEjoAurw9A,33.49112,-112.079081,5,[33.49112,-112.079081,33.49112,-112.079081],[26,11]
EDWpOQuWca394m4a1fibDA,33.407088,-111.911549,5,[33.407088,-111.911549,33.407088,-111.911549],[126,97,11]
iBDOzx6FQtvxEwoi8VR7Qg,33.60474035,-111.71778145,15,[33.6032317,-111.720061,33.606249,-111.7155019],[49,341,7,379,210,108,11]
dPziZ-QhRtZB_4MjriBJ3w,33.5090018,-112.0409994,1,[33.5090018,-112.0409994,33.5090018,-112.0409994],[13,6,115,372]
siko5Gdl295rCXZ57cGDpQ,33.434736,-111.924312,1,[33.434736,-111.924312,33.434736,-111.924312],[28,17,29]
uiovo8vnijBz0i5tsA1mmw,33.5601092,-112.026091961415,6,[33.479887,-112.07341192283,33.6403314,-111.978772],[48,11,224,26,219,218,6,300]
EB5UMEz9o8V4wC1dlr1zbg,33.628253,-111.8551127,3,[33.628253,-111.8551127,33.628253,-111.8551127],[27,11]
injbO7hPQcusNziz6gyuIg,33.4691316,-112.0475116,4,[33.4691316,-112.0475116,33.4691316,-112.0475116],[26,11]
yKp9x0d4XV0MtZJbO69uwQ,33.4876316,-111.9344354,17,[33.3547012,-112.079081,33.620562,-111.7897898],[119,201,11,28,17,29,7,108,48]
jZpdKVFCYmeZgWdOOYHEvA,33.321976,-111.928947,6,[33.321976,-111.928947,33.321976,-111.928947],[41,43,11]
oAX_JHBDTcvtdh9Ck-SoyA,33.4455586,-111.94938915,3,[33.3897576,-112.0776917,33.5013596,-111.8210866],[71,72,41,11,24]
Ylpk5El7KILCPDFlnfgsSA,33.50062,-111.9224013,3,[33.50062,-111.9224013,33.50062,-111.9224013],[104,105,65]
lswvZjM9RUNmmJAwQlAJ0w,33.524870199999995,-112.0088644,5,[33.4657823,-112.0388617,33.5839581,-111.9788671],[26,11,182,218,307,48,177,140]
38xHvvSfe2qZsmW1FW1gzg,33.4483771,-112.0740373,7,[33.4483771,-112.0740373,33.4483771,-112.0740373],[26,11]
L8i4u5xKmX4tfjSui-6KIQ,33.466077,-112.152936,2,[33.466077,-112.152936,33.466077,-112.152936],[26,11]
qRY6kVlUasvY6wdhH-TLLQ,33.5092756,-112.0718179,2,[33.5092756,-112.0718179,33.5092756,-112.0718179],[48,11]
gGAbi9XQmVS_y7C76vdccw,33.5381018,-111.9085143,3,[33.5381018,-111.9085143,33.5381018,-111.9085143],[126,97,11]
HItaGkFgcTn8CO7hJUDYTw,33.5788749,-111.92714145,112,[33.5020654,-111.9300279,33.6556844,-111.924255],[265,48,11,126,97,307,99,28,17,29,7,292]
E8sgKEM8rriYGc3gaFqd9A,33.678615,-111.9746066,1,[33.678615,-111.9746066,33.678615,-111.9746066],[38,99,57,91,39,128,11]
hmqsoeApCEUIUO-a1f9iVQ,33.5907535,-111.9470315,2,[33.498028,-111.966112,33.683479,-111.927951],[212,229,11,352,48]
oHQxykjcaWSDvG8WsXt0hA,33.479992,-112.076718,9,[33.479992,-112.076718,33.479992,-112.076718],[307,27,172,11]
DIhxgLhiWH9nBqnnSBDeFQ,33.4662524,-111.99965125,4,[33.422728,-112.0478085,33.5097768,-111.951494],[38,48,39,11,26,43]
dA5QgR7Yxa1CnKrHEuP8Ig,33.542335949999995,-112.12055245,10,[33.4315119,-112.184993,33.65316,-112.0561119],[74,24,11,27,26,144]
EDSDrQSD5OA90MbkzrcNEw,33.8238772,-111.9236859,1,[33.8238772,-111.9236859,33.8238772,-111.9236859],[11,63]
pBFqf7i8n6oUy8xUOLgqNA,33.475573350000005,-111.96259069999999,18,[33.4516361,-111.9979602,33.4995106,-111.9272212],[28,17,29,109,38,11,39,440,26]
Vz0wIwDod-ynI3hwR6_big,33.577691,-111.927632,11,[33.577691,-111.927632,33.577691,-111.927632],[49,321,193,59]
te3limXYMo277FJHIyxZpQ,33.4377465,-112.0114223,15,[33.4377465,-112.0114223,33.4377465,-112.0114223],[26,11]
7p6qA9O6E-dCRcOS_4upfQ,33.3941184,-111.9091208,50,[33.3941184,-111.9091208,33.3941184,-111.9091208],[212,361,11]
27WvCk8uevBzlHh0DSaBVQ,33.4485548,-111.9953159,1,[33.4485548,-111.9953159,33.4485548,-111.9953159],[117,11]
qxWnPbCD2w7tlHSsFmchXw,33.499499,-111.927402,1,[33.499499,-111.927402,33.499499,-111.927402],[48,11]
JcV3CxPoc1eNJQqNQm8hnw,33.5763551,-112.1164397,10,[33.5763551,-112.1164397,33.5763551,-112.1164397],[26,11]
k0-S9vOCLquje8TMKmjVDQ,33.450636149999994,-111.978063548864,26,[33.3173142,-112.073781,33.5839581,-111.882346097728],[39,119,48,38,11,44,27,43,212,361,99,128,182,218,307,181,26,7,189,10,24,98,9,63,65,133,57,69]
RR1vit8vvZFyMlUf9P1vTg,33.2623109,-111.791267,6,[33.2623109,-111.791267,33.2623109,-111.791267],[65,133]
SGLAt1v5hsIORsie60LIaw,33.56644095,-111.9197181,26,[33.3056888,-111.9633729,33.8271931,-111.8760633],[265,11,483,38,26,128,39,352,48,126,97,65,133,40,32,95,222,192,63,27,24,224,251,109,7,47,88]
D8xoP3SbW6YjQ9XDtUJD4A,33.465462,-112.078017,2,[33.465462,-112.078017,33.465462,-112.078017],[7,108,27,24,11]
iDEX6cLAlURVQBGxAd5G_A,33.3771412,-111.9631864,24,[33.3771412,-111.9631864,33.3771412,-111.9631864],[28,17,29]
VWV2y51gzGTiTYb_S8cgRQ,33.355235050000005,-111.8570237,3,[33.2556225,-112.0800705,33.4548476,-111.6339769],[49,233,63,27,24,11]
NdHtJCtdmEY13hl0z8oldw,33.541936,-112.08075149999999,4,[33.449188,-112.235193,33.634684,-111.92631],[49,57,228,51,307,212,43,11,265,126,97]
_MucjBvznq2y3yDEt9rOHA,33.604054,-112.105933,1,[33.604054,-112.105933,33.604054,-112.105933],[4,5,6]
YVufc0a0GalPpSNBqJp-og,33.6265086,-112.1855401,11,[33.6265086,-112.1855401,33.6265086,-112.1855401],[27,11]
BMsToNr5jAzE_t1rk-0dMg,33.50354165,-111.92698275000001,60,[33.477178,-111.9299092,33.5299053,-111.9240563],[38,39,101,63,27,11,309,119,285,48,128,24,265,483]
8J4IIYcqBlFch8T90N923A,33.4509038,-111.497751,200,[33.4509038,-111.497751,33.4509038,-111.497751],[322,57]
ywi6bFr1BdAhELmxzfmuAQ,33.3931628,-111.9080584,17,[33.3931628,-111.9080584,33.3931628,-111.9080584],[192,11]
Tf9YXkJLGPbL9dQx3p7FHg,33.5808279,-112.1264557,16,[33.4486711,-112.1866118,33.7129847,-112.0662996],[26,11,322,57,49,80,59,38,6,145,186,39,17,152,341,48,128,27,32,95,222]
8Uk0RO9E5-nylIcKFnDszQ,33.536861,-112.0475028,12,[33.536861,-112.0475028,33.536861,-112.0475028],[7,108,5,6,4]
_jOiwCtFJX8QC8F8UNY5eA,33.477178,-111.925799,45,[33.477178,-111.925799,33.477178,-111.925799],[119,48,24,11]
dRpSJE0iwV11aepDHiwNXQ,33.640832,-112.151282,4,[33.640832,-112.151282,33.640832,-112.151282],[126,11]
Z-krZ3q22c-0q9luBZlJLQ,33.5007875,-111.80510849999999,14,[33.3549553,-111.9264472,33.6466197,-111.6837698],[6,72,345,35,282,264,61,13,33,99,117,11,60,65,105,369,39,119,48,38,109,63]
iSMcooF9_0IWOLuS-EvOWQ,33.4922985,-111.9245517,2,[33.4922985,-111.9245517,33.4922985,-111.9245517],[210,11]
pNvoNTu6U7Ek2w_xe4QO-w,33.477655600000006,-112.15928085,10,[33.4508919,-112.3926148,33.5044193,-111.9259469],[265,48,11,78,79,206]
nYulE9mdvU5FEZci43WdRQ,33.4949678,-111.9241443,1,[33.4949678,-111.9241443,33.4949678,-111.9241443],[11,63]
SK__ADZ-06BwMDCaz2rHBA,33.3260297,-111.8747445,1,[33.3260297,-111.8747445,33.3260297,-111.8747445],[32,235]
X7PZ2L-0PvHJOYa-XrIJHw,33.2135559,-111.685426,1,[33.2135559,-111.685426,33.2135559,-111.685426],[26,11]
MofhftznXiuBxID1GNOSYA,33.34414415,-111.88910045,171,[33.3054266,-111.9032256,33.3828617,-111.8749753],[28,17,29,7,47,48,27,11,119]
cSAACR699NuLMqBPuKL8nw,33.494589500000004,-111.976861,95,[33.298212,-112.079564,33.690967,-111.874158],[24,11,72,154,99,126,27,30,13,6,98,7,119,12,114,22,28,290,241,43,382,46,38,39,40,128,78,79,108,292,48,208,130,32,35,229,65,133,175,129,57,69,33,26,45,182,140,204,127,142,64,265,345,84,346,141,23,147,44,201,332,121,145,54,317,76,63,95,222,185,309,285,117]
V5iD5xaqvqzoLoilJRRKcQ,33.4145027,-111.9268353,1,[33.4145027,-111.9268353,33.4145027,-111.9268353],[99,11]
6v6D3Fo69GoQyM4eQMjk4A,33.327278,-111.858116,3,[33.327278,-111.858116,33.327278,-111.858116],[251,11]
uD5P5FpHEMzcfMSZM09oKQ,33.464653,-111.98644,3,[33.464653,-111.98644,33.464653,-111.98644],[28,17,29]
GJI6yunTW74EUfgUFHR5dw,33.45422695,-112.07065515,200,[33.4527955,-112.0719926,33.4556584,-112.0693177],[38,181,39,40,11,26,127]
bI7PM1H2oXtyeP2GXHBxlw,33.49376300005375,-111.9939374978335,3,[33.4925020001075,-112.063756,33.495024,-111.924118995667],[119,99,11,33]
Iy1FZF4_xMpz5fdmzqyb1A,33.585682,-112.23077765,2,[33.534203,-112.2618153,33.637161,-112.19974],[265,126,11,182,99]
cyWeHMyFKzhVJpb_kqtzsw,33.626895899999994,-112.04581525,5,[33.4658428,-112.117689,33.787949,-111.9739415],[32,95,222,99,44,11]
UnHhxuFphxmggtZ4AFn4Yw,33.870576,-112.150648,1,[33.870576,-112.150648,33.870576,-112.150648],[64,104,105,65]
mrIO-apd8fI5BR3aN3dPTQ,33.38175802013545,-111.8820235228545,79,[33.3480423402709,-111.964952945709,33.4154737,-111.7990941],[119,99,11,212,41,43,7,8,28,17,29,26]
mX3qMBnEhOJ6R80vfjQMYg,33.45742585,-111.95727225,22,[33.41287,-112.0800705,33.5019817,-111.834474],[61,13,6,38,26,39,11,7,108,48,57,69,249,15,109,421,65,119,20,243,35,34,23,27,224,63,24,47]
ggx_Q9dZvMHh5k_n66cC_A,33.32632135,-111.8578675,15,[33.2864817,-111.977504,33.366161,-111.738231],[49,80,51,59,98,7,292,65,54,220,53,55,122,256,24,11,193,202,72,27]
k6fnfP2g9nwdNQ0JAlkvdA,33.5385594,-112.187677,1,[33.5385594,-112.187677,33.5385594,-112.187677],[7,292,139,375]
g93lRwsWYhzheX5px11sxQ,33.6302769275926,-111.888450611187,1,[33.6302769275926,-111.888450611187,33.6302769275926,-111.888450611187],[84,147]
xGWMFoFPwTv-UNEenMBtFQ,33.442722,-111.933239,1,[33.442722,-111.933239,33.442722,-111.933239],[322,57]
4zeG5Q7rfGFnpXsUDDYqNg,33.63920015,-111.98077760000001,4,[33.5997853,-111.9869486,33.678615,-111.9746066],[119,201,99,11,182,48]
Cie_HZ0DuiYHmrY_h_keyw,33.46298435,-111.93155415000001,133,[33.4253394,-111.9398532,33.5006293,-111.9232551],[27,11,465,57,39,145,38,205,40]
8DEtfP9Fmp5X1DG6iTtXnQ,33.520629850000006,-111.97899595,41,[33.413158,-112.0822129,33.6281017,-111.875779],[7,8,26,11,224,465,168,265,39,109,38,440,126,97,40,210,88,298,48,99,108,24,47,212,293,177,49,178,251]
xdqZrsB4ZhxYX5hoW984jQ,33.47081,-112.06982,2,[33.47081,-112.06982,33.47081,-112.06982],[485,54]
GrlcqEWsrVGdlxcExef63w,33.6173486,-112.10507575,7,[33.5531178,-112.2355449,33.6815794,-111.9746066],[4,6,425,99,11,113,116,200,39,38,27,128,119]
cHnxzWanSrrF1of00hHeQg,33.653763,-112.065023,2,[33.653763,-112.065023,33.653763,-112.065023],[96,72,7,8,6,45]
LEVJi5WZj-QACWJwqay2sg,33.4161371,-111.8310337,4,[33.3931333,-111.9258672,33.4391409,-111.7362002],[88,298,39,38,11,251,26]
Z9NyAv05VfWhCIiiAMKrXA,33.46262385,-111.96993545000001,9,[33.4150409,-112.0272041,33.5102068,-111.9126668],[14,15,6,7,142,270,60,12,61,13,114]
izQhXnfoP2vPeBtZ2rLU7Q,33.3350531,-111.9445728,4,[33.3350531,-111.9445728,33.3350531,-111.9445728],[27,11]
bQqG8HEC5DuPp158TLo6sw,33.50202445,-111.99352335,8,[33.36376,-112.059748,33.6402889,-111.9272987],[183,65,133,38,57,39,145]
yQqhSGwZZkFmXKBKIw-pyA,33.5462884,-111.95301445,16,[33.4926382,-111.9797159,33.5999386,-111.926313],[11,63,126,97]
DEQva6zVhF97BfmXqU4tPA,33.365465,-111.475104,1,[33.365465,-111.475104,33.365465,-111.475104],[43,11]
nGbv77Isldl2N9rQz4RoGw,33.5102068,-112.0272041,1,[33.5102068,-112.0272041,33.5102068,-112.0272041],[39,38,40,206,11]
coVx1HqVwOwFl9mrkYBvAg,33.5282574,-112.020936,60,[33.3778998,-112.150244,33.678615,-111.891628],[7,36,44,285,11,175,129,121,79,17,62,27,63,43,33,8,98,10,9,264,6,77,35,34,247,210,46,65,133,26,84,339,119,108]
outUnsVPklWRY2N3RBDaKA,33.536573950000005,-111.9954942,19,[33.449233,-112.065458,33.6239149,-111.9255304],[27,11,48,63,109,38,39,265]
8Oug5kS4s3ExAe-GCjQqXQ,33.62612755,-112.006304133354,25,[33.4732683,-112.104722,33.7789868,-111.907886266708],[33,117,11,352,48,27,7,142,24,105,65,119,49,50,52]
Solv6u6wJGkbSiC9KHdaNg,33.4527955,-112.0693177,2,[33.4527955,-112.0693177,33.4527955,-112.0693177],[12,13,6]
9sQ8rEdYs7HNWJdtyjcq8g,33.523984,-112.04698,1,[33.523984,-112.04698,33.523984,-112.04698],[265,11]
TicSHQq2n4YuPXuLzfRo6w,33.46339228184,-111.92700305351,3,[33.46339228184,-111.92700305351,33.46339228184,-111.92700305351],[88,38,39,89,11]
wwhylG9UD3um_FtXky8SIg,33.476569749999996,-111.93571015,3,[33.4608045,-111.9477654,33.492335,-111.9236549],[38,99,39,40,11,57,470,145]
6gULsnrmD6fhLXk1DVycOg,33.4800882,-111.90524500000001,10,[33.304492,-111.936853,33.6556844,-111.873637],[7,108,177,192,11,212,26,43,251]
UvL5oM_nzq3C8eIjFyAk5Q,33.46940515625795,-111.97926565,25,[33.311506,-112.09925,33.6273043125159,-111.8592813],[15,6,191,244,172,11,57,69,48,7,108,208,35,284,212,361,192,140,27,224,182,84,49,333,26,63,202,72]
UuV4f20TMLIORUcu88eQSw,33.5092039,-112.0629224,1,[33.5092039,-112.0629224,33.5092039,-112.0629224],[33,99,44,11]
iUxNTY-tfyy8uTJxK_n-nQ,33.47181835,-111.9339084,7,[33.321269,-111.970802,33.6223677,-111.8970148],[109,38,48,39,11,99,400]
8Z9dgE7X3tEXYN1_nlO_PA,33.335132900000005,-111.88111075,6,[33.276004,-111.9091437,33.3942618,-111.8530778],[33,44,11,57,69,7,8,6,45]
kHWeqJ_nN55XkDg9umzQDA,33.4977808,-112.0697308,1,[33.4977808,-112.0697308,33.4977808,-112.0697308],[49,52]
JvAcIjgwz7HGtE_vgdoXkg,33.555266,-111.9997904,24,[33.4548476,-112.0893753,33.6556844,-111.9102055],[99,11,49,321,193,59,146,119,7,36,28,17,29,54,55,122,48,24,38,109,39,27,63,126,97,137,8,139,229,40,265]
FWRRGpIFnjE8Na7EvREpRA,33.4900575,-111.9262552,3,[33.4900575,-111.9262552,33.4900575,-111.9262552],[311,88,38,39,11]
BefmII_-V8GeYHM7wXTu4g,33.5529745,-112.1333594,2,[33.5529745,-112.1333594,33.5529745,-112.1333594],[7,138,139,97,11]
dIaYnii2SdKo6Idj_XBRCA,33.5029952,-111.9033355,2,[33.4820996,-111.9087669,33.5238908,-111.8979041],[26,11]
nTGmjSIzFfSdfGOa3DG77A,33.481157,-112.202073,1,[33.481157,-112.202073,33.481157,-112.202073],[43,11]
SMZX9Nh1MhDWFYs8I9-6UQ,33.495189999999994,-112.0272009,49,[33.480678,-112.0741143,33.509702,-111.9802875],[7,108,26,11,49,52,99,43]
r25GXBdaCjcBld3PrfDi5Q,33.357176763916,-111.87548577954101,7,[33.33605,-111.906135559082,33.378303527832,-111.844836],[26,11,48,296]
l3JnyaRPcgGE4xcyuG4uug,33.561901500000005,-111.99414235,11,[33.491546,-112.0648577,33.632257,-111.923427],[26,11,28,190,210]
QJleChiMFNluZqbZa8zqfA,33.4473222,-112.0784269,1,[33.4473222,-112.0784269,33.4473222,-112.0784269],[93,3]
0d0RBImQd5-h2hhWsnKIAA,33.4480976,-111.9873561,1,[33.4480976,-111.9873561,33.4480976,-111.9873561],[28,17,18,29]
hSbBZT9p6JTGSUarsSlr9w,33.480731,-111.908535,3,[33.480731,-111.908535,33.480731,-111.908535],[202,72]
ad-Duc6k9qat3WzDz68CkA,33.069503,-112.047367,1,[33.069503,-112.047367,33.069503,-112.047367],[27,11]
SqkS6_v3r3jDuERbqNEOHg,33.415501,-111.837456,1,[33.415501,-111.837456,33.415501,-111.837456],[10,48,24,11]
-O8exEPYgJ6tjHD7sB2QRw,33.66777725,-112.02698799999999,7,[33.652086,-112.123307,33.6834685,-111.930669],[24,11,407,106,408,54,7,142,292,44,127,295]
O6QPXoNdJFjLpSj9jky4rw,33.5087901,-111.97945105,5,[33.4772147,-112.0736348,33.5403655,-111.8852673],[48,11,212,361,265]
8IbTufAq2lAId78D7okq2g,33.597378,-112.1197753,2,[33.597378,-112.1197753,33.597378,-112.1197753],[41,43,11]
HcJrn266YlCs_DL5dN_sDA,33.5744834,-111.8629187,1,[33.5744834,-111.8629187,33.5744834,-111.8629187],[48,11]
yjI-o01JHlelf6XN477crA,33.6475132,-111.92737595,7,[33.639342,-111.9300279,33.6556844,-111.924724],[99,11]
yi-TbBRaKAOFKEP4yv0nWA,33.53850593643725,-111.97633746450501,3,[33.5102068,-112.0272041,33.5668050728745,-111.92547082901],[224,11,99]
O7X-D2pSA0pR5EXYySH5xw,33.3299526,-111.8640104573975,12,[33.304861,-112.004102,33.3550442,-111.723918914795],[185,11,265,224,99,27,7,162]
_ueBLYa9E3WO8KRpc37yBA,33.4878365,-112.0406365,27,[33.320255,-112.153592,33.655418,-111.927681],[182,218,11,137,7,8,138,139]
qmilnWcPvhGaDUsrNN87AA,33.2125748081159,-111.67526753516,1,[33.2125748081159,-111.67526753516,33.2125748081159,-111.67526753516],[10,24,11]
K7dhrsAHwSytMxl2rIqEVw,33.520563499999994,-112.195886,200,[33.401137,-112.421519,33.63999,-111.970253],[57,327,99,11,38,128,39,293,205]
8PNCYoZ_aIEK_XupHYEQ8Q,33.61639685,-112.228669,44,[33.594892,-112.235193,33.6379017,-112.222145],[307,212,43,11,7,138,8,139,33,44]
wDgc0hd-FmWsNEgftgmUJQ,33.4360415,-111.9956337,188,[33.4360415,-111.9956337,33.4360415,-111.9956337],[28,240,241]
yxqMfvRPLtYDJv6cNBE3jQ,33.311373,-111.966969,2,[33.311373,-111.966969,33.311373,-111.966969],[71,72]
nHy8YjkIGnS-JZU3_MCJbQ,33.4552907,-111.9878697,3,[33.4552907,-111.9878697,33.4552907,-111.9878697],[43,11]
y1fxykS0Yy6ETvhkEYbrQw,33.65316,-112.184993,4,[33.65316,-112.184993,33.65316,-112.184993],[54,317]
VcN9i7sPrGSOn4BnpOJ9tQ,33.49445325,-111.980958,56,[33.3054275,-112.1201999,33.683479,-111.8417161],[38,26,39,11,27,128,224,251,15,25,6,7,36,99,14,285,185,247,33,10,9,119,57,327,101,88,89,265,145,49,178,43,108,62,24,17,97,212,191,63,139,8,229,47,48,298]
fO8kBECmrXSjcHfEdtD7kA,33.4253394,-111.9398532,6,[33.4253394,-111.9398532,33.4253394,-111.9398532],[465,57,39,145]
YI0L27dUtpQO3HqQpUxkHQ,33.515339850000004,-112.15918385,11,[33.4493777,-112.25351,33.581302,-112.0648577],[88,298,39,38,11,26,126,97,89,210]
jj1W2oVyet8ISMKzdhBHDg,33.47883915,-112.0925452,13,[33.448333,-112.126253,33.5093453,-112.0588374],[177,26,11,99,7,139,8,423,27,38,210,39]
KqStc4ClBZQEsT3eXYlWLw,33.424476049999996,-112.00583685000001,6,[33.414027,-112.0934397,33.4349251,-111.918234],[28,17,29]
WlgIfH4_wdwV2TdMtG_B8g,33.46467,-111.9635317,8,[33.3054251,-112.001533,33.6239149,-111.9255304],[168,144,11,24,48]
q94vpz3z1grKSIfqyAUgeQ,33.47883395,-111.9853196,2,[33.4480659,-112.043619,33.509602,-111.9270202],[7,8,6,35,76,182,218,11]
lB_xm__S-tBF0SO0nDsiUA,33.5997853,-111.9869486,8,[33.5997853,-111.9869486,33.5997853,-111.9869486],[119,201,99,11]
hHimxg0RrR4--yOwj0mOGg,33.52650785,-112.0611759,49,[33.3550442,-112.332821,33.6979715,-111.7895308],[7,108,38,47,88,39,48,11,27,57,69,402,24,307,172,99,120,127,177,140,63,185,33,44,169,244,309,285]
uo2kGJg-aPsT3LEt76jtQQ,33.5088428,-112.0342897,5,[33.5088428,-112.0342897,33.5088428,-112.0342897],[265,11]
A809MXzzzalEYsY_aFp5Ww,33.5310326,-112.1426022,3,[33.4230344,-112.3590018,33.6390308,-111.9262026],[285,185,11,33,99]
A99dyhEqcd_yXKPfBWeZHA,33.40499935405795,-111.93619240000001,200,[33.2125748081159,-112.3578878,33.5974239,-111.514497],[7,137,8,139,63,27,24,11,57,20,56,362,23,34,6,35,212,26,43,109,38,39,177,140,126,97,247,13,115,119,99,224,48,106,54,131,79,121,98,239,91,72,395,127,265,108,182,148,206,142,292,192,229,40,338,201,194,333,33,251,88,298,4,425,30,185,361,210,69,49,417,80,59,10,243,9,200,46,45,15,25,219,218,41,416,36,47,191,143,208,130,32,161,195,65,89,181,28,240,241,455,170,52,327,42,104,204,76,168,306]
cJ4sX6aMfgFJNRAmPO-pOw,33.5825532,-111.9301931,2,[33.5825532,-111.9301931,33.5825532,-111.9301931],[38,212,41,39,11]
lNXaLZITgpALcvT1vrUGCw,33.52421645,-111.944248,2,[33.4778329,-111.986396,33.5706,-111.9021],[38,48,99,39,11,33]
PP01YxVdk9hblo31jcLMag,33.434736,-111.924312,1,[33.434736,-111.924312,33.434736,-111.924312],[28,17,29]
D18WXz-ZsgQHGtb7zu53TQ,33.287986172397,-111.6787420573975,4,[33.2549107,-111.723918914795,33.321061644794,-111.6335652],[99,11,10,44,24]
s_ubfEseV7B_kvlwGjIX-g,33.5860132,-111.9555599,4,[33.4956673,-111.9780802,33.6763591,-111.9330396],[53,54,55,129,278,79]
QMhfKbXH0S9zEmUwp0NFLA,33.49404275,-111.9271031,4,[33.4900575,-111.927951,33.498028,-111.9262552],[311,88,38,39,11,352,48]
zc7ozZNFChVFmilqIL9Qyg,33.42799355,-111.9716819,27,[33.2774461,-112.153574,33.578541,-111.7897898],[7,108,48,11,229,63,27,8,26,17,18,39,119,38,24,33,168,182,140,57,333,49,469,146,88,99]
grXqYN-Wh7plSsivDEfgEA,33.47036275,-111.84163365,8,[33.3401488,-111.9669525,33.6005767,-111.7163148],[4,6,39,38,128,11,63,27,99,400,309,119,285,265,185]
pEQY0JAfTMe6bzNyipsetA,33.3937849,-111.7352521,1,[33.3937849,-111.7352521,33.3937849,-111.7352521],[65,133]
ufQjgArgoMP4yS0uZWPEFw,33.57327295,-112.06648154999999,5,[33.4772147,-112.2029352,33.6693312,-111.9300279],[99,11,26,265]
dEaL6z1dhO7VN6UH0Fxw9g,33.5218465,-112.0648577,4,[33.5218465,-112.0648577,33.5218465,-112.0648577],[210,11]
cprrdOVWlDZU9iMCTMtKbQ,33.4363695,-111.9503412,37,[33.304492,-112.0962274,33.568247,-111.804455],[117,11,24,168,169,224,33,26,10,126,7,47,48,27,109,38,39,440,40,101,138,8,416,139,251,210,212,43,97]
luUk09m_FxUKYqWkoA-1bg,33.5650982,-112.0737503,1,[33.5650982,-112.0737503,33.5650982,-112.0737503],[109,38,210,39,11]
WgKmB8R6CaOYXVr1VZ0Ctg,33.3785574,-111.9325616,2,[33.3782224,-111.9364223,33.3788924,-111.9287009],[7,142,192,140,11]
MtT3cczkS7vF7uWEE08Ecg,33.3791738,-111.7571117,74,[33.3791738,-111.7571117,33.3791738,-111.7571117],[98,7,212,11]
nAOW2SZlYJkTDobBnST-yg,33.4874731,-111.91717489999999,3,[33.4799784,-111.9241443,33.4949678,-111.9102055],[11,63,38,109,39,27,212]
458bvbL7S9CrhyCM-JxaYA,33.4072108,-111.92512835,7,[33.3931281,-111.939886,33.4212935,-111.9103707],[26,11,265,63]
55xmpbApf4riQwx28sJtrw,33.6464133,-112.2365732,1,[33.6464133,-112.2365732,33.6464133,-112.2365732],[265,126,11]
isEm7J7HITKbOq3l00SheQ,33.4556584,-112.0719926,3,[33.4556584,-112.0719926,33.4556584,-112.0719926],[38,181,39,40,11]
lw02HZqYM9HeczUyT2JC0g,33.588104400000006,-111.976782,3,[33.5044193,-112.0475633,33.6717895,-111.9060007],[169,11,206]
fyPMbhdge9xebNU8sdsbMw,33.321061644794,-111.723918914795,10,[33.321061644794,-111.723918914795,33.321061644794,-111.723918914795],[99,11]
z70N07dD7ieDKAYqY6gkww,33.392567,-111.787043,5,[33.392567,-111.787043,33.392567,-111.787043],[97,43,11]
1ahpOLyEwflTzg0E6EQwVA,33.4927389,-111.9283224,20,[33.4922985,-111.9320931,33.4931793,-111.9245517],[39,26,127,11,210]
