WNbLILdZLwo662ttW-IO0g,33.3351559,-111.9631173,1,[33.3351559,-111.9631173,33.3351559,-111.9631173],[74,24,11]
kQQhpSz167_S6YelicG-Vg,33.425218,-111.881136348645,23,[33.233122,-112.020561,33.617314,-111.74171169729],[11,63,71,72,54,55,122,49,417,80,59,177,140,382,73,288,32,265,7,137,8,139]
NlxI17VkYlTRxMJX3XduvQ,33.4863328,-112.0544541,10,[33.4354553,-112.0824683,33.5372103,-112.0264399],[7,33,142,24,11,126,97,309,285,63,27,49,66,52]
Cg4CUfihhK4mXKo1RYhVow,33.57018,-111.89625635,186,[33.307263,-111.9394059,33.833097,-111.8531068],[7,108,99,11,265,185,28,158,17,29,48,63,26]
aBGSf8tbPRTkBVbXiQV3OQ,33.6108224,-112.1310283,2,[33.6108224,-112.1310283,33.6108224,-112.1310283],[63,27,11]
83AWX9VkNE-2P8QQahZNdw,33.5044193,-112.0475633,1,[33.5044193,-112.0475633,33.5044193,-112.0475633],[206,11]
Qnjq15v-jV4EDzmcrAfINw,33.624036015123,-111.928024291992,4,[33.624036015123,-111.928024291992,33.624036015123,-111.928024291992],[206,11]
KntKztuTHOnSh4Oq4C1NcQ,33.321515,-111.895612,1,[33.321515,-111.895612,33.321515,-111.895612],[201,11]
_v6xJSrCHNnK0CEnu1ZM0w,33.798073,-111.926458,5,[33.798073,-111.926458,33.798073,-111.926458],[26,11]
RSpASzEhMuUX-vDZjnRhUg,33.5240178,-112.06787994999999,4,[33.5092756,-112.0718179,33.53876,-112.063942],[212,11,48]
2uBJpIW339uRVS0hVXqR-Q,33.4948736,-111.83868480000001,9,[33.2906772,-111.917449,33.69907,-111.7599206],[72,297,26,11]
tUunHHyQBxiCHh3mbPkgww,33.4235479,-111.936853,3,[33.4235479,-111.936853,33.4235479,-111.936853],[177,192,11]
v0e9jDvYiD5qaO3im25ufg,33.338052922397,-111.8382235573975,16,[33.321061644794,-111.9525282,33.3550442,-111.723918914795],[212,361,11,99,185]
T7t5UdadpHua-YnmiFpcZw,33.5083781,-111.9258659,200,[33.5083781,-111.9258659,33.5083781,-111.9258659],[161,28,65,17,29]
yzxNvgDmp_NqfVBk_ORPHw,33.344697249999996,-111.96019659999999,3,[33.2959935,-111.9971322,33.393401,-111.923261],[54,55,122,53,266,256]
w7qIeQeYBXzjb3Zu07RVdA,33.1154823,-111.68267005000001,2,[32.9873654,-111.8413019,33.2435992,-111.5240382],[26,11]
NoWhtugDv430JrfIFZLxmg,33.365091,-111.731594,2,[33.365091,-111.731594,33.365091,-111.731594],[7,247]
Ik64OJOhEnq81YcXUHS3WA,33.5828014,-111.9257587,17,[33.5828014,-111.9257587,33.5828014,-111.9257587],[10,24,11]
21z4-ERBS-pTfmNlBPYmMg,33.441414,-112.557102,63,[33.441414,-112.557102,33.441414,-112.557102],[99,11]
eCSYAzpBbIrFMAUYGQjzQA,33.364709000000005,-111.860848,15,[33.234155,-111.966307,33.495263,-111.755389],[24,11,27,63,26,88,38,39,298,212,229,28,17,29,33]
kItFwg8_w8di-h0RMpzM5Q,33.50223685,-111.91330785,12,[33.4222653,-111.9276185,33.5822084,-111.8989972],[7,98,10,9,11,185,119,382,307,212,43]
CgsVdvkEAC3aQnQEFOl2hg,33.51730875,-111.99895675,43,[33.394432,-112.1223355,33.6401855,-111.875578],[212,361,11,7,142,57,69,33,36,8,26,120,99,44,292,108,224,49,230,80,231,59,27,218,41,202,72,281,88,38,47,39,104,161,195,65,307,43]
KuUmsilRM8JelMSSgnrhcw,33.320136,-111.891559,1,[33.320136,-111.891559,33.320136,-111.891559],[7,108]
kWIyajQP2mEv93yj34oemg,33.50648325,-112.07196935,41,[33.49112,-112.079081,33.5218465,-112.0648577],[26,11,210]
pYql1U3_f2vSru8KHvIaUA,33.5088428,-112.0342897,2,[33.5088428,-112.0342897,33.5088428,-112.0342897],[265,11]
TEs7S-ICJHD_aU7DQdsoIA,33.41277255,-111.99705955,3,[33.319374,-112.0647931,33.5061711,-111.929326],[43,11,7,292]
hgnmWEP5LjqvkODBCCvVSA,33.4787939,-111.9259092,26,[33.4787939,-111.9259092,33.4787939,-111.9259092],[251,11]
RCuhxW-KzbfHA394h_g6og,33.31678025,-111.9101498,2,[33.2985428,-111.9270792,33.3350177,-111.8932204],[27,11,28,17,29]
DOJM58OkGSsIdk2qCUZnLQ,33.535472093519004,-111.9168602,166,[33.266696887038,-112.1464018,33.8042473,-111.6873186],[11,63,49,146,219,218,41,447,168,265,26,80,59,212,43,7,189,10,24,48,224,109,38,39,89,114,13,6,99,469,322,57,145,14,15,141,345,84,262,33,47,56,17,18,191,69,36,177,140,292,128,244,186,106,54,280,28,29,137,8,139,247,108,119,64,65,205,101,98,88,309,285,157,103,455,442,241,351,4,100,425,27,170,462,32,95,126,97,361,25,298,46,52,120]
tF9kCXyMKTv2ILdtytOVMA,33.50195438898085,-111.95558955,42,[33.4952135,-111.996292,33.5086952779617,-111.9148871],[78,79,99,11,109,38,39,63]
davqcAbwEHCL35nRFt-3rg,33.57286775,-111.9247234573975,15,[33.313774,-112.125528,33.8319615,-111.723918914795],[33,99,44,11,7,108,48,6,161,28,65,17,29,117,119,112,168,126,97,26,24,120,38,39,293,54,55,122]
9sMWMabRXIKV3KFJUwSb_w,33.455863,-112.072167,83,[33.455863,-112.072167,33.455863,-112.072167],[88,298,39,38,11]
wbj0qXO5_ZivCbinVLXB9A,33.623261,-112.391859,1,[33.623261,-112.391859,33.623261,-112.391859],[26,11]
z0g2DigbybdN-vL628TG3Q,33.54481065,-112.00105155,8,[33.5092093,-112.013517,33.580412,-111.9885861],[7,138,8,139,340,11]
LaEj3VpQh7bgpAZLzSRRrw,33.4917924,-111.98770915,79,[33.3057308,-112.134201,33.677854,-111.8412173],[251,11,265,33,38,39,126,97,63,26,127,99,48,307,119,206,27,24,40,7,292,338,189,10,149,168,43,224,108,142,98,109,162,382,17,62]
RFUxwd4sLCNfoFtQp-_NiQ,33.4930514,-111.9339561,20,[33.4930514,-111.9339561,33.4930514,-111.9339561],[28,17,29]
05C-afoGFwzcE4jr2E6OHQ,33.6416611,-112.1001169,1,[33.6416611,-112.1001169,33.6416611,-112.1001169],[26,11]
OMC3DRyGrDbq-oMtdRAH8Q,33.465362999999996,-111.9411664,76,[33.2475,-112.092802,33.683226,-111.7895308],[79,121,149,229,11,181,126,7,108,119,172,182,48,140,26,97,352,99,185,49,178,62,24,17,9,10,192,377,210,83,6,98,168,33,88,38,39,89,63,373,196,43,117,493,201,247,142,177,47]
JBlcfu6tqQ5l7NmkyFVv9w,33.408355650000004,-111.98861550000001,29,[33.3058378,-112.134201,33.5108735,-111.84303],[168,42,43,11,126,251,24,7,108,149]
N7zdWqciCXoiSXWMDq62SQ,33.319395,-111.874965,1,[33.319395,-111.874965,33.319395,-111.874965],[7,365,142,292]
p4VkQXcLH2FldlgdxqFp9Q,33.4823979,-112.0017105,7,[33.4657898,-112.076718,33.499006,-111.926703],[26,11,307,27,172,39,212,126,293,224,182,43]
BBSuDrUrutCPgXWbmmpQLQ,33.522073750000004,-111.92298105,5,[33.4787939,-111.9259092,33.5653536,-111.9200529],[251,11,38,99,39,40,49,80,59]
eoHRVWFl0sGc5ABljL079w,33.683479,-111.966112,200,[33.683479,-111.966112,33.683479,-111.966112],[48,11,161,28,29,17,65,212,229]
a--Kh_VbDRo8a5COaeStYg,33.511235850000006,-112.0719719,7,[33.455863,-112.0739659,33.5666087,-112.0699779],[38,48,39,11,212,57,306,333]
mYqYG5yxc8VI56JCkoNj8w,33.5997853,-111.9869486,3,[33.5997853,-111.9869486,33.5997853,-111.9869486],[119,201,99,11]
yWnCzpjD2FDq4rknjF-bNA,33.4556584,-112.0719926,5,[33.4556584,-112.0719926,33.4556584,-112.0719926],[38,181,39,40,11]
N-0qJ-03xPg2t5lYu0z6BQ,33.6325673,-111.9329178,21,[33.4493946,-112.0816756,33.81574,-111.78416],[38,11,39,27,128,63,340,210,26,140,177,285,119,10,149,97,7,108,201,109]
5S3qIi-EHG634Mx-_mpBQg,33.46921235000001,-111.834731,24,[33.362444,-111.912417,33.5759807,-111.757045],[10,44,24,11,78,79,373,400,15,6,191,27,98,7,106,54,226,99,46]
fgH-ukdI-0b79ZkgF1pV7Q,33.51440565,-111.99452685,2,[33.444799,-112.066662,33.5840123,-111.9223917],[182,48,140,11,57,327]
cZz42GCpAegHFWiaKl3GnQ,33.535182250000005,-111.8269310121275,6,[33.4518379,-111.926436424255,33.6185266,-111.7274256],[48,11,33,7,142,36,38,39]
6YuL-T1IWO8Kp4SgAasruw,33.5311947,-112.07367155,2,[33.5237453,-112.0986063,33.5386441,-112.0487368],[38,48,39,11,26]
6dWfsD_Fr5f3o7Dqchqpqg,33.612363,-112.184263,2,[33.612363,-112.184263,33.612363,-112.184263],[43,11]
DlsjpkjIt4M2rWEtvA-d1w,33.362235,-111.841068,22,[33.362235,-111.841068,33.362235,-111.841068],[99,44,11]
gOAPYR1D7PrXwRsnpAovVA,33.492674949999994,-111.92925389999999,136,[33.4922985,-111.9339561,33.4930514,-111.9245517],[210,11,28,17,29]
-ShGtYhJlQH_XQNjUcsU2A,33.414442550000004,-111.9466585,2,[33.407717,-111.950803,33.4211681,-111.942514],[43,11,421,65]
36FJRLnHuzlDY8tcEk7VHw,33.40660295098115,-111.7000854925535,9,[33.359419,-111.927165985107,33.4537869019623,-111.473005],[182,172,11,218,27,244,41]
LN_tulkuSd7EuKgDIN_0lQ,33.3637746,-111.9095295,2,[33.3637746,-111.9095295,33.3637746,-111.9095295],[11,63]
_R7VHVlXk12JDJ_3oyqoEw,33.4471735,-112.073781,2,[33.4471735,-112.073781,33.4471735,-112.073781],[48,11]
KTWr-eDT2TbCKi_o9IYKmA,33.5484085,-112.1272395,97,[33.449235,-112.342441,33.647582,-111.912038],[119,99,11,57,69,38,40,39,28,17,29,7,8]
C4AZgHj6UOKEBqw0EpsjMQ,33.4154737,-111.7990941,11,[33.4154737,-111.7990941,33.4154737,-111.7990941],[26,11]
UphNlUHXr7nxOz8L33tV-Q,33.40825890098115,-111.87405100000001,55,[33.3627309,-111.940498,33.4537869019623,-111.807604],[38,7,47,88,39,48,11,57,145,101,27,182,172,24]
Q6c8I5-9-CNEmp_9HivyPg,33.4920033,-111.9258022,12,[33.4920033,-111.9258022,33.4920033,-111.9258022],[126,97,11]
uto71WESSPRvGxW0GcihGw,33.5102068,-112.0272041,3,[33.5102068,-112.0272041,33.5102068,-112.0272041],[265,11]
sjXubsgIJvL9tFIctrK5uw,33.53270765,-112.12287549999999,183,[33.379801,-112.557102,33.6856143,-111.688649],[44,11,99,246,7,119,139,24,17,423,120,98,63,28,18,29,27,471,168,43,26,292,48]
fb4RtPCTaVhwHEN9RGkzTQ,33.5025941,-111.9296765,2,[33.5025941,-111.9296765,33.5025941,-111.9296765],[265,48,11]
TSkCbhbTpeae8NEiRmMBtw,33.4354553,-112.0739136,16,[33.4354553,-112.0739136,33.4354553,-112.0739136],[309,285,11]
TxKPDkxuCtptw0WhUBWCRQ,33.334619,-111.84268,1,[33.334619,-111.84268,33.334619,-111.84268],[340,201,11]
ZrERF4fGVJ2UkYUbM4Fdww,33.47619675,-112.168794845485,16,[33.44238,-112.34971999097,33.5100135,-111.9878697],[38,143,39,65,133,181,40,11,7,142,251,43,138,8,139,33,119,99,192,323,48]
HXYb9iojGfLhyJ1lJjUhNw,33.5015395,-111.9570493,61,[33.4360415,-111.9956337,33.5670375,-111.9184649],[28,240,241,158,17,29]
fuNqQtR7MtzcsiBXWkjucg,33.5005719,-112.0741143,1,[33.5005719,-112.0741143,33.5005719,-112.0741143],[7,108]
rgqbKdwBtkVogFnXzH0KKA,33.4467821,-112.0690403,133,[33.444799,-112.0714186,33.4487652,-112.066662],[38,11,99,128,39,57,327]
AzY-MT2IVkRYfe2-PHz67w,33.5242874,-112.0474855,100,[33.5242874,-112.0474855,33.5242874,-112.0474855],[99,127,11]
rz8LpaNCNAfkU6QeoOUdCA,33.5160662,-112.029562,29,[33.5160662,-112.029562,33.5160662,-112.029562],[161,28,65,17,29]
E9ToUwGk2MzuhA3qWpDhig,33.3660499,-111.8511034,10,[33.3547012,-111.912417,33.3773986,-111.7897898],[7,108,48,11,6,110,98,24]
ai9gd7u7Asrj6nza_4jbOA,33.495813,-111.931976,1,[33.495813,-111.931976,33.495813,-111.931976],[65,54,220]
srI3rGap10bURSUFIEYzpw,33.683479,-111.966112,119,[33.683479,-111.966112,33.683479,-111.966112],[161,28,29,17,65]
W3KiZ6VyP8HBFGVck_DPnw,33.558122,-112.091006,1,[33.558122,-112.091006,33.558122,-112.091006],[49,476,82,59]
IuDlUBJXfgPMYAy8OcB_RQ,33.4548476,-112.0800705,51,[33.4548476,-112.0800705,33.4548476,-112.0800705],[63,27,24,11]
MKRZO2l13pA4gaq0dMgwWw,33.3943472,-111.874864,1,[33.3943472,-111.874864,33.3943472,-111.874864],[126,11]
JCKgyOjE4ML0685O1WTWHA,33.5471002,-111.90879699999999,55,[33.393607,-111.96828,33.7005934,-111.849314],[7,142,26,11,127,373,251,153,224]
I-CJuKpP5EzkWoBaAG7t6A,33.6035808,-111.91352549999999,8,[33.5819824,-111.943525,33.6251792,-111.883526],[11,63,7,142,210,26,99,38,39]
9RPhpa897l8ptzeQFAQiUQ,33.48919505,-111.92722255000001,8,[33.394432,-111.9788671,33.5839581,-111.875578],[182,218,307,11,251,98,7,24]
qzSwJ5lxgw58PgsTWSgEIQ,33.629714,-111.9112,1,[33.629714,-111.9112,33.629714,-111.9112],[49,80,59]
AI5qJune__v2l01_590bQQ,33.4963652,-111.9246694,113,[33.49447,-111.9251128,33.4982604,-111.924226],[38,39,212,11]
JI9d7PmME-e8q2A0ajsppQ,33.594230249999995,-112.08016194999999,200,[33.5478355,-112.112867,33.640625,-112.0474569],[28,17,29,33,99,11]
HFTmwmRYMmNnwpJ6c7077g,33.3776906,-111.8961195,12,[33.2587342,-111.999957,33.496647,-111.792282],[71,72,251,11,98,7,292,126,119,117,313,27,43,265,138,8,139,149]
fVs2tdErVAPI_ZfbXW2Dfg,33.480017,-112.031501,1,[33.480017,-112.031501,33.480017,-112.031501],[28,17,29]
VKiWDL608wBRQtk05ts59g,33.588811671322,-111.9874301,60,[33.421617342644,-112.100731,33.756006,-111.8741292],[63,27,11,123,65,251,98,7,206,134,135,57,56,39,145,182,172,24,49,52,84,147,99,38,218,47,0,1,10,108,48,140,40,69,26,13,6,272,4,5,160,139,225,212,44,296,32,95,222,236,103]
zYWRzSRvbNkUIUOvTVwInw,33.5520136,-112.0999471,7,[33.5520136,-112.0999471,33.5520136,-112.0999471],[251,11]
N7wFwFnigCG-qzTgSeCHmA,33.391816250000005,-111.87636875000001,7,[33.2973538,-111.9102055,33.4862787,-111.842532],[11,27,63,6,32,302,110,1,141,7,33,48,47]
1guJDgUfTiDdbgKqBhsZFQ,33.407404773896346,-111.9987905,200,[33.3487055477927,-112.081655,33.466104,-111.915926],[219,218,41,11,88,109,38,39,7,24,47,27,224,48,119]
TtxncZKMW0uz7TsWr32czg,33.5093372,-112.0608177,8,[33.5093372,-112.0608177,33.5093372,-112.0608177],[212,63,97,11]
xEBefVOdIF-w2TGmlpmdMA,33.5102068,-112.0272041,1,[33.5102068,-112.0272041,33.5102068,-112.0272041],[99,11]
t0Z7kU8Wt4ouJ2qFO3vxow,33.9693921,-112.7291837,2,[33.9693921,-112.7291837,33.9693921,-112.7291837],[201,11]
vVpyvWjf5Dym3CGbShaKmA,33.4196522,-111.97544429999999,99,[33.305681,-112.0653186,33.5336234,-111.88557],[177,140,11,26,7,36,8,63,27,24,188,23,161,28,65,17,29,49,312,57,146,91,38,99,205,39,128,80,82,59]
YJ1dtpjo1EkEaBiW2oRt7g,33.5024095,-111.9955012,10,[33.5024095,-111.9955012,33.5024095,-111.9955012],[7,8,119,11]
NSEpvNdd1TV8LjTXI5qVmQ,33.4381804,-111.97937915,5,[33.3926383,-112.0476668,33.4837225,-111.9110915],[98,7,10,192,11,108]
hZ8F5gMff-ZBLLbtIX5X0Q,33.620562,-111.8963279,2,[33.620562,-111.8963279,33.620562,-111.8963279],[119,11]
MGaovx2FkIvO_MP78gtGbw,33.54531495,-111.9612673,3,[33.5097951,-111.9956764,33.5808348,-111.9268582],[33,48,307,11,38,99,39]
AhHLZWycap9iERWq4VyodQ,33.5829091,-112.0144276,2,[33.5829091,-112.0144276,33.5829091,-112.0144276],[49,146,17,18]
vNWcDZiWimb33WQ8Fr61eg,33.583582699999994,-111.99599810000001,2,[33.5832073,-112.0131291,33.5839581,-111.9788671],[182,218,307,11,108,7,119,38,109,39]
EwmhCKLD8LVBFkeXj33KWA,33.5674956,-112.1674092,1,[33.5674956,-112.1674092,33.5674956,-112.1674092],[181,11]
Om3ZRgRibcjdQlBsw0QKRw,33.637072,-112.071339,2,[33.637072,-112.071339,33.637072,-112.071339],[38,11,128,39]
xrPrQDtiZ4rTJq_EFYqumg,33.493491000000006,-112.03998485,6,[33.473832,-112.073765,33.51315,-112.0062047],[26,11,195,65,63]
U_OmgVrp-MJ9cB-83uf5cg,33.4064055,-112.11727313253,14,[33.303233,-112.39201426506,33.509578,-111.842532],[27,11,7,33,48,47,126,63]
Y0aovX_kbraKpdLYCzVHKA,33.449233,-112.065458,1,[33.449233,-112.065458,33.449233,-112.065458],[27,11]
sZA97tX9NH01KXIqa8FJ4w,33.453644499999996,-112.2101837,6,[33.448333,-112.3510497,33.458956,-112.0693177],[224,11,57,56,99,38,48,39]
XF2EX4k1KOKmqFOGHql4xw,33.6554383,-111.8926959,16,[33.4951366,-112.0012318,33.81574,-111.78416],[33,99,11,126,26,27,6,87,17,62,49,52,66,48]
bMyx5VxIJTlNOIM8URe5uA,33.50868495,-112.06213485,3,[33.5080943,-112.0863874,33.5092756,-112.0378823],[48,11,129,277,278,79,7,142]
2uIF-P-YkMt6aFMV0zVskw,33.5421483,-112.12632655,6,[33.457788,-112.1855401,33.6265086,-112.067113],[7,108,186,6,57,201,375,139,11,38,39,40,27,88,47]
p4b5OAEp39fRr39SaR5jQQ,33.421617342644,-111.9466751753,1,[33.421617342644,-111.9466751753,33.421617342644,-111.9466751753],[63,27,11]
Cz9jrqmtTVmZMwxUfpi9_Q,33.2814031,-111.7893255,1,[33.2814031,-111.7893255,33.2814031,-111.7893255],[27,11]
cb1INBdxPgDHhDMpmp1gog,33.413324,-111.873436,3,[33.413324,-111.873436,33.413324,-111.873436],[53,54,55,122,256]
XPgfqsjhf_d8WJkEbdGuwQ,33.5381392,-112.0631483,1,[33.5381392,-112.0631483,33.5381392,-112.0631483],[7,142,108]
RoLmtxYtiK3RaoedEyejIQ,33.4920033,-111.9258022,6,[33.4920033,-111.9258022,33.4920033,-111.9258022],[126,97,11]
P-YDaEqljGDoPfkeyr7Q5g,33.422728,-111.951494,37,[33.422728,-111.951494,33.422728,-111.951494],[88,38,39,89,11]
axwQnDHJUGxD_sM1zrQzPw,33.6216076,-112.0310202,8,[33.6216076,-112.0310202,33.6216076,-112.0310202],[64,65]
Yl8pSOZnIBNTnKoRWK_RIA,33.573885849999996,-111.99898155,3,[33.4471783,-112.0744503,33.7005934,-111.9235128],[57,145,38,39,48,11,26,7,108]
QrDVE9ivBqn7IS5OpXQC-A,33.3107215,-111.9697745,3,[33.305824,-111.991311,33.315619,-111.948238],[26,11,84,291]
KOJlS3Icy4ti-itRUmDE6w,33.4430156,-112.3492682,2,[33.4430156,-112.3492682,33.4430156,-112.3492682],[26,11]
6Fo8yKisfoTe7F3Abwv8GA,33.436343750000006,-111.87499489999999,2,[33.418418,-111.9094198,33.4542695,-111.84057],[168,11,38,26,39]
K7C-duTQBWpjdA1LA8G5NQ,33.4527955,-112.0693177,49,[33.4527955,-112.0693177,33.4527955,-112.0693177],[26,127,11]
d9sdFE7qpgS3WyO9qhbdoA,33.430535,-112.345359,4,[33.430535,-112.345359,33.430535,-112.345359],[24,229,11]
kzowEPbtJ0OCfgi3Al-UZQ,33.51244135,-111.96301635,4,[33.4960515,-111.9957399,33.5288312,-111.9302928],[161,195,65,38,48,39,11,63]
tSFWa2H2oTVwB-23kKjOuQ,33.476436,-111.9710883,7,[33.476436,-111.9710883,33.476436,-111.9710883],[197,23,344]
oIKsYFQyzj5XAxp6oYGHqg,33.4509269,-111.87934105,6,[33.4075588,-111.924219,33.494295,-111.8344631],[117,26,11,48,293,39,38,99]
e-Y2ng6q9sq5iI7ycH7Yfw,33.48383508909785,-111.922547221184,11,[33.4234408327431,-111.939622163773,33.5442293454526,-111.905472278595],[7,9,119,11,109,38,27,39]
FCh1O0nwOBaIZLL7sGmxow,33.639037200000004,-112.2034465,6,[33.6386944,-112.227777,33.63938,-112.179116],[28,17,29]
XOyTCXn1WbQpzPiDjwrOfg,33.423786454135296,-111.9414091447295,8,[33.4214126082706,-111.942980289459,33.4261603,-111.939838],[7,108,39,38,126,97,11]
n4RPA0Cuem4ygQxPIdLBLQ,33.43475,-112.00644,130,[33.43475,-112.00644,33.43475,-112.00644],[28,170]
pQnaIq55At8ctwvIcFiP5g,33.5247543959057,-111.8331241415155,3,[33.3932601,-111.930048083031,33.6562486918114,-111.7362002],[26,11,33,24]
4rmfGXaSXDX4a54rh3Ppug,33.516169950000005,-111.88061245,2,[33.4480659,-111.9270202,33.584274,-111.8342047],[84,339,182,218,11]
IMPfuqVLPRO74ivmMUNO9A,33.59615695,-111.9023,6,[33.5705669,-111.917994,33.621747,-111.886606],[126,97,11,28,17,29]
BaHlhZ4dUO1AUY87ZXY6Tg,33.492805,-111.86099053650051,42,[33.390792,-112.357731073001,33.594818,-111.36425],[119,11,322,57,38,7,47,88,39,48,120,333,10,24,26,84,147,99,246,139,17,423,27,36,182,72,207,126,97,49,304,44,210,146,18,33]
AHLa6yTgqaW2rpupBlgj_A,33.494205,-111.931447,2,[33.494205,-111.931447,33.494205,-111.931447],[48,11]
kPCAg_NNSI5myqZOTKtkbQ,33.321067403792995,-111.754038575485,8,[33.220784807586,-111.924806,33.42135,-111.58327115097],[190,28,140,11,244,172,182,48,43]
qKt8aqk3JNiOTHIAlVgjPQ,33.58348,-111.883526,2,[33.58348,-111.883526,33.58348,-111.883526],[43,11]
YJyCUbX2cTLnwyJ0iC9g_A,33.40595365,-111.89403435,39,[33.3021074,-112.0475633,33.5097999,-111.7405054],[7,162,43,11,224,182,206,32,203,108,48,119,62,24,17,126,33,99,168,218,38,47,88,39,97,42,251,309,285]
bSPOaX7jdO9rtOCo1wD--A,33.289903,-111.773272,2,[33.289903,-111.773272,33.289903,-111.773272],[65,105,220,104,54,369]
eFKJNBAlTn_gk3vPTlTw0Q,33.5278493,-111.9258624,2,[33.5278493,-111.9258624,33.5278493,-111.9258624],[61,13,6,331]
vzAvkSRois2VMqj_AT7xVA,33.47476255,-111.89470635,158,[33.2174671,-112.1156244,33.732058,-111.6737883],[33,38,117,39,11,26,48,185,99,7,139,416,138,187,98,24,63,27,43,109,88,298,36,6,284,35,40,57,145,10,9,119,47,309,285,137]
Wuzz4hn0nX1bSjSTAgjRnA,33.4732683,-112.0649453,1,[33.4732683,-112.0649453,33.4732683,-112.0649453],[7,33,142,24,11]
LQAiv1A7xc30IRwm-EpwUA,33.4923075083035,-112.005809962556,35,[33.476082,-112.029066725112,33.508533016607,-111.9825532],[38,128,39,99,11,26,210]
ypfGLg_tJCCBW1mA_zfc6g,33.4957701,-112.1135009,2,[33.4957701,-112.1135009,33.4957701,-112.1135009],[28,17,29]
YQCuKVjnyNrjtKJk2bHQ6g,33.49719145,-112.1548747,2,[33.4922373,-112.3802113,33.5021456,-111.9295381],[11,483,30,13,6]
ZvTl1Quxexntr1qrTdDT5A,33.5030185,-112.0999,1,[33.5030185,-112.0999,33.5030185,-112.0999],[251,11]
3uEbewOQqdsvIoswNgdQ9Q,33.514170899999996,-111.95015335,11,[33.4995106,-111.9730855,33.5288312,-111.9272212],[109,38,11,39,440,161,195,65]
fSVMDqPa5f0h9NAYcMC_gg,33.28846440405795,-111.80811564999999,4,[33.2125748081159,-111.9677833,33.364354,-111.648448],[10,24,11,99,185,37,32]
0n6o5WIeiMUDtq3ayL3I-Q,33.328625,-111.75610385,81,[33.249485,-111.877429,33.407765,-111.6347787],[168,42,43,11,26,178,17,49,28,29,224,41]
uaa_aCL5c0UYJJMmgOkDIQ,33.509038,-112.0670453,7,[33.509038,-112.0670453,33.509038,-112.0670453],[26,11]
SPpXOm6W7-cfngo-F6Srvw,33.491028549999996,-112.06176605,5,[33.4517161,-112.0764371,33.530341,-112.047095],[48,11,127,57,39,145]
Agu65LjQjoyRn5mdTRoOQg,33.4814495,-112.0809515,2,[33.465462,-112.083886,33.497437,-112.078017],[7,108,27,24,11]
28xXZ5meSgcMVkB7Hk4cDA,33.410195,-111.870868,1,[33.410195,-111.870868,33.410195,-111.870868],[286,268,32]
ycLR0RVVs1m_kXvauZZQkA,33.3583158,-111.9606421,14,[33.2475,-112.0800705,33.4691316,-111.8412137],[109,38,48,39,11,251,43,26,63,27,24,149,126]
R8YTvXLc0eHWkrf1H4_5_w,33.501821,-111.919938,1,[33.501821,-111.919938,33.501821,-111.919938],[265,185,11]
IjJeMuZutDBNzrqr7xLewA,33.4352894,-111.9248982,9,[33.4352894,-111.9248982,33.4352894,-111.9248982],[33,44,11]
Y7asuJWgReUnP_Jf-z1wyw,33.498028,-111.927951,200,[33.498028,-111.927951,33.498028,-111.927951],[352,48,11]
8yKYw_s_np59dEPsY8hPpQ,33.6693312,-112.2029352,1,[33.6693312,-112.2029352,33.6693312,-112.2029352],[26,11]
0_nI0EtDmHdiBFIRL9RIlA,33.399264167470605,-111.817815361055,72,[33.2606570211946,-112.07211772211,33.5378713137466,-111.563513],[63,27,24,11,212,38,99,39,128,185,26,285,7,232,33,265,168]
d42jE3ze2wj_EdECiSAsbQ,33.540549,-112.19840260000001,7,[33.448675,-112.4712525,33.632423,-111.9255527],[182,99,11,88,38,48,39,57,145,128,206,63,7,47]
se8hvmJurptPeLvcmVm5JQ,33.4656695,-112.0816756,1,[33.4656695,-112.0816756,33.4656695,-112.0816756],[140,177,285,11]
c-AriMmNk4MimgJCT1UAwg,33.5123186,-111.995355,30,[33.5123186,-111.995355,33.5123186,-111.995355],[119,99,11]
jga116TEkHXu5hSUckN_EQ,33.6556844,-111.9300279,2,[33.6556844,-111.9300279,33.6556844,-111.9300279],[99,11]
naNSnPfJ667oegzJ8glVaw,33.496085050000005,-111.99722105000001,3,[33.317906,-112.0303041,33.6742641,-111.964138],[49,82,59,274,6,13]
9dlD0j4qbY37IZu9Nl-_HA,33.47394115,-111.93338700000001,2,[33.417977,-111.940337,33.5299053,-111.926437],[265,11,483,127]
8S_yZ7qRivW97H9DpdT57w,33.568585,-112.11582,8,[33.568585,-112.11582,33.568585,-112.11582],[28,17,29]
AOC3bEkZ7pTiXRdz0Tgp9A,33.4096062,-111.9888625546415,12,[33.3633494,-112.072167,33.455863,-111.905558109283],[126,97,11,106,54,107,317,212,43,99]
ifxNxHRI0A38h22nXVTZ_Q,33.511564750000005,-111.90848145,4,[33.499236,-111.9177014,33.5238935,-111.8992615],[49,4,5,6,367,126,11]
HNGueJ2UDxcztjYfC_2qDQ,33.44906,-111.925621,2,[33.44906,-111.925621,33.44906,-111.925621],[446,11]
N0QZjNCBJzZNMUJAECG6Bg,33.363742,-111.9268855,1,[33.363742,-111.9268855,33.363742,-111.9268855],[49,319,59]
U0RTN7sFRUG9M8_Q2eDrrA,33.4601437,-111.9029345,20,[33.3350308,-112.079081,33.5852566,-111.726788],[39,212,126,293,11,12,13,6,22,202,72,224,106,54,226,311,26,49,50,52,97]
Y_Lkt8SIXiAIR8cSF8HM9A,33.5383534,-112.1658193,2,[33.5383534,-112.1658193,33.5383534,-112.1658193],[119,11]
qCj5JK0d1DV_uvRE-K75UA,33.650029,-111.925642,1,[33.650029,-111.925642,33.650029,-111.925642],[72,297]
5sn4ZV6v3_vhyt9p5tIRlg,33.4194512,-111.915926,8,[33.4194512,-111.915926,33.4194512,-111.915926],[38,7,47,88,39,48,11]
AOmdmYYSeLUstcN084_wMA,33.516157251664694,-111.97781334999999,12,[33.492914,-112.047095,33.5394005033294,-111.9085317],[119,26,185,11,62,27,17,168,97,48,38,39,63,99,40,127,140]
sqlYYgj6lX-1pBRNLFWwUQ,33.429487,-111.900432,2,[33.429487,-111.900432,33.429487,-111.900432],[12,114,13,6,22]
drGRt7p93M3SrErx4N5vIg,33.78792465,-112.43333519999999,10,[33.609619,-112.7428224,33.9662303,-112.123848],[141,6,224,11,26,98,7,24]
wgO2JVzw8snYiw_sr_d8Vw,33.6063852,-112.23769229999999,3,[33.5819949,-112.238377,33.6307755,-112.2370076],[57,69,43,11]
p4nM3nMNFDqrFTh4fRsFzA,33.4835051,-112.06779505,4,[33.4574932,-112.0740241,33.509517,-112.061566],[177,140,24,11,7,33,142,27,88,38,39,298]
a77lblXClC1eyUmlNpmjhw,33.4691316,-112.0475116,2,[33.4691316,-112.0475116,33.4691316,-112.0475116],[26,11]
9LukJX-laIeHnFwo8P5A2w,33.5242874,-112.0474855,1,[33.5242874,-112.0474855,33.5242874,-112.0474855],[99,127,11]
LkKDgIjLtIVmfzOLikODqQ,33.390792,-112.012504,3,[33.390792,-112.012504,33.390792,-112.012504],[109,38,48,39,11]
nWbd8zgj6bZb-_9SvqQhrA,33.54048298642805,-111.904928548864,2,[33.498724,-111.927511,33.5822419728561,-111.882346097728],[7,98,10,9,11,48]
ok7ucPRCuAfB2K-uEW5llg,33.5394895,-111.979256944168,9,[33.495499,-112.074987888336,33.58348,-111.883526],[129,136,17,79,308,54,195,65,7,142]
pyObR3-0H-8tPgkQV4_LVg,33.4356643,-112.0104596,4,[33.4356643,-112.0104596,33.4356643,-112.0104596],[44,11]
QvifzdafMBOvS7ORFCmZGw,33.524161050000004,-111.90228995000001,6,[33.4194512,-111.9175979,33.6288709,-111.886982],[126,212,43,11,12,30,13,6,114,38,7,47,88,39,48]
j-gcS_Eyv_4La3lgkbY4Lg,33.5019817,-111.9276185,6,[33.5019817,-111.9276185,33.5019817,-111.9276185],[38,48,39,11]
k7aNWcgFeL8nX6kXikzcgw,33.581877,-111.925123,2,[33.581877,-111.925123,33.581877,-111.925123],[27,11]
JU0MiDEr8hcrbzlHxthhIw,33.4516715,-112.0733143,1,[33.4516715,-112.0733143,33.4516715,-112.0733143],[48,11]
KDRiQS_l6a4ebFpUgso-Ng,33.373465,-111.971852,2,[33.373465,-111.971852,33.373465,-111.971852],[158,28]
RzrEBks1i-Utlzle7WuKCw,33.39284465,-111.8924672,6,[33.3637746,-111.925242,33.4219147,-111.8596924],[210,181,11,224,63]
ggogpG8pT4yLgroKUHNQlw,33.359769,-111.8295,2,[33.359769,-111.8295,33.359769,-111.8295],[337,32]
kxyuyoZFh3c5Ll66f0cxZw,33.4598034,-112.3415576,2,[33.4598034,-112.3415576,33.4598034,-112.3415576],[119,11]
Vyl9tU5OeDcZND37iObmOw,33.46589815625795,-111.86251745,56,[33.304492,-112.0403946,33.6273043125159,-111.6846403],[49,80,59,149,11,224,63,109,38,27,39,251,43,10,44,24,48,182,172,212,26,33,465,57,145,192,119,69,98,7,361]
opjBZ0ImnKv5eRNQZ-98DQ,33.2595777,-111.89603215,41,[32.8794698,-112.0827836,33.6396856,-111.7092807],[244,172,11,57,39,145,33,117,26,7,27,63,38,149,97,142,108,40,99,128,224,43,48,292,24,119,352]
wRSWESBxwggsgtvnqZnvxA,33.4838492,-112.0473227,2,[33.4838492,-112.0473227,33.4838492,-112.0473227],[101,38,39,40]
Jh6njgabQDbeHnG3kexJyw,33.336052,-111.961886,5,[33.336052,-111.961886,33.336052,-111.961886],[255,54,55,122,256]
HKbuom0_la_LMh3YiSh5GA,33.3813603,-111.6799417,15,[33.3813603,-111.6799417,33.3813603,-111.6799417],[57,69]
yciiu1N6gqG65dSRyFyE9A,33.4728669,-111.97129000000001,11,[33.3058378,-112.0999,33.639896,-111.84268],[340,210,11,251,63,201,404,451,26,126]
f7EuEBJVvel-f0pG_FnOmQ,33.48013625,-111.9977288,4,[33.457863,-112.068359,33.5024095,-111.9270986],[10,11,24,63,98,7,192,38,48,39,27]
SCkg1fUjBVOze8wWlTGCog,33.555232531035756,-112.0773140838165,15,[33.424778,-112.229329,33.6856870620715,-111.925299167633],[6,156,177,140,11,26,126,265,120,202,72]
jEZNqvXjHcSaNtS1XkUz3w,33.491350249999996,-112.0337404,45,[33.4150348,-112.1490084,33.5676657,-111.9184724],[223,11,149,97,26,99,43,7,142,251,27,63,24]
VJ05maUdbK30dU9PqkOhyw,33.405460149999996,-111.8857411073975,35,[33.306501,-112.0475633,33.5044193,-111.723918914795],[48,11,251,43,99,206]
ik8Hr30voM-5SJBXyG9-EQ,33.4499,-112.0739,1,[33.4499,-112.0739,33.4499,-112.0739],[99,11]
TueOEEhQbZZ2O3YAOHCI4w,33.487311899999995,-111.9246683,10,[33.473293,-111.927405,33.5013308,-111.9219316],[38,48,11,128,39,212,126,293,145,57,40,26,71,72]
bLThxixqsPeQgMnlwR9ypg,33.3201818,-111.9329382,2,[33.319395,-111.9909114,33.3209686,-111.874965],[104,105,65,161,195]
MyG_npi_PULAjcaL0CUuLw,33.5349366,-112.2613136,4,[33.5349366,-112.2613136,33.5349366,-112.2613136],[127,11]
UoLVJ1R55IyN2S7TKbszhw,33.5491377,-112.01896635,34,[33.3852846,-112.1142778,33.7129908,-111.9236549],[7,108,201,11,177,140,64,65,33,138,139,27,142,24,10,99,57,91,98,206,63,141,6,185,38,39,40,307,212,43,113,423,265]
h7YB0darjysgjqkm7Q_x-A,33.4436478,-111.9847238,14,[33.3772496,-112.0915007,33.510046,-111.8779469],[101,38,39,7,449,88,298,11,99,205,128,313,57,145,40,48,168,6,186]
561TLHLd3knEVs2orwMfqw,33.2617311,-111.8608449,1,[33.2617311,-111.8608449,33.2617311,-111.8608449],[99,11]
mqyH3CqjMufsm5FccDrjLA,33.52428235,-111.860806,76,[33.3775316,-112.0915007,33.6710331,-111.6301113],[38,145,57,39,48,128,11,327,7,108,126,97,65,133,88,109,8,119,40,99,101,298,212,293,168,26,140,6,155,54,156,63,27,210,439,33,181,205,143,185,265,127,56,17,18,21,35,70,76]
QfUFcqF1YFOC0gkJr_DHAA,33.4661264,-111.9175425,20,[33.4661264,-111.9175425,33.4661264,-111.9175425],[49,438,367]
DLwmGnV-BbU8KMekwA3Bvw,33.7554529,-112.0360044,196,[33.637034,-112.1502292,33.8738718,-111.9217796],[161,28,29,17,65,26,11,185,7,292]
0RcVhWPb8-Hbuz66godMJg,33.4493647,-111.9264514,1,[33.4493647,-111.9264514,33.4493647,-111.9264514],[65,133]
84rRBg7rqBQn2m15CvgzdA,33.5007139,-111.9563212,3,[33.4922185,-111.9885861,33.5092093,-111.9240563],[7,313,108]
1fHgJ_OrMbqgpZxgp-8yYQ,33.486068,-112.073085,1,[33.486068,-112.073085,33.486068,-112.073085],[49,6,65,193,59]
XOUFLduRme0xf7u4myN5XA,33.362719,-111.8761389,5,[33.362719,-111.8761389,33.362719,-111.8761389],[89,11]
3go8Fd9Fk0NUWxJJa-ZmKw,33.611653,-111.864712,1,[33.611653,-111.864712,33.611653,-111.864712],[11,63]
rK9w3-3GJqnerxejMCbLLg,33.3793415,-111.84589134999999,26,[33.3072791,-111.973603,33.4514039,-111.7181797],[224,11,24,96,72,71,73,202,10,48,311,168,144,185,39,38,128,57,97,63,27,26]
eygoWAdZVaf9UEQIOhSHmA,33.317771,-111.974436,2,[33.317771,-111.974436,33.317771,-111.974436],[112,6,254]
tbRGYNugaerw9RMQNTwemQ,33.490102500000006,-112.0765657,4,[33.489085,-112.079081,33.49112,-112.0740504],[26,11,63]
vMwnJLV3yF07yJ06zdRgoQ,33.2656292,-111.97774425,200,[33.0241115,-112.079081,33.5071469,-111.8764075],[57,258,28,17,29,170,48,11,98,7,239,27,309,285,119,99,46,6,38,181,39,40,26,127]
UWs0gCitUV9TJpTULD7rhg,33.4724491,-112.1345686,150,[33.4724491,-112.1345686,33.4724491,-112.1345686],[26,11]
MI76B2xNe_eb1V9SZ7K8FA,33.480203,-111.9825532,200,[33.480203,-111.9825532,33.480203,-111.9825532],[26,11]
UE1UIi95jSk5tAzOdtnjIA,33.3160506,-112.27669545,83,[32.9479262,-112.7128951,33.684175,-111.8404958],[99,11,7,47,48,27,126,97,108,26,88,38,39,298,128,24,224,251,8,142,49,33,178,52,123,65,46,6,168,63,78,79,119,120,28,170,62,17,101,57,145,202,72,9,10,43,208,35,212]
8TYklAH9fu2TPnzsLixfsw,33.60847165,-112.02511390000001,5,[33.5612589,-112.1201999,33.6556844,-111.9300279],[48,185,11,99,39,38,27,128]
efoLyWKTaUVSVAute73yFA,33.465341,-112.166488,34,[33.465341,-112.166488,33.465341,-112.166488],[28,17,29]
CB7EsttGA0XCCtJEBstmng,33.4473356,-112.0734239,6,[33.4473356,-112.0734239,33.4473356,-112.0734239],[38,99,128,39,296,11]
_0McmtH_hhgxkEUHxsMTtg,33.50417985,-111.9518308,10,[33.4243474,-112.065356,33.5840123,-111.8383056],[27,11,6,270,202,72,224,63,182,48,140,44,97]
U0c7hBe6hsXm_ffaRJhuWQ,33.6839876,-112.1161771,22,[33.6839876,-112.1161771,33.6839876,-112.1161771],[63,27,11]
p2jzGC7ACp11Nc4K2nxkMA,33.425938,-111.940346,1,[33.425938,-111.940346,33.425938,-111.940346],[114,13,6]
Adk0BCL_WQUpRWs6hZuuSA,33.5903293,-112.1369097,5,[33.5092556,-112.2359371,33.671403,-112.0378823],[43,11,7,142]
8uQan9H04YcMJWRSrmBCyA,33.31802155,-111.9637011609,32,[33.304703,-111.9827084,33.3313401,-111.9446939218],[126,97,11,63,27,26]
AuWUGOApBDh2vM0OKdXRbw,33.39543691933885,-111.7807779,22,[33.249971,-111.9631173,33.5409028386777,-111.5984385],[251,11,42,43,7,108,224,10,44,24,74,26,119,41,149,168]
3P1eBc81qHG8sVf64KXUVQ,33.53619195,-111.99232789999999,11,[33.4471778,-112.0744503,33.6252061,-111.9102055],[117,214,11,111,112,113,6,17,49,38,39,128,341,48,27,63,320,321,193,59,119,201]
mEOOkQRi-17ektNW4C15WA,33.683226,-112.092802,17,[33.683226,-112.092802,33.683226,-112.092802],[7,9,10,11]
yzwPJdn6yd2ccZqfy4LhUA,33.5348707,-112.01872800000001,15,[33.35677,-112.116849,33.7129714,-111.920607],[49,368,265,11,177,140,7,142,119,28,17,29,146,57,69,322,52,102,103,333,33,44,63,27,26,38,99,39,128,185,157]
8-98T_0Z1l9hBYXHfaHFPQ,33.471575349999995,-112.0413457,21,[33.3044612,-112.183988,33.6386895,-111.8987034],[7,108,119,11,219,218,41,48,27,73,72,323,126,97,26,57,69,38,40,39]
p0k6x_AKO8rD0JEeSQuYxQ,33.3554332,-111.7897974,2,[33.3549553,-111.7898601,33.3559111,-111.7897347],[63,27,11,109,38,39]
x_W-NVpJp-lPVRtWj8OzKQ,33.554516233017,-112.21936955000001,15,[33.4576266,-112.3912643,33.651405866034,-112.0474748],[7,36,8,168,26,11,64,161,65,44]
1gCUuM9Cowu71O2dz72RzQ,33.388042999999996,-111.9582228,44,[33.303233,-112.0739136,33.472853,-111.842532],[7,137,8,139,189,10,24,11,309,285,33,48,47,208,6,35,26,119,120,99,57,38,39,145,4,5,93,3,185,60,88,84,124,386,44,147,224,229]
X_F0E0BURCR1BU9Jnd4siQ,33.5020036165904,-111.928035020828,9,[33.5020036165904,-111.928035020828,33.5020036165904,-111.928035020828],[168,99,11]
i4IWeNd4lT3-e-ewUVimGw,33.573610599999995,-111.95541815,148,[33.547495,-111.9872563,33.5997262,-111.92358],[28,17,29,126,11]
EmdTYH8B1OZ0a1hCFQQ34A,33.511616294079,-112.050501861415,6,[33.5095354,-112.07341192283,33.513697188158,-112.0275918],[33,11,48]
BSTrDP5SbCqHXj800Jzu3g,33.4556584,-112.0719926,1,[33.4556584,-112.0719926,33.4556584,-112.0719926],[38,181,39,40,11]
_WhFFzGEtKynzPo-GBcGVA,33.3949852,-111.8417698,4,[33.3949852,-111.8417698,33.3949852,-111.8417698],[6,204,65]
scxmg3Pu_jjpXSyFWH8-Cg,33.4042043,-111.91688405,28,[33.3022008,-112.0834831,33.5062078,-111.750285],[39,38,48,128,11,40,24,27,192,119,99,88,89,96,72,168,181,229,101,7,33,47,14,15,6,43,224,109,265,140,26]
nKH09II9wtzYFleHKlgPzA,33.4217923,-111.951184,1,[33.4217923,-111.951184,33.4217923,-111.951184],[98,7,24,11]
SZN_eQkeLii4VUkjupS9UQ,33.29967180747935,-111.6500056545095,2,[33.2485613,-111.653307009019,33.3507823149587,-111.6467043],[7,232,129,78,278,79]
NG9gXWHQIESxfUEcKjA7gA,33.5913456,-111.9242067,15,[33.3493799,-112.0911674,33.8333113,-111.757246],[119,11,224,63,197,198,23,7,33,142,24,43,292,48,27,57,18,91,17,341,49,410,307,172,20,499,322,39,145,351,56,41,26]
eat7JlyqMP5Gf6Y4sYxlvg,33.6624675,-112.18689,1,[33.6624675,-112.18689,33.6624675,-112.18689],[7,108,17,62]
GP-h9colXgkT79BW7aDJeg,33.5727385,-111.98863425,65,[33.413324,-112.1235379,33.732153,-111.8537306],[48,11,26,309,285,185,109,38,39,227,32,99,119,24,33,210,27,43,340,28,17,29,57,145,182,172,108,7,63,307,218,219,212,88,352,244,201,142]
hKIzPZbDkGGwbtbQ_7njFQ,33.5493629,-111.9962293,33,[33.4581958,-112.0676886,33.64053,-111.92477],[126,11,38,6,145,186,57,39]
wH7W9bfCmYO9URbRYit4CA,33.684479,-111.97094,10,[33.684479,-111.97094,33.684479,-111.97094],[32,222,17,28,95,29]
eAt9ZJZM_l7c7HaBg2u7_Q,33.3637562,-111.9100616,68,[33.3637562,-111.9100616,33.3637562,-111.9100616],[49,54,193,242,59]
HDDvxndlrWZx3BQk58JKIA,33.6400995,-112.1201999,1,[33.6400995,-112.1201999,33.6400995,-112.1201999],[39,38,27,128,11]
Gf9SRYaa7HXHGre-4DRufw,33.454739950000004,-112.01365179999999,4,[33.4537841,-112.0740398,33.4556958,-111.9532638],[49,368,7,36,8,247]
eCHl0WGwkx6ENkHsiMYosw,33.38607854999999,-112.01314715000001,27,[33.3406452,-112.0561119,33.4315119,-111.9701824],[26,11,6,77,35,76,265]
ddr63wQ7CdByADPnHNr4-w,33.52678095,-112.0292441,11,[33.415472,-112.2240142,33.6380899,-111.834474],[43,11,57,39,145,69,26,33,117,24,15,6,191,27,63]
frzG0-NIDVWmrTS_tOz8VA,33.4502302671265,-111.9909879420115,19,[33.407162534253,-112.072327136993,33.493298,-111.90964874703],[119,11,117,109,38,27,39,26,126,99,123,65,7,47,88,48,212,138,224,139]
QNw7luYOfIbuT2gPZPgNJQ,33.5242704,-112.0474619,2,[33.5242704,-112.0474619,33.5242704,-112.0474619],[48,11]
Ob8nuH4jilvB6cDFv8L37A,33.6068565,-111.92282365,105,[33.530234,-111.966112,33.683479,-111.8795353],[212,229,11,119,99,28,17,29,33,24,161,65,48,38,128,39,296,185]
04IL-BzBN8WdOQEtYVoZ4Q,33.4494175,-111.9244636,24,[33.421657,-111.944749,33.477178,-111.9041782],[99,11,7,24,47,27,33,38,39,88,109,149,229,36,119,48,128]
ISSbSYAIhvX3Ud4t8Tnczw,33.42145429999999,-111.9313634,13,[33.3478272,-112.073196,33.4950814,-111.7895308],[185,11,7,108,224,38,168,298,88,39,99,40,33,26,140,48,182,377,251]
pSNPYnUH2rdZv5QUX4QTfg,33.464277,-112.269802,9,[33.464277,-112.269802,33.464277,-112.269802],[97,11]
yKxA_25A0AmPZPm-6dBt4w,33.4738952,-112.0649195,1,[33.4738952,-112.0649195,33.4738952,-112.0649195],[193,65,7,194,59,49,195]
nyG8ImEe1W5HD3wbPl2jTw,33.4922985,-111.9245517,2,[33.4922985,-111.9245517,33.4922985,-111.9245517],[210,11]
_BkXqXMCn1Wu2Bv7PgvVdQ,33.543351,-111.9825875,62,[33.42,-112.395175,33.666702,-111.57],[119,99,11,4,6,7,142,292,98,24,33,201,63,108,45,57,69,96,72,48,168,123,65,306,26,28,17,29]
Sn_bI9-2uz2zAsSSbdfgXw,33.6380393,-111.9259752,1,[33.6380393,-111.9259752,33.6380393,-111.9259752],[10,24,11]
wJ2OkUEwoiLcaGmz68-uFg,33.4194512,-111.915926,126,[33.4194512,-111.915926,33.4194512,-111.915926],[38,7,47,88,39,48,11]
4eq8WWQE9fwSA94MwpNtSQ,33.2614572,-111.8830248,1,[33.2614572,-111.8830248,33.2614572,-111.8830248],[48,11]
WDeRa1X8B1J4tTtAv47BIA,33.478661256873295,-112.14006950000001,26,[33.4194512,-112.364213,33.5378713137466,-111.915926],[11,63,38,7,47,88,39,48,26,27,24,98,33,119,99]
DMJ1AvJYEu6eIzC_FbUaMQ,33.4423345,-112.0736563,1,[33.4423345,-112.0736563,33.4423345,-112.0736563],[38,39,40,11]
cGlecMgtGVGGRsDMWtd4wA,33.5299053,-111.926437,2,[33.5299053,-111.926437,33.5299053,-111.926437],[265,11,483]
LzRTKMxDdOmWNRw53bZ2sA,33.5822084,-111.9216835,1,[33.5822084,-111.9216835,33.5822084,-111.9216835],[119,11]
ZLeMSEhIg0UvEieKUKzaNA,33.347783899999996,-111.8638645,3,[33.305824,-111.991311,33.3897438,-111.736418],[7,108,338,11,54]
ek9-PsLzgfJFV1QQcn2r_Q,33.3369531,-111.8764361,2,[33.3369531,-111.8764361,33.3369531,-111.8764361],[42,43,11]
m77bFJ9JfU6wtQrAsLUNWg,33.6099116,-111.7295047,6,[33.6099116,-111.7295047,33.6099116,-111.7295047],[7,9,201,11]
umHlSGfbPXti-VOinu7fkQ,33.2617999,-111.8602743,5,[33.2617999,-111.8602743,33.2617999,-111.8602743],[11,63]
SfSPLoWBUWkHqgvnyEGfAg,33.495263,-111.928554,8,[33.495263,-111.928554,33.495263,-111.928554],[26,11]
QStpG4GQ_l2h6gaXORlE9w,33.6464133,-112.2365732,1,[33.6464133,-112.2365732,33.6464133,-112.2365732],[265,126,11]
p-IkPCsUyOm1r726ZuWgrw,33.4961814880371,-111.928810119629,2,[33.4961814880371,-111.928810119629,33.4961814880371,-111.928810119629],[119,48,201,11]
i7G6JJ-k0qQYE8r6mvEwgQ,33.4730064,-112.07835474999999,2,[33.4471735,-112.0829285,33.4988393,-112.073781],[6,48,11]
pc8eP2wubvev2XnbZyzQMA,33.443611849999996,-112.00075775,6,[33.2475,-112.1223355,33.6397237,-111.87918],[48,11,218,41]
DOt4Rvjz-jBgFPZKJQVNOw,33.479310049999995,-112.14186835,23,[33.4217923,-112.358184,33.5368278,-111.9255527],[440,260,11,182,223,140,57,99,7,36,69,43,251,38,26,39,309,119,285,142,108,194,65,133,32,90,40,206,98,24]
f9qlFSrJBZZ6zCg97YTeOg,33.574226100000004,-112.01016595,12,[33.3052569,-112.1347619,33.8431953,-111.88557],[109,38,48,39,11,63,27,177,140,26]
ajdi2TlNACTmzqD0UFDWYA,33.581154,-111.927268,23,[33.581154,-111.927268,33.581154,-111.927268],[84,345,6,346]
xf0YHnPbrzER9D9ndcn8tA,33.6556844,-111.9300279,1,[33.6556844,-111.9300279,33.6556844,-111.9300279],[4,6]
yZaTk4kf6ey6slQLTubnwg,33.4691316,-112.0475116,1,[33.4691316,-112.0475116,33.4691316,-112.0475116],[26,11]
c2HTdSQwh9C3U58_oRHRkg,33.6217929,-111.965244,1,[33.6217929,-111.965244,33.6217929,-111.965244],[84,86]
p9F8yaCtYxOp-JqzIZJmfw,33.598763649999995,-111.89356035,11,[33.5840123,-111.9223917,33.613515,-111.864729],[182,48,140,11,38,99,128,39]
9zx6afVX3NYLuVYzJz-XKw,33.5286041,-111.9283693,24,[33.4740662,-111.9310456,33.583142,-111.925693],[10,11,24,63,251,27]
I_a66BCmsIBJmnKqGWog-w,33.52794525,-112.15688645,137,[33.508055,-112.266316,33.5478355,-112.0474569],[28,17,29,99,265,11,44]
5HKrscvXZlfE0DDlrube6w,33.634121,-111.884341,2,[33.634121,-111.884341,33.634121,-111.884341],[37,32,203]
bPvEmeKNChTegEbunMypgw,33.5022311,-111.924255,6,[33.5022311,-111.924255,33.5022311,-111.924255],[126,97,307,11]
yOvMKN0KapGE_m65ouqGqA,33.4946927,-111.9802875,11,[33.4946927,-111.9802875,33.4946927,-111.9802875],[7,108]
2nXFEyQ06RfcdAXIPbxuwA,33.376919900000004,-111.91851324999999,102,[32.879968,-112.1502292,33.8738718,-111.6867973],[182,172,11,26,7,292,142,57,470,145,39,210,43,212,361,10,63,27,33,44,24,98,49,80,82,59,137,8,139,126,97,162,108,119,48,140,15,25,6,247,455,38,109,192,127,99,12,114,13,313,56,224]
iP-sgJZEMOcRebBfQyoWcw,33.4514058,-111.763916,2,[33.4514058,-111.763916,33.4514058,-111.763916],[79,121]
QL2zDVRloXHWLntbOfj1sA,33.6382038313039,-112.363443374634,1,[33.6382038313039,-112.363443374634,33.6382038313039,-112.363443374634],[251,212,11]
yHkl3rzkOIoTU7M_9DMS5g,33.414485,-111.92395675,10,[33.3633837,-111.9398551,33.4655863,-111.9080584],[7,108,88,38,39,298,11,33,117,48,192,14,15,6,24,47,27,189,10]
jGmhtUXPOn1I4mph5b7hlw,33.470513749999995,-112.09519355,200,[33.4130675,-112.2641158,33.52796,-111.9262713],[27,11,28,17,29,7,8,119,322,57,48,38,99,39,109,440,205,128,327,26,138,139]
gcBmKY_UPYrpsn5UKZZ44g,33.844328,-112.133957,22,[33.844328,-112.133957,33.844328,-112.133957],[26,11]
HIoe3Gs8Qoz5rOkxl_iUTA,33.49293663898085,-111.92643957720949,5,[33.477178,-111.927080154419,33.5086952779617,-111.925799],[119,48,24,11,99]
HmEo1HnAcpbuGN3gr9noAA,33.465454,-112.096342,200,[33.465454,-112.096342,33.465454,-112.096342],[26,11]
7XsKaUBm21vSKjfFk_UJgA,33.4303965,-111.9377527,1,[33.4303965,-111.9377527,33.4303965,-111.9377527],[234,263,498,1]
TwSpo42Ww9NttesQyiwjZQ,33.515761,-111.999269,28,[33.390792,-112.0898,33.64073,-111.908738],[309,119,285,11,38,48,39,33,109,27,63,26,212,24,265,7,313,71,72,184,297]
XNz1anBl6bc-aRcLgwabYg,33.4270265,-111.98014505,5,[33.4225411,-112.0561119,33.4315119,-111.9041782],[109,38,27,39,11,7,47,26]
wacDUnTA40bkX3xK-oHASg,33.49325175,-111.92799935,12,[33.4922985,-111.931447,33.494205,-111.9245517],[210,11,48]
Rmn3IKQ0qihXDY5_u-6h5g,33.70733785,-112.334416,32,[33.4484454,-112.7428224,33.9662303,-111.9260096],[161,28,65,17,29,166,6,48,11,26,27,126,97,64,33,99,182,140,7,139]
d5URWGv1h543pWMSWOmqjg,33.637161,-112.19974,1,[33.637161,-112.19974,33.637161,-112.19974],[265,126,11]
YXmKJNeHKDe-R0t--4Kn0Q,33.6094693161484,-111.9043888483735,4,[33.5690606322968,-111.927058696747,33.649878,-111.881719],[24,11,65,133,119]
JXLkIomLvGO3vKsQEO7hYg,33.5963281,-112.1666303,3,[33.5963281,-112.1666303,33.5963281,-112.1666303],[44,24,11]
GiROQFEsNS9-uRobLQHSkg,33.510053600000006,-112.0317589,33,[33.3057949,-112.2800678,33.7143123,-111.78345],[33,117,48,11,63,149,97,434,103,182,140,99,185,24,27,26,212,361,4,6,43,7,142,144]
_lZtxss4YlZFa9te6dGhow,33.46357555,-111.93146475,14,[33.426351,-111.940137,33.5008001,-111.9227925],[46,102,6,103,38,99,39,11,205]
w26_hK6z4SXP5gu_8aO5MQ,33.639747,-112.047055,1,[33.639747,-112.047055,33.639747,-112.047055],[120,26,127,11]
v2rbY-d-yam7Qbfb9jkbQg,33.430585,-111.89943320039049,33,[33.330835,-112.1091081,33.530335,-111.689758300781],[26,11,265,212,38,39,40,63,48,71,72,184,297,126,27,43,109,440,224,24,97,7,36]
15OgfH6T7ElkNuT3_UxbsA,33.605035799999996,-111.88389145,4,[33.585312,-111.9329381,33.6247596,-111.8348448],[28,17,29,168,26,127,11]
Ry3eUzbIkJ5kw82GsEXrlQ,33.6851504,-112.1171925,7,[33.6851504,-112.1171925,33.6851504,-112.1171925],[71,72]
fP28wnYBNZrFwunhrKBlLQ,33.5612589,-112.1156244,1,[33.5612589,-112.1156244,33.5612589,-112.1156244],[48,185,11]
jmgtLRsHdOjCzSmPl5V7HA,33.4950947,-111.9292934,2,[33.4950947,-111.9292934,33.4950947,-111.9292934],[168,48,11]
Moa0vm0MgKPH5BgKE1zQ2w,33.487843,-112.048021,1,[33.487843,-112.048021,33.487843,-112.048021],[33,11]
eSvpavYjm2yjykHOw28Rtg,33.867992,-112.150211,1,[33.867992,-112.150211,33.867992,-112.150211],[83,6]
Lpskbi-hXpKbH4d71cGhsQ,33.464073238980845,-111.92150307720951,23,[33.4194512,-111.927080154419,33.5086952779617,-111.915926],[38,7,47,88,39,48,11,99]
DALNBnk8FRV_43xaRwkVyw,33.6108797,-112.0982935,2,[33.6108797,-112.0982935,33.6108797,-112.0982935],[98,7,239,11]
C-WIurHDHX7gcnvMMxe0UA,33.4158336,-112.03299315000001,7,[33.3318211,-112.0827836,33.4998461,-111.9832027],[112,6,151,182,172,11,38,143,39,205,7,108,119,247,40]
RnImEtgtZ0cYcTbyNLLNRQ,33.5610085,-111.9995182,26,[33.495084,-112.100731,33.626933,-111.8983054],[212,26,11,88,38,99,39,33,24,185,126,229,43,64,65,117,48]
kuoHKk9wFhzIVPpNh9IMsA,33.3770283,-111.89520895,5,[33.3210842,-111.948589,33.4329724,-111.8418289],[292,7,62,139,17,375,4,6,225,162,108,33,265,185,11]
LKJswnMTubEGjJXFDseHKA,33.4590753,-112.015341,17,[33.322155,-112.185846,33.5959956,-111.844836],[38,39,145,57,88,298,11,17,152,99,265,128,309,109,440,7,162,201,194,48,296,71,72]
B_F_p3v-fXgI6HMBinxsRw,33.251644,-111.631708,1,[33.251644,-111.631708,33.251644,-111.631708],[65,133]
GymzdX9ZMbllX21dNTG5lA,33.610449,-112.239434,2,[33.610449,-112.239434,33.610449,-112.239434],[7,108]
9ykJVrLMny6RJ0v5w_v8RQ,33.7121367,-112.2014742,4,[33.7121367,-112.2014742,33.7121367,-112.2014742],[43,11]
n4vPxIk5TmfVoE4khmi40Q,33.575230149999996,-112.04733429999999,14,[33.5100523,-112.0995016,33.640408,-111.995167],[206,11,117,26,307,99]
24expEZBLuwyu0V6vzyrDQ,33.4148812,-111.9167809,1,[33.4148812,-111.9167809,33.4148812,-111.9167809],[27,11]
l57YEyl6tknlM58xQRKgNA,33.3736188,-111.8504653,5,[33.3545993,-111.9110915,33.3926383,-111.7898391],[119,99,11,7,108]
w083j-GiVelGP-fIfssk8A,33.497568,-111.929223,1,[33.497568,-111.929223,33.497568,-111.929223],[109,38,48,39,11]
BX9K5JMU-NnjxJaNKxImpQ,33.59270525,-111.7785497,80,[33.3118314,-112.1672471,33.8735791,-111.3898523],[43,11,99,296,33,88,38,39,89,128,27,177,26,7,46,6,8,142,120,126,49,146,44,52,102,103,127,66,57,327,24,148,48,28,240,241,77,35,76,117,465,145,17,29,69,63,247]
Y2357LkkRCFcHxxo0HXJ4Q,33.431608216647,-111.97140855,23,[33.336905433294,-112.188017,33.526311,-111.7548001],[11,63,44,26,43,212,361,197,84,343,23,344,49,17,152,341,98,7,292,62,146,39,71,72]
jp8oQ8VJUtFhgtaS08nGxg,33.4495394,-112.0656645,1,[33.4495394,-112.0656645,33.4495394,-112.0656645],[7,449,97,11]
jat0NYgodMevP4lXxjEIDQ,33.4493145,-112.0740474,165,[33.4493145,-112.0740474,33.4493145,-112.0740474],[224,11]
hlgTAilvllzqUAWhM4O31Q,33.4186541,-111.5358973,1,[33.4186541,-111.5358973,33.4186541,-111.5358973],[99,11]
Aw3EMRqdSJ2DtqoI_NpgWA,33.467660949999996,-112.0446118,10,[33.43475,-112.0827836,33.5005719,-112.00644],[38,39,40,88,89,11,28,442,241,49,102,103,333,52,17,29,7,108,170,119]
r1dSfSmEvoQfwqkthydolQ,33.48037545,-111.99489135,5,[33.4801249,-112.0051308,33.480626,-111.9846519],[4,6,30,13]
4eHnTjh9SjWQYqJwD9poeQ,33.5879473,-112.1164668,7,[33.5879473,-112.1164668,33.5879473,-112.1164668],[168,169,11]
CBLj0Bp6nsjF9dcTfnjivg,33.46688485,-111.87429115,26,[33.3950097,-112.063942,33.53876,-111.6846403],[63,27,11,224,126,97]
Kc6eyirhmOH8vXBljMXDCg,33.401028622397,-111.8154435,10,[33.321061644794,-111.912417,33.4809956,-111.71847],[98,7,24,11,63,27,99,162]
l5o3Pxa6vtkj7UUPAMfouw,33.524007749999996,-112.04773750000001,23,[33.3350308,-112.220679,33.7129847,-111.874796],[26,11,7,142,63,48,140,126,97,265,88,38,39,298,27]
cMA8zYqLJAmygR1Hhn5pjw,33.531610799999996,-112.00002455,200,[33.4938219,-112.0740526,33.5693997,-111.9259965],[7,142,26,11]
HbleQ3Hnn7TqAKN4FISv1Q,33.56644955,-112.00183135,38,[33.4772147,-112.0736348,33.6556844,-111.9300279],[265,11,99]
iMghLjSlmeZUb_0tADN0eA,33.4248599,-111.8933303,2,[33.4220858,-111.899966,33.427634,-111.8866946],[63,27,11,38,145,57,39,48,128]
ktwR2EJzqPWFNGwFwoEKbA,33.521195250000005,-111.9165982,4,[33.4608045,-111.9691642,33.581586,-111.8640322],[57,470,145,39,161,28,65,17,29,63,27,11,8,6,116,7,36,113]
yDupANhyLDUQ5IDH_46uMQ,33.551631799999996,-112.26999054999999,5,[33.5515304,-112.2707018,33.5517332,-112.2692793],[27,11,7,48,47]
qA-dnAPTzk0yertQU85wMQ,33.4944615,-111.80619250000001,68,[33.383123,-111.964485,33.6058,-111.6479],[26,11,119,99,27,24]
vTinG2CDMZD2P46Bn4XJvg,33.4483758,-111.9242579818865,8,[33.3947699,-111.939622163773,33.5019817,-111.9088938],[33,117,48,11,27,109,38,39]
aPiYymY9fkZBkv_uWqeeRQ,33.072013999999996,-111.771098,11,[32.88264,-111.857235,33.261388,-111.684961],[126,11,12,30,13,6,118]
KI4sBf9jWLs4aGm_mIsFQA,33.2262053456404,-111.93118295,78,[32.879795,-112.1649839,33.5726156912808,-111.697382],[117,11,41,33,26,373,182,140,177,285,49,312,57,146,91,212,43,27,24,63,10,7,194,309,333,161,123,65,296,185,119,99,239,229,39,293,292,48,149,97,28,17,29,224,44,157,103,8,6,45,307,172,139,225,51,251,126]
mfHpCpQdDkud8zAhFpsV2w,33.4183710046901,-111.8085801503905,16,[33.3068367093802,-111.927402,33.5299053,-111.689758300781],[43,11,99,224,7,142,292,265,483,48]
ODq0AXGKtuezjwoVrVUpEg,33.4920804,-111.9255527,8,[33.4920804,-111.9255527,33.4920804,-111.9255527],[440,260,11]
pQ3Sz92i1YpNw97VbPPSGA,33.626964,-111.958796,1,[33.626964,-111.958796,33.626964,-111.958796],[84,198,197,343,23,344]
Bq6IP1DqzchTmpePXnOfvA,33.4495944,-112.0732071,32,[33.4495944,-112.0732071,33.4495944,-112.0732071],[28,17,29]
sKK41gcImuI9ykeIUR0pNA,33.62325365,-112.00426035,13,[33.5044193,-112.1658193,33.742088,-111.8427014],[84,86,38,7,36,109,39,11,27,119,206,40,43,63]
hR2ZNvJRabtL1QX4oIssvQ,33.62357934971805,-112.06571074221151,3,[33.607105,-112.067994484423,33.6400536994361,-112.063427],[27,24,11,98,7,119]
VqrmHIkIM47PxMnY2I7Jjg,33.377251,-111.895382,1,[33.377251,-111.895382,33.377251,-111.895382],[49,80,82,59]
pI6PxvGyrqrHGO6KFl63bQ,33.479908800000004,-112.0219018,30,[33.4576266,-112.0475116,33.502191,-111.996292],[26,11,168,109,38,39,63]
duwf8ne_GSn-5SI9jSEyQg,33.548745,-111.9156915,12,[33.548745,-111.9156915,33.548745,-111.9156915],[158,28]
MdxextvlyWZn-ULwl0QG9g,33.637203,-111.882191,1,[33.637203,-111.882191,33.637203,-111.882191],[106,54,226]
UycMnvE3aNq_lbZeo5kFQg,33.4904917286892,-112.2799993,6,[33.4566960573784,-112.5125131,33.5242874,-112.0474855],[119,11,99,127,38,109,39,63,27,161,195,65]
X1YVsT7fadktjP0WvraqtA,33.49281845,-111.93129300000001,61,[33.4903739,-111.934032,33.495263,-111.928554],[26,11,28,17,29,112,6,39,127,212]
T6SoTfxbMdxg3JDf0tqZew,33.625132050000005,-111.92602815000001,2,[33.6247911,-111.9263251,33.625473,-111.9257312],[265,11,48]
mGroBp3_AeNUEFB9sAS1Iw,33.554139,-112.046648,1,[33.554139,-112.046648,33.554139,-112.046648],[165,32,95]
-u3nv-yLrnxhGz-N15DU2w,33.330995,-111.866453,56,[33.327278,-111.87479,33.334712,-111.858116],[24,11,251]
_6icaHXzsq9z9c83mZMzkg,33.54900775,-112.20797775,12,[33.4556958,-112.3551378,33.6423197,-112.0608177],[307,27,172,11,212,63,97,99,7,36,8,247]
J9NOF7siyQsPUtRxKt0lzA,33.6382038313039,-112.363443374634,2,[33.6382038313039,-112.363443374634,33.6382038313039,-112.363443374634],[251,212,11]
Y8438n9k_ovhT8XKYMZMcA,33.377437,-111.634661,24,[33.377437,-111.634661,33.377437,-111.634661],[26,11]
BkxbkiTa9_9A7j-0BRGEhQ,33.3828617,-111.8749753,2,[33.3828617,-111.8749753,33.3828617,-111.8749753],[119,11]
osoryW3a1vWFVprM6AP2sQ,33.444799,-112.066662,88,[33.444799,-112.066662,33.444799,-112.066662],[57,327]
fZZdyYli_KbUwIVbsJSvVQ,33.6614667,-112.3796119,1,[33.6614667,-112.3796119,33.6614667,-112.3796119],[7,57,209]
3zKT-gMYsUmoOT7ffc76dQ,33.487944092926,-111.98441578772551,9,[33.320203785852,-112.06466,33.6556844,-111.904171575451],[212,63,97,11,126,7,108,43,218,41,323,251]
Nby3I5q1sna7Igxz1t5qOQ,33.6099116,-111.7295047,1,[33.6099116,-111.7295047,33.6099116,-111.7295047],[7,9,201,11]
DFQ95g3s1oi-VcDZEO2TOA,33.56590885,-111.97809259886401,48,[33.4532027,-112.0738391,33.678615,-111.882346097728],[26,11,127,63,119,106,54,226,24,182,48,99,293,39,7,98,10,9,38,40,27]
aKxB07ODdkB_oJQ0t9n6SA,33.597866,-111.97931,1,[33.597866,-111.97931,33.597866,-111.97931],[265,11]
9PnyPPgAF-DV3769pPljXg,33.449233,-112.065458,29,[33.449233,-112.065458,33.449233,-112.065458],[27,11]
f3Nx7laKVGSEjnI0W3HomA,33.49031925,-111.9281628,11,[33.4860023,-111.9299092,33.4946362,-111.9264164],[33,119,11,101,38,39]
PriOa5Qqth8ZrwWj7ykNkg,33.4747916,-112.00248325,4,[33.4218047,-112.0791022,33.5277785,-111.9258643],[33,119,99,11,26]
3iKL3N1_e1YgiiHfph2TlQ,33.4922185,-111.9240563,6,[33.4922185,-111.9240563,33.4922185,-111.9240563],[7,313]
hVvV4kTjVLwKRRhSceWKtw,33.5542912,-112.0999796,40,[33.5542912,-112.0999796,33.5542912,-112.0999796],[15,25,6]
PWTyPP6APJTmzV1pGAxnkg,33.5351869,-111.92053705000001,14,[33.3197988,-111.9819,33.750575,-111.8591741],[26,11,48,168,126,97,352,39,43,224]
erABzxD4ESM1oUizW3CrDQ,33.5062078,-112.0739142,5,[33.5062078,-112.0739142,33.5062078,-112.0739142],[168,181,229,11]
VVErxpgiUMMh4N4okYk3Zg,33.512596650000006,-112.2999107,3,[33.4934683,-112.3385954,33.531725,-112.261226],[6,45,38,99,181,39,48,11]
5-b5ThLSh9zrj_gOTmZzAA,33.667728999304,-111.978514194489,14,[33.667728999304,-111.978514194489,33.667728999304,-111.978514194489],[322,57,39,145]
OgYjuf9iLv4yK8hPiQ62uQ,33.400808999999995,-111.76442935,17,[33.3021074,-111.9272212,33.4995106,-111.6016375],[48,11,109,38,39,63,224,7,108,99,440]
UDbU8CYVYprtEVCVMS0tlg,33.4946576,-112.358184,200,[33.4946576,-112.358184,33.4946576,-112.358184],[38,26,39,11]
HVutb4JZjOSKg_mEaAcoKg,33.531484,-112.26167,29,[33.531484,-112.26167,33.531484,-112.26167],[57,327]
lZL5EzKV5OFrILF8vOiC8g,33.34946720000001,-111.9273459,6,[33.3212765,-111.9777098,33.3776579,-111.876982],[112,6,26,11]
pwsRJuGMxxfcZa7MlbTNug,33.552020600000006,-111.821347,7,[33.4942423,-111.9271921,33.6097989,-111.7155019],[11,63,7,379,210,108,39,119,48,38]
9PfSc232nuzBV2qfV3F6BA,33.46488,-111.91692,16,[33.46488,-111.91692,33.46488,-111.91692],[57,6,322,188,23,270]
URRNKR15jVqS8acnfUqrfg,33.33488415,-111.953668,3,[33.3056067,-111.9787576,33.3641616,-111.9285784],[63,27,11,84,147,339]
ibvcBL8GMoZ7L-yDXM6bgA,33.406467,-111.926927,4,[33.406467,-111.926927,33.406467,-111.926927],[96,72]
8ByteGqSuEyfK2pGDC_BmQ,33.515449700000005,-112.09529045,7,[33.4941704,-112.264529,33.536729,-111.9260519],[219,218,11,26]
bgDtwDksBfilrtRvRNpviA,33.498028,-111.927951,3,[33.498028,-111.927951,33.498028,-111.927951],[352,48,11]
6KUc5iSU3I5Yysqw2Rl60A,33.42317575,-111.99554115000001,200,[33.3844325,-112.185806,33.461919,-111.8052763],[309,285,11,48,99]
lMcyrX1R3Sl-Wq9O2v4WVg,33.497904304135304,-112.0100786447295,15,[33.4214126082706,-112.077177,33.574396,-111.942980289459],[26,11,7,108,206,63,236,103,57,145,38,39,40,48]
IuT5bPqNiIfNOo9eaAtMHg,33.499499,-111.927402,200,[33.499499,-111.927402,33.499499,-111.927402],[48,11]
mOQKRPuamHPftoPzrjR8jw,33.6116508042702,-112.165567972652,4,[33.6116508042702,-112.165567972652,33.6116508042702,-112.165567972652],[149,11]
vkH1XXs1GMwIKG4W-xD6lA,33.63343115000001,-112.11143995,4,[33.597213,-112.1868299,33.6696493,-112.03605],[126,97,11,26,251]
w6Ysv53xtDb6gD-NcN6mzA,33.8644291,-112.1353054,2,[33.8644291,-112.1353054,33.8644291,-112.1353054],[185,11]
f1n4I8X6TBPDrndPaDrBEg,33.4495394,-112.0656645,3,[33.4495394,-112.0656645,33.4495394,-112.0656645],[7,449,97,11]
z5GWsidy0WT2CLxwhGiV5A,33.489966800000005,-111.9262202,23,[33.4860023,-111.9268138,33.4939313,-111.9256266],[185,11,33,119,7,142,27]
8na4D2ifE6F20O2hkP4juQ,33.4543305,-111.8856396,2,[33.4543305,-111.8856396,33.4543305,-111.8856396],[265,11]
d7YWUKgEZWbRQ8Sp9tvUoA,33.5394861,-111.92681540000001,12,[33.4978182,-111.928258,33.581154,-111.9253728],[84,345,6,346,26,11,98,7,24,206]
ks1ySl5Q0E5wou9Vcmh5iA,33.563314500000004,-112.0483345,25,[33.448775,-112.1872492,33.677854,-111.9094198],[26,11,126,97,7,108,201,119,63,27,449,71,72,83,6,24,141,142,57,39,145,10,28,17,29,168]
sV5a0uy9N66SaIqRIe2n4g,33.500983,-111.921935,1,[33.500983,-111.921935,33.500983,-111.921935],[167,65]
OR-psHrZGeGyCO-egO9YYA,33.49681675,-111.81660035,38,[33.2985428,-112.1522297,33.6950907,-111.480971],[49,52,26,11,33,28,17,29,51]
dDvk4Xb0NPj7rXU42o1Vnw,33.4238102,-111.9381604,200,[33.4238102,-111.9381604,33.4238102,-111.9381604],[88,38,39,24,11]
9bDKaJa_shLlFNFYK2tLKg,33.581302,-112.25351,6,[33.581302,-112.25351,33.581302,-112.25351],[26,11]
1Y9czaw42cbhJ7EHx0fYbg,33.4671079,-111.9086211,18,[33.4671079,-111.9086211,33.4671079,-111.9086211],[33,48,11]
DRSkcKeMpluXzXHBmUkueA,33.333651,-111.7727912,1,[33.333651,-111.7727912,33.333651,-111.7727912],[64,65]
ryX48hNNz5ERlluC_PVrLA,33.57502555000001,-111.9420475,115,[33.5025941,-111.96828,33.647457,-111.915815],[49,312,57,504,91,119,120,11,28,17,29,98,7,108,46,6]
VoVVvrfGinpvnVvQNbJFLg,33.43475,-112.00644,127,[33.43475,-112.00644,33.43475,-112.00644],[28,170]
9U1e1jLTtafgtuy08BEgoQ,33.407162534253,-111.90964874703,13,[33.407162534253,-111.90964874703,33.407162534253,-111.90964874703],[117,11]
rP7Vv69hDq2Rs_4xmcNrug,33.700033,-111.888462,1,[33.700033,-111.888462,33.700033,-111.888462],[218,11]
33t4bYawIGgluTc9I9ZrMA,33.51213845,-111.94269405,200,[33.3779808,-111.9664404,33.6462961,-111.9189477],[265,126,97,11,221,38,39,40,119]
-mXcL-Zz4vciaybP2JCTNg,33.493617549999996,-111.97009605,2,[33.477178,-112.0143931,33.5100571,-111.925799],[119,48,24,11,26]
E6kGBTy2gdRmpKmi4Wd2dw,33.6387746,-112.1709674,2,[33.6387746,-112.1709674,33.6387746,-112.1709674],[99,120,11]
HAfQBAQLWP7gKbB_BrM5Xw,33.607835,-112.0633045,1,[33.607835,-112.0633045,33.607835,-112.0633045],[54,55]
I5oD6oiX5ww2lVlX0DMk8A,33.6753442,-111.9633667,7,[33.6753442,-111.9633667,33.6753442,-111.9633667],[48,11]
hTsUAIxXk5ldX7iXgz9elw,33.4787939,-111.9259092,7,[33.4787939,-111.9259092,33.4787939,-111.9259092],[251,11]
jyu9ThrwLGgVE1csLKR1Yw,33.4495566,-112.0740194,13,[33.4495566,-112.0740194,33.4495566,-112.0740194],[224,11]
eTi_BGkZRrf8WadUnhMr8g,33.50763795,-112.07181935,2,[33.4514309,-112.073533,33.563845,-112.0701057],[7,36,99,11,48]
y-9i5zdxjWoi67ferEE9tg,33.5251605,-111.9438835,2,[33.495496,-111.988131,33.554825,-111.899636],[119,201,11,212]
ltr-xWeLJYTOdc-xZNnQiw,33.4492272,-112.0722653,200,[33.4492272,-112.0722653,33.4492272,-112.0722653],[177,26,11]
7knTjXA1lNJw7AMIIJi4YQ,33.44064611595405,-111.87476699999999,159,[33.2815660319081,-112.1371188,33.5997262,-111.6124152],[26,11,57,145,258,39,28,17,29,212,126,244,172,7,138,8,139,168,169,63,48,140,440,260,43,99,24,69,182,218,49,66,119,251,52,135,464,97,307,334,181,265,137,88,38,89,430,445]
IGVVkUvKZsmWAPzbketgjA,33.321864,-111.726244,2,[33.321864,-111.726244,33.321864,-111.726244],[7,24,108,119,11]
2CR21wnv2WytqEbU6jKnyg,33.306058,-111.8747397,1,[33.306058,-111.8747397,33.306058,-111.8747397],[167,65]
A_7ZoK8AfLEuJ7e_DrjunQ,33.4691316,-112.0475116,1,[33.4691316,-112.0475116,33.4691316,-112.0475116],[26,11]
8Q1knINtv6psFIRyzhM8yw,33.321726,-111.875811,2,[33.321726,-111.875811,33.321726,-111.875811],[109,38,27,39,11]
a4pesgW4mzmrka1KEMUNkQ,33.584515350000004,-111.9455017,7,[33.495263,-111.9638394,33.6737677,-111.927164],[38,11,39,63,7,36,142,26,109,48,99,126]
AHofX4iEP8vKxJtvaarC0Q,33.4516715,-112.0733143,7,[33.4516715,-112.0733143,33.4516715,-112.0733143],[48,11]
1UUWdJYPrVtKIufWGgDdyA,33.6273043125159,-111.894766598404,1,[33.6273043125159,-111.894766598404,33.6273043125159,-111.894766598404],[57,69,48,11]
BHhyamSdPL7NHyqShRG9Sw,33.5071469,-112.0744706,2,[33.5071469,-112.0744706,33.5071469,-112.0744706],[48,11]
Q_LkJOgIvNHq4v6lEHh_tw,33.4869378,-112.05551415,9,[33.4354553,-112.1839297,33.5384203,-111.9270986],[309,285,11,43,206,48,10,24,63,27]
U92dv5SIVry01TVOtWgj9A,33.61869155,-112.20054285,9,[33.59881,-112.3643087,33.6385731,-112.036777],[93,3,97,11,212,120]
qFWza9qhgkp6p88OLzJS4A,33.3737654,-111.789962,1,[33.3737654,-111.789962,33.3737654,-111.789962],[106,54,226]
OtG4_P0LErlbtzzz4gFYfg,33.56723835,-111.9134566,2,[33.5638767,-111.9248132,33.5706,-111.9021],[28,17,29,38,48,99,39,11]
xkrHJJFvgmlOozo61gISWQ,33.4154709,-111.833114,1,[33.4154709,-111.833114,33.4154709,-111.833114],[26,11]
S7nYBwqiVFpNTq2O79nKWQ,33.634647,-112.220679,1,[33.634647,-112.220679,33.634647,-112.220679],[265,126,97,11]
C18SezVHW6jl9XMVPaPN-A,33.4643259,-111.9263529,2,[33.4643259,-111.9263529,33.4643259,-111.9263529],[7,108]
xRZOTIM9LyA7B4GDG4WYAA,33.36006725,-111.8404942,4,[33.285875,-111.9252882,33.4342595,-111.7557002],[185,11,24]
03sY4uhLGJbEALve7YhHBA,33.65290905,-111.91540015000001,13,[33.6071829,-111.9403254,33.6986352,-111.8904749],[43,11,27,63,126,7,142,108,48]
fxtsDmzjap5mkad2kecERQ,33.3549553,-111.7897347,2,[33.3549553,-111.7897347,33.3549553,-111.7897347],[109,38,11,39,63]
0uJj6eoJgWt0xhOH-Xklew,33.475326100000004,-111.9188757,2,[33.4643735,-111.9275459,33.4862787,-111.9102055],[11,27,63,149]
QRVksk3qQ2_XNNcyYlpdDQ,33.5102615,-112.0743841,3,[33.4978009,-112.0837798,33.5227221,-112.0649884],[84,125,175,129,121,79]
uXEM7JGZVFF_9bYs4KgtHQ,33.5834449,-111.9770187,2,[33.5834449,-111.9770187,33.5834449,-111.9770187],[177,140,11]
JJiP2TDEW1d3db9fMnIKdQ,33.406669,-112.02249,1,[33.406669,-112.02249,33.406669,-112.02249],[7,138,139]
UWlu8lDmWcxOEYdU40qrsQ,33.5356713795255,-112.259674072266,6,[33.5356713795255,-112.259674072266,33.5356713795255,-112.259674072266],[24,11]
Gr4mKrxrRJi0Jfx2IfQwOg,33.494205,-111.931447,4,[33.494205,-111.931447,33.494205,-111.931447],[48,11]
nrqSSH5VcN-CyLjTMa5o6A,33.50500115,-112.0481777,2,[33.486257,-112.0487368,33.5237453,-112.0476186],[168,26,11,38,48,39]
_-RqQw65WM2hqZUbKMP3TQ,33.6267322,-111.8912034,11,[33.6267322,-111.8912034,33.6267322,-111.8912034],[224,11]
jwlLVGnLc3tJxsbgOb7XJw,33.6737677,-111.9638394,5,[33.6737677,-111.9638394,33.6737677,-111.9638394],[99,126,11]
glpT22PliFHBsX88qMsr5A,33.4584286,-112.0715118,11,[33.4584286,-112.0715118,33.4584286,-112.0715118],[14,15,6]
R0qJhvx-_7VY9zU9pFEmuA,33.435146,-111.998367,7,[33.435146,-111.998367,33.435146,-111.998367],[119,38,99,39,11]
PPARSWZk4H6mgbNhAAxzLQ,33.447491328659495,-112.029215993245,80,[33.446885057319,-112.07107588649,33.4480976,-111.9873561],[28,17,18,29,99,11]
4aceXLr0MN_IAEBcw_3BBQ,33.621699449999994,-112.00500629999999,3,[33.6117369,-112.013035,33.631662,-111.9969776],[78,79,337,32]
mz28Ic-AGAk_IjlW2VKyRA,33.4366655,-111.9403254,2,[33.4366655,-111.9403254,33.4366655,-111.9403254],[285,185,11]
BD5Zn_wgWzMgk-4hUGortQ,33.5100123,-112.08025365,25,[33.4549264,-112.086757,33.5650982,-112.0737503],[109,38,210,39,11,177,140]
0FcD5JmfLIKD1SqctVKhHw,33.603074649652,-112.0812219472445,200,[33.5384203,-112.1839297,33.667728999304,-111.978514194489],[11,27,63,322,57,39,145]
hLrE6qXGSk0fB7ol_gUvqQ,33.468226,-112.221156,23,[33.468226,-112.221156,33.468226,-112.221156],[224,11]
KHNg82h5CLbMwnL81meoYA,33.4480318,-112.0115601,8,[33.4480318,-112.0115601,33.4480318,-112.0115601],[32,203,90]
bu-XrOXUXa3bsy_RH7VB0A,33.444799,-112.066662,5,[33.444799,-112.066662,33.444799,-112.066662],[57,327]
4saZLjsp-_KS4b6yc76zmA,33.5409344,-111.9789459,164,[33.43475,-112.0656645,33.6471188,-111.8922273],[98,7,119,24,11,28,17,29,158,39,63,99,38,206,224,48,292,170,128,212,126,293,352,30,13,6,139,36,9,10,449,97,265,185]
Ra9NONRX47GvH1oHYtkb6w,33.4922985,-111.9245517,160,[33.4922985,-111.9245517,33.4922985,-111.9245517],[210,11]
f6q_pSwkHMNbRusrX5Pkfg,33.543891450000004,-112.0817098,32,[33.4163799,-112.225396,33.671403,-111.9380236],[57,56,17,18,27,11,7,189,10,24,33,117,169,26,99,41,142,185,84,262,60,6,49,417,43,38,145,88,39,298,48,61,13,30]
fdMzfETglBfE-Zc1Cq0uAQ,33.3022462,-111.897967,2,[33.3022462,-111.897967,33.3022462,-111.897967],[98,7,201,11]
FGZkbk4G9lUfBrT4BlsyGg,33.664445,-111.9291063,9,[33.51315,-112.0740526,33.81574,-111.78416],[119,10,11,126,97,26,44,192,63]
L6fwtdusASzr0yR8tx5DBg,33.5237004,-112.0482435,3,[33.5237004,-112.0482435,33.5237004,-112.0482435],[99,11]
lLt9droXxaLZbt_HlH0MaA,33.4659799,-112.2670185,8,[33.4659799,-112.2670185,33.4659799,-112.2670185],[28,17,29]
EUmydi7_Ug5PLEuISHIDcg,33.5019817,-111.9276185,1,[33.5019817,-111.9276185,33.5019817,-111.9276185],[38,48,39,11]
y__MQ0huPNC4qarwMD8GlQ,33.42363375,-111.97959355,14,[33.322376,-112.0476381,33.5248915,-111.911549],[27,11,126,97,48,293,39,7,36,38,6,250]
p7spZ82n3Co0YXqNNTa-Zg,33.457213800000005,-112.0609439,9,[33.448717,-112.075677,33.4657106,-112.0462108],[54,55,122,256,32,95,222,26,11,7,8,10,24,98]
KeF7Cfigfr3DQlT-zP32qw,33.3637683,-111.9103938,4,[33.3637683,-111.9103938,33.3637683,-111.9103938],[33,11]
uET8BynASJOcUVMZuHQqOQ,33.4492272,-112.0722653,1,[33.4492272,-112.0722653,33.4492272,-112.0722653],[177,26,11]
KDV_24dGi9y8RV1wMzlTNA,33.5733051,-111.8629763,7,[33.5733051,-111.8629763,33.5733051,-111.8629763],[28,190]
wkaxIl5hr5n1qfgSUOcgMg,33.6042899,-111.9778497,3,[33.6042899,-111.9778497,33.6042899,-111.9778497],[166,6]
55vlKO24Fg6crkYqHFJvPg,33.5460331990136,-112.1015770093385,2,[33.495104,-112.169466018677,33.5969623980272,-112.033688],[98,7,139,38,48,11,128,39]
Dgmf7ze0HTXLF8ZYg65z1w,33.50012955,-111.926103,9,[33.498028,-111.927951,33.5022311,-111.924255],[126,97,307,11,352,48]
uqS5BYNUkD1qWtNh8ng1oA,33.6405109,-112.092834,3,[33.6405109,-112.092834,33.6405109,-112.092834],[96,72]
gz2MMMld6TmV90ba7KJJcw,33.408026,-111.905528,1,[33.408026,-111.905528,33.408026,-111.905528],[71,72,297]
g05EZaJ8HZi-f69xKF5GdQ,33.3785626,-111.9181523,1,[33.3785626,-111.9181523,33.3785626,-111.9181523],[371,106,54,131]
JqvN-SBboXpV-J0oZowtJw,33.831474,-111.929717,1,[33.831474,-111.929717,33.831474,-111.929717],[109,38,39]
UaIq_zJxnVxU_HfvC16i_A,33.4497085,-111.9402249,16,[33.317906,-112.0012318,33.581511,-111.879218],[10,44,24,11,32,95,222,48,123,65,38,99,273,39,128,63,27,88,202,72,40,352,101,168]
6iGvMECsHLN9PGsBYhrNCQ,33.613515,-111.864729,3,[33.613515,-111.864729,33.613515,-111.864729],[38,11,99,128,39]
-vWDDibipvhcVbKDbqOyQQ,33.5802421,-111.9258314,1,[33.5802421,-111.9258314,33.5802421,-111.9258314],[48,206,11]
_j__WoLmVsfPkeuwZ0UkmQ,33.43973765,-111.74548945,4,[33.3056593,-111.9533039,33.573816,-111.537675],[33,119,99,11,224,49,305,7,47,48,27]
mn6F-eP5WU37b-iLTop2mQ,33.4192802533323,-111.964797093622,4,[33.3365788066646,-112.0701057,33.5019817,-111.859488487244],[97,11,99,48]
2x71ZJCtd3AFMZcRFGy-iQ,33.402308953792996,-111.755657575485,32,[33.220784807586,-111.928044,33.5838331,-111.58327115097],[104,132,65,57,327,190,28,140,11,98,7,48,63]
t-27_YZKsk9tMbAiwQKCwQ,33.56964885,-111.96292550000001,110,[33.3061605,-112.0846008,33.8331372,-111.8412502],[49,52,7,6,8,161,65,11,126,97,119,28,17,29,71,72,84,124,104,193,59,265,185,38,39,40,108,236,103,109,48,12,163,13,57,69,18,99,88,479,139,113,333,206,328,32,187,63,445,66,195,47,26,33,36]
SVNV8TrA2icW0rk5nhaBVQ,33.3260297,-111.8747445,2,[33.3260297,-111.8747445,33.3260297,-111.8747445],[32,95,222]
bhdJBH59OAQqL74dqqVzZQ,33.5086952779617,-111.927080154419,1,[33.5086952779617,-111.927080154419,33.5086952779617,-111.927080154419],[99,11]
xt-hBYVKlReaTwGDghUUcQ,33.6128816,-111.9778065,1,[33.6128816,-111.9778065,33.6128816,-111.9778065],[177,140,11]
mR1hWOIBRMJorZvZL6ZjkA,33.559481500000004,-111.9599511260435,25,[33.4471735,-112.083579911637,33.6717895,-111.83632234045],[48,11,333,109,38,39,63,27,177,140,223,224,24,26,168,181,229,40,99,88,126,97,307,210,7,247,108]
jDd_FxWky56PjmlUojM5Zw,33.4475953,-111.95548425,13,[33.3929996,-111.996292,33.502191,-111.9146765],[104,161,65,54,220,109,38,11,39,63]
