Fda43sCTKGyY5MuGNES2JA,33.407717,-111.950803,1,[33.407717,-111.950803,33.407717,-111.950803],[43,11]
nIsHJ65DIjnvmcZtt-bXVw,33.502885,-112.02122125,4,[33.45977,-112.0741625,33.546,-111.96828],[109,38,48,39,11,26,127]
jbTbQSTDOGLXHorHtoiNZA,33.6385407,-112.2194127,1,[33.6385407,-112.2194127,33.6385407,-112.2194127],[119,99,11]
ymXWRpULkG4cNbsg0UUHhA,33.495035,-112.047259,4,[33.495035,-112.047259,33.495035,-112.047259],[33,117,11]
BgVV1wy50LBc4S_JEiJcQw,33.6693312,-112.2029352,1,[33.6693312,-112.2029352,33.6693312,-112.2029352],[26,11]
OlPyUBeTTT8Z3hlECF9ASg,33.6151575,-111.9264331,3,[33.6151575,-111.9264331,33.6151575,-111.9264331],[6,35,76]
GxGCCZy3vsKk3UkjM9unqw,33.4194512,-111.915926,11,[33.4194512,-111.915926,33.4194512,-111.915926],[38,7,47,88,39,48,11]
JSrNvH5IqC0QJQtr6_d-_A,33.4702022,-112.0653186,1,[33.4702022,-112.0653186,33.4702022,-112.0653186],[182,172,11]
WiXhe9FZJGDJROJu23J5lg,33.337104,-111.970377,2,[33.337104,-111.970377,33.337104,-111.970377],[7,36]
ed-100rZKT60Lnq4yWM49g,33.5606731,-111.98006910000001,18,[33.4492414,-112.072854,33.6721048,-111.8872842],[38,39,40,168,265,11,98,7,109,33,48,84,147,440]
dAwYchOGtrXudZDLU47-aw,33.4969215,-111.93001425,95,[33.493298,-111.934032,33.500545,-111.9259965],[212,11,119,99,7,142]
ssehtakfUNNfQUeOTI8YaQ,33.3637683,-111.9103938,1,[33.3637683,-111.9103938,33.3637683,-111.9103938],[33,11]
AlkMQ-pLOPeyP-Y-y1e09Q,33.4758928,-111.87764525,8,[33.3957075,-112.0012318,33.5560781,-111.7540587],[251,224,212,43,11,48,38,88,39,352,26,255,54,55,127]
UrXg7zOknA7WAHD60JnK9g,33.5025941,-111.9296765,44,[33.5025941,-111.9296765,33.5025941,-111.9296765],[265,48,11]
sXEfi0mljxTLJTAwWfH0Qg,33.5024987,-111.9258947,20,[33.5024987,-111.9258947,33.5024987,-111.9258947],[7,292]
AxvnN3kIm_-qXxtl__urGw,33.509096,-111.994831,1,[33.509096,-111.994831,33.509096,-111.994831],[202,72,281]
LdxngKjcYJTbuf_Q4If3Gg,33.4151843,-111.8314724,1,[33.4151843,-111.8314724,33.4151843,-111.8314724],[32,95,222]
U7N7jRppAO7d8_BRsycvyw,33.5173991,-112.0824683,2,[33.5173991,-112.0824683,33.5173991,-112.0824683],[126,97,11]
KvvUJzBFR0BffuNrrLUZug,33.4340647310654,-111.994457244873,63,[33.4340647310654,-111.994457244873,33.4340647310654,-111.994457244873],[98,7]
g374Je0Ap5ibNTy2-tQk5w,33.53220575,-111.94256865,20,[33.5222185,-111.9595033,33.542193,-111.925634],[28,17,29,265,126,97,11]
zX0NxtOwiTr0jZYtK7PFAQ,33.5085705,-112.2735549,2,[33.5085705,-112.2735549,33.5085705,-112.2735549],[7,148]
YiD2BswAfJBxLstIJoFwlw,33.4495394,-112.0656645,75,[33.4495394,-112.0656645,33.4495394,-112.0656645],[7,449,97,11]
EqRfYUY7RmFpQqrCEg7bpQ,33.54611185,-111.92790245,3,[33.5388471,-111.9641728,33.5533766,-111.8916321],[57,327,7,47,48,11]
VD1-RBoaXfktMkydSxyMAA,33.54315925,-112.0962537,53,[33.4516715,-112.220679,33.634647,-111.9718284],[48,11,57,39,145,265,126,97,219,218,41,38,181,40]
06frpU62PNN_rh35KZfHtw,33.347289,-111.961862,1,[33.347289,-111.961862,33.347289,-111.961862],[96,72,71]
YNc_Wdz4aNjN5N72qfFUgg,33.4997186,-111.9263271,75,[33.4997186,-111.9263271,33.4997186,-111.9263271],[38,99,39,11]
WEpFzCrF2HJraSvuWZzsqQ,33.4360836,-112.21503630000001,36,[33.2452342,-112.5910284,33.626933,-111.8390442],[27,11,168,212,26,7,129,78,79,182,218,88,38,39,89,43,33,117,48,106,54,57,145,126,97]
zJRtA8LRLXhr3BcfW3ELEw,33.406467,-111.926927,1,[33.406467,-111.926927,33.406467,-111.926927],[96,72]
3JfGyYgMqUsFMdE8DYLnbg,33.420941,-111.966874,1,[33.420941,-111.966874,33.420941,-111.966874],[24,11]
JT-Re3PcdlYQp_1KO9LMrw,33.50160635,-111.9784377,2,[33.4950947,-112.027582,33.508118,-111.9292934],[168,48,11,57,99,7,36,69]
nnZLdzxFz4gKbDHpqbVB2A,33.5110499,-111.97591555,6,[33.495496,-112.0272041,33.5266038,-111.924627],[26,11,27,48,7,142,38,140,39,40]
VpURV1vP5Uit5_eHaCmd8w,33.4504828,-112.0739897,23,[33.4504828,-112.0739897,33.4504828,-112.0739897],[28,17,29]
hLuKnY2o02Pqk1qV9vOJtA,33.432360599999996,-111.9945395,6,[33.4146742,-112.075677,33.450047,-111.913402],[54,55,122,256,251,11]
p9CZUSMSj0KJAjAMcL_OKA,33.5109065,-112.0824848,2,[33.5109065,-112.0824848,33.5109065,-112.0824848],[123,65]
8NBv8xMD1dTkM7c9TTTbeQ,33.5161664,-111.99919715,42,[33.4194512,-112.0824683,33.6128816,-111.915926],[48,11,177,140,377,126,97,7,36,8,168,181,229,373,43,63,307,99,27,108,65,133,49,80,82,59,26,17,18,28,170,212,33,127,38,47,88,39,142,109,244]
cwWJ6ydDLjl0AUu_KINZww,33.379469403792996,-111.75473687548501,71,[33.220784807586,-111.9262026,33.538154,-111.58327115097],[190,28,140,11,99,41,27,44,57,69,7,137,8,139,265,185,6,200,33,26,49,322,146,52,43]
z44c0hfBTYU0Q73oaQ_fmA,33.5879473,-112.1164668,2,[33.5879473,-112.1164668,33.5879473,-112.1164668],[168,169,11]
pdT_OmzVar-DLsdMp9m4cA,33.3084739,-111.804248,14,[33.3084739,-111.804248,33.3084739,-111.804248],[49,66]
J6Lixvj7szmQ7bL1HyzvjA,33.336677,-111.856635,1,[33.336677,-111.856635,33.336677,-111.856635],[132,133,65]
1DkkMuvyrJTC64sFdJPzkw,33.732153,-111.8537306,4,[33.732153,-111.8537306,33.732153,-111.8537306],[28,17,29]
u50iwQIpnyJlvgQaeKY9gw,33.6455682097528,-111.917118430138,34,[33.6455682097528,-111.917118430138,33.6455682097528,-111.917118430138],[28,158,17,29]
-Rs_cxPORS9ebE1WsRrjig,33.48368475,-112.06967915,3,[33.4556958,-112.0740398,33.5116737,-112.0653185],[210,11,7,36,8,247]
BjYtfZU5c6OxGSeQ_efBrg,33.56838885,-111.9526417,11,[33.5100455,-112.01408,33.6267322,-111.8912034],[126,97,11,33,48,307,27]
27mLBPOq6ovej9LrHhs7Ng,33.3311544,-111.8677735,4,[33.327278,-111.877431,33.3350308,-111.858116],[126,97,11,251]
7iS_qbI_Lbx18bcUsUa-Yw,33.49590215,-111.9564834,193,[33.4920033,-111.9893448,33.499801,-111.923622],[10,24,11,39,205,126,97]
SgqMqHZh37U_g9WgF9jY6w,33.5426767,-112.08128675,8,[33.4949836,-112.1728283,33.5903698,-111.9897452],[206,11,129,278,79,65,133,7,108,175,121,109,38,39,63]
CgaKbmXoVEPkmMrsCQ3Nnw,33.4925020001075,-111.924118995667,1,[33.4925020001075,-111.924118995667,33.4925020001075,-111.924118995667],[119,99,11]
_SiErghkqBPrzi9WHc_bvg,33.500238,-111.926921,4,[33.500238,-111.926921,33.500238,-111.926921],[126,97,11]
rqTWNarL28Q58GxfSeDtvw,33.494238,-111.977849,1,[33.494238,-111.977849,33.494238,-111.977849],[38,99,88,39,128,11]
JIalYN39eowLF8foLWrR7A,33.6252063328701,-111.941177845001,1,[33.6252063328701,-111.941177845001,33.6252063328701,-111.941177845001],[27,48,24,11]
xB4ttduatnyDAtst0TjDPA,33.32984895,-111.92040015,7,[33.2333299,-111.9827084,33.426368,-111.8580919],[88,38,39,298,11,465,57,145,63,27,33]
dHwTiwgW-SiNohi1l-Ow-Q,33.3313401,-111.9827084,31,[33.3313401,-111.9827084,33.3313401,-111.9827084],[63,27,11]
vWcK9nUpGBMVSFBOhUx_hA,33.567258,-112.103575,23,[33.567258,-112.103575,33.567258,-112.103575],[33,74,296,11]
18fVSuNLqeqMJIeMLJwCXQ,33.4939313,-111.9256266,1,[33.4939313,-111.9256266,33.4939313,-111.9256266],[185,11]
rptoD7UWFYdesI4_oAiF7g,33.492335,-111.9236549,12,[33.492335,-111.9236549,33.492335,-111.9236549],[38,99,39,40,11]
aCu_rQws-qgUMqF3_udgdw,33.5384434,-112.1830859,1,[33.5384434,-112.1830859,33.5384434,-112.1830859],[311,11]
87Pk1ESqAS5HPqUYE12Omg,33.33985,-111.860002,8,[33.33985,-111.860002,33.33985,-111.860002],[373,196,43,11]
pjfwk6ZnCAcJAsX4V6QhpA,33.5442293454526,-111.905472278595,1,[33.5442293454526,-111.905472278595,33.5442293454526,-111.905472278595],[7,9,119,11]
OGOmKMYJKOYNPwQmJHj5Ew,33.3203054,-111.8904419,3,[33.3203054,-111.8904419,33.3203054,-111.8904419],[117,24,11]
Fy6fPgz7PUqrzF5UYyZVUA,33.3345567,-111.9680279,1,[33.3345567,-111.9680279,33.3345567,-111.9680279],[27,11]
1c98xGBAdJlZQE9ZKEnuHw,33.5150746,-111.92169195,3,[33.4655863,-111.9279622,33.5645629,-111.9154217],[7,24,47,27,11,88,38,99,39]
yg4UKjuh-ZKJclRto36ykg,33.340168649999995,-111.95474465000001,146,[33.248126,-112.0429513,33.4322113,-111.866538],[28,17,18,29,271]
Cnz5MG6ei6EFotekIvMJHA,33.733115350000006,-112.32489285,14,[33.4942423,-112.7233385,33.9719884,-111.9264472],[161,105,65,63,27,11,119,120,39,48,38]
6LeQ_nHoztTSfgLl_jkUNQ,33.3350177,-111.9270792,2,[33.3350177,-111.9270792,33.3350177,-111.9270792],[64,65,133]
ExJjMmJhHWIIaWS18TqvTQ,33.5958042,-112.2226374,2,[33.5958042,-112.2226374,33.5958042,-112.2226374],[10,27,11]
E4BcxgjUt6zT6cnU3z0X4g,33.4528292,-112.0685027,4,[33.4528292,-112.0685027,33.4528292,-112.0685027],[57,56]
pDWNeTJReRhe_gBuiOxXrA,33.4441353,-111.9265029,2,[33.4441353,-111.9265029,33.4441353,-111.9265029],[65,133]
5dCP4Of8jhCxNNUhhHXvTA,33.868744,-112.138729,2,[33.868744,-112.138729,33.868744,-112.138729],[7,108,482]
4cFiEhbWHdFemCfq2qO18A,33.5270150227263,-111.9509942392975,5,[33.5098007,-111.9965162,33.5442293454526,-111.905472278595],[7,9,119,11,48,206]
qGux2C8XzxDxSNgyR5YpDg,33.52870731104385,-112.0939617274015,74,[33.477933965703,-112.118804454803,33.5794806563847,-112.069119],[38,273,128,39,224,11,119,24]
i7lwByi2Ro26ypgsEPR3eg,33.61896318642805,-111.906186998864,6,[33.5822419728561,-111.9300279,33.6556844,-111.882346097728],[7,98,10,9,11,99,182,48,140]
tVUVDWC-RDaf8GN4-7-iXg,33.439180300000004,-111.84058795,8,[33.3833071,-111.9958183,33.4950535,-111.6853576],[11,27,63,126,26]
S3inpPpjhSGgXfh9HdsCng,33.49339785,-111.97832512022501,200,[33.319377,-112.1203279,33.6674187,-111.83632234045],[38,143,293,39,212,229,11,244,172,97,126,98,7,119,223,292,108,265]
fE5cFZwRgvTYK78bYTFy0Q,33.3416924,-111.8508441073975,11,[33.2614572,-111.9777693,33.4219276,-111.723918914795],[109,38,27,39,11,24,99,26,74,48]
sTMCfPPAOXg5lj_PvU7N7w,33.450914999999995,-111.87456235,189,[33.38003,-112.0648845,33.5218,-111.6842402],[49,387,48,11,28,17,29,99,24,322,57,63,33,44,38,26,39,7,292]
SVw1pW_7t0YmnvyAEOovoA,33.3988667,-111.93112719999999,21,[33.362444,-111.9536334,33.4352894,-111.908621],[98,7,24,11,79,121,26,108,10,15,6,191,88,38,39,298,137,8,139,71,72,47,48,33,44,36,244,172,421,65,157,103]
own8O4Z_Sjd5ZX2XG8shMg,33.4261603,-111.939838,1,[33.4261603,-111.939838,33.4261603,-111.939838],[74,27,11]
ccL0exzbHqzO4lpp9AP8MA,33.4876277,-112.0313385,49,[33.4876277,-112.0313385,33.4876277,-112.0313385],[109,38,39,206,11]
bepiRaEWJzXtGMhnRUnXiw,33.53654800756151,-111.926822645996,3,[33.44906,-111.928024291992,33.624036015123,-111.925621],[206,11,446]
BKanZogIM0b8gVhb9thziA,33.4441681,-111.98283255000001,3,[33.3791269,-111.9885861,33.5092093,-111.977079],[340,11,43]
PbqzbXQ_RqbRu1j2Ajzfhg,33.55770295,-111.9193384,7,[33.4787843,-111.950518,33.6366216,-111.8881588],[361,11,32,95,222,72,269,3,376,7,8,24]
owTs2bnmBiit3UoXXPxwKw,33.5839581,-111.9788671,1,[33.5839581,-111.9788671,33.5839581,-111.9788671],[182,218,307,11]
9trY5loETyvMD8zoS5sDSg,33.577365856751,-111.888685355022,1,[33.577365856751,-111.888685355022,33.577365856751,-111.888685355022],[78,79]
M3R4oIrJaHDDHbhbzwCLrA,33.4724548,-111.988487,36,[33.4321397,-112.0740123,33.5127699,-111.9029617],[7,455,139,109,38,11,39,63,27]
HyEj5K9F6yS0woBSUDygPg,33.413670249999996,-111.9401976,5,[33.3216034,-111.9626175,33.5057371,-111.9177777],[57,56,126,97,11,6,45,38,39]
4NzgGXwQa3IxuQLjRjjZ6Q,33.5007338134633,-111.9178288707885,71,[33.4237766269266,-111.927632,33.577691,-111.908025741577],[38,26,39,11,265]
iSWGqxsDJNdwkEBNDY8gTA,33.409735,-111.857263,4,[33.409735,-111.857263,33.409735,-111.857263],[38,26,39,11]
t6h-aT65at-gr2fe-EuwxA,33.4566960573784,-112.072327136993,105,[33.4566960573784,-112.072327136993,33.4566960573784,-112.072327136993],[119,11]
pclMfNny5QrZLYHGPAUevw,33.53782805,-112.06065104999999,3,[33.493831,-112.1250101,33.5818251,-111.996292],[26,11,65,133,109,38,39,63]
dqFU6sdx3asOlYp7uzmThw,33.6267322,-111.8912034,1,[33.6267322,-111.8912034,33.6267322,-111.8912034],[27,11]
_FnxlobUPQ4KU87CwBRX8A,33.5287527,-111.99865485000001,17,[33.5019817,-112.0986063,33.5555237,-111.8987034],[218,11,26,27]
HBRQ0IRvUWNBnbu3Sw34lw,33.645783300000005,-112.2737836,2,[33.6384066,-112.3625742,33.65316,-112.184993],[144,11,168,63]
8mU21gK0ElvCoBdNB-7DXQ,33.443995,-111.9957122,1,[33.443995,-111.9957122,33.443995,-111.9957122],[72,28,241,394,395]
eXi_V0-Z3SvImaTF-dOLgA,33.453287016969,-111.9260663924,3,[33.453287016969,-111.9260663924,33.453287016969,-111.9260663924],[38,145,57,205,101,39]
owjOFpWNmTLldIsrVYCgKQ,33.6222859533147,-111.904171575451,1,[33.6222859533147,-111.904171575451,33.6222859533147,-111.904171575451],[218,41,323,11]
GhibpoTtNRskuDcI1ixwYQ,33.523960599999995,-111.94828015,35,[33.34927,-112.0741143,33.6986512,-111.822446],[98,7,11,24,63,182,218,307,27,185,33,108,142,39,224,38,72]
6Pb0PAMhlcVwAkGfm3MSKw,33.49327275,-111.92715085,2,[33.4922985,-111.92975,33.494247,-111.9245517],[210,11,109,38,48,39]
cxwSIMJdImDzV6Cw0AXwDA,33.3958117,-111.8417161,2,[33.3958117,-111.8417161,33.3958117,-111.8417161],[15,25,6]
tLwqiba38dUSt2J8nnEs7w,33.587728,-111.837035,13,[33.587728,-111.837035,33.587728,-111.837035],[64,65]
Acx642brwYrqjXHLyitYzA,33.6308880082953,-111.924328175743,3,[33.626109,-111.924591,33.6356670165906,-111.924065351486],[177,140,11,84,343]
RD9YXz3AGmYsaQcjN1O9pg,33.59647875,-111.9341395,170,[33.4608045,-112.0151722,33.732153,-111.8531068],[48,206,11,49,321,193,59,63,61,13,6,331,28,17,29,265,185,57,470,145,39]
YoBu4TVcP5YHKOC35NPXQQ,33.520983900000004,-112.00960169999999,32,[33.4150348,-112.100731,33.626933,-111.9184724],[38,140,39,40,48,11,63,205,7,98,8,10,185,148,212,97,26,168,298,88,99,43,182]
_OLBq0aZR7K-UdPCrByatg,33.590672749999996,-112.14267125,6,[33.5100398,-112.2707018,33.6713057,-112.0146407],[8,6,116,7,36,62,17,113,27,11,33,38,39,10,98,119,4,80,18,59,49,178,152]
tyB2NUSxpBtBBRZXwvifPA,33.559039049999996,-112.21188169999999,145,[33.4794961,-112.3768048,33.638582,-112.0469586],[99,11,28,17,29,57,327,44,24,69]
IaHks0Oq0jYpHj6pqhvyUg,33.42946122684225,-111.96734761518701,3,[33.4105453536845,-112.0740373,33.4483771,-111.860657930374],[79,121,337,32,129]
xQCC1j7OoNX3K0fmLfQ_IA,33.494594,-111.9893448,1,[33.494594,-111.9893448,33.494594,-111.9893448],[113,6]
L3EYaTntr9AIEQk1ws1Amg,33.2814031,-111.7893255,3,[33.2814031,-111.7893255,33.2814031,-111.7893255],[27,11]
tvYEFLAA5n0AaTAnPrCftA,33.5382586,-112.0573494,1,[33.5382586,-112.0573494,33.5382586,-112.0573494],[98,7,108,24,11]
gqxsUxEfPxyIBraj5AS6gQ,33.435558900000004,-111.88037915000001,2,[33.375362,-111.9159147,33.4957558,-111.8448436],[98,7,206,11,106,131,65,54,226,195]
Q4Yy0RkFVtyqsYig8dyg3w,33.45788805,-111.97242815,2,[33.4207679,-112.0114032,33.4950082,-111.9334531],[182,172,43,11,188,23]
OI-VGo5ij4TMHVw8xWrKNA,33.621221042472,-112.2429688,200,[33.444801984944,-112.4183429,33.7976401,-112.0675947],[63,27,11,48,38,99,39,128,185,33,24,26,177,140]
IjXaDB6FKitv-sjpdMf6BA,33.3927985,-111.9464855,3,[33.364144,-111.950563,33.421453,-111.942408],[224,11,71,72]
9EVx_OlZwFmen6KmHHIGpQ,33.492252449999995,-112.17813269999999,4,[33.423246,-112.240641,33.5612589,-112.1156244],[48,185,11,43]
FQX9E9-n0-d7LvVImsukvw,33.5222185,-111.9595033,3,[33.5222185,-111.9595033,33.5222185,-111.9595033],[48,11]
jIL694K8WWezY0whJ2QgUA,33.52365615,-112.10085534999999,6,[33.406723,-112.2209537,33.6405893,-111.980757],[24,11,63,27,99,265]
6VUiXPOGbE65KInBfaodFA,33.567456,-112.1527954,3,[33.567456,-112.1527954,33.567456,-112.1527954],[38,39,40]
e02iB7pW8xBJ9ptdu6GscQ,33.5102068,-112.0272041,14,[33.5102068,-112.0272041,33.5102068,-112.0272041],[48,11]
il9SCLN9puj9yet56aWCTA,33.4930514,-111.9339561,51,[33.4930514,-111.9339561,33.4930514,-111.9339561],[28,17,29]
5VkXs7Mqls-zl36eklV9kg,33.4354553,-112.0739136,1,[33.4354553,-112.0739136,33.4354553,-112.0739136],[309,285,11]
E7H4yLfdThO7lU9URMysPA,33.566109,-111.9244817,2,[33.566109,-111.9244817,33.566109,-111.9244817],[7,292,338,206,11]
tSC6Ytgl1naB64COEMnuTg,33.5932081,-112.1914096,3,[33.5531112,-112.247024,33.633305,-112.1357952],[361,185,11,7,292,99,48,43]
w4E-KeKjf86uJCz9hn4sbw,33.6456173332673,-111.917118430138,11,[33.6456173332673,-111.917118430138,33.6456173332673,-111.917118430138],[161,195,65]
yXt3oWOsyi0L5G1YqPGUBA,33.4255104,-111.9400054,3,[33.4255104,-111.9400054,33.4255104,-111.9400054],[93,3]
Qc5u6tUWcOe2xc6fWI3L-Q,33.47223315,-111.97624615000001,64,[33.4342595,-112.0272041,33.5102068,-111.9252882],[7,142,48,11]
rWhmbLWgjRmzjs-tHUISEw,33.31081,-111.772012,8,[33.31081,-111.772012,33.31081,-111.772012],[7,11,63]
XHAY4WP-fh5XWUJCS-sC6g,33.5984163,-111.9793285,1,[33.5984163,-111.9793285,33.5984163,-111.9793285],[41,361,11]
MbFm9cSVObf5_CawgK0iow,33.5102512,-112.0739972,1,[33.5102512,-112.0739972,33.5102512,-112.0739972],[24,11]
a3_fl_xlFaAx6BTZLYhGgA,33.5063676,-112.0335679,1,[33.5063676,-112.0335679,33.5063676,-112.0335679],[466,106,488,54]
KCV1ql3SZl9C8QMer1K-_A,33.4285214,-111.8662244,28,[33.3630958,-112.0478085,33.493947,-111.6846403],[26,11,57,145,38,101,39,48,99,377,224,43,53,54,55,122,69,244,7,36,8,33,265,185]
1wm3TVVuPh5ICMC8uT-38w,33.5093736,-112.0409502,3,[33.5093736,-112.0409502,33.5093736,-112.0409502],[39,38,99,128,11]
t95D1tnWvAOy2sxXnI3GUA,33.435978500000004,-112.144778195485,23,[33.362881,-112.34971999097,33.509076,-111.9398364],[27,11,26,38,143,39,71,72,297,8,7,138,139,99,48,88,298,33,120,205,177,140,265,185]
oJka1U7Aotu0A-XNtXs0iw,33.629168,-111.89157,11,[33.629168,-111.89157,33.629168,-111.89157],[38,11,99,128,39]
M1cf2OzfhxLHrCJbSxeuUQ,33.6116901,-112.1648254,4,[33.6116901,-112.1648254,33.6116901,-112.1648254],[251,11]
GDJfWqosrDxQq4f-nGOAVQ,33.673667,-111.8892551,1,[33.673667,-111.8892551,33.673667,-111.8892551],[17,62]
BZyhg9WS64ZJIaA-pKGlpA,33.4221907,-112.2722856,2,[33.4221907,-112.2722856,33.4221907,-112.2722856],[43,11]
tHE3AJdBju9VQ0fzbP72dw,33.299873,-111.842586,1,[33.299873,-111.842586,33.299873,-111.842586],[33,119,11]
5SrxrLxNJ3S83NgzgiTs1g,33.51772710701305,-111.91312880000001,18,[33.381101,-112.103575,33.6543532140261,-111.7226826],[7,142,44,11,108,57,39,145,119,99,26,33,177,140,74,296]
-KTqsRt-KamNPaFvDNwN-Q,33.514977099999996,-111.8836687,2,[33.3549553,-111.9776027,33.6749989,-111.7897347],[109,38,11,39,63,182,48,140]
5iakVo0yGFDKwUtql58PqA,33.470964800000004,-112.05335450000001,18,[33.3022462,-112.219969,33.6396834,-111.88674],[48,11,182,140,28,17,29,46,6,33,44,7,36,35,139,34,103]
kGrgLG2eANVjW67vL4oK-Q,33.5497093,-112.0565245,7,[33.5239431,-112.0651592,33.5754755,-112.0478898],[137,7,6,139,119,11]
dDdinrAqDdeR-LVhAuiOyg,33.500256500000006,-112.02726659999999,200,[33.444799,-112.1342641,33.555714,-111.9202691],[101,38,39,6,45,65,7,148,204,182,99,11,98,8,26,46,40,72,154,28,17,29,57,327]
DkbNMDToYIkYreYB65JHlA,33.26458,-111.858834,6,[33.26458,-111.858834,33.26458,-111.858834],[161,195,65]
02LanstxBzqF_foJ8kFTBA,33.4661444070276,-111.8037801,24,[33.3088284,-111.9276185,33.6234604140552,-111.6799417],[33,38,48,39,11,99,265,119,57,69,205,40,7,36,108,79,121,224,267,182,172,128,161,105,195,65,194,24,47,307,212,43]
ZIF9MST0WFyxB5arAKD2NA,33.439325600000004,-111.9041349,19,[33.313553,-112.0739689,33.5650982,-111.7343009],[33,119,99,11,26,27,63,24,48,108,7,182,139,137,109,38,210,39,49,52,309,140,40]
IRmMB2M_6sIKNfluNLLanA,33.4522271134633,-112.0085669207885,5,[33.4237766269266,-112.1091081,33.4806776,-111.908025741577],[11,27,63,224,265]
XodDmFk6-gQYXjMNGdB0mg,33.4965983,-111.92895365,21,[33.4960516,-111.9303102,33.497145,-111.9275971],[119,11,101,38,26,39,128]
BdBN1YZxvDh7R6vERYZC_g,33.5401509,-112.0565528,1,[33.5401509,-112.0565528,33.5401509,-112.0565528],[337,32]
OEaBO1CvymYRXzG3iEtvnQ,33.5082924,-112.1342038,1,[33.5082924,-112.1342038,33.5082924,-112.1342038],[71,72]
R9j-1HV8fNWpbRft38gH_g,33.4803679,-111.9347763,7,[33.4803679,-111.9347763,33.4803679,-111.9347763],[7,108,24,11]
p2Xyd03tpgBxlSdOW9kxyg,33.41042365,-111.9188443,125,[33.3211423,-111.927222,33.499705,-111.9104666],[48,11,38,99,128,39]
IOHviM8q3MLxZadQumjATQ,33.6856495,-111.86813935,200,[33.639241,-111.8904909,33.732058,-111.8457878],[99,11,33,38,117,39,178,32,18,17,49,95]
_qdcYuTFitMpmX1qNQ3lbA,33.6228432,-111.9253506,1,[33.6228432,-111.9253506,33.6228432,-111.9253506],[123,65]
V8hXZIVRVg4QN87m1LQABA,33.5019817,-111.9276185,3,[33.5019817,-111.9276185,33.5019817,-111.9276185],[99,48,11]
lhbSR25Am5ZYnGA_vDafGQ,33.425938,-111.940346,4,[33.425938,-111.940346,33.425938,-111.940346],[28,342]
gPSdTGuhqS0hkaRLhYL3Mw,33.4942423,-111.9264472,12,[33.4942423,-111.9264472,33.4942423,-111.9264472],[39,119,48,38,11]
ubtWZgvtl53rmjHQgb2kzA,33.4329724,-111.9043028,3,[33.4329724,-111.9043028,33.4329724,-111.9043028],[127,11]
R5jIAytpLfAPwsIpsViEsQ,33.6267322,-111.8912034,1,[33.6267322,-111.8912034,33.6267322,-111.8912034],[224,11]
voUqX5ON9lMa80HRiO2jTg,33.3279025,-111.97918999999999,5,[33.305824,-111.991311,33.349981,-111.967069],[49,80,59,106,54,317,43,11]
HHlIOuuImgBq7Gbn5smaRA,33.50951635,-111.9769346,11,[33.306896,-112.2014742,33.7121367,-111.752395],[43,11,26,126,48,223]
mEcEGw9Ggg0RXzQH6DwuIg,33.427148450000004,-111.90098995,200,[33.362719,-111.925841,33.4915779,-111.8761389],[38,7,47,88,39,48,11,119,89]
1Ge4YW-QzFDd4xqFNrPEbQ,33.548457240674196,-112.076052,30,[33.4348794896361,-112.390427,33.6620349917123,-111.761677],[28,342,17,29,7,137,8,139,98,11,99,265,10,108,170,72,297,117,161,195,65,84,419,26,212,43,114,13,6,24,27,231,18,49,104,179,38,128,39,296,201,48,32,95,222,178,35,340,210]
vs_HiwX5hCnU6aoEzXdkWw,33.4772147,-112.0736348,14,[33.4772147,-112.0736348,33.4772147,-112.0736348],[265,11]
uofZCdM_NhwL9dRqhsXpPA,33.4972359,-111.92601765,2,[33.4949678,-111.927891,33.499504,-111.9241443],[48,24,11,63]
3UbxLZVlgF-i43yZ31sDsA,33.496896,-112.074156,1,[33.496896,-112.074156,33.496896,-112.074156],[6,70]
F3D9HTmcW2crhN4YwDRJ7g,33.6455682097528,-111.917118430138,1,[33.6455682097528,-111.917118430138,33.6455682097528,-111.917118430138],[28,158,17,29]
UR1smxWE2yO7cQ5UUNcZPg,33.424778,-111.939846,48,[33.424778,-111.939846,33.424778,-111.939846],[177,140,11]
N1-XlEGGeJ6dzmd-BsHSGQ,33.580276,-111.924064,1,[33.580276,-111.924064,33.580276,-111.924064],[11,63]
mWx5Sxt_dx-sYBZg6RgJHQ,33.56344885,-111.9816643,19,[33.4532307,-112.0740735,33.673667,-111.8892551],[126,11,210,88,298,39,38,63,27,109,48,137,7,6,139,17,62,108,224,97]
gRplPws26GsOKQ-5bbKwtA,33.5192306,-111.91537305,2,[33.4164522,-111.9261561,33.622009,-111.90459],[251,11,224]
DMJ6UkMaAYH9DwiEUc_R8g,33.48025835,-112.051,17,[33.3767277,-112.174813,33.583789,-111.927187],[49,80,82,59,43,11,368,65,133,127,157,103,97,57,333,27,175,129,121,79,161]
bG-r4zndr1xuon0pHbUrcg,33.477919549999996,-112.148436251964,9,[33.4514309,-112.327708303928,33.5044082,-111.9691642],[48,11,161,28,65,17,29,38,39,40,72,287,49,193,59,109,63]
TESe3g-BJSdZ5H4KC7yr9g,33.24145165,-111.9319084,37,[32.894956,-112.1164668,33.5879473,-111.74735],[38,39,11,99,127,185,26,7,313,27,168,169,8,182,48,140,109,17,62,153,98,201,97,57,69,265,63,14,15,6]
KyXlD7i48mYYjRC-BFYVxw,33.423425,-111.979319,62,[33.423425,-111.979319,33.423425,-111.979319],[28,17,29]
Ku_NR6HjGnmx8axWiR4UNA,33.632912700000006,-111.95646239999999,31,[33.4354553,-112.0739136,33.8303701,-111.8390112],[212,43,11,99,63,26,33,48,309,285,27,185,7,142,108,88,298,39,38,128]
ENR8W_G2ZuVYWeZsztGkQQ,33.472674,-112.064752,8,[33.472674,-112.064752,33.472674,-112.064752],[11,63]
-pZBAoPnG5DW32qOzbJxfA,33.586979239762755,-112.180202536133,92,[33.5356713795255,-112.259674072266,33.6382871,-112.100731],[224,11,24,26,212]
fG2-KcZt31VijA8p7G80OQ,33.365426,-111.704156,1,[33.365426,-111.704156,33.365426,-111.704156],[65,133]
t51FxYOLqwbTSBeyPbHHVQ,33.46337665,-111.96612110000001,200,[33.43475,-112.00644,33.4920033,-111.9258022],[28,170,126,97,11]
MMgHZwm4rj8W1scW4cEq5w,33.45068155,-112.00662885,7,[33.362719,-112.1371188,33.5386441,-111.8761389],[113,6,116,26,11,334,181,89,177,140,7,142]
WYM5wOgXxqEhvRcDbHR1Mg,33.3929966,-111.9130539,5,[33.3929966,-111.9130539,33.3929966,-111.9130539],[168,99,11]
UHtC8SbKZ6ASHsOEziMNAQ,33.3582785,-111.857984,2,[33.303233,-111.873436,33.413324,-111.842532],[7,33,48,47,11,43]
tRKc2QyBzCMx9VulSTxo0g,33.544236049999995,-111.9781405,6,[33.45977,-112.0741625,33.6287021,-111.8821185],[109,38,48,39,11,65,133,119,210,26,63]
Q-e5Kriu18oFX5orJkoNhA,33.51618884507355,-111.98438665,58,[33.3917177901471,-112.1345686,33.6406599,-111.8342047],[126,11,27,97,38,48,128,39,145,57,205,40,7,36,8,10,24,177,201,13,6,4,49,59,12,193,160,26,224,43,63,114,22,210,212,292,139,52,109,117,168,298,88,475,119,99,44]
hKNGmozNm5J7ssNyi1pcNQ,33.4660947,-111.99172425,25,[33.320255,-112.0834825,33.6119344,-111.899966],[182,218,11,421,65,108,7,139,137,244,6,225,250,63,27,24,36,142,267,172,352,48,101,38,143,39,40]
h8gqEYPjrA6Ja9JPWwEpwA,33.4827323,-111.94840565,6,[33.3785626,-111.978659,33.586902,-111.9181523],[371,106,54,131,211,32,381]
JWZtagMAm3nubiv7Dy6rmA,33.320017,-111.98251,2,[33.320017,-111.98251,33.320017,-111.98251],[65,133]
Ybvt5e4tMCS9MlJM-vITaw,33.5085428,-112.1341937,3,[33.5085428,-112.1341937,33.5085428,-112.1341937],[84,35,6,264,86]
Z6v6foWobDjbL50Pwnqafw,33.49477195,-111.968123,4,[33.3338729,-112.011998,33.655671,-111.924248],[352,109,38,39,11,63,7,108,57,48,62,17,69]
IZt7AoFSIGs2zvw0psCDew,33.4354553,-112.0739136,3,[33.4354553,-112.0739136,33.4354553,-112.0739136],[309,285,11]
0SA6oZiGH3hEJdjFtEqx9Q,33.4897882,-112.0657845,14,[33.4492414,-112.084468,33.530335,-112.047101],[112,6,210,11,15,191,45,7,292,26,61,13,79,121,108,60,38,39,40,12,114,35,77,70]
mRS1DxqEvKhZeTYjU61VOw,33.413324,-111.873436,1,[33.413324,-111.873436,33.413324,-111.873436],[43,11]
bfmTPZjrNm_ZuDNlq4VvWw,33.6253241,-111.9403451,1,[33.6253241,-111.9403451,33.6253241,-111.9403451],[119,120,11]
O_2UNUaqkbFja8dv3HqroQ,33.6400536994361,-112.067994484423,14,[33.6400536994361,-112.067994484423,33.6400536994361,-112.067994484423],[98,7,119,11]
K0euQLFAcKhQPZ6JxGAryg,33.47841274852815,-112.0055546,200,[33.3021074,-112.3418557,33.6547180970563,-111.6692535],[33,11,7,30,8,13,6,119,120,36,26,162,212,361,71,72,96,184,63,27,48,24,84,124,213,99,127,194,57,333,137,139,224,309,285,182,172,41,400,292,141,110,201,104,161,65,54,220,15,191,244,98,69,138,345,346,23,419,142,202,281,269,35,118,76,125,43,223,185,44,265,218,28,170,181,204,46,334,91,38,39,61,331,192,140,47,88,87,251,17,29,55,122,208,130,32,10,9,267,247,240,241,112,254,108,45,147]
rLtl8ZkDX5vH5nAx9C3q5Q,33.461345203793,-111.884947725485,200,[33.220784807586,-112.1866243,33.7019056,-111.58327115097],[127,11,33,38,48,39,40,182,218,307,63,27,126,97,7,189,10,24,43,185,36,23,443,98,108,139,474,44,285,296,292,338,206,99,128,142,168,169,109,440,137,8,192,140,88,177,26,41,361,119,221,210,265,84,339,224,47,298,60,6,123,65,190,28,212,229,148,465,57,145,313,49,476,80,82,59,162,105,62,17,101,211,32,381,89,251,293,239,186,352,71,72,297,56,138,4,13,115,160,208,130,35,87,69,340,201,247,146,341,149,178,172,483,260,104,161,195,442,241,106,54,449,79,117]
PECnkJ2QKKoYY9gDRTUS4g,33.412675,-111.550932,1,[33.412675,-111.550932,33.412675,-111.550932],[11]
z6OGpPPnGNDTOsLhf4KVzA,33.445958250000004,-112.00727599999999,172,[33.4261603,-112.074714,33.4657562,-111.939838],[39,38,126,97,11,17,18,28,442,241,99,219,218,41,224,298,57,145,29]
8-NxEjuDIOCtCMXCjMKwWg,33.45107,-112.055957,1,[33.45107,-112.055957,33.45107,-112.055957],[8,26,7,138,139,11]
Rettgzga22miMV9Mr_DfHQ,33.4165461,-111.836832,15,[33.4165461,-111.836832,33.4165461,-111.836832],[7,49,108,193,59]
teusTBoGcTZQHNX_9SrezA,33.3054251,-111.9470658,4,[33.3054251,-111.9470658,33.3054251,-111.9470658],[24,11]
vbhxyMZVQvDsksmp8LUavw,33.42917705,-111.95759530000001,11,[33.348908,-112.0403946,33.5094461,-111.874796],[63,27,11,88,38,39,298]
FXb97PTBmPdjfqaRoSlvoA,33.4207875,-111.85582500000001,200,[33.419984,-111.883266,33.421591,-111.828384],[7,148,28,17,29]
T7Fsw07R-pMz4O_E6oEtAA,33.350322250000005,-111.89361075,4,[33.3056593,-111.9454517,33.3949852,-111.8417698],[248,249,15,6,250,72,287]
fpBgLkRJaLUL8-3yWAOYqw,33.5097112,-112.0962274,2,[33.5097112,-112.0962274,33.5097112,-112.0962274],[251,11]
mv7shusL4Xb6TylVYBv4CA,33.5086952779617,-111.927080154419,46,[33.5086952779617,-111.927080154419,33.5086952779617,-111.927080154419],[99,11]
7QUrF_lI-lY6V_JHyKrO2w,33.4787939,-111.9259092,2,[33.4787939,-111.9259092,33.4787939,-111.9259092],[309,119,285,11]
6SoaATMLiTd2P47CfqSWbA,33.3815857,-111.8753848,28,[33.2612195,-111.9787576,33.5019519,-111.772012],[38,39,99,185,11,212,41,43,224,63,27,177,140,192,98,7,24,292,142,33,313,119,109]
CMms-lxWdF7RXOrUh6DbXw,33.3459968,-111.7556095,1,[33.3459968,-111.7556095,33.3459968,-111.7556095],[90,32,314]
pBQFT3q5hgn0fNaBraQtmA,33.6556844,-111.9300279,24,[33.6556844,-111.9300279,33.6556844,-111.9300279],[99,11]
hJNKMbJ5Le3CQeM--DWHRQ,33.4149797,-112.4595333,9,[33.370156,-112.577509,33.4598034,-112.3415576],[119,11,7,138,139]
ZeQZQY7CrpyxviVBhwveaw,33.66304395,-111.96058005,7,[33.492381,-111.9953287,33.8337069,-111.9258314],[265,48,11,63,206,38,99,88,39,40,168,307]
3swgLIXkvXVvEPs6il5D3Q,33.4587437,-112.0775732,1,[33.4587437,-112.0775732,33.4587437,-112.0775732],[7,108]
P_lge3Q4PtMF8g0-jpheKg,33.3547012,-111.7897898,3,[33.3547012,-111.7897898,33.3547012,-111.7897898],[7,108,48,11]
RCDhIFQlSth-gQkojdN13w,33.50798725,-111.94077405,15,[33.3999435,-112.0297841,33.616031,-111.851764],[11,99,49,178,185]
wj53JTTIld0AjIolfg9v2Q,33.50966905,-112.027023,3,[33.5091313,-112.0283059,33.5102068,-112.0257401],[265,11,126,38,39]
6fH87j1ZkDRPD0CwLdJQQQ,33.4942423,-111.9264472,2,[33.4942423,-111.9264472,33.4942423,-111.9264472],[24,11]
2ZUOkg3rRirjmLBeJBhOYA,33.4930514,-111.9339561,113,[33.4930514,-111.9339561,33.4930514,-111.9339561],[28,17,29]
KnsWpD1e_hMoAVcN0ftiGw,33.47335815625795,-111.93959855,9,[33.319412,-112.0734213,33.6273043125159,-111.8057758],[168,42,43,11,39,38,128,185,26,57,69,48,33,120]
LFgPOODGUJj7oet8cTpWVQ,33.3750117,-111.7896301,6,[33.3750117,-111.7896301,33.3750117,-111.7896301],[26,11]
h8nwjhdp57Xp1IWj3GbH6g,33.6235377,-111.925553,4,[33.6235377,-111.925553,33.6235377,-111.925553],[4,13,6,115,160]
MOWu_mYtKWhCxV0SfzNfLQ,33.437199,-112.01629700000001,200,[33.43475,-112.026154,33.439648,-112.00644],[99,11,33]
OSlfx0NBw84T_4jPa258EA,33.439648,-112.026154,1,[33.439648,-112.026154,33.439648,-112.026154],[99,11]
Ksl5HYQNco09ptj27sUVZA,33.306806,-111.88557,2,[33.306806,-111.88557,33.306806,-111.88557],[63,27,11]
6vrDjT_B-Q7yNEmKSxoZ-A,33.7019056,-111.9252766,2,[33.7019056,-111.9252766,33.7019056,-111.9252766],[37,32]
c10-vMDNqbRVYcM4nrhfpw,33.5102068,-112.0272041,1,[33.5102068,-112.0272041,33.5102068,-112.0272041],[26,11]
c3JbRoLoYj5wi_r-yZdmdA,33.2353630065918,-111.721961975098,1,[33.2353630065918,-111.721961975098,33.2353630065918,-111.721961975098],[7,142]
2cZXWEELHZ7pY4JMsiKnUA,33.491645,-112.073196,18,[33.491645,-112.073196,33.491645,-112.073196],[38,140,39,40,48,11]
gEF7HFdaMTH933mzvpFcKQ,33.51021945,-111.91384395,6,[33.4656139,-111.9280519,33.554825,-111.899636],[119,201,11,57,56,39,439,27]
qWpI_t45scPrq6RDj8AW3g,33.494205,-111.931447,22,[33.494205,-111.931447,33.494205,-111.931447],[48,11]
hDGKgsnqC-Ye1yglFWWBWw,33.594892,-112.222145,33,[33.594892,-112.222145,33.594892,-112.222145],[7,138,8,139]
jRtdO03kWbReasB_vBlTsQ,33.60552545,-112.03616414999999,54,[33.378951,-112.187061,33.8320999,-111.8852673],[39,38,27,128,11,99,382,57,69,109,48,88,7,47,101,145,36,43,8,63,105,65,24,33,212,361,298,26,6,186,35,372,76,12,13,177,140,182,49,80,59,168,137,139]
_E6mujaapsBNIJkD8az6Jw,33.4608574,-112.32313895,129,[33.4581718,-112.341878,33.463543,-112.3043999],[33,99,296,11,126,97]
vTfT0q8aVgxnAhCl-CtAvg,33.4358038471554,-112.037909492615,10,[33.3187306943108,-112.132431,33.552877,-111.94338798523],[26,11,210,43,251,99,7,138,139]
6PUr6Eys7uKb1ffHQsScPw,33.47232845,-111.969246,15,[33.363223,-112.077177,33.5814339,-111.861315],[7,292,11,206,63,48,34,6,32,35]
vAyZG9azrT3bGBjC5hHBaQ,33.5003334,-111.99709165,13,[33.494459,-112.0739142,33.5062078,-111.9202691],[38,99,88,39,40,11,26,128,168,181,229,205]
PCG0X8d9CKzjmHgZPgrJQw,33.487276,-112.030849,13,[33.487276,-112.030849,33.487276,-112.030849],[120,11]
gEjTN0OXTMue2FwnLpeWHQ,33.6291906542453,-111.889507770538,26,[33.6291906542453,-111.889507770538,33.6291906542453,-111.889507770538],[30,13,6,45]
7AVFufvVoKsifDnRQ8Qlcw,33.483768350000005,-112.06874275,2,[33.455863,-112.072167,33.5116737,-112.0653185],[210,11,63]
Mqx4innV66NWzmy5lg296Q,33.3926603,-111.902369,8,[33.319395,-111.929773,33.4659256,-111.874965],[224,182,11,26,48,140]
rjsQUX85lfBgI13hb4Co6A,33.4471735,-112.073781,4,[33.4471735,-112.073781,33.4471735,-112.073781],[119,99,11]
GAEHo1uslNOouKy5k_v3tg,33.466884753792996,-111.847363325485,51,[33.220784807586,-112.1114555,33.7129847,-111.58327115097],[38,99,88,39,40,11,48,7,142,108,292,440,260,265,27,162,119,32,203,190,28,140,6,284,35,449,97,145,57,101,439,43,352,98,206,139,63,49,193,58,59,26,112,177,251,109,201]
rCbHnzqAHfgMqF1u6Odrig,33.264581500000006,-111.86344224999999,26,[33.034868,-112.3408385,33.494295,-111.386046],[99,11,218,41,48,293,39,177,38,40,63]
_059bXRkCzdOiEmPxZnUIA,33.52796,-112.2641158,72,[33.52796,-112.2641158,33.52796,-112.2641158],[57,327]
YsSeLrUpzGl-uYSBz_TwWQ,33.435947999999996,-111.81499485,10,[33.377437,-111.9953287,33.494459,-111.634661],[182,48,140,11,38,99,88,39,40,12,30,13,6,118,63,26]
_YdRYVQhgBBso_Erefhk5w,33.261657,-111.860733,10,[33.261657,-111.860733,33.261657,-111.860733],[27,11]
DMGYyKg70ACBfXNYKWvXRQ,33.5160662,-112.029562,113,[33.5160662,-112.029562,33.5160662,-112.029562],[161,28,65,17,29]
N10jZ9Ni1wr3Ydyz5PHYOw,33.475302,-111.925588,3,[33.475302,-111.925588,33.475302,-111.925588],[48,11]
x3yNnQF2JYRKQmd27FLaag,33.44993555,-112.0722816,152,[33.4471778,-112.0744503,33.4526933,-112.0701129],[28,17,29,49,38,39,128,341]
_vSplejv6v2fMDhgMARd0Q,33.3050609,-111.9973418,200,[33.3050609,-111.9973418,33.3050609,-111.9973418],[44,127,11]
wJt4jRd3ToYuB2M_Vr54nQ,33.4826754823239,-111.995716521017,109,[33.3702541,-112.065436542034,33.5950968646478,-111.9259965],[7,142,265,11,28,17,29]
VeyC7wTfvjkQiVh5YQ3Bog,33.491911594079,-112.060170961415,3,[33.470126,-112.07341192283,33.513697188158,-112.04693],[168,26,11,48]
yRYNx24kUDRRBfJu1Rcojg,33.5754755,-112.0651592,1,[33.5754755,-112.0651592,33.5754755,-112.0651592],[119,11]
BzLNxU67VrNIwGJpZOjR8Q,33.3496805,-111.9487453,1,[33.3496805,-111.9487453,33.3496805,-111.9487453],[113,6,116]
EqkkiRaK9wR5V-eR7QJHDg,33.5380063,-112.1836844,2,[33.5380063,-112.1836844,33.5380063,-112.1836844],[112,6,118]
UPCh0kvEXYLWM_PrZAarBw,33.692601598244494,-111.86972327375,98,[33.653050196489,-111.8857159475,33.732153,-111.8537306],[7,8,28,17,29]
Z6lZdNZ3GqHJRnOerJOwNg,33.480081,-111.99297,7,[33.480081,-111.99297,33.480081,-111.99297],[202,72]
_aO12c-vOGiHNXVMcauNMQ,33.5744260583035,-112.02173085000001,6,[33.508533016607,-112.0477218,33.6403191,-111.9957399],[175,129,79,210,11,38,48,39,108,7,119,109]
PqYFEM5fDDJmlxuVFB87Kw,33.52181535,-111.87786625,22,[33.4149286,-111.9249893,33.6287021,-111.8307432],[54,55,122,27,11,65,133,7,142,24,201,84,344,23,343,44]
DI-o6lbFdbkM0MSSCqILWQ,33.4938219,-111.9259965,14,[33.4938219,-111.9259965,33.4938219,-111.9259965],[7,142]
AggHhIrH8pXa2DxZYmCeRw,33.594676500000006,-112.263575,12,[33.552114,-112.275823,33.637239,-112.251327],[6,270,211,32,44,11,48,26]
Uug6tmVc7AokYUUJnaBqig,33.6490094,-112.0558541,6,[33.6283281,-112.0997102,33.6696907,-112.011998],[49,80,59,7,108,10,63,11]
_P3ncPwJb53OWBvQQxEkKg,33.447406,-112.3075805,8,[33.430535,-112.345359,33.464277,-112.269802],[24,229,11,65,133]
5NteGJSsdNSJSeCE6NvO0g,33.47508565,-111.99206459999999,22,[33.4588282,-112.0610433,33.4913431,-111.9230859],[322,57,56,120,11]
d1HQAouAzU27WCcSJLHYBA,33.6542283260014,-112.037803182016,32,[33.435146,-112.149875164032,33.8733106520028,-111.9257312],[99,11,7,108,46,13,6,372,30,161,28,65,17,29]
vKwOkUIrgWllE43zQ8aEOA,33.461520138980845,-111.9321075,5,[33.414345,-111.951184,33.5086952779617,-111.913031],[192,11,98,7,24,99]
kVt73vvNeunN_XS9n3ZmNw,33.5097768,-111.9957399,1,[33.5097768,-111.9957399,33.5097768,-111.9957399],[38,48,39,11]
I8SygPqSUEdhmj5pqbuqPg,33.625423350000005,-112.19563405,4,[33.6100147,-112.2399861,33.640832,-112.151282],[126,11,49,20,23,415,59,182,48,140]
Aj13EhEGC2pbTaPS9Zy_-w,33.402195899999995,-111.91375255,5,[33.3022462,-111.9295381,33.5021456,-111.897967],[30,13,6,46]
VBQR-deehMkDaYgBHkFcCQ,33.639403,-112.180066,3,[33.639403,-112.180066,33.639403,-112.180066],[338,382,206,11]
dtaY8hFSJM8Ub1IATxCJ0w,33.647095,-111.8928268,3,[33.647095,-111.8928268,33.647095,-111.8928268],[4,6,349]
Qg_Rg4UYFOe1v5O70U0qkA,33.4586426,-112.0299551,200,[33.4368194,-112.0705197,33.4804658,-111.9893905],[44,26,11,28,17,29,7,391]
S0PyA2gxuhX_TjoOiY7gjg,33.5830408,-112.03018900000001,2,[33.5123186,-112.065023,33.653763,-111.995355],[96,72,119,99,11]
COqPCVSWG5ZsgdjJOA04fA,33.322482050000005,-111.7730453,19,[33.261657,-111.860733,33.3833071,-111.6853576],[126,11,27,48,26]
DbatkASJGJ4Kx_-QlljPqA,33.3852701,-111.83648550000001,3,[33.351089,-111.915926,33.4194512,-111.757045],[38,7,47,88,39,48,11,149,126,10,44,24]
a_J5onaA9AN5EqWHnYTwYQ,33.4949303,-111.9828806,3,[33.4949303,-111.9828806,33.4949303,-111.9828806],[49,58,59]
ppHICLpJdhHRsg1kP1Ko_w,33.556263349999995,-112.08040625,20,[33.5024987,-112.2618153,33.610028,-111.8989972],[382,11,7,292,10,24,27,182,99]
-82aYa5o3CejjuGGlHai1g,33.4512558,-112.0972094,2,[33.4512558,-112.0972094,33.4512558,-112.0972094],[26,11]
gFWOx_Q-wD_yEV4oggPaBg,33.463543,-112.341878,30,[33.463543,-112.341878,33.463543,-112.341878],[126,97,11]
M-d7R2GVDqUi8iBaLyXcwg,33.6142927,-111.97774625,12,[33.6032634,-111.9781795,33.625322,-111.977313],[26,11,98,7,24]
YAlmsEW1gAvdo4OCnhGr6w,33.6119344,-111.9271523,2,[33.6119344,-111.9271523,33.6119344,-111.9271523],[49,321,80,59]
bzcCppEXmtcJ9It8AGyADw,33.5229099,-112.19668285,6,[33.466626,-112.2692793,33.5791938,-112.1240864],[7,108,48,11,27,47]
rFDbNpmOJqg-_DqLVl7g1Q,33.3057949,-111.9677833,63,[33.3057949,-111.9677833,33.3057949,-111.9677833],[99,185,11]
ITV1f98JnjUfM9u7yLu4KQ,33.5517332,-112.2692793,1,[33.5517332,-112.2692793,33.5517332,-112.2692793],[7,27,48,47,11]
Shbh-dhEjU4J50HHkParLg,33.565999249652,-112.02632919724451,6,[33.4642695,-112.0741442,33.667728999304,-111.978514194489],[11,63,322,57,39,145,27,119,99]
TLweDQj83Wgjy-6LaQO_Eg,33.5978789,-112.0374763,1,[33.5978789,-112.0374763,33.5978789,-112.0374763],[65,133]
W5leJlXzpAQui4eux4rpKw,33.423546,-111.937394,2,[33.423546,-111.937394,33.423546,-111.937394],[48,11]
-O4hVLxftHqWJCDFTJ_M2g,33.39357696637155,-111.95138093188649,7,[33.3637131,-111.9631397,33.4234408327431,-111.939622163773],[26,11,109,38,27,39]
pqR9lla57eXfsuZUo2BYsQ,33.377663,-112.1706789,2,[33.377663,-112.1706789,33.377663,-112.1706789],[43,11]
Lue-BWXUThHr7kS_FWijWg,33.4493145,-112.0740474,76,[33.4493145,-112.0740474,33.4493145,-112.0740474],[224,11]
ta6UIWUaQzkfJDMieaqcdA,33.587126,-111.996546,6,[33.587126,-111.996546,33.587126,-111.996546],[32,314]
8GKaiOJGt6sVeiJI95cObA,33.4194512,-111.915926,4,[33.4194512,-111.915926,33.4194512,-111.915926],[38,7,47,88,39,48,11]
51su24cY2xc-D3m2Xso0sg,33.530335,-112.047101,3,[33.530335,-112.047101,33.530335,-112.047101],[26,11]
yR1OKLJ1SM1lzNG13Qv5_Q,33.4234224,-111.8542341,4,[33.351089,-111.9159147,33.4957558,-111.7925535],[48,120,11,149,126,98,7,206]
bCj0WdE0BW9NFa5JxUkhTQ,33.4622947,-111.9036456,72,[33.3370939,-111.96828,33.5874955,-111.8390112],[26,11,88,38,99,39,27,251,84,345,6,346,134,135,63,49,52,333,326]
ropG9hxhgqtT865SJ3IALA,33.4161829,-111.839574,3,[33.4161829,-111.839574,33.4161829,-111.839574],[119,44,26,11]
tU3fr1SD7iX7GPZF_56OjQ,33.5092111,-112.06282870000001,3,[33.508711,-112.0962274,33.5097112,-112.02943],[48,11,251]
26wW6FNWdmC23Vz-sjy9Dw,33.4703535,-112.18609505,40,[33.313774,-112.5125131,33.626933,-111.859677],[44,11,98,7,10,181,138,48,139,33,126,6,70,26,212,38,109,39,63,27]
DZH5pRRxBBHRT5tF1wQ1_g,33.480932300000006,-111.9458603,21,[33.3369531,-112.0152845,33.6249115,-111.8764361],[119,99,11,182,218,307,172,46,6,7,137,8,139,48,42,43,27,292,338,206,201,129,79,121]
tCQYvT8tsr3albkGXt_qCw,33.615690799999996,-111.91494085,164,[33.4995106,-111.9770187,33.731871,-111.852863],[109,38,11,39,440,99,48,26,177,140]
sALB8-F04S9VcZMF_GkGUA,33.50867125,-112.0452954,200,[33.3022462,-112.347038,33.7150963,-111.7435528],[48,11,265,126,97,28,17,29,26,98,7,292,62,63,27,109,38,39,99,166,6,21,224,49,52,104,204,65,128,194,239,119,132,40,206,361,185,12,114,13,84,147,182,140,188,23,47,88,8,340,43,22,30,15,191,137,139,212,33,177,54,242,205,210,18,46,307,298,4,59,193,160,313,64,229,251,127,120,142,108,333,326,32,95,222,219,218,41,202,72,55,122,9,24,35,76,78,79,44,93,3,94,175,129,440,80,82,382,168,365,57,327,138,92,5,425,36]
e6v_FV2kmA98epW2nNFppg,33.5537698,-112.2701979,1,[33.5537698,-112.2701979,33.5537698,-112.2701979],[48,11]
1k9rmSjcpnq9aAm1x_oCtA,33.5219375,-112.04749,1,[33.5219375,-112.04749,33.5219375,-112.04749],[7,108]
lk9OBp3_I00LaSU_JXktTA,33.62990125167374,-111.968855947571,3,[33.583234,-112.013035,33.6765685033475,-111.924676895142],[33,99,11,155,237,54,106,337,32]
-Ll2lk5MuVsJIBSBBnM3Tg,33.5160662,-112.029562,111,[33.5160662,-112.029562,33.5160662,-112.029562],[161,28,65,17,29]
_nAt9tvfjCVx3f_-VQCVOg,33.4931793,-111.9320931,23,[33.4931793,-111.9320931,33.4931793,-111.9320931],[39,26,127,11]
9kjF3nPGGTzAUvdGxepRKA,33.40018275,-111.82889954999999,3,[33.392497,-111.8344631,33.4078685,-111.823336],[117,26,11,210]
VmukED9UzU4vAKxAw-J3QQ,33.493753,-111.928103,5,[33.493753,-111.928103,33.493753,-111.928103],[105,65]
YPW0b8w9WW8YzPNsSUP_Ow,33.428589,-111.962879,3,[33.428589,-111.962879,33.428589,-111.962879],[28,17,29]
ySexi8vznu5UbTr0bi6cfQ,33.5025941,-111.9296765,1,[33.5025941,-111.9296765,33.5025941,-111.9296765],[468,1]
cq4L7KJPhk7cBcdQx_rdqA,33.639241,-111.881719,1,[33.639241,-111.881719,33.639241,-111.881719],[49,80,82,59]
e5YZvlSRknGmROE209SF3Q,33.4426943226121,-111.9903076,57,[33.362444,-112.0893753,33.5229446452242,-111.8912399],[182,99,11,10,119,212,88,38,39,89,26,57,186,6,322,7,24,47,27,48,98,33,17,18,101,145,49,52,140,126,97,50,13,4,5,425,160,139,416,9,40,127,15,191,137,8,79,121,59,172,71,72,93,3,129,278,200]
M1ByIkrXgDhE2w4VIgCFJg,33.632948,-112.031266,5,[33.632948,-112.031266,33.632948,-112.031266],[39,38,26,128,11]
uPg_zWNz6rgT036Xpca8Tg,33.5019817,-111.9276185,3,[33.5019817,-111.9276185,33.5019817,-111.9276185],[38,48,39,11]
BlOm-4avm6lPRmzG3LiRIA,33.3156591,-112.0048589,1,[33.3156591,-112.0048589,33.3156591,-112.0048589],[382,11]
Gh6OlcXrj1CwnkoGiJsZwA,33.3057055,-111.896788,1,[33.3057055,-111.896788,33.3057055,-111.896788],[13,6,21,22]
fVlrs-9LkcNmqMmYLFt-Ng,33.495263,-111.928554,16,[33.495263,-111.928554,33.495263,-111.928554],[26,11]
GzOZ2iuyzT3cwYk49Vb8dA,33.58014265,-112.1174814,28,[33.4471783,-112.2603562,33.713107,-111.9746066],[46,13,6,30,18,17,182,48,140,11,96,72,38,99,88,39,40,168,63,26,7,47,27,57,145,126,97,265,54,238,32,235]
FusJOY2MglBIxbahqkJ5vA,33.304861,-111.927065,4,[33.304861,-111.927065,33.304861,-111.927065],[224,11]
9aiJNsy-QmvZyjbRGY7jkw,33.7129847,-112.1114555,4,[33.7129847,-112.1114555,33.7129847,-112.1114555],[27,11]
C-J_e4YpFJegEkLvvW6miQ,33.448587,-112.071756,130,[33.448587,-112.071756,33.448587,-112.071756],[38,48,39,11]
XzrMWkZ3uB_GKqBNoT1ZUw,33.384472349999996,-111.92850630000001,9,[33.303233,-112.0657286,33.4657117,-111.791284],[38,7,47,88,39,48,11,285,185,27,26,33]
p0HbHDxasjId9zldQBd31A,33.4219276,-111.9273071,1,[33.4219276,-111.9273071,33.4219276,-111.9273071],[26,11]
syiHzHqlMgD_O5XFf27xLA,33.3637746,-111.9095295,1,[33.3637746,-111.9095295,33.3637746,-111.9095295],[11,63]
lunUMyuDx4JhGBbZbKu0kQ,33.4724491,-112.1345686,5,[33.4724491,-112.1345686,33.4724491,-112.1345686],[26,11]
n0J0kzQIuPt71-8WYT7EIg,33.3117903,-111.8412173,1,[33.3117903,-111.8412173,33.3117903,-111.8412173],[149,11]
u5Gw19sNuQ2YiL7Mt9Nvcw,33.498915,-111.928258,1,[33.498915,-111.928258,33.498915,-111.928258],[26,11]
PDNQ2tOM42mBankQlPlUYg,33.4219869,-111.9366872,5,[33.4219869,-111.9366872,33.4219869,-111.9366872],[33,11]
tidfQ8AekcQ4bO3PDSspRw,33.4862787,-111.9102055,1,[33.4862787,-111.9102055,33.4862787,-111.9102055],[11,27,63]
l4eVh0StI26RJYkG0eyS_Q,33.4432464,-112.00458545000001,34,[33.3775027,-112.0815899,33.5089901,-111.927581],[265,11,6,21]
9QxffjUW7fKDSphfxQpvOA,33.4360415,-111.9956337,1,[33.4360415,-111.9956337,33.4360415,-111.9956337],[28,240,241]
vSFiOB9jkcclKBVvyU68Jg,33.45141595,-112.07154935,5,[33.4471735,-112.073781,33.4556584,-112.0693177],[48,11,119,201,24,38,181,39,40]
J0YRnwj3SUagi7jh6AwkCQ,33.465368,-112.072134,1,[33.465368,-112.072134,33.465368,-112.072134],[7,108]
z-qiYL3dTVpTN4tLFJSgRQ,33.50885975,-112.05527814999999,4,[33.4657059,-112.0999471,33.5520136,-112.0106092],[251,11]
waxA8F5IsjCuukTt1vSdpQ,33.637775,-111.926212,1,[33.637775,-111.926212,33.637775,-111.926212],[11,63]
ZGxBF0YB24tRhTDW8dRxJw,33.538748,-112.064759,5,[33.538748,-112.064759,33.538748,-112.064759],[99,26,11]
7ogfoLWwnurd0LZMFbXS7g,33.5386441,-112.0986063,1,[33.5386441,-112.0986063,33.5386441,-112.0986063],[26,11]
Gq95qucp-m0x2YgqOmbhaQ,33.48520795,-111.9509208,8,[33.331946,-111.980062,33.6384699,-111.9217796],[26,11]
Qo_0XgIean_3Egoh7twKdg,33.4483606,-111.9866864,200,[33.4483606,-111.9866864,33.4483606,-111.9866864],[28,17,29]
mpbnZq1Gj-WT_Xh0TZvH1w,33.385545,-111.96709390000001,81,[33.2618144,-112.0739136,33.5092756,-111.8602742],[48,11,26,177,309,285]
gQ05RKPIvVBbs3PnYZP-ig,33.476252,-112.0651481,11,[33.476252,-112.0651481,33.476252,-112.0651481],[357,39]
78j-wofR9vQKepg6Giv0gg,33.491645,-112.073196,9,[33.491645,-112.073196,33.491645,-112.073196],[38,140,39,40,48,11]
ej0PfnWbej7xKaLyJg6E-w,33.3883272,-111.63649565,15,[33.3580003,-111.8052763,33.4186541,-111.467715],[99,11,63,27]
8oLgCTUOLnPF01GZwkvW4g,33.5834744,-111.93412090000001,9,[33.5388471,-111.9770187,33.6281017,-111.8912231],[88,38,39,298,11,7,33,44,142,47,48,307,127]
sqdzk6j5js25-uC0v3IXIQ,33.5560975,-111.99872454999999,49,[33.472853,-112.0727251,33.639342,-111.924724],[48,11,28,17,29,99]
qvtXFIw1ZEOVBoO9rijzKA,33.408867650000005,-111.9700843,9,[33.3060616,-112.0653185,33.5116737,-111.8748501],[7,313,142,74,24,11,210]
y0joePW8ZsL6bOQLCWAt5Q,33.4949678,-111.9241443,3,[33.4949678,-111.9241443,33.4949678,-111.9241443],[11,63]
afecR6ubi3b8vArFduisvA,33.6054201,-111.7630419,2,[33.6054201,-111.7630419,33.6054201,-111.7630419],[109,38,48,39,11]
p6Os13EIOkUOUK5pzd0-ag,33.6414005,-112.07937685,10,[33.5839581,-112.1798866,33.6988429,-111.9788671],[7,9,105,65,44,11,212,26,182,218,307,27,24,138,139,140,177,292,10,98]
VtQ2U09DHjoIbWkOcGnZ5Q,33.5025941,-111.9296765,1,[33.5025941,-111.9296765,33.5025941,-111.9296765],[132,105,65]
bfB_ZBNtCjTN5phWpuB1VA,33.6049318,-111.977799,1,[33.6049318,-111.977799,33.6049318,-111.977799],[26,11]
sjRODT5SjI3dDG42caZq5g,33.492985,-112.286067,4,[33.492985,-112.286067,33.492985,-112.286067],[181,11]
wKYXKmgtHDLt_TUe183XBg,33.6535262,-111.9253098,1,[33.6535262,-111.9253098,33.6535262,-111.9253098],[6,35,76]
IZ0QPjvhqbZg7pgONwYoXg,33.486605600000004,-112.07765945,17,[33.4492272,-112.1091081,33.523984,-112.0462108],[265,11,26,7,292,24,185,27,109,38,48,39,177,140,63,224,43]
clWfsHVPgeSEusg-W6ybVg,33.47596876162065,-111.926574398636,2,[33.473323,-111.926648,33.4786145232413,-111.926500797272],[72,390,4,5,6]
t27P5K1Dhj-1NGsmQhXD8A,33.4329724,-111.9043028,17,[33.4329724,-111.9043028,33.4329724,-111.9043028],[7,194]
Ncu9PhY0HCKkYkQntuUENw,33.407561,-111.9475246,1,[33.407561,-111.9475246,33.407561,-111.9475246],[88,38,99,39,11]
O4AFqy0d3v2LlJ31Z0khiA,33.4080992,-111.9265781,2,[33.4080992,-111.9265781,33.4080992,-111.9265781],[84,147]
LqVbNZPV_MWvBnQKElcnLQ,33.5326164,-111.98399925,5,[33.4354553,-112.0805886,33.6297775,-111.8874099],[309,285,11,33,117,48,109,38,39,63,24,172]
wM7nF03ikrkeGyfA4Bv6BA,33.3473259,-111.9631291,1,[33.3473259,-111.9631291,33.3473259,-111.9631291],[38,99,273,39,128,11]
rh1I141ZLTavLBXq9I7OMA,33.452420555043005,-111.92227199999999,39,[33.348763010086,-111.96968,33.5560781,-111.874864],[39,38,126,97,11,128,26,99,24,127,260,265,33,119,62,17,224]
QXL5MwtGZ9SL1oaWShyupA,33.3847552,-112.0129013,24,[33.3847552,-112.0129013,33.3847552,-112.0129013],[49,158,178,28]
lWnfftrLaqkPRBEolYTgxw,33.5394005033294,-111.924451589584,100,[33.5394005033294,-111.924451589584,33.5394005033294,-111.924451589584],[168,97,11]
YYoBUH9Tiltj63baAcPoqQ,33.47452835,-112.024548557095,56,[33.439648,-112.0741625,33.5094087,-111.97493461419],[265,11,168,99,88,7,38,47,39,109,48,26]
p8pBnwn_xifwWZPrfwSlcg,33.50435105,-112.07196350000001,2,[33.49112,-112.079081,33.5175821,-112.064846],[98,7,28,17,29]
zenP5QchXmY7Ukqq-2rj0A,33.415738000000005,-111.9302465,13,[33.40793,-111.937394,33.423546,-111.923099],[101,38,39,11,48]
yCkCAU14SOgQQML19CCZfg,33.798477,-112.066857,1,[33.798477,-112.066857,33.798477,-112.066857],[32,203,90]
htfuocBukEcmQEjFUeK6Vg,33.4369904,-111.93991525,50,[33.4131763,-111.9533039,33.4608045,-111.9265266],[57,470,145,39,38,7,47,48,128,11,33,119,99,27]
FERqU5mwH5FE_8-ZfIPS_g,33.652158,-112.257284,2,[33.652158,-112.257284,33.652158,-112.257284],[11]
7SWDr3kipXQFAhbWOZOegQ,33.483135,-111.935754,2,[33.483135,-111.935754,33.483135,-111.935754],[17,62]
zqfNAOCE1s_z-21Qs1wdeQ,33.4758815,-112.0128674,7,[33.313774,-112.2712148,33.637989,-111.75452],[44,27,11,38,26,39,224,33,99]
wJkwhqGLENHIDHWlqYXfIw,33.4537869019623,-111.927165985107,5,[33.4537869019623,-111.927165985107,33.4537869019623,-111.927165985107],[182,172,11]
BwtnzOrDyYuUboYECbeXlA,33.509984,-112.083543,1,[33.509984,-112.083543,33.509984,-112.083543],[97,11]
ri5bflwPmUT7hvGpmkqqqg,33.3779891872164,-111.689758300781,37,[33.3779891872164,-111.689758300781,33.3779891872164,-111.689758300781],[224,11]
6h7IRAuyjGNYQtESoNiI-Q,33.501317799999995,-112.12823309999999,38,[33.446715,-112.357469,33.5559206,-111.8989972],[382,11,28,17,29]
Tfe5ceT1O3tI2ONmapwYvg,33.462136,-111.97819960000001,200,[33.43475,-112.031501,33.489522,-111.9248982],[28,170,17,29,26,11,265,185,33,44]
JJj8rilpoB72Yt_MeRlPSA,33.691334499999996,-112.0117611,16,[33.5821293,-112.1299404,33.8005397,-111.8935818],[185,11,33]
bNdlR6bzOkOftBW7zDwxXQ,33.46810825,-111.85764225,16,[33.3490394,-111.9318345,33.5871771,-111.78345],[27,11,33,26,99,126,57,69,38,48,39,212,43]
Bpnfl_wZhPdDxfxq1WliGw,33.63520355,-111.91957435,7,[33.6241241,-111.9307637,33.646283,-111.908385],[28,17,29,168,265,11]
ALysT3oGatOgP9mY4BP4mA,33.514027,-111.92487,18,[33.514027,-111.92487,33.514027,-111.92487],[28,17,29]
ZcSdRy9IKErskpTJHoNqHA,33.5382586,-112.0571061,1,[33.5382586,-112.0571061,33.5382586,-112.0571061],[27,11]
UfMHoQ4lic1aCkXFa4TxlA,33.56200545,-112.16727800000001,6,[33.4689059,-112.421519,33.655105,-111.913037],[206,11,38,293,128,205,39,67,68,101,126,97,84,147]
tul2XEvHlPMSCq3gT9f2Bw,33.378303527832,-111.906135559082,1,[33.378303527832,-111.906135559082,33.378303527832,-111.906135559082],[26,11]
yw7_Ba6yRFkK92_srFj97w,33.463461699999996,-112.06284215,200,[33.4481291,-112.0778758,33.4787943,-112.0478085],[26,11,177]
envV6gVZ5UlNmkSrYhEFog,33.3059969,-111.88516,2,[33.3059969,-111.88516,33.3059969,-111.88516],[26,11]
0HBf54JUFvECMs7IjaZJYQ,33.5245688,-111.9497159,5,[33.5100398,-112.0146407,33.5390978,-111.8847911],[7,313,26,11,33,38,39]
k1DM5QGe3c_K1sOmh5lQXQ,33.4798731,-112.0464343,101,[33.4495394,-112.0656645,33.5102068,-112.0272041],[7,449,97,11,99]
iDfllpq-4uqhpZlrTUKbUw,33.4787943,-112.0478085,3,[33.4787943,-112.0478085,33.4787943,-112.0478085],[26,11]
rw2tZVTK9lcgglbB1cx0YQ,33.52796,-112.2641158,80,[33.52796,-112.2641158,33.52796,-112.2641158],[57,327]
1v0vPeXGZtZLL8tALJT-MQ,33.5373972,-111.9085377,20,[33.5373972,-111.9085377,33.5373972,-111.9085377],[4,13,6,160]
uJbcIxvLBIkSJ_423Ef54Q,33.6387117,-112.3545788,1,[33.6387117,-112.3545788,33.6387117,-112.3545788],[96,72]
L273poif3-BcYA-hPx2CvA,33.3350308,-111.877431,1,[33.3350308,-111.877431,33.3350308,-111.877431],[126,97,11]
bNrIzXYYphaKdx2KG481qQ,33.4220339,-111.9249463,2,[33.4220339,-111.9249463,33.4220339,-111.9249463],[54,317]
W78ZEYuA6U_-gpMiIRwtag,33.4258484,-111.909031,4,[33.4258484,-111.909031,33.4258484,-111.909031],[136,17]
wBR79W688GHHVsZWF3dBqw,33.5095915,-112.01206785,12,[33.383123,-112.0998877,33.63606,-111.924248],[181,11,99,57,7,36,69,91,265,26,63]
K2vo2qq24sXfSQ8YVWJsyA,33.5526442,-112.0571921,4,[33.5526442,-112.0571921,33.5526442,-112.0571921],[26,11]
DQH4koh0EVZLDrre5PLDJg,33.50830515,-112.00831149999999,11,[33.4217923,-112.065439,33.594818,-111.951184],[210,11,63,99,177,119,38,48,39,98,7,24,26,161,195,65]
E6rPuzx1ampy7DYvYtVdog,33.52429705,-111.97778654999999,12,[33.5025941,-112.0258966,33.546,-111.9296765],[310,32,252,7,108,127,11,26,99,126]
opSiih7I4YHF9n0TfvO83w,33.495018,-111.975898,1,[33.495018,-111.975898,33.495018,-111.975898],[7,47,48,11]
R7XtOWCTIh-VzdVDu9iYmA,33.60767176660555,-111.9778640618605,3,[33.566109,-112.031246423721,33.6492345332111,-111.9244817],[49,50,52,7,292,338,206,11]
qTC5cwFBxbsUzjKLHeootg,33.5016589,-112.04725,2,[33.5016589,-112.04725,33.5016589,-112.04725],[119,120,11]
ISZXU3ZxqbCT0opbtMsb8w,33.3149851,-111.7535852,7,[33.280312,-111.8212381,33.3496582,-111.6859323],[7,142,126,48,11,194,26]
tf-NG3MKHaFMxXzUnTVgqg,33.5674471,-112.1073361,1,[33.5674471,-112.1073361,33.5674471,-112.1073361],[19,20,23]
r-13Jxw6t2DOifh7Yh9KrA,33.5037502,-112.0652702,1,[33.5037502,-112.0652702,33.5037502,-112.0652702],[71,72]
J9Ax6c3XDFMAXBeX0E4iXw,33.4953972,-112.0010971,1,[33.4953972,-112.0010971,33.4953972,-112.0010971],[7,162,119,11]
hYLnqI_AgheevIjM5ksibA,33.4609306,-112.3375538,1,[33.4609306,-112.3375538,33.4609306,-112.3375538],[129,175,332,278,79]
AO1XAxmIKW-kNirYTgf9xg,33.34845103893415,-111.8728075,11,[33.2454981778683,-111.973603,33.4514039,-111.772012],[7,26,11,185,139,108,142,375,96,72]
FWOkELL9N54INaz3NB0IxA,33.54639435,-111.96027855,4,[33.466379,-112.0149771,33.6264097,-111.90558],[84,147,72,287,297,71]
rLdeYWKGw_OMNHDEXG8pHQ,33.5092185,-112.0467405,1,[33.5092185,-112.0467405,33.5092185,-112.0467405],[38,119,109,39,11,24]
cli_7sdivtwGn8-wdxbPsg,33.3216034,-111.9626175,192,[33.3216034,-111.9626175,33.3216034,-111.9626175],[63,27,11]
tBkuKR6UDj-XkgtXoTANZg,33.447567,-111.926971,200,[33.447567,-111.926971,33.447567,-111.926971],[28,17,29]
h_gopaLFyHShSrjB84JrwQ,33.30287890405795,-111.75555159999999,27,[33.2125748081159,-111.8976622,33.393183,-111.613441],[72,287,117,11,7,47,48,27,227,32,10,24,39,38,99,128,33,185,229,26]
hhgCa0khP-B55KhvV9-NQw,33.6368483,-112.393769,1,[33.6368483,-112.393769,33.6368483,-112.393769],[71,72,73]
o0wwhdz8-qQNZ4kdp3-QXQ,33.4886683,-112.0830714,6,[33.4886683,-112.0830714,33.4886683,-112.0830714],[65,133]
eGDwHHh-pIwshGNRVzMUDQ,33.490679,-112.013159,17,[33.449233,-112.065458,33.532125,-111.96086],[27,11,48]
zTVY2kTU9wj5aFk9kIbkKA,33.5102803,-112.0720329,3,[33.5102803,-112.0720329,33.5102803,-112.0720329],[351,57,39]
XYytM-q2UFVyQxqbO0KmRA,33.4922985,-111.9245517,69,[33.4922985,-111.9245517,33.4922985,-111.9245517],[210,11]
lUSbjjTl8hdxu8_UXt_3AQ,33.4719589,-112.0649208,2,[33.4719589,-112.0649208,33.4719589,-112.0649208],[251,11]
2g0ME-MMc_xYNYGbrePMBw,33.480435344079,-112.00632350000001,8,[33.4471735,-112.079081,33.513697188158,-111.933566],[38,99,39,40,48,11,88,298,26,181,27]
rRVzKWAcHONxKqkXktj7xg,33.69598645,-112.0709324,16,[33.6789932,-112.1117351,33.7129797,-112.0301297],[307,212,43,11,65,167,133]
WPu-8tXSz26VVr4T3KR6xw,33.4495394,-112.0656645,1,[33.4495394,-112.0656645,33.4495394,-112.0656645],[7,449,97,11]
E_8aJDfzdOGzGtJ5e5PLgw,33.5024987,-111.9258947,200,[33.5024987,-111.9258947,33.5024987,-111.9258947],[7,292]
DDFmbJJkKJDoFrFCoJ2lDw,33.626933,-112.100731,9,[33.626933,-112.100731,33.626933,-112.100731],[212,26,11]
Wfl20o8-0ZLzIvnP548utw,33.51901495,-111.95536505000001,40,[33.420571,-112.0272041,33.6174589,-111.883526],[109,38,11,39,63,48,7,142,119,99,168,298,88,8,27]
FvT6mW6zMU6V_6hZJ7lg3g,33.52194605,-111.99982975,2,[33.4787939,-112.0737503,33.5650982,-111.9259092],[109,38,210,39,11,309,119,285]
MGQD867Ozv_PxzzYB93YCw,32.8794202,-111.7523371,9,[32.8794202,-111.7523371,32.8794202,-111.7523371],[11,27,307,63]
iKpCud6alA_4B4hUErGyzA,33.407561,-111.9475246,92,[33.407561,-111.9475246,33.407561,-111.9475246],[88,38,99,39,11]
aWhLF3LpMk4BjdFWGahCzA,33.5058637,-112.0322126,5,[33.5058637,-112.0322126,33.5058637,-112.0322126],[28,17,29]
Tz9vaxf98pQqjVP6z4uSzQ,33.4991225,-112.34567695,9,[33.461736,-112.3585329,33.536509,-112.332821],[192,11,10,27,119,120,218,169,224]
dnAP29UAGs_MIPGXFJUlGw,33.8273269,-111.924099,17,[33.8273269,-111.924099,33.8273269,-111.924099],[11,307,63]
AYf-QAlhAn0DmC4yjLdc2A,33.4267258671265,-111.98916847351501,49,[33.407162534253,-112.0686882,33.4462892,-111.90964874703],[38,128,39,117,11]
qltgvF9T14PALwgVh2WAmg,33.54127495,-112.058404,46,[33.502191,-112.120516,33.5803589,-111.996292],[26,11,109,38,39,63,41,42,43]
ENKwDOQ7PBEBMYHxRzgHQw,33.5840123,-111.9223917,1,[33.5840123,-111.9223917,33.5840123,-111.9223917],[182,48,140,11]
92lTdtvwzhS1HmcLOqEE1Q,33.4214126082706,-111.942980289459,1,[33.4214126082706,-111.942980289459,33.4214126082706,-111.942980289459],[7,108]
h73iXWYFNWIASWstf7w39w,33.336677,-111.856635,73,[33.336677,-111.856635,33.336677,-111.856635],[63,27,11]
N1SJp0yBQoAxxTMAhNZQCQ,33.505647,-112.0736613,2,[33.505647,-112.0736613,33.505647,-112.0736613],[14,15,6]
ZzxZZksMVxeOGcGfEFbfUw,33.4820897,-112.03004680000001,10,[33.4401954,-112.0824166,33.523984,-111.977677],[27,11,38,119,109,39,24,26,185,7,8,168,144,265]
OnxPSIEZ-xDtukOPc5pm1g,33.428589,-111.962879,3,[33.428589,-111.962879,33.428589,-111.962879],[28,17,29]
yvH0VHc9Uo7wxZ0vZELwEw,33.432923,-111.94889945,200,[33.373465,-111.971852,33.492381,-111.9259469],[265,48,11,158,28]
wweb6k4z_EK2A5HBOvWgBQ,33.4865662,-112.04671535,5,[33.4652484,-112.0476957,33.507884,-112.045735],[97,11,26]
U4xu9JpMj8Sf49hT6Jn99w,33.464013449999996,-111.9956836,3,[33.449233,-112.065458,33.4787939,-111.9259092],[7,138,139,27,11]
Ey3VjXX9CTwyY-KXysbBUw,33.5334345,-112.09778785,20,[33.503024,-112.1830859,33.563845,-112.0124898],[212,63,97,11,311,48,26,219,218,41,44,248,249,6,15,88,7,38,47,39,43,129,78,278,79,27,36,99]
8U2UZ5tx2056oYYcvIFxJg,33.5557353,-111.8988152,1,[33.5557353,-111.8988152,33.5557353,-111.8988152],[48,11]
WQhir6W_3n8yy_0z2VCOfA,33.36463241637155,-111.8395204,11,[33.305824,-111.991311,33.4234408327431,-111.6877298],[26,11,98,7,24,109,38,27,39,292,99,48,88]
fUVwTe21Ez1tgzkhrhGaLQ,33.42416199816305,-111.870916767456,3,[33.413158,-111.875779,33.4351659963261,-111.866054534912],[26,11,224]
rMmsDx0VB2onSrAj3qnI5Q,33.568259749999996,-112.039348,51,[33.336569,-112.187126,33.7999505,-111.89157],[101,38,39,44,285,296,11,99,128,202,72,64,123,65,96,7,292,10,98,27,26,120,57,228,9,119,24,63,15,25,6,145,439,41,43,97,8]
CFLa605jVSWuUGc3ogRDhw,33.281017,-111.706137,2,[33.281017,-111.706137,33.281017,-111.706137],[32,90]
M2E4bX9IQ2ZG7ZkX0DZW0A,33.6396455,-112.24203804999999,2,[33.639403,-112.3040101,33.639888,-112.180066],[63,27,307,11,338,382,206]
iU1VdX3CD5WSQqvVbY8dKw,33.464104649999996,-111.9290589,2,[33.4261603,-111.939838,33.502049,-111.9182798],[38,11,99,128,39,74,27]
TjiBtYwsQ36bZBywCZ9n2Q,33.467644024170454,-111.819533926332,7,[33.307983735825,-111.894766598404,33.6273043125159,-111.74430125426],[126,11,57,69,48]
5iJIiIErOWhYFrbC5QQ9JA,33.816667550000005,-111.92748184999999,33,[33.802965,-111.9317707,33.8303701,-111.923193],[161,65,48,11]
lNf-VUVsH5mzftjyOKr1Nw,33.4994194,-111.9230318,3,[33.4994194,-111.9230318,33.4994194,-111.9230318],[104,105,65]
TdQCuG2_m1OAqTFvvRUOKQ,33.38571677389635,-111.9673751700135,13,[33.3487055477927,-111.983256340027,33.422728,-111.951494],[88,38,39,89,11,119]
fz_a0N_gYWhe3OmCU_C5lA,33.306097,-111.888162,1,[33.306097,-111.888162,33.306097,-111.888162],[4,6]
guscXBsrouKyoYdk4xL1hQ,33.506542,-112.033322,1,[33.506542,-112.033322,33.506542,-112.033322],[501,54,242]
98m2OHOEX6Z5jQb2lnnl5Q,33.3597885,-111.811755,3,[33.30492,-111.944694,33.414657,-111.678816],[71,72,38,39,11,54,238]
IXves_c7LYInXbYIc1mNdw,33.6119413,-111.9987462,1,[33.6119413,-111.9987462,33.6119413,-111.9987462],[38,145,57,88,39,298,11]
3qwDz30PzhQKU--gNasooQ,33.304775,-111.947948,7,[33.304775,-111.947948,33.304775,-111.947948],[33,11]
eq7yxHvhDiIvBgle3_xdNw,33.3356167,-111.7583655,7,[33.3356167,-111.7583655,33.3356167,-111.7583655],[64,65]
hfr7WBzaFwEUTe27thqmMQ,33.457564250000004,-112.0096342,2,[33.4240085,-112.079081,33.49112,-111.9401874],[33,11,26]
gxlU6In_djr40EbEqflOnQ,33.453184699999994,-111.98828549999999,118,[33.4194512,-112.067833,33.4869182,-111.908738],[39,119,26,38,11,7,108,47,88,48]
VodW352e1lTJbOBqTdiCOw,33.3210491,-111.8605718,1,[33.3210491,-111.8605718,33.3210491,-111.8605718],[168,42,43,11]
HsLlZidVbW9OQAgCi3MUSA,33.4933771,-112.0737118,1,[33.4933771,-112.0737118,33.4933771,-112.0737118],[7,108]
GaEUHXOK8KRxrf9m9bMmUQ,33.457863,-112.068359,1,[33.457863,-112.068359,33.457863,-112.068359],[38,48,39,11]
Xo4i9b1ytYPa2hbNXP_mYQ,33.3811648,-111.98894005,15,[33.304703,-112.0474748,33.4576266,-111.9304053],[185,11,63,27,26,24,140,168]
7v1WVdiAOzubuwalLxZw9w,33.4548476,-112.0800705,3,[33.4548476,-112.0800705,33.4548476,-112.0800705],[63,27,24,11]
vJZtiMtXJL0GHl8AzsKAFg,33.38071705,-111.9928205,26,[33.2491155,-112.1253668,33.5123186,-111.8602742],[177,140,11,119,99,7,142,292,38,26,39,27,48,159,84,32,291,109,63]
LjXYhg2Hp8Z6st31tXw0lw,33.56158775,-111.90976155,5,[33.499504,-111.927891,33.6236715,-111.8916321],[38,48,39,40,11,351,57,327]
koQSh13szbkpiW4hok1xbA,33.628035600000004,-111.8900802,14,[33.620547,-111.9253385,33.6355242,-111.8548219],[48,11,43,38,27,99,39,149,126,40]
tP7M_BPddrcbdBl5Mp6sJA,33.318375,-111.8510393,2,[33.261388,-111.857235,33.375362,-111.8448436],[106,131,65,54,226,195,126,11]
iJ9j-W0plZowGpqpYUFZVw,33.683479,-111.966112,3,[33.683479,-111.966112,33.683479,-111.966112],[48,11,212,229,49,178]
KnJsrBSoL_Rg7-LHsCIAMQ,33.373465,-111.971852,4,[33.373465,-111.971852,33.373465,-111.971852],[158,28]
gcl-qCpouRKl6cIc_c_fqA,33.31622285,-111.87311550000001,14,[33.2181007,-111.913031,33.414345,-111.8332],[224,182,11,119,192,88,38,99,39,10,24,33,43,251,126,62,26,17]
EqZ8nOdMv4uMXxrEhfqBPA,33.2341019292333,-111.789879798889,5,[33.2341019292333,-111.789879798889,33.2341019292333,-111.789879798889],[43,11]
S1qO3r4m-wdIuoE-e5r8UQ,33.579032600000005,-111.9523457,7,[33.4802112,-111.978579,33.677854,-111.9261124],[38,212,41,39,11,57,56,119,99,27]
XPAulp0T0_YqK5JYX-WNwA,33.356405322396995,-111.7454315,6,[33.321061644794,-111.8026941,33.391749,-111.6881689],[11,44,26,99,27]
hLvf2jhy3LK1Je1LBZAcGA,33.56480005,-111.9685058,5,[33.4542695,-112.0275918,33.6753306,-111.9094198],[33,11,168,38,48,39,40]
8qNa8dBsyTuNj4HlGZpHCg,33.425731150000004,-111.9546313,2,[33.211671,-112.2245556,33.6397913,-111.684707],[165,32,95,13,6,115]
Yp8peIOj0YAR-hQfAOE49g,33.444801984944,-112.07211772211,12,[33.444801984944,-112.07211772211,33.444801984944,-112.07211772211],[38,99,39,128,185,11]
-mYBAEd2gLT2vMcFEhIltQ,33.612019,-111.998351,1,[33.612019,-111.998351,33.612019,-111.998351],[71,72]
RMWXk-o0zbZua459V0Y_RA,33.5113508,-112.0629281,12,[33.4549678,-112.0791022,33.5677338,-112.046754],[7,108,44,192,11,33,119,99,30,13,6,78,79]
BsmLSUK_GNBSgAVtIySBpA,33.493284700000004,-112.0649727,198,[33.4772147,-112.0825073,33.5093547,-112.0474381],[224,11,38,128,293,39,33,120,44,74,24,265,27,119]
VLR8niAjL7WtE8pNEt3jOg,33.6841123,-112.1069121,2,[33.6841123,-112.1069121,33.6841123,-112.1069121],[26,11]
Iwh8sLizwohHiHgO9xaS6A,33.6419531,-112.099716,1,[33.6419531,-112.099716,33.6419531,-112.099716],[41,43,11]
v1ntgoANp9xLxf4u5iJR4Q,33.4074496,-111.9249272,2,[33.4074496,-111.9249272,33.4074496,-111.9249272],[99,48,296,11]
tHdsuiif59cMxjneQjOSAg,33.418418,-111.84057,4,[33.418418,-111.84057,33.418418,-111.84057],[38,26,39,11]
AkcH28gYyqArThv7AIsvFA,33.4408385,-111.99377325,19,[33.4240504,-112.0474748,33.4576266,-111.9400717],[168,26,11,38,39]
J4oguWB2tyqBvGJvCBN5hA,33.561708492472,-111.98710886105499,26,[33.444801984944,-112.07211772211,33.678615,-111.9021],[168,99,11,38,39,128,185,48,123,65,7,47,36]
wqZukFjCKiX4MWRupQkEUQ,33.455863,-112.072167,1,[33.455863,-112.072167,33.455863,-112.072167],[212,11]
2W8kTEcYhkSL2yYSyHxOcw,33.4731108,-112.0334553,200,[33.4516361,-112.0689504,33.4945855,-111.9979602],[28,17,29,33,11]
mKeAhFD0BIKPpTA5b4A1VQ,33.344927049999995,-111.81562905,7,[33.31081,-111.8592461,33.3790441,-111.772012],[43,11,27,33]
xHIyBT2iOb4d0ytVMfAzTg,33.542135599999995,-112.21251535,28,[33.449233,-112.364213,33.6350382,-112.0608177],[212,63,97,11,168,181,229,48,109,38,39,126,27,7,108,26,128]
Rh0BILMS3_nx94Fc556Q9A,33.6154401048764,-111.88028800000001,66,[33.585312,-111.9257312,33.6455682097528,-111.8348448],[11,63,28,158,17,29,168,26,127]
yapkgmQcQPz3eYOLzuzhbA,33.6293721,-111.8875733,1,[33.6293721,-111.8875733,33.6293721,-111.8875733],[93,3]
wkc6ChHcNMHDvFUDgZdv_A,33.4765807,-111.9265203,52,[33.4765807,-111.9265203,33.4765807,-111.9265203],[26,11]
KsrdgOiz8Woi1f8CV8sdXQ,33.3625203697692,-111.938183386133,17,[33.3184674,-111.9682552,33.4065733395384,-111.908111572266],[63,48,140,11,109,38,265,39]
7UwxQghvif0x_v8B27cgoA,33.43562,-111.861593,25,[33.43562,-111.861593,33.43562,-111.861593],[28,17,29]
YkafUZz74f5C8ozi5NX73g,33.5118116,-112.03366005000001,200,[33.507557,-112.040116,33.5160662,-112.0272041],[26,11,161,28,65,17,29,48]
yWlBFfoEhPTWnUXylnd9Fg,33.3666012806817,-111.721199154854,1,[33.3666012806817,-111.721199154854,33.3666012806817,-111.721199154854],[119,201,11]
Y3Vgw7dnISeWMHWZMY0JXQ,33.631362300000006,-112.0698747,200,[33.6230412,-112.219969,33.6396834,-111.9197804],[182,48,140,11,28,190]
ucQcPpsM1M_83f3cj88u5Q,33.5061989,-112.01174805,95,[33.502191,-112.0272041,33.5102068,-111.996292],[109,38,11,39,63,48]
