kgMpEnFxZYUPDD8y4Ha_5g,33.305614399999996,-111.85760020000001,3,[33.3046998,-111.872801,33.306529,-111.8423994],[88,38,99,39,11,63]
yI_ggkc3ETVdUXZYbcL13Q,33.6382038313039,-112.363443374634,5,[33.6382038313039,-112.363443374634,33.6382038313039,-112.363443374634],[251,212,11]
mbq8G7okOT-Gm7gFUcVtVA,33.5820498,-111.9307316,1,[33.5820498,-111.9307316,33.5820498,-111.9307316],[78,79]
Q_j8Pe1iMXBtpadazjF-Xg,33.5650982,-112.0737503,8,[33.5650982,-112.0737503,33.5650982,-112.0737503],[109,38,210,39,11]
puGzwne0ytT_m0N7SLvRYA,33.5223216786892,-112.08585615,8,[33.4566960573784,-112.1246893,33.5879473,-112.047023],[168,169,11,12,13,6,38,140,39,40,48,27,63,24,119,99,128]
-Dc9up-WyQ6XrYTjmL3GaQ,33.436484199999995,-111.9494736,17,[33.3545993,-112.1091081,33.5183691,-111.7898391],[7,8,48,11,108,182,140,119,99,202,72,49,193,80,59,26,126,97,63,27]
eKTZv1upkNLR5X2HSNd1fA,33.3350458,-111.877429,47,[33.3350458,-111.877429,33.3350458,-111.877429],[168,42,43,11]
AcMeEdoiem89dOmLuwFEiQ,33.5023577,-111.9266047,8,[33.5023577,-111.9266047,33.5023577,-111.9266047],[57,306]
LcWp2WChE9HpqdMEM8D2VQ,33.55234711209025,-112.0492082,119,[33.413158,-112.2226374,33.6915362241805,-111.875779],[168,169,11,126,109,38,48,39,49,193,59,63,7,142,108,17,62,251,27,24,138,8,139,43,98,210,52,119,182,194,172,140,137]
59GQT0UvSF9ZXJStQx90-Q,33.327007,-111.8588225,3,[33.319395,-111.874965,33.334619,-111.84268],[26,11,340,201]
L7TXz5A41SZLX-nM7KCNeQ,33.365006,-111.736718,3,[33.365006,-111.736718,33.365006,-111.736718],[106,54]
li-fCy4vpoVXCMwKW_B5yQ,33.5557353,-111.8988152,2,[33.5557353,-111.8988152,33.5557353,-111.8988152],[48,11]
JGLSr6RHz4XNujyDlbqJUA,33.499504,-111.927891,2,[33.499504,-111.927891,33.499504,-111.927891],[48,24,11]
wtUoL4HryCAGEiCx6hf4eA,33.50518675,-112.00059035,13,[33.4643735,-112.0736348,33.546,-111.9275459],[149,11,7,24,47,27,265,33,38,39,365,137,139,307,26]
hPJ96UOLgMAMV-cP-3FJ0A,33.4609909,-111.8870255,5,[33.3022462,-111.897967,33.6197356,-111.876084],[48,126,11,28,17,18,29,98,7,119,24]
vZY9J4QUNDeM23majM4nkA,33.419211849999996,-111.93208039999999,16,[33.4148777,-111.951494,33.423546,-111.9126668],[38,7,47,88,39,48,11,60,6,89,182,140,8,109,27,192]
JkIl1w-jg2RVw5oQTKBaDQ,33.623019,-111.875449,193,[33.623019,-111.875449,33.623019,-111.875449],[43,11]
r1xuJqw7ZLzRwU8zsJ2dgQ,33.4516361,-111.9979602,25,[33.4516361,-111.9979602,33.4516361,-111.9979602],[28,17,29]
WFPRtpAW8dO8kq7ArRU_hA,33.6556844,-111.9300279,6,[33.6556844,-111.9300279,33.6556844,-111.9300279],[99,11]
2DgXCQmY1gUp9wjjHPiAwQ,33.4587919,-112.0715044,1,[33.4587919,-112.0715044,33.4587919,-112.0715044],[57,145,38,39,40,48,11]
GxBZ0Iursgajj5ZPdQRa9g,33.422728,-111.951494,3,[33.422728,-111.951494,33.422728,-111.951494],[88,38,39,89,11]
PU3xANVhO_mMWHYRMFPJfw,33.5019519,-111.9514403,64,[33.5019519,-111.9514403,33.5019519,-111.9514403],[265,11]
7aL6XWBInqZxDY8otQwWFw,33.4776670863545,-112.05590565,29,[33.303233,-112.2692793,33.652101172709,-111.842532],[7,27,48,47,11,63,119,149,8,43,212,361,57,69,33,292,99,10,142,26]
eS4IYa697RJUQT3Lckny-Q,33.461264299999996,-112.1723844,4,[33.4584286,-112.273257,33.4641,-112.0715118],[14,15,6,33,11]
el_BsZHqhCZK_VG27TyPBA,33.50939285,-112.050156075065,72,[33.3057949,-112.263862,33.7129908,-111.83645015013],[43,11,48,185,285,168,26,212,361,119,99,33,117,27,24,120,63,309,39,38,296,88,89,7,108,229,177,265,483,44,104,161,195,65,142,126]
X_pbISr2CViqzNblNeMahg,33.765766,-111.98307,2,[33.765766,-111.98307,33.765766,-111.98307],[308,54]
tW8dzMV7gvrzEPZSHCuUKg,33.502521099999996,-111.8763107,2,[33.37831,-111.8912034,33.6267322,-111.861418],[224,11]
AZ3CEi17qM2kKJEmvrMOCA,33.3196893471554,-111.956861492615,9,[33.3187306943108,-111.970335,33.320648,-111.94338798523],[43,11,289,6,35]
96yd8bgIpIohES5Kh5_GjA,33.4788994,-112.2849558,12,[33.464303,-112.2935356,33.4934958,-112.276376],[38,99,33,39,128,11,96,72]
weVZEWMyGhtbDdMGfrzWDQ,33.393695,-111.816501,3,[33.393695,-111.816501,33.393695,-111.816501],[72,269]
mOkjpDKjmcyO6W6CmabfIA,33.451656,-112.063099,7,[33.451656,-112.063099,33.451656,-112.063099],[28,17,29]
7TwMwFzG14wonFr5kmazsw,33.477178,-111.925799,2,[33.477178,-111.925799,33.477178,-111.925799],[119,48,24,11]
uP6M2Cco80FYCnFzKeO6gg,33.501821,-111.919938,1,[33.501821,-111.919938,33.501821,-111.919938],[265,185,11]
xjUOiQhVsKgqIa_99SRHdw,33.39982371510485,-112.04694570000001,28,[33.2976955302097,-112.340385,33.5019519,-111.7535064],[24,11,475,10,38,145,57,101,39,40,7,98,9,54,55,122,292,182,218,63,27,351,206,149,138,8,139,251,43,47,48,185,6,204,65,224]
3exOZ7SZLZP4U8UWMRZcxg,33.4735222,-112.3922365,7,[33.4735222,-112.3922365,33.4735222,-112.3922365],[65,133]
qt17gMO0jS5O6X7D2Ikc9A,33.3547012,-111.7897898,1,[33.3547012,-111.7897898,33.3547012,-111.7897898],[7,108,48,11]
paThdtYPN_AyJz8100lEoA,33.422728,-111.951494,12,[33.422728,-111.951494,33.422728,-111.951494],[88,38,39,89,11]
pS5SY-at5K5Kjcoj7TxF8g,33.459487550000006,-112.12044499999999,29,[33.348162,-112.2610692,33.5708131,-111.9798208],[26,11,57,69,99,64,65,33,120,27,63,119,38,39,145,202,72,10,24,182,48,140,128,293,97,265,296]
N3whA3mh-zo6QPI3NyAJ-w,33.38871565,-111.96569275,4,[33.2762703,-112.056065,33.501161,-111.8753205],[48,11,99,206]
NPGqVbQB0XsnrgS799bISA,33.5612589,-112.1156244,146,[33.5612589,-112.1156244,33.5612589,-112.1156244],[48,185,11]
tBCa01zqIDxttls8Io7Zqg,33.436772899999994,-112.0071527,4,[33.426368,-112.0744503,33.4471778,-111.9398551],[49,38,39,128,341,88,298,11]
QGIeM5CkBFZM6ACk7QgQEw,33.4482453,-112.0712573,2,[33.4482453,-112.0712573,33.4482453,-112.0712573],[84,124,125]
PX5HXOpSYE-eWOBeZHVUHw,33.4977808,-112.0697308,1,[33.4977808,-112.0697308,33.4977808,-112.0697308],[49,52]
_c7M-D-VEhMSMnPceXquQg,33.4354553,-112.0739136,3,[33.4354553,-112.0739136,33.4354553,-112.0739136],[309,285,11]
DXqq0O3ZIPDT7P1yDUnzgA,33.5612589,-112.1156244,1,[33.5612589,-112.1156244,33.5612589,-112.1156244],[48,185,11]
8EqtxOnG0j0BwKpSDwDHbA,33.479417,-112.0781475,3,[33.466112,-112.082949,33.492722,-112.073346],[26,11,44,212]
o5N3td4Ze4qh2Dkp_Q35-A,33.305824,-111.991311,3,[33.305824,-111.991311,33.305824,-111.991311],[26,11]
K89kiVgIQYkuzoQHKO4hPg,33.4315119,-112.0561119,17,[33.4315119,-112.0561119,33.4315119,-112.0561119],[26,11]
PsJ5idXpzmLRcbn2yGlsdw,33.3350531,-111.9445728,1,[33.3350531,-111.9445728,33.3350531,-111.9445728],[27,11]
dLCeJ5ybjfAL05qNsgzFKQ,33.714252,-112.095326,1,[33.714252,-112.095326,33.714252,-112.095326],[112,6,248]
mUUy72UfqmFj_krWclKELw,33.45978315,-111.84287005,181,[33.3021074,-112.083886,33.6174589,-111.6018541],[149,11,7,292,108,24,89,309,285,218,41,224,98,126,6,72,345,35,282,264,177,182,140,192,63,12,114,13,15,191,119,97,99,210,340,138,8,139,49,387,141,251,9,239,48,38,39,40,212,43,142,57,69,33,36]
x33eCupry9w-62ZFeFS8lA,33.534203,-112.2618153,1,[33.534203,-112.2618153,33.534203,-112.2618153],[182,99,11]
Lylx83Unaf1w7Yv-_keHRw,33.597213,-112.03605,5,[33.597213,-112.03605,33.597213,-112.03605],[26,11]
Y7Y58lefWfl1wsMHK5UJLQ,33.4529645286892,-112.0688925684965,14,[33.449233,-112.072327136993,33.4566960573784,-112.065458],[27,11,119]
-PgQBqxIsObTf0B0Kql8Ew,33.499499,-111.927402,5,[33.499499,-111.927402,33.499499,-111.927402],[48,11]
srgZJQvBXkDROhnwKS64rA,33.304416,-111.842609,4,[33.304416,-111.842609,33.304416,-111.842609],[28,17,18,29]
QIubbePZBQwe0De4vWmplA,33.50539345,-112.020817,48,[33.449528,-112.1156244,33.5612589,-111.9260096],[161,28,65,17,29,48,185,11,26]
7r5Sm4qXSeSNXAVGm9CvyA,33.57486435,-112.2151542,7,[33.5094087,-112.361552,33.64032,-112.0687564],[88,7,38,47,39,63,27,11]
xV2exWORSz6egW9Lbwb8SQ,33.4366655,-111.9403254,3,[33.4366655,-111.9403254,33.4366655,-111.9403254],[285,185,11]
kqwgHDLNTi4-1nXViuofXg,33.4296694,-111.8711899,3,[33.4296694,-111.8711899,33.4296694,-111.8711899],[49,80,82,59]
tf2v2rzllRqaaUetvCnJ0Q,33.457863,-112.068359,1,[33.457863,-112.068359,33.457863,-112.068359],[38,48,39,11]
a_oxvsxo8n0c4V4CQuDzrA,33.510874,-111.922424,6,[33.510874,-111.922424,33.510874,-111.922424],[28,17,29]
ZoMj26Jw0XcCOktKjz7Yww,33.3820569,-111.6004205,5,[33.3820569,-111.6004205,33.3820569,-111.6004205],[26,11]
cXJGa60A0T4eiiMY3OFfwg,33.5524587,-111.950890170225,7,[33.449233,-112.065458,33.6556844,-111.83632234045],[27,11,223,48,182,140,251,63]
WSU1d5S2w5YtIkgqN6dgqw,33.3562741,-111.95722635,11,[33.2587342,-112.073239,33.453814,-111.8412137],[7,247,491,68,251,43,11,108,26]
9vU6HUPSRg2p5dO4YZdS_A,33.3911256,-111.8856084573975,14,[33.3051122,-112.047298,33.477139,-111.723918914795],[11,63,7,108,338,98,99,27,71,72,184,297,119,172]
GnFeKJFIDGOme_bHrOi3rw,33.4930084,-111.91732515,10,[33.4869182,-111.9259123,33.4990986,-111.908738],[39,119,26,38,11,265]
Z63UkzjGh91ERnOgamVarw,33.505434431584845,-111.9265195727345,25,[33.5020036165904,-111.928035020828,33.5088652465793,-111.925004124641],[161,28,65,17,29,11,63,168,99]
weAdMEp6K43pdksMQjADEA,33.510874,-111.922424,21,[33.510874,-111.922424,33.510874,-111.922424],[28,17,29]
tOIlt7m2HFuAsm6tv6a7DA,33.466112,-111.917542,4,[33.466112,-111.917542,33.466112,-111.917542],[98,7,307,162,11]
oR0M8DEx0MGnNQdgi1UO5w,33.5006532,-112.0739689,1,[33.5006532,-112.0739689,33.5006532,-112.0739689],[27,63,24,11]
ZdnLSQLHe7htM9nsX5fTVw,33.5832073,-112.0131291,2,[33.5832073,-112.0131291,33.5832073,-112.0131291],[108,7,119,38,109,39,11]
79-5jv4RrQdNN7fMFZ9LYA,33.5367222,-112.092778,99,[33.43475,-112.179116,33.6386944,-112.00644],[28,17,29,170]
FJdXL4UnHS_qb7Qd2aYLmQ,33.681533,-112.22037,1,[33.681533,-112.22037,33.681533,-112.22037],[53,54,55]
_8BmEheMlHv5FBXN_CVSWw,33.43485735,-112.0323735,6,[33.3022462,-112.1872492,33.5674685,-111.8774978],[322,57,24,11,98,7,201,26]
mzkWqj3R1mxM7ps9bIcFqA,33.292802,-111.760192,2,[33.292802,-111.760192,33.292802,-111.760192],[71,72,297]
P3Nu6aNa54957DGenB4Z4A,33.334605100000005,-111.60992435,3,[33.3019012,-111.7430967,33.367309,-111.476752],[78,79,99,265,185,11]
f_SMM248LRx7TLkkiwRQcw,33.639224,-112.388282,2,[33.639224,-112.388282,33.639224,-112.388282],[26,11]
jdfiORh60zOH7ERQ44WgFA,33.4457775,-111.9720827,10,[33.38003,-112.1045404,33.511525,-111.839625],[26,11,99,185,33,44,27,39,38,128,108,7,24]
dtRq5s3va1ktvVimAnK6sw,33.515264450000004,-112.06128100000001,14,[33.455036,-112.083886,33.5754929,-112.038676],[11,63,7,108,26,140,192,323,119]
UiSujtzbEtiS4Tb9AXAHkg,33.41480095,-112.02766550000001,4,[33.3199509,-112.075703,33.509651,-111.979628],[71,72,7,8,119,11,43]
ZirtwB_QHFUGX_7x02jf5Q,33.469355,-112.07183275,3,[33.457939,-112.09158,33.480771,-112.0520855],[99,43,11,26]
OEukZcu1G3Ij4n41FHjYvg,33.4483771,-112.0740373,41,[33.4483771,-112.0740373,33.4483771,-112.0740373],[26,11]
0mqHhdKEdak_A1FBhFNXqA,33.43421975,-111.88332855,315,[33.0241115,-112.3768048,33.844328,-111.3898523],[7,108,46,6,38,11,39,27,128,63,26,57,145,30,13,265,99,185,129,121,79,189,10,24,8,69,327,91,44,309,119,285,98,45,33,97,120,251,54,317,142,127,322,56,48,40,188,23,221,200,101,141,373,182,41,126,43,229,88,168,72,154,28,17,29,15,191,333,140,148,47,177,103,71,205,298,123,65,258,292,270,282,18,296,181,32,95,222,345,35,264,117,62,212,102,149,96,109,208,130,110,288,84,213,162,293,150,112,151,340,204,49,445,66,52,146,186,12,114,115,190,465,302,1,297,36,51,87,307,372,4,491,68,90,92,202,170,152]
fH1vGTr23h6Z8ZLWqRYpEg,33.5889498005138,-112.035938136193,11,[33.5024095,-112.0966474,33.6754901010276,-111.975228872386],[33,99,44,11,65,133,63,27,210,78,79,15,6,191,7,8,119,17,62,153]
BaSal9SErGybWppdUAyTfQ,33.378062078969,-111.93822637872,2,[33.378062078969,-111.93822637872,33.378062078969,-111.93822637872],[7,108]
97GRnWj7Iv4TXY9OT1E_8Q,33.44365415,-112.0712538,154,[33.4354553,-112.0739136,33.451853,-112.068594],[46,13,6,30,309,285,11]
p3iWYcmR_Ia-Fqy6luV8Eg,33.4382789,-112.0178286,4,[33.4382789,-112.0178286,33.4382789,-112.0178286],[48,27,11]
AMAmIeycvI8ey-P8tBOllQ,33.4483771,-112.0740373,4,[33.4483771,-112.0740373,33.4483771,-112.0740373],[26,11]
iwZ_7QuZ1tzT6pIZmOlDQg,33.470766749999996,-111.930587,110,[33.295555,-112.103575,33.6459785,-111.757599],[265,11,168,38,298,88,39,333,26,44,296,404,451,27,185,446,98,7,24,108,48,33,119,99,63,117,120,8,49,231,210,142,172,144,62,17,140,292,232,74,338,214,206,89,126,97,169,192,201,138,139,323,41,127,474,40,309,162,43,187,10,113,6,423,182,57,306]
GJ_Uj-QZcQbEm5mKAj7eUw,33.613676,-111.96833215000001,10,[33.500545,-112.0835575,33.726807,-111.8531068],[6,70,35,76,26,11,38,39,33,48,78,79,63,99,32,75,77,265,185,119,201]
R-ZXoYYFgg5lptm-N6Y93A,33.365747999999996,-111.743397,4,[33.35338,-111.756758,33.378116,-111.730036],[78,79,104,105,65]
U7GNk26qjfKtVYC4vsJzKw,33.53465178886215,-112.21403213253001,95,[33.4720905777243,-112.39201426506,33.597213,-112.03605],[119,11,26,126]
CWi2e0K7UjDZkIpFxo18Ug,33.335360489257795,-111.8671093999025,3,[33.322668,-111.911544799805,33.3480529785156,-111.822674],[27,11,7,142,292]
5A_PhiRe9-D2RdObFF-I1w,33.6277676,-112.0254179,2,[33.6277676,-112.0254179,33.6277676,-112.0254179],[6,35,76]
6IGNpBGXexcYpqxAk3e5EQ,33.539403300000004,-111.97857435,3,[33.4668722,-112.0299964,33.6119344,-111.9271523],[210,11,267,182,172]
ig01nolSK-iAYXNCWJPDtA,33.5166247,-112.1000188,9,[33.4643554,-112.152056,33.568894,-112.0479816],[28,17,29,41,43,11,99,120,38,33,39,128]
do20ZbWAFj4Ge04WoWMqwA,33.4967748082952,-111.92658850000001,14,[33.491546,-111.92975,33.5020036165904,-111.923427],[109,38,48,39,11,26,168,99]
U-Yla9Hcf94-STbwmZuAAQ,33.58220165,-111.909255545996,20,[33.4922985,-111.928024291992,33.6721048,-111.8904868],[206,11,210,63,109,38,39]
Pb39lTnJ7gloIejoOhY7lA,33.5030129,-112.0039285,2,[33.5030129,-112.0039285,33.5030129,-112.0039285],[195,65]
T0vVdZebDAsYN-UttJKJow,33.479521028689206,-111.9999235684965,200,[33.4566960573784,-112.072327136993,33.502346,-111.92752],[119,11,12,114,13,6]
CP3r67k-D0ro-QHr36_PHQ,33.5229858,-112.0476585,12,[33.5229858,-112.0476585,33.5229858,-112.0476585],[48,11]
ILxnPlGmSetxekgmEi15Rg,33.49956905,-111.98548545,4,[33.3156591,-112.0048589,33.683479,-111.966112],[48,11,382]
M0_BP_ie-zlFGZobbClYaA,33.51967955,-111.913370710414,20,[33.483281,-111.928035020828,33.5560781,-111.8987064],[168,99,11,210,63,27,39,38,26,127]
4cfwFsinU5Bo7xNl3ubu-w,33.4470324,-111.90798955,3,[33.3931315,-111.9398551,33.5009333,-111.876124],[83,6,88,38,39,298,11,99,40]
fQIhLq-j8eeYkxiyytn2HQ,33.5329156568733,-112.159638399649,200,[33.52796,-112.2641158,33.5378713137466,-112.055160999298],[63,27,24,11,57,327]
nViUPjq3kSHqozQ4OvoLQg,33.4930044,-111.9248852,44,[33.4930044,-111.9248852,33.4930044,-111.9248852],[38,48,39,11]
yc7eglxj2j0VSa7FTTG5YA,33.3130362,-111.94176350000001,5,[33.305824,-111.991311,33.3202484,-111.892216],[26,11,7,142,65,133]
f8AMUEk1lpR2zH3O0SUxwQ,33.5972438,-111.92867269999999,10,[33.5825532,-111.9301931,33.6119344,-111.9271523],[267,182,172,11,486]
8cXe3QLZHO8K2Fo5TfOagA,33.4492,-112.0696,4,[33.4492,-112.0696,33.4492,-112.0696],[177,140,11]
BOhAGhRSong60yDZUIxbJg,33.573807999652004,-111.9916319972445,200,[33.479887,-112.0047498,33.667728999304,-111.978514194489],[224,11,126,28,17,29,322,57,39,145]
XvEua_eOQ7mgXu9HPRuTNA,33.422274,-111.925947,1,[33.422274,-111.925947,33.422274,-111.925947],[64,133,65]
we3wNaG0cZujkRpzzKHmuQ,33.45,-112.07,136,[33.45,-112.07,33.45,-112.07],[26,11]
uzeuP7sGm7Ez8TSIVtI9rw,33.408989000000005,-111.7818348,41,[33.32041,-111.963831,33.497568,-111.5998386],[88,38,39,89,11,7,36,27,33,44,119,128,57,69,244,47,48,6,45,99,24,292,142,120,108,298,109,63]
C2s3AUnxsZ9h0r1t98iAeA,33.592624,-112.371176,1,[33.592624,-112.371176,33.592624,-112.371176],[253,32,90]
7Ics_0ZDnVkiBK2lF4jKhw,33.581877,-111.925123,67,[33.581877,-111.925123,33.581877,-111.925123],[27,11]
V6Uww8vUEIsUHntdMWKztw,33.406846,-111.907542,1,[33.406846,-111.907542,33.406846,-111.907542],[218,41,11]
KU8jt6rYvu4vnklKmu-Huw,33.4803718,-112.0727251,11,[33.4803718,-112.0727251,33.4803718,-112.0727251],[28,17,29]
weBPiwvT2a5t-2lRfZjr5w,33.5097768,-111.9957399,2,[33.5097768,-111.9957399,33.5097768,-111.9957399],[38,48,39,11]
_E8bCGlloqFYa-FDVmTMMw,33.545329,-112.043169,4,[33.545329,-112.043169,33.545329,-112.043169],[26,17,18,11]
UF2UB-c_nSLGje1QM0Ug_Q,33.479887,-111.992309,1,[33.479887,-111.992309,33.479887,-111.992309],[224,11]
Z03a3HZzPTI90juTUCndkw,33.5864346,-111.8349734,8,[33.5864346,-111.8349734,33.5864346,-111.8349734],[224,11]
LdNOfhRtrwWkGRmxLgqYQg,33.463063,-112.358704,1,[33.463063,-112.358704,33.463063,-112.358704],[97,11]
HjeIsXfc6ZBq2qczSmuZIA,33.521103499999995,-112.2639095,7,[33.490525,-112.348112,33.551682,-112.179707],[30,8,13,6,7,110,33,11,98]
ZhiR-4RLTFHqkgrxwifCvA,33.498149,-111.9477742,3,[33.4861506,-111.9866292,33.5101474,-111.9089192],[168,99,11,27,63]
PduFjhU5sGbVpNJq8q4uzw,33.4787939,-111.9259092,7,[33.4787939,-111.9259092,33.4787939,-111.9259092],[251,11]
lNr57rHtwk_OI9YbctCTdQ,33.4943192,-112.4464645,4,[33.492737,-112.512882,33.4959014,-112.380047],[38,109,39,63,27,11,352,201,224]
DJxaWuUjzYUWltpOfF_9bw,33.3046998,-111.8423994,1,[33.3046998,-111.8423994,33.3046998,-111.8423994],[11,63]
pCtbytEkz-hpIVJpbqpOwA,33.51646145,-112.09377864999999,5,[33.449233,-112.1339119,33.5836899,-112.0536454],[430,11,26,24,27,63]
LPizY_yWtRRJsoVF6Z_h6Q,33.5054007,-111.94553155,154,[33.477178,-111.9652641,33.5336234,-111.925799],[161,28,65,17,29,119,48,24,11]
JKIDiFJSU68p4A2N5n3sLQ,33.319219,-111.8592813,2,[33.319219,-111.8592813,33.319219,-111.8592813],[224,11]
8qiHEyLDXzEbB9KGTwgyvg,33.47805745,-111.86123004999999,8,[33.385548,-111.96828,33.5705669,-111.7541801],[265,11,126,97]
lBJFGpMHWgUZtZkU1_fspw,33.349753322397,-111.71406805,3,[33.321061644794,-111.7898391,33.378445,-111.638297],[99,11,119]
_QiMEhnlQUvCyFLX3UxCBg,33.47488605,-112.01329000000001,7,[33.378959,-112.101774,33.5708131,-111.924806],[26,11,185,224,251,7,108]
bd1R4VHPC0bogE2kNXZmPw,33.310713750000005,-111.9039248,10,[33.302011,-111.9652346,33.3194165,-111.842615],[109,38,48,39,11,63]
P-l8pDd9emfckMGsrGr-Mw,33.5055126,-112.31406165,3,[33.459292,-112.358844,33.5517332,-112.2692793],[48,11,7,27,47,108]
z88q2MFEWgoxbkgIw8CEoA,33.492737,-112.380047,2,[33.492737,-112.380047,33.492737,-112.380047],[224,11]
4bTEGWFrpAMPyqHCAxwNzQ,33.422728,-111.951494,3,[33.422728,-111.951494,33.422728,-111.951494],[88,38,39,89,11]
ho7cWkUqMs1yu43wMqoheA,33.4504828,-112.0739897,126,[33.4504828,-112.0739897,33.4504828,-112.0739897],[28,17,29]
NBF4fwSPjkhoO_3LJ1ciDA,33.5499526,-112.10021005,20,[33.5095354,-112.1728283,33.5903698,-112.0275918],[33,11,84,6,166,339,129,278,79]
DxvnuxxsFyV9DgKZS8bx8g,33.6693312,-112.2029352,1,[33.6693312,-112.2029352,33.6693312,-112.2029352],[26,11]
YVoYGVIlQpsxmiAFBiltgA,33.6186267,-111.94357455,16,[33.581569,-112.013359,33.6556844,-111.8737901],[61,13,6,85,251,11,163,126,43,7,142,119,201,99,224,24]
v-1gJSDIcgejHeftwp8bCw,33.34146055,-111.7233849,3,[33.3014001,-111.7435648,33.381521,-111.703205],[168,11,63,261,54,55]
b63BRdBj0mokMfl6wknXYg,33.3359104,-111.9080449,1,[33.3359104,-111.9080449,33.3359104,-111.9080449],[11,63]
_1yFoz-elOrMbGAvYeVegA,33.510442,-112.1329,3,[33.510442,-112.1329,33.510442,-112.1329],[84,343]
N-nOnSGkWn8pJTcyZSSR9w,33.4802944,-112.0318284,1,[33.4802944,-112.0318284,33.4802944,-112.0318284],[120,11]
2ur7oma_P58dPgfErokWEg,33.677854,-111.978579,1,[33.677854,-111.978579,33.677854,-111.978579],[7,108,201,119,11]
BSuwgXgHqB9TqiLa4lvMQA,33.4792585286892,-111.9961325684965,72,[33.4566960573784,-112.072327136993,33.501821,-111.919938],[119,11,265,185]
-cFww1UOlvYB_PObFa4DkQ,33.4312297,-111.9023674,3,[33.429487,-111.9043028,33.4329724,-111.900432],[27,11,126,97,7,43]
oGX7GZTNHwd0nKoyE2aHVw,33.4320859998357,-111.864777803421,3,[33.4320859998357,-111.864777803421,33.4320859998357,-111.864777803421],[30,8,13,6,7,110]
PFuPkDFQgVZgTmFUM7pLBA,33.6693312,-112.2029352,2,[33.6693312,-112.2029352,33.6693312,-112.2029352],[26,11]
MHGiosR6LPL88uAEWajkTQ,33.4520178,-112.07863525,2,[33.449188,-112.0800705,33.4548476,-112.0772],[117,214,11,63,27,24]
EaPbAu2q7Om6cXF9bqUG5Q,33.3718275,-111.8989162573975,43,[33.234155,-112.0739136,33.5095,-111.723918914795],[10,24,11,6,155,54,156,63,43,7,108,99,48,36,182,98,292,119,309,285,26,33,117,162,493,142,74,224]
4E1goFkAQIuBuT7OZV_suw,33.378908443519,-112.03530759039,3,[33.266696887038,-112.079081,33.49112,-111.99153418078],[28,29,17,11]
x1c_wZxY1IbXU42JknPDng,33.59266265,-112.11812105,39,[33.5879473,-112.1197753,33.597378,-112.1164668],[41,43,11,168,169]
XG7yZdOUgB-uwpfPLr5JAg,33.4632883,-112.074566,125,[33.449553,-112.075503,33.4770236,-112.073629],[109,38,48,39,11,251]
mxVX_XV09-Q9Oeb4qdcxUg,33.444801984944,-112.07211772211,74,[33.444801984944,-112.07211772211,33.444801984944,-112.07211772211],[38,99,39,128,185,11]
_q7MX1OcxuEucDvrNsF5ew,33.40059425,-111.9162418,12,[33.3358523,-112.0827836,33.4653362,-111.7497],[38,39,265,126,97,11,26,7,36,48,128,24,27,109,119,40]
ZimJam_JdUqVqGFH5Obo4A,33.40029101637155,-111.9514042818865,16,[33.3771412,-111.9631864,33.4234408327431,-111.939622163773],[28,17,29,109,38,27,39,11]
PhHEvRv-BjpBVDCId7urAA,33.683226,-112.092802,94,[33.683226,-112.092802,33.683226,-112.092802],[185,11,7,108]
CXGxOUbKd_LElCKx0YOLcA,33.3927612,-111.9307091,3,[33.3637707,-111.9513564,33.4217517,-111.9100618],[24,11,41,400,43]
uKpmz2-FzP4vFYtk905i0g,33.757516,-111.969733,2,[33.757516,-111.969733,33.757516,-111.969733],[32,90]
Y25OrytPpBAqCgBkzM05XA,33.3782275,-111.9297442,3,[33.3782275,-111.9297442,33.3782275,-111.9297442],[33,11]
5k_Kf1SR5UdeuU4nZIwqfA,33.5378713137466,-112.055160999298,200,[33.5378713137466,-112.055160999298,33.5378713137466,-112.055160999298],[63,27,24,11]
x9tYDzBhNbu-Jf0LB8QB2w,33.4986978,-111.9262675,4,[33.4986978,-111.9262675,33.4986978,-111.9262675],[126,11]
-QsT-5CRP2uDpQdyS7VCZA,33.40747725,-111.88754145,6,[33.3056789,-112.0718179,33.5092756,-111.703265],[48,11,63,224,251,43]
J5KbTg3vfFnl7S2PaRxmfQ,33.3747638,-111.7897112,1,[33.3747638,-111.7897112,33.3747638,-111.7897112],[195,65]
fu-wTfhloAW0WlskqN4JbA,33.4566960573784,-112.072327136993,185,[33.4566960573784,-112.072327136993,33.4566960573784,-112.072327136993],[119,11]
_LxdVv-81bOCpo5asObxIg,33.41558241637155,-111.9462470818865,3,[33.407724,-111.952872,33.4234408327431,-111.939622163773],[229,11,109,38,27,39]
X9wCpesGid6SD3nLF8O-8w,33.320639400000005,-111.79760354999999,6,[33.3057308,-111.907832,33.335548,-111.6873751],[97,11,7,142,265,99]
KjUbpUNmMqOIzmhm8HykIQ,33.56901,-111.888529,1,[33.56901,-111.888529,33.56901,-111.888529],[65,133]
GLwSntMlUtHUYCGFikHVHw,33.393636,-111.98340049999999,4,[33.306501,-112.09158,33.480771,-111.875221],[26,11,99,43,251,123,65]
tsjb0CJI4mes4C4CcSdxDw,33.318868,-111.908947,2,[33.318868,-111.908947,33.318868,-111.908947],[65,133]
mNrdpZFYHOLtYXJcIrKPyw,33.4950947,-111.9292934,83,[33.4950947,-111.9292934,33.4950947,-111.9292934],[168,48,11]
yUajp_09omn-7rl8LYHkVw,33.448854,-111.960757,3,[33.389824,-112.045735,33.507884,-111.875779],[32,95,222,224,11,97]
3_MLhuQYoeRJJPyYDOlh-Q,33.4253394,-111.9398532,5,[33.4253394,-111.9398532,33.4253394,-111.9398532],[465,57,39,145]
JYGg2Rfbv77HhhSknG8skw,33.4876483082952,-111.95502675,6,[33.473293,-111.9847505,33.5020036165904,-111.925303],[71,72,96,73,168,99,11]
hnirQYfI4cjrzSMENyQTWw,33.51503065,-111.9116119,146,[33.3027873,-112.074519,33.727274,-111.7487048],[127,11,169,340,210,99,26,33,44,49,56,57,58,59,28,240,241,32,95,222,109,38,48,39,7,138,8,139,333,15,6,191,80,98,292,279,54,317,192,27,293,101,224,157,103,88,89,21,35,70,76,30,13,108,69,244,36,218,40,63,440,119,445,66,52,486,128,43,182,140,126,24,206,17,29,168,9,10,84,339,68,366,137,212,219]
H91mCcIikwg_ZzOyFy0S2A,33.3285842,-111.91153539999999,2,[33.3090064,-111.9819,33.348162,-111.8411708],[26,11]
xyM-QUPeZCikXjHGHqJdig,33.640637,-111.9086,1,[33.640637,-111.9086,33.640637,-111.9086],[49,178]
Lw2JfTJSlGLJa_qjoeYnbg,32.8795022,-111.7573521,5,[32.8795022,-111.7573521,32.8795022,-111.7573521],[7,108]
Qbi-191fMtAHmoQ2i99Ktg,33.55503905,-111.9252741,33,[33.4922985,-111.9259965,33.6177796,-111.9245517],[210,11,26,7,142]
8Qnty77Wt99stB8YO6d0lA,33.5030129,-112.0039285,8,[33.5030129,-112.0039285,33.5030129,-112.0039285],[195,65]
0Vhjh1g_9MhXZ8Hb_jNiTQ,33.620288,-111.9783,1,[33.620288,-111.9783,33.620288,-111.9783],[54,238]
VsXfHyL2tMt33y4_95dstg,33.494205,-111.931447,6,[33.494205,-111.931447,33.494205,-111.931447],[48,11]
vNTHCRZppCQvx-Rsha9U3Q,33.44563625,-112.1166719,14,[33.3789539,-112.3415576,33.5123186,-111.8917862],[119,99,11,43,26]
8ImiuyrFD7PmJGER8gseFA,33.413158,-111.875779,2,[33.413158,-111.875779,33.413158,-111.875779],[251,11]
IeB9lKH9XcS5FG0Zm51v9w,33.6239133,-111.9251335,4,[33.6239133,-111.9251335,33.6239133,-111.9251335],[6,345,84,346,141,23]
vp4F8hgF1rI6jWRsMTAUhw,33.568585,-112.11582,10,[33.568585,-112.11582,33.568585,-112.11582],[28,17,29]
x7pA1NPK9UOGskaZNuSwfg,33.4718366828515,-112.07297692086999,2,[33.4657394,-112.07352364174,33.477933965703,-112.0724302],[224,11]
c6pqfURDBxIqWhg7HLtCnw,33.4765807,-111.9265203,7,[33.4765807,-111.9265203,33.4765807,-111.9265203],[26,11]
CuzADeE8rkYwiWrIxTsNGg,33.381086363189,-111.91089109864501,29,[33.307325126378,-112.0800705,33.4548476,-111.74171169729],[119,99,11,26,212,126,475,10,63,27,24,7,108,48,89,265,38,128,39,109,185]
FZeEy6gjcwc_kbqWBCs5HQ,33.313094992926,-111.9156719609,5,[33.3059862,-111.9446939218,33.320203785852,-111.88665],[7,108,126,97,11]
ck0Cby3lnLcqmCFcSWOtYg,33.671403,-112.185076,3,[33.671403,-112.185076,33.671403,-112.185076],[27,11]
VouNVxEXX46aPRWWSydrbg,33.640246,-112.229329,2,[33.640246,-112.229329,33.640246,-112.229329],[26,11]
ouN9hCG5xG9t-ymwH4HAFw,33.4930514,-111.9339561,12,[33.4930514,-111.9339561,33.4930514,-111.9339561],[28,17,29]
3DCOC9H7xthNCkDhhr8UIQ,33.5316479,-112.0138015,6,[33.5316479,-112.0138015,33.5316479,-112.0138015],[49,193,59]
ZoiKCnVfSQOAGvRIg_Ykaw,33.49307098642805,-111.95229575,200,[33.4039,-112.064846,33.5822419728561,-111.8397455],[71,72,185,11,10,119,7,98,9]
8Wa3YP41MNGcF0JAlN3Tlg,33.334672872397,-111.85215585739749,34,[33.321061644794,-111.9803928,33.3482841,-111.723918914795],[99,11,28,17,29,177,140]
r7XEHxDrBcgcg6jHvIiZCw,33.61,-112.23,5,[33.61,-112.23,33.61,-112.23],[159,32]
JtcSD7rbhKZiRebP_L-w-Q,33.4516715,-112.0733143,1,[33.4516715,-112.0733143,33.4516715,-112.0733143],[48,11]
HPtPiw-K7yiuoTtDeQiA3Q,33.4767791,-112.07850619999999,4,[33.4591452,-112.0916114,33.494413,-112.065401],[15,16,6,24,11]
CIRBp41HYhMSYvjaVgyYxw,33.683226,-112.092802,2,[33.683226,-112.092802,33.683226,-112.092802],[185,11]
SMUT3W5DKcWhQ4h4AJGyig,33.637989,-112.2712148,8,[33.637989,-112.2712148,33.637989,-112.2712148],[224,11]
mHVYdAz-17RGcites4ImMQ,33.4581958,-112.0676886,1,[33.4581958,-112.0676886,33.4581958,-112.0676886],[38,6,145,186,57,39]
oRPRWzJel4pFBmERDIBMaw,33.470823,-112.232875,9,[33.470823,-112.232875,33.470823,-112.232875],[57,39,145]
XtfUpZj-wLwXCBcYu14LKQ,33.621747,-111.917994,5,[33.621747,-111.917994,33.621747,-111.917994],[28,17,29]
DBSzlm2QE0nYR4FQpdhAtQ,33.4090881,-111.93982595,11,[33.3941258,-111.9401874,33.4240504,-111.9394645],[38,26,39,11,99,101,33,128]
Xo3_QBJa1_rVpSaPi03Wzw,33.471903992472,-111.999410361055,9,[33.444801984944,-112.07211772211,33.499006,-111.926703],[39,212,126,293,11,38,99,128,185]
oW1udr2ah28rE6mtnHsjlg,33.298212,-111.898601,1,[33.298212,-111.898601,33.298212,-111.898601],[185,11]
KFLg5vUZm8TV4deHGzUoMQ,33.3939372,-111.8772849,2,[33.3939372,-111.8772849,33.3939372,-111.8772849],[97,11]
y_8K7UI4p5ulTioI5K1kWQ,33.497110620848304,-112.290109338607,7,[33.4592959416966,-112.395467777214,33.5349253,-112.1847509],[112,6,70,30,8,13,7,110,64,204,65]
QgLP2NPpA423J9O-QK799A,33.5016589,-112.04725,1,[33.5016589,-112.04725,33.5016589,-112.04725],[119,120,11]
5qa1hx5GVHehlBQx0b5gFw,33.5347035,-111.9889762877255,11,[33.390792,-112.073781,33.678615,-111.904171575451],[218,41,323,11,39,38,48,128,112,6,254,119]
I_q8VQP1btWgkyJ-j51NpA,33.8303701,-111.9317707,1,[33.8303701,-111.9317707,33.8303701,-111.9317707],[48,11]
WNeVIjnkqGaJpPDXC2eH_w,33.61073745,-111.973162822273,12,[33.5945419,-112.100731,33.626933,-111.845594644546],[27,11,188,23,212,26]
hB7yr6-HI1keQT29NI9joQ,33.552163,-111.9981946,7,[33.425711,-112.1251993,33.678615,-111.8711899],[97,43,11,49,80,82,59,182,48,7,108,193,28,17,29]
KehsH-jOkQ_Hv8P94s5How,33.45628940098115,-111.9993351925535,2,[33.4537869019623,-112.0715044,33.4587919,-111.927165985107],[182,172,11,57,145,38,39,40,48]
wMwuwNOBLHsy50HKT4fLwQ,33.518224149999995,-112.05594034999999,26,[33.498028,-112.1839297,33.5384203,-111.927951],[352,48,11,27,63]
t6cniYnYdM9uUoW4CXaSzA,33.54722295,-112.009350171017,15,[33.4537841,-112.065436542034,33.6406618,-111.9532638],[141,6,49,368,212,11,57,18,91,17,341,28,29]
UQKqW-_3wvNjcwp0rlgOrw,33.3781193,-111.843534,7,[33.3344463,-111.951184,33.4217923,-111.735884],[43,11,98,7,24,183,65]
xxAWAPJLiFxWINdKLVrUvg,33.400977,-111.9626988,3,[33.394393,-111.977873,33.407561,-111.9475246],[88,38,99,39,11,26]
g0QWJpYSfWKxQiel7gbFuw,33.63256005,-112.0104949,200,[33.43475,-112.1464018,33.8303701,-111.874588],[99,11,48,6,72,345,35,282,264,141,109,38,265,39,57,470,145,28,170,63,27,212,33,44,126,97,7,142,49,447,26,168,119,47]
gmXAUc2LBZGsX_AhnZuR2A,33.422728,-111.951494,19,[33.422728,-111.951494,33.422728,-111.951494],[43,11]
EMTvHhJ4b_jcArPD7U_Hig,33.5879473,-112.1164668,37,[33.5879473,-112.1164668,33.5879473,-112.1164668],[168,169,11]
5WfdgsoDUizrMTyL048-VA,33.6624675,-112.18689,4,[33.6624675,-112.18689,33.6624675,-112.18689],[65,105,369]
uvZsbAUEWQg8OKDl1lZrfA,33.590152,-111.960174,5,[33.590152,-111.960174,33.590152,-111.960174],[49,158,178,28]
Salbq2tXKRIq7_Ok1bgwfg,33.4732683,-112.0649453,3,[33.4732683,-112.0649453,33.4732683,-112.0649453],[7,33,142,24,11]
xCaVaU1iAjEn6yR_zj6jvw,33.49112,-112.079081,24,[33.49112,-112.079081,33.49112,-112.079081],[28,17,29]
FPjJDBV9imKA9hq50VJB6A,33.491645,-112.073196,200,[33.491645,-112.073196,33.491645,-112.073196],[38,140,39,40,48,11]
OCfUBIPmBpX0TaIgHikilw,33.633412892471995,-112.044612911055,17,[33.444801984944,-112.07211772211,33.8220238,-112.0171081],[38,99,39,128,185,11,49,52]
ACGwyyg3Z05jxZOmkadaJA,33.48956845,-112.00741865,14,[33.304138,-112.1374083,33.6749989,-111.877429],[7,292,10,98,11,126,97,168,42,43,244,192,26,41,162,119]
ynIAEM0op7j8UET_KAOyRQ,33.494205,-111.931447,46,[33.494205,-111.931447,33.494205,-111.931447],[48,11]
nIAVUDO8VeLIlFH3RMu6SQ,33.522008400000004,-112.06705655,4,[33.49112,-112.079081,33.5528968,-112.0550321],[84,6,166,339,28,17,29]
O-NS90Hr161vbRNE_buvJg,33.3021074,-111.8420649,5,[33.3021074,-111.8420649,33.3021074,-111.8420649],[224,11]
zPx3-8muDiQ-LkuHaRV5Ow,33.444801984944,-112.07211772211,3,[33.444801984944,-112.07211772211,33.444801984944,-112.07211772211],[38,99,39,128,185,11]
rTPi79ZEVCeElM2JZ_sPDA,33.5690606322968,-111.890093032168,4,[33.5690606322968,-111.890093032168,33.5690606322968,-111.890093032168],[24,11]
Bwhn1EVWzGNIQZTTgqeXNA,33.727241626657346,-111.92477048772551,10,[33.6222859533147,-111.9453694,33.8321973,-111.904171575451],[7,142,218,41,323,11,26,206]
KaVFbqaefdfnH_2yCDc_5A,33.3497113609575,-111.929925579031,1,[33.3497113609575,-111.929925579031,33.3497113609575,-111.929925579031],[7,108,338,201,11]
FbwbBl2Gk1-lZ8mvIjTk5w,33.5420078,-111.98582025,4,[33.4548476,-112.0800705,33.629168,-111.89157],[38,11,99,128,39,63,27,24,98,7,126,97]
IqMxCdd65YL_Lapd3YvZfw,33.499499,-111.927402,1,[33.499499,-111.927402,33.499499,-111.927402],[48,11]
HJ5QeR-nl8QZPmyCQ12I3A,33.5019817,-111.9276185,16,[33.5019817,-111.9276185,33.5019817,-111.9276185],[38,48,39,11]
hStiSL7EGlBtDVXKX_JXMA,33.3898773,-111.8519461,6,[33.3898773,-111.8519461,33.3898773,-111.8519461],[32,222,17,28,95,29]
LjSAYTr4MsRWNX1AuGhMbw,33.416984799999994,-111.988596,8,[33.3852846,-112.012634,33.448685,-111.964558],[168,144,11,57,69]
kUt7V29RumQW8U53ONdbXw,33.58588650167375,-111.950494898422,24,[33.4952045,-112.031266,33.6765685033475,-111.869723796844],[38,212,41,39,11,7,98,10,9,119,120,24,99,292,48,33,26,128]
vr9hNYXmjk_MqeRCBy4v-A,33.388878851086204,-111.898123025894,200,[33.321061644794,-112.072327136993,33.4566960573784,-111.723918914795],[119,11,99]
JrYh7S4BQ2zdcF91cTndFA,33.44775325,-112.073954,5,[33.4471735,-112.074127,33.448333,-112.073781],[119,99,11]
Y7KS04okqSFAbg1NyImHkQ,33.4301607,-111.96227669999999,20,[33.3949852,-112.0827836,33.4653362,-111.8417698],[182,48,140,11,38,99,39,128,185,145,57,101,40,6,204,65,7,98,10,9,292,108,24,212,361,88,89,168,298,109]
LpiKT93iixvaUA_mz5rUKA,33.6184001,-112.143235,6,[33.6104562,-112.153974,33.626344,-112.132496],[202,72,177,140,11,185]
vLkzNFkDUZpl5kUThHMPMA,33.3060812,-111.8916824,7,[33.276252,-111.9080449,33.3359104,-111.8753199],[24,11,63]
7mXorwoYFPlBvU9qCNuoOg,33.5846729,-112.0421302,24,[33.5791938,-112.1240864,33.590152,-111.960174],[49,158,178,28,48,11]
JqcwM-ZXl2vCcGgaMbRcSw,33.4150348,-111.9184724,11,[33.4150348,-111.9184724,33.4150348,-111.9184724],[182,48,140,11]
49ibc4rj6xA-SgftjITnFA,33.57789665,-111.96779935,6,[33.5560781,-112.0368923,33.5997152,-111.8987064],[168,11,64,65,39,38,26,127]
PYSakHtZqf2nYjsnGe_ksw,33.6462961,-111.9189477,131,[33.6462961,-111.9189477,33.6462961,-111.9189477],[26,11]
fPehGlmrNXtgd9Yc40TMeQ,33.50470715,-111.902522,14,[33.390352,-112.015207,33.6190623,-111.789837],[168,265,11,54,55,122,109,38,39,48,40,7,142,338]
u0jrNxE19gja60pkhU08bA,33.383382,-111.806509,6,[33.383382,-111.806509,33.383382,-111.806509],[33,11]
Xek6as0ZZni_psBWEyNYiw,33.478455058303496,-112.051552012556,2,[33.4483771,-112.0740373,33.508533016607,-112.029066725112],[72,287,210,11]
y3sOyQUiwL_dV38H652dfw,33.4789849,-112.03038875,19,[33.449233,-112.065458,33.5087368,-111.9953195],[140,192,323,11,26,474,219,27,63,251]
I5kpy8v4oz7c-VKUHIpWvQ,33.546608,-112.047023,30,[33.546608,-112.047023,33.546608,-112.047023],[11,63]
YHoiq8jTSzjiALoSIoi0jg,33.50177895,-112.04464325000001,7,[33.472853,-112.0741143,33.5307049,-112.0151722],[48,11,63,27,24,168,265,7,108]
8q8NzDT6BCwmxyVtsNkKeg,33.58216795,-111.93603350000001,30,[33.337009,-111.996292,33.8273269,-111.875775],[11,307,63,182,172,7,138,8,139,119,99,49,80,82,59,88,38,39,89,109]
RBtB4BB__9cKxjXnoLf2_w,33.34697,-112.0846008,62,[33.34697,-112.0846008,33.34697,-112.0846008],[49,52]
APjxPqs9Z5DF9J8_jJirkA,33.436027,-111.9956337,6,[33.436027,-111.9956337,33.436027,-111.9956337],[99,11]
ySxGM6C5BWMZCN2zcE0pcw,33.700033,-111.888462,2,[33.700033,-111.888462,33.700033,-111.888462],[27,11]
QzObpREJTVfMx-d-lZ2NTw,33.743786392069254,-112.0065949252245,2,[33.623019,-112.137740850449,33.8645537841385,-111.875449],[224,11,43]
l2NeyavkKtul8SV06dVfjw,33.305605,-111.92011015,8,[33.304861,-111.9490283,33.306349,-111.891192],[219,218,11,41,7,292,182]
zHoxgqEskLNxEmV-kyicOw,33.4956526,-112.1322965,9,[33.320255,-112.371176,33.6710502,-111.893417],[337,32,182,218,11,253,90,106,54,131]
lNvlfbHi0FcNOhFT9JpycQ,33.5520136,-112.0999471,2,[33.5520136,-112.0999471,33.5520136,-112.0999471],[251,11]
FFR-kULBhgujyUxkhiWrxw,33.507501613767545,-111.954164481885,6,[33.4930514,-111.97437286377,33.5219518275351,-111.9339561],[49,445,66,52,28,17,29]
G2QP8GPFk185-ZO04s23tg,33.5324849,-112.2603562,1,[33.5324849,-112.2603562,33.5324849,-112.2603562],[46,13,6,30,18,17]
npY3TYJ68rslUt5AOUwDYw,33.667728999304,-111.978514194489,2,[33.667728999304,-111.978514194489,33.667728999304,-111.978514194489],[322,57,39,145]
KtIowbnjbtrAZ7s4AxSpGQ,33.5602188570276,-111.9270779492575,45,[33.4969773,-111.927951,33.6234604140552,-111.926204898515],[352,48,11,307,212,43,101,38,26,39]
Ooj3PxeY6HY_vS_vYEwP1Q,33.3209921,-111.8435181073975,8,[33.261388,-111.9631173,33.3805962,-111.723918914795],[119,120,11,74,24,99,126,185,33,44]
wpu_Nj9orL8HkChgv7peMA,33.5066919,-112.04425685000001,173,[33.4655483,-112.0474569,33.5478355,-112.0410568],[38,11,99,128,39,28,17,29,168]
htWmiHaYxQNSpxKKtw4UXA,33.4634015,-112.14840515,200,[33.43475,-112.3411673,33.492053,-111.955643],[224,11,28,170,119,24]
iakpZyax9R80BqmLxY5RFg,33.4969773,-111.9275971,115,[33.4969773,-111.9275971,33.4969773,-111.9275971],[101,38,26,39,11]
JDqqzdedpCgQ1XkLjeWM4g,33.5133016,-112.0211384,122,[33.383812,-112.1148748,33.6427912,-111.927402],[28,17,29,99,44,11,27]
PZFjy_gkBKfZSEEnvPj49Q,33.5061904385714,-111.926436424255,4,[33.5061904385714,-111.926436424255,33.5061904385714,-111.926436424255],[48,11]
mQba83gB018LlGt51r80ZQ,33.49413075,-111.96297865,106,[33.348162,-112.1201999,33.6400995,-111.8057574],[11,101,38,39,273,128,212,57,145,182,48,140,7,36,126,26,119,24,162,108,99,56,109,210,351,27,33,74,296,181,334,54,55,122,47,88,40,293,205,127,8,138,139,44]
FfGccx0xzvKizG8C3usmEQ,33.5834155,-111.9279885,200,[33.542193,-111.930343,33.624638,-111.925634],[168,48,229,11,265,126,97]
HuvHMF8Y6q5UboI05hnVrw,33.50398485,-112.0267929,10,[33.4948197,-112.073765,33.51315,-111.9798208],[119,11,452,32,26,24,27,63]
bqQdrBLt8bpIh9Vp995ljA,33.49753661686685,-111.933658,7,[33.319219,-112.0777852,33.6758542337337,-111.7895308],[27,11,49,52,224,48,185,7,108,15,6,191]
GiMKnA1NjkMgLYipd-qNSQ,33.4360415,-111.9956337,200,[33.4360415,-111.9956337,33.4360415,-111.9956337],[28,240,241]
PLC0pao2cdN0FVNBQn0FQg,33.499236,-111.9177014,9,[33.499236,-111.9177014,33.499236,-111.9177014],[126,11]
gGlsEmMagikVjYGebBwSPQ,33.379281,-111.9626484,55,[33.379281,-111.9626484,33.379281,-111.9626484],[28,17,29]
bRl5-Lpo0C1-OK-PblSnmA,33.12960965,-111.8669511,2,[32.9103236,-111.9766015,33.3488957,-111.7573007],[168,126,97,11,26]
1IejvuW1-8ujWQU3miKHkg,33.428626949999995,-112.00932385,4,[33.3656089,-112.073196,33.491645,-111.9454517],[72,287,38,140,39,40,48,11]
GNlv9XPhj6P8Fk8Z0cnBrw,33.57414158714,-111.99949269999999,5,[33.4772147,-112.0736348,33.67106847428,-111.9253506],[7,108,38,11,39,27,128,63,123,65,265]
9a5YLxHRQk7t_TT7c69fTA,33.316873,-112.004102,2,[33.316873,-112.004102,33.316873,-112.004102],[27,11]
kmLjttqFkbvwaxQ51PyFRA,33.59747265,-112.10024115,3,[33.5412603,-112.135621,33.653685,-112.0648613],[78,79,7,182,194,172,11]
ypchLi34T9SlWmVjcMz9Mg,33.5196323,-111.97630585,12,[33.5093593,-112.0261747,33.5299053,-111.926437],[265,11,483,168,99]
NZz4m5P0AtbtRczOQWO7KA,33.58785835,-111.90793425,10,[33.476983,-111.9259469,33.6987337,-111.8899216],[265,11,48,26]
rdMPU87T5jzcWITcyV1_-w,33.4922985,-111.9245517,4,[33.4922985,-111.9245517,33.4922985,-111.9245517],[210,11]
UquA6GumjoYaJTELY1niIg,33.41179805,-111.96520939999999,200,[33.272043,-112.00644,33.5515531,-111.9239788],[168,265,11,38,128,39,161,28,65,17,29,88,99,170,49,146]
LFMR-SRDMHQYKPuZLYi6rQ,33.3203054,-111.8904419,1,[33.3203054,-111.8904419,33.3203054,-111.8904419],[117,24,11]
-CDWR05g6B_32BBHSy99rQ,33.509952,-112.2724771,1,[33.509952,-112.2724771,33.509952,-112.2724771],[44,11]
0wfHk2KF6L1V0KlE5qRwuw,33.498858,-112.0835024,13,[33.498858,-112.0835024,33.498858,-112.0835024],[119,11]
QnCzzt-JoG5qtOjJfSn4Ew,33.8337069,-111.936832,1,[33.8337069,-111.936832,33.8337069,-111.936832],[168,265,307,11]
EGY-6nfuVgu3ih9j6Qm-KQ,33.4053825,-111.8948433,3,[33.319219,-111.9304053,33.491546,-111.8592813],[185,11,26,224]
uMebTDtTAb24xzHBKsBO8g,33.460208550000004,-112.01251775,6,[33.420571,-112.0825915,33.4998461,-111.942444],[38,140,39,40,48,11,182,172,168,298,88,143,205]
4VjzytQbNQB1LBoV1qg_CQ,33.63416,-111.923887,5,[33.63416,-111.923887,33.63416,-111.923887],[7,108]
9XxchWsvrKbVnZO5M5H3Rg,33.449553,-112.075503,2,[33.449553,-112.075503,33.449553,-112.075503],[10,24,11]
BEcT2wCP-G0LfkKZSlYdzw,33.62695805,-112.0331049,85,[33.423546,-112.2354666,33.8303701,-111.8307432],[99,11,48,119,63,109,38,39,168,265,7,8,27,43,26,127,229,206,140,40,475,28,17,29,57,306,65,133,6,200,145,205,210,161,195,155,54,36,212]
5sDSA8hA6LwsiZOshc1b3g,33.5097999,-112.0122745,3,[33.5097999,-112.0122745,33.5097999,-112.0122745],[48,11]
eAlXLCX9LTljedeLwwUqYw,33.498028,-111.927951,11,[33.498028,-111.927951,33.498028,-111.927951],[352,48,11]
j1dm6qPyEaIakZZES3g9eg,33.2918035,-111.8254685,1,[33.2918035,-111.8254685,33.2918035,-111.8254685],[65,133]
LDvpgZrwsaUw2YGq1UiDlw,33.5238494,-111.9177166,3,[33.5238494,-111.9177166,33.5238494,-111.9177166],[84,346]
pqLt3OWsOD33TEEvFqSTXg,32.9484261,-112.7117802,1,[32.9484261,-112.7117802,32.9484261,-112.7117802],[63,27,11]
cu-ttk0GP9yjSflGMhGaDg,33.5440045,-112.125157,3,[33.447521,-112.18688,33.640488,-112.063434],[33,44,117,11,309]
DIc5wkUzRe4qUa7upX1tZQ,33.4930514,-111.9339561,23,[33.4930514,-111.9339561,33.4930514,-111.9339561],[28,17,29]
IM5t8GfX7OsKFuo6cjhpkw,33.4952135,-111.9148871,1,[33.4952135,-111.9148871,33.4952135,-111.9148871],[78,79]
KDYIsx1n4SXNt8uoWSRf-w,33.55461055000001,-111.996317771017,36,[33.5025941,-112.065436542034,33.606627,-111.927199],[28,17,29,46,6,49,80,82,59]
pWFeadZYIzDDEMGNEv2V0g,33.3714114392578,-111.91021929990251,8,[33.3480529785156,-111.911544799805,33.3947699,-111.9088938],[33,117,48,11,7,142,292]
b9PDYlR73r0v4sEFHiUnCA,33.426368,-111.9398551,20,[33.426368,-111.9398551,33.426368,-111.9398551],[88,38,39,298,11]
dBwMxkOTlRyZWUUlAK3RVQ,33.464303,-112.276376,1,[33.464303,-112.276376,33.464303,-112.276376],[38,99,33,39,128,11]
l04VdigdHtESFInJlTI_pw,33.463446,-112.17700640000001,5,[33.272043,-112.373782,33.654849,-111.9802308],[63,27,11,49,265,146]
v5gNfd9d0ac9c3jj4sIwkw,33.4503996,-112.0648845,1,[33.4503996,-112.0648845,33.4503996,-112.0648845],[322,57]
cE99llGzyp2O1M_viD0K-Q,33.4214372,-111.942512,2,[33.4214372,-111.942512,33.4214372,-111.942512],[27,11]
lrCJCTGT1g9IFKzGaf1TDw,33.278582,-111.791063,1,[33.278582,-111.791063,33.278582,-111.791063],[98,7,24,11]
SMAiS6Am92JmV8EvxQtPvg,33.4661538361375,-111.85144925,37,[33.233464772275,-112.101312,33.6988429,-111.6015865],[7,142,138,139,140,11,43,44,63,185]
pehrIbTnd0-ioKaZhgEZjA,33.54255,-112.071399,1,[33.54255,-112.071399,33.54255,-112.071399],[32,90]
_o9bFRA94HkzYVJ2adakxg,33.6101518,-111.9768512,4,[33.6101518,-111.9768512,33.6101518,-111.9768512],[65,133]
Qx0YJjucgXfxF3eDIBgBqA,33.636322,-111.922456,1,[33.636322,-111.922456,33.636322,-111.922456],[265,11]
GipL_5DCHDBiwO6QlC6ZkA,33.444295999999994,-111.966418,3,[33.442375,-111.977193,33.446217,-111.955643],[97,11,44]
45CWmsjWWqsK0tVxS3y6Vw,33.51759515,-111.98436914999999,28,[33.4163253,-112.0824683,33.618865,-111.88627],[7,108,48,11,38,99,39,292,33,163,13,6,118,49,82,59,27,63,202,72,281,126,97,26,224,185,40,206,84,291,98,119,24]
U9yEiMEK72iROMPdWzqOfA,33.5173361,-112.2122979,5,[33.4541453,-112.341878,33.5805269,-112.0827178],[7,9,98,26,11]
gZMlqX2nz4hnKsSiuZCd1w,33.541036974494,-112.262291908264,39,[33.541036974494,-112.262291908264,33.541036974494,-112.262291908264],[28,17,29]
n_Avwck4uuaRWFGwaYxfIA,33.413158,-111.875779,1,[33.413158,-111.875779,33.413158,-111.875779],[239,11]
WfdhyPEUl1aDRYvQhCPDeA,33.498028,-111.927951,1,[33.498028,-111.927951,33.498028,-111.927951],[352,48,11]
SSKaUj5vsnvkeKX8EGaGBQ,33.43475,-112.00644,4,[33.43475,-112.00644,33.43475,-112.00644],[28,170]
n2BtqUzIsQv7Vw9pJc3Xow,33.4801639,-112.02552915,15,[33.4471778,-112.0744503,33.51315,-111.976608],[49,38,39,128,341,32,95,222,11,63,265,57,99,7,36,69,26]
j27K5G6Pn77wnNW1Oa20DA,33.37258705,-111.7382485,8,[33.3078223,-111.784494,33.4373518,-111.692003],[13,6,21,22,474,11,63,49,178,17,18]
JYr4v5NuR80zjQLE2kry-w,33.5742904,-111.7159154,8,[33.5742904,-111.7159154,33.5742904,-111.7159154],[30,13,6]
V_hVEFJp1-969ZZO1y0Y5w,33.5675402,-112.1499674,1,[33.5675402,-112.1499674,33.5675402,-112.1499674],[57,258,402]
-IZyVTYmAwBIX1XpZGY3_g,33.48671505,-111.9279092,7,[33.4787939,-111.9299092,33.4946362,-111.9259092],[309,119,285,11,101,38,39]
okeRw2F4GwauB-4Yu6Fi8A,33.5092093,-111.9885861,2,[33.5092093,-111.9885861,33.5092093,-111.9885861],[7,108]
Lp2G664ePG-JFxwXZQtm8Q,33.363875449999995,-111.9260673,11,[33.3051209,-111.9778751,33.42263,-111.8742595],[7,108,63,27,11,224,296]
ZOKN67ZtI1ClbRmcAR4yKQ,33.523592949999994,-111.9009748,21,[33.464349,-111.9296765,33.5828369,-111.8722731],[224,11,54,324,7,292,99,48,27,71,72]
V460IplS-9MF_VtG8ks7vA,33.50923055,-112.04731215,3,[33.494518,-112.0478898,33.5239431,-112.0467345],[137,7,6,139,173,112]
Y6wEQ_QxPfVfSAg97dg9Lg,33.218296,-111.822055,1,[33.218296,-111.822055,33.218296,-111.822055],[371,54,242,238]
G5kYW1QJwxm9DIkL3j-9wg,33.402793,-111.956584,1,[33.402793,-111.956584,33.402793,-111.956584],[337,32]
H__KGG7RuSngGyx7oQ2a-A,33.4522369,-111.994221,4,[33.4522369,-111.994221,33.4522369,-111.994221],[72,395]
--65q1FpAL_UQtVZ2PTGew,33.5032087,-111.99706885,187,[33.305824,-112.2046069,33.7005934,-111.7895308],[26,11,38,99,128,39,296,48,251,212,63,97,88,7,142,218,41,117,352,24,33,298,323,177,140,185,101,43,404,451,309,119,192,47,265,139,108,145,57,201,27,138,10,224,214,219,232,267,182,172,206,474,89,285,194,239,333,8,168,126,98,120,210,109,127,44]
EgZ_0kwq0sj2hXJooQLXig,33.400974,-111.926658,1,[33.400974,-111.926658,33.400974,-111.926658],[155,237,54,106]
gs5Cj_RVmy5_JQknKISkNQ,33.552264,-112.2233675,5,[33.4512,-112.375846,33.653328,-112.070889],[57,56,96,72,71]
PM7ZNU33Hq4cNziz8MURvA,33.487534800000006,-111.9579116,19,[33.299739,-112.0739142,33.6753306,-111.841909],[27,11,48,168,181,229,119,79,121,38,39,40,10,24,212,43,49,6,65,193,59,114,13,7,108]
WW1MMZio1kZgqWzsagD-Hw,33.5674685,-112.1872492,1,[33.5674685,-112.1872492,33.5674685,-112.1872492],[24,11]
ulq0CWEX3F5QS7oYT70P5w,33.466436,-112.340676,1,[33.466436,-112.340676,33.466436,-112.340676],[112,6,254]
zrffEJ3-xbr4IXXviOyViA,33.50088465,-111.92764410000001,4,[33.3782275,-111.9297442,33.6235418,-111.925544],[64,65,6,110,11,63,27]
eZ9OjseD4FHfZW-p70Rw-g,33.48102525,-112.03936354999999,13,[33.334824,-112.1830859,33.6272265,-111.8956412],[7,47,48,11,169,265,382,39,38,99,128,311,126,97,296,210,108,182,139,137,162]
PlElSxv5-h60-88_1EVLuw,33.561745,-111.536196,11,[33.561745,-111.536196,33.561745,-111.536196],[49,276]
8Kwz3qxxtTztx7FOOAOyyg,33.551977199999996,-112.00259625,12,[33.4253394,-112.075516,33.678615,-111.9296765],[46,6,28,442,241,57,69,99,7,36,11,38,128,39,296]
3wWLL2RDEZ9GgU0rNxyyXQ,33.46644143714,-112.04596810000001,16,[33.2618144,-112.231662,33.67106847428,-111.8602742],[49,80,59,63,27,11,8,7,138,218,139,137,168,41,196,38,39,128,177,251]
60G8tMm0_DDrVe9217dAkg,33.5229858,-112.0476585,1,[33.5229858,-112.0476585,33.5229858,-112.0476585],[48,11]
AHbVHXUZwDGYa5GV2_NmeA,33.55518,-112.1862040563505,6,[33.448685,-112.359774112701,33.661675,-112.012634],[44,11,98,7,382,168,144,182,48,140]
OMooYkVctnsB0h4sV93MXQ,33.231020900000004,-111.83360365,9,[33.2184426,-111.8413019,33.2435992,-111.8259054],[26,11,7,8]
YPKyc9Hv3-b8v6GlagEplA,33.52196105,-112.03671895,182,[33.447521,-112.1201741,33.5964011,-111.9532638],[168,169,11,309,49,368,43]
taBgT6BQmNtZxnJ3RLxhXA,33.4329724,-111.9043028,5,[33.4329724,-111.9043028,33.4329724,-111.9043028],[33,265,185,11]
bJ1kVsEjJYUh17wg4H7o-g,33.678588,-111.892139,1,[33.678588,-111.892139,33.678588,-111.892139],[3,335]
GfiHPVLvOCb_QNwq6XNFAg,33.4920033,-111.9258022,116,[33.4920033,-111.9258022,33.4920033,-111.9258022],[126,97,11]
Pb1kgltAPaYdJgREApHskQ,33.5095996,-112.0916152,4,[33.5095996,-112.0916152,33.5095996,-112.0916152],[38,293,39,40,128]
jjsKYePy1Gu7LALX4icD3Q,33.626933,-112.100731,200,[33.626933,-112.100731,33.626933,-112.100731],[212,26,11]
yGzDW3yh4ISdjafyYJC9cg,33.411851,-111.88539,3,[33.411851,-111.88539,33.411851,-111.88539],[32,95,222]
Unn6anPhGUYenbv2kVp06A,33.4645035,-112.0127234,1,[33.4645035,-112.0127234,33.4645035,-112.0127234],[72,154]
c0QRCVqGQdRVPCFNGV_YAQ,33.53434505,-112.0200473,33,[33.492335,-112.1164397,33.5763551,-111.9236549],[38,99,39,40,11,26]
rg8S_nurlsPwnLcnwWLwVQ,33.4964751,-112.0839659,6,[33.4964751,-112.0839659,33.4964751,-112.0839659],[99,11]
N_KGQ-7-TN44yWU-WByV1g,33.44103375,-111.9940328,2,[33.40793,-112.0649666,33.4741375,-111.923099],[101,38,39,11,119,201]
5c_dZxtZcgz1Yk6gvI5OWQ,33.7019056,-111.9252984,1,[33.7019056,-111.9252984,33.7019056,-111.9252984],[43,11]
WEunmm0vTaZJiUOui_iX6w,33.3807127456417,-111.725978851318,1,[33.3807127456417,-111.725978851318,33.3807127456417,-111.725978851318],[27,11]
SnHF8ylP_6IGX8ISrkEjtw,33.39286185,-111.89275135,35,[33.2475188,-112.1001451,33.5382049,-111.6853576],[126,11,26,7,47,48,27,162,43,10,24,251,62,17,265,99,119,63,89,296,38,128,39,88,298,400,185,168,97,33,117,365,41]
OoBojz3Vk3veS87Kk400oA,33.48045225,-112.00509794999999,9,[33.4272811,-112.0701057,33.5336234,-111.9400902],[99,127,11,26,119,48,38,39,98,7,108]
qEAlHN-bjMFPRZ0745847w,33.5387791,-112.04714469999999,3,[33.4732683,-112.1164397,33.6042899,-111.9778497],[26,11,166,6,7,33,142,24]
cWTf076MJ8TJ-75NsRUORA,33.592948449999994,-112.0229837,7,[33.5612589,-112.1156244,33.624638,-111.930343],[168,48,229,11,185]
-C9rJ-Kak4YgkTHwP33RIQ,33.509578,-112.060185,200,[33.509578,-112.060185,33.509578,-112.060185],[63,27,11]
fKw9FJsl9atpo2bu3cHnJA,33.5747610515277,-111.861827373505,3,[33.5747610515277,-111.861827373505,33.5747610515277,-111.861827373505],[38,11,99,128,39]
Z_54EeGafTpU_fucLis1xA,33.3928996,-111.79298715,16,[33.3783296,-111.8323874,33.4074696,-111.7535869],[208,130,6,32,35,33,11,26,39,38,128,49,80,59]
tY6mMqWZiYudVUUEBK6jyw,33.447521,-112.063434,39,[33.447521,-112.063434,33.447521,-112.063434],[309,11]
1q-NR8saXXMK66p7Fh_8Mg,33.619936949999996,-112.00597615000001,18,[33.5612589,-112.1156244,33.678615,-111.8963279],[7,142,27,11,97,137,8,139,126,48,185,225,24,38,265,39,119,26]
PoH189fV0HhE-T3zTuXF8w,33.6302528,-112.3401876,4,[33.6302528,-112.3401876,33.6302528,-112.3401876],[337,431,32]
nT_wTXp6ZivhtTuSgj5jvg,33.5999386,-111.9797159,5,[33.5999386,-111.9797159,33.5999386,-111.9797159],[126,97,11]
7a_7iT6nDMQc76bz3-TQwg,33.596777700000004,-111.9256319,8,[33.492962,-111.927751,33.7005934,-111.9235128],[26,11,224]
n_csUiSxy9E1i4I3iWiGFA,33.4480659,-111.9270202,12,[33.4480659,-111.9270202,33.4480659,-111.9270202],[182,218,11]
OTs44TUNInIwVDX4JkYFgg,33.5085644,-112.0584289,15,[33.304138,-112.1868299,33.7129908,-111.9300279],[33,117,24,11,71,72,251,177,140,212,26,43,7,292,126,97,41,229,185]
htUqnu_j9CmOqXxilbK4Sg,33.4973115,-112.0039731,10,[33.455863,-112.0739142,33.53876,-111.934032],[168,181,229,11,219,218,41,265,212]
um3SPOfLKWq-41gRbvzKMA,33.484487,-112.07643,4,[33.484487,-112.07643,33.484487,-112.07643],[224,11]
oWksRM545tQC1IXhc8NpEA,33.495024,-112.063756,1,[33.495024,-112.063756,33.495024,-112.063756],[33,11]
wcOqMTV92kxOornA42KyoA,33.50522775,-112.0126727,81,[33.3354566,-112.1490084,33.6749989,-111.876337],[185,11,33,117,43,126,27,119,120,99,212,63,97,7,162,138,139,219,218,41,26,309,285,149,251,210,8,42,24,373,10,168,144,38,101,39,128,177,140,255,54,55,48,98,9,40,169,224]
MTwOxzN2TBNYpgN7q2V9Gw,33.501936,-112.082092,2,[33.501936,-112.082092,33.501936,-112.082092],[26,11]
ydE1aXK7RiMRB1qrRLa5QQ,33.438888399999996,-111.9976168,43,[33.42135,-112.0704276,33.4564268,-111.924806],[126,97,11,251]
nu7OpWQFV2MqvEWo4v9adg,33.52180475,-112.0344666,36,[33.4043912,-112.1530072,33.6392183,-111.915926],[26,11,39,439,251,38,7,47,88,48,224,43,89]
THIIsWIJvbexZpQL-KxRaA,33.54492755,-112.184659023994,9,[33.4483771,-112.3501529,33.641478,-112.019165147988],[38,11,99,128,39,84,159,32,291,97,125,26]
G-Bgxc4Zg9Y51MqgsAp1fw,33.5314273331064,-111.922048330307,18,[33.5219518275351,-111.97437286377,33.5409028386777,-111.869723796844],[7,119,41,11,49,445,66,52]
NZc2h13-L5ehSrfL9WUpIA,33.6384612,-112.3610688,200,[33.6384612,-112.3610688,33.6384612,-112.3610688],[98,7,24,11]
Btu7SghVFMyNltLtPL3R2A,33.49253775,-111.9510766,3,[33.4900575,-111.975898,33.495018,-111.9262552],[311,88,38,39,11,7,47,48]
5Ot_Ck_Z2nP7LQGOomAbQw,33.3929652,-111.9069748,2,[33.3929652,-111.9069748,33.3929652,-111.9069748],[92,15,141,6]
eXtHjPzHrstD-vrb2wcmhQ,33.304492,-111.873637,1,[33.304492,-111.873637,33.304492,-111.873637],[212,26,43,11]
gj90owl4AvC0Rn5nzsZc2Q,33.597361,-111.9813513,27,[33.597361,-111.9813513,33.597361,-111.9813513],[63,27,11]
iG8vPEoSpzRX4zm2rV6gtw,33.39957745,-112.11156679999999,51,[33.351089,-112.3801036,33.4480659,-111.84303],[182,218,11,149,126,7,108,251,404,451,49,52,84,147,339,138,8,139]
885b8E17iyjZHWfGfKK_YQ,33.5819824,-111.9248666,1,[33.5819824,-111.9248666,33.5819824,-111.9248666],[26,11]
HJaS5Y97qQ1zTVpXIqTyng,33.3984815,-111.7878945,50,[33.248218,-111.9741847,33.548745,-111.6016043],[7,142,98,24,11,185,33,119,129,278,79,138,8,139,43,99,60,6,465,57,39,145,158,28,63,27,265,69,106,54,107,15,191,61,13,208,130,32,35,64,65,77,118,76,41,400,46,173,112]
D3Pu5GDLxmhpDapueSIWNw,33.51715485,-111.9560128,2,[33.4511467,-111.9810186,33.583163,-111.931007],[26,11]
TGxxLe4vtvsxA75jOlLBYw,33.320748,-111.991549,1,[33.320748,-111.991549,33.320748,-111.991549],[104,132,65]
g34LPdLNnlD5g_djGT_XxQ,33.6385727,-111.9937001,43,[33.4614054,-112.5016551,33.81574,-111.4857451],[49,52,66,387,28,506]
6Y5cVScAQzRYF826jbjLzQ,33.4346825157367,-111.994403600693,200,[33.4346825157367,-111.994403600693,33.4346825157367,-111.994403600693],[39,38,99,128,11]
WX_RVBBskQDCN90EFhYaxQ,33.5381023,-111.9085317,4,[33.5381023,-111.9085317,33.5381023,-111.9085317],[62,27,17,11]
5NpyRl_W4Q3sYEbzzd_Dhg,33.4784318,-111.92183355,6,[33.4542695,-111.9347479,33.5025941,-111.9089192],[168,11,414,13,6,21,63,27,101,38,39]
Zv0GvHXDoMTRL9QpBAiHxw,33.6106579,-112.1500692,11,[33.6106579,-112.1500692,33.6106579,-112.1500692],[177,140,11]
fLq21cnlDXV_gfB-rzvgZQ,33.5385695,-111.9162497,91,[33.503323,-112.2948244,33.573816,-111.537675],[49,305,57,327,33,11]
SGE6GqKnPMCFqds7rHyZCw,33.65138985,-112.206143,10,[33.638776,-112.225396,33.6640037,-112.18689],[7,189,10,24,11,108,17,62,44,142,64,65]
ld0lyBmS0A67MV-NUOoFgw,33.495940000000004,-111.92998945,35,[33.492381,-111.934032,33.499499,-111.9259469],[212,11,265,48]
F1N-v20NsVucjkFCy4jOLw,33.6387275,-112.3533557,3,[33.6387275,-112.3533557,33.6387275,-112.3533557],[6,87]
J_Wqa5tUZ6pen_OD1ikCEw,33.3160646416876,-111.8076328461425,8,[33.3048512833752,-111.8592461,33.327278,-111.756019592285],[251,11,43,168]
WJWU7ceS5iduCKNgakzaow,33.306606,-111.945077,2,[33.306606,-111.945077,33.306606,-111.945077],[28,17,29]
cYJELBFWmpEG_KC3zKxLWw,33.6111138,-111.9442517,1,[33.6111138,-111.9442517,33.6111138,-111.9442517],[84,344,23,343,197]
ZUV8dBHeZS2GA6pOhL-czg,33.4787843,-111.93804,2,[33.4787843,-111.93804,33.4787843,-111.93804],[32,95,222]
TVD4nTHrqE0Rj_YsGYwWuQ,33.5636878,-112.0595603,2,[33.5636878,-112.0595603,33.5636878,-112.0595603],[32,203]
nM3vfxr6fcnN_nXdzwbVCw,33.3762738260014,-112.014247545485,196,[32.879237,-112.34971999097,33.8733106520028,-111.6787751],[27,48,24,11,57,56,39,145,7,292,99,4,5,6,30,13,45,26,46,109,38,210,88,298,322,202,72,185,162,33,47,98,89,112,151,152,17,327,204,65,10,44,148,142,224,49,445,66,52,12,114,115,247,108,372,96,54,238,160,137,8,139,63,18,117,126,80,59,87,36,104,134,135,28,29,22,93,3,94,32,95,84,124,125,51,168,265,212,225,91,40,200,345,346,141,23,178,333,177,140,157,103,119,71,184,236,470,64,50,85,130,35,208,264,43,20,243,34,158,442,241,120,193,186,118,364,341,258,417,231,221,101,161,143,181,229,79,121,149,128,205,425,69,154,440]
OwVB3YzcYeTRV09tpNDBSA,33.529643199999995,-111.9711464,16,[33.422728,-112.0685027,33.6365584,-111.8737901],[27,11,311,88,38,39,24,117,214,44,33,71,72,89,26]
9m7pitxpEEf6XPNKiiJirw,33.49112,-112.079081,20,[33.49112,-112.079081,33.49112,-112.079081],[28,17,29]
YUtGRZG13ZGHKNcT_fjWnw,33.246966,-111.840966,4,[33.246966,-111.840966,33.246966,-111.840966],[71,72,96]
g8Ov6YYjVf5H_5Ghy6h3KQ,33.495813,-111.931976,3,[33.495813,-111.931976,33.495813,-111.931976],[65,54,220]
X567tXHnrKhOLOyjsqf9pw,33.5486202,-111.93329030000001,3,[33.4900575,-111.9403254,33.6071829,-111.9262552],[210,11,311,88,38,39]
A7PZi-BFQBgnIAtubnn9eg,33.40009655,-111.84155394999999,5,[33.3072791,-111.933566,33.492914,-111.7495419],[72,287,38,99,39,40,48,11,10,24,63,128]
ltGh04bjEBhwItWVVG7UJg,33.491173,-112.00362615,86,[33.304492,-112.1336153,33.677854,-111.873637],[38,48,39,11,119,99,7,292,43,201,26,24,98,33,44,309,285,62,17,177,192,54,55,266,122,30,13,6,140,10,27,63,117,210,61,72,148,154,108,77,35,76,214,36,142,57,69,126,145,40,28,29,88,89,127,212,74]
8MecR84iZV0yU2t54bLeig,33.6239149,-111.9255304,1,[33.6239149,-111.9255304,33.6239149,-111.9255304],[48,11]
Q2JjFQiLfH4kQ3eSk-vgRA,33.3635825,-111.79765165,5,[33.31081,-111.9102573,33.416355,-111.685046],[224,182,11,7,63,185,99]
tIoWonTZIVGZeHH9w6dKkw,33.554719392069245,-111.96360092522451,12,[33.244885,-112.137740850449,33.8645537841385,-111.789461],[224,11,7,108,142,99,13,6,115,27,137,8,139,292,63,10,9]
SRV53eXe_fk2fICbisxuOQ,33.639381,-111.887385,3,[33.639381,-111.887385,33.639381,-111.887385],[49,321,59]
ZsBc6R2E9HeCumbVHPr9UA,33.36276,-111.93534,3,[33.36276,-111.93534,33.36276,-111.93534],[32,95,222]
fqQ43W4f3GWEypXmc5FcOg,33.57753171663365,-111.994293715069,12,[33.5094461,-112.071469,33.6456173332673,-111.917118430138],[26,127,11,224,161,195,65,17,63,27]
tpOgdsqWcrlFyQSrRIua-g,33.56093385,-111.9625832,87,[33.3220187,-112.237586,33.799849,-111.6875804],[27,11,26,84,124,43,46,6,265,7,9,119,41,8,48,61,13,32,95,222,44,99,185,345,346,212,361,236,103,127,142,60,336,65,133,108,12,114,115,24,28,158,17,29,63,120,134,135,39,57,69,10]
kxV9qL71dFgzVoZAV3OnXQ,33.4966555,-112.0376865,65,[33.49112,-112.079081,33.502191,-111.996292],[28,17,29,109,38,11,39,63]
HoKKi54adGt15l7j3IZ9qw,33.5179565,-111.99923305,15,[33.5093092,-112.0738391,33.5266038,-111.924627],[119,11,120]
vpLjvUeZwCrrFx9siQOpkA,33.5819824,-111.9248666,3,[33.5819824,-111.9248666,33.5819824,-111.9248666],[26,11]
ixx04Y5cYGT0AAw6ZAUQ8g,33.430853400000004,-111.92228575,10,[33.351069,-111.9866445,33.5106378,-111.857927],[83,6,54,195,238,65,38,39]
QJaOtSAHromJ6dA5OcEo5g,32.893852499999994,-111.73268,6,[32.8773814,-111.7573007,32.9103236,-111.7080593],[26,11,119,24]
TjPt2hD56jfpmtoa6kVVRg,33.57399425,-111.92420849999999,200,[33.50201,-111.9313599,33.6459785,-111.9170571],[265,11,33]
Ry48Bta6spNowOkiMNC_xg,33.644469,-112.25702821551499,200,[33.335767,-112.82675743103,33.953171,-111.687299],[202,72,279,54,120,11,224,26,265,185,101,88,38,39,40,49,27,33,44,219,218,41,146,28,442,241,52,23,154,32,203,7,139,423,109,48,119,99,6,45,108,186,57,201,10,24,142,292,270,182,223,140,342,97,43,66,333,123,65,84,345,346,63,112,69,271,334,17,29,128,61,13,70]
mhj5XKJibcpeCu2sqpdoNg,33.6406599,-112.0180461,4,[33.6406599,-112.0180461,33.6406599,-112.0180461],[11,27,63]
SnndYG15qv31Ccxukx8U1w,33.639896,-111.94439,1,[33.639896,-111.94439,33.639896,-111.94439],[340,210,11]
A14yv4MakvyaNUv3-LQeYg,33.5288312,-111.9730855,44,[33.5288312,-111.9730855,33.5288312,-111.9730855],[161,195,65]
CEnJovGiy51mXpeM5DPI5Q,33.466591,-112.01058950000001,5,[33.421657,-112.07643,33.511525,-111.944749],[224,11,108,7,38,39,24,251]
_Q3yF9La2WmEwhWOckt24w,33.403558000000004,-111.7277205,101,[33.321266,-112.091191,33.48585,-111.36425],[57,333,119,24,11,28,170,43,38,99,39,128,185,49,52,265,101,33]
_e5drmTJBSV0yiFBrTimtg,33.4770236,-112.073629,200,[33.4770236,-112.073629,33.4770236,-112.073629],[109,38,48,39,11]
VkbeW8tZMYj6VEYuJht3jg,33.304492,-111.873637,3,[33.304492,-111.873637,33.304492,-111.873637],[212,26,43,11]
O_yh4s4UMIQpgOr9cbOOuA,33.421303,-111.916969,2,[33.421303,-111.916969,33.421303,-111.916969],[373,97,11]
fjowApAISrBJ5laa5i1bzg,33.8844536475813,-111.954288482666,27,[33.8844536475813,-111.954288482666,33.8844536475813,-111.954288482666],[49,276]
dRa9F7l27q9lV66yKPjFpw,33.306107,-111.8609857,2,[33.306107,-111.8609857,33.306107,-111.8609857],[239,11]
nX0T1dy0WhD-Wjz7Mh8S_A,33.5056488,-112.04625765,4,[33.4743013,-112.0649235,33.5369963,-112.0275918],[27,11,126,97,38,210,26,39,33]
ExtmCbrcj93lz_7wyUJaqw,33.477178,-111.925799,1,[33.477178,-111.925799,33.477178,-111.925799],[119,48,24,11]
6_W-KucrLg952XF9vP132w,33.5846927,-112.0131157,3,[33.5846927,-112.0131157,33.5846927,-112.0131157],[26,11]
J_ylV2L50WIsS7A25D-Vzg,33.577691,-111.927632,2,[33.577691,-111.927632,33.577691,-111.927632],[49,80,82,59]
vBWknaz3iA4Msa0LM7NYLQ,33.469664,-112.06536,1,[33.469664,-112.06536,33.469664,-112.06536],[25,6]
EZZMn2GlYXuZ55n1Vx9abQ,33.349762322397,-111.7641869573975,7,[33.321061644794,-111.804455,33.378463,-111.723918914795],[26,11,185,99]
wIORuunvp3SpZyAT8Yjx0A,33.423991,-111.939582,3,[33.423991,-111.939582,33.423991,-111.939582],[99,11]
8Tz0muH19fm-106XZn5yyw,33.4860023,-111.9264164,183,[33.4860023,-111.9264164,33.4860023,-111.9264164],[33,119,11]
-2gxrMHX8_F1Ep_ppWYTkw,33.4488094,-111.99036995,15,[33.4075613,-112.0764371,33.4900575,-111.9043028],[26,11,377,311,88,38,39,48,57,145]
4wB03cyIrbf_jLfodNFZoQ,33.459182299999995,-112.0564848,13,[33.449233,-112.065458,33.4691316,-112.0475116],[27,11,26]
v5Z3H70RqUnGMo2i_bxpWw,33.586431000000005,-111.95377450000001,48,[33.494247,-111.977799,33.678615,-111.92975],[109,38,48,39,11,26,182]
hoMKg_OW9vAm2-M93PjQaQ,33.542193,-111.925634,108,[33.542193,-111.925634,33.542193,-111.925634],[265,126,97,11]
x4eIi_YiwKj1pzcspeLt-Q,33.49673695,-111.9848725,91,[33.306499,-112.091899,33.6869749,-111.877846],[38,39,11,119,351,57,56,210,212,33,99,429,32,109,49,476,82,59,224,108,145,7,26,54,55,122,126,97,161,28,65,17,29,333,52,48,88,128,309,285,168,181,229,260,129,277,278,79,4,5,6,40,197,198,23,35,34,127,43,27,101,186,78]
ByiAfg6Ju_DPBzBjUlvPXA,33.36389515,-111.96098585,7,[33.3037399,-111.9819,33.4240504,-111.9400717],[38,26,39,11,109,63,88,99]
D6UanNuYWpQzZhLTDBmqJg,33.43539575,-112.00103684999999,2,[33.43475,-112.00644,33.4360415,-111.9956337],[28,240,241,170]
6pMmT-BH70KV0e32yYjGEg,33.437482,-112.174813,1,[33.437482,-112.174813,33.437482,-112.174813],[97,11]
qoeSpwTjflaFQOdzsd7gWA,33.4473356,-112.0734239,4,[33.4473356,-112.0734239,33.4473356,-112.0734239],[38,99,128,39,296,11]
ZKebbJQD0o3fl0xa0rsJtQ,33.420899500000004,-111.949482,6,[33.331773,-112.024174,33.510026,-111.87479],[27,11,48,126,168,99,97,24]
6m_udDRnUR6GI53FVF8fFw,33.499846000000005,-112.005543786445,8,[33.347591,-112.100731,33.652101,-111.91035657289],[404,451,11,212,26,119,99,309,33,7,8,106,408,54,295]
ezZf5tZvPLt09N2FM1Itew,33.5392316,-111.9290069,8,[33.4931793,-111.9320931,33.5852839,-111.9259207],[11,27,63,39,26,127]
597KmijSB8ma9Qs7JKMJnQ,33.3796031,-111.938898,6,[33.261388,-112.020561,33.4978182,-111.857235],[119,48,24,11,63,38,39,40,126]
XQSsR2cbLaRMDCirH_FWjA,33.46233995,-112.01526065,200,[33.422728,-112.079081,33.5019519,-111.9514403],[88,38,39,89,11,99,26]
z1rVr91Jo7o3myTvT2qUzQ,33.4657642,-112.0431543,5,[33.4657642,-112.0431543,33.4657642,-112.0431543],[129,121,79]
Cihx3E904Kyy7_b4SyHQLg,33.3877855,-111.8565327,1,[33.3877855,-111.8565327,33.3877855,-111.8565327],[168,11]
mcACREKLxJCUNvYldLV8qw,33.5773145,-112.05715185,3,[33.492381,-112.1883568,33.662248,-111.9259469],[265,48,11,63]
l5-__fg9ZCE_wRaBP_ZU0g,33.6128816,-111.9778065,1,[33.6128816,-111.9778065,33.6128816,-111.9778065],[43,11]
8wJH2g65onaFKiYG-eSbqA,33.5123186,-111.995355,5,[33.5123186,-111.995355,33.5123186,-111.995355],[119,99,11]
jUpH-ETst9ZRIhqUXFVkVw,33.499236,-111.9177014,4,[33.499236,-111.9177014,33.499236,-111.9177014],[126,11]
6vMxdpXaYSpzAYS_EkHp4A,33.5271966,-111.9259109,1,[33.5271966,-111.9259109,33.5271966,-111.9259109],[119,99,11]
FV2Xi4ErO921iurdxqTLTQ,33.673667,-111.8892551,1,[33.673667,-111.8892551,33.673667,-111.8892551],[17,62]
LRdv5CaEJvBVfxU4_1a17g,33.4360415,-111.9956337,1,[33.4360415,-111.9956337,33.4360415,-111.9956337],[28,240,241]
XNGgfUDUg0g6oE9s5XbxfA,33.4985625,-111.96797105,38,[33.4869182,-112.0272041,33.5102068,-111.908738],[109,38,48,39,11,119,26]
GyqU6uwvakUfRGt2e71PCg,33.56519975,-112.0100345,3,[33.4471735,-112.092802,33.683226,-111.927267],[352,48,11,185]
l0FbmYc0YG7-YlmyB0QDHw,33.4317278536161,-111.843223571777,1,[33.4317278536161,-111.843223571777,33.4317278536161,-111.843223571777],[44,27,11]
r4Kkoar7VcFRLTu4HLwDDQ,33.4214126082706,-111.942980289459,41,[33.4214126082706,-111.942980289459,33.4214126082706,-111.942980289459],[7,108]
wS06XvuN0sso6h-KZ-Q4Cw,33.6987337,-111.8899216,4,[33.6987337,-111.8899216,33.6987337,-111.8899216],[265,11]
3UhlTf5Rk5kf33pMo8T3Ww,33.50912595,-111.80383470000001,29,[33.456993,-112.1156244,33.5612589,-111.492045],[28,102,190,103,17,18,29,48,185,11]
VG3G98yvESO086EABK7nJg,33.5560781,-111.8987064,10,[33.5560781,-111.8987064,33.5560781,-111.8987064],[39,38,26,127,11]
VnmreEs8T1_ggzr5i-TBxw,33.4074496,-111.9249272,1,[33.4074496,-111.9249272,33.4074496,-111.9249272],[99,48,296,11]
J6L_A2hpZEnzNvi_QbophA,33.4960341,-111.9218068,1,[33.4960341,-111.9218068,33.4960341,-111.9218068],[11]
smeyvZJSSEfAOHzUiPwmWQ,33.53675785,-111.98357279999999,17,[33.4462892,-112.0715044,33.6272265,-111.8956412],[7,47,48,11,26,38,128,39,57,145,40]
WRVEzidVMvjdrwcGyJnsQw,33.4675201,-111.96938714999999,12,[33.3795165,-112.0629953,33.5555237,-111.875779],[251,11,224,39,119,26,38,88,89,373,97,33,48,218,99]
PV8vHeYbpF-XNl5Vb3mzCA,33.4961443,-111.92265995,92,[33.4900575,-111.9276185,33.5022311,-111.9177014],[265,185,11,126,97,307,38,99,39,40,48,119,311,88,26,128,28,17,29]
lHHwLi_YZuDSfdlSShFkug,33.4382789,-112.0178286,200,[33.4382789,-112.0178286,33.4382789,-112.0178286],[117,11]
EfmFYpezKZvEnaL2sv6AsQ,33.558284,-111.975106,2,[33.53876,-112.063942,33.577808,-111.88627],[212,11,163,13,6,118]
RChNyI8OlZ7PvaiYH5YFXw,33.5586766,-111.96048164999999,2,[33.477178,-111.9951643,33.6401752,-111.925799],[33,99,26,11,119,48,24]
kduVApf4VWH0QodGwkWHTg,33.509748,-112.095645,2,[33.509748,-112.095645,33.509748,-112.095645],[215,32]
br1qvK-MvggCRpDcW4_ezw,33.343096,-111.993181,2,[33.343096,-111.993181,33.343096,-111.993181],[32,318]
wOyhjB-LyvVWsM8wov8WFw,33.406538,-111.96167,25,[33.406538,-111.96167,33.406538,-111.96167],[28,17,29]
J0iwfccj-wgx_rODkfB7Aw,33.43475,-112.00644,1,[33.43475,-112.00644,33.43475,-112.00644],[28,170]
0RfAACttcTEY1qByMHmTWg,33.435918952837355,-111.91612810000001,200,[33.3779965056747,-111.94047,33.4938414,-111.8917862],[27,11,33,119,24,43,38,7,47,39,48,128]
1yzxgPc2zaV112z4x1x-cg,33.49112,-112.079081,5,[33.49112,-112.079081,33.49112,-112.079081],[28,17,29]
