S6zhXdY_Q1PZlIi_K3V2tg,33.4360415,-111.9956337,200,[33.4360415,-111.9956337,33.4360415,-111.9956337],[28,240,241]
GQjDHfB9oXHQ2SJTxZnZaw,33.62523475,-112.153659,4,[33.6107458,-112.1849825,33.6397237,-112.1223355],[27,11,218,41]
JnPIPob-WOPlBAdiDUltjw,33.421617342644,-111.9466751753,118,[33.421617342644,-111.9466751753,33.421617342644,-111.9466751753],[63,27,11]
n7WUEZeNKCYgC950r3rbvA,33.4471463668705,-111.981145357095,200,[33.446195133741,-111.9873561,33.4480976,-111.97493461419],[28,17,18,29,265,11]
fk-8-GR9st_RX5Upan7Qmw,33.5020151,-111.9230997,14,[33.5020151,-111.9230997,33.5020151,-111.9230997],[26,11]
pNGnAQ6y5TivUvD-TQX2HQ,33.4230344,-111.9262026,2,[33.4230344,-111.9262026,33.4230344,-111.9262026],[99,11]
9kONxaUjl1Mjfj48U4nSXA,33.4843355,-112.07742605,10,[33.4593954,-112.0830342,33.5092756,-112.0718179],[7,108,26,11,48]
qwoXwrIz5fTfo_sm6qB4BQ,33.6696493,-112.1868299,2,[33.6696493,-112.1868299,33.6696493,-112.1868299],[126,97,11]
sFOh_8x3Vv2KgyuTlFHNeA,33.4732374,-112.00918060000001,200,[33.3058378,-112.1164397,33.640637,-111.9019215],[49,178,333,48,39,205,11,33,38,26,99,88,40,126,128,293,43,28,170,6,200]
8vRuietkRQvJ9H5oLb-q3Q,33.569233749999995,-111.91474855,15,[33.5021455,-111.96828,33.636322,-111.8612171],[119,11,98,7,24,63,10,9,99,265,38,212,41,39,142,137,8,139,127]
9sGrslfna8k-cyTR5NLYww,33.45706495,-111.9691225,5,[33.304331,-112.0737503,33.6097989,-111.8644947],[340,11,33,117,26,109,38,210,39,63]
qaogVXIa3uEG8gnUZ4b2Mg,33.560970999999995,-111.98426625,17,[33.421909,-112.0800705,33.700033,-111.888462],[7,137,8,139,11,27,63,24,71,72,224,6,284,35,99,48,219,218,41,177,140,182,172,244,10]
OK0Rxc0UfjJ-hTMnYRf_Wg,33.5389709,-112.132693,3,[33.5389709,-112.132693,33.5389709,-112.132693],[33,99,120,11]
4FJ5foe5Mp2If2k0pxV_Ag,33.4892464,-111.9271068,1,[33.4892464,-111.9271068,33.4892464,-111.9271068],[44,126,97,11]
s0CObFEuR_8UkIhEKzTC5A,33.539985377948696,-111.95247565,4,[33.4680363558974,-111.977799,33.6119344,-111.9271523],[43,11,26,208,6,35]
AekI5EGgoYTFKecU3I0jfA,33.278677403793,-111.670172075485,33,[33.220784807586,-111.757073,33.33657,-111.58327115097],[190,28,140,11,7,142]
W8VVAWydRYFRFvCVii1UsA,33.6247596,-111.9329381,3,[33.6247596,-111.9329381,33.6247596,-111.9329381],[28,17,29]
KnxaXsiLcX4xMCFkdGrqIw,33.367259149999995,-111.89635565,8,[33.3117903,-111.951494,33.422728,-111.8412173],[149,11,54,55,122,63,27,224,43]
tIaricUPd7pJe82Q4Oz1CQ,33.495263,-111.928554,3,[33.495263,-111.928554,33.495263,-111.928554],[26,11]
Nzamz8RqtTLJ4BXAOY8t2g,33.5763551,-112.1164397,13,[33.5763551,-112.1164397,33.5763551,-112.1164397],[26,11]
9TGZibL14tK57nthUGUPeQ,33.53017025,-111.967517,4,[33.4606143,-111.9872563,33.5997262,-111.9477777],[38,99,128,39,296,11,126,333]
_azAyKXQJ-porpjss_pdUg,33.3210616,-111.88807805,2,[33.3055833,-111.8998179,33.3365399,-111.8763382],[7,142,108]
z_oypfGfDu-pmM3KTlKo-Q,33.317906,-111.964138,1,[33.317906,-111.964138,33.317906,-111.964138],[65,133]
CGyOGAaLtYLvtSPLyWSpzQ,33.457826749999995,-112.0158608,8,[33.4240085,-112.0915342,33.491645,-111.9401874],[38,140,39,40,48,11,7,189,10,24,88,128]
bGM2cp6eeTgJLEE8r6iEMg,33.43475,-112.00644,123,[33.43475,-112.00644,33.43475,-112.00644],[28,170]
eXoGHusNWaL47Dd_Xbq2nA,33.5602577,-111.92725229999999,193,[33.4957243,-111.9287734,33.6247911,-111.9257312],[11,27,63]
YxO8iSExjbxecsqSkqDByA,33.327064500000006,-111.7993855,11,[33.277061,-111.945167,33.377068,-111.653604],[177,140,11,7,18,247,49,276,17,24,108,119,84,389,63]
UpStsEqOOeV_2_4n5PZzjQ,33.4814345,-111.99720595,4,[33.4528292,-112.0685027,33.5100398,-111.9259092],[33,38,39,11,251,117,214]
CjRQKRiz4ebtGVEfWo1InA,33.37343275,-111.92125419999999,3,[33.3350535,-111.9445749,33.411812,-111.8979335],[49,59,177,11]
2VpW47f9LPrvO6Wj2KAbnw,33.5713191,-112.0733505,2,[33.5713191,-112.0733505,33.5713191,-112.0733505],[71,72]
aVr-paGY_YwjVdEzHHiuJA,33.5874955,-111.8390112,2,[33.5874955,-111.8390112,33.5874955,-111.8390112],[11,63]
7PP7rPi5A_iuyFcrjvkJ-Q,33.4629006,-111.9434125,3,[33.409735,-112.029562,33.5160662,-111.857263],[38,26,39,11,161,28,65,17,29]
fghe8on0YoyLbOfo-0VpeA,33.5237453,-112.0487368,4,[33.5237453,-112.0487368,33.5237453,-112.0487368],[38,48,39,11]
chUawSSrZYIzmQPB5nAbtQ,33.6241241,-111.9307637,17,[33.6241241,-111.9307637,33.6241241,-111.9307637],[168,265,11]
dJ9zSKXUL4YRWbcpEg5GSA,33.4801532,-112.0759353,1,[33.4801532,-112.0759353,33.4801532,-112.0759353],[27,11]
tdloQs4hmZUmyw5CbXhMqg,33.52819305,-111.9136796,2,[33.5227721,-111.927209,33.533614,-111.9001502],[10,63,24,11,99]
QThlnQ7AvzZwXHKD5DjdCw,33.571612008295304,-111.97984955,7,[33.507557,-112.0631483,33.6356670165906,-111.8965508],[10,11,177,140,7,142,108]
MveS9IpbZ1Dud8n9YPHZMA,33.461492678983,-112.33894251375,1,[33.461492678983,-112.33894251375,33.461492678983,-112.33894251375],[30,13,6]
49LPQLbRI3MjTRyolv4rOA,33.4915779,-111.925841,3,[33.4915779,-111.925841,33.4915779,-111.925841],[119,38,48,39,11]
90Iz39WOe1dmxgxv2MaarQ,33.246853,-111.879143,3,[33.246853,-111.879143,33.246853,-111.879143],[159,32]
I7zvmDRYtsLUHsLi50wDNA,33.2435992,-111.8413019,2,[33.2435992,-111.8413019,33.2435992,-111.8413019],[26,11]
KMZF29QAMTgyI6d1CNZ_EQ,33.449553,-112.075503,3,[33.449553,-112.075503,33.449553,-112.075503],[10,24,11]
7fmldcy2g4CA_Wf9uKeEdg,33.3853002,-112.001284,6,[33.304861,-112.075503,33.4657394,-111.927065],[224,11]
q9V3RboY327jGyFAdCt1Zw,33.4566960573784,-112.072327136993,1,[33.4566960573784,-112.072327136993,33.4566960573784,-112.072327136993],[119,11]
taLJX-0QTyIAZn9Aqqwk1g,33.41511055,-111.9746899,7,[33.3210491,-112.088808,33.509172,-111.8605718],[224,11,168,42,43,38,99,128,39,296,71,72]
vasHsAZEgLZGJDTlIweUYQ,33.58411455,-111.950391081885,13,[33.4928985,-111.97437286377,33.6753306,-111.9264093],[38,48,39,40,11,84,147,168,265,49,445,66,52,119,99]
j-jGmMx_-w4WUAFF4LOSXg,33.501732399999995,-111.93383560000001,4,[33.42263,-111.940813,33.5808348,-111.9268582],[27,11,33,48,307]
hq6Imcpu0tNIyiQF1kZw4g,33.461749850000004,-112.0667086,9,[33.457788,-112.0676886,33.4657117,-112.0657286],[7,108,186,6,57,26,11,38,145,39]
49FCXb9LuKTQPyNKi-BW3w,33.5320435,-112.1767292,2,[33.481157,-112.202073,33.58293,-112.1513854],[43,11,41]
8gS2_4Ijv9yjfZx_AZAXnw,33.495263,-111.928554,20,[33.495263,-111.928554,33.495263,-111.928554],[26,11]
c7ggENjA6ADKWufjj-hZog,33.49544795,-111.9265025,100,[33.4915779,-111.927164,33.499318,-111.925841],[119,38,48,39,11,265,7,36,142]
AsZ4IoEGrfDy0JxPPa3FCQ,33.436248250000006,-112.00893115,200,[33.43475,-112.0114223,33.4377465,-112.00644],[28,170,26,11]
3XGDSeQCuNfmHBMsUbsgGQ,33.376412,-111.972034,1,[33.376412,-111.972034,33.376412,-111.972034],[49,178]
-zHdYBZXEb2Swj-F1Kk9og,33.523335,-112.150288,7,[33.465368,-112.25351,33.581302,-112.047066],[48,11,140,7,108,26]
5NbO2btVkw2_IE3IMyt19Q,33.5218465,-112.0648577,4,[33.5218465,-112.0648577,33.5218465,-112.0648577],[210,11]
nD4L0jZBYt-tIKv8b-MOMA,33.4743973,-112.00118575,6,[33.4548476,-112.0800705,33.493947,-111.922301],[63,27,24,11,28,17,29]
tV-CHD0zlQqea54XuogRwg,33.463287284621146,-111.893099,73,[33.3021074,-112.059954,33.6244671692423,-111.726244],[38,168,298,88,39,11,7,48,47,26,224,182,172,24,108,119,140,475,10,126,57,97]
_gxzkxL248ipPONmuhuuiw,33.38871845,-111.9053301,2,[33.2812619,-112.020561,33.496175,-111.7900992],[11,63,4,5,6]
I8OBoPigs5qFuezvRJ0_Gg,33.56201711637155,-111.95143329999999,14,[33.4234408327431,-112.0734116,33.7005934,-111.829455],[322,57,7,138,8,139,26,11,49,80,82,59,6,200,224,48,56,126,97,109,38,27,39]
33T-R7e8y7st0PA2HRyHnw,33.408634500000005,-111.96995395,11,[33.304703,-112.065442,33.512566,-111.8744659],[26,11,129,175,332,79,121,39,38,99,128,65,133]
4O-LnNfurO55Tf8ZV-Immw,33.537124000000006,-111.90378595,11,[33.492381,-111.9259469,33.581867,-111.881625],[265,48,11,33,44]
p3B-5STJ7FMavtiWZQ4_Jg,33.6979715,-111.8929195,1,[33.6979715,-111.8929195,33.6979715,-111.8929195],[27,11]
O2KEzHQ4Qfd7UDnw0T024g,33.3850755,-112.01275685,2,[33.3197514,-112.0648845,33.4503996,-111.9606292],[20,231,59,49,23,415,322,57]
F0bc9I4JIWkHmINuf8tKVQ,33.37952555,-111.9287319,4,[33.3207722,-112.0178286,33.4382789,-111.8396352],[57,69,7,8,6,45,101,38,99,39,11]
gGAqsXMBE92OQfJXVw81Nw,33.4796882,-111.93184515,9,[33.3782224,-111.9364223,33.581154,-111.927268],[7,142,54,238]
8W80vBzP_SGTht0reRH4Mw,33.461736,-112.335666,2,[33.461736,-112.335666,33.461736,-112.335666],[169,11]
2-ukE2slBDVllwblxkPUiQ,33.4931793,-111.9320931,1,[33.4931793,-111.9320931,33.4931793,-111.9320931],[39,26,127,11]
zrFNO2UM6IzUXsNuU2L3mQ,33.48044195,-111.9897297,17,[33.45168,-112.0629224,33.5092039,-111.916537],[26,11,33,99,44]
GJ81EquQfQKvS-eLRdr6aQ,33.4501531575615,-111.97720075000001,44,[33.2762703,-112.079081,33.624036015123,-111.8753205],[11,63,99,127,38,212,39,40,206,161,65,133,109,201,7,8,119,26,48,210,27,140,97,57,36,69,265,311,88,10,24,352,43]
cQUSUxEdl-2c9E5VyDCluQ,33.6357834,-111.9253272,1,[33.6357834,-111.9253272,33.6357834,-111.9253272],[161,123,65]
SnaNDutikEP1TR53oR-OTA,33.6405124,-112.0190828,3,[33.6405124,-112.0190828,33.6405124,-112.0190828],[7,108]
SuM-5uuReJJY30J4widx1A,33.50427535,-111.98091514999999,15,[33.4977299,-112.035918,33.5108208,-111.9259123],[38,11,26,128,39,265,49,80,82,59,119,33,48]
z3w5NYv-wWOHbODfyZJGKg,33.302973,-111.842536,1,[33.302973,-111.842536,33.302973,-111.842536],[98,7,24,11]
K78FXzWpeOtl1XVdilcZhQ,33.62405385550694,-111.932439208577,38,[33.6233481110139,-111.9329381,33.6247596,-111.931940317154],[48,11,28,17,29]
11eM848j6eNo4YRTeWoMFw,33.475806,-111.927229,2,[33.471677,-111.92777,33.479935,-111.926688],[224,11,43]
xd7ga2GujEw4izRvdvfxPg,33.3932816,-111.6807231,11,[33.3932816,-111.6807231,33.3932816,-111.6807231],[202,72]
92OadU1zjBBopkkWxWEroQ,33.6914525,-111.92022,2,[33.6914525,-111.92022,33.6914525,-111.92022],[1,301,32,302]
S27F_1lgY5tkuzNZW7AkPA,33.479591299999996,-112.20494355,7,[33.4498373,-112.3510497,33.5093453,-112.0588374],[119,260,48,11,7,108,182,223,140,38,210,26,39]
-OMlS6yWkYjVldNhC31wYg,33.5127925,-111.917732545485,200,[33.34697,-112.34971999097,33.678615,-111.4857451],[11,27,63,32,95,222,98,7,206,224,49,80,82,59,48,38,140,39,40,168,144,99,251,43,64,65,88,89,445,66,52,36,8,119,120,26,138,139,24,127,33,10,9,185,143,205,181,229,298,47,117,214,57,145,182,109,44,142,28,170,219,218,41,101,210,46,6,309,285,306,292]
kcDJV34QWMKnCHXlv476bw,33.469522142472,-111.996380361055,200,[33.444801984944,-112.07211772211,33.4942423,-111.920643],[39,119,48,38,11,99,128,185,57,327]
rjG63heZZlggLU6mi0roLQ,33.5188475,-111.946952,14,[33.491695,-111.96828,33.546,-111.925624],[48,11,177,109,38,39,119,201,27,63,7,108,98,10]
_jKweejaiA14hbDI9YTf6A,33.542193,-111.925634,20,[33.542193,-111.925634,33.542193,-111.925634],[265,126,97,11]
bNond-e4VDj37_txLJvSfw,33.496175,-112.020561,1,[33.496175,-112.020561,33.496175,-112.020561],[11,63]
Lha7RqPNrJuZ0BuAOZowiw,33.4194512,-111.915926,9,[33.4194512,-111.915926,33.4194512,-111.915926],[38,7,47,88,39,48,11]
5eOjREaDIXXiOOdjuFSEhw,33.3923925083035,-111.909382612556,14,[33.276252,-112.029066725112,33.508533016607,-111.7896985],[210,11,127,26,38,7,47,88,39,48,142,99,108,194,6,204,65,71,72,24]
_AmdPmOiR00XdTx_BIDMFA,33.28073985,-111.6337431,6,[33.2528,-111.7435862,33.3086797,-111.5239],[27,11,84,147,7,8]
EtDlcUczmLNRdZRolhUYsg,33.6629442,-112.0182329,1,[33.6629442,-112.0182329,33.6629442,-112.0182329],[90,32,314]
9cWb58MPQ_87q1H2kgyNDQ,33.464786399999994,-112.07210459999999,3,[33.4549678,-112.0791022,33.474605,-112.065107],[48,11,38,181,39,40,119]
sY0ACyCuIAmG7zKrCgT-sw,33.64053,-111.92477,14,[33.64053,-111.92477,33.64053,-111.92477],[126,11]
jF12WNhAmNjZoeoRaCU7GQ,33.5394957824975,-111.880052525065,2,[33.492335,-111.9236549,33.586656564995,-111.83645015013],[38,99,39,40,11,27]
pnjtFSrqRddK8AD4LBO1kA,33.379412,-111.78976,1,[33.379412,-111.78976,33.379412,-111.78976],[96,72]
bxugxtz_Y9gqoaGBtIokRw,33.597427,-111.997299,2,[33.597427,-111.997299,33.597427,-111.997299],[175,129,79]
wRliFwjWsNX7Xk_XbQWyDQ,33.594090449999996,-112.15222975,5,[33.5777369,-112.186983,33.610444,-112.1174765],[38,99,39,265,128,11,98,7]
cVREZE_IWl8IujYOdoDiCg,33.483516449999996,-112.02701925,3,[33.4719589,-112.0649208,33.495074,-111.9891177],[251,11,210]
00rv5DeFuilc39RV46Ks7w,33.3060571,-111.9484225,4,[33.3060571,-111.9484225,33.3060571,-111.9484225],[7,8]
ye_oNq4eYVk4TCSd_3zF6Q,33.489835,-112.0539725,2,[33.469968,-112.065431,33.509702,-112.042514],[7,98,108,172,11,26]
cPwnDQ4bRFDygGMkzJFu3Q,33.3543116,-111.88668515,2,[33.3086797,-112.0297841,33.3999435,-111.7435862],[27,11,185]
ebRDMSN4eMUyfOaw3g6ifg,33.316807,-111.971525,1,[33.316807,-111.971525,33.316807,-111.971525],[123,65]
8Z1QcaXdXc9yD7ajN-6euA,33.5555237,-111.8987034,2,[33.5555237,-111.8987034,33.5555237,-111.8987034],[218,11]
uQhdqLmVfIqYreBML3xcAA,33.4340647310654,-111.994457244873,18,[33.4340647310654,-111.994457244873,33.4340647310654,-111.994457244873],[98,7]
cyQXwQf3j41l5ZxazRknsg,33.43475,-112.00644,1,[33.43475,-112.00644,33.43475,-112.00644],[28,170]
NAEibj1B6RSgeI_luEbctA,33.5708131,-112.0657374,1,[33.5708131,-112.0657374,33.5708131,-112.0657374],[26,11]
JRXDmKG6lzt1PJqu12QBjQ,33.4960515,-111.9302928,1,[33.4960515,-111.9302928,33.4960515,-111.9302928],[38,11,39,63]
R5e1wXS37ApkFChanXDl9w,33.4581065,-111.96549395,5,[33.332733,-112.0474619,33.58348,-111.883526],[48,11,78,79,7,142]
oUkdf4w_8UnWxjV_cYUsuA,33.484439,-112.364213,20,[33.484439,-112.364213,33.484439,-112.364213],[11,63]
pbtjLDA99dG2ej-w6iBlDA,33.46999545,-112.067041,3,[33.465462,-112.078017,33.4745289,-112.056065],[48,11,7,108,27,24]
N6mYqXrmy--zcNjpMnoTjw,33.4761359,-112.07469,116,[33.4761359,-112.07469,33.4761359,-112.07469],[28,17,29]
Tqyt11K8hv6-6M_fIsG-8w,33.4484009,-112.0715171,1,[33.4484009,-112.0715171,33.4484009,-112.0715171],[27,11]
i63u3SdbrLsP4FxiSKP0Zw,33.5005986390346,-111.9290255,200,[33.4925020001075,-111.9339561,33.5086952779617,-111.9240949],[38,39,99,11,119,206,28,17,29,48,101]
Pwzztdd1B8m536_C2p6zgg,33.498643400000006,-111.96497695,3,[33.4946927,-112.0002774,33.5025941,-111.9296765],[7,292,99,48,11,65,133,108]
l2wXNANMmbq8RW7TE9hkog,33.41051885,-112.02536455,4,[33.3193788,-112.072854,33.5016589,-111.9778751],[38,39,40,63,27,11,119,120,43]
64VTJ4baW_bAu_ncHt_cyg,33.394393,-111.977873,5,[33.394393,-111.977873,33.394393,-111.977873],[71,72]
A6QRTCKvyplV-NBC9L_SDg,33.4261714,-111.83483684999999,18,[33.414991,-111.951494,33.4373518,-111.7181797],[27,11,26,63,43]
vbO8T_5GSJtv6Jv0sbulXQ,33.7129908,-112.1130158,1,[33.7129908,-112.1130158,33.7129908,-112.1130158],[7,108]
ssS0BitX8BP0PL-vYHStiw,33.4176237,-111.93429735000001,5,[33.3441274,-112.079081,33.49112,-111.7895137],[137,7,139,49,80,59,119,99,11,26]
Y48AWfVejfub4nQPFYN9UQ,33.61524935,-111.9249749,3,[33.5299053,-111.926437,33.7005934,-111.9235128],[265,11,483,26]
8AmFNpqDOvj5Yjfhxpysvw,33.51724575,-111.92487649783351,51,[33.4922985,-111.925634,33.542193,-111.924118995667],[265,126,97,11,119,99,210]
MniEBec53DoNdZP6YbS55Q,33.3702541,-111.9741847,1,[33.3702541,-111.9741847,33.3702541,-111.9741847],[265,11]
wmd83JcSusFYldhxBNHnYg,33.591467300000005,-112.0468575,5,[33.5123186,-112.09836,33.670616,-111.995355],[119,99,11,26]
eM2DncdyycVI2CtNlxxprw,33.461159,-111.925916,9,[33.461159,-111.925916,33.461159,-111.925916],[357,39]
7x3NHmEw7pqn93EMWDpTWQ,33.5612589,-112.1156244,9,[33.5612589,-112.1156244,33.5612589,-112.1156244],[48,185,11]
mxViYcGg-RerE7_qr8aKuw,33.597132,-111.715264,2,[33.597132,-111.715264,33.597132,-111.715264],[84,336]
UqUel_4RH0abVhachI6o8g,33.75214244206925,-112.1316344252245,21,[33.6397311,-112.137740850449,33.8645537841385,-112.125528],[224,11,26,39,99,185]
ZyN4s1x50gFmZ8fUo_-MgQ,33.56590945000001,-111.898868,21,[33.304492,-111.924099,33.8273269,-111.873637],[212,26,43,11,307,63]
3J9C11LIMawC46gJsGv1Sg,33.54207115,-111.93915325,4,[33.4995106,-112.0475633,33.5846317,-111.8307432],[206,11,109,38,39,440,65,133]
bvMK95co-XETnC5weJT1RA,33.4399342,-112.5564651,2,[33.4399342,-112.5564651,33.4399342,-112.5564651],[3,376]
K5KsS3zgursnC4y54LBdSw,33.4471735,-112.073781,2,[33.4471735,-112.073781,33.4471735,-112.073781],[48,11]
MSDBaQUNFK7w5hhf11_Xsw,33.458491550000005,-112.0095548,15,[33.3350531,-112.0898162,33.58193,-111.9292934],[119,260,48,11,43,168,98,7,108,292,27,340,177,140,38,39,40,57,145]
0YEHnDV4Pc0Cu6lqBC7jyA,33.58578905,-111.91856164999999,46,[33.500545,-111.930343,33.6710331,-111.9067803],[11,63,119,99,168,48,229,7,142]
ZNIxRh-iCCynnUk5PFHJnw,33.43475,-112.00644,200,[33.43475,-112.00644,33.43475,-112.00644],[28,170]
d3tr5fSFjmV2X3VBA68hdg,33.67300044555295,-111.935036940576,9,[33.6717895,-111.964073181152,33.6742113911059,-111.9060007],[27,11,7,142]
fmI5igqIj7ShSj5d4Shsig,33.453088050000005,-112.0091175,44,[33.425938,-112.077889,33.4802381,-111.940346],[24,11]
BXKGr3dETxebTObAbgDFYQ,33.47612945,-111.98225695,9,[33.4399403,-112.0403946,33.5123186,-111.9241193],[259,260,11,109,38,39,63,27,119,99,72,287]
2IqfyCoH5eO5xgFTgMpY3Q,33.4801073,-111.9328406,1,[33.4801073,-111.9328406,33.4801073,-111.9328406],[78,79]
w4D8_5DBU7eP5Caws-sgSw,33.41447045,-111.9857145,90,[33.319374,-112.042103,33.5095669,-111.929326],[43,11,96,72]
OAkZCtdNNwCfEBnxZSOPPg,33.4548476,-112.0800705,1,[33.4548476,-112.0800705,33.4548476,-112.0800705],[63,27,24,11]
i-kPcHFEXraUB77-0u60uw,33.4641,-112.273257,3,[33.4641,-112.273257,33.4641,-112.273257],[33,11]
9UMZAdORkBx8u9e6wyEggA,33.471068,-112.222977,1,[33.471068,-112.222977,33.471068,-112.222977],[30,8,13,6,7,110]
k0PFJaNEM2vECsg38Jz2YQ,33.4577621286892,-112.0666852184965,200,[33.4566960573784,-112.072327136993,33.4588282,-112.0610433],[120,11,119]
nuYG6NLqj8is-cDyIKvhAg,33.587126,-111.996546,2,[33.587126,-111.996546,33.587126,-111.996546],[32,314]
3EkwOuxBqrb3ASJ0X10byw,33.4736046,-111.96406115,3,[33.4522676,-112.0019948,33.4949416,-111.9261275],[99,11,119,24]
wc-_PKXchSrQOUHpXf6GsQ,33.435559,-111.94741685,200,[33.4223528,-112.0714186,33.4487652,-111.8234151],[38,7,47,39,48,128,11,99,27,26]
yRQHOo0R1yGNh18d3fn65g,33.554825,-111.899636,2,[33.554825,-111.899636,33.554825,-111.899636],[119,201,11]
nDqJ0LZIho7UeMox6IvQpA,33.51315,-112.073765,2,[33.51315,-112.073765,33.51315,-112.073765],[11,63]
ePduC-tSwrMQRjKI4Suh7Q,33.47200960000001,-112.05249135,157,[33.3051122,-112.2194127,33.638907,-111.88557],[188,23,11,63,27,4,13,6,115,160,38,101,33,39,128,119,99,26,88,224,181,40,126,97,48,43,377,7,8,247,10,24,298,210,109,108,182,172,206,192,168,177,140,98,246,139,17,423,232,47]
uB9GYU0MuKAMZ5tHvZjEvg,33.6556844,-111.9300279,3,[33.6556844,-111.9300279,33.6556844,-111.9300279],[99,11]
2FG32XNf0ywGJXRULAC79w,33.319889897155406,-111.901979892615,4,[33.3187306943108,-111.94338798523,33.3210491,-111.8605718],[43,11,168,42]
xNIx3S3q7ysFlCRBo5uiIQ,33.5390978,-111.8847911,3,[33.5390978,-111.8847911,33.5390978,-111.8847911],[26,11]
ey-PMkAlAzWCw-cTtcNuZQ,33.492962,-111.927751,2,[33.492962,-111.927751,33.492962,-111.927751],[224,11]
8U5Cm8jRXLyEB0B59zEScA,33.4537869019623,-111.927165985107,2,[33.4537869019623,-111.927165985107,33.4537869019623,-111.927165985107],[182,172,11]
owqPYjFP9ZMKCAwi1GWCcg,33.5356713795255,-112.259674072266,200,[33.5356713795255,-112.259674072266,33.5356713795255,-112.259674072266],[24,11]
iuZwUxqdF87bLVDhHt5Q7Q,33.601342,-111.715591,1,[33.601342,-111.715591,33.601342,-111.715591],[7,108]
a5PCOFgEkDs6oyrByIJWdQ,33.4922985,-111.9245517,2,[33.4922985,-111.9245517,33.4922985,-111.9245517],[210,11]
nZ5SEIbH-oJV7YJsmh979w,33.3501605,-111.9738805,2,[33.32137,-111.981214,33.378951,-111.966547],[168,99,11,6,45]
NeynA1ST6NeNaniH4eXhwg,33.49112,-112.079081,2,[33.49112,-112.079081,33.49112,-112.079081],[28,17,29]
Wcklre6gDWFL1Atsw5OGWQ,33.489980700000004,-111.92759699999999,13,[33.3021074,-112.0131291,33.677854,-111.8420649],[65,105,133,224,11,177,140,108,7,119,38,109,39,182,218,307]
TCNwB9KAccI4te8fzZAx2w,33.4089920436082,-112.0175586503905,10,[33.3779891872164,-112.345359,33.4399949,-111.689758300781],[224,11,33,119,24,10,99,48,296]
g7UIh8W1PpEC8WdIBShfSw,33.5299053,-111.926437,16,[33.5299053,-111.926437,33.5299053,-111.926437],[265,11,483]
v6VXTTsHKsoE0kSTHtuhJA,33.498915,-111.928258,11,[33.498915,-111.928258,33.498915,-111.928258],[11,63]
j1vlIo6NgK19-OMvSHWPgQ,33.6710331,-111.9067803,7,[33.6710331,-111.9067803,33.6710331,-111.9067803],[126,11]
U8Apq4SqFhlSY69ET6q6Qw,33.4354553,-112.0739136,200,[33.4354553,-112.0739136,33.4354553,-112.0739136],[309,285,11]
Btwy6Uinj6-15zWoe2ZhZw,33.4552907,-111.9878697,1,[33.4552907,-111.9878697,33.4552907,-111.9878697],[43,11]
O4X675oA9a6TyEqeLC7yoQ,33.42263,-111.940813,2,[33.42263,-111.940813,33.42263,-111.940813],[27,11]
FfY0a61tUDNdizSO-cGgJw,33.580542,-112.1215834,15,[33.580542,-112.1215834,33.580542,-112.1215834],[7,33,142,11]
oCDn4bcj_IYUaNDb8lCdpA,33.4664955,-112.132294,15,[33.4216,-112.34477,33.511391,-111.919818],[224,11,109,38,39,63,126,48,7,8,247,26,97,119,24,309,285]
hbIrgvJtmHRHPUWvc_0uyw,33.6239133,-111.9251335,1,[33.6239133,-111.9251335,33.6239133,-111.9251335],[6,345,84,346,141,23]
O3VYGrJwZiv5SM8DvqkBfA,33.507713,-112.040047,1,[33.507713,-112.040047,33.507713,-112.040047],[33,99,11]
LusAw6vTDC7KAfbuClMReA,33.510653,-111.847635338828,200,[33.383123,-111.981189677656,33.638183,-111.714081],[7,108,168,11,49,438,52,33,44,27,57,69,38,99,128,39,296,98,10,9,368,46,6,117,162]
UG4Mj3GJs4PpnFlF6z7g1Q,33.5951089,-112.22076405,5,[33.5514432,-112.2705607,33.6387746,-112.1709674],[99,120,11,33]
CtmQ_whqLS_SPi97Y6KvXA,33.135620599999996,-111.85703555,4,[32.8794202,-111.961734,33.391821,-111.7523371],[11,27,307,63,26]
qH6h-NdkFvJ17H8qmIF3Gw,33.4346646089965,-111.994210481644,7,[33.4346646089965,-111.994210481644,33.4346646089965,-111.994210481644],[48,11]
9gOqdcFWVducm7vXPrdqrA,33.51544,-111.98675515,5,[33.500545,-112.047101,33.530335,-111.9264093],[33,38,48,39,11,26]
BRqAtsWSTyHSd9z2g9Fd_Q,33.5035795075615,-111.94625464599599,5,[33.383123,-111.964485,33.624036015123,-111.928024291992],[206,11,99]
XqMkm-DD9VsdcKx2YVGhSA,33.491699350000005,-111.77553995,200,[33.2711537,-112.1868299,33.712245,-111.36425],[7,11,63,251,38,48,128,39,40,10,185,142,99,43,177,26,149,168,181,229,140,224,212,126,293,108,201,119,97,196,292,265,33,117,285,101,127,145,57,205,206,41,44,182,298,88,36,27,24,373,109,49,445,66,52,333,162,239,430,42,46,6,47,307,9,138,139,341,352,221,98,258,28,17,29,178,218,89,69,440,260,387,62]
eSFwjnha_E0bCRlTWPIjUA,33.434972099999996,-111.93288315000001,33,[33.304846,-112.0737503,33.5650982,-111.792016],[224,11,192,7,36,43,251,38,99,128,39,422,421,65,8,48,26,181,126,97,212,88]
G2ggMyJ-QDq842pt839nsw,33.56609725,-111.93447085,3,[33.4922985,-111.94439,33.639896,-111.9245517],[340,210,11]
qnvmx-rQGBwAxSaoLahGOw,33.4194512,-111.915926,59,[33.4194512,-111.915926,33.4194512,-111.915926],[38,7,47,88,39,48,11]
0Wcam1PhpCZXXZu-JNKIAg,33.5094263,-112.02479105,4,[33.5088428,-112.0342897,33.5100098,-112.0152924],[265,11,38,99,39]
ctgGTGgjI3-OB0OQGWcdZA,33.5077365,-112.2029085,7,[33.392492,-112.331795,33.622981,-112.074022],[26,11]
pCQz3sc_7rI-be4-Ek6SRg,33.577679849999996,-112.196444495485,16,[33.44238,-112.34971999097,33.7129797,-112.043169],[99,26,11,38,143,39,6,70,17,18,307,212,43,27,40,7,108,24,142]
OJAVaXjOrnWeXbp6xJFTcQ,33.623934,-111.921665,1,[33.623934,-111.921665,33.623934,-111.921665],[10,24,11]
DGbRMfyD4BjnT-Rc_oIS0A,33.6552062,-111.9785442,20,[33.6552062,-111.9785442,33.6552062,-111.9785442],[54,195,238,65]
a1WczdQDbTg5ly0EJUIN8g,33.56899025,-112.0634806,91,[33.4995106,-112.19974,33.6384699,-111.9272212],[109,38,11,39,440,265,126,26]
RF6YtkHA6dpf6TksnQV7ag,33.500545,-111.9264093,1,[33.500545,-111.9264093,33.500545,-111.9264093],[119,99,11]
4nrzs6bHniDZtkr0isqoEQ,33.6405893,-112.0474847,2,[33.6405893,-112.0474847,33.6405893,-112.0474847],[63,27,11]
26ZfvTOvwPGB7NfXPBROhw,33.5626476,-112.06486155,5,[33.5092832,-112.0731753,33.616012,-112.0565478],[54,55,122,84,147,65,133,26,11]
eZecAGia2op8mYKDFZIyhA,33.6072746,-112.12118955,7,[33.5735764,-112.1244544,33.6409728,-112.1179247],[57,69]
B24Y7PZDzx8SisqNz1HsCw,33.56454185,-112.10367435,6,[33.5308657,-112.167662,33.598218,-112.0396867],[28,271,96,72,57,306]
9Y4b4mTNNBaYrbT3gSaSew,33.5020036165904,-111.928035020828,22,[33.5020036165904,-111.928035020828,33.5020036165904,-111.928035020828],[168,99,11]
IbFLA5eVpE31vu22deCVUQ,33.377119199999996,-111.9213347,5,[33.321266,-111.9536334,33.4329724,-111.889036],[129,78,278,79,7,142,121,43,11]
Kjk_U6MmsEy3wT3ePQn9Yg,33.5130562,-112.00437224999999,15,[33.4801124,-112.0771796,33.546,-111.9315649],[7,108,126,11,12,114,13,6,119,24,30,139,225,250,109,38,39,63,48,26,127]
bOxUKo05hC2AnolJsFlKBA,33.624662,-111.943525,1,[33.624662,-111.943525,33.624662,-111.943525],[11]
2L4sTgOqCgh8HB0Aljf2yg,33.57184815461535,-112.065788782814,14,[33.4326053092307,-112.226631,33.711091,-111.904946565628],[177,140,11,7,292,108,24,126,97,57,69,38,40,39,48,26,127]
7urpEPQ3oQFZNoykUUmZIQ,32.8773814,-111.7536705,2,[32.8773814,-111.7536705,32.8773814,-111.7536705],[119,24,11]
QVEurU1FUq3z3DwLWI98Kw,33.40065195,-111.84920600000001,5,[33.3786739,-111.940813,33.42263,-111.757599],[98,7,24,11,27]
iZ-ZBjEbjpwezLDNiASChQ,33.5237137,-112.1504594,8,[33.5237137,-112.1504594,33.5237137,-112.1504594],[120,11]
srFzxRZ3uyJD9ByEpQKiSg,33.674073,-112.120662,8,[33.637161,-112.254093,33.710985,-111.987231],[265,126,11,63,28,190,54,55]
acTHvHwj8iUIzSDpX9wANg,33.464182,-111.937969,7,[33.464182,-111.937969,33.464182,-111.937969],[71,72,297]
jRNWNx8wiMz7s6yZnC_KWg,33.287221,-111.88743,9,[33.287221,-111.88743,33.287221,-111.88743],[28,17,29]
BNZG_2nlf8hJn63FicF8Ug,33.5171237,-111.91998935000001,9,[33.4920804,-111.931447,33.542167,-111.9085317],[48,11,38,128,39,88,219,218,62,27,17]
08PXVzu6ysM93s-HaUPOIQ,33.3630686,-111.88583765,10,[33.3478272,-111.9102573,33.37831,-111.861418],[224,182,11]
Ac1sVXF5NQIrvYw7v5DeBQ,33.423848,-111.91971910000001,3,[33.4225411,-111.93526,33.4251549,-111.9041782],[38,7,47,88,39,48,11]
3x4bjKdtSiptbWkljZnKWg,33.4349251,-112.0934397,200,[33.4349251,-112.0934397,33.4349251,-112.0934397],[28,17,29]
1_gjYNJ0dHU8GvGdhOHmyQ,33.4471735,-112.073781,8,[33.4471735,-112.073781,33.4471735,-112.073781],[48,11]
K88XumWDOLIY3mO5L3HFHw,33.5612589,-112.1156244,12,[33.5612589,-112.1156244,33.5612589,-112.1156244],[48,185,11]
qomPI_qt9gYhlp9bXJSnWg,33.4549678,-112.0791022,1,[33.4549678,-112.0791022,33.4549678,-112.0791022],[33,119,99,11]
dnwHOR5aYCcN_bQfokVcgg,32.879846,-111.75298,12,[32.879846,-111.75298,32.879846,-111.75298],[64,65]
ykqvLh7uPq6_7OEvoSnU-Q,33.4511677,-111.98679065,58,[33.3929982,-112.0608177,33.5093372,-111.9127636],[88,38,39,89,11,224,24,61,13,6,212,63,97,115,372]
xBIZ1FdAC0R-_ZhgQQVGDQ,33.41386835,-112.0430588,5,[33.3781837,-112.075503,33.449553,-112.0106146],[26,11,39,38,99,128]
3i5jcrScvhryWfuESGIHxA,33.4251549,-111.93526,10,[33.4251549,-111.93526,33.4251549,-111.93526],[38,7,47,88,39,48,11]
awF1dcPd0IY94GFt5GOEgg,33.4548476,-112.0800705,1,[33.4548476,-112.0800705,33.4548476,-112.0800705],[63,27,24,11]
sfKMl7ERKuwxIh3HLXUg-Q,33.41233015,-111.9633345,35,[33.3196304,-112.0919692,33.5050299,-111.8346998],[38,140,39,40,48,11,57,145,182,172,43,7,108,60,6,219,218,41,322,26,8,119,70,244,162,24,403,121,79,112,173,250,254,215,32,28,442,241,27,61,13]
KJr7eW2yHEtDxZm8TXb8QA,33.4216704,-112.0591527,2,[33.3778368,-112.08241,33.465504,-112.0358954],[26,11,7,142]
fhOVpi-s4XNA_86z4acGOg,33.484011,-112.048027,1,[33.484011,-112.048027,33.484011,-112.048027],[7]
i_dXLt7xSBQM8OGEjnTdlw,33.6239872,-112.14510475,21,[33.484439,-112.364213,33.7635354,-111.9259965],[48,11,136,6,17,270,38,39,40,65,133,7,47,142,26,212,43,10,27,63]
Qg2UYECtGHCW8LDUm4twjQ,33.5094461,-112.0403946,12,[33.5094461,-112.0403946,33.5094461,-112.0403946],[63,27,11]
p83nYtwdCJznFbdbZx57Bg,33.60149235,-111.90697220000001,3,[33.574883,-111.9258314,33.6281017,-111.888113],[88,38,39,298,11,26,48,206]
i-fll9VX9bwVbsM6qvXfrA,33.48259865,-112.0771901,2,[33.4769049,-112.0807567,33.4882924,-112.0736235],[44,24,11,106,54]
Q0m-xdxfjvjeyL1bQJZsUA,33.378688129193,-111.8958657841975,6,[33.306176258386,-112.070889,33.4512,-111.720842568395],[7,292,108,57,56,38,273,39,128,43,11,24]
LhBhU5JXSGQb_7qjhVvbGg,33.538825200000005,-111.90478895000001,149,[33.4941704,-111.9260519,33.58348,-111.883526],[7,142]
Gnf9LcD3YdzW9foJURJrxg,33.415938350000005,-111.83671675,7,[33.415501,-111.837456,33.4163757,-111.8359775],[322,19,57,20,23,10,48,24,11]
bmD__9xSpAppGXjFKwbXQw,33.519933949999995,-112.09777055,6,[33.4724491,-112.2691041,33.5674188,-111.926437],[251,11,7,162,109,38,265,39,26,483]
peTZMdney82Hi41aYn2Q5w,33.5160662,-112.029562,57,[33.5160662,-112.029562,33.5160662,-112.029562],[161,28,65,17,29]
XVdpbZd9i5nzryse3UMQ1Q,33.494718,-112.021252,1,[33.494718,-112.021252,33.494718,-112.021252],[6,35,264]
rIP5S5HZumKPx6ubpCN1NQ,33.4492,-112.0696,8,[33.4492,-112.0696,33.4492,-112.0696],[28,17,29]
ke_H9VWfz421S6ZywAc8Xg,33.4365579,-112.01553945,2,[33.3928392,-112.0908411,33.4802766,-111.9402378],[12,61,13,6,70]
KkuCskeWo-Du_VQPciJO4g,33.53876,-112.063942,13,[33.53876,-112.063942,33.53876,-112.063942],[212,11]
YYOHB_aac2medzsF4MtmXw,33.647097,-111.8928229,1,[33.647097,-111.8928229,33.647097,-111.8928229],[84,147]
vSgWO6SAtx3oKMfYXbtwxw,33.7999505,-112.127874,30,[33.7999505,-112.127874,33.7999505,-112.127874],[99,11]
uyAQ-a31cOJ4_uB5P9MSEg,33.261262,-111.876604,1,[33.261262,-111.876604,33.261262,-111.876604],[54,242,238]
hdARWhh0Jar1Ht-5jQ4OHw,33.49686795,-112.06588719999999,19,[33.466104,-112.0839659,33.5276319,-112.0478085],[6,70,92,15,111,112,113,17,43,11,99,24,210,38,143,293,39,26]
6cNeSdh-wReom6I1IM4m_g,33.477178,-111.925799,4,[33.477178,-111.925799,33.477178,-111.925799],[119,48,24,11]
vi27yI3CBLeanxNGlk03-Q,33.507425,-112.0366323,34,[33.507425,-112.0366323,33.507425,-112.0366323],[11,63]
uFXrezdNbph5QbmvYVmhEA,33.3572446,-111.81449008765,42,[33.2135559,-111.9466751753,33.5009333,-111.682305],[7,139,225,26,11,108,129,175,332,79,121,39,27,189,10,24,57,69,44,296,38,128,99,40,33,98,63,185,47,48]
E0oFsRiCM7aYzqFOOFcKHg,33.608278999999996,-112.098797772446,8,[33.537943,-112.222988944892,33.678615,-111.9746066],[7,33,142,11,201,48,117,57,99,91,44,285,296]
XR68Z2P9dI_FLMLElGCnLQ,33.433526900000004,-111.9003352,13,[33.3057949,-112.1156244,33.5612589,-111.685046],[48,185,11,117,214,99]
WbLd1N_OI8lk8eoPO2wgkw,33.4471735,-112.073781,65,[33.4471735,-112.073781,33.4471735,-112.073781],[48,11]
46YbLvT4tAfi_LCpLf59pg,33.423805,-111.735789,1,[33.423805,-111.735789,33.423805,-111.735789],[99,11]
CIXGdgwXUbtF5z-ujAORWw,33.5336234,-111.9652641,87,[33.5336234,-111.9652641,33.5336234,-111.9652641],[161,28,65,17,29]
n5s_x99cq1iZH1ktBQmeUQ,33.5160662,-112.029562,20,[33.5160662,-112.029562,33.5160662,-112.029562],[99,11]
0xJbjcrYzk0vFG8H9Bhjzg,33.3844325,-111.8052763,1,[33.3844325,-111.8052763,33.3844325,-111.8052763],[99,11]
8WhRGzIwOftSv4wpb-3SsA,33.613057,-112.167585,2,[33.613057,-112.167585,33.613057,-112.167585],[108,7,201,375,139,11]
1z5zqAPAQZ7HzyQcwTfgFQ,33.667863058303496,-111.9847686,6,[33.508533016607,-112.045816,33.8271931,-111.9237212],[210,11,177,285,140,27,24]
cBYpr6smva08dwILm_JYYw,33.3187985,-111.98479499999999,7,[33.305824,-111.991311,33.331773,-111.978279],[126,11,26]
VzpKS1BlvUbcVvdRF81Eog,33.6404484,-112.0677151,1,[33.6404484,-112.0677151,33.6404484,-112.0677151],[43,11]
obE8_eTqwRYt1pC_HwDugw,33.548933,-112.046248,18,[33.548933,-112.046248,33.548933,-112.046248],[48,11]
0Z2fXWdjR8iQtWb109r8OQ,33.5302696775354,-111.926350593567,8,[33.5302696775354,-111.926350593567,33.5302696775354,-111.926350593567],[109,38,265,39,11]
jKg43xVpvtcGrJruTbt77A,33.446159300000005,-111.91482045000001,12,[33.3354566,-111.9533039,33.556862,-111.876337],[185,11,7,108,8,137,139,162,43,33,119,99,14,15,6]
hqwyjRqc5FZXyDnHTtkEpA,33.5515304,-112.2707018,24,[33.5515304,-112.2707018,33.5515304,-112.2707018],[27,11]
BdV6g3Dw_SXfZwim9Vzqng,33.5968448,-112.10196780000001,12,[33.509702,-112.229329,33.6839876,-111.9746066],[83,6,185,11,26,63,27,38,99,39,265,128]
XUuIkTfKf-lYf4JGhNRuHw,33.486585149999996,-112.13672925,138,[33.43475,-112.2670185,33.5384203,-112.00644],[28,170,17,29,11,27,63]
Igp3BPu-x7KBiqeMSg-SkQ,33.51579975,-112.03157055,23,[33.3353078,-112.2550702,33.6962917,-111.8080709],[119,11,48,7,9]
2zJkYUECtxgxjE0KmgRjVQ,33.6470463,-111.8929644,1,[33.6470463,-111.8929644,33.6470463,-111.8929644],[120,11]
bF4e8LunTfFIqxvxzGe--A,33.5708131,-112.0657374,4,[33.5708131,-112.0657374,33.5708131,-112.0657374],[26,11]
S7nT_ebCmF5IHJg8k70LDw,33.798477,-112.066857,1,[33.798477,-112.066857,33.798477,-112.066857],[32,203,90]
Zbt_xK9M2k32DzzVkoPj8g,33.6462961,-111.9189477,94,[33.6462961,-111.9189477,33.6462961,-111.9189477],[26,11]
cqe6BCkfEX6oQs63Etb3Ig,33.4930514,-111.9339561,51,[33.4930514,-111.9339561,33.4930514,-111.9339561],[28,17,29]
RKeLH3cM47vtyTaNNpC67Q,33.312066,-111.8589585,9,[33.263328,-111.859837,33.360804,-111.85808],[229,11,99]
Oh9OOyDSGf4eNWGiNazh8g,33.6382038313039,-112.363443374634,1,[33.6382038313039,-112.363443374634,33.6382038313039,-112.363443374634],[251,212,11]
zYoKUN1toIXylhi6ptZf3Q,33.3297768187497,-111.9255430726445,7,[33.2815753506694,-111.973588345289,33.37797828683,-111.8774978],[212,11,181,41,43,26]
x38yaB9Bx3FPNp3JFyY3OA,33.494204,-111.976613,4,[33.494204,-111.976613,33.494204,-111.976613],[38,99,39,11]
va0CpyGqJsF26ZHHn7-dAA,33.53200125,-112.01320015,17,[33.488527,-112.1001451,33.5754755,-111.9262552],[43,11,212,63,97,311,88,38,39,119,33,27,224,7,8,48,251,108,24]
ibg_KTLPrqzU4HfDZBlFbQ,33.3075024,-111.6700435,1,[33.3075024,-111.6700435,33.3075024,-111.6700435],[11]
fU8oomynW00OC9HZJ8K-qg,33.4944068,-112.1277942,2,[33.4495566,-112.181569,33.539257,-112.0740194],[251,11,224]
NQOZG4wBbaq1as9KnnSADw,33.639381,-111.887385,1,[33.639381,-111.887385,33.639381,-111.887385],[49,321,59]
Z9tt9reITkmU1QnTYgJeJQ,33.4921092,-111.86009085,6,[33.409735,-111.8629187,33.5744834,-111.857263],[38,26,39,11,48]
Tq6BmL4d9WX9iw0hEcRDRA,33.6249505,-111.90650135,5,[33.612867,-111.9217796,33.637034,-111.8912231],[6,113,246,17,116,88,38,39,298,11,26]
5QIRfDmbYhVv7xDeiw4p3w,33.5308260732579,-112.142502293994,194,[33.5003932465158,-112.169380187988,33.5612589,-112.1156244],[48,185,11,57,327]
QI5VSi3GuQRRMNGU2BpapA,33.449233,-112.065458,12,[33.449233,-112.065458,33.449233,-112.065458],[27,11]
Ypz7hxOCnrg8Y8vxHJU-sQ,33.496047372397,-111.8599863,103,[33.321061644794,-112.0816756,33.6710331,-111.638297],[88,38,39,40,7,292,99,48,11,43,109,24,127,108,119,265,137,6,139,27,201,168,181,229,298,117,214,26,47,251,449,33,128,140,177,285,63,142,28,17,29,307,212,36,182,169,333,57,306,192,10,97,126,89,224,239]
B37abx_VH-lE0EmkCad0aA,33.584499544298,-111.880722670225,4,[33.581877,-111.925123,33.587122088596,-111.83632234045],[223,11,27]
ZkL5bPvyhyZMXDSWgGfeTA,33.5660775,-111.90783755000001,9,[33.492914,-111.9339561,33.639241,-111.881719],[38,39,40,99,48,11,7,108,206,119,28,17,29]
2XUzWESdjzJ0fsJ0GB_FJw,33.4148995083035,-111.9886368513105,34,[33.321266,-112.072327136993,33.508533016607,-111.904946565628],[7,292,108,24,11,224,6,270,142,88,38,39,89,172,57,145,101,48,244,285,185,43,10,298,210,26,17,62,84,72,393,213,14,15,47,192,119,128,293]
Q6kbptKsx3uORzeueDiU0g,33.5785425,-112.14139399999999,9,[33.49112,-112.203707,33.665965,-112.079081],[26,11,63]
0VNNqpD687meEu70X5knNw,33.388054015954054,-111.90054094999999,11,[33.2815660319081,-112.0736563,33.494542,-111.7274256],[39,38,99,128,11,265,27,57,145,258,28,17,29,7,36,49,158,178,40,108,80,82,59]
KXSpx3GxpcT5CtWcnHo1aw,33.501166,-111.905488,3,[33.501166,-111.905488,33.501166,-111.905488],[32,95,222]
MGJ49BRBM_qL01Ms8TuTXQ,33.5210402,-111.9127047,3,[33.4860023,-111.926703,33.5560781,-111.8987064],[33,119,11,39,212,126,293,38,26,127]
teReqgLIak4hP8be-JQxPA,33.4955181,-112.0097241,8,[33.425938,-112.0791022,33.5650982,-111.940346],[119,11,7,108,109,38,210,39,142,24]
Z-ZExGQk107S1xTyspk-ug,33.5015861,-111.98352565,9,[33.4941704,-112.0409994,33.5090018,-111.9260519],[13,6,115,372,7,142]
cTeWfsM-BLjmOHjhq3CoaQ,33.547137649999996,-112.1342196,15,[33.4673423,-112.2209537,33.626933,-112.0474855],[99,127,11,265,212,26]
5a8GWOYq-CCuJB3qdR00Ew,33.46182195,-111.98693225,14,[33.3999435,-112.0482435,33.5237004,-111.925621],[99,11,446,185]
wuCszpVPMIMyOCualnZtaw,33.5272155,-112.2190986,10,[33.459613,-112.3727582,33.594818,-112.065439],[182,99,11,307,212,43,109,38,265,39,63]
lf57rHZpKiaACi6vypK4KA,33.493221649999995,-112.02607396849649,7,[33.449233,-112.072327136993,33.5372103,-111.9798208],[119,11,49,66,52,27]
2XguVr_kTKRlinEXyaD8Pw,33.495069349999994,-111.98956050000001,9,[33.4503996,-112.0893753,33.5397391,-111.8897457],[202,72,49,146,322,57]
wlf3vmTA336YJErbh8SI-g,33.46738965,-111.96591455000001,156,[33.3350531,-111.9872563,33.5997262,-111.9445728],[126,11,27]
fgNjgqVP5dNgQFfQLyjXyQ,33.49471825,-112.0565765,27,[33.4801532,-112.0759353,33.5092833,-112.0372177],[27,11,61,13,6]
MsmHvSb-D0bvh1aeRS3nMg,33.5313005,-112.08174315,7,[33.4240504,-112.2234146,33.6385506,-111.9400717],[99,11,38,26,39]
qk4D5w7s2q7vNQpuc3032g,33.449553,-112.075503,10,[33.449553,-112.075503,33.449553,-112.075503],[10,24,11]
NByxhUHuUpqgHUxY1y3tNw,33.59650955,-112.05740255,7,[33.373465,-112.1429531,33.8195541,-111.971852],[158,28,322,102,57,103]
-B7zBAQ_5PtWJHrVWpbfSA,33.376425499999996,-111.9009204,4,[33.2762703,-111.9265203,33.4765807,-111.8753205],[99,11,26]
0PDyF0G9HNEkC4qT2cSQFA,33.634585,-112.07979835,8,[33.581154,-112.2382757,33.688016,-111.921321],[265,99,11,84,345,6,346,71,72]
bk246fyu3m7tN_-JXC7-DQ,33.4881215,-111.927323,23,[33.483281,-111.927751,33.492962,-111.926895],[63,27,11,224]
FdJ7cwdPcIrQ_mix48xo7g,33.4329724,-111.9043028,2,[33.4329724,-111.9043028,33.4329724,-111.9043028],[26,11]
rEcLUTTWxykdB5BFlBuMpw,33.4740662,-111.9270986,5,[33.4740662,-111.9270986,33.4740662,-111.9270986],[10,11,24,63]
7xp8QB-6APuFbiSdEI3-4Q,33.5223611,-112.0824227,1,[33.5223611,-112.0824227,33.5223611,-112.0824227],[71,72]
xFG4Ca2HHmbxDTkMlmHnjQ,33.56302065,-111.9387464573975,195,[33.3051122,-112.153574,33.8209291,-111.723918914795],[182,48,140,11,63,27,43,224,126,97,7,142,119,33,168,26,440,260,38,99,39,40,352,108,292,88,173,6,112,206,49,469,146,298,210,341,265,17,62,78,79,276,44,24,109,172,155,54,80,59,57,69,61,13,331,247,251,311,212,307,65,133,137,8,139,36,185,181,229]
kak_42G2f_2ZdUjwQ9p0hg,33.52174575,-112.05611425000001,5,[33.5131565,-112.0651275,33.530335,-112.047101],[6,77,378,35,32,76,26,11]
GWrek3mSqZToa1xuSWyaGA,33.36841795,-111.94243085,47,[33.3046962,-111.9819,33.4321397,-111.9029617],[74,24,11,251,7,455,139,38,47,88,39,48,26]
_izaXiw2oFaKaadoqWKBsQ,33.3829561,-111.8059243,5,[33.3829561,-111.8059243,33.3829561,-111.8059243],[296,11]
fW1RBWhhVrZ5t-TURpIvlA,33.56600435,-112.08236554999999,28,[33.448333,-112.235193,33.6836757,-111.9295381],[99,11,307,212,43,141,6,54,324,106,315,7,8,45,129,78,278,79,30,13,15,25,33,142,110]
ddu8W1rg4M4J_gjy-12SmQ,33.530335,-112.047101,1,[33.530335,-112.047101,33.530335,-112.047101],[26,11]
nZCcDiU4h_59a_37PyWvyw,33.53700650005375,-111.9290596867525,7,[33.4925020001075,-111.996292,33.581511,-111.861827373505],[119,99,11,212,43,109,38,39,63,128]
m87qCIfKVVq8wnX6U4GNZA,33.51284335,-112.0624995,14,[33.4552907,-112.1371293,33.570396,-111.9878697],[112,6,7,138,139,97,11,8,15,191]
zY6xhAQzOHkn6QJU4lJZhA,33.331655,-111.982113,3,[33.331655,-111.982113,33.331655,-111.982113],[33,119,99,11]
0_9g0TXf8vrp1np9U2Inew,33.306501,-111.875221,14,[33.306501,-111.875221,33.306501,-111.875221],[251,43,11]
C6BYesCiITaw_STVT1GI6g,33.4024699,-112.04198758097999,27,[33.304138,-112.17432641493,33.5008018,-111.90964874703],[33,11,41,43,7,98,8,10,27,292,142,24,168,144,26,117,185,44,99,212]
A7qMN0kifdU9iXH_-5xHRQ,33.300942,-111.8426005,41,[33.299873,-111.842615,33.302011,-111.842586],[109,38,48,39,11,33,119]
-PJxXwkxu7vqV5Kz1WjyLA,33.4552907,-111.9878697,38,[33.4552907,-111.9878697,33.4552907,-111.9878697],[43,11]
ST2NCJwM6bOCI_cphe75vw,33.305003,-111.994346,2,[33.305003,-111.994346,33.305003,-111.994346],[71,72]
aoj5A4BXcnPdA4PRYCV77Q,33.461736,-112.335666,6,[33.461736,-112.335666,33.461736,-112.335666],[169,11]
UEl78Gkvuydtn9z3z6dBtg,33.44419865,-111.7776882,5,[33.3060589,-111.8752353,33.5823384,-111.6801411],[28,17,18,29]
cUON6M54zOudrlP-2cET0g,33.4668722,-112.0299964,6,[33.4668722,-112.0299964,33.4668722,-112.0299964],[210,11]
rmg52i2YdPSVDgvJ6nNFFQ,33.4806043,-111.9081371,2,[33.4806043,-111.9081371,33.4806043,-111.9081371],[84,147]
k_qZ47wApoqNwl7uNiiOBA,33.561760750000005,-112.16713165,26,[33.484487,-112.2691041,33.6390345,-112.0651592],[48,11,109,38,265,39,43,143,293,218,7,138,139,97,140,40,119,224]
iabNwwEWKA4f79bvGY0kvw,33.33552695,-111.83430899999999,4,[33.322155,-111.876336,33.3488989,-111.792282],[119,11,7,162,201,194,98,292]
ykCKcsi8Yv-3naU6PobaMw,33.5094293,-112.029503,3,[33.5094293,-112.029503,33.5094293,-112.029503],[84,345,6,346]
y9CWMzue2ghq1ddN8S_qaQ,33.714414,-112.425944,144,[33.491645,-112.778692,33.937183,-112.073196],[28,17,29,38,140,39,40,48,11,65,161,26]
DtrCcsdxQPK12FWHqtDRcQ,33.5625280637963,-111.958272,6,[33.4947792,-112.029562,33.6302769275926,-111.886982],[84,147,113,6,17,116,7,9,10,11,49,178]
vAX5VC7Zdk-BTxRa7CC6OQ,33.4499,-112.0739,200,[33.4499,-112.0739,33.4499,-112.0739],[49,52,79]
u_5vw3B7boy7FVWtwA_ifA,33.4610265,-112.065292,3,[33.4492,-112.074519,33.472853,-112.056065],[109,38,48,39,11,7,108,119]
8h5EXsiEuK5_igQ0cgxPZQ,33.442170450000006,-111.9378573,23,[33.313774,-112.086757,33.5705669,-111.7889576],[26,11,7,24,47,27,177,140,126,97,185,38,99,128,39,265,251,98,10,9,49,387,88,89,84,86,108]
z9owN83vHqjkXxWpe-lSDQ,33.337009,-111.875775,1,[33.337009,-111.875775,33.337009,-111.875775],[7,138,8,139]
JrgMaBiKyZnoNcGZenKhnA,33.50788315,-112.0053566,7,[33.498915,-112.0824552,33.5168513,-111.928258],[11,63,26]
-1HphDKKAuMHu--9wM07IA,33.469302150000004,-111.88300635,7,[33.3107008,-111.8910255,33.6279035,-111.8749872],[119,24,11,129,277,278,79]
AHUxQ_XU5c_TVcoaaSsUEw,33.5456505,-112.00456919999999,61,[33.413158,-112.1333594,33.678143,-111.875779],[7,108,138,139,97,11,43]
ylqeGfWJCw4JlFT_ik7JeQ,33.434102,-111.8677129,1,[33.434102,-111.8677129,33.434102,-111.8677129],[7,313]
I-P1v7sRjDLEfVOndp01kA,33.57645396830745,-112.07464747960799,200,[33.2795972846121,-112.3581277,33.8733106520028,-111.791167259216],[38,140,39,40,48,11,322,57,145,97,7,9,10,404,451,265,126,46,6,218,26,63,43,182,99,177,285,28,342,240,241,149,13,115,372,205,185,8,200,212,12,114,45,224,42,361,27,30,33,56,292,22,108,65,133,168,169,170,88,89,98,119,24,137,138,139,204,54,55,122,188,23]
eTRiDnLNg4znhSZ-9_Gmpg,33.43475,-112.00644,184,[33.43475,-112.00644,33.43475,-112.00644],[28,170]
aPQuGzqs4D8my3K0vXjb8Q,33.512957549999996,-111.95397700000001,200,[33.399991,-111.985653,33.6259241,-111.922301],[28,17,29,307,212,43,11,27,63,48,39,205,265,99]
zkUwzahkEgSk_qbzj3IGHw,33.6402914,-112.2286575,2,[33.6402914,-112.2286575,33.6402914,-112.2286575],[7,108]
FZ8kkKGSOmtnAU_E6_TgQw,33.3632528,-111.851185,3,[33.3118314,-111.913402,33.4146742,-111.788968],[251,11,26,27,63]
cTAVA8x2FZvvn41w5P6p2A,33.4152304,-111.8234333,1,[33.4152304,-111.8234333,33.4152304,-111.8234333],[72]
RXouIqI9BGucOGgOGSge3g,33.321864,-111.726244,2,[33.321864,-111.726244,33.321864,-111.726244],[7,24,108,119,11]
lFjikTwkD9gfthMPpIiRnw,33.34241595,-111.95535415,6,[33.3351559,-111.9631173,33.349676,-111.947591],[98,7,62,17,11,24,194]
cxOLDfjjPAgu3lPuiFZB7A,33.52660025,-112.0197741,12,[33.4240085,-112.1500692,33.629192,-111.889479],[33,11,119,177,140,6,204,65,126,97,7,142,338,313]
PJ9erx7SaQ1EvbrQEcVmOw,33.407407,-111.9392616,2,[33.407407,-111.9392616,33.407407,-111.9392616],[38,99,39,11]
CyRKjjsDl6a56vyr7lS1YQ,33.47668565,-112.31781475,15,[33.4574699,-112.5565485,33.4959014,-112.079081],[53,54,55,266,122,38,109,39,63,27,11,26,352,201]
yLS1cQzbt5bckdoWvwSCkA,33.4233955,-111.893269,2,[33.33985,-111.926536,33.506941,-111.860002],[475,48,11,373,196,43]
CKNpAUJaQFw2Ntb0HZsvJA,33.3359104,-111.9080449,1,[33.3359104,-111.9080449,33.3359104,-111.9080449],[11,63]
RPvZJpiwnHuaLYPmAaGEGg,33.671403,-112.185076,1,[33.671403,-112.185076,33.671403,-112.185076],[54,55,266]
2MUHb24xkiQFqM4hpjLU_w,33.6118276,-111.93934515000001,2,[33.58348,-111.9951643,33.6401752,-111.883526],[7,142,33,99,26,11]
R2LpzBWBzaIdgrU_qxm_gw,33.411473,-111.971545,18,[33.411473,-111.971545,33.411473,-111.971545],[28,17,29]
-F8z6JmU5-601IC0QFtJLA,33.5823384,-111.6801411,1,[33.5823384,-111.6801411,33.5823384,-111.6801411],[28,17,18,29]
2XK_NPoSEZcyCTEcE8aMkQ,33.494205,-111.931447,5,[33.494205,-111.931447,33.494205,-111.931447],[48,11]
MQz-bZND3T_-RRwBOcINKQ,33.499499,-111.927402,28,[33.499499,-111.927402,33.499499,-111.927402],[48,11]
p4biT34WoS6rSnP28GdxwA,33.5871465,-112.0654805,12,[33.463308,-112.203559,33.710985,-111.927402],[109,38,48,39,11,168,210,126,97,63]
ddgBOz0L3P-WIRGi7V0g1Q,33.283706949999996,-111.79239995,5,[33.2587342,-111.8412137,33.3086797,-111.7435862],[27,11,251,43]
C2ifD_22XcSfUey3fcGlKg,33.46284825,-111.7192049,200,[33.39926,-112.0741598,33.5264365,-111.36425],[119,11,7,292,99,48,28,170,430,46,6,24,322,57,102,103,127,142,98,10,333,63,470,145,39]
RWcRb99ZZCY4_Yh1iFLUXQ,33.626933,-112.100731,49,[33.626933,-112.100731,33.626933,-112.100731],[212,26,11]
utHO9N7WyeBqpkE-WPVJHA,33.5102803,-112.0720329,2,[33.5102803,-112.0720329,33.5102803,-112.0720329],[49,193,59]
h12rzZNOsRqAgcAHAzBqYA,33.42865155,-111.96227505,21,[33.3354566,-112.0648577,33.5218465,-111.8596924],[119,38,48,39,11,210,7,162,43,181,128]
7_ik6qydQwFNQiRcV_sFKQ,33.677854,-111.978579,3,[33.677854,-111.978579,33.677854,-111.978579],[126,11]
sBLRl_6gQ5HkUVQpmjE05g,33.415073,-111.726788,1,[33.415073,-111.726788,33.415073,-111.726788],[311,11]
GWL_JPpB7ZXvnT9ObzWjLw,33.477178,-111.925799,2,[33.477178,-111.925799,33.477178,-111.925799],[119,48,24,11]
iAL_JuQgZPD0eynNgyZMCQ,33.4224084,-111.8644947,19,[33.4224084,-111.8644947,33.4224084,-111.8644947],[26,11]
pnUQXwVGP6EaxvY064Kjxg,33.62342,-111.891906,1,[33.62342,-111.891906,33.62342,-111.891906],[24,11]
5yI1_e9jCyuc8NaDWMRatQ,33.8303701,-111.9317707,9,[33.8303701,-111.9317707,33.8303701,-111.9317707],[48,11]
Y5XpjsRSow5d3OkH7iJYeQ,33.5302696775354,-111.926350593567,83,[33.5302696775354,-111.926350593567,33.5302696775354,-111.926350593567],[109,38,265,39,11]
R4Bxpk5_jhmysfUgimz5Qw,33.495035,-112.047259,3,[33.495035,-112.047259,33.495035,-112.047259],[33,117,11]
f04YAPMHo96Ykfc_o7cqjg,33.61565725,-112.00678445,5,[33.5478355,-112.0474569,33.683479,-111.966112],[99,265,11,212,229]
9J9t3vTv6xhMEgwKzKJIWg,33.683226,-112.092802,1,[33.683226,-112.092802,33.683226,-112.092802],[185,11]
bgxBZ4VNdXM6U9_UlttoIQ,33.444799,-112.066662,182,[33.444799,-112.066662,33.444799,-112.066662],[57,327]
xt6yYFBEIc8BFf1toT3zqw,33.4566960573784,-112.072327136993,1,[33.4566960573784,-112.072327136993,33.4566960573784,-112.072327136993],[119,11]
wNTZMYPQRZAx645BuhdTyQ,33.3948971,-111.896969,200,[33.3550442,-112.00644,33.43475,-111.787498],[28,170,185,11,273,39,7,142]
XLeGBtfHjJoJsCbOpzBi8A,33.5082167,-112.3581458,3,[33.5082167,-112.3581458,33.5082167,-112.3581458],[26,11]
gV15lBJ87f3XfbsEm3j6wQ,33.52380945,-112.09322825,4,[33.4942423,-112.2948244,33.5533766,-111.8916321],[57,327,24,11,126]
8jtT3J_mIIN8LKosGOXJEg,33.67114,-111.907275,3,[33.67114,-111.907275,33.67114,-111.907275],[6,155,54,156]
nWBqqK7duHm-JVUXJFSZMw,33.421558,-111.945394,1,[33.421558,-111.945394,33.421558,-111.945394],[27,11]
9J7fLfEB7B36P43HtolITA,33.3346157829099,-111.912059783936,3,[33.3346157829099,-111.912059783936,33.3346157829099,-111.912059783936],[352,11]
p8mXatpKVeCcXL8AKgA63A,33.6391363,-112.150244,2,[33.6391363,-112.150244,33.6391363,-112.150244],[210,11]
m-p9ILrmc-g2YN_vfT9WXQ,33.46720415,-112.0083894,6,[33.4233153,-112.076505,33.511093,-111.9402738],[48,11,7,142,108,119,307,27,172,224,112,6]
CnmofijDA4Ej7lRlJyX47w,33.34313367403005,-111.74167785,13,[33.3070935480601,-111.7571117,33.3791738,-111.726244],[212,11,7,24,108,119,46,6]
LvWV9PrWoqcX3WHs5O-q_Q,33.461022650000004,-111.92280124999999,8,[33.4194512,-111.9296765,33.5025941,-111.915926],[38,7,47,88,39,48,11,182,99]
6m_BC82QsrmUB68rfP_fxA,33.379229,-111.927105,2,[33.379229,-111.927105,33.379229,-111.927105],[38,273,39,128]
3bLTch_mDZGPl_OE6pURiw,33.674354550000004,-111.90191815,115,[33.6710331,-111.9067803,33.677676,-111.897056],[126,11,49,178]
Ij82_DOUO_zqni57y20F-g,33.4654529,-112.052224,4,[33.4654529,-112.052224,33.4654529,-112.052224],[7,162]
Vz1Z92XtkF3_Z-8rZmUaLw,33.5370761,-112.0474792,5,[33.5370761,-112.0474792,33.5370761,-112.0474792],[63,27,11]
qvbpVWbpzE1ZwJCkzl10Bw,33.621274848681,-111.899064353952,1,[33.621274848681,-111.899064353952,33.621274848681,-111.899064353952],[26,11]
bGvtW70L5c2SBp6mwAvqLA,33.312472,-111.9821725,56,[33.304703,-111.982787,33.320241,-111.981558],[99,153,185,11,26]
6t1CDk7k7z1eJSCKOz0IEw,33.36943385,-111.94873799999999,8,[33.3194165,-111.98155,33.4194512,-111.915926],[65,133,11,63,32,95,222,167,38,7,47,88,39,48]
jtyY3BPEDCy_KaTuv61AQg,33.542871000000005,-112.2220765,2,[33.534184,-112.270119,33.551558,-112.174034],[161,65,133,224,11]
ZpzktAWuUgqlSKgIk0wX8A,33.677854,-111.978579,6,[33.677854,-111.978579,33.677854,-111.978579],[7,108,201,119,11]
4MPyMe-0iEWeMIMiYmuQlA,33.333182,-111.983142,1,[33.333182,-111.983142,33.333182,-111.983142],[43,11]
iwLGuUgpEpVh8R7RgSmh-Q,33.47869015,-112.03330740000001,10,[33.4471735,-112.0764371,33.5102068,-111.9901777],[48,11,7,8,119,265,57,39,145,38,33,40,109,63]
PZUmF5V2Tf8bNGIPPbYv1A,33.48559241376755,-111.99817039999999,200,[33.449233,-112.0740398,33.5219518275351,-111.922301],[351,57,186,6,39,49,445,66,52,119,11,27,7,36,8,247,28,17,29]
TfQvJj0IIGBTQJ0UMhpPtw,33.5388471,-111.9641728,3,[33.5388471,-111.9641728,33.5388471,-111.9641728],[7,47,48,11]
UhgUFf0U0If5KTpcRyF5Zg,33.492027845552954,-112.016311887317,41,[33.3098443,-112.363443374634,33.6742113911059,-111.6691804],[7,142,251,11,185,4,5,6,8,33,28,170,99,120,212]
GvKJx4m-m_4SKS81vVa5Pg,33.5100398,-112.0146407,180,[33.5100398,-112.0146407,33.5100398,-112.0146407],[33,38,39,11]
KoUAWaVTn6Em7nsR7qZxBg,33.553428,-111.9563921,7,[33.4948091,-112.047095,33.6120469,-111.8656892],[127,11,129,78,278,79,38,39,40,28,57,258,17,29]
5_2BuK-IWiuLhZ9VGBRYYw,33.425976649999996,-111.71718145,200,[33.39926,-112.0701129,33.4526933,-111.36425],[28,17,29,57,333]
QvSB8zZd5lrK59X58IgYSA,33.5006532,-112.0739689,3,[33.5006532,-112.0739689,33.5006532,-112.0739689],[27,63,24,11]
gKPSxw9mcJKQESB3j6abJw,33.5708131,-112.0657374,10,[33.5708131,-112.0657374,33.5708131,-112.0657374],[26,11]
B84JOAYqn2u2qmhf9dx4lA,33.5102127,-112.03435495,5,[33.496155,-112.0474619,33.5242704,-112.021248],[99,11,48]
zxxgw3vZyzISNGqTuvxJjw,33.4788366,-112.0750239,3,[33.4578271,-112.0825915,33.4998461,-112.0674563],[38,143,39,205,57,186,6,11,63]
Ih21aZj_yU_PDIERoAw2bA,33.3778548,-112.0323812,1,[33.3778548,-112.0323812,33.3778548,-112.0323812],[13,6,22,65]
-seOTPosRFgKcZIzA7qj4Q,33.6753542414738,-111.965274810791,1,[33.6753542414738,-111.965274810791,33.6753542414738,-111.965274810791],[168,265,11]
gN8kb6z5bTAePJRBq7Wb9g,33.477178,-111.925799,1,[33.477178,-111.925799,33.477178,-111.925799],[119,48,24,11]
3IienA33ywdksFzAO_B8CA,33.303233,-111.842532,3,[33.303233,-111.842532,33.303233,-111.842532],[7,33,48,47,11]
J8QKQshbOYDxgFR9MwCKYw,33.530205171321995,-112.17236508765001,20,[33.421617342644,-112.398055,33.638793,-111.9466751753],[27,11,63,109,38,265,39,307,212,43,88,298,57,145,48]
5G0GcGQU7NaPghLBwWeL5w,33.444799,-112.066662,200,[33.444799,-112.066662,33.444799,-112.066662],[57,327]
CXfd-mvFx1_WhX_FByg3pQ,33.4948197,-111.9798208,25,[33.4948197,-111.9798208,33.4948197,-111.9798208],[119,11]
zMnX3gV8vItvdQZZGf5j1Q,33.37083015,-111.92179485,6,[33.319395,-111.9686247,33.4222653,-111.874965],[26,11,43,7,8,148,98,10,9,168,63,17,62]
dEKd3zPY5tW1c5MyJYycTA,33.4211684,-111.82589955,25,[33.419984,-111.828384,33.4223528,-111.8234151],[28,17,29,26,11]
NdaeuczrUnj1uiAlmW-QGQ,33.3637131,-111.9631397,1,[33.3637131,-111.9631397,33.3637131,-111.9631397],[26,11]
J8ngVoMkwgKHD_Ouogy0Hg,33.5094824,-112.0282825,42,[33.5094824,-112.0282825,33.5094824,-112.0282825],[479,113,6,77,35]
2eICeRlxg8Mb51cTnw4r0A,33.4787939,-111.9259092,2,[33.4787939,-111.9259092,33.4787939,-111.9259092],[309,119,285,11]
a-qqw3p_3N5K2nEOf-O36A,33.5541065,-111.97477950000001,5,[33.47081,-112.06982,33.637403,-111.879739],[485,54]
b33vvO2iNmjJySn_n_qdfg,33.3051122,-111.99506,2,[33.3051122,-111.99506,33.3051122,-111.99506],[7,108,119,172,11]
0cpYLEs1lvGL1jcOB0exQQ,33.495210150000005,-112.03663835,2,[33.4803943,-112.0491027,33.510026,-112.024174],[48,11,26]
Pg3SmoQemfPaF4p2inaggQ,33.6367691,-112.3516813,2,[33.6367691,-112.3516813,33.6367691,-112.3516813],[345,6,35,264]
l1cu1k87dUKdgbYr6FSndQ,33.41884,-111.908094,4,[33.413158,-111.940409,33.424522,-111.875779],[88,38,39,40,224,11,7,47,48]
5rTusmrW2GgC0_gvxBFNXQ,33.41464895,-111.9746031,7,[33.3197625,-112.0275918,33.5095354,-111.9216144],[10,11,24,63,119,120,126,97,26,33]
7F6OLOvZL4EAQkNRR_FEbw,33.4552253,-111.9214243,4,[33.407079,-111.9256326,33.5033716,-111.917216],[7,142,39,38,27,128,11]
16OpQ1Dt_G7qo_bpR7V3jg,33.6228432,-111.9253506,3,[33.6228432,-111.9253506,33.6228432,-111.9253506],[123,65]
5CQoZzC6Z87U6KSFlakV5w,33.4156823,-111.6701409,17,[33.4156823,-111.6701409,33.4156823,-111.6701409],[27,11]
xJ8x9o-IUXR74pSEs5Pdow,33.42652675,-111.9323045684965,11,[33.330835,-112.072327136993,33.5222185,-111.792282],[119,11,48,24,98,7,292]
79-CSBzE1wnOWD4JuRr_PA,33.4011551,-111.89495930000001,13,[33.304492,-111.9310456,33.4978182,-111.858873],[212,26,43,11,224,27,63,119,219,218]
aYEgwWFxO26hmkxzZ8AKgg,33.406538,-111.96167,11,[33.406538,-111.96167,33.406538,-111.96167],[28,17,29]
btfv0CFoDX6vJCPms6-Irg,33.6761053,-112.3199294,200,[33.3783016,-112.735556,33.973909,-111.9043028],[38,99,39,128,185,11,265,311,43,109,48,26,28,17,29,57,145,40,169,126,97,119,24]
aNSAD4y23VoGYh7FdgKoKw,33.496647,-111.926503,14,[33.496647,-111.926503,33.496647,-111.926503],[7,108]
sgb91Hc4rVeLqehNy7Pvnw,33.5879473,-112.1164668,9,[33.5879473,-112.1164668,33.5879473,-112.1164668],[168,169,11]
1NqzsgYtUwyngVyKzs_Lgg,33.4522676,-111.9261275,10,[33.4522676,-111.9261275,33.4522676,-111.9261275],[28,17,29]
YloWz4Nwfx1qDH-BX1KIFw,33.480537,-111.909584,1,[33.480537,-111.909584,33.480537,-111.909584],[71,72]
4a3ATLkT7vtGjaIIJtIMxw,33.4076218,-111.9160366,1,[33.4076218,-111.9160366,33.4076218,-111.9160366],[26,11]
NvewS2pwUPZIyNlzznoRKg,33.4261603,-111.939838,49,[33.4261603,-111.939838,33.4261603,-111.939838],[39,38,126,97,11]
ssVaEKDDc8d-eD25r6q04A,33.4152885,-111.8319018,2,[33.4152885,-111.8319018,33.4152885,-111.8319018],[11]
r0LasHiNFXRswMUBU4xjEA,33.6387602,-112.06952705,3,[33.637072,-112.071339,33.6404484,-112.0677151],[38,11,128,39,27]
-h_6B4Z0m_1-NXngMoxP0w,33.4986721,-111.99877935,2,[33.4949347,-112.0020575,33.5024095,-111.9955012],[38,128,39,27,11]
-FpJ2cYA2Z8M1eE1J0jPQQ,33.6351639048764,-111.925028265069,4,[33.6247596,-111.9329381,33.6455682097528,-111.917118430138],[28,158,17,29]
UWZS4I1GWctDx_L2TPNpkw,33.44938065,-112.07204195,6,[33.4423345,-112.0736563,33.4564268,-112.0704276],[38,39,40,11,126,97]
pFgi_bf5MCfTAE4BndFzZw,33.4552907,-111.9878697,1,[33.4552907,-111.9878697,33.4552907,-111.9878697],[137,7,139]
x-mSKVfXouDx3qQQjMAHnQ,33.445960644078994,-112.0136465,32,[33.3782241,-112.091191,33.513697188158,-111.936102],[7,36,177,11,48,38,101,33,39,128,28,240,241,32,95,222]
3eYt34k8TUVWLKRR2VGLnw,33.973909,-112.735556,1,[33.973909,-112.735556,33.973909,-112.735556],[99,11]
Cn1T7V1xJpLEMImvuwfLrw,33.494247,-111.92975,4,[33.494247,-111.92975,33.494247,-111.92975],[109,38,48,39,11]
402XHuG51Cqcz-Pl5S9KvQ,33.6756042,-111.9664335,5,[33.6756042,-111.9664335,33.6756042,-111.9664335],[32,95,222]
gUcRzKqIei8KJxmeZRz6hw,33.8000576,-111.9280264,35,[33.8000576,-111.9280264,33.8000576,-111.9280264],[65,158,17,28,161,29]
z6uR-UKdd4f6N72e9fBVeQ,33.55461525,-111.92204945,7,[33.542193,-111.925634,33.5670375,-111.9184649],[11,63,265,126,97]
HFe4NZuq-6kOUOhst6KjtQ,33.40318444699555,-111.96278815,33,[33.2969601939911,-112.0830443,33.5094087,-111.842532],[7,33,48,47,11,27,28,170,26,10,9,88,38,39,89,63,6,70,108,338,201,129,278,79,265,84,147,99,128,185]
xl_mBCzmmgETHgIgwAwX8w,33.3052816858981,-111.720539331436,2,[33.3052816858981,-111.720539331436,33.3052816858981,-111.720539331436],[26,11]
BxpLaXcHygv97D1BA1T1tQ,33.29229695,-111.86820750000001,10,[33.2475,-111.87918,33.3370939,-111.857235],[251,11,48,126]
oo1vkkPjNKdA7x39xqYHDQ,33.507425,-112.0366323,1,[33.507425,-112.0366323,33.507425,-112.0366323],[11,63]
tWEyScVjG7ZYr8Z62i0VHA,33.4790949,-112.0590997,7,[33.449188,-112.0772,33.5090018,-112.0409994],[13,6,115,372,84,35,264,86]
tR_395VZaCpbS9pg2fwyPg,33.35195725,-111.8194488573975,16,[33.31081,-111.9149788,33.3931045,-111.723918914795],[41,11,99,7,63,400]
aEtHZ0iDgk54fA4JGsr2tQ,33.489906,-112.048002,2,[33.489906,-112.048002,33.489906,-112.048002],[13,6,77,61,35,84,389]
QevsEAFVQfBNlrloGgwNgw,33.539130049718054,-112.31295594221149,13,[33.4382064,-112.5579174,33.6400536994361,-112.067994484423],[229,185,43,11,98,7,119]
3p2trbZBP6v9ZTDi3wOJLw,33.5227721,-111.9001502,1,[33.5227721,-111.9001502,33.5227721,-111.9001502],[10,63,24,11]
Q5dOiEov6ekUCncS9zlrNg,33.4498268,-112.007221,5,[33.42263,-112.073629,33.4770236,-111.940813],[109,38,48,39,11,27]
gX3-jmzpdxQdGPSVSx6B-g,33.473991,-112.35304550000001,6,[33.463543,-112.364213,33.484439,-112.341878],[11,63,126,97]
kXT3pVtElactR8nFmeLbbg,33.4984738,-111.91794805,48,[33.3216034,-112.1091081,33.6753442,-111.726788],[7,194,212,361,11,126,97,127,43,373,239,142,139,225,292,232,416,44,36,27,63,41,33,48,88,38,99,39,311,26,40,265]
Qv_8wAXej3W1efejjh0IKw,33.3985085,-112.0161494,12,[33.34697,-112.101774,33.450047,-111.9305248],[7,108,54,405,49,52,88,109,38,39,26,11,193,59,55,122,256,98,24]
5Ci40YO5OQHSh7iyy_kAHg,33.43902545,-111.9178944,200,[33.3947699,-111.926895,33.483281,-111.9088938],[63,27,11,33,117,48,72,390,28,17,29]
cb_nRxYeu3EDEWksvoHnFw,33.58348,-111.883526,2,[33.58348,-111.883526,33.58348,-111.883526],[7,142]
ywFAzVgeC_taqNIY-b-awA,33.6742695,-112.1777714,6,[33.636811,-112.241265,33.711728,-112.1142778],[96,72,73,33,11,7,139,225,6,45,119,99]
dWa3oZ_uXFaCMtPOT44R4g,33.57467645,-111.9516964,8,[33.510026,-112.024174,33.6393269,-111.8792188],[99,11,38,27,39,26,48,88,298,128]
e4o0o5Nl-nccO29Dx6ccfw,33.5822084,-111.9216835,30,[33.5822084,-111.9216835,33.5822084,-111.9216835],[119,11]
DS238CWsHHX1sA1XVC0QCg,33.330435,-111.98029,1,[33.330435,-111.98029,33.330435,-111.98029],[88,38,39,11]
VmodXiNzU2tuGaeBFaXktA,33.448685,-112.012634,4,[33.448685,-112.012634,33.448685,-112.012634],[168,144,11]
LI6Uka7i-H0H1QMbIu8SUQ,33.6065185266346,-112.153333491746,4,[33.5741241532692,-112.1810524,33.6389129,-112.125614583492],[26,11,168,63]
1lZyQ9YIcC4DrGN_sv1k8w,33.3565065,-111.8495454,2,[33.31898,-111.97993,33.394033,-111.7191608],[33,44,11,177,140]
i7OFr4wVNsuGVFCIXw0WHw,33.436745099999996,-112.00232120000001,3,[33.414345,-112.0916114,33.4591452,-111.913031],[192,11,57,25,6]
oFHxCaz9iIkuilTtqlzxEg,33.500664099999995,-111.93771465,200,[33.4194512,-111.9595033,33.581877,-111.915926],[38,48,39,11,99,40,126,26,27,7,47,88,265,97,28,158,17,29]
LK6bJgto3SGrf6M3Qta-QQ,33.3193788,-111.9778751,6,[33.3193788,-111.9778751,33.3193788,-111.9778751],[26,11]
DKQsjwU690WlKXH45IXFBA,33.514027,-111.92487,64,[33.514027,-111.92487,33.514027,-111.92487],[28,17,29]
1BZHRiZHBUp3BXurEuXlaQ,33.306499,-111.877846,1,[33.306499,-111.877846,33.306499,-111.877846],[224,11]
6QqOD0xLUpSxri1ycWOeFw,33.4520657,-111.90173265,4,[33.3370939,-111.927402,33.5670375,-111.8760633],[28,158,17,29,7,142,97,11,38,48,39,40]
HGhFU_w5c3XSwOWe5QFjUQ,33.4360415,-111.9956337,31,[33.4360415,-111.9956337,33.4360415,-111.9956337],[28,240,241]
TZaTS-VR8cpSUyzyhw0Yow,33.4827129922118,-111.934992671013,1,[33.4827129922118,-111.934992671013,33.4827129922118,-111.934992671013],[38,26,39,333,11]
y1ZoUuXzoeH3Rs3_8hQrgw,33.498915,-111.928258,3,[33.498915,-111.928258,33.498915,-111.928258],[26,11]
M-Mu8soe211VijAcQ0yTnQ,33.511179799999994,-111.92027085000001,5,[33.4957558,-111.924627,33.5266038,-111.9159147],[27,11,98,7,206]
YQPp8uTSJxKjLaK6oFUzsw,33.303233,-111.842532,1,[33.303233,-111.842532,33.303233,-111.842532],[7,33,48,47,11]
Y3vwco-7dT6LBRCnwZpu6A,33.4613765,-111.92626485,200,[33.4230344,-111.9263271,33.4997186,-111.9262026],[38,99,39,11]
ou-yGrDISZPfe9gDqXMIXw,33.449434049999994,-111.943308,119,[33.406538,-111.96167,33.4923301,-111.924946],[88,38,39,89,11,63,27,48,28,17,29]
cJe1lPgXxlQso-wyLIOHqA,33.41789225283735,-112.002571592442,4,[33.3779965056747,-112.067113,33.457788,-111.938030184884],[33,119,24,11,224,201,172]
q48Guc0IEz6Osu1cjGnRWA,33.4145172,-111.8345171,1,[33.4145172,-111.8345171,33.4145172,-111.8345171],[7,108]
AoNL6jI2TfYob8V56Ld9kw,33.623653000000004,-111.95562290000001,74,[33.449233,-112.065458,33.798073,-111.8457878],[48,11,27,33,44,99,38,117,39,26,188,23,63,7,9,10]
c2rOn4MoxJiGb9nkDYzC3g,33.5062078,-112.0739142,46,[33.5062078,-112.0739142,33.5062078,-112.0739142],[7,108]
0viQKqum79DOfIARWm77Yg,33.401531000000006,-111.85104154999999,140,[33.3098443,-112.0329027,33.4932177,-111.6691804],[28,170,185,11,44,24,7,108,57,56,145,186,39,6,33,26,45,17,29,63,27,8]
zR8TgLiuWq4xZVXJEC8YEg,33.477511500000006,-112.31088700000001,5,[33.461736,-112.335666,33.493287,-112.286108],[169,11,26]
csYWnHhSzaHN9x2YRsvWAw,33.37831,-111.861418,3,[33.37831,-111.861418,33.37831,-111.861418],[224,11]
059zU-spz0tX8ef37Kqtcw,33.3269355,-111.9571881,3,[33.305423,-111.967297,33.348448,-111.9470792],[71,72,97,11]
UnCYTmoTgsKvxtODgyXaWg,33.49449995,-111.92298745,2,[33.4940321,-111.9241443,33.4949678,-111.9218306],[119,26,185,11,63]
N7ZhSw-y5YXbMJsjqzEWbg,33.496175,-112.020561,1,[33.496175,-112.020561,33.496175,-112.020561],[11,63]
k5uJCP_y3PStpiwJ_LTPtQ,33.4878605,-112.00264085,13,[33.3338729,-112.083886,33.6418481,-111.9213957],[212,43,11,109,38,48,39,99,210,7,108,32,95,222,126,309,285,352]
eEVVKWD6BmcpTj1_EpT2sg,33.5802421,-111.9258314,3,[33.5802421,-111.9258314,33.5802421,-111.9258314],[48,206,11]
xSeY4COfLj8ECxSNtiNG6Q,33.448717,-112.059954,4,[33.448717,-112.059954,33.448717,-112.059954],[26,11]
r68j756bEp2oF7Vs36J8Xg,33.5526089,-111.99088545000001,20,[33.4804267,-112.0593819,33.6247911,-111.922389],[123,65,7,47,48,11,26,108,49,469,38,128,39,57,99,36,69,192,27,33,117,205,40,78,79]
GVCoGSDGvgHRJqtYScEzPQ,33.44797895,-111.9528806,14,[33.272043,-111.9802308,33.6239149,-111.9255304],[48,11,49,265,146]
8ijB1-OsfKTncOLrEmfGFA,33.401327,-112.10986199999999,7,[33.306499,-112.341878,33.496155,-111.877846],[99,11,126,97,169,224]
8QR6Zj08ibcDWrWjyhgITQ,33.5676543415027,-112.083721160889,4,[33.5676543415027,-112.083721160889,33.5676543415027,-112.083721160889],[84,339]
MhWBj3oDg4DevVEpUeqTaw,33.3631220527328,-111.86888764082201,65,[33.2915794964691,-111.994210481644,33.4346646089965,-111.7435648],[48,11,168,63,28,17,29]
JuPqc1c7_AcXXeOkKI7CDQ,33.640056,-111.9257605,99,[33.639342,-111.926797,33.64077,-111.924724],[99,11,28,17,29]
dWwaTl_Fmvl8djX0bVVTMQ,33.4916008,-112.0067895,73,[33.3045866,-112.1530072,33.678615,-111.8605718],[38,39,205,99,40,48,11,182,140,251,43,224,126,168,42,27,309,285,24,63,177,192,212,119,97,88,89,7,138,8,139,33,47,108,298,41]
IVb9YMopuGyt5jJ7rjwoqg,33.35319835405795,-111.84716710000001,55,[33.2125748081159,-112.0741442,33.4938219,-111.62019],[7,142,24,11,137,8,139,26,33,99,44,47,27,265,38,128,39,296,106,54,107,185,10,108,48,63,101,138,117,88,126,119,98]
fEZTvM09aqsxC8dDhEId_Q,33.4552907,-111.9878697,49,[33.4552907,-111.9878697,33.4552907,-111.9878697],[43,11]
3yeiPKwWaAi7ESSuPHw8jQ,33.6112406,-112.2216436,10,[33.6112406,-112.2216436,33.6112406,-112.2216436],[43,11]
sKDdRw12V2dDLT2phv3cWQ,33.449504000000005,-111.9986088,6,[33.42183,-112.0714186,33.477178,-111.925799],[97,11,119,48,24,38,99,128,39]
zmkIqFY8nlB8ZW2AQ6qXiQ,33.4715511,-112.0711235,66,[33.304775,-112.2163378,33.6383272,-111.9259092],[11,27,63,212,26,33,309,119,285,185]
CgPv7bFoV01SMK-wF4zYhA,33.6462961,-111.9189477,4,[33.6462961,-111.9189477,33.6462961,-111.9189477],[168,11]
9db0Yv3gT2xmkAhL53WFqA,33.33670545883825,-111.9639216294935,3,[33.305824,-111.991311,33.3675869176765,-111.936532258987],[49,417,80,231,59,26,11]
Q1U3f5Gfzb-9xiZIYC0WHA,33.494651,-111.927127,3,[33.494651,-111.927127,33.494651,-111.927127],[98,7,119,10,11]
