XXdvhxHMfGrPx5EQ_gHMVg,33.2345954983351,-111.717803478241,2,[33.2345954983351,-111.717803478241,33.2345954983351,-111.717803478241],[106,54,107]
QF20pftasqIrc-WgbTWDHw,33.433127850000005,-112.0470726,2,[33.3787809,-112.0830342,33.4874748,-112.011111],[49,80,82,59,26,11]
AWxgGQX1wTQYQR0ZAGIaNw,33.50201,-111.9313599,80,[33.50201,-111.9313599,33.50201,-111.9313599],[265,11]
7_vCrA3rI6qnduj8tcamTQ,33.542135,-112.260301,1,[33.542135,-112.260301,33.542135,-112.260301],[28,17,29]
WmldRvl1nKxuKM6weiO6fQ,33.439277950000005,-111.92017930739749,35,[33.3022008,-112.1164397,33.5763551,-111.723918914795],[89,11,119,48,120,185,38,26,39,149,311,63,27,285,224,41,475,10,99,7,108,88,43,210]
A3YQsgc0ELrPIEqE78glmA,33.494404599999996,-111.92547905,6,[33.4938414,-111.9268138,33.4949678,-111.9241443],[11,63,27]
Bb7mB3TcHmhdl4kdwmB0NA,33.5115245,-111.8015665,200,[33.449233,-112.065458,33.573816,-111.537675],[49,305,27,11]
Juwqj6UmNwTEdVXPoQJr0Q,33.3210491,-111.8605718,2,[33.3210491,-111.8605718,33.3210491,-111.8605718],[168,42,43,11]
7ZbNJHtQVA8Vc7rV-tbyXw,33.640832,-112.151282,2,[33.640832,-112.151282,33.640832,-112.151282],[126,11]
8rYbGfHhbqdI7GRJ-rXVxw,33.4471735,-112.073781,27,[33.4471735,-112.073781,33.4471735,-112.073781],[48,11]
un3G-3aTXkqdrPen2yW2Yg,33.351089,-111.84303,3,[33.351089,-111.84303,33.351089,-111.84303],[64,65]
HPf5jlcYa8LOGeQPZ7pY8g,33.675676,-111.979308,1,[33.675676,-111.979308,33.675676,-111.979308],[106,54,107]
gb1A4PNu-4F6zCkgYfnGTA,33.38525965,-111.9295578,14,[33.335064,-112.0739136,33.4354553,-111.785202],[38,11,99,128,39,26,65,133,309,285]
dULQI6zDcn6fHOEMRFiMqg,33.29904513643725,-111.67658655,38,[33.0312852,-111.951184,33.5668050728745,-111.4019891],[7,57,209,98,24,11,224]
HTaGGoCDrGWbe88h093CsA,33.5083781,-111.9258659,161,[33.5083781,-111.9258659,33.5083781,-111.9258659],[161,28,65,17,29]
8szdXnO8eOA5tHQa2gRoXg,33.3642105,-111.832284,13,[33.281849,-111.977677,33.446572,-111.686891],[7,11,63,261,54,55,185]
O7FN2fMzzhjYo0mzldJxAg,33.415636,-111.7271456,1,[33.415636,-111.7271456,33.415636,-111.7271456],[54,55,122]
xB7D94wIEhUeloE-h85Iug,33.5102068,-112.0272041,2,[33.5102068,-112.0272041,33.5102068,-112.0272041],[39,38,40,206,11]
SutUztEfm55t1xPuPaiJew,33.8673952,-112.1478576,3,[33.8673952,-112.1478576,33.8673952,-112.1478576],[27,11]
aanqDnMQ354FnUy3GvP4bA,33.4266058,-111.88857870000001,6,[33.4165461,-111.9403254,33.4366655,-111.836832],[285,185,11,7,49,108,193,59]
6pwxoQGBlkxSLKq2Q_1S7w,33.567673049999996,-112.0657398,6,[33.4948977,-112.0677151,33.6404484,-112.0637645],[27,11,43]
YDYMntG-j19aYYARBm3GhQ,33.3832998,-111.8055351,1,[33.3832998,-111.8055351,33.3832998,-111.8055351],[26,11]
gItL3R8j2f-jCMFrhJw7ow,33.5094087,-112.0687564,2,[33.5094087,-112.0687564,33.5094087,-112.0687564],[88,7,38,47,39]
zVuSzj9p7BZQKrFU_hcnSw,33.330835,-111.792282,1,[33.330835,-111.792282,33.330835,-111.792282],[98,7,292]
pR9LmlTmTRs4is5RSY5Enw,33.3929982,-111.9127636,20,[33.3929982,-111.9127636,33.3929982,-111.9127636],[7,9]
Sc51Tyz9cPbrVH0F2SWkXQ,33.405332650000005,-111.9442104,14,[33.3090064,-112.04725,33.5016589,-111.8411708],[119,120,11,168,144,26,309,285]
QUVjBZnhcTKesMQSceKCqg,33.360804,-111.859837,1,[33.360804,-111.859837,33.360804,-111.859837],[229,11]
YstDe6QPNYLqaYPhTbD0vw,33.5061711,-112.0647931,1,[33.5061711,-112.0647931,33.5061711,-112.0647931],[7,292]
QVrTqrLm3MC2QtENKbdanA,33.5066709,-112.0347169,12,[33.5005719,-112.0741143,33.5127699,-111.9953195],[48,11,7,108,109,38,39,63,27,212,97,26,142,292,33,210]
Qlbph8cXeaxVedxO5qsilA,33.453939,-111.9266331,1,[33.453939,-111.9266331,33.453939,-111.9266331],[4,5,6]
eqYP4Td8LNa8vER23NrT0A,33.378628500000005,-111.9267563,2,[33.364144,-111.942408,33.393113,-111.9111046],[7,137,8,139,71,72]
yhoPIOGaCbmQYGFNpcPwhQ,33.4234408327431,-111.939622163773,2,[33.4234408327431,-111.939622163773,33.4234408327431,-111.939622163773],[109,38,27,39,11]
myXtZZ7S9MJclmQmBpKI9A,33.621274848681,-111.899064353952,4,[33.621274848681,-111.899064353952,33.621274848681,-111.899064353952],[26,11]
clTYUJCL-rHnVIS2WePRwA,33.3782655,-111.9571393,18,[33.2994442,-112.0737828,33.4570868,-111.8404958],[24,11,26,7,33,48,47,38,88,39,192,126,97,127,212,43,117]
2d0srkhm10r5xe_IAtEC4g,33.6071829,-111.9403254,11,[33.6071829,-111.9403254,33.6071829,-111.9403254],[11,63]
B15U1F5HGIicSqr2lw6pDQ,33.4509426,-111.7881823,1,[33.4509426,-111.7881823,33.4509426,-111.7881823],[96,72]
qGdcKprZ-2UrYGO2U0eJfQ,33.4949678,-111.9241443,2,[33.4949678,-111.9241443,33.4949678,-111.9241443],[48,26,11]
uTiWpbZ-HJcAo4uUpBw-oQ,33.437143243519,-112.138983,99,[33.266696887038,-112.355665,33.6075896,-111.922301],[28,17,29,39,205,109,38,265,11,26,63,27,48,161,65,99,40,143,127]
53t1Rb_0IAFh8d0laayknw,33.233464772275,-111.687451601028,1,[33.233464772275,-111.687451601028,33.233464772275,-111.687451601028],[43,11]
r4mNCiXIfuMdrzwQcIKUJA,33.4964481,-112.0129452,2,[33.4964481,-112.0129452,33.4964481,-112.0129452],[54,55,122]
7A06E6wvxuejS0C-4DQ5hA,33.367802,-111.8228141,8,[33.3281635,-111.9564156,33.4074405,-111.6892126],[14,15,6,191,30,13,164,165,32,95,44,26,11,129,121,79]
9Bdgj3iEZgx3fygSsvBs7A,33.4945718,-112.09224655,23,[33.3492306,-112.2399861,33.639913,-111.944507],[49,20,23,415,59,212,361,11,7,142,108,96,72,48,126,97,99,195,65,38,128,39,296,27,322,57,307,172,149]
9zpiquCpW5U9VLRlDnppVQ,33.4633733188117,-111.926908493042,1,[33.4633733188117,-111.926908493042,33.4633733188117,-111.926908493042],[177,11]
YQwSxgoooScY0b6s9eUYlA,33.490491899999995,-112.0832925,7,[33.4570868,-112.0951712,33.523897,-112.0714138],[38,48,39,11]
N4KeS8hJRYQ4OAtKa09YBg,33.57031725,-111.92579814999999,12,[33.5266038,-111.9269693,33.6140307,-111.924627],[119,120,11]
k4fuk1o0FXyKwrtBHq1PQg,33.457791549999996,-112.00867685,21,[33.3702541,-112.043169,33.545329,-111.9741847],[265,11,26,17,18]
ixKX_0b7aa9I7z2H5g_Rqg,33.499006,-111.926703,4,[33.499006,-111.926703,33.499006,-111.926703],[39,212,126,293,11]
W0DBuDOYgR8AODoKo56wzg,33.494459,-111.9953287,1,[33.494459,-111.9953287,33.494459,-111.9953287],[38,99,88,39,40,11]
_zdPkM5MzBzGRGpXvBZl_A,33.5021503,-111.922807,3,[33.5019817,-111.9276185,33.5023189,-111.9179955],[64,65,54,55,122]
vR-OZtVDu2UTHY8nUR9Ezg,33.3967575,-111.941076,3,[33.369969,-111.944758,33.423546,-111.937394],[48,11,49,193,59]
g6ZeCew8GEPeXz_PlwwMnQ,33.2748213,-111.8602154,2,[33.2748213,-111.8602154,33.2748213,-111.8602154],[43,11]
IGnpXnEBi2ffNmwHXFM1LA,33.377055999999996,-112.170046,6,[33.362778,-112.172642,33.391334,-112.16745],[7,142,185,11,65,133,6,21,35,77,44]
Qm-sO6J5KBmy9S5qTec3VA,33.5218465,-112.0648577,10,[33.5218465,-112.0648577,33.5218465,-112.0648577],[210,11]
4zVoaTJx2Ik1tHYRiIddXQ,33.4115817,-112.104731645485,14,[33.3118314,-112.34971999097,33.511332,-111.8597433],[10,11,38,143,39,33,27,63,13,6,61,35,34,12,7,36,119,24,212,97,163,114]
VhrTYNlXbjDbNisRHCIbyg,33.449233,-112.065458,4,[33.449233,-112.065458,33.449233,-112.065458],[27,11]
7vmwVpUMX-LqzzUM0gD1zA,33.348763010086,-111.9443510501,1,[33.348763010086,-111.9443510501,33.348763010086,-111.9443510501],[119,62,24,17,11]
f9E_hMHnzFFdZARpj8zosg,33.43368635,-111.96951215000001,2,[33.390792,-112.012504,33.4765807,-111.9265203],[109,38,48,39,11,26]
kpAGBNgXaKir_jHGHvLCmQ,33.473684500000005,-111.9262881,26,[33.362719,-112.0223502,33.58465,-111.830226],[89,11,195,65,49,80,82,59,57,470,145,39,106,54,226,202,72,281,26,71]
lMX9xrZls71yWaA9xP0hFQ,33.377523,-111.788968,2,[33.377523,-111.788968,33.377523,-111.788968],[26,11]
KF5_yM4sb8ce_pXCmJwUHg,33.621618,-112.02913,1,[33.621618,-112.02913,33.621618,-112.02913],[195,65]
hu4mINku8gdX7SI3YorJcg,33.546608,-112.047023,1,[33.546608,-112.047023,33.546608,-112.047023],[11,63]
9Hxb6wjAJbwCmWRm12jbKA,33.486987,-111.99401025,5,[33.4719589,-112.0649208,33.5020151,-111.9230997],[26,11,251,43]
v7pgiW6IS8jSkQ2B4jeXxg,33.27684236461665,-111.8245629494445,6,[33.2341019292333,-111.8592461,33.3195828,-111.789879798889],[43,11]
DSDR7VxbSh8w4h4XUxt_9A,33.495024,-112.063756,1,[33.495024,-112.063756,33.495024,-112.063756],[33,11]
nQzAmnPoJu31ZjBKMjuXMw,33.667839,-112.125528,1,[33.667839,-112.125528,33.667839,-112.125528],[99,11]
JniV2vR1TZFBCrdTlIOlNQ,33.3059265,-111.9396566,72,[32.879795,-112.1819312,33.732058,-111.697382],[198,23,33,38,117,39,11,32,90,134,135,7,8,28,240,241,17,29,442,9,10,26,99,47,108,30,13,6,78,79,63,44,127,45,65,148,204,41,27,46,15,25,110,170,54,324]
M_C8-rexcexmn2zxwMmp-Q,33.371061499999996,-111.8771132,13,[33.319395,-111.951494,33.422728,-111.8027324],[182,48,140,11,177,192,64,65,63,27,224,119,99,57,69,307,212,43,88,38,39,89]
JVkuW-Vf8qF447AZXyWVfw,33.5002705,-112.044725,200,[33.489409,-112.06469,33.511132,-112.02476],[28,17,29,7,139,416,48,11]
_j7l-gR6EezfLuMya9lDDw,33.6371726,-112.2354666,23,[33.6371726,-112.2354666,33.6371726,-112.2354666],[57,145,205,39,48,11]
VTQKkcmMJKikqe2ZAGrhgA,33.5136394,-112.0734885,1,[33.5136394,-112.0734885,33.5136394,-112.0734885],[7,142,108,292]
OOiMARbpiuH0eM8Zd0SbkA,33.4348794896361,-111.999092102051,1,[33.4348794896361,-111.999092102051,33.4348794896361,-111.999092102051],[27,11]
z2syOs-sM7IgKtds57FkQg,33.451922872397,-111.9463033573975,10,[33.321061644794,-112.1686878,33.5827841,-111.723918914795],[26,17,18,11,78,79,48,251,99,265,38,140,39,40]
Ugj4MzP-78HWAKfB2mqnag,33.581586,-111.925693,4,[33.581586,-111.925693,33.581586,-111.925693],[63,27,11]
SanusF4Ikowb8-yjCCMsJQ,33.52467605,-112.10819845,3,[33.4964751,-112.132431,33.552877,-112.0839659],[7,138,139,11,99]
skFvAOdUhtSUejQJy7mNkg,33.4354634,-112.0069893,30,[33.4354634,-112.0069893,33.4354634,-112.0069893],[38,128,39]
vcQoW_06cx7aFEAeY2Xmpw,33.452735149999995,-111.92639205,53,[33.4522676,-111.9266566,33.4532027,-111.9261275],[11,27,63,99,28,17,29]
QQOw2Sg8LMvLOER62ZFlcA,33.298078,-111.7459158,2,[33.298078,-111.7459158,33.298078,-111.7459158],[26,11]
x64wENtrpxU9IZ_-pk4AIA,33.43475,-112.00644,200,[33.43475,-112.00644,33.43475,-112.00644],[28,170]
rYE-DA82FfqFkGWQfFjDiA,33.376276399999995,-112.1750876,4,[33.3058378,-112.357469,33.446715,-111.9927062],[99,11,27]
rzHLT6kzygvCUYI4IXLDMw,33.4072824,-111.986243,11,[33.3022462,-112.074519,33.5123186,-111.897967],[38,48,39,11,119,99,98,7,62,17,24,109,27,10,63,201,108]
6r4kqGK00T_7mxkS4ZmGJQ,33.59057375,-111.97897435,4,[33.5024987,-112.032054,33.6786488,-111.9258947],[7,292,32,95,222,27,11]
iHLfTXEigHASiCX_TpzgTA,33.6042899,-111.9778497,1,[33.6042899,-111.9778497,33.6042899,-111.9778497],[166,6]
o8L_FCA9rA3JN9zE4hoYbA,33.4192295,-112.094717,3,[33.382596,-112.117267,33.455863,-112.072167],[119,11,212]
GtnnC2aEY3q_yVUoJqUSnw,33.609239,-111.720368,2,[33.609239,-111.720368,33.609239,-111.720368],[129,175,278,79]
PV3FFR82wg7bWhtHaI7zdQ,33.4537869019623,-111.927165985107,3,[33.4537869019623,-111.927165985107,33.4537869019623,-111.927165985107],[182,172,11]
8e4fv7KfuWCPiNADzFNb6g,33.5090619,-112.035918,4,[33.5090619,-112.035918,33.5090619,-112.035918],[49,80,82,59]
a5ScdtZGWoHZX5TmyGBTdw,33.49821665,-111.9613696,20,[33.4942423,-111.996292,33.502191,-111.9264472],[39,119,48,38,11,109,63]
ofl9hcl5VYlNXK-N0jYPCA,33.6371726,-112.2354666,3,[33.6371726,-112.2354666,33.6371726,-112.2354666],[57,145,205,39,48,11]
-b8wqtfQ-25KCeXTMYY4JA,33.5705669,-111.886606,18,[33.5705669,-111.886606,33.5705669,-111.886606],[126,97,11]
QTUk8tmOFW5ap0H5Jy6OKw,33.3045866,-111.9006511,1,[33.3045866,-111.9006511,33.3045866,-111.9006511],[99,11]
iW_FWwh7enM2fSlXgF9fTQ,33.453432250000006,-112.11425435000001,12,[33.4360415,-112.232875,33.470823,-111.9956337],[38,99,39,128,185,11,57,145,28,240,241]
WYJV4K2ukOphziOrLLoyzQ,33.490694000000005,-111.92779285,4,[33.4787939,-111.9296765,33.5025941,-111.9259092],[174,54,195,65]
lozXJ32aLN2Zn-sdJtEKow,33.475980699999994,-111.9956889,27,[33.31081,-112.2193658,33.6411514,-111.772012],[96,72,27,11,7,63,3,376,390,207,4,6,425,182,48,140,108,474,43,54,55,122]
Be0ub24uIWh9FIFLYj_-zw,33.523984,-112.04698,1,[33.523984,-112.04698,33.523984,-112.04698],[265,11]
F89xQvtT94yxthlkkcZ_8w,33.418418,-111.84057,32,[33.418418,-111.84057,33.418418,-111.84057],[38,26,39,11]
CsB9VghXrVYLFaVK9aOqew,33.449188,-112.0772,2,[33.449188,-112.0772,33.449188,-112.0772],[126,97,172,11]
kW_ZgAKjHXSmKaYoEIFdUg,33.504180130661254,-111.98848285,200,[33.4248802613225,-112.0934397,33.58348,-111.883526],[28,17,29,7,142,27,11,38,39,292]
k8Qa_92ZBXGnFQj8yCuDKA,33.5092341,-112.0411405,1,[33.5092341,-112.0411405,33.5092341,-112.0411405],[123,65]
M4FtX4LNZfJ7fFzxxE0PUQ,33.43060715,-111.98597825,23,[33.3488957,-111.995355,33.5123186,-111.9766015],[168,126,97,11,119,99]
wqdSNyDhWWZUCZS8auLpSw,33.47999,-112.076505,21,[33.47999,-112.076505,33.47999,-112.076505],[7,142,108,119,11]
3CRQstH2sncsgDdeFLSFqw,33.637034,-111.9217796,2,[33.637034,-111.9217796,33.637034,-111.9217796],[26,11]
svlNoU7zTA6VmVsvtIedKg,33.5818515,-112.1183771,2,[33.5818515,-112.1183771,33.5818515,-112.1183771],[44,285,296,11]
YH0pLQugKKwZJ9-dOgw0ag,33.3086797,-111.7435862,10,[33.3086797,-111.7435862,33.3086797,-111.7435862],[27,11]
Z3vUKqsnpI4l-Ye2_RFaeg,33.59051225,-111.9484441,7,[33.5024095,-111.9987462,33.678615,-111.898142],[27,11,38,99,39,104,161,195,65,145,57,88,298]
LMX-pZA7SHwmoby1LAk_UQ,33.44430465,-111.8746087,8,[33.377251,-112.0653186,33.5113583,-111.6838988],[182,172,11,49,80,82,59,333,88,38,39,24]
DAUNu_FcIpYA89YrCPA8Fg,33.3078616235036,-111.743452032448,3,[33.3078616235036,-111.743452032448,33.3078616235036,-111.743452032448],[185,11]
j2_4VhaUsH9Agv1soMbtYw,33.57565545,-111.9717623,15,[33.4548476,-112.0823075,33.6964633,-111.8612171],[7,142,292,26,11,24,48,309,119,285,39,38,127,224,98,27,44,33,63,113,6,116]
Afw3HEnpjArBavwd7E2uVQ,33.46089164999999,-112.06977864999999,2,[33.4471783,-112.0744503,33.474605,-112.065107],[48,11,57,145,38,39]
b3XA3V8xmePPve092QyGag,33.43975665,-111.8063461,57,[33.3775316,-111.9280519,33.5019817,-111.6846403],[57,56,39,439,38,48,11,26,224,210,181]
Yu35SuoaWEuorSQU1fkYXQ,33.509038,-112.0670453,2,[33.509038,-112.0670453,33.509038,-112.0670453],[26,11]
ufy1mnGQEj2z0ujRoHx8CQ,33.5948508,-112.3782723,2,[33.5948508,-112.3782723,33.5948508,-112.3782723],[65,133]
MjtK0OKtOSD2J3OmapNnXQ,33.4546946786892,-112.07122001849649,5,[33.4526933,-112.072327136993,33.4566960573784,-112.0701129],[119,11,28,17,29]
K49NqX3MDrMb7bb3oi50WQ,33.3633606,-111.9112219,6,[33.3633606,-111.9112219,33.3633606,-111.9112219],[84,147]
UNHySXBrRSQzsCg0RSlbeg,33.5100513,-112.0135105,1,[33.5100513,-112.0135105,33.5100513,-112.0135105],[7,108]
OVk05gGmFA_86maRQtTk7Q,33.8701471,-112.1521138,2,[33.8701471,-112.1521138,33.8701471,-112.1521138],[96,72]
HgS3EWxGpBZZzFuwbJjQag,33.8733106520028,-112.149875164032,1,[33.8733106520028,-112.149875164032,33.8733106520028,-112.149875164032],[46,13,6,372,30]
SRbf-Tj5nUhYcknUdfUZGQ,33.3809264,-111.7396499,1,[33.3809264,-111.7396499,33.3809264,-111.7396499],[33,11]
-JCz23DksK1RarHxp03-Gw,33.3455058546901,-111.73899257742701,7,[33.3068367093802,-111.756786,33.384175,-111.721199154854],[7,108,119,201,11,49,52,96,72,54,317,142,292]
Sw_F6bMsFbXj6-gRVrRd_A,33.5162583,-112.03132345,18,[33.4485585,-112.0837798,33.5839581,-111.9788671],[210,11,98,7,108,10,24,33,138,8,139,175,129,121,79]
stvMwNi8QZg9D0JrsNYkaA,33.49794945,-111.93687065,2,[33.493947,-111.9514403,33.5019519,-111.922301],[265,11,28,17,29]
ospk4XWT2TgxMLOwD-2PDQ,33.650833,-111.926619,35,[33.650833,-111.926619,33.650833,-111.926619],[322,57]
e7Kmq722sXDw1x90UjARrQ,33.5915372,-111.9781334,11,[33.5915372,-111.9781334,33.5915372,-111.9781334],[165,32,95]
HZx7brM3XiLFIhvugSTW-w,33.6400995,-112.1201999,199,[33.6400995,-112.1201999,33.6400995,-112.1201999],[39,38,27,128,11]
gN03qFYysM5DbgjuV6N0QQ,33.5407378,-111.91251489999999,200,[33.2481975,-112.2618153,33.8332781,-111.5632145],[38,39,40,7,137,8,139,11,99,128,48,108,88,27,33,109,63,24,168,265,47,246,119,17,423,185,28,240,241,26,98,44,212,113,6,200,35,76,181,229,117,177,140,284,247,292,36,311,57,69,49,52,126,97,188,23,145,298,110,210,32,95,222,101,201,352,306,333,13,115,372,296,46,340,142,70,288,72,393,213,84,162,182,178,170,194,127,77,10,4,5]
2TXGGk3ougxPJTjawX4j4A,33.5237203,-112.0480242,200,[33.5237203,-112.0480242,33.5237203,-112.0480242],[26,127,11]
xcp4S_0GINeO20sKvBqT9g,33.55827675,-111.98571255,5,[33.5093706,-112.0467981,33.6071829,-111.924627],[99,11,6,45,27,63]
zfqd0DYbBkPQXc7kEdpvxg,33.546,-111.96828,5,[33.546,-111.96828,33.546,-111.96828],[119,127,11]
gj0S9J9WLRl2P_mbT7V4zQ,33.4460038,-111.8752786,4,[33.392497,-111.9272212,33.4995106,-111.823336],[109,38,11,39,440,210]
CfJfpQ2MSRpyNSIqs__UEg,33.43708425,-111.7621745,200,[33.38187,-111.9245517,33.4922985,-111.5997973],[33,11,210]
Ko5iTJR5g6YPriqfmdKv9g,33.425150599999995,-112.0259187,9,[33.3406452,-112.081655,33.509656,-111.9701824],[27,63,24,11,6,77,35,76,12,114,13]
GyL60n54aJuT00rimTaOWA,33.5127699,-112.0740123,6,[33.5127699,-112.0740123,33.5127699,-112.0740123],[109,38,11,39,63]
B4iwWMvloMg17c9669O-Pg,33.4169051,-111.94839404999999,5,[33.4080992,-111.97021,33.425711,-111.9265781],[7,8,108,84,147]
0KofrPLc9qCNlRWWxZ3tOg,33.568301250000005,-112.0545548,20,[33.497568,-112.1798866,33.6390345,-111.929223],[218,11,109,38,48,39]
fE5ojHhyXuRxKUJIewD6YA,33.5185332,-111.98909839999999,31,[33.4329724,-112.2641158,33.604094,-111.714081],[49,231,52,57,470,145,39,6,270,333,326,438,7,46,99,11,63,28,170,197,198,23,101,38,143,40,327,123,65,27,24,69,64,10,306,33,44,142]
5vpvY0nF4egaFRCPx-TuyQ,33.5349366,-112.2613136,36,[33.5349366,-112.2613136,33.5349366,-112.2613136],[127,11]
yX8UVMgG0sikUqjyuJBUCw,33.3058378,-111.9927062,1,[33.3058378,-111.9927062,33.3058378,-111.9927062],[126,11]
UchwS4qMgHqOXx0-ksLFoA,33.4743218179125,-111.88117367713,4,[33.307983735825,-112.0180461,33.6406599,-111.74430125426],[126,11,98,7,24,27,63]
OLzhsm8k1KDifVdPBxuTFA,33.6194903,-111.8964356,5,[33.6194903,-111.8964356,33.6194903,-111.8964356],[13,6,272,4,5,49,160]
mfT6nnzLXk6NUt8iZ5-buQ,33.4500151,-111.9164794,24,[33.3547012,-112.043169,33.545329,-111.7897898],[26,17,18,11,7,108,48]
vrmYwne__KdW1GaglucwiA,33.4860023,-111.9264164,9,[33.4860023,-111.9264164,33.4860023,-111.9264164],[33,119,11]
LdI_xKBiA2vZOAnh0Eaqmw,33.559375349999996,-111.9773533,10,[33.4922985,-112.0301549,33.6264522,-111.9245517],[41,43,11,210]
PkubtG02mo0peE03BA9UIg,33.53893165,-111.87931710000001,5,[33.4932316,-111.927891,33.5846317,-111.8307432],[27,11,38,39,48,24]
lZZjKaoCmoYZ0F1pzuQ56g,33.4985914,-111.91774895,8,[33.4952011,-111.9276185,33.5019817,-111.9078794],[38,48,39,11,44]
2_NfKhPtfUgmWfEsPAiuEA,33.6363383,-111.9213957,1,[33.6363383,-111.9213957,33.6363383,-111.9213957],[212,43,11]
7ubcK6SNkmeUkGvumgcbHA,33.4148538,-111.9184622,1,[33.4148538,-111.9184622,33.4148538,-111.9184622],[26,11]
RClS5nVIMKL2chJT05ff4Q,33.5531166,-112.1087259,1,[33.5531166,-112.1087259,33.5531166,-112.1087259],[64,65]
r9dJqE4m23IiUvO0fnunhQ,33.4084734,-111.7548001,1,[33.4084734,-111.7548001,33.4084734,-111.7548001],[71,72]
DGYLAEsJEH48PerpGFNqYg,33.5102068,-112.0272041,2,[33.5102068,-112.0272041,33.5102068,-112.0272041],[48,11]
z1qlVs103OaTZ36re0K0MQ,33.53719515,-111.9297667,10,[33.500545,-111.9955012,33.5738453,-111.8640322],[8,6,116,7,36,113,119,11,99]
bqM1_ikS6hHdxhX68VSd8Q,33.4943765,-112.04416280000001,8,[33.465411,-112.0648366,33.523342,-112.023489],[57,99,7,36,69,11,38,39,40,4,5,6,33]
7tcYpMqfre19jDtKb5GKDA,33.53781525,-112.1722033,56,[33.4354553,-112.357458,33.6401752,-111.9869486],[99,11,309,285,119,201,49,57,327,330,33,117,24,120,26,63]
8M_Nm-dVX2Yn3wNgS-xDwg,33.5412893,-111.90471915,200,[33.4990986,-111.9259123,33.58348,-111.883526],[119,11,38,265,39,7,142]
HbgsWlCyRQk4mpuvxoYaYA,33.669527900000006,-112.20635725,5,[33.465184,-112.2739855,33.8738718,-112.138729],[11,63,296,12,114,13,6,119]
gpZAAidAPiVBRHNB9oFi6w,33.4144553,-111.9207409,92,[33.4144553,-111.9207409,33.4144553,-111.9207409],[119,48,44,11]
QRaV5a0o5VDP5dN8G02phg,32.89559060245705,-111.802660030748,4,[32.8808576049141,-111.848019361496,32.9103236,-111.7573007],[49,28,178,17,29,26,11]
nHFObj6MMJImO96l-lFxWQ,33.599354,-112.280345,1,[33.599354,-112.280345,33.599354,-112.280345],[98,7,99,11]
CJkY0WOCNfCuv0HAbB2cjw,33.511638000000005,-111.99112304886401,53,[33.344661,-112.0999,33.678615,-111.882346097728],[265,99,11,12,13,6,22,274,491,68,48,24,119,38,39,40,112,7,108,206,98,10,9,251,71,72,184,297,109,70,313,284,35,8,126,97,182,140,33,224,36,27,49,50,52,88,89,28,388,394,290,241]
Mz8cn4Jv__-DvDDoH8328Q,33.4869182,-111.908738,15,[33.4869182,-111.908738,33.4869182,-111.908738],[39,119,26,38,11]
IF0GyEKwSt2FAXdxU4YQBg,33.464376248234544,-111.846219782373,22,[33.2915794964691,-111.9398532,33.637173,-111.752586364746],[28,17,29,465,57,39,145,231,18,49]
TO3l-s9L9AXYFaMvZ0wh9g,33.447397800000005,-112.00347934999999,5,[33.4235479,-112.0701057,33.4712477,-111.936853],[177,192,11,48]
g4o-PmTXIUiYsIGc2rE-dA,33.56921175,-111.9530183,57,[33.3051122,-112.220679,33.8333113,-111.6853576],[39,212,126,293,11,38,48,99,7,142,194,265,97,49,52,108,182,139,137,172,279,54,210,313,26,89,65,133,244,251,63,193,242,59,224,27,6,284,35,167,119,105,267,410,307]
LXWAXIeYFIdgd2JVPF-9qA,33.420098403793,-111.831176075485,138,[33.220784807586,-112.079081,33.619412,-111.58327115097],[74,24,11,57,145,38,39,40,48,26,56,119,27,99,153,185,7,148,6,45,36,33,44,43,224,182,30,13,9,108,142,4,47,88,98,177,10,296,117,172,140,63,273,128,181,265,162,190,28,126,97,247,404,451,127,219,218,41]
-Gu3ZZ8FLVxomzlQ98BIBQ,33.41527565,-111.90132120000001,13,[33.3354566,-111.9292934,33.4950947,-111.873349],[96,72,7,162,43,11,168,48]
cFC35FulkCpmFlVrhK8iHw,33.544865316767044,-112.00530850000001,15,[33.37844,-112.134201,33.7112906335341,-111.876416],[229,185,11,43,24,251,10,44]
3zAueIS5hxk0Z_hGF1EqQA,33.43475,-112.00644,1,[33.43475,-112.00644,33.43475,-112.00644],[28,170]
efEPhKj2LNjsxkugpXI0Iw,33.48749055,-112.05934805,4,[33.4657394,-112.0724302,33.5092417,-112.0462659],[224,11,127]
vNxL6_X3VoikjvP8ZCORAw,33.6345046,-111.9253792,35,[33.6345046,-111.9253792,33.6345046,-111.9253792],[97,11]
sZnasdMranpEybGgTj-3gA,33.632847,-112.09883975,6,[33.6252456,-112.1299644,33.6404484,-112.0677151],[27,11,83,6]
s2meUMDpCPz14gcYW9UEmQ,33.49861785,-111.9256772,79,[33.4951703,-111.927951,33.5020654,-111.9234034],[28,17,29,352,48,11]
n61KUQjGBKb_bqKrSBDULQ,33.727274,-111.851714,13,[33.727274,-111.851714,33.727274,-111.851714],[48,11]
GkyPwzAjoexNqi7_Z3MZoA,33.5520214,-112.0995016,1,[33.5520214,-112.0995016,33.5520214,-112.0995016],[26,11]
dLKxp_vq3Qv8xiyr3KsCyQ,33.4952029,-112.026325,6,[33.4952029,-112.026325,33.4952029,-112.026325],[61,13,6]
n_14z6fYk8kxI1CRT7jFRA,33.426276,-112.09279240000001,6,[33.272043,-112.205354,33.580509,-111.9802308],[27,11,49,265,146]
LPfJa06Ce_4S8daGvPG_eg,33.422728,-111.951494,2,[33.422728,-111.951494,33.422728,-111.951494],[24,11]
IBJNrDjfU2dVn3fw_3taLw,33.371693449999995,-111.8560253,6,[33.3359404,-111.8717753,33.4074465,-111.8402753],[119,11,39,38,128,43]
wywJxvEnLjjaLAoXPvh-mA,33.347758,-111.756931,1,[33.347758,-111.756931,33.347758,-111.756931],[99,11]
cfG9CzzrOchbD_PeKAWiNg,33.278073,-111.789153,2,[33.278073,-111.789153,33.278073,-111.789153],[99,265,11]
ThYh-CcHtR2gia34IsBA6g,33.4881853,-112.0832293,2,[33.4881853,-112.0832293,33.4881853,-112.0832293],[78,79]
Y5CFLdKBP9sbezXilLlO6w,33.574565,-112.05642549999999,12,[33.465904,-112.181569,33.683226,-111.931282],[44,11,185,251,43,72,297,265,224,49,178]
6NsHlOvzXd09_2X2wcj7og,33.620194,-111.893692,3,[33.620194,-111.893692,33.620194,-111.893692],[63,27,11]
ussKl97BHYvVcUAQzaWVzw,33.3406452,-111.9701824,9,[33.3406452,-111.9701824,33.3406452,-111.9701824],[6,77,35,76]
goOcTbMYD-eD12YlsagPyg,33.43451775,-112.0997314,11,[33.3906625,-112.290569,33.478373,-111.9088938],[7,38,168,298,88,39,11,8,99,127,74,27,142,172]
8adGl2lGiNigjtZQg7NIEA,33.3578055,-111.9722779728545,90,[33.304138,-111.979603,33.411473,-111.964952945709],[212,41,43,11,99,44,28,17,29]
S9W-obu91VXlBIjxs9mU5Q,33.480017,-112.031501,16,[33.480017,-112.031501,33.480017,-112.031501],[28,17,29]
594cAPJZ7gXF8WzRHG0IaQ,33.33605,-111.844836,1,[33.33605,-111.844836,33.33605,-111.844836],[48,296,11]
b1mw2APTE2MG2q4azPaqsA,33.5164842,-112.0632767,1,[33.5164842,-112.0632767,33.5164842,-112.0632767],[12,61,13,6,114]
PV3Pv9OfB-BFqXIOUjd4fQ,33.6674187,-112.1203279,1,[33.6674187,-112.1203279,33.6674187,-112.1203279],[27,24,11]
w9S5BqnlI06NWefsuL0JgA,33.625468149652,-111.9958216472445,15,[33.5832073,-112.0131291,33.667728999304,-111.978514194489],[108,7,119,38,109,39,11,322,57,145]
0Tm3CSDyBPAg6kNx0gc_BQ,33.5374671,-111.91129405,123,[33.492381,-111.9301931,33.5825532,-111.892395],[265,48,11,39,38,99,128,379,109,43]
ENE_ttnjB3WyJpWQM1TIRA,33.662043499999996,-111.904008,3,[33.626594,-111.918153,33.697493,-111.889863],[64,65,49,4,5,6,367]
89BrjhKMvd1S1ME_-rWdnw,33.535247549999994,-111.92491240000001,175,[33.50201,-111.9313599,33.5684851,-111.9184649],[168,97,11,49,246,178,17,18,28,158,29,265]
-YtyX6MBmqRjz0C1V7cJyQ,33.46004025,-111.98171880000001,18,[33.4194512,-112.0475116,33.5006293,-111.915926],[7,108,26,11,210,88,109,38,39,27,24,47,48,41]
nDOgPtW78OwpDLGVfVcP4Q,33.40285365,-111.9355296,6,[33.3840503,-111.944749,33.421657,-111.9263102],[26,11,57,145,38,101,39,48,224,173,6,420,112]
SBNu3fQzaMqrO80Qbd4OEw,33.44925125,-112.0756237,3,[33.449188,-112.0772,33.4493145,-112.0740474],[224,11,24]
X0YSVMYKk-dgtGkBdiyqPQ,33.5342925,-112.0849525,149,[33.43475,-112.235873,33.633835,-111.934032],[28,170,17,18,29,26,127,11,185,212,99]
jyzVM8p4B8GtTmMu2vWS9g,33.30564,-111.99901,8,[33.30564,-111.99901,33.30564,-111.99901],[64,65]
Mv-9P9Uxnzprsjt-oNOu0A,33.58298275,-111.90756970000001,12,[33.4922985,-111.9258843,33.673667,-111.8892551],[210,11,17,62,26]
RadW7vAeQ8MUQSrCyLYkRw,33.3310004,-111.8797192,13,[33.246966,-111.9184724,33.4150348,-111.840966],[7,292,98,182,48,140,11,71,72,96,65,167,133]
OfIm-r7GAv7p5JwzPUYDXg,33.448505,-112.34790205,7,[33.430535,-112.3581958,33.466475,-112.3376083],[64,6,204,65,161,133,7,194]
76SlIVfcXJujKQ3xSyYtOQ,33.53458008642805,-111.8352075,25,[33.4869182,-111.908738,33.5822419728561,-111.761677],[201,48,11,7,98,10,9,39,119,26,38]
QlCdjt6FoM8-qa51N2jCSQ,33.3888649,-111.9580007,8,[33.3037459,-112.0741725,33.4739839,-111.8418289],[64,104,133,65,7,162,108,175,129,79,78]
2tRyExv67j1X8LaO581Wjg,33.488385199999996,-111.98318555,19,[33.321086,-112.1091081,33.6556844,-111.857263],[98,7,168,11,48,63,27,142,38,26,39,210]
sQwgFhirdCt6h_g1rbjHHA,33.4540602,-111.96171995,68,[33.2711537,-112.1336153,33.6369667,-111.7898246],[126,212,11,27,7,108,127,24,88,101,38,39,97,99,43,40,49,146,445,80,59,33,44,119,10,63,311,309,285,168,13,6,4,5,425,160,120,267,182,172,139,423,128,229,71,72,184]
NjvQTZPU0FPwtFwjUe3XcA,33.3237706,-111.84705065739749,9,[33.306896,-111.9701824,33.3406452,-111.723918914795],[99,11,6,77,35,76,98,7,292,126,48,24,108,119]
_ztEoAb-TG-ojLClkrddTQ,33.376439,-111.858669,2,[33.376439,-111.858669,33.376439,-111.858669],[27,11]
g7WbQ_3XVyTHp9RNDYjznw,33.316873,-112.004102,1,[33.316873,-112.004102,33.316873,-112.004102],[43,11]
A_iGslWWqPkAsuQTCeAsVQ,33.48069515,-111.9998257,6,[33.45111,-112.0720329,33.5102803,-111.9276185],[49,193,59,38,48,39,11,168,144]
hdGLjNckdZGSnrjXZiSlwg,33.4642596,-111.97888180000001,2,[33.4354678,-112.0238075,33.4930514,-111.9339561],[28,240,241,17,29]
zIsXZ2qo2JRGERaFeE3sNg,33.455218965954046,-112.12643405,200,[33.2815660319081,-112.3768048,33.6288719,-111.8760633],[57,327,7,142,145,258,39,28,17,29,62,48,11,99,170]
A1KQ0GUbG6o6OAV4p-2_2w,33.4514039,-111.973603,36,[33.4514039,-111.973603,33.4514039,-111.973603],[185,11]
bclFIQFlqdUBI7UBCW_0ww,33.50593485,-112.0007472,7,[33.5025941,-112.0718179,33.5092756,-111.9296765],[265,48,11]
mIKnSicDn4K7SPEX3YnI_A,33.5557353,-111.8988152,24,[33.5557353,-111.8988152,33.5557353,-111.8988152],[48,11]
5udFI4NW3VYhvgjw1XU4OQ,32.8794202,-111.7523371,22,[32.8794202,-111.7523371,32.8794202,-111.7523371],[11,27,307,63]
IbN7F-U770gJf8ZrJ2vUqQ,33.3445063753347,-111.94163062264451,4,[33.2815753506694,-111.973588345289,33.4074374,-111.9096729],[212,11,65,133]
_0x9opFdEYAm_vxzKtKuIA,33.5386441,-112.0986063,5,[33.5386441,-112.0986063,33.5386441,-112.0986063],[26,11]
uZS62OpO9US2gftnli8GVQ,33.389319549999996,-111.87067705,4,[33.3559111,-111.951494,33.422728,-111.7898601],[88,38,39,89,11,7,98,10,9,63,27]
h98Oh6jQiSUneixDjpfLOg,33.498028,-111.927951,29,[33.498028,-111.927951,33.498028,-111.927951],[352,48,11]
UEtZnNzR1AzzVSIAOrdreA,33.470421,-111.927006,4,[33.470421,-111.927006,33.470421,-111.927006],[21,6,35,70,76]
RnyHAez2bl8mYgF27w-J8w,33.506941,-111.926536,27,[33.506941,-111.926536,33.506941,-111.926536],[475,48,11]
O0B1CSVV8HQBN2ruLKckdg,33.569098,-112.1914201,16,[33.425207,-112.3566862,33.712989,-112.026154],[27,11,38,99,181,39,48,26,7,292,28,240,241,109,265,183,421,65]
9tXN1JUzCuCgMd2y4LdTcw,33.50199625,-111.9681905,25,[33.493947,-112.01408,33.5100455,-111.922301],[28,17,29,126,97,11,161,113,6,65]
l5lh3UMMxFeApbuT4pyCXw,33.378303527832,-111.906135559082,1,[33.378303527832,-111.906135559082,33.378303527832,-111.906135559082],[26,11]
DxHYzSR6bXljibrW823weg,33.50229985,-112.06048734999999,9,[33.4948977,-112.0839659,33.509702,-112.0370088],[99,11,38,128,39,26,119,48,7,9,10,27]
i1-xNi_0yQOfnGsvWYcqPg,33.2210188,-111.5832386,2,[33.2210188,-111.5832386,33.2210188,-111.5832386],[7,108]
FXpvqRYyEMXvbUjPFndEjQ,33.534116076634604,-112.18583444999999,6,[33.494108,-112.287703,33.5741241532692,-112.0839659],[7,27,48,47,11,43,99,26]
atVYw-DNYmwbzBJFvb1VKg,33.384163,-111.803119,1,[33.384163,-111.803119,33.384163,-111.803119],[212,126,97,11]
w8z33zPGyZWL7I0tEYbZrg,33.523984,-112.04698,1,[33.523984,-112.04698,33.523984,-112.04698],[265,11]
FeCcy4aeIiAUnim_kyWqZw,33.4503996,-112.0648845,1,[33.4503996,-112.0648845,33.4503996,-112.0648845],[322,57]
bqX_GSuGND8YOVkMk8-Okg,33.5022534,-111.9284569,12,[33.5022534,-111.9284569,33.5022534,-111.9284569],[98,7]
QWhNiJSAv2ZeBNgQJSr6wA,33.5744834,-111.8629187,9,[33.5744834,-111.8629187,33.5744834,-111.8629187],[48,11]
Ui8RG7CLa7I1i-Ch5yhvsw,33.40451385,-111.90646899999999,5,[33.306529,-111.940137,33.5024987,-111.872801],[38,99,39,11,7,142,292,33,117,48,88]
CgL7Y2uJGZ0Ez9__8r2iLw,33.49159445,-112.0541042,5,[33.4657898,-112.0824683,33.5173991,-112.0257401],[26,11,126,97]
93em82xkS95B5unXfReVLQ,33.406538,-111.96167,36,[33.406538,-111.96167,33.406538,-111.96167],[28,17,29]
Qst5Iw3jsrKVdrzIZH9xkw,33.48585,-112.0691813,4,[33.48585,-112.0691813,33.48585,-112.0691813],[43,11]
87-BQWCSiqyaciUxFfjr2Q,33.4982894,-111.9275491,1,[33.4982894,-111.9275491,33.4982894,-111.9275491],[7,108,119,11]
wdIEC3t0P_uSccXsoYb8rw,33.61189215,-111.89035195,73,[33.4969773,-111.9275971,33.726807,-111.8531068],[101,38,26,39,11,265,185]
XXE_0HKvJurbPLEf-ga9FA,33.2328817,-111.85828,2,[33.2328817,-111.85828,33.2328817,-111.85828],[7,142]
5eL_r-MfyOnkapT_--8yIw,33.289903,-111.773272,2,[33.289903,-111.773272,33.289903,-111.773272],[65,105,220,104,54,369]
9yVvC0FliNS00y3NqUVTLQ,33.25539,-111.62019,59,[33.25539,-111.62019,33.25539,-111.62019],[101,38,99,39,11]
HE0CwM3ttr4nAPHPFm133w,33.496647,-111.926503,11,[33.496647,-111.926503,33.496647,-111.926503],[7,313,27,11]
Orj6duDK0W5vIGnuYCjCeg,33.3497113609575,-111.929925579031,1,[33.3497113609575,-111.929925579031,33.3497113609575,-111.929925579031],[7,108,338,201,11]
5vw3xOzY4zCfNH5UXkxLLw,33.404089,-111.8250085,2,[33.385725,-111.959114,33.422453,-111.690903],[32,95,222,99,11]
uvGgTfRzRaEYbEFIoEiF9g,33.331655,-111.982113,3,[33.331655,-111.982113,33.331655,-111.982113],[33,119,99,11]
9ojXl2cwWhK2U92Kbc0qzw,33.5670375,-111.9184649,1,[33.5670375,-111.9184649,33.5670375,-111.9184649],[28,158,17,29]
sAA-g2V9_JKNAcSCIGVlag,33.306499,-111.877846,1,[33.306499,-111.877846,33.306499,-111.877846],[224,11]
xVbQUUQjOmpRWRdf_3hvUw,33.509844,-112.03603,37,[33.509844,-112.03603,33.509844,-112.03603],[4,6]
RKnFgmQiKbJxXh6KOY3tUg,33.4950535,-111.9958183,1,[33.4950535,-111.9958183,33.4950535,-111.9958183],[11,27,63]
AEYSDPOImbTncErJBjDGng,33.3805696,-111.7888113,3,[33.3805696,-111.7888113,33.3805696,-111.7888113],[38,99,128,39,296,11]
UjJdUymm07BbPLmvtCu9Ag,33.384409649999995,-111.93306340000001,6,[33.303233,-112.0235948,33.4655863,-111.842532],[7,24,47,27,11,33,26,39,38,99,128,48]
1jJ__X80nkTrsdaf7e-4Dg,33.478628549999996,-111.9979926,19,[33.4548476,-112.0800705,33.5024095,-111.9159147],[7,8,119,11,224,63,27,24,98,206,109,38,39,140,40,48]
TSPRZ-mRhm_aOlrAXrpmqw,33.463629,-112.347038,1,[33.463629,-112.347038,33.463629,-112.347038],[39,38,99,128,11]
qVhngiluacR3lB9lFOPhPw,33.551041299999994,-112.0483493,5,[33.463308,-112.1709674,33.6387746,-111.9257312],[109,38,48,39,11,44,285,296,99,120,63]
4aL1FgMljGIuDNksiLVKDw,33.47202905,-112.0301829,15,[33.3369531,-112.1839297,33.607105,-111.8764361],[126,97,11,7,108,201,42,43,142,292,449,38,212,39,40,63,27,24,9,10,109,49,52,98]
DzaKUo91T49UCWMTYy3ydQ,33.510317,-112.080548,200,[33.510317,-112.080548,33.510317,-112.080548],[28,17,29]
nlATim7u3zfX1ZlsQMR1Zw,33.7012666,-111.9253026,3,[33.7012666,-111.9253026,33.7012666,-111.9253026],[11,63]
BPpUb5c_C47EhpSXUyjhTw,33.4372288,-111.93373725000001,5,[33.377068,-111.945167,33.4973896,-111.9223075],[57,145,38,39,40,48,11,84,389]
FjI8gS1kKPTXq_lqebWyVA,33.4867952,-112.05628490000001,46,[33.317906,-112.208267,33.6556844,-111.9043028],[202,72,33,11,95,32,164,38,48,39,285,185,182,140,49,80,59,10,26,99,352,7,137,8,139,6,110]
Hmzsv254RdwrdYY7tlMqpQ,33.640119,-111.992554,7,[33.640119,-111.992554,33.640119,-111.992554],[71,72]
ZDX6WGfpY3avlEY_AnOmUQ,33.4194512,-111.915926,53,[33.4194512,-111.915926,33.4194512,-111.915926],[38,7,47,88,39,48,11]
1oJLkO5fjpxl_AoEjeFIqw,33.4247212,-111.9351556,3,[33.4247212,-111.9351556,33.4247212,-111.9351556],[149,229,11]
C1rHp3dmepNea7XiouwB6Q,33.473102499999996,-111.93617625,87,[33.293696,-112.0800705,33.652509,-111.792282],[212,361,11,127,134,135,41,400,46,6,57,306,63,27,24,89,15,25,119,7,8,200,33,10,182,157,103,172,98,292,28,170,117,142,44,49,80,82,59,168,42,43,38,109,39,382,85,99]
QxvxDsnZHybPznseXlAL9A,33.4173035,-112.0677596,200,[33.303233,-112.294258,33.531374,-111.8412612],[26,11,119,27,63,7,33,48,47]
rrFpSOqxW7SFBrKcRtxPvA,33.436990699999996,-111.99820975,4,[33.4222653,-112.0764371,33.4517161,-111.9199824],[7,98,10,9,11,149,97,57,39,145]
MX8fKvcaE6yLK4EmwZ24zg,33.55918475,-112.13417290000001,8,[33.4837225,-112.220679,33.634647,-112.0476668],[98,7,10,192,11,265,126,97]
GVBkLcyWbuI0GUbKDteVVQ,33.56490895,-111.912661,6,[33.5025941,-111.9296765,33.6272238,-111.8956455],[26,11,224,126,97,182,48,140,127,27]
FCvExQChlKsIw3KST9d4Rw,33.4360415,-111.9956337,6,[33.4360415,-111.9956337,33.4360415,-111.9956337],[28,240,241]
SF4b4tygoDH9ye16JjPgfw,33.6029385,-111.9968653,11,[33.564852,-112.071469,33.641025,-111.9222616],[117,11,41,43,265,38,145,57,88,39,298,168,99,63,27,307,33,44,224]
6RXH_WGpiefgs-mmUDEY9g,33.319011,-111.97048,7,[33.319011,-111.97048,33.319011,-111.97048],[98,7,24,11]
VZ6UiE3aC1fAxgGlXtq19g,33.49166895,-112.0397279,5,[33.3432384,-112.1201999,33.6400995,-111.9592559],[49,146,445,80,59,72,39,38,27,128,11]
51fBnwRe87KOGsI3CpEDTQ,33.3285147,-111.7833405573975,9,[33.3023282,-111.8427622,33.3547012,-111.723918914795],[119,99,11,7,292,142,24,108,27,48]
q8iZbh_ldGV7-jUrk5g-yA,33.7129908,-112.1130158,3,[33.7129908,-112.1130158,33.7129908,-112.1130158],[7,108]
MiAANDVksTAFJ7jjZyefBg,33.3660663,-111.9317854,49,[33.2359121,-112.0737828,33.4962205,-111.789788],[185,11,38,99,128,39,26,63,126,212,7,33,48,47,140,40]
j2ZpCgf6DA_8FTgooQu5kw,33.3433925092755,-111.88641025,17,[33.2927543,-111.9766537,33.394030718551,-111.7961668],[149,97,11,71,72,65,105,369,182,48,140,63,27,188,49,23,82,59,38,265,39,114,13,6,4,22,12,160,340,201]
T5mD6ggC7fh48QgXR0LevA,33.4106184260014,-112.09693304999999,198,[32.9479262,-112.7128951,33.8733106520028,-111.480971],[4,5,6,77,35,76,126,11,182,48,140,309,285,129,79,121,57,327,7,108,186,28,442,241,27,119,177,24,99,120,38,39,84,147,139,137,45,162,46,13,30,63,307,172,12,78,36,189,10,49,231,52,88,89,60,470,145,178,8,109,56,17,18,41,72,184,110,26,225,43,142,292,262,175,332,29,160,54,324,212,97,114,284,32,337,23,102,190,103,33,345,346,141,322,34,250,15,25,372,61,21,191,65,133,403,112,449,479,113,333,117,214,22,9,93,3,247,271,279,80,59,98,168,181,229,70,69,288,213,188,1,301,302,62,439,201,124]
QEP46r-34QM0grB-4atFrw,33.493181,-111.9297091,1,[33.493181,-111.9297091,33.493181,-111.9297091],[38,48,39,40,11]
O7lAj6kWXeN5v0L3qprvYA,33.5228192,-111.95267274255349,5,[33.442375,-111.9781795,33.6032634,-111.927165985107],[24,11,98,7,182,172]
GacwJc4qPBJwWhegMztP4A,33.4228477,-111.8747053,2,[33.4228477,-111.8747053,33.4228477,-111.8747053],[39,11]
Ri8jeh5ZmDF6bXl6Wqshww,33.61265935,-112.33314490000001,6,[33.5704697,-112.4159659,33.654849,-112.2503239],[33,185,11,7,108,177,140,63,27,32,433]
YMheTcWIC0Mdl7NumigQKg,33.4483771,-112.0740373,1,[33.4483771,-112.0740373,33.4483771,-112.0740373],[57,56]
4ZK_UjKQ1h1NmJYotoRXVg,33.5361831,-112.04113858103,200,[33.4651833,-112.2392961,33.6071829,-111.84298106206],[161,28,65,17,29,99,11,38,260,39,40,259,48,7,292,210,313,322,57,190]
QOTajzfCePColUYEgv3zIA,33.6128816,-111.9778065,7,[33.6128816,-111.9778065,33.6128816,-111.9778065],[177,140,11]
svdlOsWzUXtHXEr4fFKoxg,33.507713,-112.040047,1,[33.507713,-112.040047,33.507713,-112.040047],[33,99,11]
4S9zZwr-qhlHVY_zq8gl0w,33.688016,-111.921321,2,[33.688016,-111.921321,33.688016,-111.921321],[71,72]
C2eAyjPLN4c-r_kmgA4ikg,33.5847678,-111.9911067,7,[33.494205,-112.0608177,33.6753306,-111.9213957],[212,43,11,63,97,126,48,38,39,40,99,109,440]
lUKYyfUEzSYIV4_Isw7NeQ,33.493507699999995,-112.0350755,42,[33.4772147,-112.0736348,33.5098007,-111.9965162],[48,206,11,265]
Gkv-C5ih_8jNlUfztpPZFg,33.506414050000004,-112.01244535000001,41,[33.494459,-112.029562,33.5183691,-111.9953287],[26,11,38,99,88,39,40]
uIDG42OTzI16Wiaf4wf0vg,33.4590669,-112.0915007,8,[33.4590669,-112.0915007,33.4590669,-112.0915007],[101,88,38,39,40]
rdsqbZD1fsn_apstSPassw,33.5100398,-112.0146407,1,[33.5100398,-112.0146407,33.5100398,-112.0146407],[33,38,39,11]
c5sA9WGfwfFOJ9kwN2NHpQ,33.45977,-112.0741625,3,[33.45977,-112.0741625,33.45977,-112.0741625],[109,38,48,39,11]
qywVBBmOW9fbqWDi3XO8rQ,33.55555765,-112.0087235,22,[33.4993771,-112.0999,33.6117382,-111.917547],[78,79,340,11,251,63]
QSzbhLINnOVxYEVhuTituA,33.496293449999996,-111.96819485,25,[33.4219869,-112.0342897,33.5706,-111.9021],[7,292,224,11,98,24,206,109,38,39,63,26,48,99,27,126,97,33,313,265,84,147,28,17,29]
hq0WUfau1Mh3GyHn8oVdNQ,33.4838785,-111.9977085,161,[33.289903,-112.222145,33.677854,-111.773272],[61,13,6,38,145,57,205,39,40,26,11,98,7,104,161,65,251,137,8,139,60,49,20,23,415,59,63,27,204,322,146,52,485,54,128,327,330,242,238,46,344,142,32,95,222,53,55,122,292,30,106,182,172,48,247,365,28,17,29,99,214,293,33,307,298,119,219,218,41,126,97,185,70,43,265,130,108,201,24,296,45,109,206,84,262,175,129,278,79,138,193,77,35,36,279,10,44,372,105,417,80,231,101,439]
F0qOB5VLlCp5xkkjQc-G1w,33.435146,-111.998367,1,[33.435146,-111.998367,33.435146,-111.998367],[119,38,99,39,11]
fay1QleVM_mxZmAmSFS0JQ,33.5638767,-111.9248132,2,[33.5638767,-111.9248132,33.5638767,-111.9248132],[28,17,29]
6l_t-phC9ZA2UTzRVUUCKQ,33.413158,-111.875779,1,[33.413158,-111.875779,33.413158,-111.875779],[224,11]
z9JJVZmN2Yxb_Vqmxf_BvQ,33.57470635,-112.1270039,5,[33.5100097,-112.2387233,33.639403,-112.0152845],[7,138,139,11,10,24,48,338,382,206]
aj1atE6H4Jf9mfsHvWhn2Q,33.4463494,-111.94861675,200,[33.413158,-112.0740474,33.4795408,-111.8231861],[10,11,224,33,120,168,144,28,17,29]
huBlN2tuSGtuSFh4uRy63w,33.4528292,-112.0685027,2,[33.4528292,-112.0685027,33.4528292,-112.0685027],[26,11]
vp1LUMkedWATnFeVFteASg,33.548473971322,-111.95705305,39,[33.421617342644,-112.02287,33.6753306,-111.8912361],[38,48,39,40,11,119,128,109,63,27,17,62,30,13,6,440,126,97,24,28,29,99,293,26]
bXDufR8mfVHSNq2zHuAzpQ,33.426368,-111.9398551,31,[33.426368,-111.9398551,33.426368,-111.9398551],[88,38,39,298,11]
TLvEpG5ZIuxOqAh6gUAROA,33.4998215,-111.9272226,2,[33.4998215,-111.9272226,33.4998215,-111.9272226],[49,320,321,193,59]
pIm17SVRo8IdhGoBD4qbnA,33.4244025991051,-111.9036798588865,200,[33.220784807586,-112.260360717773,33.6280203906242,-111.546999],[119,99,11,57,56,98,7,292,142,24,63,33,88,38,39,201,71,72,73,69,97,26,49,265,137,8,139,210,54,55,122,83,6,65,133,52,212,126,231,10,44,168,41,43,108,48,185,367,27,400,162,194,224,140,250,298,145,45,13,272,4,5,160,190,28,296,128,47,229,15,25,127,84,124,117,396,66,409,118,251,248,32,90,113,116,219,218,9,40,163,177]
MnGFpO_voGOHelWD4vyYog,33.3201757,-111.8977104,1,[33.3201757,-111.8977104,33.3201757,-111.8977104],[64,65]
Pxf2vR2iZ2YWFHt9M4PNTg,33.637161,-112.19974,2,[33.637161,-112.19974,33.637161,-112.19974],[265,126,11]
KTHYCuYP6qqQJlQQ5p4R9g,33.47945985,-112.1265389,3,[33.4641,-112.273257,33.4948197,-111.9798208],[7,194,239,11,119,33]
hItN-tuYHZZTfkCKiB2SWA,33.5777603,-111.9428819,5,[33.5557353,-111.9869486,33.5997853,-111.8988152],[48,11,119,201,99]
13dlvyNatfdObY64SKi3iw,33.482299850000004,-112.05135855,10,[33.452926,-112.075513,33.5116737,-112.0272041],[140,11,38,119,109,39,24,48,251,210,26,49,193,80,59]
EUov0YtK6Zqr5gidlBAXgg,33.4608045,-111.9477654,4,[33.4608045,-111.9477654,33.4608045,-111.9477654],[57,470,145,39]
kBaItLrRUKJ6_K5xzNo7_w,33.641887,-111.9482023846665,14,[33.5025941,-111.991308,33.7811799,-111.905096769333],[33,99,11,182,112,6,79,121,27,48]
nOeAhJtpPmBSUJoNjsxFqA,33.8337069,-111.936832,1,[33.8337069,-111.936832,33.8337069,-111.936832],[168,265,307,11]
NDOjJoJ1oK-YD4BxX_KsLg,33.4531351,-111.9893905,2,[33.4531351,-111.9893905,33.4531351,-111.9893905],[38,99,39,11]
6CIxnHYCfM7D4hGx8WWYGQ,33.552453944818055,-111.9888976,16,[33.4348794896361,-112.0733182,33.6700284,-111.904477],[7,108,99,48,11,28,17,29,38,39,27,44]
LDWA5u_D-7HGiaj_fSrzLw,33.3478272,-111.9102573,17,[33.3478272,-111.9102573,33.3478272,-111.9102573],[224,182,11]
Ia9D08hVd-RlqN1-wBo_Lg,33.581469600000005,-111.9993173,3,[33.4653362,-112.0827836,33.697603,-111.915851],[99,11,38,39,40]
3Lo5QQsrHnrq2nHuqb7h5w,33.732153,-111.8537306,104,[33.732153,-111.8537306,33.732153,-111.8537306],[28,17,29]
xUxxoTkQNWbKU44cCbtY4A,33.40364855,-111.92346845,40,[33.304703,-111.9878697,33.5025941,-111.8590672],[88,38,99,39,11,93,3,43,26,126,7,138,8,139,33,44,212,41,120,6,77,35,76,47,48,57,145,69,63,27,30,13,97,14,15,191,49,368,46,89]
06_L1SVDBshdIHvN1JGY1A,33.6839876,-112.1161771,1,[33.6839876,-112.1161771,33.6839876,-112.1161771],[63,27,11]
A9__oYzwVVO-fVQf-0NJ6g,33.218296,-111.822055,1,[33.218296,-111.822055,33.218296,-111.822055],[371,54,242,238]
a7EgiKhKJZ62KkkapSN35g,33.43475,-112.00644,148,[33.43475,-112.00644,33.43475,-112.00644],[28,170]
sGZpZoEKwQVNPRhG3OjudQ,33.6572865,-112.0373763,29,[33.4471778,-112.1478576,33.8673952,-111.926895],[26,11,33,63,27,49,178,182,48,140,39,298,57,145,251,43,117,214,7,108,177,24,38,128,341,10,99,119,185]
hgGDoDY732Kv8iz2qW920A,33.538873,-111.865693,3,[33.538873,-111.865693,33.538873,-111.865693],[168,169,11]
wUEp87FqOB9ew27Iz6zk_w,33.450143249999996,-111.9847132,14,[33.37844,-112.0930104,33.5218465,-111.876416],[84,147,26,11,38,212,39,40,251,182,48,140,117,214,210,109,44,296,63,219,218,41]
r0hdHLsCcCV8J4CIJDqAMA,33.4634582,-111.93493015,33,[33.3021074,-112.0800705,33.624809,-111.7897898],[7,108,48,11,148,117,63,27,24,26,10,43,99,246,119,139,17,423,64,65,12,13,6,22,173,112,104,204,89,142,202,72,67,68,8,224,38,88,39,40]
3BvvoNFdTkzb8cqmxA6W3g,33.55517025,-112.00320835,18,[33.421453,-112.0980477,33.6888875,-111.908369],[265,48,11,206,84,336,337,32,7,313,27,88,38,39,89,224,63,104,161,179,65]
EL28IA7FNLgQsI0T--vJsA,33.498028,-111.927951,180,[33.498028,-111.927951,33.498028,-111.927951],[352,48,11]
wCwCBI72_htzCiYTHavOzw,33.5557353,-111.8988152,3,[33.5557353,-111.8988152,33.5557353,-111.8988152],[48,11]
ENRUwNYg3J5liMUF665seg,33.5160662,-112.029562,85,[33.5160662,-112.029562,33.5160662,-112.029562],[99,11]
Hb-3_gqH29M2O02GbYVqBw,33.481469294079,-112.056136961415,6,[33.4492414,-112.07341192283,33.513697188158,-112.038862],[48,11,38,39,40,54,238]
Nx4hDd4EBrsrS_gTxY0eNA,33.61094435,-111.92408245,2,[33.5855504,-111.9267692,33.6363383,-111.9213957],[44,127,11,98,7]
hiGsfycU_W1ZZRzo63jw4w,33.366161,-111.738231,1,[33.366161,-111.738231,33.366161,-111.738231],[65,54,220]
trJ__50mVvVsHaPzeV0M_Q,33.4997186,-111.9263271,1,[33.4997186,-111.9263271,33.4997186,-111.9263271],[38,99,39,11]
2VwJ3-RBXL8HB29VGD6oJA,33.391906,-112.0973086,2,[33.391906,-112.0973086,33.391906,-112.0973086],[26,11]
VV3UzNU2D5OkDpwgxtoj7w,33.67101864999999,-111.97737955,38,[33.5096533,-112.1089713,33.832384,-111.8457878],[33,99,11,48,119,120,38,117,39,26,128,97]
BorH5RSuRfBWpIKiAlkv_Q,33.5618239,-111.95659416420901,7,[33.344661,-111.987419128418,33.7789868,-111.9257692],[33,117,11,71,72,184,297,44,13,6,115]
DPHk7-lVJ2Iff22DpOy-PQ,33.620288,-111.9783,1,[33.620288,-111.9783,33.620288,-111.9783],[54,238]
ed63shHyt2tiAGlnzg6IjA,33.45414905,-111.93331925000001,5,[33.4366655,-111.9403254,33.4716326,-111.9263131],[113,6,116,265,99,11]
c6w2CBC4gsjF6iIw7prngw,33.400067899999996,-111.9325355,37,[33.392586,-111.957916,33.4075498,-111.907155],[26,11,44,127]
oJsnqRror1DUmi3jWgbwaA,33.480506649999995,-111.99859119999999,21,[33.4222653,-112.0772,33.538748,-111.9199824],[27,11,126,97,7,98,10,9,26,6,45,65,148,204,99,84,345,346,39,119,48,38,88,128,168,181,229,177,140,40,108,24,192]
mzi8YwR7JgskpqEkSobpyA,33.3376533,-111.8681695,2,[33.3354566,-111.876337,33.33985,-111.860002],[373,196,43,11,7,162]
W1GGt85tFuLYvbfHetUd2w,33.525162550000005,-111.9142282,9,[33.494247,-111.92975,33.5560781,-111.8987064],[39,38,26,127,11,109,48]
e1a1i8aFuFeSn2dJbKycmw,33.6749989,-111.9776027,1,[33.6749989,-111.9776027,33.6749989,-111.9776027],[182,48,140,11]
y7IuxMy6GON5cHQpGtbOdw,33.5754755,-112.0651592,3,[33.5754755,-112.0651592,33.5754755,-112.0651592],[119,11]
CpOH-V6bIx9dfChpMLHufA,33.8333113,-111.9387279,1,[33.8333113,-111.9387279,33.8333113,-111.9387279],[410,307,172,11]
EGy1buPuXwormUvikpbV8g,33.2847441,-111.8410244,17,[33.2847441,-111.8410244,33.2847441,-111.8410244],[7,194]
jTcGH2pMRbzdZr-GsEXi4A,33.4150348,-111.9184724,45,[33.4150348,-111.9184724,33.4150348,-111.9184724],[182,48,140,11]
sCRy3cQgHEJQiCQJrvKkRg,33.4653362,-112.0827836,1,[33.4653362,-112.0827836,33.4653362,-112.0827836],[38,39,40]
-0D3oSKIIWCTtii9ggLpcw,33.4953983,-112.0035196,1,[33.4953983,-112.0035196,33.4953983,-112.0035196],[73,72]
Gls_liS4YKLnnQ2YtepbaA,33.43475,-112.00644,180,[33.43475,-112.00644,33.43475,-112.00644],[28,170]
5fA_576cKoAGdqVWJi_WHw,33.319412,-111.98374,5,[33.319412,-111.98374,33.319412,-111.98374],[65,133]
yPfw8qcH7Bh5XIGB_XIPiA,33.49317445,-112.1150975,4,[33.481319,-112.151114,33.5050299,-112.079081],[168,26,11,57,39,145,7,292,24,185,27]
fTHJZEiWBt0CKNUGckfEmQ,33.43444729672255,-111.8834996436035,3,[33.3021074,-111.924934387207,33.5667871934451,-111.8420649],[26,11,166,6,21,224]
17lvW70WpVXfHAhG0llsUg,33.5394005033294,-111.924451589584,4,[33.5394005033294,-111.924451589584,33.5394005033294,-111.924451589584],[168,97,11]
NXewRPjoqPjFSYOjwYNTZQ,33.46884945,-111.99523308513801,76,[33.4352894,-112.065567970276,33.5024095,-111.9248982],[33,44,11,98,7,108]
9Z5ew1LibX4RekMA0aoLpA,33.5848274,-112.2131435,21,[33.489522,-112.395723,33.6801328,-112.030564],[99,11,26,211,32,182,126,97,33,44,30,8,13,6,7,110,49,80,59]
XUoX6ET91UXbya6bWgsChA,33.499499,-111.927402,1,[33.499499,-111.927402,33.499499,-111.927402],[48,11]
CxJGyvl_8cWZCRvR_1Y0xw,33.348763010086,-111.9443510501,1,[33.348763010086,-111.9443510501,33.348763010086,-111.9443510501],[119,62,24,17,11]
nRmq-MudOQMhN8u6CJM3OQ,33.4869182,-111.908738,1,[33.4869182,-111.908738,33.4869182,-111.908738],[39,119,26,38,11]
SaA38IYrehPstgGPFu2AtA,33.491546,-111.923427,3,[33.491546,-111.923427,33.491546,-111.923427],[26,11]
tPSCai0p9S9xG0Mnq9js7A,33.44847915,-112.01954875,21,[33.3852846,-112.0745395,33.5116737,-111.964558],[6,45,39,298,57,145,11,26,210,12,13,224,28,17,18,29]
ToIcMshsBV7T63EAq59Sog,33.499846649999995,-111.97943864999999,125,[33.4194512,-112.0429513,33.5802421,-111.915926],[28,17,29,26,127,11,119,99,7,8,271,38,39,40,48,142,338,161,65,47,88,206,44,298,33]
SMx1M0Z69s2hUbE0yzOJDA,33.5398349,-112.1600629,2,[33.5398349,-112.1600629,33.5398349,-112.1600629],[71,72,287]
8o094h5docz7uh9p8JnWRQ,33.5005719,-112.0741143,1,[33.5005719,-112.0741143,33.5005719,-112.0741143],[7,108]
3yeijTrNhQUV35sNxnsFOQ,33.3871231,-111.7882149,12,[33.3871231,-111.7882149,33.3871231,-111.7882149],[28,17,29]
yF9su8PqjDJe_ceBcop9BA,33.4360415,-111.9956337,140,[33.4360415,-111.9956337,33.4360415,-111.9956337],[28,240,241]
8CfmfYI_E9aFwGSHFUETUQ,33.4994444,-111.9242412,2,[33.4994444,-111.9242412,33.4994444,-111.9242412],[38,145,57,205,39,40]
0VaL50rT2zkSk3pK3cTlCA,33.43649115,-111.818993,26,[33.2631834,-112.088808,33.6097989,-111.549178],[39,212,126,293,11,7,137,8,139,99,48,26,57,20,56,362,59,49,58,23,65,133,72,154,63,27,24,61,13,6,224,45,96,36,28,17,29,38,162,225,109,259,260,140,40,142,119]
t8Aw5Mldi92E6ooxoNAgog,33.4949791,-111.9904946,1,[33.4949791,-111.9904946,33.4949791,-111.9904946],[84,112,6,254,339]
-u_UKH4PSWBDfeHQgtlFcg,33.492962,-111.927751,28,[33.492962,-111.927751,33.492962,-111.927751],[224,11]
Oba6VjQT4Tv1n_hqP-XDCw,33.63315455,-111.95473145,8,[33.6106247,-111.979435,33.6556844,-111.9300279],[65,133,97,11,251,177,140]
sKDSyw_dPgZWOGCUD-AS3w,33.52679695,-112.01963965,7,[33.492335,-112.1156244,33.5612589,-111.9236549],[7,142,38,99,39,40,11,48,185]
t0RPindsL-pbORtvaQkWhA,33.5155338,-112.077898,3,[33.5136394,-112.0823075,33.5174282,-112.0734885],[7,142,292,108]
k2FKLlb0lDLcKtX5g_KpOg,33.504957450000006,-112.00092620000001,3,[33.497145,-112.0740123,33.5127699,-111.9278401],[38,128,39,109,11,63,48,40]
tuLCs7YvIVWwGorqYW9C8Q,33.5022311,-111.924255,46,[33.5022311,-111.924255,33.5022311,-111.924255],[126,97,307,11]
sYidJ6jraZjE18eMi8ouNA,33.49818215,-111.97456629999999,5,[33.4869182,-112.0403946,33.5094461,-111.908738],[63,27,11,39,119,26,38]
AUml43nFCM7SK5ZR02rZGA,33.4340647310654,-111.994457244873,1,[33.4340647310654,-111.994457244873,33.4340647310654,-111.994457244873],[98,7]
3Y43RqussK5ldHkYSOcnsg,33.614422,-111.913245,4,[33.614422,-111.913245,33.614422,-111.913245],[37,32,203]
TE1dyRiskJd-Iip-OPrCLw,33.407859622397,-112.04105145739749,5,[33.321061644794,-112.358184,33.4946576,-111.723918914795],[99,11,38,26,39]
HsAJ6g5JU_2uCR8deVDydA,33.49112,-112.079081,21,[33.49112,-112.079081,33.49112,-112.079081],[28,17,29]
CpuGHgIxMNuFM_PxJtuX-g,33.534203,-112.2618153,12,[33.534203,-112.2618153,33.534203,-112.2618153],[182,99,11]
Zv2-xmqLDQnxcjhvvlxHPA,33.4399342,-112.5564651,2,[33.4399342,-112.5564651,33.4399342,-112.5564651],[3,376]
1SlU8lrUev9Zq_b_vt7YHg,33.2929875,-111.91095675,19,[33.2475,-111.9777693,33.338475,-111.8441442],[49,367,15,191,6,250,274,13,110,57,69,65,133,350,26,11]
8-vCX-NrU2n28GtpErJncQ,33.36478,-111.842963,3,[33.36478,-111.842963,33.36478,-111.842963],[71,72]
Jjdt5xR1vGVT3p98e_VemA,33.5531987,-112.0571347,1,[33.5531987,-112.0571347,33.5531987,-112.0571347],[38,128,39]
OrjLY6sgLphGcI9Mq7rDag,33.8321704,-111.9583011,27,[33.8321704,-111.9583011,33.8321704,-111.9583011],[48,11]
gO71ikoIl4SzgQZtrkNFxg,33.4683754,-111.9730865,59,[33.3022462,-112.073629,33.6345046,-111.872544],[109,38,48,39,11,89,7,8,72,297,383,426,384,1,63,27,98,206,168,298,88,182,140,224,108,43,142,99,40,33,24,97]
7XVlzEWbZ_Rv-k0bMmhSZQ,33.56721,-112.133347,1,[33.56721,-112.133347,33.56721,-112.133347],[10,24,11]
CH0LHk-3kqh3nwLw2mOvlw,33.6691088,-112.2029357,4,[33.6691088,-112.2029357,33.6691088,-112.2029357],[11,63]
XAoTcURaFVThdx5JMeWFxg,33.4740662,-111.9270986,2,[33.4740662,-111.9270986,33.4740662,-111.9270986],[10,11,24,63]
HeQ4YFUq7sG4Yc7nuZBqLQ,33.425711,-111.94047,28,[33.425711,-111.94047,33.425711,-111.94047],[22,13,6,204,65]
0o-Hwp4MyAvX4qEwujpDLw,33.56102295550695,-111.9607935,6,[33.4986978,-111.9953195,33.6233481110139,-111.9262675],[48,11,63,126]
D7h4xPErE8U1QODeEyU3mQ,33.487593649999994,-112.01177425,116,[33.480017,-112.1001451,33.4951703,-111.9234034],[28,17,29,251,43,11]
3ZK0J13qiy-OwMo7v_eqtg,33.4730225,-111.970197,144,[33.306501,-112.168382,33.639544,-111.772012],[309,119,285,11,251,43,185,62,17,27,307,169]
gg_OKjOAl_vVmdh5ZETuiw,33.4892465,-111.9233309,98,[33.3365399,-112.294278,33.6419531,-111.5523838],[251,11,57,69,38,40,39,146,91,51,49,312,142,7,292,117,44,99,128,26,48,27,24,108,119,192,140,185,123,65,14,15,6,202,72,309,285,177,33,214,404,451,74,41,101,25,149,145,88,298,42,43,311,10,52,63,98,8]
G1-w0h0Y668DZfjxuVJPgQ,33.4876029,-112.0824895,1,[33.4876029,-112.0824895,33.4876029,-112.0824895],[41,11]
mM9UoVhN0fiisDw1t6laRA,33.4244231,-111.84555685,2,[33.413158,-111.875779,33.4356882,-111.8153347],[251,11,26]
I_fcihyUfONhi8qgeQXrUQ,33.59273035,-111.94686525,10,[33.5019817,-111.966112,33.683479,-111.9276185],[212,229,11,38,48,39]
xH8apsSxGVIbQ75ilCFodA,33.5716367,-111.9232724,3,[33.4969773,-111.9275971,33.6462961,-111.9189477],[101,38,26,39,11,168,43]
J46JyRtoOa2iITZbG8VhkQ,33.53771063642805,-111.907219598864,11,[33.4931793,-111.9320931,33.5822419728561,-111.882346097728],[7,142,98,10,9,11,39,26,127]
xUeTDQ_oTUtcKh9Vgc4eOg,33.5859735,-112.115958,50,[33.585056,-112.116136,33.586891,-112.11578],[28,17,29,99,48,11]
kImKsm81s8z-RHJVMpdf4A,33.49112,-112.079081,66,[33.49112,-112.079081,33.49112,-112.079081],[26,11]
cI6OM7xuSW-v2k5v-Xr2aQ,33.319219,-111.8592813,4,[33.319219,-111.8592813,33.319219,-111.8592813],[224,11]
_ryfvOUWCEYHJqQ0NdQmsg,33.502191,-111.996292,1,[33.502191,-111.996292,33.502191,-111.996292],[109,38,11,39,63]
Vgos46QFtgjz4HizCGjsag,33.5228593,-111.94730354999999,200,[33.4997186,-111.96828,33.546,-111.9263271],[38,99,39,11,48,26,127]
_JJgknodFeeqOW2e9a3kKw,33.372767664616646,-111.77734845,81,[33.2341019292333,-112.0740069,33.5114334,-111.48069],[27,11,7,142,26,189,10,24,38,140,39,40,48,239,99,296,128,44,63,97,43,72,395,251,185]
7oiTEMFxCcQMicT-p1j7Jw,33.634308,-111.885422,3,[33.634308,-111.885422,33.634308,-111.885422],[95,32,164]
fcQ5lQsu14Qxnj7ivyWAdw,33.48035985,-111.89654150000001,4,[33.4515104,-111.9885861,33.5092093,-111.8044969],[38,128,39,7,108,129,79,65,133]
61HlVi4obZXwOJzCvZuqzw,33.44438075625796,-111.911101,54,[33.2614572,-112.065458,33.6273043125159,-111.756744],[38,26,39,11,57,69,48,104,161,132,65,27,119,6,204]
SJncNINSwj_hTWIdflgb0A,33.56877095,-112.05262970000001,18,[33.4978182,-112.1798866,33.6397237,-111.9253728],[218,41,11,224]
LCuCz3G9eRb4DK1GfNY3nA,33.2614572,-111.8830248,2,[33.2614572,-111.8830248,33.2614572,-111.8830248],[48,11]
SVgbDkHNX-VjysOfDtvDbw,33.539257,-112.181569,13,[33.539257,-112.181569,33.539257,-112.181569],[251,11]
WyuL4_uzfA1BVS-ynqY6ug,33.626197,-112.186915,1,[33.626197,-112.186915,33.626197,-112.186915],[123,65]
tJG-zUvLQsTCNSq088af1Q,33.49827755,-111.97828150000001,3,[33.4862787,-112.0463575,33.5102764,-111.9102055],[161,65,133,11,27,63]
SXRjGJTrG5DqNCOhCN1lgg,33.3370939,-111.8760633,1,[33.3370939,-111.8760633,33.3370939,-111.8760633],[251,11]
fHv7k5vWd6ryt8jH4J3teg,33.572905649999996,-112.2474455,134,[33.430535,-112.395175,33.7152763,-112.099716],[44,11,7,162,98,24,33,99,119,84,124,117,48,28,17,18,29,6,87,148,32,95,222,93,3,63,57,69,30,8,13,110,142,49,319,59,307,212,43,108,27,54,324,97,104,64,133,65,265,126,72,154,45,185,202,35,76,41,208,47,85,229,182,327,26]
x5e-AaSBDNz34eZ9VWAsAA,33.3702541,-111.9741847,53,[33.3702541,-111.9741847,33.3702541,-111.9741847],[265,11]
pXhfBa5Vvzoypjo91csclw,33.56060835,-111.8960351,3,[33.5377367,-111.9085442,33.58348,-111.883526],[149,224,43,11]
lKp7An-tDjdDlwkPevNLlA,33.3487055477927,-111.983256340027,1,[33.3487055477927,-111.983256340027,33.3487055477927,-111.983256340027],[119,11]
IXn7pcVEnJUMlJExYdWPQw,33.4306995,-111.99294658936,6,[33.3776765,-112.0476668,33.4837225,-111.93822637872],[48,11,7,108,98,10,192]
wi8bnLyWpJOt_DV8zqgfZg,33.5947042,-112.1540504,10,[33.5092756,-112.2768348,33.6801328,-112.031266],[30,8,13,6,7,110,9,119,11,84,370,39,38,26,128,28,17,29,48]
-pTlFD1pbeZcyBHqjFEwKw,33.60041675,-111.97710119999999,11,[33.5222185,-112.064759,33.678615,-111.8894434],[99,126,11,218,38,48,39,40,63,117,24,109,265,26]
Lwds1ifJH-dVKU2C2IJIHg,33.5398349,-112.1600629,1,[33.5398349,-112.1600629,33.5398349,-112.1600629],[71,72,287]
EpC7vMp0hg1wGBQ6fzzoQg,33.4004518,-111.93464365,35,[33.2624833,-112.1839297,33.5384203,-111.6853576],[126,11,224,38,26,39,99,128,149,97,212,63,27,40,185,43,251]
GfPg4wBCFbIXIRlbnKH31A,33.4937015,-111.9735885,15,[33.348162,-112.065458,33.639241,-111.881719],[119,11,7,142,27,26]
RB2rFy3Dr83QDE4a5X1xAw,33.42626155,-111.8111022,11,[33.415469,-111.832933,33.4370541,-111.7892714],[25,6,208,35]
MLgSd18_PzWIU7QG2LssXg,33.5399096324975,-111.88374787506501,12,[33.4931627,-111.9310456,33.586656564995,-111.83645015013],[11,27,63]
6U2Af4hgQArChuhn4UBJ4w,33.36169700000001,-111.80051879999999,4,[33.348032,-111.8448436,33.375362,-111.756194],[106,54,280,131,65,226,195]
_TnXqVAlRSoDHS80RCjxsg,33.3893793,-111.7183912,2,[33.3893793,-111.7183912,33.3893793,-111.7183912],[78,79]
db6RELZZUhvtPmbK4c49Bw,33.59733205,-112.22592515,50,[33.5324161,-112.2634935,33.662248,-112.1883568],[11,63,28,17,29]
-GuI1BlfyPGhvgYXA4LhSA,33.556099,-111.89658445,7,[33.500545,-111.9284569,33.611653,-111.864712],[33,38,48,39,11,63]
zHuVL4GzLXuDcufZy066hw,33.43283675,-111.98179725,9,[33.407717,-112.0476685,33.4579565,-111.915926],[26,11,7,142,292,38,47,88,39,48,27,43]
BGaha6uCuniDNXn3bDas6w,33.3726981,-111.7896839,2,[33.3550442,-111.789837,33.390352,-111.7895308],[24,11,185]
6UE1699t8xcGrv093wD55A,33.5025941,-111.9296765,4,[33.5025941,-111.9296765,33.5025941,-111.9296765],[7,292,99,48,11]
SB2l1-OsWL4g6g6vrUHBCw,33.46059135,-111.97686805000001,15,[33.293081,-112.062513,33.6281017,-111.8912231],[39,26,127,11,63,27,88,38,298,43,236,103]
viSAwS2hnWFMEXNcKmBUag,33.655901,-112.064207,2,[33.655901,-112.064207,33.655901,-112.064207],[26,11]
LhSKiNsXSItau9tgmRfzyw,33.4743748,-112.0071351,27,[33.3631506,-112.0919692,33.585599,-111.922301],[265,48,11,65,133,6,77,35,84,339,210,63,27,24,163,13,118,38,39,109,166,21,126,26,7,108,49,320,321,193,59,403,121,79]
ekpt39jcEinXxbLegQGjZQ,33.6194903,-111.8964356,1,[33.6194903,-111.8964356,33.6194903,-111.8964356],[13,6,272,4,5,49,160]
cZpYPw81dsx_3o3rBZNwZw,33.6686274,-112.1230703,1,[33.6686274,-112.1230703,33.6686274,-112.1230703],[11,63]
FT2OHcuiKs1B3xTFFK2ghw,33.6839876,-112.1161771,3,[33.6839876,-112.1161771,33.6839876,-112.1161771],[63,27,11]
ZC49A1K-if7KP8VJXoqELQ,33.470446800000005,-111.9467602573975,156,[33.2664769,-112.1696016,33.6744167,-111.723918914795],[99,11,279,54,361,26,27,63,98,7,24,38,48,39,168,229,137,8,139,49,80,82,59,265,46,6,108,109,187,36,177,285,140,465,40,33,44,224,89,57,69,47,212,15,191,119,62,17,127,193,242,146,298,88,185,201,10,182,172,416,322,161,65,43]
DsoD6Nyv4n4gQpjIq_y5DA,33.5541841,-112.14441735,5,[33.4466932,-112.3410693,33.661675,-111.9477654],[382,11,49,368,43,57,470,145,39,274,6,13]
qOGWzLOWRhPSiJaVPsyNEw,33.595881,-112.134443,22,[33.595881,-112.134443,33.595881,-112.134443],[33,117,24,11]
wU15vbUxS3juray-Kt-_uw,33.4322113,-112.0429513,6,[33.4322113,-112.0429513,33.4322113,-112.0429513],[28,271]
nQ5WVv85BGrW6YK9ZJMO-g,33.5834449,-111.9770187,5,[33.5834449,-111.9770187,33.5834449,-111.9770187],[177,140,11]
EV_aZIOJE_jhIrOFuMxXBQ,33.428336599999994,-112.00025289999999,24,[33.3491162,-112.0739136,33.507557,-111.9265922],[309,285,11,7,36,298,99,27]
WrHv35BPJ7UdQsOyhSTeog,33.4860023,-111.9264164,200,[33.4860023,-111.9264164,33.4860023,-111.9264164],[33,119,11]
c1f4jL_HqUtM_BACtF1Wgw,33.4961,-111.929344,2,[33.4961,-111.929344,33.4961,-111.929344],[11,63]
IgbyoHNPF7D2yHj0PePJ_w,33.3847216,-111.8643889073975,14,[33.3156591,-112.0048589,33.4537841,-111.723918914795],[26,11,181,229,119,99,63,27,382,168,144,49,368]
1BW2HC851fJKPfJeQxjkTA,33.4145061,-111.91515275,200,[32.9953532,-112.2948244,33.833659,-111.5354811],[206,11,98,7,119,24,99,44,27,265,6,200,38,39,128,185,33,8,116,36,113,77,35,76,46,157,103,204,65,84,124,125,28,17,29,117,48,26,292,338,264,34,72,148,154,182,140,149,137,139,15,25,127,30,13,45,71,287,269,115,191,112,248,142,108,54,242,141,212,43,110,57,69,63,327,49,50,52,10,9,60,375,111,309,169,12,114,163,118,322,93,3,94,32,95,102,297,236,250,224,208,314,434,129,175,332,121,79,232,168,229,345,346,96,22,123,162,155,147,190,23,459,396,249,1,301,302,378,134,135,188,324,296,441,158,379,210,184]
pQOzvuI6SRC3L-egfO-0Hw,33.4261603,-111.939838,87,[33.4261603,-111.939838,33.4261603,-111.939838],[39,38,126,97,11]
DpXS8v5g12X8wQePibd8oQ,33.43475,-112.00644,1,[33.43475,-112.00644,33.43475,-112.00644],[28,170]
JAzJXjfXDuMpQ87QFfjrZA,33.43475,-112.00644,200,[33.43475,-112.00644,33.43475,-112.00644],[28,170]
V-xf56LRD13dSIWEPmQ2Yw,33.48381815,-112.0315465,68,[33.4576266,-112.0478085,33.5100097,-112.0152845],[11,63,48,26,168]
Qa2arVXyiHhxRM6HqUfEVw,33.39535700005375,-111.8999445,174,[33.298212,-111.960264,33.4925020001075,-111.839625],[7,47,48,27,11,88,38,39,89,169,44,285,63,24,14,15,6,46,84,147,177,140,97,185,8,128,26,224,298,49,178,33,98,10,9,108,251,119,99]
naJkDAxLvIvNz-XaTwGk2g,33.453184699999994,-111.88208835,4,[33.4194512,-111.924806,33.4869182,-111.8393707],[177,140,11,244,172,38,7,47,88,39,48,119,26]
pJUdG8KPNfZOLdVqiWIpAw,33.50208095,-111.9768248,200,[33.422728,-112.0741143,33.5814339,-111.8795353],[48,11,99,88,38,39,89,27,7,108,352,119,265,126,97]
x0r-IamYgKMgF3v7tJ_PTg,33.40361546510485,-111.9002556,69,[33.2976955302097,-112.0742672,33.5095354,-111.726244],[27,11,7,137,8,139,99,44,33,108,126,98,10,9,104,6,204,65,292,182,218,88,38,39,298,119,322,57,117,48,273,128,172,47,26,177,224,24,41,142,212,63,97,251,43,89,192,140,145,49,146,445,80,59]
23iddgKmhtImswSQVwVSvw,33.4787939,-111.9259092,28,[33.4787939,-111.9259092,33.4787939,-111.9259092],[309,119,285,11]
QQVQTz_dYZk_Nat5O-EBkg,33.63983195,-111.9916145,11,[33.604665,-112.057685,33.6749989,-111.925544],[99,126,11,182,48,140,64,65,7,98,108,157,103]
WojFqi1ZtyjyFGtLqm80rQ,33.3812926,-111.74561795,5,[33.3784222,-111.803119,33.384163,-111.6881169],[7,108,212,126,97,11]
WR6JH5-yDdi8rT7tOZek6Q,33.4982894,-111.9275491,1,[33.4982894,-111.9275491,33.4982894,-111.9275491],[7,108,119,11]
tcDy6W8fa48aoFCyuWv2qA,33.4221502,-111.957738411415,14,[33.3021074,-112.07341192283,33.542193,-111.8420649],[11,27,63,7,449,97,251,307,212,43,48,224,265,126]
WRkCKAz0D_4bGuHc0weGlg,33.449858,-112.071886,199,[33.449858,-112.071886,33.449858,-112.071886],[28,17,18,29]
VRiohjZww7HGaENlJNtNfw,33.559002500000005,-111.9934125,11,[33.486068,-112.073085,33.631937,-111.91374],[49,476,80,82,59,6,65,193,11,63]
R40_K8gytIgGuX4OAJES0g,33.542193,-111.925634,1,[33.542193,-111.925634,33.542193,-111.925634],[265,126,97,11]
6AuI-RB8zGjT2f3iW2r19Q,33.5686707504615,-111.970736323994,21,[33.4973896,-112.019165147988,33.639951900923,-111.9223075],[26,11,49,80,82,59,137,7,194,139,119,99,97,182,48,140,27,109,38,265,39,126]
_SlXpoTPL8NQlASv1Pl3fQ,33.5612589,-112.1156244,2,[33.5612589,-112.1156244,33.5612589,-112.1156244],[48,185,11]
LraJWu39nHCBlquYr6SsuA,33.4081235,-111.95028980000001,4,[33.321985,-111.987816,33.494262,-111.9127636],[7,9,192,11,119,38,48,39,49,80,82,59]
IxSB7y5EHX3KjLAGDBWXxA,33.5386441,-112.0986063,1,[33.5386441,-112.0986063,33.5386441,-112.0986063],[26,11]
kVKmor9xpK7x0CPiziYdcQ,33.6556844,-111.9300279,1,[33.6556844,-111.9300279,33.6556844,-111.9300279],[251,11]
DjM_7QMWMy4DflGWtjuthg,33.3047929,-111.944994,2,[33.3047929,-111.944994,33.3047929,-111.944994],[6,45]
8IKIpm6ztRsep7OpmB05pg,33.4885508,-112.00058053984449,113,[33.4657106,-112.073346,33.511391,-111.927815079689],[119,24,11,7,8,26,33,99,44,30,274,6,13]
MC28Cg_TjfUHVBX2KTReYg,33.4473356,-112.0734239,1,[33.4473356,-112.0734239,33.4473356,-112.0734239],[38,99,128,39,296,11]
5KmONIMpGkPcdSitWl-hGA,33.32138975,-111.9249065,13,[33.3073229,-111.973476,33.3354566,-111.876337],[28,17,29,7,162,43,11]
m47ZIpm4s4Pz9sjnqb1I7g,33.4564268,-112.0704276,2,[33.4564268,-112.0704276,33.4564268,-112.0704276],[126,97,11]
Ipdos6gJ0Re43LV6OgWs3w,33.50097935,-112.06561975,105,[33.4493145,-112.0740474,33.5526442,-112.0571921],[224,11,26]
2TatZo-rMDNzpKRyuZwl1g,33.5984163,-111.9793285,5,[33.5984163,-111.9793285,33.5984163,-111.9793285],[41,361,11]
jJrYy_j5VPCJgjNs-uvFJw,33.4360415,-111.9956337,200,[33.4360415,-111.9956337,33.4360415,-111.9956337],[28,240,241]
d8B0rpK3LRPKry8AXydEZg,33.46657105625795,-111.9228165,86,[33.3058378,-112.042514,33.6273043125159,-111.803119],[26,11,43,126,57,258,168,144,97,42,212,41,69,48,38,40,39]
O-ZSaBcNyYGY7UXp-4T7FQ,33.683479,-111.966112,13,[33.683479,-111.966112,33.683479,-111.966112],[11,63,265]
3ihul3Rd9b89U7rb8tEnXg,33.54722235,-111.9553258,4,[33.4542695,-112.0012318,33.6401752,-111.9094198],[168,11,48,33,99,26]
RZRfF_oBwtVncFKG5aAKrw,33.3715282494098,-111.87997922301301,41,[33.2789582,-112.073568999767,33.4640982988196,-111.686389446259],[7,108,98,10,9,11,24,44,30,13,6,43,62,26,17,119,99,265,168,8,28,170,12,61,162,137,139,163,46,77,35,212,97]
THjXcWg7qsbGglUOf1FtAQ,33.321061644794,-111.723918914795,10,[33.321061644794,-111.723918914795,33.321061644794,-111.723918914795],[99,11]
brWkvc6mqR5jMKXjBdz9HA,33.567800899999995,-112.1507804,14,[33.4657394,-112.2707018,33.6698624,-112.030859],[169,11,27,99,120,251,224]
NrMU4Qs8qqIZ536buLYQ8w,33.20498065,-111.9466185,37,[32.880056,-112.166449,33.5299053,-111.726788],[11,63,149,229,96,72,71,265,212,26,43,27,39,119,38,7,33,48,47,88,89,248,249,6,15,309,285,483,224,32,222,17,28,95,29,311]
CsA7zARrCEAAs4-P5fICLg,33.4425195,-111.971127,6,[33.390792,-112.012504,33.494247,-111.92975],[109,38,48,39,11]
K-CfSS-Ep56g1NmW5lz07Q,33.5567856,-111.9858564,11,[33.4738952,-112.0649195,33.639676,-111.9067933],[49,80,82,59,7,142,193,65,194,195,6,35,76,182,99,11]
wwGcNWZUhj5Tl1qjZXjQ_A,33.5997262,-111.9872563,27,[33.5997262,-111.9872563,33.5997262,-111.9872563],[126,11]
wTwzXCOnDGLYrYXKtiePpw,33.628253,-111.8551127,2,[33.628253,-111.8551127,33.628253,-111.8551127],[27,11]
ovsYvx3HS808ZXh_M1_gMw,33.49683325,-111.92884889999999,3,[33.4960515,-111.9302928,33.497615,-111.927405],[38,11,39,63,145,57,40]
ZSsBbcdZsashPx7vriNzqA,33.3804926,-111.89301814999999,9,[33.3478272,-111.9102573,33.413158,-111.875779],[251,11,33,117,48,7,292,98]
3VZTSPxfSttWw3NVi1E73g,33.3518,-111.8036,7,[33.3518,-111.8036,33.3518,-111.8036],[26,11]
v7eZC_myKtZ0TFodMLrRJQ,33.50524235,-111.95641605,200,[33.38003,-112.0732071,33.6304547,-111.839625],[26,11,49,312,57,504,91,129,175,332,79,121,38,7,47,88,39,48,119,127,108,28,17,29,24,145,205,40,30,8,13,6,110,33,44,27]
eY9ZXESFPjhZf4rUFkssFQ,33.47070151376755,-111.945149431885,8,[33.4194512,-111.97437286377,33.5219518275351,-111.915926],[39,38,99,128,11,126,97,28,17,29,7,108,47,88,48,49,445,66,52]
t8BYqTAm38WAqqxhsoJYCg,33.508954,-112.0293073,36,[33.508954,-112.0293073,33.508954,-112.0293073],[28,17,29]
V1atePrrmijiJdjFhayXCQ,33.393427599999995,-111.9826467,17,[33.292041,-112.0536454,33.4948142,-111.911648],[43,11,49,417,430,38,7,47,88,39,48,14,15,6,168,298,270]
I9ccmKNNMlWOZfpYvTwnpQ,33.6385506,-112.2234146,1,[33.6385506,-112.2234146,33.6385506,-112.2234146],[99,11]
gMtc0mLCof1pX_YYUrHfwg,33.4903987582952,-111.924983310414,10,[33.4787939,-111.928035020828,33.5020036165904,-111.9219316],[43,11,38,26,128,39,119,48,251,168,99,63]
exg0DWq0WR_NuM8maSm40g,33.465567421322,-112.00527438764999,197,[33.421617342644,-112.0638736,33.5095175,-111.9466751753],[63,27,11,7,108]
4yyGQbNp197Hl528fXbMzw,33.512605992472004,-112.09619186105499,15,[33.444801984944,-112.120266,33.58041,-112.07211772211],[11,63,38,99,39,128,185]
h5PY0iNhfrCtOV2H0ATjIQ,33.614055050000005,-112.152422,7,[33.575463,-112.253795,33.6526471,-112.051049],[43,11,337,32,413]
