u1nLbZ7peBe-t9x8WXFiRg,33.51131675,-111.98582635,193,[33.4922985,-112.047101,33.530335,-111.9245517],[26,11,210]
L3-csFTxPRnG9eVIYoVoGA,33.514201,-111.82623799999999,21,[33.423546,-111.937394,33.604856,-111.715082],[26,11,63,27,352,48,251,224,212,43,475,265,126,97]
GuRU8N7gKPNBnWCuUrLOGw,33.7983474731445,-111.978637695312,2,[33.7983474731445,-111.978637695312,33.7983474731445,-111.978637695312],[99,11]
plZzfJNKC-LFIIu8kP_Rgw,33.381179,-111.922751,1,[33.381179,-111.922751,33.381179,-111.922751],[159,32]
PbKgWZ9Ha8cg0ZliGr-Zuw,33.380931808401,-111.850073186445,6,[33.3547012,-111.91035657289,33.407162416802,-111.7897898],[7,108,48,11,404,451]
NSrgajJUwP8v4DO7gA_kag,33.4691316,-112.0475116,8,[33.4691316,-112.0475116,33.4691316,-112.0475116],[26,11]
LRn_E7H5KcLeYoNFZR6ddg,33.61053165,-111.92427635,4,[33.5840123,-111.926161,33.637051,-111.9223917],[7,202,148,72,313]
rd6yV7Du92GlSiwGIC_mYA,33.4607057,-111.9336834,200,[33.4194512,-111.9514408,33.5019602,-111.915926],[63,27,11,38,7,47,88,39,48,28,17,29]
PdEWP30qhBOpQmwM_p5LvQ,33.49537905,-111.90720347713,8,[33.3072791,-112.0701057,33.683479,-111.74430125426],[126,11,39,38,48,128,88,298,161,28,29,17,65,63,27]
gr25Dx3hUwKvQXls8VpSng,33.476651700000005,-112.211867345485,3,[33.44238,-112.34971999097,33.5109234,-112.0740147],[248,249,6,15,38,143,39]
VeJi5LINIEkV78ug-WCV0g,33.6722465,-111.8904642,1,[33.6722465,-111.8904642,33.6722465,-111.8904642],[11,63]
v6z65ErrJVbFlLOjcrsIxg,33.5066696,-111.9939817,1,[33.5066696,-111.9939817,33.5066696,-111.9939817],[310,32,252]
XuszBwqCXZffRuY_7HF7dA,33.7137426224917,-112.1118469535675,12,[33.7129797,-112.112238407135,33.7145055449834,-112.1114555],[307,212,43,11,97,27]
RClhmm-6txzstSX0IgJaQg,33.63128655,-111.97673685000001,5,[33.5839581,-111.9788671,33.678615,-111.9746066],[33,44,11,182,218,307]
2t7nweHnK9LzbbANzDZefA,33.453946064548,-112.067583985138,8,[33.4492,-112.0696,33.458692129096,-112.065567970276],[98,7,108,214,239,11]
KDsadboUQaCLxkPQfMMvZw,33.4920804,-111.9255527,1,[33.4920804,-111.9255527,33.4920804,-111.9255527],[88,38,48,39,11]
YLE6GoJ61fb0QBF7JTkaJg,33.594902822397,-112.02979245739749,200,[33.321061644794,-112.335666,33.868744,-111.723918914795],[307,212,43,11,117,7,108,33,168,265,185,48,26,38,140,39,40,27,57,69,98,119,182,24,120,41,109,142,28,170,210,8,6,200,10,44,138,139,309,99,218,323,404,9,250,126,229,17,62,35,63,192,482,214,13,4,5,425,160,127,206,36,91,311,224,141,338,382,123,65,334,181,18,194,169,128,177]
LF4zOXPFVdq7Xglb5yVcYw,33.5194286,-111.99862974999999,2,[33.510026,-112.024174,33.5288312,-111.9730855],[7,139,98,375,48,11]
5jODkdonMV0HbIIPik1RuA,33.56246014852815,-112.0981274,26,[33.4702022,-112.2707018,33.6547180970563,-111.925553],[182,99,11,7,142,307,24,172,137,8,139,108,202,72,281,269,104,6,204,65,177,140,96,133,27,12,114,13,22]
UKNK4asDRw5Itp-bfFJLKg,33.32043545,-111.9487275,3,[33.304331,-112.054775,33.3365399,-111.84268],[340,11,201,7,108]
sU-HaOJ5c6QjpYd_TP7DZA,33.4995106,-111.9272212,1,[33.4995106,-111.9272212,33.4995106,-111.9272212],[109,38,11,39,440]
Gq-1uR8sWI8AdZQjtOQwzw,33.50201,-111.9313599,18,[33.50201,-111.9313599,33.50201,-111.9313599],[265,11]
rQV_bz0_J9xaf_ocYX-qmQ,33.511412,-111.987443,3,[33.511412,-111.987443,33.511412,-111.987443],[303,17,152]
cR7Xy7SgIIlxQc16jsXzJg,33.4019494,-111.8404815,30,[33.3014001,-111.954719,33.5024987,-111.726244],[26,11,63,43,7,24,108,119,168,27,48,39,38,126,97,292]
feBnze-9LG9K7nOhTWSIaQ,33.3210491,-111.8605718,1,[33.3210491,-111.8605718,33.3210491,-111.8605718],[168,42,43,11]
fb5v_YmO3wkZRSPjWXkwdg,33.388781800000004,-111.9002476,3,[33.384734,-111.9426162,33.3928296,-111.857879],[99,27,400,11,63]
why2I12KmPks4g-1XNrNGA,33.5676447,-111.95805849999999,19,[33.479605,-112.016481,33.6556844,-111.899636],[6,204,65,98,7,119,24,11,201,99,177,140]
bYV-6lQ4Kaeqdv1EWxIFRg,33.460505350000005,-111.97980125000001,5,[33.4144553,-112.0388616,33.5065554,-111.9207409],[119,48,44,11,108,7,182,139,137]
wRJfYlmXGGKe65CZzY_v8Q,33.616418,-111.92631,1,[33.616418,-111.92631,33.616418,-111.92631],[265,126,97,11]
7m51QOGu7bhSExl6MBBDwQ,33.6266195,-111.9956936,2,[33.6266195,-111.9956936,33.6266195,-111.9956936],[7,108]
qdICgn6nVlkVTuaNQJ0EsQ,33.421453,-111.950563,1,[33.421453,-111.950563,33.421453,-111.950563],[224,11]
bomxdD965gZr9j4iuUIqjw,33.4884135,-111.986115,33,[33.298212,-112.073629,33.678615,-111.898601],[39,119,26,38,11,43,48,126,97,7,8,63,27,109,185,265,41,99,127,182,361,224]
vfnbBlYmwTOSJzX0yrKaLQ,33.4065733395384,-111.908111572266,1,[33.4065733395384,-111.908111572266,33.4065733395384,-111.908111572266],[63,48,140,11]
2APrmuGoPvmMOJxJO_Xafw,33.406846,-111.907542,8,[33.406846,-111.907542,33.406846,-111.907542],[218,41,11]
w8as1fxbxawCqQPp-hA3Aw,33.6031611,-112.11014115,200,[33.5793892,-112.1195513,33.626933,-112.100731],[212,26,11,28,17,29]
lfWYWxZ6AnXBN4Zun8jQsQ,33.6101518,-111.9768512,1,[33.6101518,-111.9768512,33.6101518,-111.9768512],[49,193,59]
HuWjXUI1Ck_MMQmXgF9wjw,33.5381675,-112.0076905,52,[33.530335,-112.047101,33.546,-111.96828],[98,7,108,26,11]
rp4VEoEvhdGkRdNNNsdgIg,33.50346115,-112.0232689,5,[33.4962205,-112.082365,33.5107018,-111.9641728],[113,6,136,17,79,7,142]
A0BON2iBTI33-xk4kYAkyQ,33.26585505,-111.8409952,8,[33.246966,-111.8410244,33.2847441,-111.840966],[7,194,71,72,96]
75zTYLAzAVOlB_7bR9tuQw,33.6239149,-111.9255304,1,[33.6239149,-111.9255304,33.6239149,-111.9255304],[48,11]
hyKR7XhW_nhs8sBfoCrICg,33.429401405043,-111.96134955,13,[33.348763010086,-112.0146407,33.5100398,-111.9080584],[119,62,24,17,11,15,6,191,192,33,38,39]
H_InJ4C_pTNOI2ZH_PLD9g,33.67540385,-112.21550060000001,4,[33.638671,-112.229527,33.7121367,-112.2014742],[96,72,64,65,133]
X8wKueiTttMa_j2HS7xZPw,33.3210491,-111.8605718,13,[33.3210491,-111.8605718,33.3210491,-111.8605718],[168,42,43,11]
XKoWUNTqWhTbgXkWTqGYVQ,33.34917,-111.83258,5,[33.34917,-111.83258,33.34917,-111.83258],[374,165,32,95]
R9uDXvmUyS-xQ8ia2RJHvw,33.4594284,-112.0753485,1,[33.4594284,-112.0753485,33.4594284,-112.0753485],[32,95,222]
YrfWNzl0MAvjP4ZuOn_l1w,33.3917577,-111.84095575,6,[33.3478272,-111.9102573,33.4356882,-111.7716542],[7,292,98,33,11,26]
IqAcO08I-GS93qY2BrmbTg,33.312256500000004,-111.98151150000001,6,[33.306607,-111.998885,33.317906,-111.964138],[13,6,22,35,77,64,65]
qmsfRnajDSoOqAiqgdv8mQ,33.421617342644,-111.9466751753,2,[33.421617342644,-111.9466751753,33.421617342644,-111.9466751753],[63,27,11]
0lRPDROhoiXAIot7jM6xSw,33.672036500000004,-111.94708215,8,[33.546,-111.96828,33.798073,-111.9258843],[26,127,11,53,54,55,122,256,161,65,133]
cdMoGOhqnI6AXkL1vh5vLA,33.6403226,-112.0210482,1,[33.6403226,-112.0210482,33.6403226,-112.0210482],[99,185,11]
zjBmIYzTsY5gBLx09B_w8g,33.652101,-111.9307,1,[33.652101,-111.9307,33.652101,-111.9307],[161,65]
9GVX_SjI8hBjQqKAhkV_zw,33.4150154,-111.8058402,1,[33.4150154,-111.8058402,33.4150154,-111.8058402],[41,11]
9Aw4xUY1EC5aLszZiBGk6A,33.5076381,-112.30557865,7,[33.463543,-112.341878,33.5517332,-112.2692793],[7,27,48,47,11,126,97]
zKePWP97pqsRP5R1rl1QKQ,33.589282600000004,-112.0080323,4,[33.5513414,-112.1204191,33.6272238,-111.8956455],[38,145,57,88,39,298,11,224,126,97,64,65,27,296]
YTX49p_wKHBlrBzi-ztOGA,33.4483606,-111.9866864,121,[33.4483606,-111.9866864,33.4483606,-111.9866864],[28,17,29]
_UN5qVrlY4ZU-Ce1At5flg,33.5100398,-112.0146407,1,[33.5100398,-112.0146407,33.5100398,-112.0146407],[33,38,39,11]
rXrJkICbrO7SEvKNZlrPkA,33.539100250000004,-111.9280747,8,[33.497568,-111.9296765,33.5806325,-111.9264729],[6,21,109,38,48,39,11,54,55,122,256,127]
jRYpoG8EIuuxqKa8i-foTg,33.386157350000005,-111.897459,10,[33.2711537,-112.0050934,33.501161,-111.7898246],[11,27,63,126,212,26,7,139,416,36,8,138,97,206,117]
YzZqmZKACQOWrgSAt5LEtw,33.4846488,-111.924878,41,[33.4846488,-111.924878,33.4846488,-111.924878],[28,17,18,29]
a8tvSo6B9ImiAoz9rJsLmA,33.4953688,-111.9940154,1,[33.4953688,-111.9940154,33.4953688,-111.9940154],[177,140,11]
l2ur58H98i3DvghoDtJWbw,33.4950947,-111.9292934,7,[33.4950947,-111.9292934,33.4950947,-111.9292934],[168,48,11]
uh0YMuJ0Cx0IaMOf_pEvxw,33.4654795,-111.99943185000001,28,[33.421303,-112.082949,33.509656,-111.9159147],[33,38,39,11,98,7,206,357,373,97,108,172,65,133,12,114,13,6,212,63,27,24]
qFq7ix-vsV4Zogr8w1S4Aw,33.475302,-111.925588,4,[33.475302,-111.925588,33.475302,-111.925588],[6,284,35]
qQ65yCqWcqUjyR888W2X4Q,33.34378734145835,-111.74907512585051,2,[33.3063576829167,-111.759297251701,33.381217,-111.738853],[27,11,7,33,44,142]
N56tE_bSNVAgk59avW-TFA,33.5051928,-111.85990885,6,[33.3547012,-111.9300279,33.6556844,-111.7897898],[99,11,7,108,48]
DJAdlascKMzg54GGhPzKhw,33.5094087,-112.0687564,6,[33.5094087,-112.0687564,33.5094087,-112.0687564],[88,7,38,47,39]
C9CpnbQd1RR4-_gExrDeDA,33.51301755,-112.0389282,12,[33.414345,-112.1648254,33.6116901,-111.913031],[251,11,192]
9CQUof7JL88xkEBJMKyK9Q,33.4414621,-111.88797735,10,[33.2994442,-111.8988633,33.58348,-111.8770914],[26,11,127,7,142]
QLqQ9kqP0EHah-8im_TOgw,33.4458224,-111.8754078,17,[33.31081,-112.065458,33.5808348,-111.6853576],[63,27,11,126,7,38,39,224,119,48,109,33,307]
D-ZHPaSihu4SNzV0xw1nnA,33.46401365,-112.05663325,126,[33.449233,-112.065458,33.4787943,-112.0478085],[27,11,26]
mw7UbNrbukvwZAjzLCFiGw,33.5794148,-111.886595,1,[33.5794148,-111.886595,33.5794148,-111.886595],[261,54,55,266,122]
u760qQnKAwRkRhq6Fn8yzA,33.423546,-111.937394,200,[33.423546,-111.937394,33.423546,-111.937394],[48,11]
ItItcFWhsXHixIZy-MVJ7g,33.38152255,-111.89089435,2,[33.3702541,-111.9741847,33.392791,-111.807604],[265,11,57,27,39,145]
Q2mW1efe0ttTY6oX65feKg,33.500805,-112.0740863,3,[33.500805,-112.0740863,33.500805,-112.0740863],[4,5,6]
gLn1HAFkXVFJboMw8PIDkw,33.662248,-112.1883568,13,[33.662248,-112.1883568,33.662248,-112.1883568],[11,63]
rE4W1m0zTo_avxt65G7esw,33.6211306,-111.9166857,2,[33.6211306,-111.9166857,33.6211306,-111.9166857],[48,11]
Ts_dbVK_wM8nUyv5NEiezg,33.4075498,-111.957916,1,[33.4075498,-111.957916,33.4075498,-111.957916],[26,11]
y3TZzbg9y8M-k2MEGcCsPg,33.3971633,-111.86220955,79,[33.3022462,-111.9701824,33.4920804,-111.7542367],[8,6,116,7,36,113,11,192,46,38,26,39,451,77,35,76,440,260]
nG_zliKHG2PUttJa8z2APQ,33.50156955,-111.9971917,200,[33.500545,-112.0741143,33.5025941,-111.9202691],[46,6,119,99,11,38,39,40,7,108]
e_-1r8xObn-vBnL7uWUG4A,33.4922985,-111.9245517,1,[33.4922985,-111.9245517,33.4922985,-111.9245517],[210,11]
PSPeNYXztjA5wLmIQd1hRw,33.469537,-112.0298651,4,[33.458871,-112.077177,33.480203,-111.9825532],[26,11,206,63]
crI1TRnyp0Fld6t0ez95jQ,33.4377465,-112.0114223,1,[33.4377465,-112.0114223,33.4377465,-112.0114223],[26,11]
uzMuEdv-dka86DqpA5UxOA,33.52796,-112.2641158,36,[33.52796,-112.2641158,33.52796,-112.2641158],[57,327]
o2-JGW-3pru6IK9o33oRJQ,33.71312815,-112.13002675,8,[33.622009,-112.3554635,33.8042473,-111.90459],[63,27,11,7,38,47,39,40,49,447,72,269,251]
Y9kOEsq9j03HnpPU57SwFg,33.5612589,-112.1156244,3,[33.5612589,-112.1156244,33.5612589,-112.1156244],[48,185,11]
FhJ7YqyoG54yo_rBmcbQBg,33.50253035,-112.28952805,4,[33.4673423,-112.3581024,33.5377184,-112.2209537],[149,97,11,99,265,182]
ndzb00T-q9D74uPzbeOIvA,33.4448482,-111.91542575,6,[33.37942,-112.0463575,33.5102764,-111.784494],[474,11,161,65,133,104,195,7,292,108]
NhWZhjSgMRfWI6Qk8rYZjA,33.363033,-111.635793,1,[33.363033,-111.635793,33.363033,-111.635793],[11]
zJ7Rvp193kl9L0ue-rDxyw,33.47873905167375,-111.70035,65,[33.2809096,-112.03645,33.6765685033475,-111.36425],[88,38,39,298,11,169,32,95,222,57,333,306,106,54,315,14,15,6,98,7,191,25,26,177,140,44,8,99,64,65,24,45,46,69,33,168,42,43,189,10,9,92,40,27,182,48,212,21,117,126]
zzVpQ6IBxeW3ZDdg0Ep_wg,33.590998150000004,-111.95997598951399,11,[33.5102068,-112.0272041,33.6717895,-111.892747879028],[27,11,26,63,117,24,48,119,99]
V7oTDPuoqYYMHOvUCu6zGg,33.262752,-111.668574,1,[33.262752,-111.668574,33.262752,-111.668574],[26,11]
8Yf8SWyLy2wNe43XD6aG6w,33.46271126637155,-111.93362033188649,5,[33.4234408327431,-111.939622163773,33.5019817,-111.9276185],[38,48,39,11,109,27,99]
94fpJOqojB0TP0nukSCz_A,33.3051122,-111.99506,3,[33.3051122,-111.99506,33.3051122,-111.99506],[7,108,119,172,11]
KT8HXZKuvAwt9vZ-2CDwew,33.453753,-111.4863675,24,[33.450513,-111.492045,33.456993,-111.48069],[99,185,11,28,102,190,103]
jCwWF_xSGgHv1zV1J3Bs5Q,33.5445091,-111.97109655,5,[33.4655863,-112.0456423,33.6234319,-111.8965508],[7,24,47,27,11,177,140,36,108,194,239]
U0Ij1a8oSy6YW4c5nswxZA,33.6353186,-111.9221127,2,[33.6353186,-111.9221127,33.6353186,-111.9221127],[61,13,6,85]
E6LFikfmHU6205wAh_uWgA,33.639342,-111.924724,22,[33.639342,-111.924724,33.639342,-111.924724],[99,11]
aBps9nTCyYhXaubGmfOgpA,33.4940633,-112.1163693,161,[33.43475,-112.3411065,33.5533766,-111.8916321],[57,327,6,45,182,99,11,28,17,29,7,108,48,120,170]
LSI50rIz7ZxYADaxHmX5Hw,33.49112,-112.079081,2,[33.49112,-112.079081,33.49112,-112.079081],[26,11,28,17,29]
tWhTim_7qTqypSXsdEiTrA,33.398192,-111.949418,5,[33.398192,-111.949418,33.398192,-111.949418],[72,184]
-bJPjSA_6lyHxZo-v7cWDw,33.47835091376755,-111.9671955,73,[33.43475,-112.00644,33.5219518275351,-111.927951],[352,48,11,28,170,49,445,66,52]
HzBPZcsO6wPTy9_b5s0A5A,33.47523525,-111.968552470207,40,[33.304492,-112.072327136993,33.6459785,-111.864777803421],[212,26,43,11,24,168,99,7,142,10,63,17,18,111,112,113,6,48,104,161,195,65,30,8,13,110,27,38,39,309,119,285,36,206,126,97,109,12,114,163,9,224,33,265,140]
6GJM8bWV3m2cOYPjDjohJA,33.50802215,-111.9958982,70,[33.3919202,-112.0997689,33.6241241,-111.8920275],[27,11,33,117,182,172,244,109,38,39,440,88,89,298,168,265,188,23,218,7,47,48,44,63,10,24,99,49,469,80,59,192]
JA5xlhDIunDFobuVF4D5pg,33.58418195,-112.0895257,9,[33.5612589,-112.1156244,33.607105,-112.063427],[11,63,48,185]
b2DKC4kC8-QeSeGZ_MF3XQ,33.50810885,-112.01129900000001,120,[33.303233,-112.180066,33.7129847,-111.842532],[99,11,26,7,47,48,38,39,206,96,72,36,27,128,57,145,101,63,98,246,119,139,24,17,423,88,185,142,172,338,382,33,89,126,97,296,40,137,8,404,451,10,108,201,265,292,44,43,109,311,307]
BmsbRKxOqi5M9qDq2TgJ6A,33.4949678,-111.9241443,6,[33.4949678,-111.9241443,33.4949678,-111.9241443],[11,63]
YCaqPOlG6CfKOSXUGAKicA,33.4974247,-111.9262954,2,[33.4974247,-111.9262954,33.4974247,-111.9262954],[177,140,11]
yLut593AGryD8-pcUmsVuw,33.45,-112.07,11,[33.45,-112.07,33.45,-112.07],[26,11]
8168aJLnZpJy9S56Hk-2Yw,33.4194512,-111.915926,21,[33.4194512,-111.915926,33.4194512,-111.915926],[38,7,47,88,39,48,11]
p4A0M8ckvpeKaVyx1ytXhA,33.4960516,-111.9303102,1,[33.4960516,-111.9303102,33.4960516,-111.9303102],[119,11]
qLGZ3g81cqV3m_nljR50Dw,33.5818637,-112.1879216,42,[33.5818637,-112.1879216,33.5818637,-112.1879216],[98,7]
kvA3tRbA2b7xe9lqR2EBlA,33.546,-111.96828,1,[33.546,-111.96828,33.546,-111.96828],[163,13,6,118]
8Vdbi1ecYmpAyTXLdHO09Q,33.364728299999996,-111.9109053,3,[33.3637683,-111.9114168,33.3656883,-111.9103938],[26,11,33]
ZjSh9HlvPpWCX4T34kzN7g,33.4548476,-112.0800705,16,[33.4548476,-112.0800705,33.4548476,-112.0800705],[63,27,24,11]
Y_JaV1s7-Tu_k03EmQt3-g,33.49447,-111.924226,200,[33.49447,-111.924226,33.49447,-111.924226],[38,39,28,17,29,11]
bli5yHYNCZzdnRg8s7a6cg,33.46736476510485,-111.95257515,147,[33.2976955302097,-112.0846008,33.637034,-111.8205495],[109,38,48,39,11,26,7,292,99,33,265,185,126,108,119,172,322,57,9,10,142,137,8,139,189,27,63,98,24,382,17,18,152,112,6,151,248,250,49,52,138,36,193,59,141,146,110,74,56,145,186,80,82,44,194,97,279,54,317,247]
6bvDOqf8YucnhtFX6MEsDQ,33.50201,-111.9313599,1,[33.50201,-111.9313599,33.50201,-111.9313599],[265,11]
Q5MYAt5QiUVVM7iTvQ4bBw,33.4712945,-111.89852450000001,13,[33.306529,-111.924248,33.63606,-111.872801],[11,63,15,6,191,98,7,24,88,38,99,39]
983RmkMAH8b97n-nzgavsg,33.63869,-112.4047708,2,[33.63869,-112.4047708,33.63869,-112.4047708],[150,85,6,17,152]
h0uwqTuC-1YrdhBMYyMNyQ,33.373465,-111.971852,6,[33.373465,-111.971852,33.373465,-111.971852],[158,28]
NG4rXykBcOf2AmMKAGDvsA,33.3776903,-111.7528848,2,[33.3776903,-111.7528848,33.3776903,-111.7528848],[7,142]
esDbDKH7O4c9eOj00ZzVOQ,33.3782241,-111.936102,29,[33.3782241,-111.936102,33.3782241,-111.936102],[177,11]
ZDoxXmB6icD-dcYN-F9X-Q,33.4114228,-111.73675225,3,[33.3549553,-111.7897347,33.4678903,-111.6837698],[33,99,117,11,109,38,39,63]
H6wT2Zcdefr0tpp9YYLQKA,33.3021074,-111.8420649,2,[33.3021074,-111.8420649,33.3021074,-111.8420649],[224,11]
cO_SZRZHFrcMNMNW4ZGaOg,33.5645629,-111.9154217,2,[33.5645629,-111.9154217,33.5645629,-111.9154217],[88,38,99,39,11]
hqY0k1BEXy47I7uUHLuADw,33.3779078,-111.9504896,3,[33.3779078,-111.9504896,33.3779078,-111.9504896],[7,8]
o2RouAd5BWMnqGD4WWxX6A,33.5094087,-112.0687564,1,[33.5094087,-112.0687564,33.5094087,-112.0687564],[88,7,38,47,39]
QQqwJTa58HikCyyY0ZYOlA,33.5679985,-112.0047345,14,[33.479992,-112.100731,33.656005,-111.908738],[202,72,39,119,26,38,11,7,8,48,117,212]
n7A5fpA20EeJ44msCGoXKg,33.5093372,-112.0608177,2,[33.5093372,-112.0608177,33.5093372,-112.0608177],[212,63,97,11]
BgKns0cIDXBbA1aTMPZXyg,33.6401976,-112.0705346,1,[33.6401976,-112.0705346,33.6401976,-112.0705346],[92,15,6]
nPbt-JysLj9vuAkODo3X1A,33.3353078,-111.8080709,2,[33.3353078,-111.8080709,33.3353078,-111.8080709],[84,124,125]
3UiNDPJzxeYe8MNOoqejeg,33.6117382,-111.9969697,1,[33.6117382,-111.9969697,33.6117382,-111.9969697],[11,63]
kKr8XePQuPFYw5Vt3OtRqg,33.5008018,-112.0824532,4,[33.5008018,-112.0824532,33.5008018,-112.0824532],[26,11]
ohq4KzDXXlFr7M_KwQWIoQ,33.499499,-111.927402,2,[33.499499,-111.927402,33.499499,-111.927402],[48,11]
brB661zWahmGnI0Nu78kiA,33.5102068,-112.0272041,5,[33.5102068,-112.0272041,33.5102068,-112.0272041],[48,11]
J3g-vslaipq8oYqb-aatRg,33.495467,-112.028293,1,[33.495467,-112.028293,33.495467,-112.028293],[71,72]
Ic34_8c0CI6r_gQD5-USOQ,33.585715,-112.1355655,6,[33.509755,-112.187061,33.661675,-112.08407],[382,11,185]
SoDycizq4-yOSdb4GPW82w,33.4953013,-112.0001334,8,[33.4953013,-112.0001334,33.4953013,-112.0001334],[126,43,11]
i55_pQDJt5TeVv1e9w6HDg,33.520255649999996,-111.95200775,10,[33.5024095,-111.9955012,33.5381018,-111.9085143],[27,11,126,97]
W9n_ZyVCXD0HfPqn6qriOw,33.626503799999995,-111.9876702,185,[33.388095,-112.1388544,33.8649126,-111.836486],[26,11,7,142,27,39,127,101,38,28,240,241,99,108,17,18,265,224,143,48,63,40,49,445,66,52,313,137,8,139,72,394,395,4,5,6,109,440,123,65,10,24,229,47,170,50,119,100,425,57,145,33,44,98,45,128,185,292,205,136,312,146,152]
1QRP9hAZIfQxVstOn7VbqQ,33.5382586,-112.0573494,2,[33.5382586,-112.0573494,33.5382586,-112.0573494],[98,7,108,24,11]
qoomHPCaXQ2EHRSvcAzRjw,33.51990775,-112.11805000000001,3,[33.377348,-112.18689,33.6624675,-112.04921],[49,38,39,128,341,27,11,7,108,17,62]
c43fIKwS5wdfOxYifY0lTQ,33.451385,-112.0734071,13,[33.451385,-112.0734071,33.451385,-112.0734071],[7,28,190]
ZcAD3Gkl4wnaOB3zDu_edA,33.6239133,-111.9251335,1,[33.6239133,-111.9251335,33.6239133,-111.9251335],[465,168,265,39,11]
UCei2GOyoTMI1Cxbva3JYg,33.3788924,-111.9287009,2,[33.3788924,-111.9287009,33.3788924,-111.9287009],[192,140,11]
6g-kqc2HwFJFzPJtM6Umhg,33.56529080553365,-111.9586857920885,16,[33.5096147,-112.0252066,33.6209669110673,-111.892164984177],[11,126,44,296]
fEEtj2SesBFov8msfoClag,33.5029968,-111.9266886,19,[33.5029968,-111.9266886,33.5029968,-111.9266886],[84,234,125,1]
PfWzFmXU_EVALH_LNOXyWQ,33.484972799999994,-111.98696559999999,11,[33.4471735,-112.073781,33.5227721,-111.9001502],[26,11,44,296,119,99,10,63,24]
rJwE298h3Jv_aFUNn_5-xg,33.4844735,-112.162042,4,[33.315619,-112.375846,33.653328,-111.948238],[84,291,27,11,96,72,71,7,48,47]
tz0UGuYNj1aWXG5N1fHICQ,33.3364486,-111.8236542,2,[33.3364486,-111.8236542,33.3364486,-111.8236542],[32,314]
uvxM4Q5d8yKGf8VH37wr1Q,33.47799765,-112.146531,200,[33.4217923,-112.341878,33.534203,-111.951184],[28,271,98,7,24,11,126,97,322,57,182,99,169,27,170,26,127,17,18,29]
GiMWdIjBnxFtMHZl3bAB4A,33.6273043125159,-111.894766598404,1,[33.6273043125159,-111.894766598404,33.6273043125159,-111.894766598404],[57,69,48,11]
Dc3CyM_ftjn47nLYLA4N5Q,33.32832175,-111.9539451,5,[33.3055045,-111.963499,33.351139,-111.9443912],[202,72,281,33,11]
i1nfMi2N2bYZ0ecvH8Vfvw,33.3628816361375,-111.83938130051399,6,[33.233464772275,-111.991311,33.4922985,-111.687451601028],[43,11,26,210]
-sHqVSMJ40g6Jg4lP-ZNfA,33.49112,-112.079081,7,[33.49112,-112.079081,33.49112,-112.079081],[28,17,29]
FN_cS55Al_Bqz6IUilD5cQ,33.548745,-111.9156915,39,[33.548745,-111.9156915,33.548745,-111.9156915],[158,28]
7i8nk4H_TDCnyjDwr14E_w,33.5840249,-111.829455,1,[33.5840249,-111.829455,33.5840249,-111.829455],[49,80,82,59]
VLWV6h5d8cga82NuWKJ67Q,33.6403155,-112.0966146,1,[33.6403155,-112.0966146,33.6403155,-112.0966146],[27,11]
_At5LBuJ6IlS5fg_aG8Uog,33.7108219,-112.2690576,3,[33.7108219,-112.2690576,33.7108219,-112.2690576],[33,117,48,11]
QCTsG1dFsvGVybXMUCmsnQ,33.50218305,-112.01556395,4,[33.4949925,-112.0409502,33.5093736,-111.9901777],[38,48,39,40,11,99,128]
QUVZGupdWz4I-szNiQpwJA,33.5100098,-112.0152924,3,[33.5100098,-112.0152924,33.5100098,-112.0152924],[38,99,39,11]
KIfrNLjmMfJ4DKurBQmdlw,33.85437855,-112.1346312,3,[33.844328,-112.1353054,33.8644291,-112.133957],[185,11,26]
lGLKgDvKidrI5m1Vhzc9Ng,33.4951559,-112.0629953,1,[33.4951559,-112.0629953,33.4951559,-112.0629953],[99,11]
Xtk5TKFTPREpb_w1oFWwgA,33.468577,-111.703265,1,[33.468577,-111.703265,33.468577,-111.703265],[11,63]
J1_dnSaVYi17BoxK00y9AQ,33.51601423462115,-111.99947505,13,[33.4075613,-112.081655,33.6244671692423,-111.9172951],[33,11,27,7,108,5,6,4,212,63,97,244,172,57,38,39,145,119,24]
XEDxU8kaODzXrEwhp376ww,33.626197,-112.186915,3,[33.626197,-112.186915,33.626197,-112.186915],[123,65]
FaDghlRF7a6RghjhGdtb9w,33.305121,-111.924571,3,[33.305121,-111.924571,33.305121,-111.924571],[215,32]
pQlQ5B6rkPjPdinD1BjuIg,33.55743645,-112.0289485,26,[33.4474542,-112.1310388,33.6674187,-111.9268582],[26,11,33,48,307,27,185,63,49,312,98,7,119,39]
3jVpxe5aTPaXndSeq0pb0A,33.45216605,-111.93641975,18,[33.4071871,-111.9598315,33.497145,-111.913008],[99,11,38,128,39,65,133,7,108,27,26,17,28,29,311,88,54,55,122]
UnlXu14r7IH5gPexwPTQyA,33.516464,-112.0823359,2,[33.516464,-112.0823359,33.516464,-112.0823359],[7,187,10,139,11]
cwEl6BD63N_3ICW_hRqkrQ,33.5827841,-112.1686878,2,[33.5827841,-112.1686878,33.5827841,-112.1686878],[78,79]
QzsKN5nGOJg4PeCcr8XRhQ,33.486037,-112.363428,5,[33.486037,-112.363428,33.486037,-112.363428],[72,4,5,6,207]
9f7i43dKTwe-fbf4pkZ5ww,33.6710331,-111.9067803,1,[33.6710331,-111.9067803,33.6710331,-111.9067803],[126,11]
wUWZxwZfdP7LJ3kFoiZZuA,33.5560781,-111.8987064,3,[33.5560781,-111.8987064,33.5560781,-111.8987064],[39,38,26,127,11]
IdPz60i7kwUqmD0jGF-cjw,33.414991,-111.8058261,3,[33.414991,-111.8058261,33.414991,-111.8058261],[43,11]
8wfd7a1Bq4Azq9W5CRXqBA,33.49112,-112.079081,25,[33.49112,-112.079081,33.49112,-112.079081],[39,11]
stvNQwZlW7UXLxs9V27TJg,33.655671,-112.011998,2,[33.655671,-112.011998,33.655671,-112.011998],[7,108]
azJRGHT10vR6-ru_gXeb-g,33.489209,-111.9998515,2,[33.487298,-112.079081,33.49112,-111.920622],[26,11,54,55,122,256]
GKlciZuEwcPTCrSSZogNgQ,33.4862787,-111.9102055,2,[33.4862787,-111.9102055,33.4862787,-111.9102055],[11,27,63]
l25ZMw2vVirDB6k70g0TVA,33.4798163,-112.091191,31,[33.4798163,-112.091191,33.4798163,-112.091191],[38,101,33,39,128,11]
pi7pYezQ2y6AubMOGgyvAA,33.352887949999996,-111.8332728,3,[33.3498648,-111.8766855,33.3559111,-111.7898601],[141,6,63,27,11]
mj7vl5j1o7cm0ah-092eWw,33.4259681,-111.939852,12,[33.4259681,-111.939852,33.4259681,-111.939852],[26,11]
PjKa_cQfBA6CNiNTNJX_jQ,33.48706535,-112.1559734,2,[33.465184,-112.2739855,33.5089467,-112.0379613],[99,11,63]
YOyyG48zHokIEzFEAHMq2A,33.54636855,-112.1241069,13,[33.4543305,-112.3625742,33.6384066,-111.8856396],[251,11,181,43,224,168,63,57,258,38,40,39]
HSAooOxYwc6dRCGFqOG2sg,33.407126,-112.080458,2,[33.407126,-112.080458,33.407126,-112.080458],[79,121]
_IfgQ8wABCdRxvTt36TZ2Q,33.538062,-111.9731138,15,[33.494247,-112.0261747,33.581877,-111.9200529],[27,11,168,99,78,79,109,38,48,39,7,8,119,49,80,59]
z4xrlhQlXi9GMUtZH44AcA,33.50089375,-111.96245245,2,[33.43475,-112.00644,33.5670375,-111.9184649],[28,170,158,17,29]
v8prSSKtN8-avfAUO0ZYkQ,33.558238349999996,-111.962356112556,90,[33.4765807,-112.029066725112,33.639896,-111.8956455],[7,108,24,11,33,38,48,39,168,99,26,119,126,97,149,224,265,40,340,210,63,27,307,28,17,29,10,98,206,267,182,172]
MmjiaNISPnGWRXnPj6zC5w,33.0241115,-112.0505478,34,[33.0241115,-112.0505478,33.0241115,-112.0505478],[57,258]
JMQFTlKzppR7svUQIKCs_g,33.6974024653602,-111.8916213310395,5,[33.6968334307204,-111.8929195,33.6979715,-111.890323162079],[175,129,79]
WY5Du8MgMWXKBUVS8G7_kw,33.49428745,-111.96122464999999,7,[33.493298,-111.9884173,33.4952769,-111.934032],[182,48,140,11,212]
kmVdUKUsZ2LALP0lC1U5gg,33.50258345,-112.03899865,5,[33.4951572,-112.0739142,33.5100097,-112.0040831],[79,121,11,63,48]
PxtqwXQlbLxRz0Dh4fvzbw,33.6280829241969,-111.855089664459,4,[33.6280829241969,-111.855089664459,33.6280829241969,-111.855089664459],[64,133,65]
z7PkDGuW38Evhw3uVEfT0w,33.5725622,-112.05894775,200,[33.4321397,-112.1114555,33.7129847,-112.00644],[27,11,28,271,99,170]
X1TKtLkA02fVqKjyptwa4A,33.3072796,-111.81929425,4,[33.3057308,-111.8960397,33.3088284,-111.7425488],[97,11,7,48,47]
cI3j94bmUR9BwJPvHaif1w,33.6462961,-111.9189477,1,[33.6462961,-111.9189477,33.6462961,-111.9189477],[168,11]
yMkZcOMNH7SjTe20XmcrBw,33.6462961,-111.9189477,8,[33.6462961,-111.9189477,33.6462961,-111.9189477],[26,11]
e08SyxFZrRVZ9Op7z5ft5w,33.6239149,-111.9255304,1,[33.6239149,-111.9255304,33.6239149,-111.9255304],[48,11]
3V1gdn2KZ3GvIafcMhkaTQ,33.365426,-111.704156,4,[33.365426,-111.704156,33.365426,-111.704156],[65,133]
bdAQc2oRoX4erx6qiEjvXg,33.496514950000005,-111.92576944999999,62,[33.4939313,-111.9259123,33.4990986,-111.9256266],[38,265,39,11,185]
gcyEUr4DXcbjnGRAWFtfAQ,33.4937785,-112.041174036133,200,[33.304331,-112.259674072266,33.683226,-111.822674],[11,206,63,41,43,26,8,7,138,139,192,323,212,57,69,48,449,97,38,39,40,27,33,224,265,99,46,6,372,214,88,47,119,298,142,292,145,210,120,168,181,229,49,193,59,42,340,205,109,251,128,296,219,218,36,108,64,65,44,185,74,24,140,177,285,56,98,10,260,126,149,341,187,127,12,114,13,115,182,54,317,337,32,117,169,80,9,416,28,442,241,172,123,239]
dILgr_yQa0ejTqQt5v8Z8g,33.467951850000006,-112.08033365,200,[33.304703,-112.2347564,33.6312007,-111.9259109],[48,11,57,327,119,99,28,17,29,26,49,18,51]
TW2G-3ELiU7CU4ny-HsdCg,33.383123,-111.964485,1,[33.383123,-111.964485,33.383123,-111.964485],[99,11]
BIj9zUe6mOMhQQLU3llluQ,33.5838331,-111.9262276,1,[33.5838331,-111.9262276,33.5838331,-111.9262276],[104,132,65]
ny2A-fISIH6tMHA_-_gqWQ,33.47835091376755,-111.99899740000001,44,[33.43475,-112.065458,33.5219518275351,-111.9325368],[28,170,7,8,33,11,98,119,27,13,6,115,372,49,445,66,52]
AzyXVB8VnrhB14TV2xnh3g,33.5401669,-111.927446610414,14,[33.499499,-111.928035020828,33.5808348,-111.9268582],[168,99,11,48,33,307]
Bcy8pmqIoJKmqSMyC01Dgg,33.4973896,-111.9223075,1,[33.4973896,-111.9223075,33.4973896,-111.9223075],[57,145,38,39,40,48,11]
A5KB1Q2iobpf8GlwXpBRYA,33.3022462,-111.897967,26,[33.3022462,-111.897967,33.3022462,-111.897967],[48,126,11]
vrqagpWzIGCa4z7Au2e_zQ,33.449233,-112.065458,85,[33.449233,-112.065458,33.449233,-112.065458],[27,11]
jKhxJzNF1A78YIW4gw-9pQ,33.425077,-111.98091,135,[33.425077,-111.98091,33.425077,-111.98091],[28,17,29]
0wbVTfjX1Co1ZZ4Bwd84-Q,33.4986639,-112.07649760000001,23,[33.49112,-112.079081,33.5062078,-112.0739142],[28,17,29,168,181,229,11]
W2UowjTxEbSdeYg_L7GvnQ,33.3054251,-111.9470658,1,[33.3054251,-111.9470658,33.3054251,-111.9470658],[24,11]
fPHLPrymsyb6WSFFKoMrTQ,33.458220749999995,-111.79609505,200,[33.2918035,-112.1001451,33.624638,-111.492045],[27,11,7,247,28,17,29,181,10,24,63,26,65,133,57,333,33,138,8,139,6,72,345,35,282,264,54,238,142,44,12,114,13,322,185,89,375,292,15,191,126,36,168,42,43,208,324,25,137,373,97,98,118,76,251,4,5,425,160,102,190,103,162,84,393,213,224,182,119,147,180,20,23,194,313,157,46,170,49,304,387,99,39,48,38,93,3,110,80,82,59,149,108,271,350,212,106,131,226,195,100,69,451,229,372,202,281,269,219,218,41,192]
w2OC9scY7YmKWpNfsyFIzA,33.4673017,-112.0734116,2,[33.4673017,-112.0734116,33.4673017,-112.0734116],[322,57]
l7SI9G9K-bQc569xzDhtCw,33.46279951510485,-111.792550373938,16,[33.2976955302097,-111.901330947876,33.6279035,-111.6837698],[33,99,117,11,7,98,10,9,119,24]
rJ9Xa_FJawc10Zt2oX_0dA,33.4683372286892,-111.99153426849651,6,[33.4566960573784,-112.072327136993,33.4799784,-111.9107414],[119,11,212]
xcrBjU5mploosbYxDLpjuA,33.4951366,-112.0012318,1,[33.4951366,-112.0012318,33.4951366,-112.0012318],[48,11]
osCrSUbNEfK_SuUS2Hm-VA,33.4900575,-111.9262552,1,[33.4900575,-111.9262552,33.4900575,-111.9262552],[311,88,38,39,11]
qkC4fu-oR1RFul1rjDIM0g,33.39616825,-111.9171654,9,[33.2762703,-112.0800705,33.5160662,-111.7542603],[63,27,24,11,161,28,65,17,29,195,48,294,106,54,99]
_G7BBK0ZAZDYd8K3imm-iA,33.3237792,-111.6873751,1,[33.3237792,-111.6873751,33.3237792,-111.6873751],[265,99,11]
VoP6HCbPnn-DOQ_-MvQFCA,33.5894909,-111.9914797008575,9,[33.4957558,-112.092802,33.683226,-111.890157401715],[98,7,206,11,338,214,185]
IHfn6K6UNNSqmWNpPOtLwQ,33.867285499999994,-112.13932750000001,2,[33.865632,-112.142841,33.868939,-112.135814],[6,45,32,95,222]
CmVxtdhFW707wSEPwAZVRw,33.2628341,-112.291309448422,200,[32.9479262,-112.7128951,33.577742,-111.869723796844],[57,470,145,39,17,62,7,119,41,11,292,98,24,99,120,28,29,69,108]
gs_mugwvCxq3vErg9nF2CQ,33.5024095,-111.9955012,23,[33.5024095,-111.9955012,33.5024095,-111.9955012],[7,8,119,11]
zF5V8tVoDwbBUYleOF-8EQ,33.299016113189,-111.843695898645,2,[33.2907071,-111.9456801,33.307325126378,-111.74171169729],[265,11,120]
k2v-aDC2NC95Lm-9oCEW_A,33.436027,-111.9956337,100,[33.436027,-111.9956337,33.436027,-111.9956337],[99,11]
sNvPcAdS08nUyqR3NASyvA,33.5100135,-112.0151918,25,[33.5100135,-112.0151918,33.5100135,-112.0151918],[65,133]
9RrKdkvP86z-QZ-JV5Llrg,33.536861,-112.0475028,3,[33.536861,-112.0475028,33.536861,-112.0475028],[7,108,5,6,4]
gY_cL6ka5_Zdmr5a0JnAYw,33.6361762,-111.8891859,34,[33.6361762,-111.8891859,33.6361762,-111.8891859],[94,32,95]
UnRqAttCc3uXWfJbm5p1Lw,33.304138,-111.978392,1,[33.304138,-111.978392,33.304138,-111.978392],[41,43,11]
TXEfywQmW-GOEcEOALlV-g,33.5102068,-112.0272041,1,[33.5102068,-112.0272041,33.5102068,-112.0272041],[39,38,40,206,11]
d66FhQQZzFDKxklh6t63RA,33.475412399999996,-112.00161130000001,104,[33.3117903,-112.1798866,33.6390345,-111.823336],[265,126,97,11,109,38,39,440,7,139,416,89,26,84,345,6,346,168,99,24,8,138,192,323,292,48,40,98,10,483,219,218,41,446,119,162,43,147,169,9,177,140,251,210,309,285,365,63,34,32,35,224,88,373,196,149,298,202,72,101,71,42,212,293,127]
JF3qMDOqcqkMD-7d00Fuqw,33.6737677,-111.9638394,4,[33.6737677,-111.9638394,33.6737677,-111.9638394],[166,6]
GpHodF81KUGhxQnR7jJsjQ,33.508736,-112.041489,2,[33.508736,-112.041489,33.508736,-112.041489],[373,48,24,11]
GKSaHEpoiutij4wXP7Bj7g,33.43475,-112.00644,200,[33.43475,-112.00644,33.43475,-112.00644],[28,170]
dn08-_KpwSckLi4s6qrPWA,33.507482,-112.0510783,3,[33.4474354,-112.0731019,33.5675286,-112.0290547],[144,11,44,24]
kw3vpfa-rHJdckDdhgh6BQ,33.5093372,-112.0608177,91,[33.5093372,-112.0608177,33.5093372,-112.0608177],[212,63,97,11]
CfQTjevxIX1v2BXmmOMKjQ,33.423425,-111.979319,11,[33.423425,-111.979319,33.423425,-111.979319],[28,17,29]
SylKeMYFuIMEOzkUuLMkPA,33.410195,-111.870868,5,[33.410195,-111.870868,33.410195,-111.870868],[286,268,32]
ssq7Thhkb1sZ3r7OaQ5wLw,33.4352894,-111.9248982,7,[33.4352894,-111.9248982,33.4352894,-111.9248982],[33,44,11]
bnY2a2zkcF9HbkTaKD1QNw,33.6382871,-112.134828,5,[33.6382871,-112.134828,33.6382871,-112.134828],[224,11]
jG9eWR3fDEL_HAsf_NUrFg,33.446127000000004,-112.0387177,44,[33.441144,-112.0759024,33.45111,-112.001533],[168,144,11,26]
TkDysi5E-mGRWnnZpGyDNQ,33.61364465,-112.02059539999999,2,[33.5879473,-112.1164668,33.639342,-111.924724],[168,169,11,99]
-pxkzV7UCZiyciQt3g1pkw,33.5060639,-111.9279252,3,[33.5060639,-111.9279252,33.5060639,-111.9279252],[6,77,35,76]
bYZte9JuNzhVE4LxX3FhGw,33.5351476,-112.02249,4,[33.4948197,-112.0651592,33.5754755,-111.9798208],[119,11]
oh3BckWd5WXSANfGlnjErQ,33.2965461,-111.8755538,7,[33.2965461,-111.8755538,33.2965461,-111.8755538],[106,54,107]
75Y2GmJZlzxeeFuxRvLbww,33.602374850000004,-111.92619429999999,2,[33.5808348,-111.9268582,33.6239149,-111.9255304],[48,11,33,307]
l2sXKm5odDH92zxjCWD-kw,33.5721896,-111.99434445,13,[33.4657642,-112.0826882,33.678615,-111.9060007],[27,11,129,121,79,78,109,38,39,63,177,140,210]
AKKAKZ-rHC6IehWHTw7fJw,33.4566960573784,-112.072327136993,200,[33.4566960573784,-112.072327136993,33.4566960573784,-112.072327136993],[119,11]
2t9wSXQ3Luadi_eW7O6Tag,33.683479,-111.966112,200,[33.683479,-111.966112,33.683479,-111.966112],[161,28,29,17,65]
01WGYKc9lVq-V6fG_eyj3A,33.3550442,-111.7895308,2,[33.3550442,-111.7895308,33.3550442,-111.7895308],[185,11]
KBblQcMHN4_BWcFanskW5w,33.5206315,-111.948417,6,[33.495263,-111.96828,33.546,-111.928554],[26,127,11]
Yn5mCqt5P9wnAbHClmnEbw,33.45,-112.07,145,[33.45,-112.07,33.45,-112.07],[26,11]
SzZukkyK5Oo3SODJ-YqD3w,33.321061644794,-111.723918914795,38,[33.321061644794,-111.723918914795,33.321061644794,-111.723918914795],[99,11]
CGv4r_voGd96tEkamP-FYg,33.4702022,-112.0653186,2,[33.4702022,-112.0653186,33.4702022,-112.0653186],[182,172,11]
AP3zbj6MiL1lf_4iUKQ64g,33.4222653,-111.9199824,3,[33.4222653,-111.9199824,33.4222653,-111.9199824],[7,98,10,9,11]
trhLX2fxdqjuv_hCVm4N0A,33.8321704,-111.9583011,200,[33.8321704,-111.9583011,33.8321704,-111.9583011],[48,11]
JULCCorJrZQVSLdfUyxl2w,33.542193,-111.925634,53,[33.542193,-111.925634,33.542193,-111.925634],[265,126,97,11]
GefTrGOtG1b6blV7Gv7ivg,33.493443549999995,-111.9340335,4,[33.3633494,-111.942514,33.6235377,-111.925553],[7,108,421,65,201,11,43]
zYVhx8D2qmqSfN321qknFQ,33.4976165,-111.99068635,10,[33.449233,-112.065458,33.546,-111.9159147],[26,127,11,98,7,206,99,8,119,27,265,48,33,38,39,109,63]
MsQBO-xYhMB4-M3nNS-Oxg,33.473997322397,-111.91232495739749,105,[33.321061644794,-112.100731,33.626933,-111.723918914795],[99,11,340,201,212,26]
1WzrD8c37RcCEqa6Rg8Rwg,33.4581958,-112.0676886,65,[33.4581958,-112.0676886,33.4581958,-112.0676886],[38,6,145,186,57,39]
vDM2aHG9mkjlfya1nHludA,33.4671079,-111.9086211,1,[33.4671079,-111.9086211,33.4671079,-111.9086211],[33,48,11]
ieHzs6DqjhVBivZeo81v9A,33.6211306,-111.9166857,1,[33.6211306,-111.9166857,33.6211306,-111.9166857],[48,11]
mqjs9aTJ-o2kv0GgsLqEzQ,33.3844769,-111.8403623,4,[33.3844769,-111.8403623,33.3844769,-111.8403623],[28,17,18,29]
vqK75lUtjMHMsLVVPV8P6g,33.4520621,-112.0701093,13,[33.4514309,-112.0701129,33.4526933,-112.0701057],[48,11,28,17,29]
QOSTq9c9B39rdVBOBs9xWQ,33.496070150981154,-112.14088075000001,200,[33.4537869019623,-112.364146,33.5383534,-111.9176155],[161,28,65,17,29,7,137,8,139,48,11,309,119,285,49,99,63,24,182,172]
TEkrT-tn0JrBnuaRMXNXbw,33.56976245,-112.02406124999999,5,[33.501055,-112.132431,33.6384699,-111.9156915],[26,11,7,138,139,25,6,257,158,28]
uz0oKQ4I-FkDoo6Up4ljUw,33.4691316,-112.0475116,3,[33.4691316,-112.0475116,33.4691316,-112.0475116],[26,11]
4rVm1nAjT7GI6RlvTfcpZg,33.47787735,-112.16013434999999,8,[33.331773,-112.4159659,33.6239817,-111.9043028],[88,38,39,298,11,43,126,27]
mlOOyn-W-pvM1EBbCukIJQ,33.4940231,-112.0035816478335,9,[33.4643259,-112.0830443,33.5237203,-111.924118995667],[7,108,26,127,11,119,48,24,6,70,99,313,27]
i5j0-ws9FhIV2uuohPOrUA,33.6454834,-112.11499605,4,[33.5779821,-112.1185366,33.7129847,-112.1114555],[265,11,27]
uCfdp7AH45qanhjzWhYZsw,33.4889635,-111.99678205000001,18,[33.379567,-112.1001451,33.59836,-111.893419],[169,11,43,98,7,10,192,63,36,24,251,26,168,104,133,65,8,138,139,323,48]
Yw_EJi15XyLHxP5DrLknLA,33.47930435,-112.0691782,9,[33.4492,-112.0696,33.5094087,-112.0687564],[7,108,119,11,88,38,47,39]
WIzuXv2GDZSn9g9wjl96GA,33.499236,-111.9177014,4,[33.499236,-111.9177014,33.499236,-111.9177014],[126,11]
0GUlZFLawW18_H3hUA_Ugw,33.395099,-111.753021,5,[33.395099,-111.753021,33.395099,-111.753021],[229,11]
qXBd6SQvN2LaKQMskfjOtw,33.5825532,-111.9301931,19,[33.5825532,-111.9301931,33.5825532,-111.9301931],[38,379,109,39,48,11]
0wt9rruxtkazML7Rn1NpBQ,33.5087569,-111.8382628,19,[33.3804798,-111.9403254,33.637034,-111.7362002],[26,11,88,38,39,298,285,185]
9IhBCwwJm6muTbmLFA_KPQ,33.5848675,-112.01648915,20,[33.49112,-112.1352051,33.678615,-111.8977732],[71,72,63,27,11,26,112,6,254]
YrYxEQmacf0KN6pUuACCFw,33.47509065,-112.12603530000001,13,[33.4482453,-112.1858356,33.501936,-112.066235],[61,13,6,112,26,11,182,48,140,84,124,125,7,36,8,33,119,99,38,128,39,224,108,24,32,95,222]
nd7M-uFA4MAcTc2Y-Oc7Bw,33.73662,-111.5634,8,[33.73662,-111.5634,33.73662,-111.5634],[127,11]
xhqlSHTBbMACpLN7jU1Nrg,33.451064015954046,-111.96165185000001,75,[33.2815660319081,-112.1164397,33.620562,-111.806864],[120,11,17,62,119,48,41,26,57,145,258,39,28,29]
2Wyddt0x_0QpacnGm1gWKg,33.600858,-111.91179795,5,[33.581154,-111.927268,33.620562,-111.8963279],[119,11,54,238,167,65]
b976-zQsf-md9_G5M-oxtg,33.519495750000004,-111.80769275,6,[33.3833071,-111.9300279,33.6556844,-111.6853576],[126,11,99]
wJlwbBKPiwDWsFmGmYH23g,32.8960549,-111.756971,1,[32.8960549,-111.756971,32.8960549,-111.756971],[27,11]
ez5EqaGH-l4YcJrpFhqSrw,33.496175,-112.020561,17,[33.496175,-112.020561,33.496175,-112.020561],[11,63]
MW-0hWNQ8g7T3nW8aG5bTw,33.326150999999996,-111.989683,3,[33.317532,-112.00313,33.33477,-111.976236],[54,238,64,65]
SfH6ISqsLJI_fke9G9FdEQ,33.5384434,-112.1830859,2,[33.5384434,-112.1830859,33.5384434,-112.1830859],[311,11]
QEgHJCRyS5-hmhYSFRy0rA,33.637824,-111.896652,6,[33.637824,-111.896652,33.637824,-111.896652],[28,17,29]
M08IesyiYJBwo5KXT8wo1A,33.302973,-111.842536,5,[33.302973,-111.842536,33.302973,-111.842536],[98,7,24,11]
bNsJ0tOTa6C1w-pNlRQ2Ew,33.5054706,-112.0370088,39,[33.5054706,-112.0370088,33.5054706,-112.0370088],[38,11,99,128,39]
zTygpljE4TazYFfJvVAFYQ,33.4447687,-111.93733215,8,[33.3015901,-112.1164668,33.5879473,-111.7581975],[169,11,71,72,275,269,26,168,65,54,195,220,27]
ugnh1749hzinY9wr7a-Rvw,33.373465,-111.971852,13,[33.373465,-111.971852,33.373465,-111.971852],[158,28]
AsWMzOE1_mWZfZI67niTZw,33.5740845,-112.147744,3,[33.5095,-112.231662,33.638669,-112.063826],[7,36,182,24,11,168,41]
ST7CkcaPUH2UfyyY1IhsWA,33.5024095,-111.9955012,30,[33.5024095,-111.9955012,33.5024095,-111.9955012],[7,8,119,11]
C5ZuyCJ4MxB2lVo1UY-NDA,33.425207,-112.3566862,1,[33.425207,-112.3566862,33.425207,-112.3566862],[26,11]
CBCFSLoQUqJilx3lGF5yCw,33.44931469501525,-112.2833605,5,[33.4340612,-112.30558,33.4645681900305,-112.261141],[177,500,140,192,11,26,7,108]
XVgiZFwfmhYILYRpYK69cQ,33.4499869,-112.071884,172,[33.4471783,-112.0744503,33.4527955,-112.0693177],[38,99,128,39,296,11,57,145,48]
9ClFfo7nBDm0nj-eDF_54Q,33.732153,-111.8537306,6,[33.732153,-111.8537306,33.732153,-111.8537306],[28,17,29]
qXYnSlNreZcMyQIXFNTPQw,33.624757,-111.9329269,1,[33.624757,-111.9329269,33.624757,-111.9329269],[161,65]
pbg100Utbrz-Rc1siHyeIw,33.5552925,-112.0596995,30,[33.4039,-112.114738,33.706685,-112.004661],[185,11,28,17,18,29]
HQ_hS0OtfaBRg5cKr1qtpQ,33.52390805,-112.09370715,5,[33.509172,-112.0986063,33.5386441,-112.088808],[224,11,26]
Ji10QE4i4oWaJLfQzxzPzA,33.374337087022454,-111.8057702478025,18,[33.2183331740449,-112.047095,33.530341,-111.564445495605],[309,119,285,11,26,64,65,43,27,127,57,39,145,229]
RAplevcB95dQL-nJMfKLTg,33.32874425,-111.85985768951551,7,[33.3027873,-111.929925579031,33.3547012,-111.7897898],[26,11,7,162,108,157,103,48,338,201,194,24]
8_nmcrZX28dC654priVVMA,33.491737349999994,-112.07603474999999,16,[33.4741375,-112.0912518,33.5093372,-112.0608177],[119,201,11,177,140,24,212,63,97,224,28,17,29]
fJSbP73QyGHkA1TmT6I71Q,33.3630506,-111.90828985,3,[33.304492,-111.9429427,33.4216092,-111.873637],[26,11,212,43,173,6,420,112]
fh1pPKi-r-FkWEGJiH7rfw,33.4931627,-111.9310456,1,[33.4931627,-111.9310456,33.4931627,-111.9310456],[11,27,63]
aC-qK8v94qBw0H_lBJsikw,33.7988269,-112.1293761,3,[33.7988269,-112.1293761,33.7988269,-112.1293761],[7,10,9,11]
DwOv60VTJS0QZcg7XOtf9A,33.6368483,-112.393769,2,[33.6368483,-112.393769,33.6368483,-112.393769],[71,72,73]
0-DnHbefypwaHjA-fH8wTw,33.5162776,-111.9890733,47,[33.3547012,-112.1883568,33.677854,-111.7897898],[119,11,7,108,48,27,63,99,127]
svLa4u_TP5AvQoRnmBgOsQ,33.4077655041353,-111.85420964472951,6,[33.3941184,-111.942980289459,33.4214126082706,-111.765439],[212,361,11,71,72,7,108]
R76nTVEVCsbd6h-qrGtmoA,33.720164870410144,-112.0396198487795,5,[33.6406929,-112.066184997559,33.7996368408203,-112.0130547],[26,11,27,41]
ughufl325alMA4MT2pyDHg,33.436293,-112.011827,4,[33.436293,-112.011827,33.436293,-112.011827],[38,128,39]
iCIL1xWfjqlHoFAWTDIsQg,33.4492414,-112.072854,12,[33.4492414,-112.072854,33.4492414,-112.072854],[38,39,40]
JwgO0vUx1Tz4wYMJc5VHmA,33.5160662,-112.029562,27,[33.5160662,-112.029562,33.5160662,-112.029562],[161,28,65,17,29]
h4smd8OhZrXD8DlZAN5DeQ,33.4900575,-111.9262552,1,[33.4900575,-111.9262552,33.4900575,-111.9262552],[311,88,38,39,11]
7LF2pFNKKvqd1toNdh0v1w,33.4566960573784,-112.072327136993,18,[33.4566960573784,-112.072327136993,33.4566960573784,-112.072327136993],[119,11]
m-_FKKbyOqeC4MBZXcEYzw,33.321726,-111.875811,3,[33.321726,-111.875811,33.321726,-111.875811],[109,38,27,39,11]
ZHjFFM_sWM3Ky1PCqgnuKw,33.471959,-112.0478514,1,[33.471959,-112.0478514,33.471959,-112.0478514],[186,57,60,6]
6khNhFYFO3KSnRAM_9YdQw,33.6484835,-111.935306,59,[33.463308,-112.150244,33.833659,-111.720368],[7,232,117,11,129,121,79,44,26,137,8,139,210,14,15,6,24,98,119,127,33,109,38,48,39,162,142,120,265,35,264,251,192,403]
IPekAs-8TRZeSlOg7zq3aw,33.3195828,-111.8592461,1,[33.3195828,-111.8592461,33.3195828,-111.8592461],[43,11]
EJyF1u8vglXND3ceKuJDjw,33.44376595283735,-111.9766954,5,[33.3779965056747,-112.0275918,33.5095354,-111.925799],[119,48,24,11,33]
cCSCFqa6tU6rv-TOYWimyA,33.4925020001075,-111.924118995667,7,[33.4925020001075,-111.924118995667,33.4925020001075,-111.924118995667],[119,99,11]
PSYUSI1lXS8p2LEQUG865g,33.50502645,-112.0548978,5,[33.4998461,-112.0825915,33.5102068,-112.0272041],[26,11,38,48,39,40,143,205]
-dFCvDP0jCgy1YrFIHQDmQ,33.6369667,-111.9222616,1,[33.6369667,-111.9222616,33.6369667,-111.9222616],[63,27,307,11]
Znu5KKqytHfmjbXfQo3f4Q,33.41930025,-111.9721586503905,63,[33.2997534,-112.254559,33.5388471,-111.689758300781],[126,11,7,108,24,311,88,38,39,119,48,99,117,210,84,27,26,49,52,89,185,10,181,352,162,47,128,296,224,109,63,36,8,247,137,139,33,44,98,40,1,263,234]
7b07TmlFDFej_r65H2wF6g,33.5786315,-112.1644861,7,[33.534184,-112.178903,33.623079,-112.1500692],[177,140,11,49,406,52,48,224]
IISK46iyEcjKa8vuywCD7Q,33.451063500000004,-111.9802651,10,[33.3919202,-112.0685027,33.5102068,-111.8920275],[48,11,10,26,98,7,24,117,214,206,49,80,59]
N6q91wGo-JY1yo-fMycjGQ,33.458908949999994,-111.92862840000001,27,[33.3791738,-112.1001451,33.5386441,-111.7571117],[212,11,6,45,39,298,57,145,119,99,26,8,7,138,139,48,251,43,265,177,140,24,109,38,63,416]
_h-YMnASnzG1Dkvt3E2pYg,33.757516,-111.969733,1,[33.757516,-111.969733,33.757516,-111.969733],[32,90]
G0WvmUb_kzPci-oLTTarIA,33.58348,-111.883526,5,[33.58348,-111.883526,33.58348,-111.883526],[7,139]
0GQY001uhEtZgqPEuStUpQ,33.3890279,-112.0566631,4,[33.3056067,-112.1345686,33.4724491,-111.9787576],[26,11,63,27]
f9BNbRLTGF6ogkCRE2oAbw,33.463014021748,-112.357731073001,1,[33.463014021748,-112.357731073001,33.463014021748,-112.357731073001],[33,11]
tdEW6e0x64Ioz8LjHWL9Tw,33.3947699,-111.9088938,4,[33.3947699,-111.9088938,33.3947699,-111.9088938],[7,108]
CSod4BuouFwoeBN8brOVFQ,33.4671079,-111.9086211,1,[33.4671079,-111.9086211,33.4671079,-111.9086211],[33,48,11]
rsDQBPirsxM2e-Tbte9KtQ,33.4982894,-111.9275491,33,[33.4982894,-111.9275491,33.4982894,-111.9275491],[7,108,119,11]
_2wHifUVGhR1FC8MfSGpSA,33.409735,-111.857263,2,[33.409735,-111.857263,33.409735,-111.857263],[38,26,39,11]
jbNFeZkxH-kBn1AUfrP_Uw,33.3637746,-111.9095295,1,[33.3637746,-111.9095295,33.3637746,-111.9095295],[11,63]
JdKqWVYiqW9hsDXyR9a_SQ,33.474366,-111.99643,106,[33.449233,-112.065458,33.499499,-111.927402],[38,140,39,40,48,11,97,27]
RuB8MFXkeVNLwe4O6bWRIg,33.6556823,-111.9300145,1,[33.6556823,-111.9300145,33.6556823,-111.9300145],[212,11]
UNo6Ud3KFdzCncEo13Xhxw,33.3005755,-111.7456145,9,[33.279665,-111.805265,33.321486,-111.685964],[65,133,39,38,99,128,11]
v9wG-krYER93kk3EZ_t5PQ,33.46398135,-111.88013240000001,23,[33.305595,-111.9264331,33.6223677,-111.8338317],[7,8,126,11,49,58,57,56,59,48,400,63,27,62,17,69]
ZcAfOBV_0OEvsM57YFXz9Q,33.678615,-111.9746066,2,[33.678615,-111.9746066,33.678615,-111.9746066],[119,99,11]
H0nYlvGjMA9szTaqIwTwpg,33.40732845,-111.91290989999999,43,[33.3046171,-112.03603,33.5100398,-111.7897898],[28,271,27,11,63,109,38,39,33,88,298,26,7,108,48,117,202,72,281,269,328,32,10,24,218,219,8,119,224,4,6,126,97,49,319,59,99,40,168,182]
2Zk4YLGY62IzWdQ9rjzAXw,33.360423,-111.789894,1,[33.360423,-111.789894,33.360423,-111.789894],[26,11]
dYrlHXDfyMn4GA7SsaSd1Q,33.655256,-112.132618,5,[33.655256,-112.132618,33.655256,-112.132618],[88,38,39]
D5JJ8KWQq5i03PHzPFVHBA,33.5331251,-112.2581306,72,[33.5331251,-112.2581306,33.5331251,-112.2581306],[38,265,39,11]
rRMj923rxgl_yCyQ41ZPZA,33.5245858,-112.02258695,5,[33.449233,-112.065458,33.5999386,-111.9797159],[27,11,126,97]
G3p3IeyFksX1RHX1uldr6Q,33.54239595,-111.94746,4,[33.502191,-111.996292,33.5826009,-111.898628],[109,38,11,39,63,65,54,220]
SNH5L8QZ4kT9unURQUrYow,33.35124195,-111.7337068,107,[33.0314508,-112.0800705,33.6710331,-111.3873431],[27,140,11,7,108,24,142,48,49,66,333,292,38,212,39,40,134,135,42,43,434,103,205,251,109,57,69,445,52,80,59,465,145,340,201,63,322,126,97,26,99,119,8,47,265,101,182,218,168,298,88,224,352,172,440,89,149,72,154,36,12,13,6,177,192,98,162,194,137,139,305,449,33,128,185,373,313,483,153,186]
GjggdVEjRmatV_rQzFQJew,33.5033655,-111.88868965,17,[33.468577,-112.0741143,33.538154,-111.703265],[48,11,7,108,38,39,40,289,6,35,126,97,307,63,49,322,57,146,52]
pG7cVzP7N64dtRPHIzqB8Q,33.4962205,-111.9641728,1,[33.4962205,-111.9641728,33.4962205,-111.9641728],[38,140,39,40,48,11]
SuCzXxW1R1Z5a_zkSzy-MQ,33.4951366,-112.0012318,1,[33.4951366,-112.0012318,33.4951366,-112.0012318],[48,11]
u4KLOyn45q2CsdmfcI1USQ,33.5307628,-112.1832036,13,[33.421203,-112.345359,33.6403226,-112.0210482],[99,185,11,26,126,97,119,63,48,27]
xcbS2qrjsss00XkD2Nu5lQ,33.3358256,-111.81573739999999,9,[33.316607,-111.841944,33.3550442,-111.7895308],[185,11,26,98,7,162,108,72,154,39,38,99,128,113,6,116]
8jWS5jN7ZWW-20IJQvpbag,33.54092015,-111.92482935000001,200,[33.497828,-111.927267,33.5840123,-111.9223917],[182,48,140,11,38,143,39]
AVQ5yX6KWwS9zNYXpOpbaA,33.4382789,-112.0178286,4,[33.4382789,-112.0178286,33.4382789,-112.0178286],[32,90]
_WaVElGHbkLLUniFGR808Q,33.425938,-111.940346,6,[33.425938,-111.940346,33.425938,-111.940346],[11,377]
9Ili6jOVHH_4oAEKxlbRlA,33.4443383,-111.997848,8,[33.379421,-112.072167,33.5092556,-111.923529],[212,11,27,48,7,142,210]
oGR0GPIbYOitJaa-VsvaFQ,33.479218,-111.96181175000001,24,[33.317906,-112.0012318,33.64053,-111.9223917],[126,11,97,224,251,7,139,8,36,182,48,140,99,27]
Ps1Db9zOatoF_76FZNO5CQ,33.441198,-112.23999965,200,[32.879529,-112.77194,34.002867,-111.7080593],[46,6,11,177,99,140,49,4,5,367,120,119,117,200,41,26,127,7,247,98,57,306,333,43,44,24,139,416,185,30,8,13,110,469,80,59,168,42,470,145,39,38,48,45,113,10,33,109,149,97,108,251,72,345,35,282,264,128,137,169,114,265,63,400,69,162,148,34,441,142,309,285,36,210,327,404,61,32,90,194,138,322,56,214,351,77,76,311,201,84,262,60,224,212,40,182,229,18,62,17,126,181,27,292,47]
lWdo-2uZuM1tauXK3ws5Ow,33.455863,-112.072167,9,[33.455863,-112.072167,33.455863,-112.072167],[212,11]
eBSVkXldoA9lw2wYNJ3wyg,33.677854,-111.978579,2,[33.677854,-111.978579,33.677854,-111.978579],[7,108,201,119,11]
JNZZHotV_w79JKIqjsRj_Q,33.497828,-111.927267,1,[33.497828,-111.927267,33.497828,-111.927267],[352,48,11]
BSCzgh6khzg5w4QmJ-qgzw,33.4635783,-111.9352909,156,[33.4245625,-111.9409053,33.5025941,-111.9296765],[127,11,177,140,99,126]
VFL4LY37bEvyDPobGoxvXg,33.43475,-112.00644,200,[33.43475,-112.00644,33.43475,-112.00644],[28,170]
1MXbzXQxxC-e9O7R5N89bg,33.628699,-111.891552,1,[33.628699,-111.891552,33.628699,-111.891552],[96,72]
vMNhF4L-_Ek3TP1Ffjidiw,33.5832073,-112.0131291,1,[33.5832073,-112.0131291,33.5832073,-112.0131291],[108,7,119,38,109,39,11]
pvFPNRhJLGAPI--woKA3kQ,33.2664769,-111.9918702,32,[33.2664769,-111.9918702,33.2664769,-111.9918702],[48,11]
aBgTzOboYwu69GwJQiRO5w,33.3224159,-111.9281994,5,[33.3224159,-111.9281994,33.3224159,-111.9281994],[73,72]
Gh1EXuS42DY3rV_MzFpJpg,33.542356,-112.0644049,48,[33.444799,-112.1310388,33.639913,-111.997771],[33,99,11,38,48,39,251,88,89,119,57,327,109,63,74,168,181,229,40,185,24,128,27,126,97,172,26,7,449,169,210,212]
ZmIgP4U4Ht9CYmNX0_zP6w,33.4396151048764,-111.8598657,200,[33.233662,-112.1156244,33.6455682097528,-111.604107],[168,43,11,99,7,313,41,98,24,33,44,48,27,57,56,17,18,109,38,39,88,8,20,23,247,243,26,30,13,6,46,69,64,65,47,10,9,133,117,142,185,108,63,15,25,201,139,36,28,29,162,158,126,309,285,292,127,128,212,119,74,89,204,224,84,124,125,265,137,45,96,72,225,248,42,110,182,140,191,34,35,200,306]
nyDx53hrnTvUlklCPe501g,33.53807,-112.166508,11,[33.53807,-112.166508,33.53807,-112.166508],[43,11]
TPPQGL-TT7JOVEP3A_B5og,33.3055637,-111.7435688,2,[33.3055637,-111.7435688,33.3055637,-111.7435688],[6,32,302,110,1,141]
Ps2x1hULazaOinUDpeYL_g,33.362894,-111.7897157,2,[33.362894,-111.7897157,33.362894,-111.7897157],[43,11]
4cYBtggeULQaCt3Fm2kqEw,33.3855036,-112.0289193,3,[33.3197514,-112.0972094,33.4512558,-111.9606292],[26,11,20,231,59,49,23,415]
_BByjGKiNfWTMJH1RmpA5A,33.5612589,-112.1156244,3,[33.5612589,-112.1156244,33.5612589,-112.1156244],[48,185,11]
9Z05mtXrXJ-22PElwp1ahA,33.4449905,-112.014209,110,[33.306501,-112.153628,33.58348,-111.87479],[7,8,119,11,265,61,13,6,35,76,168,26,108,251,43,41,42,212,38,48,39,98,24,206,84,291,208,130,32,10,44,177,99,139,416,142,192,79,121,138,323,126,225,250,40,63,45,224,17,62,125,36,123,65,27]
bNMB0Y3usGgwHVG8apunyA,33.4925020001075,-111.924118995667,6,[33.4925020001075,-111.924118995667,33.4925020001075,-111.924118995667],[119,99,11]
F49-gqDVcesr8wnO1xbXgA,33.503992507561506,-111.90164465,39,[33.383949,-111.9595033,33.624036015123,-111.843786],[206,11,119,99,38,48,39,63]
GubdNFoDAsiwE6bWIr97cQ,33.4609176,-112.2093986193955,200,[32.9479262,-112.735556,33.973909,-111.683241238791],[43,11,212,28,240,241,6,77,35,49,265,146,68,366,84,345,346,119,99,120,185,170,98,7,26,8,46,27,48,322,57,308,54,238,63,41,24,30,13,336,33,44,4,307,208,38,143,39,284,9,56,76,192,36,139,225,10,168,140,40,129,79,110,112,254,339,235,32,90,115,372,126,337,431,93,3,206,161,65,17,29,246,423,229,218,296,177,285,78,109,471,138,142,108,483,72,154,157,103,309]
-L0bSNfErGer1UCEa6D4PA,33.4445745861375,-111.8654794,59,[33.233464772275,-112.3411065,33.6556844,-111.3898523],[43,11,28,170,38,205,39,40,27,98,7,8,224,84,147,36,102,103,127,74,48,120,113,6,116,64,65,117,63,185,10,9,265,26,190,177,140,142,41,400,24,189,57,99,69,109,33,126,97,439,212,361,108,46,44,119,12,163,13,114,382,32,433,35,252,77]
n_Bt-yKaL6rRc2EM3olX6A,33.45168,-111.916537,60,[33.45168,-111.916537,33.45168,-111.916537],[26,11]
5gALrL1QyiuzXjTMlKLtyQ,33.344148849999996,-111.7503156,6,[33.3086797,-111.757045,33.379618,-111.7435862],[44,11,27,26]
yR_J-qmKJNr4Icu7nMAvXQ,33.449233,-112.065458,72,[33.449233,-112.065458,33.449233,-112.065458],[27,11]
MK_-5KGVIdV2MvR2EP93xg,33.538732550000006,-112.05479475,3,[33.502191,-112.1132975,33.5752741,-111.996292],[49,50,52,63,27,11,109,38,39]
dEMm29V7ktNHndxwXzhPfA,33.49403816933885,-111.971752398422,7,[33.4471735,-112.073781,33.5409028386777,-111.869723796844],[7,119,41,11,27,48]
W7cDTrBPXvq3J9Bg5TQYOg,33.464535,-112.00491650000001,107,[33.426368,-112.0699779,33.502702,-111.9398551],[88,38,39,298,11,48,27,17,18,109,63,99,40]
r0z-HuHKNq58Prn_HmzfiA,33.4397120286892,-112.01191056849649,16,[33.422728,-112.072327136993,33.4566960573784,-111.951494],[88,38,39,89,11,119]
xDytSvpsDSe8TbcmTP2EmQ,33.5958355,-112.2221465,7,[33.5958355,-112.2221465,33.5958355,-112.2221465],[65,133]
qgs1WDM61TKc0MjdSNv0Zg,33.3702541,-111.9741847,5,[33.3702541,-111.9741847,33.3702541,-111.9741847],[265,11]
edeefCYTD_KvhAarElmpqA,33.348162,-111.9819,1,[33.348162,-111.9819,33.348162,-111.9819],[26,11]
L5CcOlOmyvJPnE90fjeNmQ,33.298212,-111.898601,2,[33.298212,-111.898601,33.298212,-111.898601],[185,11]
Sus2j7T-Bx3ZacqdCquwFA,33.6717895,-111.9060007,8,[33.6717895,-111.9060007,33.6717895,-111.9060007],[169,11]
YKI3W0kZpaYwaNjBviQN-Q,33.392967150000004,-111.84656925,20,[33.3057949,-112.0915342,33.4801394,-111.6016043],[48,11,38,26,39,127,24,33,119,57,69,99,185,7,108,27,71,72,96]
AHsfTiLmnTBRoPDaolhv-g,33.47707975,-112.00812915,200,[33.457939,-112.0520855,33.4962205,-111.9641728],[38,140,39,40,48,11,26]
uFOYBSZV2DZhNNPEePWbUQ,33.5451433,-112.17103255,5,[33.4515068,-112.2705607,33.6387798,-112.0715044],[26,11,33,57,145,38,39,40,48,7,142,120]
yZm3SW2cqcax4kuVi20KlQ,33.5521559,-112.257911,4,[33.5521559,-112.257911,33.5521559,-112.257911],[7,108]
kgfAnunPn0sI3Ycp8EypyQ,33.4622665,-111.986301,3,[33.45168,-112.056065,33.472853,-111.916537],[48,11,26]
1nek1KPEbTgXATRzxTcQKA,33.443715,-112.03678034999999,21,[33.317906,-112.1839297,33.569524,-111.889631],[185,11,63,27,98,7,24,38,48,39,88,89,33]
8SAVKckuBoTvUSQc_098gw,33.5102068,-112.0272041,9,[33.5102068,-112.0272041,33.5102068,-112.0272041],[48,11]
1WriFmPd3h0-L45cCDzrVw,33.514027,-111.92487,2,[33.514027,-111.92487,33.514027,-111.92487],[48,11,28,17,29]
z-nE6aCXKDKUzd34okSMSw,33.5633555,-111.9309024,2,[33.502049,-111.943525,33.624662,-111.9182798],[38,11,99,128,39,63]
NQCsyY_ePTi-QnwpcMq3Mw,33.6402889,-111.9799449,1,[33.6402889,-111.9799449,33.6402889,-111.9799449],[65,133]
8bESR1X2cLu-u2FxtKeFmw,33.4373684849164,-112.002139091492,1,[33.4373684849164,-112.002139091492,33.4373684849164,-112.002139091492],[38,26,39,40,11]
X_KvVnWjOTMvUgx2hiUvcg,33.4833765786892,-112.000568628311,23,[33.4566960573784,-112.072327136993,33.5100571,-111.928810119629],[26,11,119,48,201]
-twH-2L0l6AOlTDdp01wuw,33.40155005,-111.880372,29,[33.300506,-112.081655,33.5025941,-111.679089],[38,7,47,39,48,128,11,63,27,126,285,185,99,26,182,140,265,224,97,239,24,212,361,168]
G_Ggqfq3hWh1WAc-HZEeEQ,33.6729823,-111.8904749,4,[33.6729823,-111.8904749,33.6729823,-111.8904749],[27,11]
IN8827I_56hFLsOVA7spZA,33.4354452,-112.3428904,2,[33.4354452,-112.3428904,33.4354452,-112.3428904],[26,11]
nzARX0buG-DLGMdf5bjz6A,33.5044193,-112.0475633,4,[33.5044193,-112.0475633,33.5044193,-112.0475633],[206,11]
mC5F_wuengXDF4YD5p5K4g,33.563739,-112.05398915,9,[33.500545,-112.181569,33.626933,-111.9264093],[251,11,212,26,119,99]
kxshCrRyswvuGM6U29ONvA,33.3788924,-111.9287009,1,[33.3788924,-111.9287009,33.3788924,-111.9287009],[192,140,11]
cTMNHWWJTi-QVRXgvDeW8g,33.5011945,-112.01123095,32,[33.480017,-112.09641,33.522372,-111.9260519],[41,43,11,27,219,218,98,7,24,28,17,29]
tEco7_KWoijQFnrS357iGA,33.6986352,-111.9174871,1,[33.6986352,-111.9174871,33.6986352,-111.9174871],[7,142,108]
I2HjcrD-ERw8GXN4hLX2xA,33.35020085,-111.7734481,7,[33.3209897,-111.80858,33.379412,-111.7383162],[96,72,27,11,64,65,54,324,317]
dRfuAF1X90yB-B8jTaqutg,33.4288521,-111.9498509,21,[33.2762703,-112.0739136,33.5814339,-111.8257882],[33,38,39,11,251,88,99,26,7,48,47,182,119,57,36,69,44,185,224,309,285,63,27]
377CDhtGrgoNNEnEhf6Ccw,33.4841867,-111.98978009999999,200,[33.43475,-112.0142961,33.5336234,-111.9652641],[30,13,6,45,33,11,161,28,65,17,29,177,140,7,8,170,26,148,204,98,119,24,206]
vavpvlNkqFxdoUnbDUU-GQ,33.5092756,-112.0718179,1,[33.5092756,-112.0718179,33.5092756,-112.0718179],[48,11]
gW48N85NnpS7BtOTcRLywA,33.419984,-111.828384,15,[33.419984,-111.828384,33.419984,-111.828384],[28,17,29]
CVVuheo7xKeysosYYQOePA,33.4942423,-111.9264472,5,[33.4942423,-111.9264472,33.4942423,-111.9264472],[39,119,48,38,11]
nopd_zwhRT086xZwOzZKuQ,33.4765807,-111.9265203,1,[33.4765807,-111.9265203,33.4765807,-111.9265203],[26,11]
c2fGoYkOIcU-7hIimRu_VA,33.656617749999995,-111.96441,14,[33.4922985,-112.047101,33.820937,-111.881719],[48,11,210,119,26]
CV33riz2fug68QsozDSFRw,33.320753,-111.875633,2,[33.320753,-111.875633,33.320753,-111.875633],[65,133]
__k3AFYK7Yev9OFyPVSAaw,33.427148450000004,-111.90823215,5,[33.362719,-111.9403254,33.4915779,-111.8761389],[119,38,48,39,11,285,185,89]
j1h0tzvZ_O6WZhCk704kOg,33.6247596,-111.9329381,3,[33.6247596,-111.9329381,33.6247596,-111.9329381],[28,17,29]
ZFXJbvxkbAwMJfq8bxrOvA,33.3254637,-112.04838455000001,7,[33.0690759,-112.1183771,33.5818515,-111.978392],[24,11,33,44,41,43,285,296]
sMTQLiu1LMAKMTtJpbfidw,33.617413,-111.922261,1,[33.617413,-111.922261,33.617413,-111.922261],[72,184]
Z0-cMAApITqZC-9D3I2f5w,33.6624675,-112.18689,1,[33.6624675,-112.18689,33.6624675,-112.18689],[7,108,17,62]
qE4c-zYRZX8xo_pr0wQX6Q,33.503024,-112.047179,1,[33.503024,-112.047179,33.503024,-112.047179],[219,218,41,11]
BWiwMJxWCKzTJuITMxpgQA,33.4221156,-111.9394725,4,[33.4214372,-111.942512,33.422794,-111.936433],[177,11,27]
Omn1uz7jiVKl2Tr7-oAdAw,33.53286065098115,-111.9264824925535,93,[33.4537869019623,-111.927165985107,33.6119344,-111.925799],[119,48,24,11,182,172,267]
KSCnCYOJQv-piQNjCKj10Q,33.5708131,-112.0657374,1,[33.5708131,-112.0657374,33.5708131,-112.0657374],[26,11]
Jha7qdeXxZfg463QSeU4Qw,33.51637325,-111.9056071,53,[33.492381,-111.9259469,33.5403655,-111.8852673],[265,48,11,212,361]
xQy23cwdUjE4x8OpirBaAA,33.5025941,-111.9296765,1,[33.5025941,-111.9296765,33.5025941,-111.9296765],[99,126,11]
7uNgGKRiljXLa_HokUrLjg,33.560758750000005,-111.98330025,9,[33.423546,-112.073681,33.6979715,-111.8929195],[15,6,98,7,10,192,11,120,48,27,191,33]
xa6MsSFkXmWp23Aq-zz-uQ,33.436792600000004,-111.8669092,7,[33.246853,-111.8912034,33.6267322,-111.842615],[159,32,109,38,48,39,11,224]
z1uvpp722C7WBmaGiNyeOw,33.3058378,-111.9927062,5,[33.3058378,-111.9927062,33.3058378,-111.9927062],[126,11]
bvG0IvbCrsyxzFVv24UdWw,33.553211399999995,-111.99588825000001,144,[33.4796348,-112.0824552,33.626788,-111.9093213],[99,44,11,7,108,26,119,33,63,27]
OjG-lBzFd3C0N4hzE5SKgA,33.0768414,-111.3427663,36,[33.0768414,-111.3427663,33.0768414,-111.3427663],[57,56,39,145]
jTbeQGHrWhiW1BJgt8IGGA,33.5823408973639,-111.923882961273,1,[33.5823408973639,-111.923882961273,33.5823408973639,-111.923882961273],[26,11]
3GVzM2cWh0Q6Wo9GnZ6TdQ,33.41582165,-111.9100895,11,[33.2644333,-112.133347,33.56721,-111.686832],[10,24,11,202,72,43,126,224,6,45,65,7,148,204,108,48]
qAZUqkoRybZ_mS0ORO_0Tw,33.4140217,-111.99225000000001,8,[33.334202,-112.073845,33.4938414,-111.910655],[71,72,154,64,61,13,6,65,26,11,7,36,38,39,27,88,99]
Mz7Iy3PHVPYZA_ueCDlqGg,33.510885650000006,-112.0740409,2,[33.4959404,-112.0836568,33.5258309,-112.064425],[84,147,339]
XqnVMYjSBY0f0UJHPin1Ww,33.2614572,-111.8830248,2,[33.2614572,-111.8830248,33.2614572,-111.8830248],[48,11]
yNVGe_z9hHxbvpa2Ns2JIg,33.46101967665735,-111.94000115,41,[33.2997534,-112.091191,33.6222859533147,-111.7888113],[168,126,97,11,39,119,26,38,84,147,101,33,128,88,298,99,27,63,377,7,47,108,48,224,296,218,41,323,182,140,24,28,17,29,18,137,8,139,36,142,292,309,285]
RIFHoJhOqVlhIfUoykg89Q,33.434244050000004,-111.9696287,114,[33.351089,-112.0962274,33.5173991,-111.84303],[149,126,11,79,121,39,119,48,38,97,88,298,219,218,41,251,265]
uOpq5F331ReFiu_cNxdlKA,33.4402001,-111.7052304,6,[33.37844,-112.0462108,33.5019602,-111.36425],[333,33,11,251,119,63,7,98,8,10,48,24]
ddqA4SI5obn3VDWT0oVlgg,33.494247,-111.92975,1,[33.494247,-111.92975,33.494247,-111.92975],[109,38,48,39,11]
HKeIQt_9PoJapqtebwx0jA,33.50180725,-111.9329932,4,[33.4240085,-111.9401874,33.579606,-111.925799],[119,48,24,11,7,9,10,189,182,172]
FmHIX8Pk6mindoSX0zJGTw,33.326251455043,-111.96270807504999,3,[33.3037399,-111.9810651,33.348763010086,-111.9443510501],[109,38,11,39,63,119,62,24,17]
kZ3ROwsOPZNZkq7UJqxgGQ,33.5019817,-111.9276185,2,[33.5019817,-111.9276185,33.5019817,-111.9276185],[38,48,39,11]
WJQp0HmIW0lgA5Sowx3Xjw,33.4925951,-111.9259858,200,[33.4925951,-111.9259858,33.4925951,-111.9259858],[265,11]
cmd_SASTsR3i98yodEvq9w,33.63802195,-112.04439400000001,6,[33.448717,-112.200326,33.8273269,-111.888462],[26,11,7,108,57,474,219,307,63,27]
TD96-CLt1HpqDF06SLZwZQ,33.55367315,-112.00439575,200,[33.4287313,-112.0672866,33.678615,-111.9415049],[6,45,65,7,148,204,79,121,33,44,11,142,28,342,240,241,12,114,13,115,170]
fkp78ZhUDz8mevaoQHQnsg,33.47322,-112.04806,30,[33.47322,-112.04806,33.47322,-112.04806],[38,39,40]
uO0jZk02PIQg3rrrU49uhw,33.53369818976275,-112.260450036133,2,[33.531725,-112.261226,33.5356713795255,-112.259674072266],[24,11,38,99,181,39,48]
JGbmLizPsn-6ZCxjAm1hIQ,33.494059,-112.1253668,1,[33.494059,-112.1253668,33.494059,-112.1253668],[159,84,32,291]
QanRAKbXifS369ccBdKFKw,33.6349919,-112.232847,15,[33.6349919,-112.232847,33.6349919,-112.232847],[28,17,29]
mSVc46UIRk9RWR646TRe6w,33.4851372,-111.99755585,6,[33.4484279,-112.0731767,33.5218465,-111.921935],[26,11,210,167,65]
6Y0Mkc3yJJuBC6rAekeiIw,33.5237701,-111.8981636,3,[33.5237701,-111.8981636,33.5237701,-111.8981636],[208,6,35]
GWFzCg3o8pp3N-UloBYWlQ,33.698323,-112.1401701,1,[33.698323,-112.1401701,33.698323,-112.1401701],[65,133]
t8cVmfy-pR51r9ShbpbQYA,33.400515763916005,-111.928814779541,3,[33.378303527832,-111.951494,33.422728,-111.906135559082],[88,38,39,89,11,33,117,48,26]
XhucoKcpnjvixRPqs77kzw,33.6071829,-111.9403254,7,[33.6071829,-111.9403254,33.6071829,-111.9403254],[210,11]
jHfyaPh2M-6hWIe7iqla8w,33.4925020001075,-111.924118995667,37,[33.4925020001075,-111.924118995667,33.4925020001075,-111.924118995667],[119,99,11]
U_DDAKu6LA6gDGewX9WlMQ,33.493947,-111.922301,14,[33.493947,-111.922301,33.493947,-111.922301],[38,39,40]
kX8LxehNADGK5j3GFCpLEQ,33.4710214,-112.0649272,27,[33.4710214,-112.0649272,33.4710214,-112.0649272],[26,11]
1jva5mE0xkKv8nlpQwILSA,33.493373,-111.89637400000001,10,[33.31081,-112.020736,33.675936,-111.772012],[337,32,90,7,142,33,44,11,63]
gK28-8rZLelGnA_GD8H5Cw,33.586656564995,-111.83645015013,4,[33.586656564995,-111.83645015013,33.586656564995,-111.83645015013],[27,11]
PR6T0kmxkCPfwa_s3BTVWA,33.25539,-111.62019,1,[33.25539,-111.62019,33.25539,-111.62019],[101,38,99,39,11]
qkAELgNiHF0uSKDcOTHP8g,33.5250892,-111.9253313,1,[33.5250892,-111.9253313,33.5250892,-111.9253313],[7,139,247,292]
O8eUfJtrkphxNK3XhOGJRQ,33.816114,-111.94316375,16,[33.8000576,-111.9583011,33.8321704,-111.9280264],[65,158,17,28,161,29,48,11]
I4MxmBPTll9C2s0hpC6Uag,33.54981755,-111.913039,21,[33.4259681,-112.0394,33.673667,-111.786678],[12,61,13,6,22,251,11,7,142,129,278,79,267,182,172,168,26,127,98,24,63,292,139,17,62,177,140,201,27,126,97,307,84,339,65,133,210]
rhb8tUO6p6iUgDgm4JMc8w,33.550511,-112.1222698,168,[33.422407,-112.2712148,33.678615,-111.9733248],[7,138,8,139,38,99,33,39,128,11,26,6,116,36,62,17,113,224,28,29,177,140,30,13,35,264,41,400]
aaton9Cy93Ae-7Kr-OEr9g,33.421617342644,-111.9466751753,200,[33.421617342644,-111.9466751753,33.421617342644,-111.9466751753],[63,27,11]
TMFW5in08iZTXN1Q93q07A,33.62479515,-111.90061675,2,[33.6223522,-111.9055818,33.6272381,-111.8956517],[64,65,202,72]
C8taL46ENq8koWZbwvHcwQ,33.45729575,-111.85523955,5,[33.4194512,-111.991453,33.4951403,-111.7190261],[26,11,7,9,38,47,88,39,48]
iol00wNBA-9vGjY_sdEUVQ,33.450461,-112.261141,4,[33.450461,-112.261141,33.450461,-112.261141],[26,11]
G-xuPbbcK5w27ZkSVtbtLg,33.59524395,-112.1307764,6,[33.491645,-112.1883568,33.6988429,-112.073196],[38,140,39,40,48,11,63,7,138,139]
_l7xTcmshzR04v1sF9owXw,33.5785036,-111.925938,1,[33.5785036,-111.925938,33.5785036,-111.925938],[64,65]
1Y3IWw9-eHga0MfxCkWfcw,33.4194512,-111.915926,8,[33.4194512,-111.915926,33.4194512,-111.915926],[38,7,47,88,39,48,11]
-3L9Nzd0Ad6-TR6-8vgMrQ,33.441564,-112.0738125,2,[33.380104,-112.100446,33.503024,-112.047179],[208,6,35,167,65]
J8H0T9Yfr4V_3oU-nPGajg,32.9103236,-111.7573007,1,[32.9103236,-111.7573007,32.9103236,-111.7573007],[26,11]
5MakTIlGRv2b-jWeuEBcSg,33.48660745,-112.04273405,21,[33.4770399,-112.0649071,33.496175,-112.020561],[98,7,10,192,11,63,24]
O45GAPwatFq4JNUY4VtzZw,33.326976,-111.842494,4,[33.326976,-111.842494,33.326976,-111.842494],[309,285,11]
XrJi0Cdz7tLnN1VFxVXhBw,33.5025941,-111.9296765,19,[33.5025941,-111.9296765,33.5025941,-111.9296765],[24,11]
G2Z2iTMIptBjSAVZaJalpw,33.494205,-111.931447,2,[33.494205,-111.931447,33.494205,-111.931447],[48,11]
wtoBHURTSYo3A01FfVaUvQ,33.3468019,-111.970434,2,[33.3468019,-111.970434,33.3468019,-111.970434],[71,72,297]
DjMYfLoL9KsTIcvOMxwkhg,33.406066949999996,-111.90784239999999,29,[33.3173142,-112.026154,33.4948197,-111.7895308],[43,11,285,185,63,27,126,181,212,361,57,470,145,39,26,182,172,74,24,119,244]
kS88KHNeaHRHgfDUArcLDw,33.6382038313039,-112.363443374634,2,[33.6382038313039,-112.363443374634,33.6382038313039,-112.363443374634],[251,212,11]
etLdXL5GVXsbF7NSfHsp1A,33.56657355701305,-112.0264563,15,[33.4787939,-112.1369979,33.6543532140261,-111.9159147],[177,140,11,104,161,195,65,26,251,27,133,282,72]
7TCnXKOXTKl48JpXXWmIrg,33.4330350801733,-111.905558109283,5,[33.4330350801733,-111.905558109283,33.4330350801733,-111.905558109283],[99,11]
iflFog-hCFxVDbMM0dQhGQ,33.510026,-112.024174,1,[33.510026,-112.024174,33.510026,-112.024174],[48,11]
8hOQaZCppGg4yQng0eVLEQ,33.5036235,-112.06208720000001,5,[33.4978009,-112.0837798,33.5094461,-112.0403946],[79,121,27,63,24,11,7,108,175,129]
wzmdB-xjGi4s8YTJvau9qQ,33.4663839,-112.0026403,40,[33.422728,-112.0839659,33.5100398,-111.9213147],[99,11,126,97,28,17,18,29,24,33,38,39]
-X9J-iTPLbXTD1bsktBhVg,33.4090675,-111.89348115000001,6,[33.319219,-111.927681,33.498916,-111.8592813],[224,11,308,54,195,65,96,72,182,218]
aY7PQAGawqljEl_naGLzYw,33.4513376,-112.1560021,1,[33.4513376,-112.1560021,33.4513376,-112.1560021],[214,11]
bAuKPiWTMtCoNNcPBGWssA,33.4387925,-111.93350285,18,[33.384623,-111.966874,33.492962,-111.9001317],[74,27,11,72,154,224,33,44,24,49,146,39,341,93,3,57,69,56,114,13,6,484,7,36,38]
naZOPmdH86SV6nmAe3YE6Q,33.373465,-111.971852,5,[33.373465,-111.971852,33.373465,-111.971852],[158,28]
HB3GhY827PMyN-UBOZXpPA,33.36317085,-111.8400359,5,[33.3060217,-111.8404958,33.42032,-111.839576],[26,11,7,36,38,39,109]
5Q9E3S_qFWwGtZhKzfxunA,33.415501,-111.837456,4,[33.415501,-111.837456,33.415501,-111.837456],[10,48,24,11]
