Wn4cr3qd67lYL_aya4I2TA,33.47935955,-112.1030723063505,29,[33.3195828,-112.359774112701,33.6391363,-111.8463705],[7,292,108,24,11,43,48,210,98,33,377,323,404,451,421,65,38,47,88,39,182,172,244,26,109,27,142,218,41,63,140,298,309,119,285,162]
HnnKmgBDYIz-HDF8z5nbHA,33.39221355,-111.95943665,7,[33.33605,-112.0740373,33.4483771,-111.844836],[192,140,11,38,273,39,128,175,129,79,48,296]
K8CwdrpDsc1CU_DCuurhXQ,33.4130141,-111.979193,1,[33.4130141,-111.979193,33.4130141,-111.979193],[188,23]
RV8lYD4h3gW0KcAmFNflHg,33.500440050053754,-111.9248908,6,[33.4925020001075,-111.927951,33.5083781,-111.9218306],[39,119,48,38,11,161,28,65,17,29,26,128,352,99,88]
nVQ5jC3ZSS-vd9u0TK19ZA,33.4548535,-112.1007859,18,[33.272043,-112.221341,33.637664,-111.9802308],[120,11,49,265,146]
PJHsU-lGPalzaQVlyytqTg,33.4566960573784,-112.072327136993,44,[33.4566960573784,-112.072327136993,33.4566960573784,-112.072327136993],[119,11]
d4zmaIWxokvb0RBDS3wjqA,33.41473245,-111.89657894999999,33,[33.335171,-111.950563,33.4942939,-111.8425949],[224,11,101,38,26,39,251,98,7,108,24,109,27,377,33,265,185,49,52,142,74,63,126,97,10,9,373]
8fAC-siPU2THWDHF1wEdEA,33.434921,-111.719154,5,[33.434921,-111.719154,33.434921,-111.719154],[79,121]
l7GrqOKCztUl-4C0o4Lzvg,33.498915,-111.928258,1,[33.498915,-111.928258,33.498915,-111.928258],[26,11]
wYfeuYsNu1jlbR_voI3TnA,33.636322,-111.922456,1,[33.636322,-111.922456,33.636322,-111.922456],[265,11]
SnkAgdcZBBdZb8jhUtZpfg,33.4923234,-111.931006,2,[33.4923234,-111.931006,33.4923234,-111.931006],[65,133]
TCdfeYGzshO9J3FaSmh0Xg,33.49529195,-111.9259079,28,[33.4915779,-111.926703,33.499006,-111.9251128],[126,97,11,39,212,293,38,43,119,48]
TFDFf2l8NMrWcbpKHgqttg,33.4951366,-112.0012318,4,[33.4951366,-112.0012318,33.4951366,-112.0012318],[48,11]
TTseyyWquY0dDnfW8nBxXg,33.4504575,-112.0743441,52,[33.4504575,-112.0743441,33.4504575,-112.0743441],[39,298,57,145,11]
_tVtwI9UKHpmIHb76LOzAQ,33.57619145,-112.02629565000001,10,[33.4745289,-112.0740123,33.677854,-111.978579],[7,36,99,11,38,128,39,105,65,109,63,27,48,139,8,24]
q5Rd2BB2ED60KI7H-GwmvQ,33.47302685,-111.96869445,6,[33.3072791,-112.180888,33.6387746,-111.7565009],[38,140,39,40,48,11,128,26,99,120]
9FV8mWm5WpsXLuvSh_LZ1g,33.424448404057955,-111.831176075485,27,[33.2125748081159,-112.079081,33.636322,-111.58327115097],[136,17,39,212,126,293,11,98,7,24,99,108,119,26,10,9,109,38,440,292,33,43,265,185,36,142,27,48,63,190,28,140,224]
SgDWDjBr8fV7id1UnFaAFg,33.58082,-111.9125945,200,[33.5381023,-111.925553,33.6235377,-111.899636],[49,80,59,26,11,7,108,158,28,119,201,142,62,27,17]
MfhoYW96OfXcjF4TgvxawQ,33.49744785,-111.93078729999999,194,[33.492914,-111.9339561,33.5019817,-111.9276185],[177,48,11,28,17,29,38,99,39,40,352]
R4egSraA1XhP4ZMAk2hizg,33.4949597,-111.98959,10,[33.4949597,-111.98959,33.4949597,-111.98959],[11,140,63]
-ehXkDOouTDeKFrq72yO7Q,33.4207679,-111.9334531,200,[33.4207679,-111.9334531,33.4207679,-111.9334531],[188,23]
UDBYhBP8avCa-2iZb71Ixw,33.4176671,-111.97863625,24,[33.317906,-112.0823075,33.5174282,-111.874965],[26,11,113,6,116,57,327,12,114,13,7,142,292,139,8,36,119,38,48,39,182,140,15,191,104,204,65,117,214,43,137]
NBLaSqjVCUYirTe5rX9o4w,33.4527955,-112.0693177,5,[33.4527955,-112.0693177,33.4527955,-112.0693177],[26,127,11]
JMtVmkEwSDqzVM90HI9UXw,33.43475,-112.00644,7,[33.43475,-112.00644,33.43475,-112.00644],[28,170]
Iycf9KNRhxvR187Qu2zZHg,33.51046705,-112.0093716573975,200,[33.3058378,-112.2948244,33.7150963,-111.723918914795],[119,24,11,26,7,9,10,101,38,39,63,27,265,483,108,8,6,35,76,194,232,251,43,229,307,33,142,44,224,48,206,99,210,145,57,88,298,120,239,40,188,23,71,72,117,128,168,169,340,64,65,177,293,138,139,205,449,97,250,212,126,109,470,309,285,327,36,49,233,445,66,52,127,185,84,147,96,73,259,260,140,18,51,17,69,56,292,98,92,15,248,143,440,162,47,334,400,333]
NQMpQlEzCUKBjAORe47IOQ,33.414465500000006,-111.8709975,26,[33.319377,-112.015207,33.509554,-111.726788],[168,265,11,311,212,229,7,292,185,247]
sho_xT2CbgZsNr3zZrwr_g,33.5708131,-112.0657374,23,[33.5708131,-112.0657374,33.5708131,-112.0657374],[26,11]
P5fWyiTov9pCFwoQltqDfw,33.530141,-112.0563984,2,[33.530141,-112.0563984,33.530141,-112.0563984],[38,39,11]
Oqsgdm-ViX65dVqUVOjlIA,33.35550185,-111.81471845,15,[33.2864817,-111.940409,33.424522,-111.6890279],[26,11,53,54,55,122,256,24,10,48,88,38,39,40,33,7,47,27,185]
Mwkd4H5bSrEyLVOk0nyeYA,33.6241474,-111.9019215,2,[33.6241474,-111.9019215,33.6241474,-111.9019215],[6,200]
jPi003LZLzvhRrY1uUmylQ,33.59659795,-112.0359689,8,[33.4802112,-112.1117313,33.7129847,-111.9602065],[27,11,123,65,119,99]
MB7kGq8hUDD7IxukOcfNGw,33.4923301,-111.9271891,1,[33.4923301,-111.9271891,33.4923301,-111.9271891],[64,65]
0TXJs7RX4vylckzTkmv4HA,33.4951366,-112.0012318,2,[33.4951366,-112.0012318,33.4951366,-112.0012318],[48,11]
NsDQrxbLJ-AuNE_Kp4Izag,33.48682975,-112.0018675,55,[33.425824,-112.064759,33.5478355,-111.938976],[28,17,29,99,26,11]
H7jeS2XrSefKoitq1Pv00Q,33.4788396,-112.03504325,5,[33.4482331,-112.0737845,33.5094461,-111.996302],[78,79,49,80,59,63,27,11,6,65,193]
Aaafbip-U2aeTXbvinBLiA,33.537445708053,-112.0753574320085,108,[33.407162416802,-112.34971999097,33.667728999304,-111.800994873047],[61,13,6,10,11,38,39,352,48,33,88,298,119,99,212,40,206,63,97,7,479,139,113,333,46,49,80,82,59,44,218,41,26,126,307,224,108,182,98,24,267,172,27,140,168,181,229,43,65,133,404,451,311,36,142,128,322,57,145,56,17,18,225,143,137,157,103,387,30,149,109,440,251,117,309]
uj2fHfOZ8_tR5kFGl9sV0Q,33.37797828683,-111.936617211676,7,[33.37797828683,-111.936617211676,33.37797828683,-111.936617211676],[181,11]
5l1phif1IV0u4-fQxWFRPg,33.460278,-111.9393805,13,[33.422728,-111.951494,33.497828,-111.927267],[352,48,11,88,38,39,89]
KRLIMP7lFipgu_ut58fNvQ,33.3496582,-111.8212381,5,[33.3496582,-111.8212381,33.3496582,-111.8212381],[26,11]
aLQou7vO1tvHWugfYizkvw,33.4354333,-111.87849465,14,[33.3785316,-111.9240563,33.492335,-111.832933],[97,11,25,6,7,313,38,99,39,40,46,48,128,43,296]
6WSlBHsc0TQU3wQvP57U8A,33.3051232,-111.9797877,2,[33.3051232,-111.9797877,33.3051232,-111.9797877],[96,72]
PEpCQMMJnp8YUpVJkg7d_Q,33.377523,-111.788968,1,[33.377523,-111.788968,33.377523,-111.788968],[26,11]
5xaGli-zJs8hZkX1_f-Quw,33.55,-111.93384929999999,14,[33.421385,-111.9746066,33.678615,-111.893092],[38,48,39,40,11,340,210,7,36,351,57,205]
hGYFN8cYEElWvMlvkSWZKQ,33.34109345,-111.9031815,8,[33.303233,-111.963831,33.3789539,-111.842532],[7,33,48,47,11,43,296,27,63,44]
Cll774UsQMVariyjTks_RQ,33.699074249999995,-111.980741697461,6,[33.6266195,-111.9956936,33.771529,-111.965789794922],[175,129,79,27,11,7,313]
mSPIqp2ezRlpHofWoYfLvQ,33.41972825,-111.9457647,23,[33.3022462,-112.0319425,33.5372103,-111.8595869],[49,66,52,84,147,445,46,6,33,48,11,198,197,134,23,344,135]
usySofE1LB-sJbfLtxUjVw,33.4537869019623,-111.927165985107,11,[33.4537869019623,-111.927165985107,33.4537869019623,-111.927165985107],[182,172,11]
OZ4vmruH-9a_60I2qANtqA,33.446375950000004,-112.04325525,200,[33.43475,-112.0800705,33.4580019,-112.00644],[99,48,11,64,61,13,6,65,7,9,10,28,17,18,29,449,97,88,38,39,89,63,27,24,168,265,224,170,112]
RqgooNmbwSeAoBSLKTi0XA,33.6243102,-111.9257316,1,[33.6243102,-111.9257316,33.6243102,-111.9257316],[7,292,99,48,11]
YW_4jSO1AikO-7jKEqXb8g,33.407608350000004,-111.89719505,200,[33.3898773,-111.942444,33.4253394,-111.8519461],[38,168,298,88,39,11,99,205,128,32,222,17,28,95,29]
LDjGfxmYvf-_lGRmOEhBjg,33.4573906,-111.96661370000001,5,[33.449025,-111.9718284,33.4657562,-111.961399],[71,72,219,218,41,11]
zIyFMiEiQU-hg80z0LPXcA,33.46145822057155,-112.34772005635051,5,[33.4611804411431,-112.359774112701,33.461736,-112.335666],[169,11,98,7]
3KWl_abSwJx1tJfuUH7_BA,33.4341094982183,-111.901867389679,2,[33.4341094982183,-111.901867389679,33.4341094982183,-111.901867389679],[24,11]
vGN1K0izhh1fzCSQAIJnWw,33.348162,-111.9819,4,[33.348162,-111.9819,33.348162,-111.9819],[26,11]
12gL0eYjIoZ4YSdaqGXVeA,33.58363065,-112.090334888607,56,[33.335064,-112.395467777214,33.8321973,-111.785202],[101,38,39,63,27,11,92,15,6,7,47,48,26,30,8,13,110,141,182,99,57,145,44,24,56,116,45,113,293,112,151,40,43,126,97,33,128,69,296]
_GdUtltTWiJz5SoGfPkXAQ,33.4920033,-111.9258022,21,[33.4920033,-111.9258022,33.4920033,-111.9258022],[126,97,11]
sc_Kcz2apQ1IJa9moO8qvA,33.50671025,-112.00216275,200,[33.4471735,-112.0800705,33.566247,-111.924255],[206,11,48,63,27,24,212,117,214,265,126,97,307,38,99,128,39,296,26,109,7,449,322,57]
BkkfesHOY1SxLyQqMeYG_Q,33.707740650000005,-111.93399195,12,[33.6729823,-111.977509,33.742499,-111.8904749],[27,11]
idaTYCTmYZG53s5QNrJtMw,33.65118635,-112.19198639999999,32,[33.5704697,-112.3039728,33.731903,-112.08],[1,384,57,69,11,63,27,49,82,59,7,8,6,21,26,30,13,182,48,140,119,185,84,346,363]
plNy9iRaTasckjl6Lb-zAA,33.4794321,-112.164770395485,18,[33.44238,-112.34971999097,33.5164842,-111.9798208],[7,108,12,61,13,6,114,112,254,119,11,38,143,39,205,48,40,15,191,109,63,168,181,229,49,80,82,59,27,103,212]
8QH2XKWPp0SqN8UqCHfkMw,33.617154786354504,-112.07768262252,2,[33.5822084,-112.23368174504,33.652101172709,-111.9216835],[7,142,119,11]
WAoSXEJXYl1GWxwUHzPcsQ,33.3184674,-111.9682552,1,[33.3184674,-111.9682552,33.3184674,-111.9682552],[109,38,265,39,11]
zJlzNkIngaIV_crtUKdykQ,33.4937243,-111.8806356,34,[33.3156591,-112.0824552,33.6717895,-111.678816],[205,17,18,39,104,105,65,26,11,10,48,24,382,224,251,71,72,169,88,38,40,7,47,27,33,119,99,140,246]
Ool8oYbxqt-DdbPG7KkK-w,33.450047,-112.075677,1,[33.450047,-112.075677,33.450047,-112.075677],[54,55,122,256]
mmUnSkqmYW4a9vF0ktTJ_Q,33.5690606322968,-111.890093032168,3,[33.5690606322968,-111.890093032168,33.5690606322968,-111.890093032168],[24,11]
k0lI5nmWgoHrGwt2MIuiIA,33.5338955,-112.26084080000001,174,[33.531725,-112.263551,33.536066,-112.2581306],[38,99,181,39,48,11,24,182,7,47,265]
nxVeHfG10kSXViGbQohTgg,33.4495944,-112.0732071,19,[33.4495944,-112.0732071,33.4495944,-112.0732071],[28,17,29]
dQTnJCu2dgeblsPeuUeEPw,33.554983701664696,-111.90552879479199,118,[33.5394005033294,-111.924451589584,33.5705669,-111.886606],[168,97,11,126]
ZMrUhJkmVFFotLHfEEmPMw,33.530234,-111.925621,155,[33.530234,-111.925621,33.530234,-111.925621],[28,17,29]
tCcigC4ik02P2b9XFjL9Pw,33.32778035,-111.92517895,57,[33.3058378,-111.9927062,33.3497229,-111.8576517],[41,239,11,126]
yd1SGdqLOKW3WjAUrV8P0g,33.4205551,-111.9936979,4,[33.331773,-112.0608177,33.5093372,-111.9265781],[7,139,423,212,63,97,11,126,84,147]
iq46mlqoLmNQzTR1z8oqUA,33.43736055,-111.90709955,114,[33.303908,-112.2618153,33.5708131,-111.5523838],[38,39,40,26,11,7,449,97,33,139,205,6,200,57,27,145,109,48,108,99,192,140,265,212,43,88,298,423,177,8,96,72,219,218,41,127,49,52,182,181,201,47,98,10,404,451,101,138,24,54,324,44]
OFLPW9qc4PmCdtdSJqxJeA,33.40347175,-112.02221765,3,[33.3488775,-112.067834,33.458066,-111.9766013],[127,11,7,10,9]
ueo_kh3MeyUOZpK1AcTNZQ,33.501345,-112.070873,10,[33.362444,-112.229329,33.640246,-111.912417],[26,11,119,63,27,15,6,191,98,7,108]
wG-tPUBXazYpib3uDlvpxA,33.5555237,-111.8987034,1,[33.5555237,-111.8987034,33.5555237,-111.8987034],[218,11]
gwhXhJjrlvee5Xc9j7tv6Q,33.486115,-111.938801,2,[33.486115,-111.938801,33.486115,-111.938801],[136,17]
8n--xRBQ9eLDi0vpQ5fGFQ,33.639034699999996,-111.94775465000001,178,[33.445899,-112.1113493,33.8321704,-111.78416],[224,11,48,352,177,140,7,142,108,149,126,182,465,168,265,39,139,225,79,121,119,120,6,155,54,156,27,57,327,33,99,63,162,38,322,145,32,302,110,1,141,56,284,35,43,97,201,202,72,21,413,307,309,285,69,17,62,212,229]
YZSBqHa9jGTD9LL6ayAP9Q,33.3051122,-111.99506,1,[33.3051122,-111.99506,33.3051122,-111.99506],[7,108,119,172,11]
zcnKew0AwA1C_N61L8NQ-w,33.3799152,-111.9183692,9,[33.2761079,-112.0476668,33.4837225,-111.7890716],[185,11,44,212,126,7,142,138,8,139,98,10,192]
_7NWTyNa1mNloaPBmrl-Xg,33.480772,-112.029647,3,[33.480772,-112.029647,33.480772,-112.029647],[6,45]
gh6RTHCVYYLYD1_ruc9mLQ,33.5205995,-111.9261685,34,[33.499006,-111.926703,33.542193,-111.925634],[39,212,126,293,11,265,97]
8Cg8RFDj8Ty2GYuzbYJtkA,33.640347560124,-111.969566345215,1,[33.640347560124,-111.969566345215,33.640347560124,-111.969566345215],[117,11]
u8-MDtVTh8ayiowUChvDbQ,33.4360415,-111.9956337,3,[33.4360415,-111.9956337,33.4360415,-111.9956337],[28,240,241]
hedOECpUoqK0wkodLk-rqg,33.568227300000004,-112.12089565,200,[33.4254444,-112.355266,33.7110102,-111.8865253],[57,228,327,30,13,6,11,63,46,49,18,51,17,168,43,28,170,368,373,182,41,400]
asDONZzs6AdiY2asqk8Awg,33.5104806,-112.07295865,2,[33.455863,-112.0737503,33.5650982,-112.072167],[11,63,109,38,210,39]
0UyQ0va4H4Tz8uVWGMKK_A,33.529018,-112.297783,4,[33.529018,-112.297783,33.529018,-112.297783],[1]
1pd5wH3vd0rik4K0als_fw,33.5059957,-111.9714515,9,[33.5019817,-112.0152845,33.5100097,-111.9276185],[11,63,99,48,64,65]
0dgQKmIR4Sw2BL6kk8igWw,33.3078616235036,-111.743452032448,1,[33.3078616235036,-111.743452032448,33.3078616235036,-111.743452032448],[185,11]
CKqEh7wAUOBw07LXYCQrfw,33.4937465,-112.12591325,9,[33.348162,-112.3318441,33.639331,-111.9199824],[26,11,33,117,44,212,7,98,10,9]
k9ozvvcPhWtPbzgHIXO4lQ,33.44086455,-112.0069836,2,[33.422948,-112.0722742,33.4587811,-111.941693],[26,172,11,7,139]
ivTXRXoSSPZx87YsZS0yjQ,33.4471735,-112.073781,12,[33.4471735,-112.073781,33.4471735,-112.073781],[48,11]
7i8MGa7zyWmaQli6o2-29g,33.377128,-111.96636,8,[33.377128,-111.96636,33.377128,-111.96636],[28,17,29]
Olt4n4RzhOGaQiPWMKff2A,33.465169,-112.271901,1,[33.465169,-112.271901,33.465169,-112.271901],[202,72]
Gaf4_cxaz2s94qOe7lBA6Q,33.47935215,-111.99755415,6,[33.4484279,-112.0731767,33.5102764,-111.9219316],[26,11,38,143,39,48,128,99]
coLuSBok8JAZvs9Uzh9gaA,33.6056472824975,-111.883396575065,4,[33.586656564995,-111.930343,33.624638,-111.83645015013],[27,11,168,48,229,6,45]
_uNkmoeAfBSBUlSawTEkpg,33.319212,-111.967861,1,[33.319212,-111.967861,33.319212,-111.967861],[127,11]
Ac_4U3LDCrNgf6Z9OP3kXA,33.4382472,-111.9117271,144,[33.302011,-112.07,33.5744834,-111.7534542],[10,44,24,11,141,345,6,48,120,12,13,7,142,292,99,108,26,63,27,251,98,126,97,119,181,229,109,38,39,28,240,241,170]
MHu-tTIobOG8_XhKQ1qv8A,33.49112,-112.079081,62,[33.49112,-112.079081,33.49112,-112.079081],[28,17,29]
5a1aiH93zMDh6xkcDI4ueQ,33.497265665954046,-112.05221925000001,78,[33.2815660319081,-112.2705607,33.7129653,-111.8338778],[309,11,46,6,12,13,26,98,7,182,99,112,173,250,84,124,125,49,368,38,48,39,126,33,119,168,298,88,24,8,322,57,27,63,110,4,145,258,28,17,29,146,152,109,210,246,139,423,108,15,191,19,20,23,142,172,40,137,18,251,43,36,92,14,440,97]
MwqjAbqi1u3r0QMwI2pTqA,33.751685,-111.991308,4,[33.751685,-111.991308,33.751685,-111.991308],[79,121]
bWEyO8NwlMDv9iHOYpv2ZA,33.4484279,-112.0731767,10,[33.4484279,-112.0731767,33.4484279,-112.0731767],[26,11]
pWhMf2F1xuejOSWCrqhUxA,33.4988622,-112.0830443,200,[33.4988622,-112.0830443,33.4988622,-112.0830443],[6,70]
viVb7WCTxl4jRpZZYCSASQ,33.5071469,-112.0744706,34,[33.5071469,-112.0744706,33.5071469,-112.0744706],[48,11]
jli9G-mRzOGuN18DpZGw1A,33.492472444079,-112.0549555,17,[33.4712477,-112.076718,33.513697188158,-112.033193],[113,6,200,35,76,12,114,13,307,27,172,11,49,193,59,48,65,168,181,229,58]
0A3qFIJ6DyTUZpuuG4UkFw,33.63116945,-111.937100799202,4,[33.6234319,-111.979435,33.638907,-111.894766598404],[177,140,11,57,69,48]
VWEMs0Wo98qFLl6t440PhQ,33.554207,-111.9254189,85,[33.542167,-111.9257768,33.566247,-111.925061],[48,11,38,128,39]
3TXQMn08xHS4UnP3WZbnMA,33.4079974,-111.8383673,105,[33.393642,-111.8533195,33.4223528,-111.8234151],[88,298,39,38,11,26]
hFuzAgr1qSC-bd699hUSpQ,33.2664407,-111.8210866,1,[33.2664407,-111.8210866,33.2664407,-111.8210866],[175,129,79]
dZavkc1IEyYxbniRArjbYw,33.57975775,-111.9673809,6,[33.5100398,-112.0146407,33.6494757,-111.9201211],[33,38,39,11,32,95,222,10]
R5rQP-pH0zYmjmC9sxQa5A,33.581154,-111.927268,2,[33.581154,-111.927268,33.581154,-111.927268],[6,21]
0cCnoMRmxffHLwTW5-orrw,33.568160649999996,-112.04784455000001,6,[33.51093,-112.0649892,33.6253913,-112.0306999],[73,72,71,7,8,192,11]
2jtueVvu4lQhLF5UvxqDLA,33.51451285,-111.91727495,3,[33.3929657,-111.9276185,33.63606,-111.9069314],[38,48,39,11,72,141,6,184,63]
o3CvAulYhNSM6ej9T_hlnA,33.488449,-112.076694,55,[33.488449,-112.076694,33.488449,-112.076694],[28,17,29]
setD46__GTWdjzDQ_Y8Png,33.4989588,-111.99238700000001,5,[33.4285179,-112.084468,33.5693997,-111.900306],[71,72,26,11,61,13,6]
PC9lQshuJGX6fivF8NmbwQ,33.7128045,-112.1374355,2,[33.7128045,-112.1374355,33.7128045,-112.1374355],[44,26,11]
WI4DyaHOz9SMhngG83QbNA,33.459813853793,-111.96205482548501,94,[33.220784807586,-112.3408385,33.6988429,-111.58327115097],[10,24,11,99,120,63,38,7,47,88,39,48,26,36,8,27,43,189,109,322,57,219,218,41,185,382,338,206,49,146,309,285,190,28,140,108,6,116,62,17,113,224,128,449,142,251,182,229,138,139,247,33,119,9,98]
TK4sjJIrfm4w8NrKAtBqCA,33.4527955,-112.0693177,2,[33.4527955,-112.0693177,33.4527955,-112.0693177],[99,48,11]
YpcqpphaWjOnnzQHuaonuQ,33.4922183,-111.9240563,3,[33.4922183,-111.9240563,33.4922183,-111.9240563],[38,48,11,128,39]
kMYpgYnCcQ0cVmIh0SYZcA,33.538154,-111.924569,1,[33.538154,-111.924569,33.538154,-111.924569],[49,322,57,146,52]
6b30VTsCd_djJQJgoGi_Dg,33.585056,-112.116136,35,[33.585056,-112.116136,33.585056,-112.116136],[28,17,29]
r6woroCw3-XTyvwY8mNu3Q,33.5160662,-112.029562,125,[33.5160662,-112.029562,33.5160662,-112.029562],[99,11]
5gFbx_MJznzFy9JRqTjwNQ,33.4726666697692,-111.986026786133,5,[33.4065733395384,-112.063942,33.53876,-111.908111572266],[63,48,140,11,27,7,108]
kRMZ5hV-3OVkxdSh6YNw0A,33.5012818,-112.01706569999999,8,[33.4950066,-112.040116,33.507557,-111.9940154],[7,108,72,154,33,117,11,48,27,137,8,139,177,140,162,119]
meHhMqLjwmffZQlh1vTeDw,33.51792195,-111.94193375,2,[33.5023189,-111.965872,33.533525,-111.9179955],[265,11,54,55,122]
a5dC5fh1ksdxgREhCMRUjw,33.415860949999995,-111.89697509999999,4,[33.409735,-111.9366872,33.4219869,-111.857263],[33,11,38,26,39]
r3dmBXh49sDkjiXjsswMdg,33.4920033,-111.9258022,200,[33.4920033,-111.9258022,33.4920033,-111.9258022],[126,97,11]
G4W0h8P4L4lbhg6usDTLWQ,33.54820635,-111.82260550000001,2,[33.493181,-111.9297091,33.6032317,-111.7155019],[38,48,39,40,11,7,379,210,108]
s7NrYz-UVyL4Z_po_mBQsg,33.579889699999995,-111.9413049,24,[33.4329724,-112.029503,33.726807,-111.8531068],[265,185,11,13,6,4,5,425,160,182,229,84,345,346,15,26,27,7,98,10,9,63,157,103,117,307,292,99,48,142,57,470,145,39,69,56,97]
CL19GqwtctrCR_wneTiUmw,33.481008450000004,-111.9875402,46,[33.4377465,-112.0474619,33.5242704,-111.9276185],[26,11,48,99]
gXQ3peDz-H8mFZO_U4ys3w,33.471337199999994,-111.99790175,30,[33.4329724,-112.0915007,33.509702,-111.9043028],[38,39,40,6,145,186,57,33,265,185,11,98,7,108,24,212,43,224,88,298,48,101,140,27,175,129,121,79,84,124,125,26]
HaVYq8QZygW1t5CsUzgcLw,33.59250515,-112.00407100000001,8,[33.5299053,-112.081705,33.655105,-111.926437],[265,11,483,126,97]
6ZXbTu3isjKoD42_iKOhqA,33.452782049999996,-111.8750599,142,[33.28024,-112.1516813,33.6253241,-111.5984385],[27,11,119,26,7,8,28,170,313,194,44,117,54,317,185,33,48,38,39,6,45,99,57,69,201,24,202,72,142,108,200,258,40,41,210,71,292,47,120,153,62,17,172,56,127,139,225,43,229,30,13,110,63,251,474]
3nloQugUWEHFp_LYBXTRWg,33.5579052701063,-111.927383997558,77,[33.4925020001075,-111.930648999449,33.6233085401051,-111.924118995667],[119,99,11,12,13,6,22]
dtqv0CVf_e8DhoX5xuHWKA,33.620562,-111.8963279,24,[33.620562,-111.8963279,33.620562,-111.8963279],[119,11]
xdl61MWMguYRSunH8CniQw,33.46767615,-111.98673389999999,114,[33.3702541,-112.0744706,33.5650982,-111.8989972],[119,99,11,26,7,108,24,38,47,88,39,48,212,126,293,128,296,6,145,186,57,109,63,311,265,185,313,27,69,40,382,71,72,96,73,206,224,210,440,260,49,82,59,352,341,155,54,140,33,292]
-RQjnGhgUODvPDdvf4pU0A,33.5242704,-112.0474619,1,[33.5242704,-112.0474619,33.5242704,-112.0474619],[48,11]
L0GXS7R-VqgdsobxqfMN4w,33.43620045,-111.88761160000001,2,[33.393607,-111.9259092,33.4787939,-111.849314],[373,251,153,11]
nQQ8uu4eYPvVPoMk6tj1xg,33.49888025,-112.01717725,5,[33.4886986,-112.0388616,33.5090619,-111.9954929],[6,284,35,49,80,82,59,108,7,182,139,137,11]
Oq3jMOJPcKcxde2cAqjxiw,33.4021739,-111.9273442,16,[33.316873,-112.0830342,33.4874748,-111.7716542],[33,11,177,140,57,470,145,39,26,24,7,49,108,193,59,27,127,120,43,327,185,117,119]
4oBaBSP4_0KpyuDBOvvwQg,33.439505600000004,-112.02736680000001,2,[33.4202675,-112.0775732,33.4587437,-111.9771604],[28,17,29,7,108]
1f8_7NDng8w5CV7bshe63A,33.3807875,-111.9305485,7,[33.320451,-111.967678,33.441124,-111.893419],[26,11,168,169,71,72,154]
XL_WMpRkD7_L_zYjm5JBFA,33.5105809,-112.01462635,3,[33.5100398,-112.0146407,33.511122,-112.014612],[7,292,11,33,8]
zqE9tUZ_oX9IF3FGLwMN7w,33.422948,-111.941693,3,[33.422948,-111.941693,33.422948,-111.941693],[7,139]
4jwOqR8K-gqzw4zwmV1ZTA,33.4042156,-111.845439,14,[33.3060217,-111.996104,33.5024095,-111.694774],[26,11,99,201,371,54,242,238,27,7,9]
HPaRFN4CiMUDbRs-nef9EA,33.5102068,-112.0272041,1,[33.5102068,-112.0272041,33.5102068,-112.0272041],[48,11]
0O8zLqElJsR9yOmvcMsInA,33.47254595,-112.01327864999999,10,[33.2664769,-112.0986063,33.678615,-111.927951],[26,11,108,7,119,38,109,39,36,169,142,292,352,48,99,430,98]
eJSohFKrMPXVHjOLEcK4_g,33.49775405,-111.9740545,5,[33.492914,-112.028293,33.5025941,-111.919816],[38,99,39,40,48,11,212,126,293,64,65,265,71,72]
_Gwz2yLErh8pRCdluzr2rA,33.44506875,-111.8916887,2,[33.3061252,-111.9223917,33.5840123,-111.8609857],[106,279,54,131,182,48,140,11]
z2NEo6Vix_gMG1-YGe8zdA,33.567258,-112.103575,1,[33.567258,-112.103575,33.567258,-112.103575],[33,74,296,11]
xYjBN_EA5L1Qgz8w-5RjTQ,33.436398993415,-111.9525314,12,[33.37797828683,-111.9798208,33.4948197,-111.925242],[26,11,181,119,224,88,38,99,39,27]
JPcT87YfFrQFcXK5-uu9ow,33.58348,-111.883526,3,[33.58348,-111.883526,33.58348,-111.883526],[43,11]
I84eZw1UfbivyxaqxP1NQg,33.6116901,-112.1648254,2,[33.6116901,-112.1648254,33.6116901,-112.1648254],[251,11]
-Oz4_yM-0ZRAa1NmIIacGA,33.5092102,-112.01134719999999,5,[33.5087485,-112.0273984,33.5096719,-111.995296],[11,63,265]
G0uzDwMomayqmLRVpuDeXg,33.4471735,-112.073781,105,[33.4471735,-112.073781,33.4471735,-112.073781],[48,11]
xZAE3orn28bWJQ7tixzXEg,33.417937,-111.995963,2,[33.417937,-111.995963,33.417937,-111.995963],[404,99,11]
CLai8hy4dSN5T8CF2rcV7g,33.3783137,-111.9068713,3,[33.3783137,-111.9068713,33.3783137,-111.9068713],[11]
hw-9I3-vVeiGHQAOo0jWFA,33.3922164828515,-111.95691817087,7,[33.306499,-112.07352364174,33.477933965703,-111.8403127],[224,11,219,218,41]
1ilmuWkVxYIb4rUjfxQ-Uw,33.4948197,-111.9798208,1,[33.4948197,-111.9798208,33.4948197,-111.9798208],[119,11]
9sm5UUXqZ8JC91RhjkvCuQ,33.321061644794,-111.723918914795,10,[33.321061644794,-111.723918914795,33.321061644794,-111.723918914795],[99,11]
xwUvyZ_nwfnVv4P7N3eDiQ,33.4230427679125,-111.82640777712999,30,[33.307983735825,-111.9085143,33.5381018,-111.74430125426],[126,11,97]
z_PDV72cAbvAef7WKw2F5w,33.70256765,-111.87210275000001,164,[33.6729823,-111.8904749,33.732153,-111.8537306],[168,265,11,28,17,29]
fb1Tl0QC_rKXMqLIVA82Kw,33.546,-111.96828,3,[33.546,-111.96828,33.546,-111.96828],[265,11]
qeVLQCePbacAwFL9mBaRbQ,33.57802495,-111.9927689,22,[33.4292429,-112.132431,33.726807,-111.8531068],[48,11,41,26,7,449,97,224,168,120,43,251,33,38,39,138,139,219,218,119,265,185]
jmtM7XmQgZg479ezmG6wsQ,33.5830485,-111.8885166,57,[33.5830485,-111.8885166,33.5830485,-111.8885166],[48,11]
TJfVo0Jo7h4LVfDtyBVHYw,33.4108625,-111.9701785,35,[33.4108625,-111.9701785,33.4108625,-111.9701785],[28,17,29]
Qd9jYl-mFe43PxjfKgvJZA,33.381646,-111.728112,1,[33.381646,-111.728112,33.381646,-111.728112],[84,336]
7KM2wSq3o0JqFTrRHgU1Yg,33.4749781,-111.96633030000001,9,[33.3659439,-112.0739142,33.5840123,-111.8587464],[182,48,140,11,149,26,168,181,229]
chI2p-ROg2tXI2-tT2_G2A,33.4913765,-111.90425115,200,[33.304138,-112.0822583,33.678615,-111.726244],[224,11,71,72,96,184,98,7,297,161,65,6,110,201,154,142,35,279,54,27,57,56,17,18,189,10,24,434,103,104,132,105,108,373,182,41,8,119,84,419,33,44,292,232,133,30,13,99,48,212,43,206,38,47,88,39,26,247,9,138,139,127,109,204,28,29,126,97,69,236,149,63,34,441,49,304,305,46,264,86,246,62,368,307,36,400,365,162]
M-PmxMXV9W1bGsGtBy9d_A,33.4952867,-112.3556173,3,[33.4952867,-112.3556173,33.4952867,-112.3556173],[49,28,178,17,29]
DewT-wT_wZmCSadGS4ACZg,33.5089901,-112.0438992,17,[33.5089901,-112.0438992,33.5089901,-112.0438992],[265,11]
Ppk7I14BePxvoOGCz3VTng,33.457526349999995,-111.9871918046415,14,[33.4148837,-112.0688255,33.500169,-111.905558109283],[39,38,99,128,11,333,7,142,292,192]
B4nh_ZgxPbMLehdHdhogQw,33.499504,-111.927891,5,[33.499504,-111.927891,33.499504,-111.927891],[48,24,11]
EqJ2-CfnnmGbcAKIou3exQ,33.4517161,-112.0764371,75,[33.4517161,-112.0764371,33.4517161,-112.0764371],[57,39,145]
EiGgJ0pLI12FfXO5nBH4SQ,33.5108208,-111.9862703,2,[33.5108208,-111.9862703,33.5108208,-111.9862703],[119,11]
4AV_oJv8nptAoDjQSg-LyQ,33.5331251,-112.2581306,1,[33.5331251,-112.2581306,33.5331251,-112.2581306],[38,265,39,11]
vt0y5E2LUFeG0_PZ1b3d_Q,33.5086007,-112.00269195,13,[33.492914,-112.0718179,33.5242874,-111.933566],[48,11,99,127,38,39,40,161,28,65,17,29]
XAYnVFLCV7i3iR4qs4eeQQ,33.39852968976275,-112.051352036133,66,[33.261388,-112.259674072266,33.5356713795255,-111.84303],[149,126,11,99,27,400,239,24,44]
xYzXnIvyadwjcttO0D71KA,33.476032450000005,-111.99974656104999,11,[33.4217299,-112.072327136993,33.530335,-111.927165985107],[24,11,119,465,57,39,145,182,172,7,108,26,88,38,89,210]
-AXYYxdz_oQb1gVc4WKevQ,33.47437135,-111.90087965000001,13,[33.334712,-111.9269693,33.6140307,-111.87479],[119,11,24]
Rbn8U4ZlX6V2mQ-OUSGoFQ,33.5278139,-111.92586335,175,[33.5277785,-111.9258643,33.5278493,-111.9258624],[26,11,61,13,6,331]
uWNeDUzf6OIxfPkViI_P5A,33.62161075,-112.0940206,7,[33.5754755,-112.122882,33.667746,-112.0651592],[119,11,44]
qCLYzhd0L_P1iSjZJN0ZLQ,33.5635969,-111.92799099999999,9,[33.50201,-111.9313599,33.6251838,-111.9246221],[168,265,11,38,128,39,63]
rp-L-GH4KxN-2DhqWXY1OA,33.56161795,-111.91401644999999,8,[33.477178,-111.9315649,33.6460579,-111.896468],[99,48,11,12,114,13,6,115,119,24,28,17,18,29]
Qb0GmaEND22xezyNjfKarA,33.5840123,-111.9223917,1,[33.5840123,-111.9223917,33.5840123,-111.9223917],[182,48,140,11]
9ZkLAO2qmTnaIiGX-LJcgw,33.449233,-112.065458,8,[33.449233,-112.065458,33.449233,-112.065458],[27,11]
WWxCMDn8rVHIrIFoKRcRDg,33.5743295,-112.05894040000001,173,[33.304331,-112.227394,33.844328,-111.8904868],[63,27,11,39,38,128,7,108,340,24,47,109,119,201,48,210,140,57,146,91,51,49,312,69,26,88,89,182,194,172,106,408,54,84,336,127,177,439,10,126,43,212,224,41,98,40,17,62,99,137,8,139,218,145,101,298,36,120,52,97,71,72,292,267,449]
PoVbnUsr-R-yclrxdHTWBA,33.438570999999996,-111.89487489999999,10,[33.388095,-111.9532638,33.489047,-111.836486],[63,27,11,49,312,146,17,152,26,368]
BPbFtDujTwxXz8pIs2NAcw,33.5083781,-111.9258659,10,[33.5083781,-111.9258659,33.5083781,-111.9258659],[161,28,65,17,29]
B9nFz5xhLuqU2jWQ8QciXw,33.44410565,-111.93926335,3,[33.305759,-111.993252,33.5824523,-111.8852747],[326,80,84,343,59,49,13,6,65,331,118,161]
pOJGHzbexL5aYCRNRbkStg,33.533342700000006,-112.10159765,2,[33.455863,-112.1310283,33.6108224,-112.072167],[88,298,39,38,11,63,27]
V26EmAMfwZc44k4ImrJpZw,33.508118,-112.027582,17,[33.508118,-112.027582,33.508118,-112.027582],[57,99,7,36,69,11]
fQP_YFFcPjjt8ROORr-sYA,33.5612122,-112.1012912,1,[33.5612122,-112.1012912,33.5612122,-112.1012912],[227,32,90]
kOJJErwCLutZeID8KEdhWw,33.4179886,-111.9151855,35,[33.4146742,-111.916969,33.421303,-111.913402],[251,11,373,97]
oe_QopcqJ8RJMrW-DJLodA,33.5449134632256,-111.89188,106,[33.413062,-112.07454,33.6767649264512,-111.70922],[49,193,59,28,388,241,294,106,54,202,72,27,11,26,6,77,35,320,321,38,99,128,39,119,166,88,298,7,33,44,142,21,352,48,63,149,126,373,24,71,98,465,57,145,224,84,147,155,156,306,333,182,140,80,82,232,400,194]
V6IrZrvfCY2P8JvH7FM-tA,33.447592549999996,-112.01805445,23,[33.3313401,-112.0759024,33.563845,-111.9602065],[7,36,99,11,63,27,119,54,55,122,256,109,38,48,39,84,147,339,26,6,88,128]
Qy5PsnOxYXyJZzwQGoUl9Q,33.306806,-111.88557,2,[33.306806,-111.88557,33.306806,-111.88557],[63,27,11]
zU-emRKpQhq0CfojpOVi2A,33.503727600000005,-112.0346346,30,[33.4951366,-112.0739142,33.5123186,-111.995355],[168,181,229,11,119,99,48,84,147,13,6,115,372,419]
adLxnUr9auynjgl5ZEaObA,33.6556844,-111.9300279,1,[33.6556844,-111.9300279,33.6556844,-111.9300279],[99,11]
AMCcBE3xx9ssP1N_b7x-Og,33.39995915,-111.94833775000001,13,[33.3771903,-111.9520135,33.422728,-111.944662],[71,72,88,38,39,89,11,43]
UDBHTE-ynXC1bdmxtErvZQ,33.503024,-112.047179,2,[33.503024,-112.047179,33.503024,-112.047179],[219,218,41,11]
JkO5lXKzc7M0MJcojgvy4g,33.5268218,-111.98457665000001,13,[33.3786447,-112.083886,33.6749989,-111.8852673],[182,48,140,11,101,38,57,39,145,309,285,7,108,24,404,451,126,212,361]
fQNTO5wDlvCuq3aB7tdKAQ,33.406846,-111.907542,1,[33.406846,-111.907542,33.406846,-111.907542],[218,41,11]
6nMptzdvDBSWDg1vKJhXjA,33.5097112,-112.0962274,3,[33.5097112,-112.0962274,33.5097112,-112.0962274],[251,11]
BbCu_tSM7ts3MDR6ceoPBw,33.5604473,-111.92627275,5,[33.5057371,-111.9264331,33.6151575,-111.9261124],[57,56,48,62,17,69,11]
Ah5ffYXDvK5gwzZSNTfXog,33.5383356,-111.9034104,24,[33.5383356,-111.9034104,33.5383356,-111.9034104],[49,230,11,80,59]
Iv-FntT4CkuK5uoPzAs5dA,33.6118363,-112.0134892,1,[33.6118363,-112.0134892,33.6118363,-112.0134892],[175,129,79]
s2-aLM6i3w_xXPbwUDzEQQ,33.507962,-112.028682,2,[33.507962,-112.028682,33.507962,-112.028682],[95,374,32,164]
AIvZS_tQ7y-ADNji1KM9Bg,33.4547115,-111.91893155,4,[33.4074413,-111.927951,33.5019817,-111.9099121],[352,48,11,224,99]
IUYeHYyYAcL6SKbeVI92AQ,33.66754635,-112.02685274999999,5,[33.5019817,-112.126087,33.833111,-111.9276185],[38,48,39,11,67,68,6,35,76]
G4uawzFUqJtkS-NwqsBnSw,33.5804112,-112.0155145,11,[33.4802114,-112.106961,33.680611,-111.924068],[0,1,6,100,25]
TOe9fC3knJqdrBs44jlCkg,33.620562,-111.8963279,49,[33.620562,-111.8963279,33.620562,-111.8963279],[119,11]
AtbfT_zweiLIxHxDKD3iiA,33.6247911,-111.9257312,4,[33.6247911,-111.9257312,33.6247911,-111.9257312],[11,63]
bjjSa7znGOebv2lDTjLG4Q,33.390792,-112.012504,1,[33.390792,-112.012504,33.390792,-112.012504],[119,11]
lP4H11q0O7u9qX_nWPijhA,33.802965,-111.923193,1,[33.802965,-111.923193,33.802965,-111.923193],[161,65]
YtR1Y2afeQ5xSm7keG3kdg,33.5097999,-112.0122745,1,[33.5097999,-112.0122745,33.5097999,-112.0122745],[48,11]
Zugasz5PpZn2ehavi3h-Yg,33.4579734,-111.93116280000001,7,[33.4219147,-111.940495,33.4940321,-111.9218306],[38,88,39,352,48,11,126,224]
SgND2BhBJU1VplsbHzlOJg,33.4645144,-112.0776896,24,[33.4629168,-112.082949,33.466112,-112.0724302],[157,103,212,11,224]
xz3b7W9gysjjXqrKSKe56g,33.255581464616654,-111.82522939944451,3,[33.2341019292333,-111.860579,33.277061,-111.789879798889],[177,140,11,43]
HJcBGEp28heJev3WDaeX4Q,33.5024987,-111.9258947,11,[33.5024987,-111.9258947,33.5024987,-111.9258947],[7,292]
p8AVpPXPB_REap9zapXWDg,33.369467708401004,-111.944317786445,15,[33.331773,-111.978279,33.407162416802,-111.91035657289],[404,451,11,126]
rM1rEIQ41yk6iOZvoQ2-KA,33.6619503,-112.10874179999999,10,[33.639913,-112.1191236,33.6839876,-112.09836],[63,27,11,10,99,48,65,133]
d_GZ5UI0hLwm-CuiO6BnRw,33.58348,-111.883526,5,[33.58348,-111.883526,33.58348,-111.883526],[7,142]
G5pFY20innkQRZ4wDNC67w,33.5929334,-112.02492875,5,[33.5832073,-112.0367284,33.6026595,-112.0131291],[26,11,108,7,119,38,109,39]
BbEhf0C14IQZ8iaPRk9Ogg,33.46924455,-111.88327475,45,[33.3550442,-111.9770187,33.5834449,-111.7895308],[177,140,11,185]
glMbWOMusW98QvrisR4Isg,33.4873101,-112.07866179999999,10,[33.4653362,-112.0827836,33.509284,-112.07454],[14,15,6,38,39,40]
KVhNMLcw1YibZpa6GkYZtA,33.625972,-112.134316,7,[33.625972,-112.134316,33.625972,-112.134316],[120,11]
yC2Bq6ucnU_He1UypSHp4w,33.315878,-112.006263,1,[33.315878,-112.006263,33.315878,-112.006263],[6,21]
IrmsjAqxw7UgZfA9imDfEA,33.496878800000005,-111.9284856,200,[33.494247,-111.92975,33.4995106,-111.9272212],[109,38,11,39,440,48]
SmRHfQPdlr17CycyzVDpug,33.494238,-111.977849,34,[33.494238,-111.977849,33.494238,-111.977849],[38,99,88,39,128,11]
d5qel1PkP6Ww1aX2HYO4Uw,33.2587342,-111.8412137,2,[33.2587342,-111.8412137,33.2587342,-111.8412137],[251,43,11]
mQgRfp_lTYOPfFmfT_3KrQ,33.458327350000005,-111.90813535000001,41,[33.3344463,-112.0800705,33.5822084,-111.7362002],[119,120,11,27,72,297,54,63,24,99,185]
Ff0fpOJVPi7xVhSSFIRQuA,33.5444988,-112.0189761,59,[33.448675,-112.0210482,33.6403226,-112.016904],[7,47,99,185,11]
ZhnXBRziSyXZHG5B3GebcA,33.415393,-111.96710329999999,105,[33.3184674,-112.0736348,33.5123186,-111.8605718],[48,11,340,109,38,39,63,27,26,265,119,99,168,42,43]
eSyU5kSKI8D_O2MSzVpANQ,33.3886025,-111.928472,3,[33.349571,-111.956978,33.427634,-111.899966],[63,27,11,96,72]
ZPyfBRRtDIVvsFuiAr8pDg,33.1947957,-111.88505789999999,3,[32.880056,-112.0275918,33.5095354,-111.742524],[11,63,33]
iD5qachaOct1sQLKCJMVkA,33.409564950000004,-111.92504149999999,4,[33.3929696,-111.942512,33.4261603,-111.907571],[74,27,11,84,147]
NJzrrUc7LP1uhGHInBX78w,33.59847536376755,-111.92664935,12,[33.5219518275351,-111.9776027,33.6749989,-111.875696],[182,48,140,11,49,445,66,52,265,126,97,64,65,26]
aNtYQW1GoDXlLzEsEmoR3w,33.4091952,-111.9141814,1,[33.4091952,-111.9141814,33.4091952,-111.9141814],[32,95,222]
_4GKfTktcFobMsJwQ6YxHQ,33.62781125167375,-111.90282105,10,[33.579054,-111.9301931,33.6765685033475,-111.875449],[33,99,11,231,18,17,49,28,29,43,64,161,65,38,212,41,39]
et0EUHypAoRQQLxhgL47XA,33.34248015,-111.9127244,26,[33.2079773,-112.070677,33.476983,-111.7547718],[60,6,41,43,11,7,8,157,103,49,50,52,26,44,127,139,423,446,99]
tx9RdmxE3xsjB0W8ZfSmvw,33.843206,-112.134773,1,[33.843206,-112.134773,33.843206,-112.134773],[7,108]
dW7dXceuBcQ2UgNbEmAiZQ,33.5448856,-111.92718925,200,[33.5025941,-111.932695,33.5871771,-111.9216835],[119,11,182,99,28,17,29,46,6,26]
yyvwMoMifs1p1cp9B68XIQ,33.528966600000004,-111.94710230000001,200,[33.5024095,-111.9955012,33.5555237,-111.8987034],[7,8,119,11,161,28,65,17,29,218]
W4xr8XiHnCX5D6JLBzFk_w,33.3899722,-111.9889473,3,[33.3216034,-112.067833,33.458341,-111.9100616],[7,108,119,11,126,49,54,193,242,59]
VnxRS9DBWTU1KsvXT6Muzg,33.2360619,-111.716431,1,[33.2360619,-111.716431,33.2360619,-111.716431],[253,32]
VztwKKL9aOaTKlOl90QFsg,33.402191349999995,-111.93844615,3,[33.3782224,-111.94047,33.4261603,-111.9364223],[7,142,194,39,38,126,97,11]
zPQi5nlO-1cf_dvrde8YrA,33.4233153,-111.9402738,5,[33.4233153,-111.9402738,33.4233153,-111.9402738],[48,11]
qcpFHSqV1nvm3AQ0bI0WNA,33.4948142,-112.0536454,1,[33.4948142,-112.0536454,33.4948142,-112.0536454],[430,11]
z-JC1S58qaW8WNiOzUh_TA,33.466251650000004,-112.25191205,48,[33.305824,-112.5125131,33.6266793,-111.991311],[33,11,229,7,108,338,126,38,26,39,97,24,119,99,109,63,27,78,79,169,43]
cKG33X2zHPB6k5-Fr_0uMQ,33.5312705021351,-112.262135986326,7,[33.4508902,-112.358704,33.6116508042702,-112.165567972652],[97,11,251,212,7,139,149]
F5Gri8cauLK3uOaZtQV2VQ,33.4918375,-112.0858812,60,[33.304775,-112.3114297,33.6789,-111.8603327],[7,142,126,97,11,36,8,117,214,139,225,98,12,114,13,6,33,10,338,382,206,173,420,112,26,57,39,145,108,43,224,27,99,182,48,140,251,47,4,160,24,63,292,250]
IO3aHDHHFOqz3QXo7V4gYg,33.5389709,-112.132693,2,[33.5389709,-112.132693,33.5389709,-112.132693],[33,99,120,11]
NJr3BrZmavIuzKxE5W-aoQ,33.479630400000005,-112.06036449999999,86,[33.3358289,-112.261226,33.6234319,-111.859503],[265,48,11,38,39,7,98,10,9,119,120,177,140,99,181,101,26]
xunyzKBmLXp5aXXaObkgKw,33.423565100000005,-111.9246531,5,[33.3928607,-111.9398864,33.4542695,-111.9094198],[168,11,64,123,65,99]
9era1KWh_wb0PqTQTRvOdw,33.332975,-111.7383773,1,[33.332975,-111.7383773,33.332975,-111.7383773],[54,317]
iYL9XLemUbpP9RPtoviSwg,33.524926276293954,-111.8777906410155,7,[33.4259376525879,-111.940246582031,33.6239149,-111.8153347],[48,11,26,39,38,128,185]
O7xufJ-uO93XJR-IL_Wsqw,33.422357899999994,-111.9137538,5,[33.4220858,-111.940813,33.42263,-111.8866946],[38,145,57,39,48,128,11,27]
vcywddFwcXuE-cIlQfouiA,33.56620359501525,-112.199140261711,4,[33.4645681900305,-112.272752523422,33.667839,-112.125528],[26,11,65,133,177,500,140,192,99]
sePKjDHy1yzmyRTJcoYPRA,33.683345,-112.084629,1,[33.683345,-112.084629,33.683345,-112.084629],[492,17]
_dN47iPElN0QqRc1pmntvA,33.52459915,-112.02279849174599,58,[33.4222653,-112.125614583492,33.626933,-111.9199824],[7,98,10,9,11,212,26]
9-Tfpqie1g91eP2jtkEGvQ,33.5107748,-112.0740384,1,[33.5107748,-112.0740384,33.5107748,-112.0740384],[106,65,220,104,54,294]
BMqRI_L96WM6ZQoYnmHVag,33.5020654,-111.9242599,10,[33.5020654,-111.9242599,33.5020654,-111.9242599],[28,17,29]
dpffKNFbBkNmRf0zIbiANg,33.472051,-111.80292005,5,[33.304861,-111.927065,33.639241,-111.6787751],[7,138,8,139,41,11,119,225,375,38,251,39,40]
s19lc2McSXoRV0Wp6rpaYQ,33.4033669363438,-111.973214149475,61,[33.4033669363438,-111.973214149475,33.4033669363438,-111.973214149475],[28,17,29]
PLfqAAoKK3Ua-PE5RnfaHg,33.509101067006,-111.97783115,200,[33.377697734012,-112.0676437,33.6405044,-111.8880186],[26,11,99,28,17,29,33,41,400]
PdSwxBOHP2epzVIUUx-GcQ,33.5612589,-112.1156244,1,[33.5612589,-112.1156244,33.5612589,-112.1156244],[48,185,11]
2BzcoI6Kiq-2RQ9EUFR5Tw,33.563387399999996,-111.98281055,59,[33.3058378,-112.1760903,33.820937,-111.7895308],[43,11,26,119,48,201,177,140,218,212,265,126,97,7,108,98,24,63,247,109,38,39,54,317,117,185,99,8,138,139,192,323,169,309,285,449,27,127,224,128,463]
yWBwbPCOy8eBD1wWSH6s_A,33.53008495,-111.9562726,147,[33.4219869,-112.016904,33.638183,-111.8956412],[210,11,265,7,47,36,33,101,38,26,39,28,170,24,17,29,119,120,182,99,48,128,27,231,18,49,483,10,296]
A1v2M5LWbU_Gt4ZyznjBcA,33.4537869019623,-111.927165985107,39,[33.4537869019623,-111.927165985107,33.4537869019623,-111.927165985107],[182,172,11]
DWTJo2oswUfsKyoCzu_daA,33.39241665,-111.8780763,6,[33.289903,-111.9828806,33.4949303,-111.773272],[104,161,65,11,63,49,58,59]
XJz9o_cj7Sz6CK9E_QHd-A,33.487023449999995,-111.847564,73,[33.4518284,-111.9595033,33.5222185,-111.7356247],[48,11]
ghucXeAVEgBeTs0KKdg83Q,33.5128303132256,-111.87922130000001,8,[33.3488957,-112.073085,33.6767649264512,-111.6853576],[49,193,59,212,126,97,11,168,6,65]
8tpYMDOMVM0pwgKpU3Os1w,33.5024095,-111.9955012,14,[33.5024095,-111.9955012,33.5024095,-111.9955012],[27,11]
R39X-ki4AwlmqkHDRkjSKw,33.5025941,-111.9296765,189,[33.5025941,-111.9296765,33.5025941,-111.9296765],[24,11]
SUgMPt7DlSrpSwmhC7e4LA,33.4182888,-112.00701090000001,18,[33.378951,-112.0474748,33.4576266,-111.966547],[168,99,11,26]
yHKOttTv1sSVKMsdGmQjpA,33.659880099999995,-112.0146706,16,[33.4548476,-112.1388544,33.8649126,-111.8904868],[33,99,117,11,63,27,185,153,126,97,119,109,38,39,24,48]
oulDGUe2Y1wryjTJjvSfzQ,33.3999435,-112.0297841,3,[33.3999435,-112.0297841,33.3999435,-112.0297841],[185,11]
lucdMCLYZwtOiRNVrDHK7A,33.5022061,-111.99917694999999,10,[33.4951366,-112.0718179,33.5092756,-111.926536],[48,11,475]
EAkTaFtGzbwnzKYkNFfU9A,33.4360415,-111.9956337,158,[33.4360415,-111.9956337,33.4360415,-111.9956337],[28,240,241]
5m8pcUn4r3Yy3XTPphJbaQ,33.415194,-111.919995,3,[33.415194,-111.919995,33.415194,-111.919995],[218,219,11]
6cy3H5ihKjr20c7ujYGpgg,33.306675999999996,-111.90083265000001,14,[33.2762581,-111.9684653,33.3370939,-111.8332],[181,11,224,7,108,162,26,251]
uDJxN7T-n4kknxwNnGjoJQ,33.610249499999995,-112.22393935,13,[33.5514953,-112.2690891,33.6690037,-112.1787896],[64,104,133,65,132,105,37,32]
f2yrVy2iVooO1_pMCr9XNg,33.43475,-112.00644,27,[33.43475,-112.00644,33.43475,-112.00644],[28,170]
qncZNhgDzPFirStPfFANEw,33.474605,-112.065107,3,[33.474605,-112.065107,33.474605,-112.065107],[48,11]
EgRyG5F9TVAjH745FTJ9Mw,33.678615,-111.9746066,7,[33.678615,-111.9746066,33.678615,-111.9746066],[46,6]
Y5SnDVTWWFmEr_xEB2ND-A,33.78341745,-112.1257615,27,[33.6988429,-112.150211,33.867992,-112.101312],[43,11,83,6,224,26,7,138,139,140]
wfHbNnVDAHjNUGUF_SA20Q,33.4876277,-112.0313385,21,[33.4876277,-112.0313385,33.4876277,-112.0313385],[109,38,39,206,11]
rMJR_sQLOEfz3FFMzV8erg,33.65130245,-111.935826938828,9,[33.468898,-111.981189677656,33.8337069,-111.8904642],[71,72,11,63,7,98,10,9,168,265,307]
V0bAx6k4XWcYT8dr_0-JLg,33.61430616209025,-112.1249377750825,7,[33.5370761,-112.202396350165,33.6915362241805,-112.0474792],[44,212,11,49,52,7,162,63,27,12,114,13,6,115]
-JCoLGhZ4HQ-WDbS-BAr6g,33.548745,-111.9156915,4,[33.548745,-111.9156915,33.548745,-111.9156915],[48,11]
egIGcjpWsRwIiJavmR1HpA,33.4471735,-112.073781,4,[33.4471735,-112.073781,33.4471735,-112.073781],[28,17,29]
2YojLDIC6X4wZCMk9vCslg,33.69594095,-112.2544813,4,[33.68106,-112.2690576,33.7108219,-112.239905],[38,212,39,11,33,117,48]
qmCupRHmC9whGIi4p6FetA,33.312776822397,-111.7987779573975,200,[33.304492,-111.873637,33.321061644794,-111.723918914795],[212,26,43,11,99]
w8RrT6htSEGeont5eBSnnA,33.41786465,-111.91902945000001,11,[33.305824,-112.0048589,33.5299053,-111.8332],[382,11,208,6,35,7,108,338,265,483]
WrjGHlcW5McIRQXFSKALMA,33.517283750000004,-112.04669405000001,8,[33.4239428,-112.153574,33.6106247,-111.9398141],[57,327,49,469,146,38,273,39,97,11,99,128]
kA5_q04Ij5Gmu1fDRx0a9Q,33.683479,-111.966112,57,[33.683479,-111.966112,33.683479,-111.966112],[212,229,11]
fYwtCegqIzaxpRHMEi0pRA,33.471090849999996,-111.9818952,6,[33.4329724,-112.0594876,33.5092093,-111.9043028],[108,145,7,57,39,11,63,126,33,265,185]
EFNUC3k3j5IBD8QWlJhg7Q,33.381521,-111.703205,2,[33.381521,-111.703205,33.381521,-111.703205],[261,54,55]
49iB6yZC1jeL2MK4LZF88A,33.6235377,-111.925553,13,[33.6235377,-111.925553,33.6235377,-111.925553],[7,108]
sQs2h8iLS619VCZ_t7S5Pw,33.62377205,-111.91133485,3,[33.62342,-111.9307637,33.6241241,-111.891906],[168,265,11,24]
7cSjwQ4t54xv0pE6ki4wSA,33.570929,-112.08218425,10,[33.5019817,-112.23675,33.6398763,-111.9276185],[32,314,33,117,24,11,177,48,6,72,345,35,282,264]
51GS8ZHTLveNbJkh4GhPKw,33.2664769,-111.9918702,38,[33.2664769,-111.9918702,33.2664769,-111.9918702],[48,11]
N8espxAsXtnQwrV1N6bTEg,33.484933,-112.06971200000001,15,[33.458341,-112.083886,33.511525,-112.055538],[7,108,119,11,38,39,24]
kfGi9kjlOO3pxH5mi-jwng,33.304861,-111.927065,4,[33.304861,-111.927065,33.304861,-111.927065],[38,251,39,40,11]
X9jjKictmiNg74WI_O2U5A,33.4499,-112.0739,2,[33.4499,-112.0739,33.4499,-112.0739],[99,11]
Mo6Y-zgAQOF2xGOSJDNYTg,33.4329724,-111.9043028,8,[33.4329724,-111.9043028,33.4329724,-111.9043028],[33,265,185,11]
vQJBQQ5uDbxUDTRJPW6U0A,33.569402,-112.1204191,30,[33.569402,-112.1204191,33.569402,-112.1204191],[38,145,57,88,39,298,11]
MMAkNcRQu0mpFJwCy3Waww,33.4512379,-112.0822583,1,[33.4512379,-112.0822583,33.4512379,-112.0822583],[33,44,11]
aj56BDt9iwxkDYFMDoXVtw,33.58292825,-112.0731597967835,11,[33.5252672,-112.219969,33.6405893,-111.926350593567],[182,48,140,11,109,38,265,39,33,63,27,117,24]
OMbENmI4l76tAqwFfu2LIg,33.392538,-111.940663,19,[33.392538,-111.940663,33.392538,-111.940663],[140,177,192,11]
p35uGVskDnyTlngfcezfIQ,33.6239149,-111.9255304,12,[33.6239149,-111.9255304,33.6239149,-111.9255304],[48,11]
CcLdi2QH8YSiVGIyBwTa4A,33.453690949999995,-112.0726698,103,[33.4518099,-112.0733182,33.455572,-112.0720214],[38,181,39,40,11,28,17,29]
7iMaefrcsldZNRQ5-463pg,33.6241241,-111.9307637,1,[33.6241241,-111.9307637,33.6241241,-111.9307637],[168,265,11]
wn0TEWkpZMtQrt2l4TvFrA,33.56570985,-111.997704,8,[33.4950814,-112.0740123,33.6363383,-111.9213957],[7,108,212,43,11,109,38,39,63]
ZXfq9st9R-CDlBY8EMJ9vw,33.3782275,-111.9297442,5,[33.3782275,-111.9297442,33.3782275,-111.9297442],[33,11]
UO24bcICTQvRe-3FQwCStw,33.41805830405795,-111.77984235,21,[33.2125748081159,-111.9255447,33.6235418,-111.63414],[155,54,168,43,11,7,48,47,33,99,98,119,41,10,24,8,6,116,36,113,292,108,457,27,84,346]
zxIEQP7bnqGyQ9dZ18TUVQ,33.593798,-112.0303069,17,[33.5019817,-112.3445058,33.6856143,-111.716108],[26,39,11,41,7,119,63,99,48,373,182]
t9ugp4YBpUf2Mz8huOmZvg,33.307983735825,-111.74430125426,9,[33.307983735825,-111.74430125426,33.307983735825,-111.74430125426],[126,11]
SsCXMBOd9EhslUTGGBAzsg,33.6696493,-112.1868299,3,[33.6696493,-112.1868299,33.6696493,-112.1868299],[126,97,11]
HZPkhffLE79r8xj1JziueA,33.3864112,-111.8821524,2,[33.33985,-111.9043028,33.4329724,-111.860002],[373,196,43,11,212,361]
SC7xQZ_7l4dex8JNMHg8SA,33.512016200000005,-112.0085919,19,[33.3547012,-112.227394,33.6693312,-111.7897898],[7,36,8,57,27,39,145,11,119,99,186,13,6,49,108,193,59,71,72,15,25,26,48,10,44,24]
GpDsB_pSKS8nKOlXQXpifA,33.494845,-112.014561,28,[33.42135,-112.104316,33.56834,-111.924806],[224,11,28,17,29,244,172]
jroLy-D_jwdxbVRBrqVNbw,33.4950947,-111.9292934,5,[33.4950947,-111.9292934,33.4950947,-111.9292934],[168,48,11]
LPR76sy7FURQmZPeJ-8Eng,33.3796211,-111.8094272,103,[33.3796211,-111.8094272,33.3796211,-111.8094272],[10,182,11]
EtU0Z_TY19e46c6ZfyWskA,33.44448475,-111.96658719999999,3,[33.394432,-112.0575964,33.4945375,-111.875578],[112,6,254,251,11]
DcrWA2rQMkUILsPM2A-G2A,33.468848,-111.910516,2,[33.468848,-111.910516,33.468848,-111.910516],[175,129,79]
n8d36yfgt21YEIMoV4TzrA,33.55468,-111.8992685,1,[33.55468,-111.8992685,33.55468,-111.8992685],[176,1]
dX97S2_OQKBj6XVqgSLvaQ,33.378926,-111.964813,13,[33.378926,-111.964813,33.378926,-111.964813],[99,11]
uI0CmFL_ETr17GAk9eKAiw,33.4925020001075,-111.924118995667,1,[33.4925020001075,-111.924118995667,33.4925020001075,-111.924118995667],[119,99,11]
pY-PxkXCfo6ZTxiLszi3sg,33.6254188,-111.9403265,45,[33.6254188,-111.9403265,33.6254188,-111.9403265],[27,11]
D3tY-r9xFJgTQzsc7lL7wg,33.390792,-112.012504,8,[33.390792,-112.012504,33.390792,-112.012504],[99,246,7,119,139,24,17,423,11]
jB_tZ641WMpp1Hve7Jblaw,33.49676475,-112.0372911,4,[33.49112,-112.079081,33.5024095,-111.9955012],[26,11,7,8,119]
gTy1oDv8PZXNl24IGJz30g,33.5095,-112.063826,1,[33.5095,-112.063826,33.5095,-112.063826],[7,36,182,24,11]
hBK47nyzuqPezvlvd_rvfA,33.480276,-112.2208861,1,[33.480276,-112.2208861,33.480276,-112.2208861],[99,11]
oLSJ0jWgdr1vOos4t0MtYQ,33.5847015,-111.9257372,138,[33.5847015,-111.9257372,33.5847015,-111.9257372],[38,39]
FwgTzLx96sH7TLlzUK77HQ,33.5007971,-111.9528645,9,[33.492381,-111.9798631,33.5092132,-111.9258659],[6,284,35,265,48,11,161,28,65,17,29]
cc-NjTz637u7EtFd83dn_w,33.529071744297994,-111.963756670225,22,[33.4710214,-112.091191,33.587122088596,-111.83632234045],[168,181,229,11,99,7,292,26,38,101,33,39,128,265,185,27,63,10,137,6,139,223,43,48,177,285,140]
R60n3rYao3fnTY7kZbJsQg,33.6262751,-112.0198194,1,[33.6262751,-112.0198194,33.6262751,-112.0198194],[84,336]
wJy9bOZgaOA-C8VXDj7HqQ,33.5643063,-112.0650912,25,[33.5643063,-112.0650912,33.5643063,-112.0650912],[43,11]
BVNhxriMNi6edgNwi6HMaQ,33.47962135,-112.04462670000001,150,[33.449233,-112.0739689,33.5100097,-112.0152845],[27,11,48,63,24]
fX8p-QgefXCYrzlw93A3sA,33.2851939715441,-111.796875,2,[33.2851939715441,-111.796875,33.2851939715441,-111.796875],[6,112,152,17,111,246,113]
RjuOt0IqvI_IvxfMfEEugw,33.321864,-111.726244,5,[33.321864,-111.726244,33.321864,-111.726244],[7,24,108,119,11]
_freuda6ZERPF5rqQ2rdGA,33.442883949999995,-111.98681024999999,11,[33.4329724,-112.0693177,33.4527955,-111.9043028],[26,127,11,126,97]
K8Pi0j1HqhMIKkRcLf0YbQ,33.4354553,-112.0739136,47,[33.4354553,-112.0739136,33.4354553,-112.0739136],[309,285,11]
IA-cJHXFFzzB0x4nieISVA,33.4833741786892,-112.00486380000001,11,[33.4566960573784,-112.0825064,33.5100523,-111.9272212],[109,38,11,39,440,49,80,82,59,33,99,119,206,6,145,186,57,61,13]
9P0dgVveGa7bEmTo5QK7ew,33.495466,-112.003105,2,[33.495466,-112.003105,33.495466,-112.003105],[38,11,128,293,39]
Nh9Nh26tHHwmFigMOO-CUw,33.637457,-112.328481,71,[33.637457,-112.328481,33.637457,-112.328481],[28,17,29]
IC1mxgLNreMzy_nMWK8l-Q,33.5093092,-112.0738391,1,[33.5093092,-112.0738391,33.5093092,-112.0738391],[119,11]
dnL3d3Tw1XEomGc5PPDLaw,33.3929981,-111.9089506,1,[33.3929981,-111.9089506,33.3929981,-111.9089506],[13,6]
8RePAkOxO4a8S1CiKYW1ZA,33.449233,-112.065458,195,[33.449233,-112.065458,33.449233,-112.065458],[27,11]
hNlHSw7g_ujCaVO3zBOr4g,33.484898,-111.89912355,75,[33.3203241,-111.9396896,33.6494719,-111.8585575],[7,9,119,10,11,49,66,177,140,47,48,182,24,63,27,309,285,26,99,127,101,38,39]
0YCFvi4PHZ9dztJbJX9Zlg,33.6721220785127,-111.905096769333,1,[33.6721220785127,-111.905096769333,33.6721220785127,-111.905096769333],[48,11]
OL_zGrYW7ytPTbLy_aNXZg,33.5388471,-111.9641728,1,[33.5388471,-111.9641728,33.5388471,-111.9641728],[7,47,48,11]
QhT7Zb-cIkSmeRryDTDljQ,33.44436725,-112.01599015,3,[33.3933063,-112.123762,33.4954282,-111.9082183],[288,32,27,11,54,55,122]
uCIdDkseUCJxAurX3mdHcQ,33.51713095,-112.2309842,12,[33.4537199,-112.340385,33.580542,-112.1215834],[224,11,7,138,48,139,38,99,33,39,128,43,44,26,142]
BQnbT04ArA2Yig0gm2aQtg,33.5874955,-111.8390112,11,[33.5874955,-111.8390112,33.5874955,-111.8390112],[11,63]
WwrQbFbXcZArn7nVk1_3sg,33.5083781,-111.9258659,18,[33.5083781,-111.9258659,33.5083781,-111.9258659],[161,28,65,17,29]
NY4XzxWxtPNNOdvPuViTnw,33.508533016607,-112.029066725112,2,[33.508533016607,-112.029066725112,33.508533016607,-112.029066725112],[210,11]
SOEAFeplUK9NWk9_qc3Ifw,33.5389576,-112.1835909,22,[33.5389576,-112.1835909,33.5389576,-112.1835909],[12,13,6,22]
f-UBrVcO0jW_O7CxEIIB9A,33.4655863,-111.9279622,57,[33.4655863,-111.9279622,33.4655863,-111.9279622],[7,24,47,27,11]
mKAjaoumV6-MZFUTP0Eznw,33.42219095,-111.9489241,22,[33.298212,-112.0562325,33.5461699,-111.8416157],[10,11,24,63,26,177,48,13,6,115,43,83,7,138,8,139,140,49,322,57,146,52,185,112]
uHWooNfJ1Cf-zKJOA1lAYA,33.5783766,-111.98494705,6,[33.4548476,-112.0800705,33.7019056,-111.8898236],[371,54,195,238,65,11,63,126,97,43,27,24]
5kOe5OZQJzzpL7T7Cc3IEQ,33.544680544298004,-111.884429570225,2,[33.502239,-111.9325368,33.587122088596,-111.83632234045],[119,11,223]
SKLkGoYmKA7zM61gtIcQQA,33.4373518,-111.7181797,2,[33.4373518,-111.7181797,33.4373518,-111.7181797],[11,63]
thXMhR59LJzTRWNyte9LoA,33.546,-111.96828,40,[33.546,-111.96828,33.546,-111.96828],[26,127,11]
iwvu4bL6A7v0Zotqb56-nA,33.53767705,-111.89062805,5,[33.502049,-111.9182798,33.5733051,-111.8629763],[6,21,38,11,99,128,39]
zotoulIORKEm9pW1Arh5Cg,33.4803943,-112.0491027,3,[33.4803943,-112.0491027,33.4803943,-112.0491027],[26,11]
6ELTSafVzJBjIt_kmOCwtQ,33.455863,-112.072167,1,[33.455863,-112.072167,33.455863,-112.072167],[201,11]
QiI73966zZ0H6-ojFdbcOw,33.49341185,-111.9183074,4,[33.4862787,-111.9264093,33.500545,-111.9102055],[38,11,109,39,27,63,33,48]
OQU6bIRmZU2odIT_OU_0Lg,33.5414224,-111.92910905,9,[33.50201,-111.9313599,33.5808348,-111.9268582],[33,48,307,11,265]
uBp2Jmip2qXQ0iWHUDY9sQ,33.51179855,-112.0137807,200,[33.383949,-112.1858453,33.6396481,-111.8417161],[63,27,11,38,101,33,39,128,114,13,6,61,57,56,17,18,129,121,79,99,208,35,15,191,12,48,296,7,4,168,248,249,157,103,117,115,160,69,265,36,8,119,212,25,123,65,311,88,309,285,224,98,10,9,49,368,26,175,434,372,185,44,24,30,110,327,80,82,59,84,147,142,108,28,29,139,45,148,204,292,100,425]
xh4mDvb0H9HjDqU60881sA,33.4330350801733,-111.905558109283,10,[33.4330350801733,-111.905558109283,33.4330350801733,-111.905558109283],[99,11]
v0ykfcI0jTvl4G9znhjjEA,33.4726901926666,-111.868286132812,1,[33.4726901926666,-111.868286132812,33.4726901926666,-111.868286132812],[328,32]
IiobUNsh2csAE97x4gr5Ww,33.5532665,-112.03507965,3,[33.509172,-112.088808,33.597361,-111.9813513],[63,27,11,224]
ZP_v4g4iq8QlMy7IWdilrg,33.49390485,-111.91004620000001,9,[33.4866437,-111.9146044,33.501166,-111.905488],[32,95,222]
i7qUFnEVmNbyCMZ81FO5Bg,33.44455995,-112.016959,22,[33.305675,-112.136914,33.5834449,-111.897004],[7,292,27,11,63,24,169,210,65,133,127]
SrnWEPg-J1tmlUIUC0rupw,33.4354553,-112.0739136,5,[33.4354553,-112.0739136,33.4354553,-112.0739136],[309,285,11]
mU5GwCA4uiD0-RH1qt3jrQ,33.62516325,-111.91829895000001,200,[33.4527955,-112.1206825,33.797531,-111.7159154],[11,7,142,338,24,99,6,204,65,28,17,29,26,127,112,8,45,30,13,116,36,113,15,191,322,57,4,39,48,12,114,109,38,440]
pUhzaeZmNU6KvcdvyDy2dw,33.43324,-111.90868535,39,[33.271662,-112.073781,33.594818,-111.7435897],[119,11,27,109,38,39,63,48,128,26,33,210,99,98,7,24,36,88,89]
ANs4YACIYYoyAY6D7Xp4Pw,33.4222653,-111.9199824,200,[33.4222653,-111.9199824,33.4222653,-111.9199824],[7,98,10,9,11]
GSVSgA4OqKGZXQC1Si5q6A,33.46509575,-112.00393485000001,80,[33.4354553,-112.0739136,33.4947362,-111.9339561],[41,26,11,28,17,29,309,285]
lczynWhyTkScGKj1VWVh9A,33.51100865,-111.97041405,28,[33.492914,-112.0146407,33.5291033,-111.9261874],[27,11,33,38,39,48,63,99,40]
ybXsnXpTZMdWu8RS6Xtjpg,33.6419961,-112.2547234,1,[33.6419961,-112.2547234,33.6419961,-112.2547234],[72,297]
vbBYg7VIxB1HPYRmd23RAw,33.6765685033475,-111.924676895142,1,[33.6765685033475,-111.924676895142,33.6765685033475,-111.924676895142],[33,99,11]
G7tPiFpXLM4InIAfhX_EZg,33.47490365,-112.00095055,3,[33.4548476,-112.0800705,33.4949597,-111.9218306],[63,27,24,11,140,119,26,185]
TbsCVcDJdimt-Xrm6SBnPw,33.58620995,-112.1529454,9,[33.5019817,-112.3782723,33.6704382,-111.9276185],[11,27,63,7,108,99,48]
0XWWs9S6XyJNwbLnefFzYA,33.392586,-111.907155,3,[33.392586,-111.907155,33.392586,-111.907155],[7,162]
-jTC2CzyExvwluqo0RfD5A,33.5061098786892,-111.9855152684965,149,[33.4566960573784,-112.072327136993,33.5555237,-111.8987034],[218,11,119]
038fcAUG3makrkLXRgw52g,33.4429414449655,-111.88246679108,58,[33.304371889931,-112.0800705,33.581511,-111.68486308216],[24,11,49,322,57,146,52,27,119,99,89,7,108,6,118,65,133,43,39,205,26,292,457,138,8,139,210,109,38,48,306,98,206,17,62,142,182,140,84,344,23,343,309,285,77,35,181,71,72,193,59,225,250,212,125,44,63,33]
9WXwCd76Ym-H2bJrXuqz9g,33.49382516643505,-111.9699832,16,[33.362444,-112.0313454,33.6252063328701,-111.908621],[7,108,98,24,11,26,38,48,39,27]
Ln8UwijXAEh31QtCZWHqCg,33.3047421,-111.88549515,3,[33.261657,-111.9102573,33.3478272,-111.860733],[54,55,122,224,182,11]
mlgOThh6KO7KIr7v-_M3aQ,33.3703540936082,-111.7829486003905,2,[33.362719,-111.8761389,33.3779891872164,-111.689758300781],[89,11,224]
Y69Jd-eyOn2oaCuoljtP-g,33.4500865,-112.0662373,2,[33.4500865,-112.0662373,33.4500865,-112.0662373],[322,102,57,103]
Yyrz_xs02d_73qaGbKh9gg,33.4659061,-112.071211,1,[33.4659061,-112.071211,33.4659061,-112.071211],[32,90]
AY6IpA6N9891HMHdv_YGnw,33.305681,-111.897553,4,[33.305681,-111.897553,33.305681,-111.897553],[248,6]
d2I24En7caT9Vy_M_HD3xg,33.507713,-112.040047,4,[33.507713,-112.040047,33.507713,-112.040047],[33,99,11]
gO5qs-ilS2-NfIqa1P5_uA,33.48150115,-111.99978765,26,[33.4527955,-112.0741143,33.5102068,-111.925461],[38,181,39,40,11,26,127,101,128,6,45,65,7,148,204,108,48,126,97]
sKgx6nB7yOQ68U1cb2XyPA,33.4352894,-111.9248982,200,[33.4352894,-111.9248982,33.4352894,-111.9248982],[33,44,11]
m-ihM3-ePBvSDvpBpEfuTQ,33.3582072,-112.0641947,1,[33.3582072,-112.0641947,33.3582072,-112.0641947],[49,178]
3oL01--2sfZXzRwOJMkAXw,33.442930399999995,-112.03777915,2,[33.4086461,-112.0736348,33.4772147,-112.0019235],[26,11,265]
xopO03gWwnEe0JNkHBV8Kw,33.3324022,-112.01927325,66,[33.0241115,-112.2826375,33.6406929,-111.755909],[4,6,100,425,41,43,11,157,103,10,7,119,26,168,49,52,28,442,241,61,13,112,8,17,18,14,15,99,33,117,24,27,57,327,77,191,35,111,113,108,186,29,141,219,218]
4nJ5ryQTcQKs8mCrgt8-BQ,33.62313945,-111.9035087,17,[33.5443733,-111.9252984,33.7019056,-111.881719],[49,80,82,59,7,36,8,208,6,35,33,99,11,45,47,48,26,4]
UmhTTaw_4hHcHOHoIOnKgg,33.4900575,-111.9262552,2,[33.4900575,-111.9262552,33.4900575,-111.9262552],[311,88,38,39,11]
LMqKXdbwYdCqCCF64QbVkA,33.420422650000006,-111.9893867,82,[33.3310474,-112.0744706,33.5097979,-111.9043028],[38,7,47,88,39,48,11,265,109,27,8,33,117,99,128,119,12,61,13,6,114,30,45,44,84,21,359,224,127,296,465,57,145,212,9,108,24,219,218,41,192,400,63,182,140,91,49,66,333]
1ov7OsjWlpQarUD7wCoERw,33.495074,-111.9891177,1,[33.495074,-111.9891177,33.495074,-111.9891177],[210,11]
wjcwKo8aJvwi2q9_sem4ng,33.40759415,-111.9860085,7,[33.305759,-112.029503,33.5094293,-111.942514],[421,65,212,229,11,99,84,345,6,346]
F4tghG3IVBQOjg6ZdP88oQ,33.5792063,-111.8865936,2,[33.5792063,-111.8865936,33.5792063,-111.8865936],[7,162]
hbiPrqONErNPc6Nt4Vusrg,33.407162416802,-111.91035657289,7,[33.407162416802,-111.91035657289,33.407162416802,-111.91035657289],[404,451,11]
KA0pJu3OYiZyBmympmKrhw,33.49857985,-111.9981205,8,[33.3797657,-112.08407,33.617394,-111.912171],[38,33,39,11,128,27,185,24,26,32,90]
BbRyOgys9qlA0gNZS48Ktg,33.426207500000004,-111.86445015,2,[33.3428481,-112.042103,33.5095669,-111.6867973],[7,247,96,72]
MaEXUj6CajFhO0o90odYgA,33.304775,-111.947948,34,[33.304775,-111.947948,33.304775,-111.947948],[33,11]
llQD1qpMMW7tF1TCIARCqA,33.483247199999994,-111.85829240000001,4,[33.31081,-111.9445728,33.6556844,-111.772012],[7,139,108,142,375,27,11,99]
-Ad6HgR4EhurYmv6OcRATA,33.511132,-112.02476,34,[33.511132,-112.02476,33.511132,-112.02476],[28,17,29]
cAJpG8briCwhX3KA7mly8g,33.51002305,-111.99881189999999,49,[33.449233,-112.0739689,33.5708131,-111.9236549],[39,38,40,206,11,99,88,128,63,126,27,48,119,26,210,127,109,7,36,224,182,140,452,32,57,69,33,117,97,307,352,24,17,18,28,29]
JzcOAtuVYtP8Phih3v1CaA,33.4798805,-111.9882712,1,[33.4798805,-111.9882712,33.4798805,-111.9882712],[44,296,11]
xj0piB0Fhi20W4qIeQu2cQ,33.307263,-111.8742595,1,[33.307263,-111.8742595,33.307263,-111.8742595],[54,55,122]
76P7fe04Dle3MGFgkixpcA,33.574508,-111.90429,1,[33.574508,-111.90429,33.574508,-111.90429],[84,419]
5saa_BOghtL_vWCuNyJ0Qw,33.458462850000004,-111.9792885,9,[33.3926383,-112.0474855,33.5242874,-111.9110915],[119,99,11,27,39,38,128,0,1,7,108,127]
2iLwXXmWO_6oqkMeeUK2cw,33.5674705,-112.1528921,1,[33.5674705,-112.1528921,33.5674705,-112.1528921],[149,43,11]
DG18kprgqwSf-IT1YmeYjA,33.52320665,-112.05397885,6,[33.5093372,-112.0608177,33.5370761,-112.04714],[212,63,97,11,7,108,27]
qmq7okZnnCcLCdCTygbJsQ,33.6710502,-111.9403254,2,[33.6710502,-111.9403254,33.6710502,-111.9403254],[337,32]
TvtARzzT8bvPKLiLEeMIHw,33.4860953,-111.9565174558185,49,[33.3023282,-112.083579911637,33.6698624,-111.829455],[84,159,32,291,7,189,10,24,11,63,129,278,79,39,119,48,38,142,57,327,49,80,82,59,36,292,338,206,104,6,204,65,98,177,140,251,210,33,99,26,43,117,400,218]
rSKOHQi-NByjMIsul9WDLQ,33.49768695,-111.92307595,2,[33.495263,-111.928554,33.5001109,-111.9175979],[12,30,13,6,114,26,11]
LUpAB2SyOhYOuErp7wUmCw,33.5731291,-111.91269855,54,[33.4194512,-112.1161771,33.726807,-111.70922],[44,11,26,109,38,39,63,48,126,97,177,140,265,17,18,43,129,78,278,79,33,185,27,175,65,133,206,7,47,88,98,108]
Q-Cj_5F6HiUYvXOuj6UJnA,33.41457,-111.8586573,2,[33.41457,-111.8586573,33.41457,-111.8586573],[7,8]
3j5WRJCNC0YCkP0dTUWcwA,33.317498,-111.9572725,7,[33.315619,-111.966307,33.319377,-111.948238],[212,229,11,84,291]
cIJIEA-OUzLRrQnTfRCSBw,33.5840123,-111.9223917,15,[33.5840123,-111.9223917,33.5840123,-111.9223917],[182,48,140,11]
96dcaxSkhvnqrOmi3A6OGw,33.509713000000005,-112.0605727,14,[33.489085,-112.0740504,33.530341,-112.047095],[11,63,127,27,24]
lkJwL7ryg92FMIVJ7y634A,33.43475,-112.00644,108,[33.43475,-112.00644,33.43475,-112.00644],[28,170]
l4tE7OdtY0QDEQGpjIVEOw,33.3528692,-111.9358065,6,[33.3057949,-112.0297841,33.3999435,-111.8418289],[185,11,7,162,108,99,168,42,43]
o3Gt1TWOjeyvMjaedoIqIA,33.6267322,-111.8912034,1,[33.6267322,-111.8912034,33.6267322,-111.8912034],[224,11]
ToH8C2v2lHi2lYzH5LTmJQ,33.5095354,-112.0275918,3,[33.5095354,-112.0275918,33.5095354,-112.0275918],[33,11]
BiBLB_OmpfWTF4Ri-Tds4w,33.649878,-111.888031,11,[33.649878,-111.888031,33.649878,-111.888031],[65,133]
vU1bHO3IjqLnf3_9Igeluw,33.432656550000004,-111.88416665,108,[33.362719,-112.0841165,33.5025941,-111.6842168],[88,38,128,39,119,11,26,429,32,99,126,89,40,283,7,47,48,352,27,33,117,205]
QYhOtW9pVZ0U7qe3W8un3w,33.4179850115322,-111.90267836869049,4,[33.3339883230644,-111.9276185,33.5019817,-111.877738237381],[174,54,99,48,11]
h5334mCtj0tr1KPCw6gvQg,33.5160662,-112.029562,103,[33.5160662,-112.029562,33.5160662,-112.029562],[161,28,65,17,29]
PgeOH93BUBiAFHnb-L39hg,33.4413263,-112.0287479,24,[33.4321397,-112.0420074,33.4505129,-112.0154884],[28,271,17,29]
yabdJ3Iav4XaZCZsDa-p2A,33.637878,-112.208267,1,[33.637878,-112.208267,33.637878,-112.208267],[95,32,164]
dPv_AgLjm1F3ihInWzx__g,33.43475,-112.00644,126,[33.43475,-112.00644,33.43475,-112.00644],[28,170]
-uYfeJs1HNUBRDEBYdv7zQ,33.58002985,-112.0627433,36,[33.4765807,-112.203707,33.683479,-111.9217796],[109,38,11,39,63,26,279,54,127,224,119,99,168,181,229,212,7,108,17,62,311,210,48]
-wwNJ0zd82_q8Gh5XXqAEw,33.523335349999996,-111.988475586425,79,[33.2467202,-112.18716137285,33.7999505,-111.7897898],[99,11,63,7,194,201,88,38,128,39,307,212,43,33,119,296,98,26,195,65,108,48,126,224,205,57,69,24,142,120,145,36,298,127,140,40,17,18,97,47,292,10,9,27,400]
M0Q1fgg2juByq8eFmgs1Rw,33.4576538194986,-112.302675247192,24,[33.4576538194986,-112.302675247192,33.4576538194986,-112.302675247192],[28,17,29]
Gd7PDLIgnrR3Ty4RmZADZQ,33.488856,-112.22990415,139,[33.4644854,-112.2948244,33.5132266,-112.1649839],[119,11,28,17,29,57,327]
eUZI6rWAFh70lF2O_GDEyw,33.4878314,-112.0304322,4,[33.4878314,-112.0304322,33.4878314,-112.0304322],[6,21]
PaRHKXaU2VnfllyHMWpVJw,33.5131644727263,-111.90711958929751,4,[33.4820996,-111.9087669,33.5442293454526,-111.905472278595],[7,9,119,11,26]
-epzt8FxcDDulNfWflQzFA,33.42028765,-112.15495849999999,123,[33.3852846,-112.345359,33.4552907,-111.964558],[7,8,46,6,229,11,168,43]
f3n5DSj1-H9FEAO55E5U2A,33.6382038313039,-112.363443374634,5,[33.6382038313039,-112.363443374634,33.6382038313039,-112.363443374634],[251,212,11]
979kAjKG8ehec5-cUSjuvA,33.4065733395384,-111.908111572266,2,[33.4065733395384,-111.908111572266,33.4065733395384,-111.908111572266],[63,48,140,11]
Maz27CEailN4lptbLRGhXQ,33.53463295,-112.0107572,43,[33.4471735,-112.0999,33.6220924,-111.9216144],[48,11,26,251,54,238,27]
cB30-Og37dzCWFCFzI_ChQ,33.4506306,-112.02066239999999,104,[33.34697,-112.132431,33.5542912,-111.9088938],[177,140,11,14,15,6,224,33,119,99,24,322,57,49,52,26,7,108,251,98,10,9,138,139,36,270,88,38,39,89,25,168,298,63,27,43,48,470,145]
8gGcub59aOyCLVHywywiEQ,33.439648,-112.026154,4,[33.439648,-112.026154,33.439648,-112.026154],[38,99,26,39,11]
j9RfgsHE15SZF9qxQ7IFow,33.40470005,-111.90762325,5,[33.306806,-111.9296765,33.5025941,-111.88557],[26,39,11,97,7,108,177,140,192,71,72]
q5nFaw9isjD_01PpVAR7hg,33.4240174,-111.88739899999999,200,[33.2233728,-112.091191,33.624662,-111.683607],[168,181,229,11,26,265,63,126,33,119,24,377,177,7,142,149,27,251,43,185,224,48,446,212,97,244,99,218,139,225,17,62,311,223,6,100,182,140,162,84,419,192,361,219,41,38,101,39,128,64,65,117]
LrNCnhQreiIMnXBN8cuCHw,33.4652906,-111.97747775,14,[33.3926383,-112.0659413,33.5379429,-111.8890142],[7,108,27,11,33,44,57,69,126,38,39,47]
Ypq3AARTlrXrlozlv2oMdg,33.5062078,-112.0739142,1,[33.5062078,-112.0739142,33.5062078,-112.0739142],[168,181,229,11]
3uvenNn_QjmGNyU4f4T9uw,33.4647123445284,-111.96469912614299,156,[33.43475,-112.00644,33.4946746890568,-111.922958252286],[46,102,6,103,28,170,27,11,39,119,48,38]
p7GRVP16CkhYLCCEHVSsng,33.3732375,-111.88944649999999,25,[33.331773,-111.978279,33.414702,-111.800614],[99,11,126]
8qSr4B1NJL99rlylewUjOw,33.436640499999996,-112.1363089,4,[33.34697,-112.188017,33.526311,-112.0846008],[49,17,152,341,52]
-32KkJr2LxkiQj0hk0XtdQ,33.4039941084845,-111.92969489999999,11,[33.3547012,-112.0696,33.453287016969,-111.7897898],[7,108,48,11,38,145,57,205,101,39,214,239]
hdndaMyC7_G9qKA-pNvsiA,33.581896400000005,-111.9763706,10,[33.4920033,-112.0467405,33.6717895,-111.9060007],[33,38,48,39,11,119,99,7,292,126,97,27,206,104,6,204,65,109,24]
CDIJj-1Fr_6IXyDODLvmKQ,33.619137,-111.898964,2,[33.619137,-111.898964,33.619137,-111.898964],[54,55]
MR0N19L6C1MbUNuuJkxZeQ,33.478602058303494,-112.00439505,9,[33.4486711,-112.079081,33.508533016607,-111.9297091],[322,57,210,11,26,38,48,39,40,28,17,29]
_QBTD5TY7fwqoOan6BvSqg,33.3051095,-111.8108644,4,[33.2475,-111.87918,33.362719,-111.7425488],[7,48,47,11,119,89]
ZvqEGUM52onwEpqK07L7HA,33.4537869019623,-111.927165985107,12,[33.4537869019623,-111.927165985107,33.4537869019623,-111.927165985107],[182,172,11]
eHG5RhYVjnxzR_r6yekGbw,33.5095996,-112.0916152,1,[33.5095996,-112.0916152,33.5095996,-112.0916152],[38,293,39,40,128]
Pkf_1DmmuQ_UdSHmjEDrkA,33.498112000000006,-111.92703284999999,2,[33.4942423,-111.9276185,33.5019817,-111.9264472],[39,119,48,38,11,99]
6BiGhn25gBk_zxwTYuMTDQ,33.2183331740449,-111.564445495605,7,[33.2183331740449,-111.564445495605,33.2183331740449,-111.564445495605],[43,11]
DKOn1VqcMjvx9S297uwuOg,33.4702022,-112.0653186,25,[33.4702022,-112.0653186,33.4702022,-112.0653186],[182,172,11]
V5rGX3SHVpurScUuQzUd_A,33.495715150981155,-111.9178564925535,3,[33.4537869019623,-111.927165985107,33.5376434,-111.908547],[21,6,35,70,76,65,133,182,172,11]
S9CHr9eCzaYc_tJGWR_Pmw,33.5294368,-111.9275797,5,[33.5294368,-111.9275797,33.5294368,-111.9275797],[7,36,8]
T-SKJo372IHScyKTlgpJhA,33.565833,-112.0972256,18,[33.491645,-112.1672471,33.640021,-112.0272041],[48,11,210,38,140,39,40,7,33,142,120,63,79,121,202,72,57,18,91,17,341,49]
vX2Gts5dI11jW8Y08cUN2A,33.516595,-112.098838,1,[33.516595,-112.098838,33.516595,-112.098838],[106,54,107]
HQsxUh2gNKVJpm3qMBIkMg,33.4450776,-111.8817325,10,[33.31081,-111.991453,33.5793452,-111.772012],[11,63,212,185,38,26,39,7,139,108,142,375]
6Keo1j6tHRcowHfhGma00Q,33.5326503,-111.97502,9,[33.447521,-112.063434,33.6177796,-111.886606],[309,11,119,265,126,97,26]
iu2gD6ddwc3fjLvJptV1VA,33.3336237,-111.7569454,12,[33.3336237,-111.7569454,33.3336237,-111.7569454],[7,108]
S_K3Y1XCbko5SwKatISGXA,33.6151575,-111.9264331,3,[33.6151575,-111.9264331,33.6151575,-111.9264331],[123,65]
zQ8aQRdH7dr7p8HsY3T_-Q,33.81574,-111.78416,77,[33.81574,-111.78416,33.81574,-111.78416],[49,52,66]
EaeG8DtfvlgML9rL3qskdw,33.500545,-111.9264093,3,[33.500545,-111.9264093,33.500545,-111.9264093],[65,133]
_ojI4-V0QIdADPnnLFcMxw,33.3795165,-111.8934231,1,[33.3795165,-111.8934231,33.3795165,-111.8934231],[224,11]
EAJjMgKIjiaVb_2Q9ROeCQ,33.497601342926004,-111.99597705,89,[33.320203785852,-112.100731,33.6749989,-111.8912231],[99,127,11,126,97,307,48,7,108,26,17,18,137,6,139,57,69,38,40,39,109,36,63,27,224,49,66,52,88,89,265,206,33,449,352,212,174,54,195,65,309,285,133,298,8,84,345,346,24]
F3slVCSkCvytxat4Trw3jw,33.55305695,-111.98865169999999,12,[33.4659387,-112.0687564,33.6401752,-111.908547],[10,24,11,7,142,88,38,47,39,48,63,27,71,72,33,117,26,99,9]
U353jahAFu2z5CfqKFpHbg,33.415073,-111.726788,1,[33.415073,-111.726788,33.415073,-111.726788],[311,11]
ky5-rv7r3nnbnRuA_m3UZw,33.247140849999994,-111.89912545,200,[32.9103236,-112.0409502,33.5839581,-111.7573007],[28,17,29,39,38,99,128,11,33,117,48,7,47,88,26,114,13,6,265]
ChHuJqXw6xJu5pJpF3riKQ,33.4218047,-111.9533039,1,[33.4218047,-111.9533039,33.4218047,-111.9533039],[33,119,99,11]
DPMUGzrjTwX5uJtrmWCfTA,33.4214645,-111.9946688,85,[33.304775,-112.0734116,33.538154,-111.915926],[57,470,145,39,49,445,66,52,322,146,88,38,89,11,24,97,7,47,48,439,28,17,29,27,33]
8FWSN_FGVj2CkS5LhyA5pQ,33.450534338767696,-112.25590279678349,149,[33.370799,-112.585455,33.5302696775354,-111.926350593567],[109,38,265,39,11,26]
bMQ_OPAr_8S4tvex835GhA,33.626933,-112.100731,195,[33.626933,-112.100731,33.626933,-112.100731],[212,26,11]
gOyzDxS6lU2JeWGl6ChsUA,33.36630715,-111.8054864,5,[33.3496582,-111.8212381,33.3829561,-111.7897347],[296,11,26,109,38,39,63]
AJPUucBXwboTp1Xs-s27OA,33.571740500000004,-112.0217877,8,[33.443864,-112.1156244,33.699617,-111.927951],[39,38,48,128,11,352,28,17,29,185,27]
GfEBAU-isXEzzzRNiPQKqg,33.493947,-111.922301,30,[33.493947,-111.922301,33.493947,-111.922301],[28,17,29]
jlZz5ujuYi4ldow9rqQ7dA,33.5697576048764,-111.919709715069,92,[33.493947,-111.922301,33.6455682097528,-111.917118430138],[28,17,29,158]
mzJzvrwMEsjCnNdHMtaTug,33.5054706,-112.0370088,2,[33.5054706,-112.0370088,33.5054706,-112.0370088],[38,11,99,128,39]
spJUPXI7QaIctU0FO5c42w,33.46271126637155,-111.9591465,200,[33.4234408327431,-111.9953287,33.5019817,-111.9229643],[38,48,39,11,145,57,205,40,119,24,19,20,6,21,22,13,23,109,27,99,88,101,128]
ACATV_l5ZxtGWjXuxaRjzw,33.4075613,-111.9172951,1,[33.4075613,-111.9172951,33.4075613,-111.9172951],[57,38,39,145]
ePAnHK5Ygd4rHjbwfIDNiw,33.458434249999996,-111.9981952,6,[33.4366655,-112.056065,33.480203,-111.9403254],[26,11,48,285,185]
OXHp26cekre_S3UWeRB2Ow,33.4374885,-112.02740499999999,2,[33.425077,-112.0739,33.4499,-111.98091],[28,17,29,49,102,103,52]
90lIhRatefq0kwwKu0ceCw,33.3985826,-112.1689752,14,[33.3051122,-112.3428904,33.492053,-111.99506],[224,11,49,193,59,26]
G_vJR_NJPUeHg01jQ9FTPg,33.6459785,-111.9170571,3,[33.6459785,-111.9170571,33.6459785,-111.9170571],[33,265,11]
ptuVjQVlKd9mHIM_j8L_FQ,33.60078865,-112.23752805000001,2,[33.5612589,-112.3594317,33.6403184,-112.1156244],[48,185,11,177,140,63]
lirlMkghGgakblaDAAz-5Q,33.500805,-112.0740863,6,[33.500805,-112.0740863,33.500805,-112.0740863],[4,5,6]
