KogOS8SJYU3bF_Jn4z_iug,33.624662,-111.943525,6,[33.624662,-111.943525,33.624662,-111.943525],[11,63]
M-ItW_D6gdSm4CaMhi9gEA,33.2612195,-111.8848787,41,[33.2612195,-111.8848787,33.2612195,-111.8848787],[109,38,27,39,11]
AHiyoleu-QYliJ1pxczyrw,33.495343,-112.022973,1,[33.495343,-112.022973,33.495343,-112.022973],[43,11]
NB0XRk-gkRzFtV0BNgS7oA,33.3608487,-111.956606,33,[33.3022462,-112.015245,33.4194512,-111.897967],[38,7,47,88,39,48,11,162,142,44,8,99,78,79,33,119,121,382,177,140,6,77,35,76,15,191,98,24,292,201,63,27,41,43]
xZMxQPd6cqd3S1p3Rw4IYQ,33.549194299999996,-112.1783571,25,[33.458066,-112.335666,33.6403226,-112.0210482],[43,11,127,99,185,169]
7wPcbtQeZ0ZXdpe_oBYP6Q,33.407643,-111.950224,1,[33.407643,-111.950224,33.407643,-111.950224],[63,27,11]
9dNMy433SjAN9YNRzetjhA,33.550350699652,-111.9916919,14,[33.4329724,-112.079081,33.667728999304,-111.9043028],[26,11,27,322,57,39,145,7,46,6,38,99,40]
5IvQRsawIYMkpZomQql4YA,33.5512247,-112.248478,8,[33.4470314,-112.4249999,33.655418,-112.0719561],[24,11,96,72,103,137,7,8,138,139]
k71n8bELfnhMeC63xhUxzw,33.437199,-112.01629700000001,200,[33.43475,-112.026154,33.439648,-112.00644],[99,11,28,170]
ftA5q-OQotBkm8cyKvKtBA,33.5767027,-112.05683640000001,8,[33.499499,-112.1862708,33.6539064,-111.927402],[48,11,224]
NiKP2TA4n2ywN991Bte14Q,33.45409985,-112.00555805,200,[33.415037,-112.0800705,33.4931627,-111.9310456],[12,61,13,6,114,38,11,99,128,39,27,63,249,15,28,170,17,29,140,40,48,168,298,88,18,24]
rg5pRVVh-mtBjNqKB1N2Tg,33.506723550000004,-112.04156925,38,[33.317906,-112.1521315,33.6955411,-111.931007],[38,140,39,40,48,11,26,49,146,99,246,7,119,139,24,17,423,309,285,57,69,470,145,6,21,358,33,28,29,98,88,150,212,43,284,35,195,65,47]
9SMueCRWOWvchrPJtbXZbQ,33.2711537,-111.7898246,3,[33.2711537,-111.7898246,33.2711537,-111.7898246],[126,212,11]
BBcgEL1sOeGMI_JTDiQGUQ,33.539848649999996,-111.8143053193955,26,[33.2475,-111.9453694,33.8321973,-111.683241238791],[7,9,8,63,27,11,292,38,48,39,162,108,26,127,168,43,142]
ZJB13F7Htze2Pm9TsonlRw,33.5023656,-112.0183442,3,[33.5023656,-112.0183442,33.5023656,-112.0183442],[23,344]
qv6dzOwpaJAg9GwlsRJ2aQ,33.493010299999995,-112.0189769,2,[33.4471735,-112.073781,33.5388471,-111.9641728],[7,47,48,11,63]
kw2o6KOg9qr3ahSisfMsLQ,33.545217199999996,-111.94498300000001,196,[33.43475,-112.00644,33.6556844,-111.883526],[99,11,7,142,28,342]
CmadkYBaz3J8T_fUdnUr7Q,33.434736,-111.924312,1,[33.434736,-111.924312,33.434736,-111.924312],[28,17,29]
bFDc4GsQwkWGaZoTcTtvVg,33.494238,-111.977849,4,[33.494238,-111.977849,33.494238,-111.977849],[38,99,88,39,128,11]
z1mKuqGjQq24Fc4wGlXjXw,33.50083236376755,-111.99841946141501,12,[33.4797129,-112.07341192283,33.5219518275351,-111.923427],[26,11,65,133,48,49,445,66,52,63,119,99,210,27,98,7,24]
w_hcSjqLeSZQL9Rx1UP-Tw,33.4758317,-111.78028900000001,160,[33.25107,-112.114885,33.7005934,-111.445693],[49,158,178,28,38,26,39,40,11,48,96,72,169,6,345,84,346,141,23,127,246,17,99,63,7,9,201,47,27,185,202,142,71,73,13,414,112,139,190,4,44,24,265,128,296,88,298,98,52,333,326,119,352,208,35,10,108,33,54,324,15,191,311,66,8,45,224,162,32,130,75,322,57,146,114,61,349,218,41,323]
j_7Xiw7TtE-JJl9gKHYIMQ,33.49112,-112.079081,32,[33.49112,-112.079081,33.49112,-112.079081],[28,17,29]
XVa0c9vRTnL3z-uvd3idvA,33.4900575,-111.9262552,3,[33.4900575,-111.9262552,33.4900575,-111.9262552],[311,88,38,39,11]
Q1xcUBBVuwOB6Ebg7fgYDQ,33.5020036165904,-111.928035020828,3,[33.5020036165904,-111.928035020828,33.5020036165904,-111.928035020828],[168,99,11]
zWOrWebHhODmVVbSB7PAsA,33.3947465,-111.787757,4,[33.394393,-111.977873,33.3951,-111.597641],[7,142,26,11]
JjRym6Eql573yoUYzxI_Sw,33.5691525,-111.891581,6,[33.554825,-111.899636,33.58348,-111.883526],[98,7,11,24,63,119,201,43]
3xsTOFR8nleaPWGlpjGPfA,33.4872795,-112.07622309999999,3,[33.4571599,-112.0824683,33.5173991,-112.0699779],[38,48,39,11,126,97]
p-yeuvqFTzkPLwjOfB5EAQ,33.662248,-112.1883568,1,[33.662248,-112.1883568,33.662248,-112.1883568],[11,63]
WsA0NtJVRIqlmBXsYAhgWA,33.56966985,-111.97448220000001,23,[33.3060616,-112.0741143,33.8332781,-111.8748501],[7,108,48,11,292,99,182,218,38,39,88,89,109,63,27,307,140,40,119,43,313]
0OrrrWy71eni_pmX2l_-Cg,33.4678903,-111.6837698,3,[33.4678903,-111.6837698,33.4678903,-111.6837698],[33,99,117,11]
K2CyvRWsLa_azIhdvQpT8w,33.5708131,-112.0657374,157,[33.5708131,-112.0657374,33.5708131,-112.0657374],[26,11]
HfNSOBGT7payhKfl998BzQ,33.532858250000004,-111.9087058,45,[33.425617,-112.2797366,33.6400995,-111.537675],[26,11,7,142,292,57,69,38,40,39,48,449,97,251,6,200,49,80,59,167,65,132,105,98,99,128,307,27,172,210,74,24,224,168,181,229,212,10,108,119,44,305,126,109,63,43,149]
J9LoIE-PDlGKl2vw2uBuLA,33.50320035,-111.9197574,15,[33.4969773,-111.927951,33.5094234,-111.9115638],[101,38,26,39,11,65,133,352,48]
M24Y07AyCR8hdlC3qMBNDQ,33.4942595,-111.94436225,26,[33.4922985,-111.9641728,33.4962205,-111.9245517],[210,11,38,140,39,40,48]
eu4EDnp3n86L5LtZGrb2EA,33.522568899999996,-111.9585943,22,[33.4549678,-112.0823438,33.59017,-111.8348448],[109,38,11,39,63,57,145,44,27,223,48,33,119,99,7,142,108,212,168,26,127]
7ySKM3qJ6l7BAC7LXW3gIg,33.49112,-112.079081,1,[33.49112,-112.079081,33.49112,-112.079081],[26,11]
Og_fHEvQOzBHcWRX7g49cA,33.534086349999995,-111.91741585,199,[33.4809956,-111.9255397,33.5871771,-111.909292],[265,185,11,57,327,7,162,26]
SKeAmT5E9rCsDKmEnwt3ZA,33.321061644794,-111.723918914795,3,[33.321061644794,-111.723918914795,33.321061644794,-111.723918914795],[99,11]
OXJO5nITQkusiIywbo2MEw,33.5950968646478,-112.065436542034,2,[33.5950968646478,-112.065436542034,33.5950968646478,-112.065436542034],[28,17,29]
FEUO3jHgnOZa_LfIpMIrAQ,33.45852345,-112.0406407,96,[33.305824,-112.2400641,33.6112229,-111.8412173],[26,11,43,38,99,128,39,296,33,119,177,140,224,251,168,298,88,48,149,169,84,147,27,202,72,281,269,97,126,63,109,185]
9WBBdIZ1fPkda3HqG2maDQ,33.5466936,-111.99684875,3,[33.457863,-112.068359,33.6355242,-111.9253385],[38,48,39,11,149,126]
MyNlp_WxMocDhWAS16jHzg,33.77312895,-112.03153750000001,2,[33.7129798,-112.1117298,33.8332781,-111.9513452],[7,108,48,11,4,6]
kOyW4HTOFNX1NqIA-eyKyA,33.621151,-111.9341247,24,[33.499499,-112.0303627,33.742803,-111.8378867],[43,11,126,97,96,72,12,114,13,6,163,27,7,108,10,63,88,38,39,298,168,47,48,265]
aklTOtGeeBxTh8s9CRseRg,33.5102068,-112.0272041,18,[33.5102068,-112.0272041,33.5102068,-112.0272041],[99,11]
ax_YYNiA2wUGfw-CqMF5ZA,33.491546,-111.923427,12,[33.491546,-111.923427,33.491546,-111.923427],[26,11]
1SLgU2qwQgU5fQLcQwpIDQ,33.65231545,-111.97802245,20,[33.4724336,-112.0725189,33.8321973,-111.883526],[218,11,27,7,142,119,120,99,201,48,63,26,311,88,38,39]
4GzX45jdGa6i_3E1uEmIdA,33.54995425,-111.9696131,4,[33.4212935,-112.013359,33.678615,-111.9258672],[224,11,185,26]
iLprhFnubtdcCiL2LlLVLg,33.3926383,-111.9110915,1,[33.3926383,-111.9110915,33.3926383,-111.9110915],[7,108]
IoJYaZK-Ipmfx0JNmiF3KQ,33.5014656,-111.93963295,7,[33.4194512,-111.9957399,33.58348,-111.883526],[99,126,11,38,7,47,88,39,48,142,27]
g3gmPZUL2k1-5Vu0zCt28w,33.41559,-111.6666754,1,[33.41559,-111.6666754,33.41559,-111.6666754],[96,72,354,202]
KuSP1Mb3xq2Qbmk1n_-ZjA,33.470712649999996,-111.9601775,27,[33.3055793,-112.234319,33.635846,-111.686036],[49,469,57,327,51,38,99,128,39,296,11,33,119,24,109,440,69,48,7,63,148,117,88,169,44,285,292,185,43,273]
5zhwmcZxclSPkB7Hk5IPRQ,33.41218135,-111.82606935,2,[33.321864,-111.9258947,33.5024987,-111.726244],[7,292,24,108,119,11]
hlESMlY5ZZWP7c-wR-rrmg,33.5107772,-112.0131927,1,[33.5107772,-112.0131927,33.5107772,-112.0131927],[64,428,65]
0s9JSyGJP5Z37blnIJNBow,33.5238908,-111.8979041,2,[33.5238908,-111.8979041,33.5238908,-111.8979041],[26,11]
DpW5j_iiOEBY-BHLPtXWVg,33.4356207,-112.0095457,5,[33.4356207,-112.0095457,33.4356207,-112.0095457],[212,11]
eX_VkuPcnA4wICJy4edTIQ,33.354467,-111.698057,5,[33.354467,-111.698057,33.354467,-111.698057],[374,32,95,318]
3lvPbnmhG13baapGHvztGA,33.4830604,-112.0303979,2,[33.4830604,-112.0303979,33.4830604,-112.0303979],[84,339]
bcBF3RqgjZZPKs5Qr4XZoQ,32.8794202,-111.7523371,1,[32.8794202,-111.7523371,32.8794202,-111.7523371],[11,27,307,63]
5iN1WaPOoeneBIlxb4ZIQg,33.5091313,-112.0283059,1,[33.5091313,-112.0283059,33.5091313,-112.0283059],[38,265,39,11]
QYt2n7b-O8SeWhF9Gr0k-Q,33.3552552,-111.7898496,58,[33.3545993,-111.7898601,33.3559111,-111.7898391],[63,27,11,119,99]
_9ZMEO9zntJGeaLWnocN9A,33.405382200000005,-112.0064577,6,[33.386417,-112.073079,33.4243474,-111.9398364],[177,140,11,149,97]
FgDirdF5qYQ6dI8U-gh3kA,33.6377604649113,-112.222988944892,14,[33.6377604649113,-112.222988944892,33.6377604649113,-112.222988944892],[201,11]
DIxLmNSXNfJyxCveLOpUUQ,33.639913,-112.1191236,25,[33.639913,-112.1191236,33.639913,-112.1191236],[99,11]
sRrC8wHq0HwDg64JmYxFyQ,33.586656564995,-111.83645015013,6,[33.586656564995,-111.83645015013,33.586656564995,-111.83645015013],[27,11]
Kf1AduO9VQ_XdX6kFr9Uhg,33.5129699,-111.90809195,4,[33.502049,-111.9182798,33.5238908,-111.8979041],[38,11,99,128,39,26]
Uxnqej_rEAj-jUOXdk1Kxw,33.62335,-112.0692677,200,[33.4145027,-112.2948244,33.8321973,-111.843711],[99,11,57,327,38,7,47,39,48,128,182,140,26]
F9AdWUdCSnS1kYCD030xdg,33.56609,-112.1136395,8,[33.49112,-112.202121,33.64106,-112.025158],[28,17,29,71,72]
8cwxbFmRnOXUOnAhaMhTzw,33.37844,-111.876416,1,[33.37844,-111.876416,33.37844,-111.876416],[251,11]
fFFT99b1av5nhkxRfrZb2Q,33.47080555,-111.9975702,14,[33.3210491,-112.1345686,33.620562,-111.8605718],[126,11,26,119,48,168,42,43,33,89,7,142]
tAB7GJpUuaKF4W-3P0d95A,33.5102068,-112.0272041,2,[33.5102068,-112.0272041,33.5102068,-112.0272041],[48,11]
kUKH7Mbah6TVgV_9LEnH0g,33.4463257,-112.10040305,18,[33.3906697,-112.273257,33.5019817,-111.9275491],[117,214,11,33,27,63,24,99,48,7,108,119,43]
qt2NFSxxcexCDV-09Ctp8g,33.4874748,-112.0830342,5,[33.4874748,-112.0830342,33.4874748,-112.0830342],[26,11]
ppaqDfL9Y5Kgl12spSbRvg,33.3597676,-111.911325,10,[33.304861,-111.946871,33.4146742,-111.875779],[43,11,251,182,218,7,292]
09ZCt5inrt35zuJVtxBB5A,33.5019817,-111.9276185,2,[33.5019817,-111.9276185,33.5019817,-111.9276185],[177,48,11]
erzVZkeAaVu3DBJ5LPDMqw,33.43475,-112.00644,200,[33.43475,-112.00644,33.43475,-112.00644],[28,170]
Z2cTpWBq2M2wcCTCjw3TNQ,33.3939224,-111.9091205,2,[33.3939224,-111.9091205,33.3939224,-111.9091205],[7,108]
1C7pWaKAyRCMvDHomN8KwQ,33.4214126082706,-111.942980289459,2,[33.4214126082706,-111.942980289459,33.4214126082706,-111.942980289459],[7,108]
E5BvqKvqsgSiXj9JOvgJyg,33.5692843,-111.99522725,62,[33.4655863,-112.0999796,33.6729823,-111.8904749],[27,11,7,24,47,15,25,6]
-Q0yfgIXTRU2CSZNf4mcog,33.6318775,-111.9297145,136,[33.6174589,-111.9404813,33.6462961,-111.9189477],[7,108,24,11,26,9,10]
4ZwCQwZplLM0nyoNgMhp0Q,33.447551,-112.047375,1,[33.447551,-112.047375,33.447551,-112.047375],[210,11]
DEG-E8qzmZb9dKafebiEfQ,33.451196,-111.721692,2,[33.451196,-111.721692,33.451196,-111.721692],[72,287,281]
hOPTbOwBvnYKWwt44J3Gyw,33.3216034,-111.9626175,1,[33.3216034,-111.9626175,33.3216034,-111.9626175],[126,11]
Tk5VC-XCOYtrJU2snhxTDQ,33.868932218070654,-112.1438080072405,117,[33.8645537841385,-112.149875164032,33.8733106520028,-112.137740850449],[46,13,6,372,30,224,11]
AiyAX5bN5dawIiqPO3t_Gw,33.4222653,-111.9199824,2,[33.4222653,-111.9199824,33.4222653,-111.9199824],[7,98,10,9,11]
jXL7amHRTaxGMgbnT0xU8w,33.5469528,-111.98387625,23,[33.4949836,-112.035918,33.598922,-111.9318345],[7,247,49,80,82,59,57,69,65,133,109,38,11,39,63,26,313]
ASpM4vCNrZY2NDQqCkmDpw,33.420718949999994,-111.90147350000001,11,[33.303233,-111.960415,33.5382049,-111.842532],[109,38,48,39,11,7,365,41,126,97,89,33,47,119,24]
uMQ6DURepaaRiSWpAbUnqQ,33.8265258,-112.42258405,6,[33.6839876,-112.728991,33.969064,-112.1161771],[49,178,63,27,11,185]
9kGOMnmSAXZHyNeRKydmzA,33.480678,-112.020834,3,[33.480678,-112.020834,33.480678,-112.020834],[99,43,11]
7uhMeNZ5g--ubG61H8ZWMg,33.71591745,-112.1331362,34,[33.5612589,-112.150648,33.870576,-112.1156244],[7,8,48,185,11,64,104,105,65,133,224]
QM1CBJVZro4twuKwdA2qng,33.4362481,-112.00320765000001,43,[33.3776765,-112.0265945,33.4948197,-111.9798208],[119,11,28,17,29,48]
Gt9wIMme5Y5Uz6NehSX9Mw,33.4298632,-111.904323,6,[33.4298632,-111.904323,33.4298632,-111.904323],[104,161,195,65]
4QORbyhfN01oKR_GgBstfQ,33.624036015123,-111.928024291992,33,[33.624036015123,-111.928024291992,33.624036015123,-111.928024291992],[206,11]
alcQ3nNK277jNq4aneqYcw,33.55152004999999,-112.26990295,5,[33.5515097,-112.2707018,33.5515304,-112.2691041],[27,11,109,38,265,39]
3r3VdhqXnPVeTirRTDpfjw,33.394145,-111.814978,59,[33.369872,-111.84057,33.418418,-111.789386],[224,11,38,26,39]
3unUmylHLhFNBxG0QTWwPA,33.55913885,-112.00781245,25,[33.448587,-112.0997102,33.6696907,-111.9159147],[7,47,48,11,101,38,39,98,206,10,63,28,17,29,57,99,36,69,210,108,190]
-tvve3XNH9CHqQME_4N1yw,33.701112,-111.924054,2,[33.701112,-111.924054,33.701112,-111.924054],[126,97,11]
3ftoEYNRKiVub4NaNut5hg,33.5102068,-112.0272041,3,[33.5102068,-112.0272041,33.5102068,-112.0272041],[26,11]
e6-tJnjjiSOIN_ns0NbCXQ,33.4542695,-111.9094198,1,[33.4542695,-111.9094198,33.4542695,-111.9094198],[168,11]
lW5EvI7QuRbLI2noMNrrxg,33.53202245,-112.11536615,22,[33.467805,-112.2009493,33.5962399,-112.029783],[48,11,27,26]
zLsZZbEsR2VIRyNTZofTVA,33.4303016662598,-111.873779296875,3,[33.4303016662598,-111.873779296875,33.4303016662598,-111.873779296875],[112,6,254]
MVzVtuM2MvJfO7twd5u9bg,33.373465,-111.971852,9,[33.373465,-111.971852,33.373465,-111.971852],[158,28]
yrxtIJAkEVdon5grYxi-Rw,33.495981,-112.029012,1,[33.495981,-112.029012,33.495981,-112.029012],[104,133,65]
f4hozEiQMUuKm3sUjIFzUQ,33.421617342644,-111.9466751753,1,[33.421617342644,-111.9466751753,33.421617342644,-111.9466751753],[63,27,11]
ip_RHLlgvaFtqX-dURnQEQ,33.4300947,-111.96253189999999,9,[33.413158,-112.0719561,33.4470314,-111.8531077],[60,6,7,138,8,139,103]
v2x4jTgQu6v_dQrrAvjPKw,33.5830387,-111.9267428,1,[33.5830387,-111.9267428,33.5830387,-111.9267428],[177,140,11]
eXMhKtNtjDe4Yr1b13JW4A,33.4948226393649,-111.9032156908265,3,[33.408082,-111.916473,33.5815632787298,-111.889958381653],[15,6,191,84]
gqb4eokDTrxZGV-hKVtoSA,33.4177517,-111.89986625,5,[33.321864,-112.0734885,33.5136394,-111.726244],[38,48,39,11,7,142,108,292,251,24,119]
usHaK3jzQqIBTNJjv_ugVQ,33.447198192472,-112.072662411055,7,[33.444801984944,-112.0732071,33.4495944,-112.07211772211],[38,99,39,128,185,11,28,17,29]
BGxSbudgPPiW6f7JGhcolA,33.546180250000006,-111.91683355,12,[33.420571,-111.942444,33.6717895,-111.8912231],[7,108,24,11,49,80,82,59,88,38,39,298,194,168,224,212,169]
-WqrjyXrY1f3iYznhPS3xA,33.421361,-111.850105,3,[33.421361,-111.850105,33.421361,-111.850105],[26,11]
7apWfqS8QIV_dPV_Fht7ZA,33.5515531,-111.9239788,1,[33.5515531,-111.9239788,33.5515531,-111.9239788],[168,265,11]
-4OUnNTAdvgV4tHdsARcvw,33.47219095,-112.07608060000001,200,[33.4642695,-112.078017,33.4801124,-112.0741442],[7,108,11,63,119,24]
5NBfGAG_pMkj2SRN-rxKhg,33.4360415,-111.9956337,28,[33.4360415,-111.9956337,33.4360415,-111.9956337],[28,240,241]
9SfVx3GwUfvryUwEiCPuDw,33.55489575,-112.03277885,5,[33.4691316,-112.0475116,33.6406599,-112.0180461],[26,11,27,63]
uBQO1Oyb_besNWuf8dssgw,32.880056,-111.742524,2,[32.880056,-111.742524,32.880056,-111.742524],[11,63]
JoR7gZAEEkGMqiqNac4OZg,33.458871,-112.077177,6,[33.458871,-112.077177,33.458871,-112.077177],[11,206,63]
HaBx8WF-G2uzaWkuC6THGg,33.503323,-111.9284569,5,[33.503323,-111.9284569,33.503323,-111.9284569],[33,11]
ZA5F3YuOP61CeaNERwX9_g,33.38380525,-111.9000495,16,[33.306806,-111.964558,33.4608045,-111.835541],[10,44,24,11,177,140,192,26,7,139,8,138,218,15,25,6,168,89,57,470,145,39,99,91,141]
lnC9XVK5emmxiu85b6-jOA,33.56567315,-111.9549025,52,[33.4951403,-111.991453,33.636206,-111.918352],[26,11]
D_gmBn1lhwyP6-oVpvccdA,33.5818515,-112.1183771,1,[33.5818515,-112.1183771,33.5818515,-112.1183771],[44,285,296,11]
yoeoml76V4wyWPVZrLW-QA,33.35256355,-111.8158495,6,[33.3257151,-111.841939,33.379412,-111.78976],[71,72,96,32,95,222]
g0PMvr0On_OtyyfK-7oS_Q,33.727434200000005,-112.54976145,8,[33.4823893,-112.7586718,33.9724791,-112.3408511],[212,11]
L8xV8kzzM6afEJIuoCyxAQ,33.4548476,-112.0800705,1,[33.4548476,-112.0800705,33.4548476,-112.0800705],[63,27,24,11]
LuGNgzNcUOMKYPjBuiVKpw,33.3942633,-111.94694105,5,[33.319395,-112.0475116,33.4691316,-111.8463705],[377,323,11,26,182,48,140]
2SefCkQqarhYRBnld4TvzA,33.5095354,-112.0275918,79,[33.5095354,-112.0275918,33.5095354,-112.0275918],[33,11]
zp_wtGhsWcxb5txR7ERTTw,33.519588,-111.909524,1,[33.519588,-111.909524,33.519588,-111.909524],[117,11]
RTszCAmazeywpT4K402r2A,33.3211288533323,-111.885568243622,4,[33.3056789,-111.911648,33.3365788066646,-111.859488487244],[97,11,43,224]
UgzVB_RRQEg0kZ3IibRuHA,33.459008,-111.9322124193555,89,[33.423546,-111.940198838711,33.49447,-111.924226],[28,17,29,177,140,11,7,292,142,74,27,48,212]
Hyhmpb3UnbjtSEXvgviCow,33.5520004,-112.01081255,200,[33.4322113,-112.1156244,33.6717895,-111.9060007],[26,11,119,48,185,212,109,38,39,63,99,265,28,17,29,271,169,49,161,59,80,65]
Bij_KBk0yxaiJsdzzTa8tA,33.3637683,-111.9103938,6,[33.3637683,-111.9103938,33.3637683,-111.9103938],[33,11]
DarGoUuVoGyH32ffSj0g-g,33.612363,-112.184263,1,[33.612363,-112.184263,33.612363,-112.184263],[43,11]
HBiSiVQ8EHBRw6Vzk8HrHg,33.4247212,-111.9351556,1,[33.4247212,-111.9351556,33.4247212,-111.9351556],[149,229,11]
j8bhmzRukocEe2KgHfsuAA,33.4673423,-112.2209537,3,[33.4673423,-112.2209537,33.4673423,-112.2209537],[99,265,11]
hF_7YHHEL8YJp9QlqCuzzQ,33.611653,-111.864712,93,[33.611653,-111.864712,33.611653,-111.864712],[11,63]
NQ2mU-fUdhYOXYq81GRNWg,33.6385744,-112.1796613,3,[33.6385744,-112.1796613,33.6385744,-112.1796613],[265,11]
2bvj0I2HqdtWKELJWlp1pQ,33.2984392436082,-111.75708040039049,4,[33.2188893,-111.8244025,33.3779891872164,-111.689758300781],[224,11,43]
bcPjNSuN3PviAbNBUloAwg,33.44218725,-112.03488035000001,3,[33.4360415,-112.074127,33.448333,-111.9956337],[28,240,241,48,11,7,142]
Rs1gCs12gCjwbYoLtnic-w,33.43831065,-111.95674835,5,[33.3742118,-111.9955012,33.5024095,-111.9179955],[48,11,97,54,55,122,27,155]
yZI2MuH9hmJ9s2uHR8FbkA,33.407088,-111.911549,1,[33.407088,-111.911549,33.407088,-111.911549],[126,97,11]
omDaGOFsG1RfqLKcNV1Cug,33.423065199999996,-111.90798319999999,10,[33.413158,-111.9401874,33.4329724,-111.875779],[38,39,40,99,11,224,7,47,88,48,26,189,10,24]
lmYLk5MgqivrlkU0EVeF9Q,33.46393655,-112.00440259999999,8,[33.4183377,-112.0730782,33.5095354,-111.935727],[7,108,48,11,36,182,24,117,8,138,139,192,323,57,69,38,40,39,33,157,103]
EbnK9Tb1iE8Svz2z-QPxNw,33.3365788066646,-111.859488487244,2,[33.3365788066646,-111.859488487244,33.3365788066646,-111.859488487244],[97,11]
TPtIdxAcTZRU2z7aBmYpQw,33.599960436268205,-111.959148645401,7,[33.5442293454526,-112.012825012207,33.6556915270838,-111.905472278595],[7,9,119,11,64,65,6,45]
a29rtXd3YhwZQBnU8VzgCg,33.3060543,-111.87806,2,[33.3060543,-111.87806,33.3060543,-111.87806],[49,80,59]
B8HTR0tC1NFe4yAuUV3tGw,33.40004775,-111.85114165,55,[33.304492,-112.1173907,33.4956035,-111.5848926],[48,11,185,229,57,69,26,8,6,116,7,36,113,10,44,24,92,15,292,99,38,101,33,39,128,41,43,74,27,212,98,138,139,117,191,423,296]
UT5yPKoABjW0cqoEXJtAyw,33.444799,-112.066662,58,[33.444799,-112.066662,33.444799,-112.066662],[57,327]
21CS73CxK3cR_XGbDSXnJA,33.334824,-111.9487344,13,[33.334824,-111.9487344,33.334824,-111.9487344],[38,99,128,39,296,11]
KF0IuLno-SmTmFwFkfgPSQ,33.560709,-112.06771985,4,[33.5090619,-112.0995217,33.6123561,-112.035918],[44,43,11,49,80,82,59]
2KNPtV5E44vAiEr5BvMkUA,33.54765945,-111.88124245,122,[33.42032,-112.0823438,33.6749989,-111.6801411],[28,17,29,49,368,219,218,41,11,27,88,38,39,89,44,24,18,63,400,43,99,48,210,182,140,474,119,26,40,161,65,7,292,33,465,57,145,149,224,293,36,109,178,97,133,434,103,193,59,265,126,205,72,354,177,137,8,139,340,128,96,212,108,240,241,4,6,361,204]
y3bgG5uxFNcYAJnfUzUIAw,33.4950082,-112.0114032,2,[33.4950082,-112.0114032,33.4950082,-112.0114032],[182,172,43,11]
Sz1uwnT3pxuEECjEn449BQ,33.4635772,-111.89604695,200,[33.2811759,-112.0739142,33.6459785,-111.7181797],[7,108,119,11,9,28,17,29,38,48,39,49,368,33,265,99,27,400,168,181,229,142,88,311,63,26,161,65,312,57,504,91,313]
VxUqqs1r9fwaI_ga2-aulg,33.502095350000005,-111.99767775000001,4,[33.492517,-112.0653185,33.5116737,-111.930037],[210,11,38,7,57,18,109,209,17,39]
WDeI9WjrCNp7Iu_XzQJv_A,33.678615,-111.9746066,53,[33.678615,-111.9746066,33.678615,-111.9746066],[182,48,11]
Pria64aXszVuBuIO8w26ow,33.3394162,-111.7344334,21,[33.24586,-111.9043028,33.4329724,-111.564564],[351,57,39,205,6,284,35,33,265,185,11,99]
J6tbGy-l8aBlfwM6I20g4Q,33.5346015,-112.244023,4,[33.459584,-112.364198,33.609619,-112.123848],[141,6,105,65,7,142,49,80,82,59]
TCHjDUFtXR8s-UJyfdl1XA,33.482564044079,-112.052885861415,9,[33.4514309,-112.07341192283,33.513697188158,-112.0323598],[193,65,7,194,59,49,195,26,11,48,6,133]
xKJ6uLWjuNet9fV8BSNb9Q,33.50502835,-112.062505,4,[33.4571599,-112.0699779,33.5528968,-112.0550321],[38,6,145,186,57,39,48,11,84,166,339]
EOLRikjQxTIpXB4aV1hbPQ,33.444169138980854,-111.9026090772095,5,[33.379643,-111.927080154419,33.5086952779617,-111.878138],[26,11,99]
kytgoiKvRuw2ttq4oHeUqQ,33.36247415,-111.9019174,15,[33.3117903,-111.9626175,33.413158,-111.8412173],[251,11,63,149,126]
VdnMyU28-4J0illWTqXDbw,33.533525,-111.965872,20,[33.533525,-111.965872,33.533525,-111.965872],[265,11]
EsCGZqDq6Y-_W_kKf2zX5Q,33.42859995,-111.89364739999999,10,[33.3547012,-111.997764,33.5024987,-111.7895308],[7,292,33,11,27,63,185,139,113,6,423,108,48,109,38,39,119]
9cd6Op7GKhLDPxzJkrsWOQ,33.403689,-111.981986,1,[33.403689,-111.981986,33.403689,-111.981986],[7,292]
_bxCv9-IV7uLMF-fKYJEOg,33.490443850000005,-112.02645290000001,8,[33.486068,-112.073085,33.4948197,-111.9798208],[49,6,65,193,59,119,11]
tAXFtUp6Yub6qpYB110fnA,33.6235377,-111.925553,1,[33.6235377,-111.925553,33.6235377,-111.925553],[27,11]
VgT_DzPDHdTRwdTNSS3nxg,33.4840002,-111.926329,3,[33.4840002,-111.926329,33.4840002,-111.926329],[75,32]
AkVQf79mleWL-j9cK3g72w,33.52154960193495,-111.76625089847,11,[33.384478,-111.93255679694,33.6586212038699,-111.599945],[60,6,27,11,57,69,30,8,13,7,110,48,24]
GueCVIqvXa1daOQDLvNCMw,33.5100398,-112.0146407,86,[33.5100398,-112.0146407,33.5100398,-112.0146407],[33,38,39,11]
cBOWp4BzYcGlkRUqkDnZIw,33.4969773,-111.9275971,1,[33.4969773,-111.9275971,33.4969773,-111.9275971],[101,38,26,39,11]
TEnNRp80nCiBZZ5zm2qOGQ,33.511310800000004,-112.03421180000001,2,[33.5065554,-112.0388616,33.5160662,-112.029562],[99,11,108,7,182,139,137]
OMxzZWCeB10Ex7I_YvE4Dw,33.5754929,-112.0651591,2,[33.5754929,-112.0651591,33.5754929,-112.0651591],[11,63]
V_jAm6IC-nthgZiNn5OkIw,33.33740335,-111.88376894999999,16,[33.3197625,-111.9780071,33.3550442,-111.7895308],[185,11,126,97]
g5KKeR1V_5sejmom9S70fg,33.4287313,-111.9415049,112,[33.4287313,-111.9415049,33.4287313,-111.9415049],[28,342,240,241]
E4kqh7kl0Q352DhAMAv0og,33.233464772275,-111.687451601028,51,[33.233464772275,-111.687451601028,33.233464772275,-111.687451601028],[43,11]
OFoCU1XxOlkZkc6ijJ9ctA,33.421657,-111.944749,1,[33.421657,-111.944749,33.421657,-111.944749],[88,109,38,39]
cUE-JX54TF3tl4Q627TfFw,33.413158,-111.875779,2,[33.413158,-111.875779,33.413158,-111.875779],[224,11]
w6GIzGxomonifBqd5-AS3A,33.64986605,-111.89916615,2,[33.628699,-111.9067803,33.6710331,-111.891552],[7,142,96,72]
Ajrx5XuFoBqZk3HKAm76-w,33.49718195,-111.92440579999999,26,[33.4922985,-111.9245517,33.5020654,-111.9242599],[210,11,28,17,29]
OqeEFFbXGi6KGg9UeN6AQg,33.4155735,-112.06108645,200,[33.377343,-112.1706789,33.453804,-111.951494],[65,133,33,44,11,99,57,69,7,46,6,8,148,85,49,368,156,30,13,45,292,96,72,71,88,38,39,89]
MCZ54ZD6xEa2aXK_ySE-BA,33.36186295,-112.03155,3,[33.2664769,-112.0712298,33.457249,-111.9918702],[48,11,57,69,38,40,39]
4a17OCvaJgzZzDPMJz7L3A,33.4941604,-111.99626075,2,[33.4904928,-112.0652545,33.497828,-111.927267],[38,143,39]
Xcfgfp5bppa59DuEJnwzGQ,33.732153,-111.8537306,1,[33.732153,-111.8537306,33.732153,-111.8537306],[28,17,29]
q9xoyA4YVf7GBjFh2pRP6w,33.656247500000006,-112.0311628,6,[33.4480659,-112.1353054,33.8644291,-111.9270202],[26,11,99,219,218,41,182,27,43]
Gz1YuRpbR3RBPupvQzleUw,33.4480318,-112.0115601,3,[33.4480318,-112.0115601,33.4480318,-112.0115601],[32,203,90]
-Jk_Sqz_79s-AsrLRR3e0Q,33.6876513,-112.1347532,3,[33.5108735,-112.1353054,33.8644291,-112.134201],[43,11]
WW265asZNnBi4NGAwzvFAA,33.580706,-111.99342135,21,[33.4876443,-112.0651592,33.6737677,-111.9216835],[119,99,11,126,7,98,10,9,63,27,292,48,195,65,265,97,24]
5E193w76Qlhoi1gkyakW2A,33.560117899999995,-111.95723989999999,162,[33.298212,-112.3768048,33.8220238,-111.537675],[185,11,33,99,26,101,38,39,49,52,48,128,7,8,97,57,18,145,17,10,24,63,212,43,205,123,65,296,4,13,6,160,361,44,127,108,229,27,88,298,142,119,71,72,96,184,80,82,59,46,9,224,62,120,182,28,170,89,41,400,265,69,51,84,345,346,327,202,154,305]
sVBy2rKwYZ6pF_orkzOh5Q,33.6370916,-112.201447,2,[33.6370916,-112.201447,33.6370916,-112.201447],[43,11]
E8ks4fowUBWnVyBd7EvSww,33.3338729,-111.977793,2,[33.3338729,-111.977793,33.3338729,-111.977793],[352,109,38,39,11]
ORef2zSpoCwGsLqS3OUykQ,33.7240733,-112.0593237,3,[33.583234,-112.1388544,33.8649126,-111.979793],[155,237,54,106,119,11,7,142]
uwscM-mRNdJQybggAAGxSw,33.6405893,-112.0474847,6,[33.6405893,-112.0474847,33.6405893,-112.0474847],[63,27,11]
dbfxWCJD4yVakMsE1VUuHA,33.4329724,-111.9043028,1,[33.4329724,-111.9043028,33.4329724,-111.9043028],[57,99,91,11]
fXqdzXDBR3LDPy4xTUW22A,33.2828151,-111.79680435,4,[33.2587342,-111.8412137,33.306896,-111.752395],[251,43,11,126,48]
DqIewpPwCz3wnW3xnMLjlA,33.64053,-111.92477,1,[33.64053,-111.92477,33.64053,-111.92477],[126,11]
cCdseTuVIZHeMkMnwQ0QnQ,33.3055029,-111.9174486,1,[33.3055029,-111.9174486,33.3055029,-111.9174486],[75,32]
_bEVodhxux43TQ96n24VCQ,33.58701585,-112.27001139999999,4,[33.564155,-112.289357,33.6098767,-112.2506658],[26,11,7,36,49,326,52]
-B8fZ8mrYkP6jt4SqSNivw,33.73821855,-112.3776439,13,[33.5102068,-112.7428224,33.9662303,-112.0124654],[7,142,57,39,145,48,11,195,65,26,43,218,99]
zMX4xLGkNVnbsQn52cJ7Ig,33.448333,-112.074127,125,[33.448333,-112.074127,33.448333,-112.074127],[99,11]
LxRAFYzC9wGX396MPTf17A,33.43475,-112.00644,200,[33.43475,-112.00644,33.43475,-112.00644],[28,170]
j2pYTMEap8EbnSzPUCutDg,33.4492272,-112.0722653,1,[33.4492272,-112.0722653,33.4492272,-112.0722653],[177,26,11]
krhw550Y2ExNEGdKoJdnRQ,33.47297115,-112.06484865,2,[33.472674,-112.0649453,33.4732683,-112.064752],[11,63,7,33,142,24]
a6YIFHmzd5Ej1Vrb2EGKKg,33.40520205,-111.9522876,60,[33.383123,-111.964485,33.4272811,-111.9400902],[99,11,119,48]
4nv-S2c76e-IvterupcA2A,33.442893999999995,-111.9580818,21,[33.303233,-112.0736316,33.582555,-111.842532],[119,48,11,7,108,161,167,65,33,47,182,172,126,97,117,214,232,400,194,109,38,39,10,24,63]
2i5QNhD0MpqMZmFXGFCUWw,33.415194,-111.919995,4,[33.415194,-111.919995,33.415194,-111.919995],[218,219,11]
RFzqmYpUJkAvpGoPG1Vd0A,33.5266038,-111.924627,1,[33.5266038,-111.924627,33.5266038,-111.924627],[27,11]
cS8KWv6QqrMy2LWeft8IHw,33.320666,-111.907283,2,[33.320666,-111.907283,33.320666,-111.907283],[54,55,122]
h7Qhl6l7l1hd_IEdVcZJzw,33.5252433,-112.00288714999999,200,[33.4245625,-112.081655,33.6259241,-111.9241193],[99,127,11,259,260,48,39,205,24,7,8,119,43,38,40,57,56,108,307,27,172]
HeNSYRvvt2p7f76Mv_wmNA,33.844328,-112.133957,1,[33.844328,-112.133957,33.844328,-112.133957],[26,11]
iBW6n_0yzFDn4C6_0sf62w,33.5025941,-111.9296765,1,[33.5025941,-111.9296765,33.5025941,-111.9296765],[265,48,11]
AFFpBXjNlKzqsctfJ7O_AA,33.5086746511645,-111.98877483103,82,[33.4106974,-112.1345686,33.606651902329,-111.84298106206],[48,185,11,28,158,17,29,26,7,108,322,57,190,260,265]
xmBiUJAeeikwwXmOrNnw_Q,33.4672425,-112.09262745,6,[33.3216034,-112.2226374,33.6128816,-111.9626175],[251,11,177,140,126]
596PJoqBSnSZ6LPiG2WY3w,33.4329724,-111.9043028,1,[33.4329724,-111.9043028,33.4329724,-111.9043028],[212,361,11]
3dgVexCoDRym3uXunL2FiA,33.4620545,-112.025883,5,[33.422948,-112.126253,33.501161,-111.925513],[333,119,11,206,145,57,17,18,39,7,139,8,423]
VHsYL6PXT63YDcjlr3ZRPQ,33.497828,-111.927267,111,[33.497828,-111.927267,33.497828,-111.927267],[352,48,11]
0ef9ECBuv5gghvcPxTI0Gw,33.6095762,-112.3912643,3,[33.6095762,-112.3912643,33.6095762,-112.3912643],[64,161,65]
Co6N-HSOphHk_DCfgq7aUg,33.453869,-111.90369050000001,129,[33.41444,-111.934032,33.493298,-111.873349],[96,72,212,11]
af_lftu3TKmV4KBwSXBiyA,33.5711455,-111.7120627,1,[33.5711455,-111.7120627,33.5711455,-111.7120627],[202,72,281]
chQdO1C0_2vKJfxeK4sirA,33.4259681,-111.939852,31,[33.4259681,-111.939852,33.4259681,-111.939852],[26,11]
rfU5Eyu-hplXhuy9L2V3fQ,33.58348,-111.883526,1,[33.58348,-111.883526,33.58348,-111.883526],[7,142]
P1XofswxyEb90r2bVN4LJw,33.42309915,-112.2340337,30,[32.879968,-112.7428224,33.9662303,-111.725245],[99,126,11,48,63,119,38,39,128,296,33,265,185,57,327,26,202,72,143,168,24,127,7,139,225]
TJ1eV6rdKr5jnh6deSeL9g,33.4217707970531,-111.925020217896,1,[33.4217707970531,-111.925020217896,33.4217707970531,-111.925020217896],[192,11]
2ISzLFGdHHuyxy-PFfchaQ,33.464305550000006,-111.8274935,11,[33.4335164,-111.9292934,33.4950947,-111.7256936],[168,48,11,43,265]
zo0KvseUN6Gho9y0JQxVnw,33.413062499999995,-112.10376445,5,[33.3906697,-112.1336153,33.4354553,-112.0739136],[26,11,43,309,285]
zmeoU9S-HCJ9b82IUVu1rg,33.3699342,-111.8508959573975,200,[33.306896,-111.977873,33.4329724,-111.723918914795],[33,265,185,11,99,26,126,48]
dzQiu8-OgbrwW7K5F4Z3zw,33.40150989999999,-111.8123477,78,[33.3871231,-111.8364805,33.4158967,-111.7882149],[28,17,29,246,18]
jYWI9qJFCd1hDwF_dihPhg,33.4149412,-111.99194905,86,[33.334712,-112.1091081,33.4951704,-111.87479],[24,11,7,36,27,192,218,41,4,13,6,115,160,101,88,38,39,40,108,112,46,109,48,204,65,63,57,69,56,126,97,285,185,98,292,26,138,8,139,133,64,99,91]
yaw_aNmYB-BNOoPTkzD69Q,33.552908849999994,-111.98680165885551,24,[33.4223387,-112.083116517711,33.683479,-111.8904868],[119,11,109,38,39,17,18,126,97,7,108,63,48,210,8,26,27,24,127,140,40,99,439,212,43,161,28,29,65]
qeljTFFJaZE-HJ6RKx0iFg,33.538706000000005,-112.06698685,10,[33.4953761,-112.1308954,33.5820359,-112.0030783],[96,72,33,11,84,6,21,359,7,108,265]
KauoFuRZdigJHVoX2Q0MCA,33.594818,-112.065439,2,[33.594818,-112.065439,33.594818,-112.065439],[119,11]
kqz0UwsxUurCJrSUn5nUpQ,33.4710214,-112.0649272,76,[33.4710214,-112.0649272,33.4710214,-112.0649272],[26,11]
ckDpXadjjRM7N69KK86FBw,33.53788925,-111.9423789,49,[33.4922985,-112.0012318,33.58348,-111.883526],[48,11,210,7,142]
fhNS78LAxJ-bhef7OOYuBA,33.639295700000005,-112.187164,31,[33.638908,-112.219969,33.6396834,-112.154359],[26,11,182,48,140]
sb_Y5nsi-YEMPI2KyKGg8w,33.597847,-112.120286,2,[33.597847,-112.120286,33.597847,-112.120286],[78,79]
zpuleMZQ6ZwvWEqUwhay2w,33.4930514,-111.9339561,3,[33.4930514,-111.9339561,33.4930514,-111.9339561],[28,17,29]
-wmbeu8At18AoRjkNaEYEg,33.3338729,-111.977793,1,[33.3338729,-111.977793,33.3338729,-111.977793],[352,109,38,39,11]
NajiKyHeMkQrzaCAhVk0wQ,33.47315835,-112.05228925,8,[33.4730967,-112.0565185,33.47322,-112.04806],[38,39,40,7,8]
RknsoxpICgtuuv46uaTpyw,33.46793419555295,-111.7585818,135,[33.261657,-112.0364736,33.6742113911059,-111.48069],[322,28,57,190,10,11,169,119,99,63,27,6,77,35,76,229,7,142,41,117,265,185,182,48,140,33,44,38,26,39,24,309,270,168,43,126,97,46,177,15,25,108,56,145,91,98,69,311,285,49,312,146,17,152,273,212,361,78,79,60,61,13,313,14,292,120,32,90,148,470,29,89,439,8]
xyhzxOA3S0_i_e0OUZFv2A,33.319377,-111.966307,1,[33.319377,-111.966307,33.319377,-111.966307],[212,229,11]
f0-cqPVMDReOa6sUQNQyMA,33.4953688,-111.9940154,3,[33.4953688,-111.9940154,33.4953688,-111.9940154],[177,140,11]
5qjN8k6TLH9w_VhqEJmPIg,33.670908,-112.200966,1,[33.670908,-112.200966,33.670908,-112.200966],[7,142]
0jEXzWh3dGL9mLNBuWp64g,33.373866449999994,-112.0947563,9,[33.2452342,-112.3504684,33.5024987,-111.8390442],[7,292,149,11,27,251,26,43]
I0lsu1zG-QrPx2D27hR9Ug,33.438289499999996,-111.88516545,37,[33.381412,-112.0160942,33.495167,-111.7542367],[8,6,116,7,36,113,11,108,39,205,10]
fwkUglaLHthAFC-qJbyMOQ,33.4997841,-112.00111344999999,200,[33.498915,-112.0739689,33.5006532,-111.928258],[11,63,27,24]
Sv5kY5jq0Qulj5fydJY-3g,33.49331445,-111.9235733,200,[33.492335,-111.925316,33.4942939,-111.9218306],[99,26,17,28,29,11,38,39,40,119,185,88,352,48]
Iy_GQrVDnuKxTR_GGhejww,33.351262,-111.8078452,1,[33.351262,-111.8078452,33.351262,-111.8078452],[65,133]
lCq97jJUbCRpOddPSDWfBA,33.509284,-112.07454,1,[33.509284,-112.07454,33.509284,-112.07454],[14,15,6]
IpscvMA4GaQyLQSFE97VIQ,33.5732812,-111.8422954,4,[33.546,-111.96828,33.6005624,-111.7163108],[338,11,27]
kpmk5DU1VHwl1A-yjlwG0Q,33.6239817,-112.4159659,10,[33.6239817,-112.4159659,33.6239817,-112.4159659],[43,11]
d_xDdiA7ump6mPzcbYTNUg,33.4952045,-112.0142961,1,[33.4952045,-112.0142961,33.4952045,-112.0142961],[98,7,119,24,11]
nFzpWFMdOSvVmOxkTe_7ow,33.5640592,-111.969272,4,[33.458256,-112.030859,33.6698624,-111.907685],[251,43,11]
Zbz3Px5sy0vlY9zqMYIOcA,33.4969773,-111.9275971,13,[33.4969773,-111.9275971,33.4969773,-111.9275971],[101,38,26,39,11]
D3FK3OzoqxcnbeKeiSnmhg,33.46706845,-112.0601731,3,[33.4468609,-112.0894972,33.487276,-112.030849],[120,11,26,24]
t79B56n8IeVrMNmM4QU2Ow,33.45673295,-112.0276731,4,[33.3459373,-112.0916761,33.5675286,-111.9636701],[71,72,38,39,293,119,11,7,108]
5y0N0fTEg_ZGEGDGzzRTdg,33.573989749999996,-112.07955749999999,101,[33.4329724,-112.272845,33.7150071,-111.88627],[7,8,27,11,6,87,99,44,12,114,13,22,84,147,57,91,28,170,65,133,46,4,30,236,103,434,49,50,52,163,118,26,24]
v8vNquA6KmUUfoJG_2Bozw,33.518487,-111.99979775,166,[33.491645,-112.0739689,33.545329,-111.9256266],[63,27,11,26,17,18,7,142,38,140,39,40,48,120,24,15,6,191,108,185]
lAsoqMtm5a0aOKCuNqeBCw,33.5870065,-111.8362927,1,[33.5870065,-111.8362927,33.5870065,-111.8362927],[7,142]
19ZqbAxrTdEJbvwjJSFsRg,33.482799549999996,-112.0506082,24,[33.4528292,-112.0740123,33.5127699,-112.0272041],[109,38,11,39,63,48,303,17]
k3ChqFIb5ybmOdoFqHVaEQ,33.5814339,-111.8795353,3,[33.5814339,-111.8795353,33.5814339,-111.8795353],[48,11]
fNo2x1yDTmhiiRMCgQB4fA,33.4219332,-111.9431045,24,[33.4219332,-111.9431045,33.4219332,-111.9431045],[12,61,13,6,114]
ImfdfyGPfkwQ1JawNCzHeQ,33.5288312,-111.9730855,1,[33.5288312,-111.9730855,33.5288312,-111.9730855],[161,195,65]
C9J0i1nKKXknrLCisBZZeA,33.5601145,-111.96711099999999,5,[33.442375,-111.978579,33.677854,-111.955643],[140,11,7,108,201,119]
Rz7qXI6Vu-fzuCViv7_veg,33.494641200000004,-111.98818115,6,[33.377348,-112.04921,33.6119344,-111.9271523],[75,6,32,70,27,11,67,68,84,419]
CuLY3E_5U51ATgKC3WOmIg,33.49565815,-111.9204075,7,[33.4217923,-111.951184,33.569524,-111.889631],[48,24,11,98,7,63,182,172,119]
X8pfLhF0LABJ5LNeuowCKA,33.57732426686685,-111.98666945,18,[33.4787943,-112.0478085,33.6758542337337,-111.9255304],[7,108,24,11,26,8,119,48,142,99,27]
6tU78goKjSEwIvajY7pwaQ,33.604856,-111.715082,137,[33.604856,-111.715082,33.604856,-111.715082],[11,63]
FaUOMozbDsQ5ke9Y7CPeuA,33.422652,-111.92388249999999,4,[33.422576,-111.951494,33.422728,-111.896271],[26,11,119,24]
gy-VQRQAT_3dh2gOkTcdAg,33.3046962,-111.9777693,8,[33.3046962,-111.9777693,33.3046962,-111.9777693],[74,24,11]
pfG9mYQ7rof4Pt7qmCYhPw,33.4366447,-111.8876429,7,[33.3350308,-112.0571061,33.5382586,-111.7181797],[126,97,11,63,27]
PiavqZaHo0XL66Om0ta14A,33.683479,-111.966112,8,[33.683479,-111.966112,33.683479,-111.966112],[212,229,11]
-jVqKRJ2P_LFQOfRyBpg_g,33.58100065,-112.06155475,6,[33.4787943,-112.075301,33.683207,-112.0478085],[49,59,26,11,24]
wqc2Lu0wVcd08hhFHiodkA,33.40341995,-111.9866468,8,[33.3056789,-112.0704276,33.501161,-111.902866],[126,97,11,224,119,48,39,212,293,38,99,206]
WMe-TuSILdFcGHtDH8hl8A,33.41485205,-111.85630549999999,10,[33.413158,-111.875779,33.4165461,-111.836832],[7,49,108,193,59,251,11]
i9mEj_To5Ly_TT0kMnGGOQ,33.4576266,-112.0474748,2,[33.4576266,-112.0474748,33.4576266,-112.0474748],[168,26,11]
zAnHKrbIjN-WPGeX2wC1jg,33.335568,-111.841203,1,[33.335568,-111.841203,33.335568,-111.841203],[7,162]
gyff5D1aNOqtGDB-XOz0UQ,33.3469994,-111.91858065,15,[33.299873,-111.9945753,33.3941258,-111.842586],[26,11,173,6,420,112,57,69,27,33,219,218,41,119,38,101,39,128]
zGXNhIT2YPCSKimZthbVqQ,33.623436350000006,-111.9250614,2,[33.616418,-111.92631,33.6304547,-111.9238128],[265,126,97,11,49,312,57,504,91]
yhq64lG3ZrW5A3y584ugBQ,33.798073,-111.926458,4,[33.798073,-111.926458,33.798073,-111.926458],[161,65,133]
eID9sxNaO513mErfskyRjA,33.577691,-111.927632,3,[33.577691,-111.927632,33.577691,-111.927632],[49,321,193,59]
e34aeX5qZEkkZZyVTWpY1w,33.333871,-111.953294,2,[33.333871,-111.953294,33.333871,-111.953294],[288,32]
6_LCJYvCMv1nKTt0k9eGZg,33.30915265,-111.77355990000001,2,[33.2333299,-111.8580919,33.3849754,-111.6890279],[33,11,7,47,48,27]
lyKuX4icXqougFYWtlmqKg,32.94366252841795,-112.73356164799799,2,[32.9435882568359,-112.7335799,32.9437368,-112.733543395996],[44,11,7,72,148,154]
i6i8DweiQChXbYLxbpLodA,33.549055550000006,-111.95494605,95,[33.4931793,-111.977799,33.6049318,-111.9320931],[39,26,127,11]
gdFcADm-9R4vra0VdALXkg,33.4638587286892,-112.0686271684965,2,[33.4566960573784,-112.072327136993,33.4710214,-112.0649272],[119,11,26]
p0rIqVWw9qjTmSV9OIjc2g,33.568184099999996,-112.0735693,6,[33.5094352,-112.100731,33.626933,-112.0464076],[105,65,212,26,11]
GHgrhIjcWb2vwUYI7CoQYA,33.5668050728745,-111.92547082901,1,[33.5668050728745,-111.92547082901,33.5668050728745,-111.92547082901],[224,11]
bCFOfm0WqzIoFIwPE6QIng,33.336899,-112.00535925,11,[33.25107,-112.1398355,33.422728,-111.870883],[88,38,39,89,11,126,97,99,6,77,35,76,49,178,273,128,109,63,296,127]
Fvr8RmAQ4z1E7Ca1CA8mQA,33.4838003,-111.7987263,190,[33.327278,-112.1164816,33.6403226,-111.480971],[41,400,11,311,26,127,99,185,97,33,38,39,126,49,52,157,103,251]
a1QqdwxFzI1bc9oDMfoSdg,33.500169,-111.919817,1,[33.500169,-111.919817,33.500169,-111.919817],[39,38,99,128,11]
d78NImAvsEnyw5UwPBvmFQ,33.5974157,-111.978468961415,30,[33.494238,-112.07341192283,33.7005934,-111.883526],[26,11,48,7,108,142,27,38,99,88,39,128]
h_X044jmiYJ-OvTt51EqSQ,33.5248652,-112.0476735,1,[33.5248652,-112.0476735,33.5248652,-112.0476735],[43,11]
GG30x5Q2nGP_X2qMAgcwFQ,33.581010250000006,-112.1643104,57,[33.4477082,-112.3540142,33.7143123,-111.9746066],[26,11,49,20,23,415,59,63,46,6,283,284,32,35,7,142,182,48,140,33,4,61,13,127,247,10,44,30,27,104,64,133,65,505,204,168,265,99,322,57,24,98,119]
mZ0TyyeMTXnbPPPJgVctuw,33.562670999999995,-111.9938795,14,[33.449233,-112.065458,33.676109,-111.922301],[7,142,49,80,59,28,17,29,105,65,6,45,148,204,177,140,11,27,274,13]
z6hvsvWDH7N2Ch59ZQMbtA,33.48904075,-112.02169465,13,[33.455863,-112.083886,33.5222185,-111.9595033],[48,11,7,108,63,4,5,6]
GDA0lcmuGxUmyMO7VEe34A,33.402699150000004,-112.0158932,3,[33.304894,-112.0827581,33.5005043,-111.9490283],[219,218,11,43,26]
RwkLdVI7pJ2Ikjo-qXYkSQ,33.500545,-111.9264093,1,[33.500545,-111.9264093,33.500545,-111.9264093],[33,38,48,39,11]
Gft-fBGFgam9l3WHUK38Rg,33.489409,-112.06469,1,[33.489409,-112.06469,33.489409,-112.06469],[7,139,416]
3MycA8K5YX5IrxhsTuZgWw,33.5479048,-111.93025234999999,19,[33.3640435,-112.2628637,33.7317661,-111.597641],[28,17,29,98,7,142,224,11,4,6,100,425,251,27,84,159,32,291,90]
K_PpyEqAMQ5QMjcza8kvLQ,33.5413231302034,-112.262291908264,12,[33.5413231302034,-112.262291908264,33.5413231302034,-112.262291908264],[28,17,18,29]
Unygl9rzr_aLqm8uTa_QXA,33.304775,-111.947948,3,[33.304775,-111.947948,33.304775,-111.947948],[33,11]
GmjqOh-bNnqCGd3Nn0h9Eg,33.4469165,-111.9099,11,[33.427634,-111.919834,33.466199,-111.899966],[63,27,11,7,162]
LO1CbOLgjcaaFuxDdf406g,33.6251838,-111.9255108,153,[33.6251838,-111.9255108,33.6251838,-111.9255108],[168,265,11]
sjxcw_qz7kBevfxKTQd7wg,33.3778537,-111.80710350000001,8,[33.3021074,-111.966307,33.4536,-111.6479],[224,11,212,229,119]
wABCCy5wxzbqkh44M5EjnA,33.472853,-112.056065,2,[33.472853,-112.056065,33.472853,-112.056065],[48,11]
Lp9491uGDpSw0qvjuUxI8w,33.74112755,-112.14170335,85,[33.612089,-112.185319,33.8701661,-112.0980877],[119,11,27,224,30,8,13,6,7,110,108,142,162,26,177,140]
z4D2Cooni66yKQoiuaOWzw,33.40116545,-111.9282092,18,[33.3947699,-111.9475246,33.407561,-111.9088938],[33,117,48,11,88,38,99,39]
DihfnxUWIqp9AZ2HnbIybw,33.56797835,-112.02825565,200,[33.5093372,-112.0608177,33.6266195,-111.9956936],[97,11,7,313]
e6mebLMV6GCnXzzGw2aQNw,33.40733915,-112.04996115,6,[33.319377,-112.1336153,33.4953013,-111.966307],[43,11,126,74,24,212,229]
L1FsPljsttcBM_QS6YHlzA,33.52473835,-111.92559925,2,[33.5019817,-111.9276185,33.547495,-111.92358],[99,48,11,28,17,29]
gAza0C5-cQEC8XrH1icZZQ,33.6744167,-111.8894434,1,[33.6744167,-111.8894434,33.6744167,-111.8894434],[109,38,265,39,11]
GpRxmdnWmjoBF4-5_8YyWQ,33.390792,-112.012504,5,[33.390792,-112.012504,33.390792,-112.012504],[119,11]
MM2z0oRxKFeAEcxkWafUyw,33.639532,-112.202369,3,[33.639532,-112.202369,33.639532,-112.202369],[39]
1neYnQgFJAxRP0dbDpNqdA,33.321061644794,-111.723918914795,6,[33.321061644794,-111.723918914795,33.321061644794,-111.723918914795],[99,11]
sNEdk8Qy-n5yNdBLHRuFQA,33.4061571,-111.96057295,20,[33.3021074,-112.079081,33.5102068,-111.8420649],[72,269,11,63,49,4,5,6,367,14,15,26,84,147,7,139,225,250,248,249,106,54,315,224,71]
OM4LV9oQT7pIOw6xSjaOQQ,33.4952769,-111.9884173,2,[33.4952769,-111.9884173,33.4952769,-111.9884173],[182,48,140,11]
2em5mrpcckQw6rnLCQ_KFQ,33.5092898,-112.0364736,2,[33.5092898,-112.0364736,33.5092898,-112.0364736],[169,11]
sdTdf5zwsPGDw4vBnKks-w,33.4261603,-111.939838,200,[33.4261603,-111.939838,33.4261603,-111.939838],[38,39,205]
jO_S-B2GjqekxV4cFgXkzQ,33.50706668642805,-111.757464948864,11,[33.4318914,-111.882346097728,33.5822419728561,-111.6325838],[7,98,10,9,11,43,78,79]
TuLjkOVG7jBPADZ3nIg5vw,33.5886791,-112.01950070000001,8,[33.4643735,-112.1114555,33.7129847,-111.9275459],[27,11,26,149,177,140]
2VTD9UCtyg4s2x88peMXzg,33.551273550000005,-112.1638475,15,[33.4499,-112.253795,33.6526471,-112.0739],[43,11,177,140]
68ZOO9JWqqDup5T3o7gtiA,33.65396765,-111.96771465,15,[33.6128816,-112.013151,33.6950537,-111.9222783],[11,43,157,103]
s9qMJYIUGZPGCOjqLe-ExA,33.509755,-112.08407,1,[33.509755,-112.08407,33.509755,-112.08407],[185,11]
oqJl16EGU7wB-Pb5QFBhTw,33.323160099999996,-111.93359319999999,75,[33.305675,-111.9701824,33.3406452,-111.897004],[6,77,35,76,11,63]
i46dWiEb68bIO_wQ_2bccg,33.5077664,-112.038862,2,[33.5077664,-112.038862,33.5077664,-112.038862],[54,238]
araOcm9l9FxrPx3fVW1NoA,33.3950098,-111.6846174,3,[33.3950098,-111.6846174,33.3950098,-111.6846174],[7,9]
aJGbFSkf6zCBbadpcD5uow,33.44420255,-111.9969467,179,[33.3775316,-112.134201,33.5108735,-111.8596924],[7,142,43,11,28,240,241,177,140,251,210,181]
rvSkVwg9GKTAlxRAJrUmqA,33.6556823,-111.9300145,1,[33.6556823,-111.9300145,33.6556823,-111.9300145],[14,15,6,191]
vQ0aO_auGTuL000he02ikw,33.4331548,-112.3583813,1,[33.4331548,-112.3583813,33.4331548,-112.3583813],[7,142,232]
EFKnUkTzXmKQPWHXm52t3g,33.560002049999994,-112.0280733,8,[33.4940321,-112.134316,33.625972,-111.9218306],[38,88,39,352,48,11,120]
TLj3XaclA7V4ldJ5yNP-9Q,33.47141965,-112.112470495485,200,[33.306501,-112.34971999097,33.6363383,-111.875221],[38,143,39,26,11,48,177,140,43,210,7,292,99,224,40,205,71,72,251,63,27,212]
Bp4jUH7cmpRRIPHUSqSAMg,33.7054289586315,-112.109041213989,1,[33.7054289586315,-112.109041213989,33.7054289586315,-112.109041213989],[32,95,222]
z9cRj6g9vANvhF6XLjFu1Q,33.5388471,-111.9641728,1,[33.5388471,-111.9641728,33.5388471,-111.9641728],[7,47,48,11]
1kDUQZY0FQ6qyCSTR3hGpg,33.53227495,-111.98079855,18,[33.2664769,-112.0764371,33.798073,-111.88516],[57,39,145,26,11,126,219,218,41,63,27,88,298,38,48,7,449,97,212,117,214,265,338,206,340]
LvGnobYRJ2BbTlG4PAP7YA,33.5123186,-111.995355,1,[33.5123186,-111.995355,33.5123186,-111.995355],[119,99,11]
1G8lqcSaUNfC45ug3vLxqw,33.732153,-111.8537306,1,[33.732153,-111.8537306,33.732153,-111.8537306],[28,17,29]
NA-dOfN-tuzxwszBI5uWCQ,33.5005719,-112.0741143,1,[33.5005719,-112.0741143,33.5005719,-112.0741143],[7,108]
HLzB-go_ovxrAfBpJ5-PDQ,33.51627255,-112.0027753,9,[33.448587,-112.0827581,33.5839581,-111.9227925],[48,11,7,137,8,139,39,205,43,38,40]
KS665rFXmb9PBSFsWjUepg,33.3926383,-111.9110915,29,[33.3926383,-111.9110915,33.3926383,-111.9110915],[7,108]
M6CLKKcHgV-Z6wgYCbmgiQ,33.611598799999996,-112.07010995,6,[33.5102068,-112.1130158,33.7129908,-112.0272041],[63,99,11,119,48,7,108]
gB_gGqag-UzEocdaNQjJEw,33.48811005,-112.06135105,12,[33.4587919,-112.0823075,33.5174282,-112.0403946],[54,55,122,7,142,292,57,145,38,39,40,48,11,63,27]
hLRaKiDGvSWP8zfl5Ke3iw,33.60083035,-112.31412165,6,[33.5922357,-112.329474,33.609425,-112.2987693],[26,11,201,33,24]
2ckT85EXEk5UuRdsDwkJcw,33.4946168,-111.9771226,3,[33.4946168,-111.9771226,33.4946168,-111.9771226],[294,106,54]
pEjfjv_pjdogQQ0lxZA_QA,33.418418,-111.84057,5,[33.418418,-111.84057,33.418418,-111.84057],[38,26,39,11]
xWSPLhZ51yvsuPBFuBhxCQ,33.4869182,-111.908738,26,[33.4869182,-111.908738,33.4869182,-111.908738],[39,119,26,38,11]
sSAp_Ie1Bw0TdcFIQCK62A,33.683479,-111.966112,2,[33.683479,-111.966112,33.683479,-111.966112],[212,229,11]
SrbrETd68iNaYscH6jjgRg,33.3807127456417,-111.725978851318,1,[33.3807127456417,-111.725978851318,33.3807127456417,-111.725978851318],[27,11]
HLPvuH9zPqhXNfKmzDghAQ,33.6292976260014,-112.0618733,44,[33.3852846,-112.238107,33.8733106520028,-111.8856396],[57,258,38,40,39,128,46,13,6,372,30,7,98,10,9,11,24,224,149,97]
FVtExBkYy4tjHTfYW2XqCg,33.4724491,-112.1345686,39,[33.4724491,-112.1345686,33.4724491,-112.1345686],[26,11]
9VRz5DuDdOH2h4at-G_65g,33.5384715,-112.047062,19,[33.530335,-112.047101,33.546608,-112.047023],[38,11,99,128,39,26]
R1xBEUfBwOw2X1dqycDggQ,33.3493426,-111.90783594999999,5,[33.3054251,-111.9470658,33.3932601,-111.8686061],[7,162,24,11]
_Fxrn9P_nvvIY4JCvD5tOw,33.61222574999999,-111.98424370000001,200,[33.4922985,-112.1156244,33.732153,-111.852863],[210,11,161,28,65,17,29,48,185]
FD4drKvzFIYBLptheiqYyg,33.6382038313039,-112.363443374634,1,[33.6382038313039,-112.363443374634,33.6382038313039,-112.363443374634],[251,212,11]
vSxaLh9RCl1BJDbIt0hxww,33.31030645,-111.989401,5,[33.3037399,-112.004102,33.316873,-111.9747],[109,38,11,39,63,7,142,119,105,133,65]
0FBHDK_lXbAdSRopnOwyVQ,33.43662605,-111.97266205,130,[33.3932601,-112.076718,33.479992,-111.8686061],[24,11,307,27,172]
0bC7Urq8fShGmwPkDoB7aA,33.536374550000005,-112.0739147,2,[33.501936,-112.082092,33.5708131,-112.0657374],[26,11]
mL1kHZBYI_iJvfLF3xQzzg,33.497145,-111.9278401,2,[33.497145,-111.9278401,33.497145,-111.9278401],[38,128,39]
4KjYKPScGyigYdGVoZXBbA,33.4212935,-111.9258672,2,[33.4212935,-111.9258672,33.4212935,-111.9258672],[26,11]
8q-xkuJi5XiCvuk3hYOxcg,33.6040525,-111.977892,29,[33.6040525,-111.977892,33.6040525,-111.977892],[38,99,33,39,128,11]
1NQIbo1GRrOAkNlJnrLFbQ,33.5583846,-112.01118465,7,[33.495526,-112.115576,33.6212432,-111.9067933],[15,6,191,35,76]
AMKwiwTcPdi0GR50fASd_w,33.621463,-111.8983054,1,[33.621463,-111.8983054,33.621463,-111.8983054],[126,229,43,11]
dfaZ4uUt-n6vBiOhxERbTg,33.413062,-111.875533,2,[33.413062,-111.875533,33.413062,-111.875533],[251,11]
g8l9XPxyyKjgY0sqcDdArw,33.4861585,-111.9258777,138,[33.4861585,-111.9258777,33.4861585,-111.9258777],[28,17,29]
QXyVSr3UKMNJtaE8fSropw,33.499499,-111.927402,16,[33.499499,-111.927402,33.499499,-111.927402],[48,11]
FGeQCDTTUm15g0zk-X1zKQ,33.592624,-112.371176,1,[33.592624,-112.371176,33.592624,-112.371176],[253,32,90]
d2zENp_FSteFP6_YIZZ_FA,33.6355432,-112.0817598,2,[33.6355432,-112.0817598,33.6355432,-112.0817598],[39,38,285,128,11]
ab3xUOsbXcRXfccPJAsmkA,33.495449550000004,-111.9745995,7,[33.480203,-112.021248,33.5106961,-111.927951],[26,11,38,99,39,352,48]
D2f_4biRTsqbHfdGY1KncQ,33.131326,-111.83627215,3,[32.879529,-111.964485,33.383123,-111.7080593],[57,69,11]
v3rJ6sNVlqrkbAlU0RIFCw,33.497437,-112.083886,1,[33.497437,-112.083886,33.497437,-112.083886],[7,108]
Gd1Q35OWcLZS1W-cKtdVWA,33.57507135,-112.01368965,19,[33.4944583,-112.0997608,33.6556844,-111.9276185],[177,140,11,63,27,71,72,137,7,6,139,105,65,38,48,39,167,99,64]
EJvoreqfpaEJLzswiy-5Dg,33.5855504,-111.9267692,1,[33.5855504,-111.9267692,33.5855504,-111.9267692],[98,7]
0NnHH3HGxLGx65EzQilfyw,33.447091,-112.07149,1,[33.447091,-112.07149,33.447091,-112.07149],[98,7,24,11]
JOG-4G4e8ae3lx_szHtR8g,33.522527800000006,-111.9935935,7,[33.44906,-112.061566,33.5959956,-111.925621],[17,152,446,11,88,38,39,298]
3wyQyTU6E-OJY5XqsQ03Fw,33.49768475,-111.9211652,4,[33.493947,-111.922301,33.5014225,-111.9200294],[155,54,53,55,122]
ZaGhEF1JO8tFS7mGxvRxNQ,33.458839,-112.082895,43,[33.458839,-112.082895,33.458839,-112.082895],[26,11]
cpMUQ6yGiQAmB0VZ3kwkNg,33.6123075,-112.0124654,21,[33.6123075,-112.0124654,33.6123075,-112.0124654],[43,11]
_Ly15VDGZwZPjTsd0ZoBVg,33.510874,-111.922424,2,[33.510874,-111.922424,33.510874,-111.922424],[28,17,29]
gelMmrQkIV2eInewzcfSMQ,33.3908865,-111.9109455,33,[33.297624,-112.074924,33.484149,-111.746967],[44,11,26]
TOSviSdem8iAYIuT6C4uyg,33.396019449194554,-111.8036535293505,5,[33.3258398983891,-111.919834,33.466199,-111.687473058701],[33,11,185,229,27,7,162]
YXw9OtiPB14lTWVTRwOUNg,33.4505129,-112.0154884,1,[33.4505129,-112.0154884,33.4505129,-112.0154884],[28,17,29]
_oeeZwI4VY-Gyxs9lMhJnQ,33.595865950000004,-112.22270904999999,4,[33.580509,-112.2400641,33.6112229,-112.205354],[126,97,11,27,30,8,13,6,7,110]
G4RPu5AUHjLI0FNcjWe1pg,33.50745604008665,-111.98433755464151,8,[33.4330350801733,-112.063117,33.581877,-111.905558109283],[119,99,11,33,27]
l2UrriMw-JnCfmDEbw-p2w,33.5878035,-112.00937445,14,[33.492381,-112.092802,33.683226,-111.9259469],[185,11,99,48,224,265]
bVXoyEW7ehdlM0FIxE7Vwg,33.4951554,-112.0822129,16,[33.4951554,-112.0822129,33.4951554,-112.0822129],[224,11]
YVtK_dqhTW2ucFx-YGVkog,33.535008,-112.01219015000001,14,[33.414345,-112.1113493,33.655671,-111.913031],[192,11,24,7,108,27,33,49,52]
_tN36282k3Dejcn4l-Qrxw,33.493181,-111.9297091,4,[33.493181,-111.9297091,33.493181,-111.9297091],[38,48,39,40,11]
Lla6dbspEVwGevPdi7WiuA,33.4836495,-111.968355,2,[33.327278,-112.078594,33.640021,-111.858116],[251,11,202,72]
uqsVGaxoE4nCceXQ0G6fzg,33.6618876,-112.10650095,9,[33.6400995,-112.1201999,33.6836757,-112.092802],[39,38,27,128,11,7,33,142,108]
3dIU4RIW0k8_mx_VRBt3Dg,33.4483771,-112.0740373,2,[33.4483771,-112.0740373,33.4483771,-112.0740373],[84,159,32,291]
taJgBeTB3X_DYeb3P3kXrA,33.4106182,-111.94080595,10,[33.3117903,-112.0403946,33.5094461,-111.8412173],[149,11,10,24,63,27]
nxHfcFGkhKkqhvuf5QEcMw,33.49522265,-112.0326187,13,[33.3637131,-112.174034,33.6267322,-111.8912034],[38,140,39,40,48,11,119,26,182,185,224,128,57,56,475,168,181,229]
QKtgzvdV7zDwIj-hwiI-ow,33.45866465,-112.1297202,4,[33.318913,-112.2898324,33.5984163,-111.969608],[41,361,11,72,207,33]
jf82dsq0E42X341X3rgXWw,33.5825532,-111.9301931,8,[33.5825532,-111.9301931,33.5825532,-111.9301931],[38,212,41,39,11]
VWMqBz4Ie_U-lIhbgR9T4A,33.493753,-111.928103,1,[33.493753,-111.928103,33.493753,-111.928103],[64,65]
qPX4S9nEiAInN9fGrjMZVQ,33.436027,-111.9956337,25,[33.436027,-111.9956337,33.436027,-111.9956337],[99,11]
a5q6s4Lm5LpXb7662LDccA,33.64853095,-112.1153272,18,[33.5818779,-112.1322472,33.715184,-112.0984072],[93,3,7,33,142,11,162,46,6,26,168,169,84,262,60,49,146,30,8,13,110,44]
pZjzgQQdgpha1e4Zi-yPyA,33.5019519,-111.9514403,2,[33.5019519,-111.9514403,33.5019519,-111.9514403],[265,11]
mmsab7WJdq32RNObdmxLdg,33.57425425,-111.7154058,2,[33.5738374,-111.7165421,33.5746711,-111.7142695],[24,11,44,26]
PHYb557PhB9eUl9CyNysdg,33.4566960573784,-112.072327136993,14,[33.4566960573784,-112.072327136993,33.4566960573784,-112.072327136993],[119,11]
nywWfayB5tTjKvdWrIgNww,33.6169236,-112.1089365,3,[33.59357,-112.176187,33.6402772,-112.041686],[72,297,32,203,90]
kj5O3qxSmXlPIWxiD9Evdw,33.479006299999995,-111.9542498,11,[33.3023282,-112.0657374,33.6556844,-111.8427622],[251,11,7,292,142,38,379,109,39,48,6,35,76,26]
fAzClp9nCL03NcBPFibdzQ,33.377348,-112.04921,2,[33.377348,-112.04921,33.377348,-112.04921],[27,11]
8ci5odbfokSz-37bbvUMuA,33.5350667,-112.0520214,3,[33.4329724,-112.19974,33.637161,-111.9043028],[126,97,11,265]
YO4RfPfvbjj6UQZ2h-pMxQ,33.4990862,-111.94606189999999,31,[33.4962205,-111.9641728,33.5019519,-111.927951],[38,140,39,40,48,11,99]
K5T9yaw-iOL_-RW5XVofMg,33.44082845,-111.92490985,69,[33.298212,-111.9770187,33.5834449,-111.872801],[88,38,99,39,11,127,212,43,44,24,185,26,177,140]
EGwQ-5SIgeqL5b4204eokA,33.54240275,-111.90258395000001,4,[33.5033716,-111.9256326,33.5814339,-111.8795353],[127,11,48]
X7gj66M1lHJfq1KpXioWiQ,33.38642805,-111.93219769999999,7,[33.3501281,-111.9533039,33.422728,-111.9110915],[33,119,99,11,38,168,298,88,39,7,108,89]
ayKW9eWwGFcrtJaHcwZUCw,33.48115645,-111.99502015,13,[33.377029,-112.0741143,33.5852839,-111.915926],[7,108,201,24,11,119,48,26,27,63,38,47,88,39,71,72]
jwSTtW_q8PULge2dK1t_Lg,33.591741999999996,-111.883569,4,[33.581511,-111.88792,33.601973,-111.879218],[212,43,11,13,6,4,12,59,49,193,160]
sRDyrUs0GGLHo4fi4X09hQ,33.66576555,-111.92864184999999,9,[33.501161,-111.9317707,33.8303701,-111.925513],[48,11,206]
3PQ4cF-AJw-_lrMuVmn2zA,33.5222185,-111.9595033,1,[33.5222185,-111.9595033,33.5222185,-111.9595033],[48,11]
HgNsWR4JcmxrObQOqcR1SA,33.2969601939911,-112.036170959473,1,[33.2969601939911,-112.036170959473,33.2969601939911,-112.036170959473],[129,278,79]
roTLGM_IqrYi3QSQNuzxlw,33.5563324,-111.8991423,2,[33.5563324,-111.8991423,33.5563324,-111.8991423],[49,80,82,59]
yQZhcEFC12MEJhQ2xqD9MA,33.43097596933885,-111.90477949999999,200,[33.3210491,-112.00644,33.5409028386777,-111.803119],[7,98,10,9,11,119,41,97,99,126,43,33,89,24,373,196,46,6,292,142,49,66,229,129,175,332,79,121,27,139,225,48,28,170,26,168,42,149,38,47,88,39,445,52,109,333]
XD4U_QuKHos6lt4unylfGQ,33.502191,-111.996292,4,[33.502191,-111.996292,33.502191,-111.996292],[109,38,11,39,63]
REfQIccdKSVnEPr3Bnucwg,33.4487652,-112.0714186,96,[33.4487652,-112.0714186,33.4487652,-112.0714186],[38,11,99,128,39]
AiZ8p7WtLjJjCImr1i1EDQ,33.58796111565195,-112.29876745,17,[33.5377184,-112.4159659,33.6382038313039,-112.181569],[265,126,11,251,212,149,97,43]
lsSol7cUoebBsmMpqTAubA,33.5093372,-112.0608177,11,[33.5093372,-112.0608177,33.5093372,-112.0608177],[212,63,97,11]
nzXsnwxqRbiB0bwhYUKTRg,33.32059145,-111.76960445,2,[33.2864817,-111.7897898,33.3547012,-111.7494191],[53,54,55,122,256,7,108,48,11]
vF8JOtmKnDZVq-alpgvKdg,33.426153,-111.94010055000001,2,[33.425938,-111.940346,33.426368,-111.9398551],[10,11,88,38,39,298]
ZdCjyIjISMy2DZxogoiywA,33.5019817,-111.9276185,1,[33.5019817,-111.9276185,33.5019817,-111.9276185],[177,48,11]
6prHhofQ3sLSNHJRYUat-Q,33.4509782,-111.84267625,5,[33.321564,-111.8804955,33.5803924,-111.804857],[10,182,11,27,224,78,79]
kvOXP8PBWwtLcuO4EarvwA,33.390792,-112.012504,17,[33.390792,-112.012504,33.390792,-112.012504],[99,246,7,119,139,24,17,423,11]
XmaKkzFR9E1UqH35IhP9Dw,33.376691199999996,-111.9340669,4,[33.32041,-111.963831,33.4329724,-111.9043028],[33,265,185,11,44]
YUWeFETnjknFH0DTse3Rzw,33.4333427,-111.9466498,200,[33.4129013,-111.9532638,33.4537841,-111.9400358],[49,368,54,324]
v6RtrOvdoMjwLYWyieeFNw,33.560970600000005,-112.0560671,30,[33.4950082,-112.100731,33.626933,-112.0114032],[182,172,43,11,7,137,8,139,212,26]
JRXRlaus7k2Mz3erUKnwyQ,33.4557247,-111.99611135,16,[33.3037399,-112.0737503,33.6077095,-111.9184724],[182,48,140,11,119,109,38,210,39,40,63,7,142,49,320,321,193,59,33,26]
w70p852jPyabsc2JEIis4w,33.51315,-112.073765,5,[33.51315,-112.073765,33.51315,-112.073765],[11,63]
WuNVG7w2JUdPNx1T8kasaw,33.290397,-111.720443,1,[33.290397,-111.720443,33.290397,-111.720443],[78,79]
xsK2oFHwkga91yOU0nBmJA,33.522985750000004,-111.97799950000001,12,[33.5160662,-112.029562,33.5299053,-111.926437],[265,11,483,161,28,65,17,29]
mU0ESwytTrBT3bxTC6iw5Q,33.683479,-111.966112,85,[33.683479,-111.966112,33.683479,-111.966112],[161,28,29,17,65]
vegaZFPIxGvZjGXqIyzzsQ,33.56024565,-112.05648969999999,3,[33.5384203,-112.1839297,33.582071,-111.9290497],[99,24,185,11,27,63,33]
cUzNRahR2SgTos8AL_5RDg,33.3841653,-111.9265829,16,[33.3013903,-112.0118669,33.4669403,-111.8412989],[62,26,17,11,63,159,32,7,8]
wx-HeVOWvdQ4dHfhK4sY3w,32.924178,-111.757105,6,[32.924178,-111.757105,32.924178,-111.757105],[63,27,11]
gRED7aIVMxBROKJdiTPFFQ,33.569728,-111.886203,8,[33.569728,-111.886203,33.569728,-111.886203],[39,38,212,128,11]
w4MXUsyrlm0bnLl5cgkEyg,33.534203,-112.2618153,200,[33.534203,-112.2618153,33.534203,-112.2618153],[182,99,11]
45YvNWmNY6xsYQY7HXd0Rg,33.3786776,-111.8412591,11,[33.3786776,-111.8412591,33.3786776,-111.8412591],[71,72,297]
77js9IltY3IsnDNxoP9t6g,33.4743013,-112.0649235,1,[33.4743013,-112.0649235,33.4743013,-112.0649235],[27,11]
1KylanGB0KHEmXGHHM9v8g,33.5096045,-112.0257401,1,[33.5096045,-112.0257401,33.5096045,-112.0257401],[126,11]
X1udS3Ad1tmcXw0hv69NLw,33.468003949999996,-111.97724635,3,[33.4259681,-112.0146407,33.5100398,-111.939852],[33,38,39,11,26]
8otDLb5-bv3ZEH0LWj1u8w,33.46526865625795,-111.925104136326,94,[33.303233,-112.165567972652,33.6273043125159,-111.6846403],[26,11,109,38,48,39,24,7,47,88,28,240,241,224,27,194,63,33,137,8,139,99,474,40,309,119,285,84,147,149,251,57,69,36,138,265,352,13,6,4,5,425,160,365]
yMyi41laTTfuPtrDu5nPiA,33.6657455,-112.1170653,4,[33.6657455,-112.1170653,33.6657455,-112.1170653],[54,324]
oqO0Ds9VyjNsFLRPQGENcg,33.510026,-112.024174,1,[33.510026,-112.024174,33.510026,-112.024174],[48,11]
SX77B1SZjC59GwzmodNqNA,33.501161,-111.925513,1,[33.501161,-111.925513,33.501161,-111.925513],[206,11]
7QfecHRoPxw-Uu2GMkGyzQ,33.5612589,-112.1156244,102,[33.5612589,-112.1156244,33.5612589,-112.1156244],[48,185,11]
B0YS-5VHDsnBuvaOssI4_Q,33.5172714,-112.08567635,7,[33.5092756,-112.0995348,33.5252672,-112.0718179],[33,11,48]
0N3g3U02PR8iCyY7BdP0dw,33.5008018,-112.0824532,2,[33.5008018,-112.0824532,33.5008018,-112.0824532],[26,11]
EJaf8afUqC1xEV0BouExdw,33.4555686,-111.9329835,16,[33.418499,-111.940346,33.4926382,-111.925621],[7,36,99,11,108,119,63,26,377,177,140,24]
L2fVx3VWAReuH0KM8vOOBQ,33.6401752,-111.9951643,1,[33.6401752,-111.9951643,33.6401752,-111.9951643],[33,99,26,11]
FOgD-n23sDTEm03vtIp1QQ,33.5566825,-112.0242533,200,[33.43475,-112.0739,33.678615,-111.9746066],[33,44,11,26,28,170,7,8,6,270]
hFP7Si9jvdOUmmMesg4ghw,33.452253272397,-111.8989656073975,20,[33.321061644794,-112.0740123,33.5834449,-111.723918914795],[99,11,210,27,26,127,109,38,39,63,7,36,24,40,206,212,43,177,140,48,108]
Ot1cqaXtIu7X_1vQdIYwrA,33.4082537,-111.90666095,2,[33.3939663,-111.9091437,33.4225411,-111.9041782],[33,44,11,71,72,184]
F2zmXFFQMHW9J3sA2KSRlQ,33.41003675,-111.93813285,20,[33.3202274,-112.0825915,33.4998461,-111.7936742],[99,11,38,143,39,205,7,137,8,139,48,101,40,117]
lJkAh61J1180sPmdt4OK4A,33.60347691659655,-111.9089332161665,4,[33.5828297331931,-111.9307637,33.6241241,-111.887102732333],[119,99,11,168,265]
hoWQwHk3n8RQSonNGyuJig,33.5086952779617,-111.927080154419,69,[33.5086952779617,-111.927080154419,33.5086952779617,-111.927080154419],[99,11]
Asw9ysZPFqGdVkAXXXjLYg,33.28435345,-111.7664355,13,[33.212235,-111.857818,33.3564719,-111.675053],[129,278,79]
vk9FhL9JFhl20nbhe6bU_g,33.304492,-111.873637,4,[33.304492,-111.873637,33.304492,-111.873637],[212,26,43,11]
OGft0wrd0hQxRavfrpp12A,33.5102068,-112.0272041,1,[33.5102068,-112.0272041,33.5102068,-112.0272041],[265,11]
oyd0PgqeAJt6ucRdyfUL1Q,33.4805419,-112.0333868,10,[33.4487652,-112.0714186,33.5123186,-111.995355],[38,11,99,128,39,7,142,224,119]
ko_eZrcFZfVL7tX3nQqukA,33.62342,-111.891906,3,[33.62342,-111.891906,33.62342,-111.891906],[24,11]
ERjpvYJvL_36PwuliJwJ3Q,33.412437,-111.857159,121,[33.412437,-111.857159,33.412437,-111.857159],[7,9]
RLd5uOdMBjUOQGjlb-6lgw,33.7887069,-112.12338045,2,[33.7129847,-112.1353054,33.8644291,-112.1114555],[185,11,27]
XTFE2ERq7YvaqGUgQYzVNA,33.57625055,-111.93412699999999,200,[33.3367611,-112.084094,33.81574,-111.78416],[7,142,39,38,128,11,24,26,49,52,333,326,8,6,116,36,113,99,88,89,44,127,224,445,66,157,103,30,13,208,130,32,35,247,25,47,48,104,161,195,65,72,148,154,328,421,479,139,40,184,63,27,298,45,307,212,43,54,317,126,97,111,112,17,119,77,76,98,189,10,314,28,29,236,137,115,372,204,434,145,57,302,110,1,141,200,109,327,368]
YzUAzn4NkLxk8FbwXa1rNA,33.640149,-112.42085,1,[33.640149,-112.42085,33.640149,-112.42085],[78,79]
0Lgvvc1LbAgC5SkFZBh7UQ,33.3782275,-111.9297442,2,[33.3782275,-111.9297442,33.3782275,-111.9297442],[33,11]
so9owE1BlWDslVNZJUYugA,33.49337215005375,-111.9252830978335,48,[33.4925020001075,-111.9264472,33.4942423,-111.924118995667],[39,119,48,38,11,99]
Rzq334DjzjfaE2ES6ELXmg,33.5313331,-112.00148665,5,[33.497568,-112.0737503,33.5650982,-111.929223],[48,11,109,38,39,26]
XEod01j7vuZv9bNKhKu7OQ,33.4942105286892,-112.0935676,11,[33.4566960573784,-112.261226,33.531725,-111.9259092],[119,11,43,309,285,7,33,142,24,63,38,143,39,205,182,48,140,206]
8iLXbmjrZJG3XBDFtmq0oQ,33.450785100000004,-111.8986652573975,44,[33.2774461,-112.0734116,33.6241241,-111.723918914795],[265,99,11,322,57,7,8,182,48,140,30,13,6,10,24,38,39,40,212,229,15,25,206,26,119,120,49,178,407,106,54,251,168]
J0SfO0ngv6iPBSpkJZM0tQ,33.4548476,-112.0800705,7,[33.4548476,-112.0800705,33.4548476,-112.0800705],[63,27,24,11]
ol7Ubb3i2OXPoG_PE8QeLA,33.397681472397,-111.90794405739749,5,[33.321061644794,-112.0919692,33.4743013,-111.723918914795],[27,11,403,121,79,99,26]
0S1VV4FaYOezlOLSr5I5EQ,33.5028607,-112.29094405000001,6,[33.453804,-112.5125131,33.5519174,-112.069375],[57,69,38,109,39,63,27,11]
AeKxYEybfws0rJNxksSEow,33.5009333,-111.9202691,200,[33.5009333,-111.9202691,33.5009333,-111.9202691],[38,99,39,40,11]
XOyIlaE0fVmba8HG496o8A,33.32211282016455,-111.77356292548501,12,[33.220784807586,-111.9638547,33.4234408327431,-111.58327115097],[98,7,99,11,27,33,119,24,190,28,140,109,38,39,88,89]
F_M4GMKXy2EUZFQeo_MtjQ,33.56431605,-111.97415075,4,[33.4881846,-112.0280324,33.6404475,-111.9202691],[48,11,159,32,38,99,39,40]
XeAiRyt8raaUKQ2d8d52aQ,33.5680837,-111.9688055,45,[33.5094352,-112.0464076,33.6267322,-111.8912034],[105,65,224,11]
Oh6Dd5mQ9A9vBKVvgbl1xQ,33.50501205,-112.09352150000001,39,[33.4487652,-112.1156244,33.5612589,-112.0714186],[48,185,11,38,99,128,39]
i4ua_FLh3vMhjjuvjfFBiA,33.572373,-112.124833,2,[33.572373,-112.124833,33.572373,-112.124833],[6]
3BByJyivbZ9sr33FtJGMWw,33.637775,-111.926212,36,[33.637775,-111.926212,33.637775,-111.926212],[11,63]
qFZkU_iO6KjU-_5BptIu9A,33.423212753792995,-111.922543225485,151,[33.220784807586,-112.2618153,33.6256407,-111.58327115097],[30,13,6,10,24,11,26,352,48,168,43,119,45,44,127,161,65,133,7,137,8,139,63,212,49,417,80,59,39,38,128,126,97,99,27,98,12,114,115,57,327,69,108,116,36,113,322,173,112,33,368,15,191,292,52,296,162,190,28,140,210,208,130,32,35,293,19,20,23,25,265,182,185]
uCep3az_VaZqIjQ5QdhBSg,33.42276847403005,-111.90259295,18,[33.3070935480601,-112.1830859,33.5384434,-111.6221],[26,11,27,311,46,6,112,151,7,189,10,24,15,191,142,98,206,457]
OD5nkH4uJDDTJQdmaltDAw,33.53798285,-112.07716355,16,[33.4368294,-112.150244,33.6391363,-112.0040831],[32,203,11,63,7,139,416,27,10,24,210,168,181,229,251,48,26,120]
smznpVwQmkd-yBO3mwgvAQ,33.53346689999999,-112.06038085,5,[33.503246,-112.1342038,33.5636878,-111.9865579],[352,11,71,72,78,79,32,203]
enIF8FQdcOP_en9-uzGKpQ,33.4663793,-112.1565834,4,[33.4660496,-112.254727,33.466709,-112.0584398],[10,24,11,64,65]
mUxXYbG5E3YOL67SRZOo5Q,33.78364995,-112.11843404999999,33,[33.7129653,-112.1251372,33.8543346,-112.1117309],[7,36,123,65]
DWMoZnjPqigrR5O8XNOeiw,33.492381,-111.9259469,18,[33.492381,-111.9259469,33.492381,-111.9259469],[265,48,11]
OGrOb2S0XsdO3FbxLRt2dA,33.493947,-111.922301,1,[33.493947,-111.922301,33.493947,-111.922301],[351,57,186,6,39]
1VrJvqp1K9K89GsXhSVW8Q,33.495030650000004,-112.02642639999999,11,[33.480716,-112.0588374,33.5093453,-111.9940154],[38,39,293,177,140,11,210,26]
BntfIcUY8sEMXoilr1Kt9w,33.53682758462115,-112.0025551182085,18,[33.449188,-112.0772,33.6244671692423,-111.927910236417],[68,366,24,11]
vq8QNhwlURbiXi4HBX8J_w,33.3044926129824,-112.052822113037,2,[33.3044926129824,-112.052822113037,33.3044926129824,-112.052822113037],[175,129,278,79]
fxYDwL3hzjv1wjY5PeetYg,33.50471905,-112.025754,3,[33.5044082,-112.0823438,33.5050299,-111.9691642],[57,39,145,161,28,65,17,29]
RjS5qr8InS5Rcf-kAfA43g,33.305568403793,-111.686554075485,178,[33.220784807586,-111.789837,33.390352,-111.58327115097],[7,292,142,63,27,11,26,24,190,28,140]
MviVPaKqKErE1_nQchL_Mg,33.3931628,-111.9080584,4,[33.3931628,-111.9080584,33.3931628,-111.9080584],[84,124]
4_6WIAoK4jSoNgCNqBpufw,33.539257,-112.181569,1,[33.539257,-112.181569,33.539257,-112.181569],[251,11]
qFaMluDxhboWKY-vp_8OCg,33.4283475,-111.83953335000001,4,[33.419866,-111.839696,33.436829,-111.8393707],[177,140,11,83,6]
ltCiu6DRJT3gi-EF8yivHQ,33.530156500000004,-111.939700725065,200,[33.4322113,-112.0429513,33.6281017,-111.83645015013],[26,11,33,44,27,98,7,119,24,28,17,29,126,97,8,6,45,88,38,39,298,271,10,9,185]
zFWvlykZHCKjBjiYgxk8Xg,33.30487855,-111.98755555,6,[33.3046962,-111.9973418,33.3050609,-111.9777693],[74,24,11,44,127]
8QnZXXA_yJRd_eYWOzcYUQ,33.36450625,-111.8910468,7,[33.3028522,-111.939838,33.4261603,-111.8422556],[27,11,38,99,128,39,98,7,24,26,126,97,9]
L5_LHkhWAHtubpCPWbkm4Q,33.2781910533323,-111.71159399362199,2,[33.2198033,-111.859488487244,33.3365788066646,-111.5636995],[97,11,24]
JSBmg5qvHE0TKAXSeTKaHw,33.4922985,-111.9245517,16,[33.4922985,-111.9245517,33.4922985,-111.9245517],[210,11]
YdzFXqvZ-o9VinIzwzJ11Q,33.4070679,-111.9680808,6,[33.31898,-112.0598246,33.4951558,-111.876337],[38,143,39,33,44,11,224,7,162,43,128]
UK5TjQAKOmee7zSV7KVfRg,33.4354553,-112.0739136,37,[33.4354553,-112.0739136,33.4354553,-112.0739136],[309,285,11]
rEwVZGyEcUVi8eTuOke9_Q,33.581787,-111.923672,1,[33.581787,-111.923672,33.581787,-111.923672],[104,65]
