yThsdYoewPs9eWoSATTDsQ,33.332733,-111.946971,6,[33.332733,-111.946971,33.332733,-111.946971],[65,133]
6Z638tiXuMXpp1OvsIVl1A,33.360804,-111.859837,1,[33.360804,-111.859837,33.360804,-111.859837],[229,11]
0MP5D8x7K_CpJXSYgyfSWw,33.6177796,-111.9258843,3,[33.6177796,-111.9258843,33.6177796,-111.9258843],[26,11]
oHHtTyZe4OZ_lwqJUPkiIg,33.4504828,-112.0739897,3,[33.4504828,-112.0739897,33.4504828,-112.0739897],[28,17,29]
aj_KGzzcR-l7sewDnApqDA,33.633305,-112.236293,1,[33.633305,-112.236293,33.633305,-112.236293],[7,292,99,48,11]
p26pVMjV_Atw0uHra2ksLw,33.541547,-111.9211649,5,[33.50123,-111.92405,33.581864,-111.9182798],[38,11,99,128,39,26,293,48]
GRs-jOkC-bdgkaPeNt3qhg,33.321342,-111.982554,3,[33.321342,-111.982554,33.321342,-111.982554],[7,108]
Btmz1D-N3In2Mrs_HZAi-w,33.6455682097528,-111.917118430138,1,[33.6455682097528,-111.917118430138,33.6455682097528,-111.917118430138],[28,158,17,29]
zCpIz251UMRjlbwurogj5A,33.3549553,-111.7897347,1,[33.3549553,-111.7897347,33.3549553,-111.7897347],[109,38,11,39,63]
c6kewCQwvK1drooJJziYRQ,33.466401,-112.392713,2,[33.466401,-112.392713,33.466401,-112.392713],[44,11]
znJZPwdZOliFbhllS9A15w,33.44309045,-112.03827285,200,[33.43475,-112.0701057,33.4514309,-112.00644],[48,11,7,108,119,28,170]
xMMaHJpjGMn9sInxeAXUZw,33.622009,-111.90459,2,[33.622009,-111.90459,33.622009,-111.90459],[28,290,241]
--M-cIkGnH1KhnLaCOmoPQ,33.444801984944,-112.07211772211,6,[33.444801984944,-112.07211772211,33.444801984944,-112.07211772211],[38,99,39,128,185,11]
27XgbhnPUPiNFF-wnovvsg,33.50464100000001,-111.96589230000001,2,[33.499236,-112.0140832,33.510046,-111.9177014],[126,11,7,313]
icwKrewaTMASV0RddfV4lQ,33.4477082,-112.070093,15,[33.4477082,-112.070093,33.4477082,-112.070093],[168,265,99,11]
Zm7zFXOf4TQ6Jm7CWpm5SA,33.501821,-111.919938,15,[33.501821,-111.919938,33.501821,-111.919938],[265,185,11]
3ESLcETiqQObHZRMDZj7bA,33.2915794964691,-111.752586364746,4,[33.2915794964691,-111.752586364746,33.2915794964691,-111.752586364746],[28,17,29]
UO-oal1Vpjwz_H_tIAnCyw,33.96907455,-112.72922779999999,22,[33.969064,-112.7294646,33.9690851,-112.728991],[185,11,39]
SAAMpBGcVVNAww_4yZpIoA,33.45519735,-111.93345433693301,102,[33.2711537,-112.0800705,33.639241,-111.786838173866],[7,292,98,63,27,11,126,108,338,127,99,33,48,57,306,119,212,229,185,24,451,313,49,38,39,128,341,69,142,97,352,139,8,36,322,109,26,285,201,168,80,82,59,439]
CwDysiFD6J2YpD3iIzYlbA,33.4117363,-111.9696301,8,[33.4117363,-111.9696301,33.4117363,-111.9696301],[28,17,29]
f3c1Ytjs0FAXtdH09P4mKQ,33.6109074,-112.1842033,4,[33.6109074,-112.1842033,33.6109074,-112.1842033],[127,11]
KBr7UXlfD-Qrq8dk4o2XMw,33.67080825,-111.964248446507,4,[33.5094461,-112.0403946,33.8321704,-111.888102293014],[63,27,11,7,47,48,15,6,191]
hqGS_HnKxlVtQUfmjYdRkA,33.405658349999996,-111.86877662712999,41,[33.3021074,-111.993252,33.5092093,-111.74430125426],[27,11,224,340,126,38,251,39,40,212,26,43,63,99,140,48,33]
JgzKSNpR3_F50Ty-oIhJ1w,33.41494175,-111.9492396,7,[33.3496805,-111.9825532,33.480203,-111.915926],[26,11,7,189,10,24,38,47,88,39,48]
d0sCE2oufgdNtfqmPey28g,33.3102788,-111.8340775,6,[33.271662,-111.859126,33.3488956,-111.809029],[180,20,23,119,11,17,62]
B0aCOuH17KsUU8lhIAlM2A,33.55589115,-111.92578,8,[33.5299053,-111.926437,33.581877,-111.925123],[27,11,265,483]
isdxW53gec1hzQbDCRAGKg,33.5668658,-111.99094515,2,[33.5528968,-112.0550321,33.5808348,-111.9268582],[84,6,166,339,33,48,307,11]
xRFpkLQjNQECRwBufmfn4A,33.4793224,-111.99824875,38,[33.4673017,-112.0734116,33.4913431,-111.9230859],[322,57,56]
7o5gNRyBh-do_xuwBljtFA,33.4587863,-112.070415,1,[33.4587863,-112.070415,33.4587863,-112.070415],[7,449,119,108,11]
7RHJ0Djw7fP-ZhPvRiUDsQ,33.421617342644,-111.9466751753,5,[33.421617342644,-111.9466751753,33.421617342644,-111.9466751753],[63,27,11]
kHc9iQVDvui8qQBB2-ppnQ,33.4808751,-111.84089399999999,6,[33.3805962,-111.927268,33.581154,-111.75452],[33,99,44,11,84,345,6,346,54,55,122]
hV7LnO8iO4py1TLzrU6pwA,33.24463,-111.63408,2,[33.24463,-111.63408,33.24463,-111.63408],[212,41,11]
8fhnxIkuGyXner8qB08B-Q,33.4731644,-112.1040573,5,[33.4354553,-112.134201,33.5108735,-112.0739136],[43,11,309,285]
c4NroT-MY7z92jWHfmQYqw,33.4691316,-112.0475116,2,[33.4691316,-112.0475116,33.4691316,-112.0475116],[26,11]
BE5TJpMW_t0tHIe4R526cw,33.46564068079765,-111.832379939514,2,[33.31081,-111.892747879028,33.6204713615953,-111.772012],[63,117,24,11]
Qh1Js18FjCu4raNALIyqRA,33.483281,-111.926895,49,[33.483281,-111.926895,33.483281,-111.926895],[63,27,11]
ekH3xnyLRnpY9rlRBpt20A,32.8948719,-111.7548189,13,[32.8794202,-111.7573007,32.9103236,-111.7523371],[11,27,307,63,26]
IMAqSRto3KdQzitXx8cfIQ,33.566874299999995,-111.9763744,39,[33.5102068,-112.0272041,33.6235418,-111.9255447],[48,11,33]
bUQ24S-0ELEj-rAtJ8TEmg,33.5657174,-112.03739784999999,6,[33.4922985,-112.150244,33.6391363,-111.9245517],[48,11,210]
2P7tNTUPoaN92qEb-UFJcg,33.2612195,-111.8848787,2,[33.2612195,-111.8848787,33.2612195,-111.8848787],[109,38,27,39,11]
Tzyfcb0RRR4XN6rRAdSn4Q,33.511132,-112.02476,6,[33.511132,-112.02476,33.511132,-112.02476],[28,17,29]
yMQHn_kmQF1_47d79oGhvQ,33.477178,-111.925799,17,[33.477178,-111.925799,33.477178,-111.925799],[119,48,24,11]
jBlILpqhMq3l4wnyAw6Y0Q,33.75285035,-111.94757179999999,81,[33.6753306,-111.9633729,33.8303701,-111.9317707],[48,11,38,39,40]
MIUyyxrnBcY0K4UwKLXskA,33.5020965,-112.035115991391,6,[33.4949032,-112.040011882782,33.5092898,-112.0302201],[39,119,48,38,11,169,97]
eXFNV1o6x7oWRP6V_tf5BA,33.3782224,-111.9364223,6,[33.3782224,-111.9364223,33.3782224,-111.9364223],[7,142]
Cwr3rdAuS_OiAjCsmhQqOw,33.500545,-111.9264093,18,[33.500545,-111.9264093,33.500545,-111.9264093],[119,99,11]
TVkoUAhb0SHTVsiO4gTcZw,33.3365788066646,-111.859488487244,3,[33.3365788066646,-111.859488487244,33.3365788066646,-111.859488487244],[97,11]
Gp0olr_CLDOFC4NYn0h9gA,33.45207175,-111.99583870000001,13,[33.3947699,-112.0827836,33.5093736,-111.9088938],[38,11,99,128,39,7,108,26,40,57,145,48]
k8_yraxwHMVNb0AlOGXOMQ,33.4073337,-112.0045864925535,15,[33.3051122,-112.082007,33.5095552,-111.927165985107],[27,11,54,55,122,256,108,7,182,139,137,48,36,8,63,172,119,98,24,6,204,65,292]
wmKJffJ8CHIdRLuLLi6Sgw,33.6241241,-111.9307637,27,[33.6241241,-111.9307637,33.6241241,-111.9307637],[168,265,11]
opBoaO-xNShH86ZW3N1RIA,33.4942363,-112.0304741,13,[33.4942363,-112.0304741,33.4942363,-112.0304741],[474,219,11]
kxfUWPT6PuwieZHonfXtLw,33.37867595,-111.75684749999999,4,[33.3786739,-111.757599,33.378678,-111.756096],[119,11,98,7,24]
5XeDEr-w6rA_gx7GOMpNlg,33.5090487,-112.0709232,4,[33.5090487,-112.0709232,33.5090487,-112.0709232],[6,32,35,75,76,77]
PHqfRoNsHKcvS24-yxxewg,33.477661499999996,-111.9504858,41,[33.3197988,-112.0364736,33.6355242,-111.864498],[33,99,24,11,7,98,10,9,108,47,48,63,27,163,13,6,118,126,97,38,39,26,65,133,212,43,149,229,177,140,44,169,224,30,142,218,41,323,64]
9VnQn_57H3AX2rZ8SZ-t5w,33.3156591,-112.0048589,5,[33.3156591,-112.0048589,33.3156591,-112.0048589],[382,11]
stIszgS5W0qa3YdNi7_W3Q,33.5011424,-111.9213147,16,[33.5011424,-111.9213147,33.5011424,-111.9213147],[28,17,18,29]
f0RDEVxirqahwZtu4S4j6Q,33.3781837,-112.0106146,138,[33.3781837,-112.0106146,33.3781837,-112.0106146],[39,38,99,128,11]
0mexjVjQhWQKI0g4WcXf4A,33.5020036165904,-111.928035020828,1,[33.5020036165904,-111.928035020828,33.5020036165904,-111.928035020828],[168,99,11]
gxYmnUy29lXBb9swLo-q0w,33.564673150000004,-112.1089632,3,[33.5605177,-112.1180868,33.5688286,-112.0998396],[43,11,120,32,95,222]
Wv8xGhXZTRtj15cQV_7HpQ,33.3805282,-111.83579259999999,17,[33.2811759,-111.9882712,33.4798805,-111.683314],[33,99,44,11,296,10,182,26,48]
jDr25VJa4a17nYtZc_kyLw,33.45,-111.97,2,[33.45,-111.97,33.45,-111.97],[92,15,6]
lfL5TwtLEysByWl-aHu3-w,33.46805425,-112.0627003,6,[33.4354553,-112.077889,33.5006532,-112.0475116],[27,63,24,11,26,309,285]
PnwJeGR0FhtTjK6t-Dumhw,33.6253241,-111.9403451,10,[33.6253241,-111.9403451,33.6253241,-111.9403451],[119,120,11]
AP35rhJO8vbAYPigWX0QdQ,33.451334,-112.073153,1,[33.451334,-112.073153,33.451334,-112.073153],[113,6,116]
VDO7PphrZzDyygAuaVL7IQ,33.41357955,-112.01929875,2,[33.378926,-112.0737845,33.4482331,-111.964813],[49,80,59,99,11]
m7ah-ru9glsJnFyqOr6Yqw,33.4864313,-111.92412405,2,[33.4716326,-111.9263131,33.50123,-111.921935],[265,99,11,39,38,26,128]
MwQatNNdT6pbOIuiVDE9tQ,33.566486,-111.9520506,200,[33.492335,-111.9955012,33.640637,-111.9086],[38,99,39,40,11,265,48,49,178,333,7,8,119]
bQzLun5k4H7X8KCENbbfSQ,33.4943868,-112.0042588,200,[33.4922985,-112.0839659,33.4964751,-111.9245517],[210,11,7,142,99]
ijGVaqRNIc1dNepOT03p2A,33.5790844,-111.8865662,2,[33.5790844,-111.8865662,33.5790844,-111.8865662],[13,6,115]
jLnr1X1-sfcdceLVptNEqg,33.4039,-112.004661,17,[33.4039,-112.004661,33.4039,-112.004661],[185,11]
dEqyN5C0z-9xnwnFw9J_OQ,33.6057387,-111.97192154999999,111,[33.5336234,-111.978579,33.677854,-111.9652641],[7,108,201,119,11,161,28,65,17,29]
ZqMS4ElQg-k1tQBC06h7lQ,33.539632,-112.00752045,26,[33.4235796,-112.0915342,33.6556844,-111.9235067],[38,48,39,11,99,17,18,26,212,126,97,7,47,128,63,27,24,88,32,95,222,43,101,33,185,40,119,205,120]
vyJxm4LcCUuWyz7QIeiyTg,33.5090018,-112.0409994,184,[33.5090018,-112.0409994,33.5090018,-112.0409994],[13,6,115,372]
YtNqutU6Quapds3WZHBCCA,33.4054642786595,-111.961510993245,200,[33.3640435,-112.07107588649,33.446885057319,-111.8519461],[32,222,17,28,95,29,63,27,11,99,26]
mXZScAQHK98KGqYCzuf_sQ,33.481964,-111.926779,2,[33.481964,-111.926779,33.481964,-111.926779],[202,72]
i-ws4XlBqcl9P4CLW11Gig,33.57384655,-112.2309985,26,[33.449233,-112.398055,33.6984601,-112.063942],[63,27,11,202,72,281,269,43,109,38,39]
8Y35BdSOzgQ1mnxJf8wthw,33.4399949,-111.9265,3,[33.4399949,-111.9265,33.4399949,-111.9265],[10,11]
oG7z4APa-gjggR5Sv1ivCw,33.5848468,-111.92324500000001,51,[33.5297976,-111.94439,33.639896,-111.9021],[11,63,185,177,140,340,210]
IXNwDvEKULb83dJkk0z4zg,33.524258700000004,-112.1449010063505,21,[33.392833,-112.359774112701,33.6556844,-111.9300279],[98,7,44,11,142,129,121,79,24,28,240,241,6,358,257]
Beh_tJFN8oMKQCFySbB3_g,33.49684245,-112.119996,11,[33.413158,-112.364213,33.5805269,-111.875779],[224,11,26,251,185,63,27,38,48,39]
vqRMDAwwo1PK--AQKfNZCw,33.494205,-111.931447,2,[33.494205,-111.931447,33.494205,-111.931447],[48,11]
fKNKrgHQ7cijaLEUvJlyxA,33.61751895,-111.95020305,2,[33.5984163,-111.9793285,33.6366216,-111.9210776],[41,361,11]
dk4GW5x4DoMmHAAifcI30g,33.305824,-111.991311,2,[33.305824,-111.991311,33.305824,-111.991311],[26,11,7,108,338]
5LPg2zyHQrjzQSkbMSthiQ,33.4200674671265,-111.906975773515,4,[33.407162534253,-111.90964874703,33.4329724,-111.9043028],[117,11,212,361]
lS1rCldEBJlFPaT2RVbPbQ,33.479911900000005,-111.9977012,12,[33.4527955,-112.0693177,33.5070283,-111.9260847],[48,11,7,36,17,18,119,201,24]
CCHwJoIWLRhxqIcwRJW6ag,33.57218455,-112.04132885,142,[33.3123284,-112.3645817,33.8320407,-111.718076],[6,70,84,262,7,142,108,48,11,60,177,140,61,13,24,26,185,173,112,12,22,8,148,30,57,39,145,36,27,63,204,65,43,32,302,110,1,141,45,248,15,191,175,129,332,79,121,9,35,76,168,42,41,98,17,111,113,119,99,137,139,44,202,72,254]
-_mDUXmM5CWo1Q4qwuoiPA,33.5222185,-111.9595033,45,[33.5222185,-111.9595033,33.5222185,-111.9595033],[28,17,29]
f8VHhBNt7DEiOhXvPPI8Jw,33.502674999999996,-111.95427000000001,200,[33.43475,-112.00644,33.5706,-111.9021],[28,158,17,29,170,38,48,99,39,11,168,265,212,43]
wvSoHwvcMaZop922gaxwrw,33.532081950000006,-112.263684,9,[33.4537199,-112.340385,33.610444,-112.186983],[98,7,99,11,30,8,13,6,110,169,138,48,139]
glZQX8P73FJhx9AY6FjG_A,33.3702541,-111.9741847,2,[33.3702541,-111.9741847,33.3702541,-111.9741847],[265,11]
hI0ulTnQrl5VEj8sULsmSQ,33.426351,-111.940137,1,[33.426351,-111.940137,33.426351,-111.940137],[1,427,384,507,426]
9Ji_zIR62hZ_saPeAcJZ5Q,33.479512,-111.996936,2,[33.457863,-112.068359,33.501161,-111.925513],[38,48,39,11,206]
W_7aQXf0uC4GKvte4tlewA,33.47035255098115,-111.9179519925535,3,[33.4537869019623,-111.927165985107,33.4869182,-111.908738],[182,172,11,39,119,26,38]
3SIjo6vQIvxwHKEpIHfaBg,33.4516715,-112.0733143,3,[33.4516715,-112.0733143,33.4516715,-112.0733143],[48,11]
fZUSfmsvxG6TtTcqi8mbQg,33.4150597,-111.94913405,4,[33.4073914,-111.951494,33.422728,-111.9467741],[88,38,39,89,11,224]
8DBCh1ykGdM71X25KNXiZg,33.45,-112.07,54,[33.45,-112.07,33.45,-112.07],[26,11]
gtV8fISoWrKLQpj-votEpw,33.5122248,-111.94187915,3,[33.5022311,-111.9595033,33.5222185,-111.924255],[126,97,307,11,38,39,40]
UyzxVm5ZZe-Gw-aFWRtOsA,33.305423,-111.9470792,1,[33.305423,-111.9470792,33.305423,-111.9470792],[97,11]
-BgwjI1BPcU8MYcBFXVeuA,33.464277,-112.269802,2,[33.464277,-112.269802,33.464277,-112.269802],[65,133]
FQZmI6XjKlGCs5yC-VD-8Q,33.7005934,-111.9235128,1,[33.7005934,-111.9235128,33.7005934,-111.9235128],[26,11]
PM8xtdN9vM-rwPKXfFdwVw,33.5011424,-111.9213147,1,[33.5011424,-111.9213147,33.5011424,-111.9213147],[28,17,18,29]
VZP9FjwoV1MBWvoGQNyK0Q,33.3778548,-112.0323812,5,[33.3778548,-112.0323812,33.3778548,-112.0323812],[27,11]
3R7TY0O1XW5xDqUszeRxdg,33.5293874,-112.0649938,1,[33.5293874,-112.0649938,33.5293874,-112.0649938],[4,6]
pcByNliykL-7k2Epb9Qn-Q,33.6172151,-112.17686574999999,4,[33.5958042,-112.2226374,33.638626,-112.1310941],[64,123,65,10,27,11,212,361]
2UTpsEcIhg8sJjbIrKhyDw,33.556365799999995,-112.10910870000001,9,[33.4576266,-112.1709674,33.655105,-112.04725],[7,168,26,11,99,120,126,97]
bIerBrGrUy-8eq-lGdEYaQ,33.366076199999995,-111.88786569999999,6,[33.2452342,-111.9366872,33.4869182,-111.8390442],[7,33,48,47,11,26,27,39,119,38]
y-U_S1LUaCknqdi9PG2ftg,33.46261145,-112.04870145,2,[33.4594331,-112.0650431,33.4657898,-112.0323598],[26,11]
gQu4pSwqa6jQP9sAFRyfNg,33.667728999304,-111.978514194489,3,[33.667728999304,-111.978514194489,33.667728999304,-111.978514194489],[322,57,39,145]
m1Pp3Naq24MtdhkAlCfJ_w,33.534433449999995,-111.9358003,15,[33.393868,-112.0816756,33.6749989,-111.789925],[7,292,27,11,49,445,66,52,142,24,33,140,177,285,313,57,327,126,97,36,182,10,99,63]
sA0sK9l9VxsynxvrOgmBXQ,33.4950868,-112.0010115,8,[33.4770236,-112.073765,33.51315,-111.928258],[109,38,48,39,11,63]
2hXL2ExBsgjJNpm6BJy0lg,33.48146715,-111.99763765,27,[33.425938,-112.0909725,33.5369963,-111.9043028],[71,72,7,36,182,24,11,88,38,48,39,98,206,108,63,33,117,126,97,311,212,361,251,292,139,307,172,119,177,140]
iIH68V0_kN1uUjZd1Mq6iA,33.5044193,-112.0475633,2,[33.5044193,-112.0475633,33.5044193,-112.0475633],[206,11]
MRjjY0cGZ0h_g0bWoxu6Zw,33.4483771,-112.0740373,1,[33.4483771,-112.0740373,33.4483771,-112.0740373],[57,56]
1IN64kMGtO88yd3r6iUV6g,33.36681545,-111.88376015,12,[33.3059969,-111.9102573,33.427634,-111.857263],[224,182,11,63,27,38,26,39]
Qo2TwdXQs1S4jWAgpsQwig,33.299873,-111.842586,2,[33.299873,-111.842586,33.299873,-111.842586],[33,119,11]
M090koQhXfeBj7HN33S0Nw,33.5971222161484,-111.91680901608399,4,[33.5690606322968,-111.943525,33.6251838,-111.890093032168],[168,265,11,63,24]
MtgH4ksVOPSF2pAq3Fw2gw,33.4927555,-111.85965719864501,18,[33.306896,-111.9776027,33.678615,-111.74171169729],[265,11,7,292,99,48,104,6,204,65,126,12,114,13,108,182,140,274,46,30]
1EAnCUMgnXN4IDgetOV7tg,33.327278,-111.858116,15,[33.327278,-111.858116,33.327278,-111.858116],[251,11]
CaHtNwwC-V5wI8wh68uOGg,33.4953688,-111.9940154,16,[33.4953688,-111.9940154,33.4953688,-111.9940154],[177,140,11]
w3vY_AOPTy-qCRM6ySOu7g,33.4764284,-111.9086193,2,[33.4764284,-111.9086193,33.4764284,-111.9086193],[6,284,32,35,337]
210fryw-4xv6bKYaPm3k8A,33.3496582,-111.8212381,2,[33.3496582,-111.8212381,33.3496582,-111.8212381],[26,11]
06FvM-0mpGxQSfoV4Em7bg,33.5412575,-112.07432030000001,31,[33.4039,-112.174034,33.678615,-111.9746066],[28,17,29,33,99,44,11,7,36,224,185]
gJSxh2i87r1fqU7zciXNCA,33.425213150000005,-111.99246825,5,[33.3926383,-112.073845,33.457788,-111.9110915],[64,61,13,6,65,7,108,186,57]
NsvssAUddUd9j1hyvgkQDg,33.413399,-111.909728,2,[33.413399,-111.909728,33.413399,-111.909728],[38,11,99,128,39]
hp-IjuBuuksO7sJO7cQdOg,33.4219869,-111.9366872,65,[33.4219869,-111.9366872,33.4219869,-111.9366872],[33,11]
bry0tafQUcYC0uaJM8euMw,33.4874748,-112.0830342,1,[33.4874748,-112.0830342,33.4874748,-112.0830342],[26,11]
68vtzjl2k58XqrT89KU8xQ,33.535654199999996,-112.0907117,200,[33.43475,-112.26167,33.6365584,-111.9197534],[28,170,57,327,17,29,33,44,11,119,120]
qQzeJBkwo-bqHNQ_nTOA0Q,33.5644877,-112.01284905,7,[33.488527,-112.1001451,33.6404484,-111.925553],[251,11,43,27]
nkK3kbaiPAeR0puZ3GtZjQ,33.3488416,-111.8578669,18,[33.2188893,-111.9259092,33.4787939,-111.7898246],[98,7,24,11,97,229,309,119,285,162,108,65,133,43,99,265,168,126,212,62,26,17]
Ik0YoTcM_kt9FbjRpTkiyw,33.46747705,-111.91596064999999,4,[33.4329724,-111.9276185,33.5019817,-111.9043028],[38,48,39,11,212,361]
JPJDHHyWkOdqvH04LVXWDg,33.54425705,-112.25841084999999,3,[33.534203,-112.2618153,33.5543111,-112.2550064],[182,99,11,49,80,82,59]
c9_d0ilKJqs3ltUB3Wfl-w,33.597361,-111.9813513,1,[33.597361,-111.9813513,33.597361,-111.9813513],[63,27,11]
w6jF33iyyvF6QjzCBfPURQ,33.410767292925996,-111.91379325,8,[33.320203785852,-111.9878697,33.5013308,-111.8397168],[38,48,11,128,39,26,119,24,44,192,43,149,126,97]
LkSL7cmoVQ0AcddhxI6n1A,33.54896585,-111.89485806232051,6,[33.4862787,-111.925004124641,33.611653,-111.864712],[38,11,109,39,27,63]
c-TUbD4amF6MnSwEDO-PfA,33.5754755,-112.0651592,3,[33.5754755,-112.0651592,33.5754755,-112.0651592],[119,11]
XErR7zjX8_VCLfMsDkrc3g,33.4566960573784,-112.072327136993,73,[33.4566960573784,-112.072327136993,33.4566960573784,-112.072327136993],[119,11]
0AZPm9X5V-and7oT-Lbtwg,33.5067574323239,-111.9573113,6,[33.418418,-112.0740526,33.5950968646478,-111.84057],[26,11,17,18,38,39,28,29]
216aKMgQlAnsnwPGZMLplw,33.32728535,-111.91858665000001,5,[33.305675,-111.9766015,33.3488957,-111.8605718],[168,42,43,11,63,126,97]
Fmt0olUuao1RDrREIMEVnw,33.421303,-111.916969,1,[33.421303,-111.916969,33.421303,-111.916969],[373,97,11]
goFvtFPw2m9zdQsHyC8_nw,33.44368825,-111.95433455,50,[33.4078685,-112.074206,33.479508,-111.8344631],[74,24,11,117,26]
qod4Kbf69AzdXp6TZ749lQ,33.4252206,-112.00600700000001,3,[33.3051122,-112.043169,33.545329,-111.968845],[26,17,18,11,7,189,10,24,108,119,172]
PNAkqna65eJq8Od5dl1iDA,33.5316562,-112.087285344735,58,[33.362719,-112.34971999097,33.7005934,-111.8248506985],[7,142,120,26,127,11,54,55,109,38,210,39,79,121,8,138,139,108,57,48,62,17,69,224,27,249,6,15,182,172,33,119,99,63,24,218,307,40,141,89,140,186,177,143,212]
aCVlsdLTSuwWq18VnrODRg,33.388923750000004,-111.8371942,2,[33.3845874,-111.8686061,33.3932601,-111.8057823],[26,11,24]
fZ7nohfngN9hyiTbTX-xDw,33.491645,-112.073196,3,[33.491645,-112.073196,33.491645,-112.073196],[38,140,39,40,48,11]
Z-LazuDKxE64EK3cvscwlQ,33.486807,-112.077012,9,[33.486807,-112.077012,33.486807,-112.077012],[28,17,29]
G0HVFc8Ww078uWR3CDTEuw,33.4480659,-111.9270202,79,[33.4480659,-111.9270202,33.4480659,-111.9270202],[182,218,11]
3VcjehlwzA8qweDNq9KVFg,33.433280314548,-111.86785443513801,6,[33.4078685,-112.065567970276,33.458692129096,-111.6701409],[27,11,117,26,98,7,108,49,193,59]
Dj0qqO_39Db6OfmBGS24Eg,33.49813535,-112.07304055,30,[33.4576266,-112.0986063,33.5386441,-112.0474748],[168,26,11]
ddxX1lJh6iYmPULfuky17g,33.444522649999996,-111.9164387,6,[33.3788385,-112.0272041,33.5102068,-111.8056733],[7,139,6,225,250,284,35,108,57,470,145,39,38,26,11]
lupr1QFYkd5LCg1wA-Cpew,33.41484895,-111.9202037,7,[33.4144553,-111.9207409,33.4152426,-111.9196665],[26,11,192]
bkP-yv8asuJMK0KGroZbOg,33.5024987,-111.9258947,1,[33.5024987,-111.9258947,33.5024987,-111.9258947],[7,292]
uhjdb25faschKphOZlgpJQ,33.4574895,-111.91454145,18,[33.413158,-111.9533039,33.501821,-111.875779],[33,119,99,11,265,185,251]
WRZTonJ-jHWSAzXI8mzJbw,33.6247596,-111.9329381,54,[33.6247596,-111.9329381,33.6247596,-111.9329381],[28,17,29]
dgeIeAaYB2QhU1gNff2fkQ,33.478639799999996,-112.01586565,63,[33.4608045,-112.0839659,33.4964751,-111.9477654],[99,11,57,470,145,39]
6POMlZx1zeGp9nVnuLrTxw,33.568430299652,-112.0046464,7,[33.4691316,-112.0837798,33.667728999304,-111.925513],[175,129,121,79,206,11,26,322,57,39,145,27,140]
Non083kPpJZjrLQSvFs9SA,33.4492838,-112.00329540000001,4,[33.4219869,-112.0800705,33.4765807,-111.9265203],[33,11,63,27,24,26]
BlpVYy_op_BFn-kbJAAM-g,33.4492272,-112.0722653,68,[33.4492272,-112.0722653,33.4492272,-112.0722653],[177,26,11]
WF4-Q8-PwTmQ5akORsZfRw,33.581855000000004,-112.217199,26,[33.581302,-112.25351,33.582408,-112.180888],[26,11]
c9KQKjRGGxmsFQubtJXIPQ,33.472564000000006,-112.06239780000001,3,[33.458871,-112.077177,33.486257,-112.0476186],[168,26,11,206,63]
NM09MXHEGiyK-cjyk1wiIg,33.5673334,-111.9152652,178,[33.3046998,-111.988131,33.829967,-111.8423994],[38,26,39,11,182,48,140,63,265,127,24,101,99,40,27,126,98,7,47,307,212,43,168,120,88,298,229,128,205,119,260,259,97]
oW3NRB_rNOoTId4tnyHOOA,33.508118,-112.027582,1,[33.508118,-112.027582,33.508118,-112.027582],[57,99,7,36,69,11]
C1Fx1PmWDDMVpziRUAmfqg,33.034868,-111.386046,3,[33.034868,-111.386046,33.034868,-111.386046],[177,11]
0zvTZ3YgFjBEVkkcTBUPvg,33.5612589,-112.1156244,4,[33.5612589,-112.1156244,33.5612589,-112.1156244],[48,185,11]
ucNVZmuKbhfCZMFU5roDjg,33.5826009,-111.898628,2,[33.5826009,-111.898628,33.5826009,-111.898628],[65,54,220]
XZv_mSbR59PM8qavcbaDFA,33.4272811,-111.9400902,4,[33.4272811,-111.9400902,33.4272811,-111.9400902],[119,48,11]
4TF-JKVuutnqmFU86YIKJg,33.5011424,-111.9213147,26,[33.5011424,-111.9213147,33.5011424,-111.9213147],[28,17,18,29]
duG423okNs-SCQhCZSCU6Q,33.4504575,-112.0743441,18,[33.4504575,-112.0743441,33.4504575,-112.0743441],[39,298,57,145,11]
eliGXCYoMxymGCEvw01alw,33.319374,-111.929326,153,[33.319374,-111.929326,33.319374,-111.929326],[43,11]
dxlvJ0STaAj0-MQ4XIobUQ,33.4783983,-111.99971819999999,4,[33.447521,-112.0718179,33.5092756,-111.9276185],[48,11,38,39,309]
xFdK5lgUdeT3bWC7_MvcyQ,33.43582295,-111.9860098,25,[33.3022462,-112.0740526,33.5693997,-111.897967],[33,117,11,26,27,119,48,24,6,284,35,352,168,144,99,65,133,126,38,39,63,265]
D9ry7SJ5vtsOc04b5zqkbQ,33.52895075000001,-111.97054155000001,80,[33.5271966,-112.0151722,33.5307049,-111.9259109],[11,63,119,99]
ts7EG6Zv2zdMDg29nyqGfA,33.50201,-111.9313599,200,[33.50201,-111.9313599,33.50201,-111.9313599],[265,11]
3jtW4thSdywIaB9jXmOelQ,33.6370611,-112.2239376,1,[33.6370611,-112.2239376,33.6370611,-112.2239376],[161,133,65]
bs1cBod3XAlXe7ywaOtQig,33.5612589,-112.1156244,20,[33.5612589,-112.1156244,33.5612589,-112.1156244],[48,185,11]
XvWLq99JG5FKl8yjy6WO6g,33.61204775,-111.9690985,6,[33.5997853,-112.0124654,33.6243102,-111.9257316],[43,11,119,201,99,7,292,48]
N7CEEzCnQiWqr9J-ngPQmg,33.487924199999995,-111.9088978,8,[33.3491162,-111.9265922,33.6267322,-111.8912034],[373,97,11,7,36,298,99,27]
s_Lqbda5QxhrChUdoHVMbw,33.4719589,-112.0649208,1,[33.4719589,-112.0649208,33.4719589,-112.0649208],[251,11]
qw-9YLeLbSt8PNrNrXubLQ,33.4774990171265,-111.978552823515,68,[33.407162534253,-112.0474569,33.5478355,-111.90964874703],[49,52,117,11,368,99,265]
clFFL3RqUck1lgw7nHLVRQ,33.379099,-111.7871938,1,[33.379099,-111.7871938,33.379099,-111.7871938],[7,36,8]
aEmK2g3GW_OSV85FfWRNPg,33.544893,-112.0815655,2,[33.522307,-112.092979,33.567479,-112.070152],[30,8,13,6,7,110,26,11]
mEx9JOykJZ5INh1BGUyHfA,33.5672627,-111.9259052,1,[33.5672627,-111.9259052,33.5672627,-111.9259052],[109,38,48,39,11]
bAUE1ujLPGYtT5XMB2ERiQ,33.4552321,-111.923066,18,[33.423546,-111.937394,33.4869182,-111.908738],[39,119,26,38,11,48]
gTJUFeB_k_8zPdnkzh9dNw,33.4222653,-111.9199824,36,[33.4222653,-111.9199824,33.4222653,-111.9199824],[7,98,10,9,11]
m_yUhRsYJ86K8cleWt9rNg,33.502312200000006,-112.01594885,3,[33.4953688,-112.0378823,33.5092556,-111.9940154],[177,140,11,7,142]
IM9xARNBPGVGL51ip-ZxEg,33.548933,-112.046248,3,[33.548933,-112.046248,33.548933,-112.046248],[48,11]
8WbBr6MRkW8dE9KUYA1yeA,33.458839,-112.082895,2,[33.458839,-112.082895,33.458839,-112.082895],[26,11]
zV3msH0av6f5UzGImXJ3Jg,33.4726901926666,-111.868286132812,2,[33.4726901926666,-111.868286132812,33.4726901926666,-111.868286132812],[328,32]
RKfpwsY9aLs84q9jmSQUYw,33.6402102,-112.0663313,1,[33.6402102,-112.0663313,33.6402102,-112.0663313],[93,3,94,32,95]
JEOtT8CZuUEb_ooyt8Tbww,33.5986425,-112.251327,3,[33.5986425,-112.251327,33.5986425,-112.251327],[211,32]
EH-RFdBfXEb_Fli0INYEaA,33.348162,-111.9819,19,[33.348162,-111.9819,33.348162,-111.9819],[26,11]
p4Qc-FwyDuKyCOgCrxn5Yw,33.4846488,-111.924878,7,[33.4846488,-111.924878,33.4846488,-111.924878],[28,17,18,29]
4WMLqFHdGBBJhpn_8NtlHQ,33.530002499999995,-112.06687980000001,14,[33.419309,-112.2245556,33.640696,-111.909204],[168,181,229,11,44,296,6,204,65,98,7,206,61,13,118,32,95,222,30,26,108,49,193,59,373,48,24]
hgmHst9wb_kZdYyBmQs5VA,33.56167605,-111.98668649999999,8,[33.498028,-112.047101,33.6253241,-111.926272],[168,265,11,48,119,120,352,26,210,206,27]
46imXf69k__uazBY3MIoag,33.2748213,-111.8602154,2,[33.2748213,-111.8602154,33.2748213,-111.8602154],[43,11]
qvEErUS-Xkssg9oKn9xNZg,33.49645435,-111.9248413,29,[33.4915779,-111.927751,33.5013308,-111.9219316],[38,48,11,128,39,27,119,224]
viD0hK1azNG1L5rFZGIS4w,33.5025941,-111.9296765,1,[33.5025941,-111.9296765,33.5025941,-111.9296765],[46,6]
xOl9XXCTHvvEAmorU83myg,33.48617565,-112.0374333,2,[33.4772147,-112.0736348,33.4951366,-112.0012318],[48,11,265]
9psg7Mwm68ojID5de7UDtg,33.6494322,-111.94591455,15,[33.4655863,-111.9955012,33.8332781,-111.8963279],[119,11,7,108,48,109,38,39,440,149,126,24,47,27,8]
ycPeDuvin9STKE3a9-rzAA,33.502298858295205,-111.928855760414,5,[33.5020036165904,-111.9296765,33.5025941,-111.928035020828],[99,126,11,168]
BfetZm9fa0zqyAFn8vo_6w,33.523703850000004,-112.0021014,38,[33.3637562,-112.0999,33.6836515,-111.9043028],[212,361,11,39,38,128,26,224,99,119,48,49,193,82,59,177,7,142,172,47,88,89,28,442,241,109,36,9,10,251,32,95,222,182,162,54,242,137,8,139]
XWBrNF7pN4pNOy3-iRqjcQ,33.492962,-111.927751,1,[33.492962,-111.927751,33.492962,-111.927751],[224,11]
8Bnw9_J2G3nZW1nkZwK9gA,33.37584765,-111.92290795,4,[33.214699,-112.0474809,33.5369963,-111.798335],[84,291,224,11,126,97]
_vqTpp_s1aKr2UobJyXkWQ,33.4925020001075,-111.924118995667,7,[33.4925020001075,-111.924118995667,33.4925020001075,-111.924118995667],[119,99,11]
upP6FTH739wJZTce4GTMbw,33.50071225,-112.01634175000001,23,[33.4471735,-112.109891,33.554251,-111.9227925],[168,181,229,11,39,205,48,202,72,49,161,65,231,233,33,6,193,59,98,7,108,24,156,30,13,137,8,139,26]
Z_q_y2oYgu0Z4ZjhPKvanw,33.4423345,-112.0736563,1,[33.4423345,-112.0736563,33.4423345,-112.0736563],[38,39,40,11]
XLYWSPdmrPR1V6gGwYycXw,33.6552412,-112.3532928,1,[33.6552412,-112.3532928,33.6552412,-112.3532928],[11]
z3Xplcl7rsnRlKjJtNchbw,33.5400134,-111.99540595,9,[33.4548476,-112.0800705,33.6251792,-111.9107414],[48,11,26,7,9,10,212,119,99,109,38,210,39,63,27,24]
uGsL74xWb-vDbXCn8u1LkA,33.365516,-111.9449635,13,[33.321266,-111.978279,33.409766,-111.911648],[126,11,43,26,39]
4kzKXPTbc4Y0kmTY6Ddpyg,33.409735,-111.857263,5,[33.409735,-111.857263,33.409735,-111.857263],[38,26,39,11]
Vom04czD9mcmmOWNpp-bYg,33.567474849999996,-111.92924525000001,16,[33.4366655,-112.1423825,33.6982842,-111.716108],[48,41,127,11,49,178,99,26]
MjV3R9vYXN3blo8g4-gYdw,33.5737667,-111.9055104,3,[33.5737667,-111.9055104,33.5737667,-111.9055104],[98,7]
wBXp986Y2LKeqXXNTWSafA,33.41495825,-111.96153050000001,3,[33.334712,-112.048271,33.4952045,-111.87479],[24,11,98,7,119,26]
e4miJMyDfV0yYjZTnruDGA,33.3604144,-111.778259,2,[33.3350458,-111.877429,33.385783,-111.679089],[168,42,43,11,265]
RTyeCDfJJQC03nuZxRZtDw,33.547137450981154,-112.0570229925535,15,[33.4537869019623,-112.18688,33.640488,-111.927165985107],[60,6,70,98,7,10,192,11,182,172,65,133,105,229]
qf7YVtwtcpoKNlE8IQZbJQ,33.44143115,-112.03912095,3,[33.3216034,-112.1156244,33.5612589,-111.9626175],[126,11,48,185]
KyLc8_fvQj7PyiMwcMct9A,33.385748,-112.08267090000001,3,[33.306806,-112.2797718,33.46469,-111.88557],[26,11,177,140,192]
92xuq-_hI6w9gBvmx1bfeA,33.361383253793,-111.755444825485,10,[33.220784807586,-111.9276185,33.5019817,-111.58327115097],[38,48,39,11,190,28,140,126,26]
PWRU-wuu7V8ZqDf2IXm2Jw,33.50201,-111.9313599,31,[33.50201,-111.9313599,33.50201,-111.9313599],[265,11]
lMwGa5cXj2qvbVg9pbDPkA,33.37619095,-111.8563269,5,[33.357612,-111.9088938,33.3947699,-111.80376],[32,203,33,117,48,11]
rXPE4maXWvCZQKL7_vadCg,33.494247,-111.92975,143,[33.494247,-111.92975,33.494247,-111.92975],[109,38,48,39,11]
Usvri5yLhTUVHwIKB_iwKw,33.667728999304,-111.978514194489,1,[33.667728999304,-111.978514194489,33.667728999304,-111.978514194489],[322,57,39,145]
-hK-GQ2OBxneL9Rh6P5k1g,33.404484249999996,-111.92069925000001,5,[33.3201271,-112.0054355,33.4888414,-111.835963],[84,32,336,318,37,99,11]
Pr1Z6jWvfYBZXozRsDMFWg,33.360864,-111.9203114,12,[33.222722,-112.0686108,33.499006,-111.772012],[27,11,71,72,39,212,126,293,7,138,8,139,63,285,185,43,49,178]
uP_gXCDGPZWgnPOBAUylWg,33.491645,-112.073196,1,[33.491645,-112.073196,33.491645,-112.073196],[38,140,39,40,48,11]
F04PZuHKAm_JVFuHpq_TOQ,33.3409449,-111.93679449999999,10,[33.3036623,-112.0144784,33.3782275,-111.8591106],[84,262,60,6,33,11,4,49,54,193,242,59,7,142,44]
WIp4lzMExKhs3MXfF92mWg,33.461020149999996,-111.97725845,2,[33.4268358,-112.0142961,33.4952045,-111.9402208],[98,7,119,24,11,13,6,115]
MqJdd9ph1CyS1OB44lp8vg,33.54813835,-111.98711105000001,76,[33.5123186,-111.995355,33.5839581,-111.9788671],[11,63,119,99]
y8DOiuo1f5AyCIuxQ2zzMg,33.832384,-111.934503,34,[33.832384,-111.934503,33.832384,-111.934503],[99,11]
Gjl-sAiljR2HLRN2oN5VeA,33.48273705,-112.0309459,5,[33.4552907,-112.0740221,33.5101834,-111.9878697],[98,7,25,6,43,11]
_czVhMtgTqM0BMT8VwocVg,33.4680136,-112.0764905,200,[33.4354553,-112.079081,33.5005719,-112.0739],[7,108,26,11,309,285,49,102,103,52]
k848OZYGQ1n86W7h_KWZyA,33.493385,-111.925028,2,[33.493385,-111.925028,33.493385,-111.925028],[7,139,24,11]
Iz4PAuSI6opJbRUy7VW7Mw,33.490011100000004,-112.03412445000001,7,[33.4668722,-112.0742672,33.51315,-111.9939817],[48,11,210,7,108,292,98,63]
yhSpkgVrCrQ8vlV6T07PNw,33.5389576,-112.1835909,1,[33.5389576,-112.1835909,33.5389576,-112.1835909],[12,13,6,22]
QXgSQedDa-ae4Iygesn4_w,33.5363302070276,-111.9671645,10,[33.4492,-112.0696,33.6234604140552,-111.864729],[63,27,11,71,72,224,212,43,38,99,128,39,307,214,239,98,7,8,137,139]
Q5XF9qgQBu4-ld84mbbF3A,33.5833257,-112.1240022,9,[33.5537698,-112.2701979,33.6128816,-111.9778065],[177,140,11,48]
7SBlJJfNCSnr8dZuxsQ3wg,33.537282450000006,-112.02804985,63,[33.49112,-112.079081,33.5834449,-111.9770187],[7,36,8,26,11,98,10]
cy55ierbLfK9kShx69xIVQ,33.5808348,-111.9268582,4,[33.5808348,-111.9268582,33.5808348,-111.9268582],[33,48,307,11]
DOOhXudu5_Ee8gz14HTWvA,33.559402899999995,-112.11488220000001,39,[33.5575469,-112.1156244,33.5612589,-112.11414],[48,185,11,28,17,29]
8SEU0lolGnsZ0rBCcGS8-w,33.444220230972505,-111.9315713081545,10,[33.320774761945,-112.1490084,33.5676657,-111.714134216309],[8,7,138,97,139,11,149,229,457]
bsaQbhhibvJaPvutORpftQ,33.39581315,-111.9331196,12,[33.3656883,-111.9548224,33.425938,-111.9114168],[7,108,192,11,101,38,39,40,88,99,26,27,177,140,377]
Alqz8MN0W_Uw54c6T4Hejw,33.638776,-112.225396,3,[33.638776,-112.225396,33.638776,-112.225396],[7,189,10,24,11]
zMSy02Etz4Tl11qOjAM3uA,33.5030129,-112.0039285,1,[33.5030129,-112.0039285,33.5030129,-112.0039285],[195,65]
lCqlVU-zS9IAuPB6XXlLyg,33.604875050000004,-112.21055935000001,7,[33.5708131,-112.3553813,33.638937,-112.0657374],[26,11,126,97,168,169]
DqW2iBUT0NvePtWk-iF22g,33.413158,-111.875779,1,[33.413158,-111.875779,33.413158,-111.875779],[251,11]
8Mu7ZBfpiikL0Ad0pGBALA,33.377960067006,-111.9376539336,2,[33.377697734012,-111.9388855672,33.3782224,-111.9364223],[7,142,26,11]
rZ3fntAgoMeq98LeqcqMcA,33.3586277,-111.84392009999999,9,[33.2812044,-111.8977298,33.436051,-111.7901104],[43,11,33,44,117,7,142,97,149,126]
iYKViPvV7qBPFT400IsZbg,33.4802112,-111.9602065,4,[33.4802112,-111.9602065,33.4802112,-111.9602065],[119,99,11]
v5rhWwZAYsfnvhwM8aVJDA,33.340712,-111.9461735,11,[33.31898,-111.97993,33.362444,-111.912417],[15,6,191,33,44,11]
WOSpj2UUmr-U-AdDwFe74g,33.48056,-112.1363605,5,[33.463092,-112.34477,33.498028,-111.927951],[11,63,352,48]
4dLl6GDhs8hUk5VCRzjB0Q,33.4994194,-111.9230318,1,[33.4994194,-111.9230318,33.4994194,-111.9230318],[104,105,65]
osKPHwV8_QZICX7G2CEmLw,33.4254444,-111.9349699,197,[33.4254444,-111.9349699,33.4254444,-111.9349699],[57,327]
JJ-4CMgzXvH-2ezBdojnaw,33.495074,-111.9891177,2,[33.495074,-111.9891177,33.495074,-111.9891177],[210,11]
nRXtscH64-nY55ZlHFIzuA,33.6101015,-112.2118752,11,[33.582549,-112.272365,33.637654,-112.1513854],[120,11,7,162,41,43,57,56,119,24]
AnH84g9V10x41CXmCvcaFg,33.51928431676705,-112.096891,159,[33.327278,-112.335666,33.7112906335341,-111.858116],[6,156,38,140,39,40,48,11,49,52,7,138,8,139,224,177,111,112,113,17,64,65,251,108,33,60,204,212,63,97,379,109,210,26,126,98,10,9,169,35,70,76,24,43,18,80,59,192,185,265,57,306,333,101,88,298,61,13,352,309,285,133,27,115,15,25,77,36,247,229,293,99,128,119,46,30,193,142,28,170,44,137,186,120,127,442,241]
hf3MWcZydhMLyN9_1ayqGQ,33.4947792,-111.9175074,6,[33.4947792,-111.9175074,33.4947792,-111.9175074],[113,6,17,116]
YWGSlUEa8kfqayGJOpqKXw,33.43475,-112.00644,200,[33.43475,-112.00644,33.43475,-112.00644],[28,170]
oTfvOfSvTlTBWWvr7RP05w,33.378445,-111.638297,7,[33.378445,-111.638297,33.378445,-111.638297],[99,11]
fAiwwArnmnaofJt99Tf9GQ,33.482871,-112.047946,1,[33.482871,-112.047946,33.482871,-112.047946],[65,133]
FApj59TgqqSqSOxic3JS4A,33.5107772,-112.0131927,1,[33.5107772,-112.0131927,33.5107772,-112.0131927],[64,428,65]
MAvkqp_gDtKYU1d981XnwA,33.4508210068733,-112.00958495,24,[33.3637707,-112.1091081,33.5378713137466,-111.9100618],[27,11,144,224,140,307,212,43,63,24,26,44,97,7,108,119,109,38,39,117,48]
QxvFfB6XschULUPnZel2Vg,33.4354553,-112.0739136,34,[33.4354553,-112.0739136,33.4354553,-112.0739136],[309,285,11]
F9x2vKV5FQFxnzC1d-807Q,33.5277785,-111.9258643,4,[33.5277785,-111.9258643,33.5277785,-111.9258643],[26,11]
foh3ZHkdmMY4cvPXb8Z5_w,33.5083469,-112.1322246,6,[33.449188,-112.1872492,33.5675058,-112.0772],[126,97,172,11,24,120,65,133]
S_aYQ4f1rmcEagPMMhpcdg,33.5122116,-111.98129209999999,45,[33.4860023,-112.0739972,33.5384209,-111.888587],[24,11,33,119,65,133,117]
Ec3KPjQfCvJ0eQJaUtc26Q,33.43649565,-111.98307045,143,[33.4150348,-112.0476685,33.4579565,-111.9184724],[28,17,29,26,11,182,48,140,108,7,62,24,172]
ihbnmRQTSmWlJZfcrH6fQg,33.5776714,-111.9155741,38,[33.574508,-111.9268582,33.5808348,-111.90429],[43,11,33,48,307]
iUDzGK4jnUZ-9s_MQ0MgeQ,33.549091250000004,-112.1009362,11,[33.390792,-112.2726494,33.7073905,-111.929223],[109,38,48,39,11,63,7,36]
-tGwkqPAxADryZ6cgbL0nA,33.488530544298,-111.881280520225,7,[33.389939,-111.9262387,33.587122088596,-111.83632234045],[72,287,223,11,28,17,29,49]
t-vEIO4oTSg176tBqIk8jQ,33.6390283,-112.18908,2,[33.6390283,-112.18908,33.6390283,-112.18908],[26,11]
bUv99Lua3zgkSXEJ2-KjzA,33.5024556,-112.0137531,30,[33.4956214,-112.0998877,33.5092898,-111.9276185],[169,11,38,48,39,181]
OlwyJ_TqV7nejNnk9SndEA,33.543896676657354,-111.9153635877255,7,[33.4655074,-111.9265556,33.6222859533147,-111.904171575451],[93,3,218,41,323,11,206]
Kte7Qx7RZlXQjh04WhWOSQ,33.331655,-111.982113,1,[33.331655,-111.982113,33.331655,-111.982113],[33,119,99,11]
EnvG_kewvG5PqUqNSgs9Iw,33.335633803793,-111.828630425485,21,[33.220784807586,-112.0739897,33.4504828,-111.58327115097],[7,11,63,28,17,29,126,99,311,6,77,35,26,190,140]
rz5kClFIidz_-sfJm4V7MA,33.639951900923,-112.019165147988,5,[33.639951900923,-112.019165147988,33.639951900923,-112.019165147988],[97,11]
GDzMvqfqxozwOR8yNJcQnA,33.641057,-111.973602,1,[33.641057,-111.973602,33.641057,-111.973602],[71,72,275,269]
PTTACvsRCsdawDqRDlW3EA,33.4478405,-112.0630315,106,[33.444799,-112.066662,33.450882,-112.059401],[28,17,29,57,327]
pMIwNPYx49RkNf7_cQ4QUQ,33.38088652389635,-111.9547638200135,15,[33.3487055477927,-111.983256340027,33.4130675,-111.9262713],[119,11,28,17,29]
65Bb2FZJZb3hByOr2j4-XQ,33.546905699999996,-112.04494535,15,[33.4224084,-112.225396,33.671403,-111.8644947],[210,11,311,26,43,7,139,416,189,10,24]
r9rJSitq8BvcUPSi0JlSuA,33.6688428,-112.1659186,3,[33.6384876,-112.1897722,33.699198,-112.142065],[7,108,138,139,97,11]
V-PXViywjwCD5uI2FAr15g,33.530341,-112.047095,2,[33.530341,-112.047095,33.530341,-112.047095],[127,11]
dkycTA5ejQSeBsiXbxZZbg,33.5233072,-112.0738437,2,[33.4772147,-112.0740526,33.5693997,-112.0736348],[265,11,26]
5te_POLqHc_Z5x-gJ8ucXA,33.463092,-112.34477,1,[33.463092,-112.34477,33.463092,-112.34477],[11,63]
4Nsw16bWweZp6HLG7vY17Q,33.299873,-111.842586,4,[33.299873,-111.842586,33.299873,-111.842586],[33,119,11]
JmT4Y1BjyIwXhhlKWPZPAQ,33.6243441,-112.0657376,14,[33.5829091,-112.1170476,33.6657791,-112.0144276],[54,324,11,49,146,17,18]
qmQlBnk_cHcXBdSZt6C-yA,33.494295,-111.924219,3,[33.494295,-111.924219,33.494295,-111.924219],[11,48,293,39]
gR1h7kSGQ3r_OUlpqf1-Iw,33.4777761,-111.9991242,2,[33.407717,-112.0474454,33.5478352,-111.950803],[224,11,28,99,17,29]
V3zr0KkokpSLpc5wlRqTmA,33.342265999999995,-111.88164515,33,[33.271662,-111.974359,33.41287,-111.7889313],[119,11,44,7,108,48,84,336]
ZmSKVX7q0GVXxmVFUcqGDQ,33.4631658,-112.00765755,200,[33.4315119,-112.0893682,33.4948197,-111.9259469],[10,24,11,265,48,38,39,177,26,57,333,322]
iPc-4ElrUc_MN9DAH4W9wQ,33.26245335,-111.87109157959,4,[33.2181007,-111.88557,33.306806,-111.85661315918],[26,11,63,27,43,7,142]
zGP9rHY-WwHqMpbVz_X5IA,33.503611250000006,-111.92879105,15,[33.3897636,-112.000559,33.6174589,-111.8570231],[7,142,333,98,10,9,11,26,182,218,167,65,126,97,27,38,48,39,104,105,192,33,117]
ZU0EfRBDYNjA7EzMCPq78w,33.8504724,-112.1166323,5,[33.8504724,-112.1166323,33.8504724,-112.1166323],[27,11]
4mwGAaTISGxOPgsXLgXsIA,33.363949,-111.928346,1,[33.363949,-111.928346,33.363949,-111.928346],[106,54,107,317]
i-tYhg2_QzIVDJxrkMM3nA,33.5308755,-112.0658738,1,[33.5308755,-112.0658738,33.5308755,-112.0658738],[129,78,278,79]
uNQI6O9qtHtmxTWo9PwuQQ,33.624036015123,-111.928024291992,4,[33.624036015123,-111.928024291992,33.624036015123,-111.928024291992],[206,11]
8IK47Iaq18pywuOYHOuxjQ,33.4272811,-111.9400902,3,[33.4272811,-111.9400902,33.4272811,-111.9400902],[119,48,11]
OksbhhgC71Ary3zNHMypeQ,33.4626546,-111.90076995000001,135,[33.3015901,-112.0741143,33.6237191,-111.7274256],[7,108,313,265,48,11,101,38,39,128,26,127,109,440,126,97,168,99,9,10,79,121,33,44,57,69,137,6,139,27,65,54,195,220,205,40,8,45,307,63,161,28,17,29,119,206,62,88,212,293,181,229,24,78,298,292,43,210,36,145]
FYSD2OVSYMCj6Xuqw4gAiQ,33.378926,-111.964813,2,[33.378926,-111.964813,33.378926,-111.964813],[99,11]
1c6DfGb9V-SqkXajh9QS9w,33.3958602,-111.92875715,5,[33.3118314,-111.997771,33.479889,-111.8597433],[169,296,11,27,63]
jilf8PvlPUztc90PazaTFQ,33.5459675,-112.087902,37,[33.511525,-112.120266,33.58041,-112.055538],[15,6,191,11,63]
nWouNfZD3Pw08RYizxkqcA,33.4872462,-111.80861949999999,131,[33.3022462,-112.079564,33.6722462,-111.537675],[7,142,168,99,11,14,15,6,57,145,38,101,39,48,182,140,46,265,126,97,40,28,17,29,63,108,24,439,74,27,98,10,9,205,185,61,13,33,69,465,119,88,298,128,26,84,147,339,127,72,154,293,274,43,89,229,204,65,192,49,341,322,56,36,273,47,186,305,62,177]
WrZ5jcP4MKO8oYNqHS6MWw,33.47064035,-112.04154510000001,23,[33.3022462,-112.1851232,33.6390345,-111.897967],[24,11,218,7,8,292,99,48,26,138,139,219,41]
kPwSmimbFIiDEcTvS1rxGw,33.514866174713,-112.1657290668,27,[33.391808149426,-112.369811,33.6379242,-111.9616471336],[49,178,54,55,122,256,434,103,97,11,72,184,93,3,7,8,13,6,4,5,425,160]
Peb1Iy-0J2SZB7u1vILgPQ,33.491261546722555,-111.83681959360351,2,[33.4157359,-111.924934387207,33.5667871934451,-111.7487048],[98,7,292,166,6,21]
t5nxS-kV-2zCVbZog0iifg,33.5218465,-112.0648577,13,[33.5218465,-112.0648577,33.5218465,-112.0648577],[210,11]
EGiAtB4sgZhDdYpRkDneig,33.372217750000004,-111.90621809999999,165,[33.0314508,-112.4250931,33.7129847,-111.3873431],[177,192,11,26,126,97,265,7,108,24,311,63,27,251,10,119,338,48,47,43,404,451,99,212,140,88,38,39,89,65,133,361,120,142,109,57,232,306,49,66,189,206,162,218,33,117,44,185,224,309,285,145,78,79,84,147,41,42,8,6,116,36,113,74,182,92,15,248,313,56,352,157,103,200]
tjNA1WQkhW76XGQkr2iYiw,33.4742185,-112.0392335,4,[33.473832,-112.065107,33.474605,-112.01336],[26,11,48]
mdKMmFvdtx-nrtz2JUjfyg,33.569307,-112.0760282,15,[33.484487,-112.1648254,33.654127,-111.987231],[28,190,224,11,44,63,27,24,251,119,26,129,278,79,10]
TvEKfAPg35ZISp38qh3wdg,33.5219518275351,-111.97437286377,3,[33.5219518275351,-111.97437286377,33.5219518275351,-111.97437286377],[49,445,66,52]
vXUYVgUv5nFqSBBmO2UXSQ,33.4154351,-111.6938963,10,[33.4154351,-111.6938963,33.4154351,-111.6938963],[26,11]
umFk-9qCmxsmiZw1e_vmKQ,33.3593245,-111.8467202,15,[33.298078,-111.9475246,33.420571,-111.7459158],[88,38,99,39,11,26,168,298]
-JvniBY0gYLzuSRnpG4HPA,33.4797824,-111.99205395000001,12,[33.4216219,-112.0950937,33.5379429,-111.8890142],[49,27,11,57,69,38,119,109,39,24,14,15,6,44,4,33,26]
FtiaYNPv4YzfjNJvYwlzcg,33.616418,-111.92631,1,[33.616418,-111.92631,33.616418,-111.92631],[265,126,97,11]
iZ3HAtruOhK2EFbLisUhSQ,33.406538,-111.96167,5,[33.406538,-111.96167,33.406538,-111.96167],[28,17,29]
ru8p3RTlk8f9LB_3zLXURQ,33.567567499999996,-111.83331655,197,[33.319395,-112.180888,33.81574,-111.4857451],[38,48,39,40,11,126,97,49,128,341,7,108,5,6,4,46,445,66,52,163,13,250,267,182,172,212,293,196,58,57,56,59,65,114,204,12,28,17,29,149,43,63,27,119,307,161,195,470,145,133,109,138,8,139,146,69,265,99,313,80,251,82,30,224,322,140,54,238,18,137,104,201,425,160,20,23,26,127]
IUJi6v2MQNQ01y1weZwiCw,33.48669123976275,-112.343260636133,4,[33.4377111,-112.4268472,33.5356713795255,-112.259674072266],[126,11,24]
PCKfZ6NEdpF5GnTLtcAYcA,33.4931985,-111.9970271,17,[33.447193,-112.0824552,33.539204,-111.911599],[38,126,39,11,49,80,82,59,7,36,8,146,161,65,133,162,119,26,27]
f6GFozfJO8W214PMjQ36DA,33.4939296,-111.9256331,1,[33.4939296,-111.9256331,33.4939296,-111.9256331],[63,27,11]
_y4Pa5ZFpz4ycpqevBr-gw,33.406353322396996,-111.89855745739749,5,[33.321061644794,-112.073196,33.491645,-111.723918914795],[38,140,39,40,48,11,98,7,108,99,24,119]
Y_iCmH_z_T5cOy3_8p_pQw,33.487964,-112.084175,1,[33.487964,-112.084175,33.487964,-112.084175],[49,193,59]
hE0kxT6wQRGobvVjjWKBww,33.486561949999995,-111.9143265,20,[33.4366655,-111.9403254,33.5364584,-111.8883276],[285,185,11,123,65,28,17,18,29]
v_33a6APFkvQ182-BUFD2g,33.496155,-112.021248,154,[33.496155,-112.021248,33.496155,-112.021248],[99,11]
sypSoJqgNksRzn0mR9G4sA,33.4797929,-111.9830363,1,[33.4797929,-111.9830363,33.4797929,-111.9830363],[6,87]
Z_Oz0-pBpIEm6ZNSlgTVig,33.732153,-111.8537306,1,[33.732153,-111.8537306,33.732153,-111.8537306],[28,17,29]
EsYlJL9XRHYYgZvm5Ki4ng,33.4973896,-111.9223075,3,[33.4973896,-111.9223075,33.4973896,-111.9223075],[38,126,39,11]
4aM_mL0xArtvpJBwetqagw,33.59500725,-111.94672815,10,[33.4579565,-112.0476685,33.732058,-111.8457878],[33,38,117,39,11,26,98,7,10,192]
EcKtnzq9q4EeF_xb27n22g,33.3805274963379,-111.741088867188,1,[33.3805274963379,-111.741088867188,33.3805274963379,-111.741088867188],[85,6]
qGd-2pg0ABK-5brIva7tLg,33.66057375,-112.15593100000001,6,[33.6379215,-112.21906,33.683226,-112.092802],[123,65,185,11]
ARe8Nr_YehB2ubsGJhZ-hg,33.4462907,-111.70840179999999,200,[33.0768414,-112.0740373,33.81574,-111.3427663],[99,48,11,49,445,66,52,119,10,26,17,28,29,161,65,265,38,39,40,80,59,7,8,182,140,351,57,56,333,206,177,63,101,24,212,170,109,352,145,142]
-w68krwuUj6CFe3kX3Momg,33.5822084,-111.9216835,1,[33.5822084,-111.9216835,33.5822084,-111.9216835],[119,11]
psFiBbcWeLXX7lqaUtq2jQ,33.4950947,-111.9292934,3,[33.4950947,-111.9292934,33.4950947,-111.9292934],[168,48,11]
BhaUO1dAF8RyoDJ7qFzL3Q,33.5020654,-111.9242599,47,[33.5020654,-111.9242599,33.5020654,-111.9242599],[28,17,29]
XWdrmDzzklK660zZFqZ39w,33.505239849999995,-111.95869995000001,122,[33.4716326,-111.991453,33.5388471,-111.9259469],[33,11,48,63,26,265,38,57,39,145,99,352]
Hvp859GgVbJ9jl5p-C-KTQ,33.3488775,-111.9766013,8,[33.3488775,-111.9766013,33.3488775,-111.9766013],[7,10,9,11]
_1PI3yfK3jW9CLTx_my14A,33.3068367093802,-111.743672043085,13,[33.3068367093802,-111.743672043085,33.3068367093802,-111.743672043085],[7,142,292]
S_PtppfOHr4f1_gqYAyRjA,33.376286772396995,-111.8900154073975,3,[33.321061644794,-112.0561119,33.4315119,-111.723918914795],[99,11,26]
mqNQJqp8XSS3DHc74faapA,33.5537698,-112.2701979,3,[33.5537698,-112.2701979,33.5537698,-112.2701979],[48,11]
OhG9OQoHMLONGomZDOgbUQ,33.3056184,-111.8988203,14,[33.3056184,-111.8988203,33.3056184,-111.8988203],[83,6]
GSkBrCDZMjrBA4IMkcSLmA,33.5097979,-112.0119734,41,[33.5097979,-112.0119734,33.5097979,-112.0119734],[11,63]
Rpd_Vun9D63J2mf7p1Jhgw,33.333314,-111.925574,3,[33.305824,-111.991311,33.360804,-111.859837],[7,108,338,11,24,63,27]
N0Vc2DKM3ClQYx5mv5iAPg,33.538913,-112.097523,5,[33.538913,-112.097523,33.538913,-112.097523],[309,11]
GinRgrhnIheknMXQS-BkAQ,33.3667803,-111.96495644999999,5,[33.3197716,-111.999957,33.413789,-111.9299559],[71,72,93,3,13,6,272,4,5,49,160]
mfUs6cSN06po2GCjfLlxfg,33.602550300000004,-112.07008685,8,[33.5062577,-112.101312,33.6988429,-112.0388617],[177,140,11,7,138,139,39,38,27,128]
5E8X25oZ8zAmunT25p-slg,33.6103305007236,-111.927058696747,5,[33.6103305007236,-111.927058696747,33.6103305007236,-111.927058696747],[65,133]
9sXsAGgIAY1fIjPIy536tw,33.448172859405844,-111.915605646521,2,[33.4329724,-111.926908493042,33.4633733188117,-111.9043028],[57,69,56,177,11]
qMQcXw75a1ihSLV1DKa-6g,33.494205,-111.931447,3,[33.494205,-111.931447,33.494205,-111.931447],[48,11]
ZlmvFuz7U3OLj8heqQh6pg,33.565638199999995,-111.9768833,3,[33.5364584,-112.065439,33.594818,-111.8883276],[123,65,119,11]
jIxDTiBg7mywu53on_0NIQ,33.64346,-111.9084925,169,[33.640637,-111.9086,33.646283,-111.908385],[49,178,333,28,17,29]
XxWUiGTZSHbv_0ILu3TzCw,33.5697576048764,-111.92078500986099,18,[33.493947,-111.924451589584,33.6455682097528,-111.917118430138],[168,97,11,28,158,17,29]
G-9SvRW01vtkmQvJA7l5ww,33.517650200000006,-112.0384854,8,[33.4702022,-112.0737503,33.5650982,-112.0032205],[7,108,109,38,210,39,11,24]
oN3WgtPJ8gSGJ_JqYXVobg,33.7336667,-111.8473856,11,[33.7336667,-111.8473856,33.7336667,-111.8473856],[265,11]
GeXNo-BDhQcQHuql0Ahb0Q,33.5155279,-112.02672190000001,6,[33.5092093,-112.0648577,33.5218465,-111.9885861],[210,11,340,10,119]
q1ILiFfzpaf_UapvlFDn3w,33.41636335,-112.09113865,13,[33.3090064,-112.3411065,33.5237203,-111.8411708],[7,162,26,127,11,119,33,48,63,27,120,309,285,168,126,185]
L5ewvQP3K56jOQN8eUIs8Q,33.47349375,-111.94187105,17,[33.3350531,-111.9800401,33.6119344,-111.903702],[98,7,267,182,172,11,48,140,49,193,59,36,8,27,137,139,65,133]
8IlfkzDZE__h6-7n0rIkbQ,33.4953825,-111.992568,11,[33.307539,-112.092802,33.683226,-111.892334],[63,99,11,208,6,35,185,7,247]
qa2LddXXDatQKVaD7CfYRA,33.5690606322968,-111.890093032168,3,[33.5690606322968,-111.890093032168,33.5690606322968,-111.890093032168],[24,11]
xhnbp078r_lNPVsoPhZddA,33.6010718,-111.9700622,6,[33.500238,-112.0473308,33.7019056,-111.8927936],[7,8,98,139,138,292,43,11,126,97]
qrcaQeLVXUtxzdqzd54rbw,33.629192,-111.889479,1,[33.629192,-111.889479,33.629192,-111.889479],[84]
dKnTWwwlwPkar2vMv-t6Gw,33.455863,-112.072167,17,[33.455863,-112.072167,33.455863,-112.072167],[88,298,39,38,11]
xbGpEFav4oG-QIqyatJrCg,33.3197041,-111.91008435,7,[33.3046962,-111.9777693,33.334712,-111.8423994],[74,24,11,63]
u4Jt4PmHnDaya5VYGMNaQQ,33.4939313,-111.9256266,7,[33.4939313,-111.9256266,33.4939313,-111.9256266],[185,11]
oY_BxJ7mMoRvdg0d-fKyNA,33.678615,-111.9746066,2,[33.678615,-111.9746066,33.678615,-111.9746066],[33,99,117,11]
TZvACfKLw5fvFcFc2JWxcg,33.6731592,-111.97822775,8,[33.5242874,-112.0474855,33.822031,-111.90897],[161,28,65,17,29,99,127,11]
ZX3VZY4y_0fGDMhlgilhmw,33.626933,-112.100731,51,[33.626933,-112.100731,33.626933,-112.100731],[212,26,11]
xAFks90fpabaEAp-qQKwiQ,33.468768999999995,-112.06254240000001,19,[33.4587437,-112.0775732,33.4787943,-112.0475116],[26,11,182,48,140]
nuDOTj9N32dLEXV9C-ehvw,33.4666783,-111.9110684,32,[33.3307646,-112.1060288,33.602592,-111.716108],[32,95,222,84,262,60,6,11,48,293,39,64,65,28,170,27,44,24,38,99,128,40,158,119,26,17,18,29,109,440,78,79]
in8F1VdUbEe9NYvkGQ_R2w,33.50511275,-112.003146,119,[33.43475,-112.083991,33.5754755,-111.922301],[28,170,38,143,39,205,63,27,11,119,40]
AF7kmdV2CcRh0P3_XZonyA,33.4514107,-112.07207654999999,29,[33.4493145,-112.0740474,33.4535069,-112.0701057],[43,11,224,48]
GhwQHsKCeHEdGfVRnuWX5g,33.4653201,-111.9952689998835,6,[33.421303,-112.073568999767,33.5093372,-111.916969],[212,63,97,11,373]
thlVIc8s6ZCP37UGMf3yDA,33.3830567,-111.98311570000001,200,[33.3053089,-112.065458,33.4608045,-111.9007734],[109,38,27,39,11,182,172,28,240,241,57,69,56,224,26,177,140,7,138,8,139,470,145,47,48,128,36,33,119,24,44,43,88,89,98,10,9,158,265,377,101]
bNwIBiscrDMZ7pbJ2EURyA,33.435146,-111.998367,115,[33.435146,-111.998367,33.435146,-111.998367],[119,38,99,39,11]
usQTOj7LQ9v0Fl98gRa3Iw,33.467895953793004,-112.05257407548501,200,[33.220784807586,-112.521877,33.7150071,-111.58327115097],[38,11,26,128,39,182,48,168,7,139,416,40,126,97,185,127,41,24,27,63,117,214,88,89,57,99,91,6,77,35,76,13,4,5,425,160,138,8,54,55,122,256,108,181,229,169,162,44,340,201,218,219,137,309,45,119,36,247,129,79,121,69,251,33,96,72,327,149,292,232,177,140,225,250,142,148,323,400,194,265,61,187,285,224,10,109,46,43,449,62,17,56,145,30,12,114,115,175,98,70,491,68,22,21,244,228,277,278,439,190,28,192,239,104,161,195,65,32,302,110,1,141,9,95,222,212,298,377,101,83,240,241,120,47,103,442,170,143,186,306,112,151,293,204,202,307,206,361,173,42,205,395,18]
hLi9rdbx4cXBklc4osQEJA,33.60327,-112.0240608,6,[33.527925,-112.073515,33.678615,-111.9746066],[53,54,55,119,99,11]
rBodQHVvk-UwmMlmyvIkCA,33.360804,-111.859837,1,[33.360804,-111.859837,33.360804,-111.859837],[229,11]
qpjU8sxAYuarvYVRwPiiNg,33.4261603,-111.939838,154,[33.4261603,-111.939838,33.4261603,-111.939838],[39,38,126,97,11]
KXoRjWfTxPT6LFkOdK6ovQ,33.436967100000004,-111.9924766,9,[33.379567,-112.0915342,33.4943672,-111.893419],[126,97,11,177,140,24,285,169]
engDBDCpr56s1wt96JLDng,33.47666497665735,-111.95798665000001,41,[33.331044,-112.1246893,33.6222859533147,-111.791284],[309,285,11,28,158,17,29,7,36,8,38,99,128,39,394,290,241,442,46,6,27,218,41,323,142,338,161,195,65,265,126,97,192,113,181,177,140,12,13,240,403,121,79]
2e1BQeqyhPFY0N9d2tim6Q,33.4238102,-111.9381604,2,[33.4238102,-111.9381604,33.4238102,-111.9381604],[88,38,39,24,11]
FnvK6IFwJb1eQ92I9Ewj_w,33.4193445,-111.80493005,3,[33.414991,-111.8058261,33.423698,-111.804034],[43,11,49,80,82,59]
pnBtXFTv_dMJJtmMkLVDWA,33.579795000000004,-111.93191300000001,19,[33.530234,-111.938205,33.629356,-111.925621],[28,17,29,48,11]
gSSVnNnumM8ZhxriLUDdkA,33.4801073,-111.9328406,3,[33.4801073,-111.9328406,33.4801073,-111.9328406],[78,79]
qzSYzzETAe_2dMG-RmO0Mg,33.4846488,-111.924878,71,[33.4846488,-111.924878,33.4846488,-111.924878],[28,17,18,29]
vAq8KhEn5Pcw5dYLENS3Cg,33.334824,-111.9487344,42,[33.334824,-111.9487344,33.334824,-111.9487344],[38,99,128,39,296,11]
egNuGOVf8m2PMW2G2bb6sg,33.349795,-111.927704,1,[33.349795,-111.927704,33.349795,-111.927704],[7,8]
shV_pMa4e5vQ8h2LR-SG0A,33.6400311,-112.070196,2,[33.6400311,-112.070196,33.6400311,-112.070196],[104,161,195,65]
kptquw-wjFSC23JN97qjaA,33.4930514,-111.9339561,2,[33.4930514,-111.9339561,33.4930514,-111.9339561],[28,17,29]
ZI2JWgZSXfrOSgCtdlqeCw,33.500238,-111.926921,7,[33.500238,-111.926921,33.500238,-111.926921],[126,97,11]
E0UeJ_SZssDzleiLd1RGqw,33.27364340405795,-111.80147426758,4,[33.2125748081159,-111.927681,33.334712,-111.67526753516],[10,24,11,224,182,218]
ysBQMZiuZ7VSu_YAh-lE0Q,33.53016188714,-111.97895755,41,[33.3892553,-112.095189,33.67106847428,-111.8627261],[201,11,61,13,6,333,48,57,69,38,39,27,128,63,85,28,271,12,401,7,108,142,115,372,8,113,116,145,33,44,36,292,117,214,26]
xj_qHWGgCQUUoCTQO8zGwg,33.3853664,-111.97742135,7,[33.2614572,-112.0718179,33.5092756,-111.8830248],[48,11,63,38,126,39,7,313,27]
jJ0Cg0JSjWN7CgFWdVk0tA,33.6097989,-111.9271921,1,[33.6097989,-111.9271921,33.6097989,-111.9271921],[11,63]
a2hAe2Nv0z7PTOE8JRaaqA,33.6600571,-111.9078963,77,[33.621463,-111.9174872,33.6986512,-111.8983054],[39,224,38,11,126,229,43,28,17,29]
Z2MeKyiZJ5QuwNqtAzkpnQ,33.446030449999995,-111.9194475,6,[33.3947699,-111.9300012,33.497291,-111.9088938],[7,108,172,11]
N6iCOyj6JIzELSeUbQgbyQ,33.66244355,-112.09645945,12,[33.6416611,-112.1001169,33.683226,-112.092802],[26,11,185]
NhJABwIEfqimsoo9w-6Q1Q,33.499499,-111.927402,127,[33.499499,-111.927402,33.499499,-111.927402],[48,11]
QjUzqN-5kzJEd-3YB9PxNw,33.397852,-111.938777,5,[33.301457,-111.947804,33.494247,-111.92975],[109,38,48,39,11,49,80,82,59]
yYtswgKEHoo0A8KRbM5NLw,33.57580815,-112.0166291,2,[33.5557353,-112.134443,33.595881,-111.8988152],[48,11,33,117,24]
htQ5cdzlNVXB04zfdyvowQ,33.422352849999996,-111.99597963253001,34,[33.3060616,-112.39201426506,33.5386441,-111.599945],[7,149,8,11,26,97,162,43,30,13,6,110,98,24,126,123,65,313,449]
bdmYFXHFAwEKWk6IUJmH9w,33.498028,-111.927951,1,[33.498028,-111.927951,33.498028,-111.927951],[352,48,11]
EfUZNLmWjdWuMhlKG67zAQ,33.55848315,-111.92974325,10,[33.4930514,-111.9339561,33.6239149,-111.9255304],[48,11,28,17,29]
H5om1v1AV6ELQatMplGbWA,33.3854021,-111.86089150000001,2,[33.37829,-111.862526,33.3925142,-111.859257],[41,11,265,126,97]
2Q3BclBatJLPoIn6TwPfKg,33.3211423,-111.9104666,1,[33.3211423,-111.9104666,33.3211423,-111.9104666],[27,11]
yP4GLw2mAxrjL_D66OapXQ,33.6273043125159,-111.894766598404,2,[33.6273043125159,-111.894766598404,33.6273043125159,-111.894766598404],[57,69,48,11]
BdudfE3vSOfXw3llCMXfQw,33.266696887038,-111.99153418078,69,[33.266696887038,-111.99153418078,33.266696887038,-111.99153418078],[28,29,17,11]
QZJ9pGs1HxmNZgFsRMqxXA,33.47562285005375,-112.0008460978335,8,[33.4587437,-112.0775732,33.4925020001075,-111.924118995667],[119,99,11,26,7,108]
X6QgbM1DabxJci774fk6TQ,33.555714,-112.114386,1,[33.555714,-112.114386,33.555714,-112.114386],[28,17,29]
bpEDpf6_-s1CSxMUfkij0w,33.44608515,-111.9241222,14,[33.3216034,-111.9718284,33.5705669,-111.876416],[126,97,11,251,7,142,219,218,41,177,192,24,99]
Ckw3C9MGvyr4Eh5kkRE6bQ,33.334712,-111.87479,88,[33.334712,-111.87479,33.334712,-111.87479],[24,11]
3dHAHbMesWcpET-D0zs-LQ,33.32462015405795,-111.783500164741,77,[33.2125748081159,-111.9403254,33.4366655,-111.626674929482],[173,6,112,30,13,44,11,285,185,35,76,53,54,55,122,256,33,43,371,238,202,72,281,269,7,148,154,26,63,8,405,27,10,24,142,106,107]
eG_NGmTDDUgUmiMSenzeeg,33.495113,-111.99662685,3,[33.36376,-112.065955,33.626466,-111.9272987],[84,147,183,65]
jfmoe97fJDWegNJ589ZjeQ,33.820937,-111.9228454,26,[33.820937,-111.9228454,33.820937,-111.9228454],[48,11]
-wWYtcXR15vBL_rigv4i-A,33.39967955,-111.8312595,3,[33.3750117,-111.9398364,33.4243474,-111.7226826],[177,140,11,7,142,44,26]
wbd2k6S9w0tu7ZoS3h496A,33.822031,-111.90897,1,[33.822031,-111.90897,33.822031,-111.90897],[57,306]
F28hTTLhM5sEtIc8k7KQVw,33.420534700000005,-111.9572633,5,[33.334514,-112.0388616,33.5065554,-111.875665],[168,42,43,11,108,7,182,139,137,93,3,1,176,6,45,65,148,204,138,8]
M1vAvOeDGySBbBQNYHaiRA,33.3051042,-111.99953,1,[33.3051042,-111.99953,33.3051042,-111.99953],[97,11]
AZ8NDHmLWdZGzvMtZXzjkA,33.4645896,-111.9276255,154,[33.3022462,-112.100731,33.626933,-111.75452],[89,11,7,292,108,71,72,57,69,56,27,63,46,6,224,98,24,212,26,119,28,240,241,62,17,99,91,33,44,127,41,400,182,172,185,265,229]
fczXIvJAWwkEZUHGtHADrA,33.60361,-112.028632,25,[33.565695,-112.08,33.641525,-111.977264],[7,162,11,84,124,125,44,26,33,1,301,32,302,92,15,6,64,65,8,27,123,30,13,45,85]
UkapYWXyO_4w68OqfcweGQ,33.5904237,-112.0997689,7,[33.5904237,-112.0997689,33.5904237,-112.0997689],[7,108]
4HVJGaN2l3i-yk1cdoq4QQ,33.419348150000005,-111.88919805,108,[33.308791,-112.0893682,33.5299053,-111.6890279],[224,251,11,236,103,26,265,48,72,297,28,240,241,483,57,69,49,51,255,54,55,266,8,6,116,7,36,113,170,98,108,99,47,27,9,10,202,287]
8tCS-8go9t5rNijuE55PPg,33.616418,-111.92631,3,[33.616418,-111.92631,33.616418,-111.92631],[265,126,97,11]
7XN48QedHYtVOqxt1caUow,33.43475,-112.00644,200,[33.43475,-112.00644,33.43475,-112.00644],[28,170]
bL5rii_pSxU3jfqesmxMaw,33.480776,-111.848149,151,[33.278073,-112.074198,33.683479,-111.6221],[7,194,313,27,11,24,108,119,99,142,292,57,56,265,48,13,6,115,372,84,339,98,63,49,80,59,17,18,322,146,52,126,33,44,109,38,39,195,65,161,177,140,97,212,137,8,139,465,168,229,206,333,47,205,40,224,261,54,55,45,26,185,246,423]
SEHCD-flFFx_Z570Pe8lQQ,33.6239133,-111.9251335,29,[33.6239133,-111.9251335,33.6239133,-111.9251335],[6,345,84,346,141,23]
gX7m7stSx1IQsDY4QZFK5Q,33.43475,-112.00644,98,[33.43475,-112.00644,33.43475,-112.00644],[28,170]
8IP-eyjqKelqLPyl5dYHug,33.567407599999996,-111.92503339999999,11,[33.423805,-112.1142778,33.7110102,-111.735789],[44,24,11,212,99,177,84,125,6,87]
ys3j6cGZdw_xHCM5QXIq8w,33.51227075,-111.92817310000001,6,[33.4946362,-111.9299092,33.5299053,-111.926437],[101,38,39,265,11,483]
b9F4vyffz96nR5Scvfujjw,33.31621215,-111.86161655000001,6,[33.2079773,-111.9684613,33.424447,-111.7547718],[48,11,168,99,49,319,59]
PpF0evbUX7Fnyle5Tz4XOA,33.489594,-111.92857945,3,[33.477178,-111.9313599,33.50201,-111.925799],[265,11,119,48,24]
TI88k_ezEWaj_XZSiuBNGA,33.44360025,-111.94880745739749,111,[33.272043,-112.173696,33.6151575,-111.723918914795],[99,11,185,218,57,26,43,33,219,41,7,8,48,69,56,39,119,38,24,47,88,28,190,62,17,223,168,144,89,49,265,146,130,32,108]
RcddR6ja-DFEvqJUMzzIKw,33.46656445,-111.95273,200,[33.420359,-112.0740123,33.5127699,-111.8314477],[7,108,119,11,28,170,38,39,40,57,56,145,109,440,88,89,63]
V2M7wbXtwxZyK8nuJUZIrA,33.584098499999996,-111.9382802,4,[33.5222185,-111.9595033,33.6459785,-111.9170571],[48,11,33,265]
DFfP0b72uZuSFJFEZAVWUg,33.4216092,-111.9429427,6,[33.4216092,-111.9429427,33.4216092,-111.9429427],[26,11]
qryQ8WAyqFq4oQ8KbtpuSQ,33.53178,-112.04143905000001,23,[33.422728,-112.1568816,33.640832,-111.9259965],[126,11,26,10,24,98,7,43,33,48,307,224,142]
OrZxA912pFB2-sAkMdoZaQ,33.38541705,-111.96865275,28,[33.261388,-112.0800705,33.5094461,-111.857235],[26,11,99,185,63,27,96,72,24,48,212,43,7,142]
S_MGwqp93B6MH8vdOWZCSg,33.416355,-111.685046,1,[33.416355,-111.685046,33.416355,-111.685046],[185,11]
z1Nj-q5odhtlDEe0LVRvCQ,33.5081908,-112.1345446,7,[33.5081908,-112.1345446,33.5081908,-112.1345446],[251,11]
Srj4I49WQJFWbgw7nsV1IQ,33.607840550000006,-112.0662229,5,[33.5754755,-112.0672866,33.6402056,-112.0651592],[119,11,7,142]
oBOjfTtmb76cP3IalaC-Rw,33.261388,-111.857235,103,[33.261388,-111.857235,33.261388,-111.857235],[7,142]
SzpPsfGGviCt_IURJMNs4w,33.4149542,-111.5536248,4,[33.4149542,-111.5536248,33.4149542,-111.5536248],[99,11]
QKQf3M-7yPkXkBOloKI9MA,33.64425490167375,-111.9455516,5,[33.6119413,-111.9987462,33.6765685033475,-111.892357],[155,54,33,99,11,38,145,57,88,39,298]
nhXuow38zhvppJX3CP2OIA,33.5635971,-112.1356471,9,[33.457863,-112.2029352,33.6693312,-112.068359],[26,11,38,48,39]
5pILIG8IjyNGLbyEd2IIqQ,33.2355107,-111.7900624,2,[33.2355107,-111.7900624,33.2355107,-111.7900624],[65,133]
M33iWvnEyxjWTSJfmz4H4A,33.7128053,-112.2716042,12,[33.7128053,-112.2716042,33.7128053,-112.2716042],[72,207]
E9QKQX4cjykPEextwQLyNQ,33.5019817,-111.9276185,7,[33.5019817,-111.9276185,33.5019817,-111.9276185],[27,11]
ixqy-aK1VPzy1NhD9OFn3g,33.4183991,-111.9622069,12,[33.3919992,-112.066662,33.444799,-111.8577518],[119,99,11,126,57,327]
_5EJuVF8Cz5Qn2d4DnbC0A,33.4935052532485,-111.85840959776,33,[33.308395506497,-111.9746066,33.678615,-111.74221259552],[7,36,99,11,141,345,6,38,265,39,24,168,48,185,27,47,109,87,88]
HFetQxCqyYrxjhYlXCqI5w,33.414477,-111.8231861,4,[33.414477,-111.8231861,33.414477,-111.8231861],[168,144,11]
TUWqJf-ps9qEf1e0D3oFbw,33.60303985,-111.94023355,3,[33.4950947,-112.200326,33.710985,-111.6801411],[168,48,11,63]
_wmjgPcNCCe-jByO68VcWg,33.4955035,-112.0836562,2,[33.4955035,-112.0836562,33.4955035,-112.0836562],[61,13,6,70]
f4cCluU72ylwyphBZh4Ejg,33.5442293454526,-111.905472278595,27,[33.5442293454526,-111.905472278595,33.5442293454526,-111.905472278595],[7,9,119,11]
skXIv2oBQMnSWMOcIUAkCA,33.5274538,-112.12317139999999,5,[33.4946576,-112.358184,33.56025,-111.8881588],[38,26,39,11,72,269,268,32]
jOQo_wlrBs6DvjqmV3s9xg,33.501161,-111.925513,6,[33.501161,-111.925513,33.501161,-111.925513],[206,11]
1g-nGTPpg3_pjYbkgRI9jQ,33.4732683,-112.0649453,1,[33.4732683,-112.0649453,33.4732683,-112.0649453],[7,33,142,24,11]
nDP1Ry-y5x-lZeOwULY88w,33.551239499652,-112.07865559999999,200,[33.43475,-112.26167,33.667728999304,-111.8956412],[28,170,158,352,48,11,84,147,38,145,57,101,39,439,7,47,161,65,17,29,49,50,52,99,128,296,98,24,322,140,40,12,13,6,88,327,298,265,126,97,80,82,59,119]
2G5N1YvbqQ_9Wa3UEMMbnA,33.8333113,-111.9387279,3,[33.8333113,-111.9387279,33.8333113,-111.9387279],[410,307,172,11]
ATLQkfPEXCRMAQlzjmwyLQ,33.4423849,-112.06975270000001,3,[33.4354553,-112.0740474,33.4493145,-112.065458],[224,11,309,285,27]
pC24rU1UqEODGgbyNC1LTA,33.625972,-112.134316,1,[33.625972,-112.134316,33.625972,-112.134316],[120,11]
q6wboZhfNXd9dI57ct0XIw,33.348162,-111.9819,1,[33.348162,-111.9819,33.348162,-111.9819],[26,11]
I2vlt2HPlQrzi6dFC1rG6g,33.5879473,-112.1164668,1,[33.5879473,-112.1164668,33.5879473,-112.1164668],[168,169,11]
cZb4cRFpAwz77wNlJ_I3Dg,33.54522365,-111.95626025,4,[33.4787943,-112.0478085,33.611653,-111.864712],[11,63,33,99,78,79,26]
2214OG9-qEC0xyMlHqDKcA,33.8733106520028,-112.149875164032,8,[33.8733106520028,-112.149875164032,33.8733106520028,-112.149875164032],[46,13,6,372,30]
2osXcmGUTLGkrcvxH_eJYw,33.49672355,-112.0325058,9,[33.487276,-112.0647931,33.5061711,-112.0002185],[7,292,32,95,222,120,11,98]
fUpvT8s3mwbOUcYZH6ov4w,33.5093547,-112.0701553,4,[33.5093547,-112.0701553,33.5093547,-112.0701553],[27,11]
CAZIOiRNRk8LvSfKg0TCrw,33.44790931896465,-112.16504016476449,2,[33.4340826379293,-112.335666,33.461736,-111.994414329529],[99,11,169]
HcTrhG1w1qbCMBttHrU5iA,33.4977992,-111.9259521,1,[33.4977992,-111.9259521,33.4977992,-111.9259521],[43,11]
_VjumgyA7erYrM8Zcbwn0w,33.63784185,-111.90163055,20,[33.6281017,-111.912038,33.647582,-111.8912231],[28,17,29,88,38,39,298,11]
gAU36oUH3JmR8im2P0Mdcw,33.4125297,-111.996104,2,[33.4125297,-111.996104,33.4125297,-111.996104],[201,11]
HGN2I4opO4TGt1H46OPyWQ,33.5631181,-111.88288885,4,[33.499504,-111.927891,33.6267322,-111.8378867],[43,11,224,48,24]
iFmAHzTr9CN2vRyzT5FIYA,33.6106166,-112.1844695,29,[33.6106166,-112.1844695,33.6106166,-112.1844695],[43,11]
gNtQybdxYdYW0F0bxWRCog,33.4650137041353,-111.98687734472949,3,[33.4214126082706,-112.0307744,33.5086148,-111.942980289459],[7,108,6,21]
wD2cLd5Yk6rn6o6L1lz6hg,33.2618144,-111.8602742,3,[33.2618144,-111.8602742,33.2618144,-111.8602742],[177,11]
MCMKCdq8V32mK7qP_MTZqw,33.684479,-111.97094,30,[33.684479,-111.97094,33.684479,-111.97094],[32,222,17,28,95,29]
tU9Zo_mm1iAtrHjU3yhs3Q,33.4846273313962,-111.81303265,19,[33.321726,-112.2618153,33.6475286627924,-111.36425],[79,121,311,11,57,333,27,109,38,39,182,99,128,28,17,29]
zpw7r4TvqpQf2mvn8bOXxg,33.494909,-112.012612,66,[33.494909,-112.012612,33.494909,-112.012612],[84,147]
kBeCst3P90GcgyND-Q6qyw,33.5612589,-112.1156244,108,[33.5612589,-112.1156244,33.5612589,-112.1156244],[48,185,11]
wOezPCHQ_QH0maCi1RRC2Q,33.5097999,-112.0122745,2,[33.5097999,-112.0122745,33.5097999,-112.0122745],[48,11]
x-0Q8z-BIwHyN-KDjZbiSg,33.41399705,-111.956437577221,12,[33.3013903,-112.072327136993,33.5266038,-111.840548017449],[7,33,48,47,11,84,291,27,109,38,39,62,26,17,126,97,119]
GVRWfB32i_zvIMJBfbvoBg,33.48297275,-112.0632885,14,[33.4527955,-112.0791022,33.51315,-112.0474748],[24,11,33,119,99,7,108,210,63,48,168,26]
CP-IE-zyc2Mv3jlaceElVQ,33.505497000000005,-112.0915032,156,[33.300009,-112.4268472,33.710985,-111.7561592],[7,8,161,65,133,6,41,42,43,11,12,13,22,30,27,114,49,80,82,59,162,36,70,182,48,140,399,26,60,97,35,76,15,191,110,20,23,415,99,120,63,44,119,247,61,185,46,173,112,78,79,265,168,111,113,17,77,307,212,118,9,57,91,10,123,139,225,250,294,106,105,54,309,285,85,200,98,177,24,202,72,248,333,136,453,45,25,282,345,292,404,192,126,108,84,262,189,33,47,69,148,306,116,62,104,204,18,34,71,96,184,21]
dFuRGclJgXaFpkDuYuucag,33.56666995,-112.02271784999999,67,[33.458341,-112.067833,33.6749989,-111.9776027],[182,48,140,11,7,108,119]
4rvucSvCAH5ZxBVSv2Lalg,33.4515041,-112.02940670000001,3,[33.449858,-112.071886,33.4531502,-111.9869274],[28,17,18,29,38,99,128,39,296,11]
CFd5gOI06AwW_xqVZTuJJw,33.521369,-111.90483549999999,6,[33.413158,-111.933892,33.62958,-111.875779],[251,11,49,178]
v5Waal5jyO-bhQCSCkSitQ,33.4835877,-112.08305905,200,[33.4329724,-112.2618153,33.534203,-111.9043028],[28,17,29,38,99,181,39,48,11,182,126,97]
zONnmd0PPX4maguoyRMe8w,33.4949678,-111.9241443,2,[33.4949678,-111.9241443,33.4949678,-111.9241443],[11,63]
YZHCm5e-d0wu9ssUIipexw,33.58123515,-111.97135069999999,36,[33.4203823,-112.1,33.742088,-111.8427014],[38,99,39,11,33,265,185,84,336,128,7,189,10,24,88,298,36,109,27,48,26,47,177,140,41,43,126,101,117]
f6OrCniXBmPtT6wthFP1nw,33.485366976657346,-111.90427805,6,[33.348448,-111.967297,33.6222859533147,-111.8412591],[192,11,251,218,41,323,71,72,297,26]
GXt1b29IAQulijQWBwUPNA,33.4789358,-112.0029826,8,[33.4548476,-112.0800705,33.503024,-111.9258947],[63,27,24,11,7,292,44,219,218,41,33]
t3qsjX7YCa3z0vO8mODmQQ,33.4821797,-111.8589456,200,[33.308675,-111.9741847,33.6556844,-111.7437065],[57,470,145,39,11,63,4,13,6,160,265,99,204,65]
JP4kKXHPzIpYQueQJyM9ZA,33.3573613,-111.7895216,2,[33.3573613,-111.7895216,33.3573613,-111.7895216],[84,213]
XY4fdms1A5UHpEslWisdRA,33.497437,-112.083886,3,[33.497437,-112.083886,33.497437,-112.083886],[7,108]
o8vQz23i8Nb9pt6T5NF_0Q,33.3883558,-111.90315724999999,4,[33.321864,-112.0800705,33.4548476,-111.726244],[63,27,24,11,7,108,119]
iwe8JDF-urz0fF3SKeoPWQ,33.5484554786892,-112.0684557184965,3,[33.4566960573784,-112.072327136993,33.6402149,-112.0645843],[149,97,11,119]
Hn2upTZ3xaOWXRGyK8S8PA,33.495466,-112.003105,2,[33.495466,-112.003105,33.495466,-112.003105],[38,11,128,293,39]
H6g_4cmeWnK-4TjhedgFRQ,33.5612589,-112.1156244,9,[33.5612589,-112.1156244,33.5612589,-112.1156244],[48,185,11]
2cttle8Ho7TP8KkzFGtSYw,33.4377111,-112.4268472,2,[33.4377111,-112.4268472,33.4377111,-112.4268472],[126,11]
wSWDShwN69X58ydFJkIeDQ,33.65461045,-112.04259295,17,[33.4770236,-112.1830859,33.8321973,-111.9021],[39,119,48,38,11,99,265,311,27,63,109,26]
bzLumnPQr10SzgofANJBow,33.518403899999996,-111.9958547,8,[33.4527955,-112.0693177,33.5840123,-111.9223917],[26,11,44,48,182,140]
ZINVVmKRRUDdkTnyx5MhNg,33.45167185,-111.89666645,12,[33.401362,-112.0650649,33.5019817,-111.728268],[98,7,206,11,106,54,280,24,38,48,39,212,26]
jXkLOKdqxLYMW921Lpr4Yg,33.5442293454526,-111.905472278595,2,[33.5442293454526,-111.905472278595,33.5442293454526,-111.905472278595],[7,9,119,11]
2cfvVzQjjpRj2p7qeIOkUQ,33.304775,-111.947948,21,[33.304775,-111.947948,33.304775,-111.947948],[33,11]
d2x_pGCWjO_XDktd-fBnzQ,33.3118314,-111.8597433,1,[33.3118314,-111.8597433,33.3118314,-111.8597433],[11,27,63]
