nnnV7CGk72vpGLNvaBvvrA,33.421024450000004,-111.95262890000001,6,[33.392617,-111.9647598,33.4494319,-111.940498],[32,95,222,57,145,38,101,39,48,11]
pKaNEkWAuyTCWPQtIGSzTg,33.601973,-111.88792,1,[33.601973,-111.88792,33.601973,-111.88792],[84,467,346,461]
tIpgdCX7BQ2fnEIl_9du6w,33.489107000000004,-112.0354595,7,[33.482871,-112.047946,33.495343,-112.022973],[185,11,65,133,43]
0KUo_66WufNHz75JYnuQOg,33.4329724,-111.9043028,1,[33.4329724,-111.9043028,33.4329724,-111.9043028],[33,265,185,11]
c6Bfoxh50v0sPTQZRjP-Wg,33.454172650000004,-112.19890685,18,[33.37844,-112.5213977,33.5299053,-111.876416],[251,11,430,265,483,117,27]
HNHp4lcvL8WZI7xHZ0s5Ng,33.5302696775354,-111.926350593567,6,[33.5302696775354,-111.926350593567,33.5302696775354,-111.926350593567],[109,38,265,39,11]
rs5yvt_h-Uh6pEUG5iGl_w,33.407561,-111.9475246,2,[33.407561,-111.9475246,33.407561,-111.9475246],[88,38,99,39,11]
qZyCePyIinjHI8C60SQrIw,33.12841105,-111.7157366,7,[32.8794202,-111.908621,33.3774019,-111.5228522],[219,218,41,11,12,30,13,6,118,129,78,278,79,27,307,63]
UXlI002lWvHNK4Q35W1EEQ,33.49768555,-112.00850235,19,[33.3216034,-112.0824683,33.6737677,-111.9345364],[101,38,39,27,11,119,57,56,126,97,99,88,48,177,140,293,108,7,24,212,63]
ge1JTvFwVmp7BUmOHP_qsg,33.586819500000004,-112.01787350000001,10,[33.495024,-112.1728283,33.678615,-111.8629187],[24,11,33,48,26,112,6,254,413,211,328,32]
jctrnRM2TqzlXhNR9AjCZg,33.665948650000004,-112.18759335,5,[33.662248,-112.1883568,33.6696493,-112.1868299],[7,9,119,11,126,97,63]
hA3nsXht1PdmxX3YHU-I8w,33.48399345,-112.0103391,9,[33.4219869,-112.083991,33.546,-111.9366872],[48,11,119,99,161,195,65,33,38,143,39,205,44,26]
6mRi_G3bLtJvOjMXcbTSxQ,33.424522,-111.940409,1,[33.424522,-111.940409,33.424522,-111.940409],[88,38,39,40]
L5XsMAZ7SgN2vCff7YgF1Q,33.4564268,-112.0704276,7,[33.4564268,-112.0704276,33.4564268,-112.0704276],[126,97,11]
VYw6nOBRAkSPKeao2JO4cQ,33.501383,-111.994991,1,[33.501383,-111.994991,33.501383,-111.994991],[0,1,2,3]
bdwB7Zagu6GwjF3poKPdYg,33.3365399,-111.8763382,1,[33.3365399,-111.8763382,33.3365399,-111.8763382],[7,108]
hCUqopDAZjaNoT98RQopaQ,33.307983735825,-111.74430125426,2,[33.307983735825,-111.74430125426,33.307983735825,-111.74430125426],[126,11]
2KUAuieYaNyXwrwKibsylA,33.4342595,-111.9252882,2,[33.4342595,-111.9252882,33.4342595,-111.9252882],[26,11]
qhOMHfr_rrcdRFIZcIU7Dg,33.563670999652004,-112.14436595000001,200,[33.459613,-112.358704,33.667728999304,-111.9300279],[99,11,97,322,57,39,145,168,41]
odKPQdGk27fw_yg1pdmfOQ,33.60224985000001,-111.92358185,4,[33.5025941,-111.9296765,33.7019056,-111.9174872],[39,224,38,11,7,292,99,48,43]
4muLyMlTP1ijRLACBBRcaQ,33.45981005,-111.93329299999999,24,[33.293696,-112.0772,33.6259241,-111.789386],[255,54,55,122,256,11,63,224,182,96,72,13,6,30,41,43,33,44,99,400,28,170,7,36,298,185,32,130,35,208,264,200,48,39,205,204,65,49,146,17,152,137,8,139,240,241,34,110]
Yo9FyyfGt5a_HfRdIA3s2w,33.347758,-111.756931,1,[33.347758,-111.756931,33.347758,-111.756931],[43,11]
QtPaFYSUbq8pTvgWFhmx6w,33.37854,-111.793383,5,[33.37854,-111.793383,33.37854,-111.793383],[54,55,122]
O0d-ZIQhEfWLYqzH_uNsOQ,33.3352936,-111.77368550935401,4,[33.278073,-111.862526,33.3925142,-111.684845018708],[41,11,99,265,7,162]
D4-0xGve18qMPnWQgMTbyQ,33.49423255,-111.8986916573975,50,[33.2617311,-112.0734644,33.726734,-111.723918914795],[57,470,145,39,260,265,11,99,48,7,24,108,119,26,181,229,38,212,33,43,322,201,8,6,116,36,113,169,142,44,17,18,186,13,77,112,22,35,126,97]
G0xYYC2t5nWpBFYauIKK2g,33.2821865,-111.941641,2,[33.2475,-112.004102,33.316873,-111.87918],[48,11,27]
pP6OFE-knZuyO-AldoVYtA,33.494459,-111.9953287,1,[33.494459,-111.9953287,33.494459,-111.9953287],[38,99,88,39,40,11]
BERixTqrWurrt7uXs5it9w,33.4532535,-111.9204194,3,[33.331044,-112.051049,33.575463,-111.7897898],[7,108,48,11,27,413,32]
_SXqziDvvAyNO4OgaMLGmQ,33.471866500000004,-112.02836145,17,[33.304492,-112.1830859,33.639241,-111.873637],[311,11,212,26,43,119]
7mVN4ozHnJ06sW77H1L58A,33.4239428,-111.939864,1,[33.4239428,-111.939864,33.4239428,-111.939864],[38,273,39]
cE1-8mK1g8xZld5Y8u01tw,33.51789205,-112.07665879999999,21,[33.365048,-112.2239376,33.6707361,-111.92938],[274,6,13,99,11,7,108,112,118,119,201,204,65,48]
5Qy9PiBBKNqgapd43K7zgw,33.683479,-111.966112,92,[33.683479,-111.966112,33.683479,-111.966112],[161,28,29,17,65]
L5ztmyayjKSslrT7-FF0kA,33.6116901,-112.1648254,6,[33.6116901,-112.1648254,33.6116901,-112.1648254],[248,6]
As45PD8AedbhmoBfYyIObw,33.421909,-111.9506847,23,[33.421909,-111.9506847,33.421909,-111.9506847],[244,11]
g9VwI0ld72TrzjEXzmHaww,33.5013308,-111.9219316,1,[33.5013308,-111.9219316,33.5013308,-111.9219316],[38,48,11,128,39]
NnHLHFIyR4RmgqAXrul98A,33.347738,-111.973021,5,[33.347738,-111.973021,33.347738,-111.973021],[28,17,29]
ps4i8c1fLOgoJzu7Ok6d7g,33.46724675,-112.138493495485,8,[33.4366655,-112.34971999097,33.497828,-111.927267],[38,143,39,352,48,11,285,185]
URkb2Wx820TA4RxO-KG6VA,33.247274700000006,-111.8714853,5,[33.2333299,-111.8848787,33.2612195,-111.8580919],[33,11,109,38,27,39]
u4UXzreO0lDtkYkwgRtDMA,33.5706,-111.9021,6,[33.5706,-111.9021,33.5706,-111.9021],[106,54,226]
bxBcJkE0h3i9KyfU8AERFA,33.49112,-112.079081,16,[33.49112,-112.079081,33.49112,-112.079081],[26,11]
IStj3u6r_3BBhJsxchOBPw,33.6197356,-111.8922273,3,[33.6197356,-111.8922273,33.6197356,-111.8922273],[98,7,119,24,11]
2YmBs-xgTVTfL7WiVXWpoQ,33.46013815,-111.93124470000001,70,[33.4219869,-111.9366872,33.4982894,-111.9258022],[7,108,33,11,126,97,142]
gWqPM_bwJWM0u1C8Ug4zAQ,33.5008018,-112.0824532,2,[33.5008018,-112.0824532,33.5008018,-112.0824532],[26,11]
TtgWLUjFsWOMzENxS-gZGQ,33.532045249999996,-112.01605665,130,[33.423991,-112.2707018,33.6400995,-111.7614115],[26,127,11,99,43,88,38,39,298,28,17,29,7,8,212,27,128,41,182,48,140,6,72,345,35,282,264,168,265]
PUGw_dk8EDWqNr49-DGuSA,33.6230152,-111.9297079,1,[33.6230152,-111.9297079,33.6230152,-111.9297079],[126,97,11]
i9ymJDKkYomWX8xFOYFS0w,33.670248599999994,-112.1158299,7,[33.629487,-112.117382,33.7110102,-112.1142778],[129,175,332,121,79,106,54,280]
PtSO5TIRHymIghObeGopbw,33.7280561,-111.93544990000001,27,[33.6239149,-111.9453694,33.8321973,-111.9255304],[26,11,48]
-8yRlFPiPQZNkMtsbjuIew,33.3058418,-111.9693549,18,[33.3058418,-111.9693549,33.3058418,-111.9693549],[26,11]
jd-UtRWcIY42PqrAhQHa-g,33.3051073,-111.99623195000001,4,[33.304698,-112.012594,33.3055166,-111.9798699],[474,11,6,45,63,27]
9uHAt2bjZfrLEfUcDSIvOQ,33.4538553,-111.9534174,19,[33.4538553,-111.9534174,33.4538553,-111.9534174],[49,66,333]
yj4lNvmxAt42NvBCxB3WTw,33.51040005,-111.9140506,200,[33.498028,-111.927951,33.5227721,-111.9001502],[38,39,40,10,63,24,11,352,48]
Uku3YqEXNHF-iXEmRcBT2Q,33.647943999999995,-111.97025675,44,[33.617273,-112.0191178,33.678615,-111.9213957],[212,43,11,7,142,340,210,63,182,48,140,49,146,39,341]
p9yPMyCL4lqlIxdXROITsQ,33.532250000000005,-112.0678082,27,[33.489085,-112.0740504,33.575415,-112.061566],[33,11,63,88,38,39,298,168,181,229]
TODYSp4aWM5pP3J1R3-HcA,33.416432,-111.93363400000001,18,[33.3406452,-112.026154,33.4922188,-111.841114],[7,9,28,240,241,451,11,215,32,259,260,89,63,98,292,17,62,88,38,39,48,140,119,99,189,10,24]
G7zTW847fYdNtdtQfCGVpA,33.3889034,-111.8403127,1,[33.3889034,-111.8403127,33.3889034,-111.8403127],[39,340,38,11]
vZqBzc5zqZIlIFJ91CpqFw,33.439213249999995,-111.99695745,5,[33.4222653,-112.0739325,33.4561612,-111.9199824],[11,27,63,7,292,98,10,9]
Bj2tuLYgiWFAU1OBDoqTYQ,33.29283355,-111.88444319999999,5,[33.2796055,-111.9798699,33.3060616,-111.7890165],[26,11,474,78,79]
UF4IY9O6EaVo-hS5FqMsiA,33.436293,-112.011827,193,[33.436293,-112.011827,33.436293,-112.011827],[38,128,39]
tMlaT9FNpYOekakxLUT1AA,33.700485,-111.925064,6,[33.700485,-111.925064,33.700485,-111.925064],[83,6]
pgON1tuJ8QU_H-UBkePniw,33.472674,-112.064752,2,[33.472674,-112.064752,33.472674,-112.064752],[11,63]
XFg8z-yhrxYtX2Swk0TKSQ,33.379643,-111.878138,2,[33.379643,-111.878138,33.379643,-111.878138],[26,11]
58YQSpx5Ct8W3HxFhNs-Lw,33.622938500000004,-111.9516424,47,[33.420941,-112.0272041,33.824936,-111.8760807],[99,11,106,54,226,265,48,7,292,338,206,78,79,98,119,24,210,149,126,64,65,162,109,38,39,49,80,82,59,133,449,89,26,84,339,43]
bW1TPV8Wri4SHGM0ijp4hg,33.49112,-112.079081,7,[33.49112,-112.079081,33.49112,-112.079081],[26,11]
UMYECxtfCEm2k9MClNovfg,33.552771199999995,-112.00095695,3,[33.449858,-112.071886,33.6556844,-111.9300279],[48,11,26,161,28,65,17,29]
lJTIJ0F5PzxBAC1jev7B9w,33.568585,-112.11582,2,[33.568585,-112.11582,33.568585,-112.11582],[28,17,29]
ZIw0JLo9WUy0CfAgKjj9qg,33.5626604,-111.943104298622,6,[33.5097768,-111.998514,33.615544,-111.887694597244],[7,162,26,11,119,99,38,48,39]
K_jzjvHTgI3Q10g4ko4NOA,33.65983715,-111.97627080000001,2,[33.6410593,-111.977935,33.678615,-111.9746066],[11,27,63,33,99,117]
FISdfPPml1POLQkij20wzA,33.54110005,-111.92861425000001,2,[33.5025941,-111.9296765,33.579606,-111.927552],[7,119,9,10,11,46,6]
K_20Av18IR0TmRllXKVVww,33.436301,-111.92257005464151,26,[33.379421,-111.939582,33.493181,-111.905558109283],[126,97,11,210,99,38,7,47,88,39,48,40,27]
SMpLzcuovq5X_z9QDRANfw,33.46632885,-112.26673505635051,10,[33.4384287,-112.359774112701,33.494229,-112.173696],[98,7,138,139,43,11,119,99,41,49,80,82,59,8]
YTb4LWYscS1VTZiZFc6XPA,33.507425,-112.0366323,1,[33.507425,-112.0366323,33.507425,-112.0366323],[11,63]
Gq9Gz_bcegUVLkq51tl7DA,33.605972,-112.066355,1,[33.605972,-112.066355,33.605972,-112.066355],[65,133]
ksIO74wF_2g-3liEGL9ZVQ,33.56963775,-112.07384305,30,[33.5021455,-112.218148,33.63713,-111.9295381],[10,11,99,7,142]
BxCPxoW_1DPe-s67JJpYhA,33.4838095,-112.0478312,6,[33.4838095,-112.0478312,33.4838095,-112.0478312],[6,70]
3S86GNDsYnW7dOjDjeLXlQ,33.5557353,-111.8988152,6,[33.5557353,-111.8988152,33.5557353,-111.8988152],[48,11]
yG0TfF9FsIpzcRrJZ_fosQ,33.5094461,-112.0403946,1,[33.5094461,-112.0403946,33.5094461,-112.0403946],[63,27,11]
TelS7wGkZ3HKRpC3yxVokA,33.5557353,-111.8988152,1,[33.5557353,-111.8988152,33.5557353,-111.8988152],[48,11]
XZwbIYkprVb47lRyWXYc2Q,33.5680781,-111.91388075,2,[33.5555237,-111.9290581,33.5806325,-111.8987034],[54,55,122,256,218,11]
qtef1P7UVXg6quATxYGqZw,33.5802421,-111.9258314,2,[33.5802421,-111.9258314,33.5802421,-111.9258314],[48,206,11]
4u7dzoxXYYc-E7orwJlpbQ,33.5528968,-112.0550321,1,[33.5528968,-112.0550321,33.5528968,-112.0550321],[84,6,166,339]
gmxFtUbG2hpBAKu7pAfi1g,33.49443315,-111.99797295,163,[33.451656,-112.0725189,33.5372103,-111.923427],[49,445,66,52,99,201,11,28,17,29,26]
w3J2zm0WvLKpKuq14XyzpA,33.5019817,-111.9276185,2,[33.5019817,-111.9276185,33.5019817,-111.9276185],[99,48,11]
U2L5C_jbQ3z6sKcZDNbY3Q,33.5832073,-112.0131291,3,[33.5832073,-112.0131291,33.5832073,-112.0131291],[108,7,119,38,109,39,11]
Z3qVl-1JgYnAe4py6VC5ug,33.403101,-111.91040100000001,57,[33.222722,-112.064846,33.58348,-111.755956],[185,11,64,123,65,7,108,43,12,114,13,6,163,27,138,8,139,99,48,296,168,42,251,200,234,363,1,270,224,212,63,97,10,44,119,129,277,278,79,49,178]
SDwNym_yVoAhIbmqkgNVuw,33.4950817,-112.01933325,8,[33.479887,-112.0463575,33.5102764,-111.992309],[161,65,133,224,11,38,39,40]
f_YFU2h9rM0ZPrPJD6eCsg,33.4850973,-112.06976085,14,[33.4527955,-112.0915007,33.5173991,-112.048021],[54,55,122,26,127,11,101,88,38,39,40,212,140,177,285,210,33,126,97,7,108,224]
I2CFVHx8YM3K0OKIs6vPXg,33.5447261,-111.9901079,15,[33.4787939,-112.1499898,33.6106583,-111.830226],[13,6,115,372,49,52,174,54,195,65,15,191]
5_JjlJkGI7oBjZqzrSFqAA,33.2185177,-111.8729835,5,[33.2185177,-111.8729835,33.2185177,-111.8729835],[71,72,275,269]
U9TF-UgnoURN2E8QQHbw5w,33.427028449999995,-111.83926025,22,[33.2903691,-112.0731767,33.5636878,-111.6053438],[7,137,8,139,32,203,26,11,49,193,80,59,134,135,13,6,21,22,71,72,46,30,224,182,126,219,218,27,99,98,239,119,62,24,17,38,57,18,109,209,39,185,204,65,93,3]
_mQ8bDND8WLQQ3LzKDVfZw,33.40815,-111.814495,2,[33.40815,-111.814495,33.40815,-111.814495],[26,11]
inxWHYGscfzDQHTPlzGSSQ,33.58651345,-111.9626621,19,[33.498028,-112.0039285,33.6749989,-111.9213957],[11,63,195,65,182,48,140,352,212,43]
09tyhxznpu1H2q4BNvL6gw,33.3776129,-111.9369185,1,[33.3776129,-111.9369185,33.3776129,-111.9369185],[374,32,95]
i9czlE7awOwJSFzIQcinYQ,33.57500785,-112.03118795,11,[33.509702,-112.042514,33.6403137,-112.0198619],[26,11]
aTNb-NABs4MQjB5n-3aKfw,33.4433241,-112.13037895,3,[33.42263,-112.3199449,33.4640182,-111.940813],[27,11,7,232]
ClR9ZNnTrIYugzsS-dlDXw,33.4777586,-112.08973850000001,139,[33.4194512,-112.263551,33.536066,-111.915926],[38,7,47,88,39,48,11,212]
gHFBd8OyAFMNfG7n-3XqBg,33.261388,-111.857235,6,[33.261388,-111.857235,33.261388,-111.857235],[126,11]
mZtMn3HI_2xAlg2ZZzv-fw,33.400478750000005,-111.99787805,21,[33.348162,-112.0696,33.4527955,-111.9261561],[26,11,177,140,224]
K_EsB7yuhieXrUaQlRNAkA,33.623651471322,-112.00160985,118,[33.421617342644,-112.0800705,33.8256856,-111.9231492],[63,27,24,11,177,140]
3wVYxrE2A-KkwXdL38WiLQ,33.3210491,-111.8605718,17,[33.3210491,-111.8605718,33.3210491,-111.8605718],[168,42,43,11]
Uv4qrIDX7xzLJP_9n_JsyA,33.48712875,-111.8914702,10,[33.302011,-111.9403254,33.6722465,-111.842615],[26,11,38,48,39,40,63,169,109,221]
ZO4ypYw9EUBF5lRlnIOwWA,33.3200438,-111.89777955,11,[33.2181007,-111.9366872,33.4219869,-111.8588719],[43,11,33]
XhXwTjVIE2835zym8Zh7Cw,33.449233,-112.065458,4,[33.449233,-112.065458,33.449233,-112.065458],[27,11]
IsPvTc4OipHuYoc8kyTnBg,33.626933,-112.100731,24,[33.626933,-112.100731,33.626933,-112.100731],[212,26,11]
2vp4xYVgussqQIsdl03mxw,33.6204713615953,-111.892747879028,76,[33.6204713615953,-111.892747879028,33.6204713615953,-111.892747879028],[63,117,24,11]
Pp0I5Mxaep8xWYnYUosgPQ,33.4150348,-111.9184724,74,[33.4150348,-111.9184724,33.4150348,-111.9184724],[182,48,140,11]
hfVglULIMxmDH0a8OTAGsQ,33.43824662403005,-111.9071045068755,200,[33.3070935480601,-112.0740526,33.5693997,-111.740156413751],[46,6,98,7,24,11,26,12,13,22,28,17,29]
-r2u8wvUPOhaod8UTfOb9A,33.313100500000004,-111.8802675,3,[33.306806,-111.88557,33.319395,-111.874965],[177,140,192,11,26]
eHXGmdUk4fN5_7qIXwIE6Q,33.5822084,-111.9216835,39,[33.5822084,-111.9216835,33.5822084,-111.9216835],[119,11]
qbXjFRONkSrvCqTXknvWqQ,33.614219199999994,-112.09829264999999,2,[33.5174282,-112.1142778,33.7110102,-112.0823075],[33,11,7,142,292]
Vr6mx8xKm_FyBUkmLweRIw,33.325181400000005,-111.91158725,8,[33.3022008,-111.982113,33.348162,-111.8410615],[43,11,127,33,119,99]
_bWDSCfpMSeg9MG6FCSkCA,33.3156591,-112.0048589,1,[33.3156591,-112.0048589,33.3156591,-112.0048589],[382,11]
k7M0Ixtbeu0bQQHu1WwLlw,33.418764749999994,-111.9751259,22,[33.3350308,-112.0739136,33.5024987,-111.8763382],[126,97,11,84,147,339,7,108,309,285,8,138,139,292,419]
gQcA4dFT98V1rO1q7U-kgQ,33.34129025,-111.90591140000001,3,[33.304845,-111.9709188,33.3777355,-111.840904],[72,207,26,11,49,316]
SRvCG173DX4nOyzGvQJ1vA,33.3932466,-111.8630261,1,[33.3932466,-111.8630261,33.3932466,-111.8630261],[11]
RD2YHSnQCy2iSN_EGo3QdA,33.317301372397,-111.78244350739749,4,[33.3135411,-111.8409681,33.321061644794,-111.723918914795],[17,62,99,11]
GxmbTncdUoH-TPvD4mnRbQ,33.41339605,-111.92597975,2,[33.4130961,-111.9262735,33.413696,-111.925686],[149,11,28,17,29]
b1af1AxjZdE2-gCJpwbORQ,33.44794605,-111.8442598,11,[33.377523,-112.0047498,33.5183691,-111.6837698],[28,17,29,26,11,99,33,117,57,27,39,145]
P39K61Dquo1XU5SfE16RFg,33.610963,-111.927561,1,[33.610963,-111.927561,33.610963,-111.927561],[7,11,63]
gOPWB8tP2sizXtWnPx15Mg,33.3997559,-111.9885651,6,[33.3778548,-112.0323812,33.421657,-111.944749],[224,11,27]
S1usSeYtTErPMn03LeWkCw,33.6179153,-112.21417725,6,[33.5661813,-112.2415246,33.6696493,-112.1868299],[126,97,11,265,49,39,341]
VZmjh4DrycVfTw3WigMQaA,33.58754505,-111.9901469,15,[33.4964751,-112.0839659,33.678615,-111.8963279],[97,11,99,38,33,39,128,119,201,48,26,126,120,182,49,178,52,63,27]
rjAlL1eXaKPatS40ybgC5Q,33.4596905,-112.0462108,1,[33.4596905,-112.0462108,33.4596905,-112.0462108],[7,98,8,10,11]
1jRMwJHYXED5Ynn-Tvc0qQ,33.3441274,-111.7895137,1,[33.3441274,-111.7895137,33.3441274,-111.7895137],[137,7,139]
FZl7gDMKi8fUEPZxaAvn-A,33.49649745,-112.16665985,9,[33.4587919,-112.2618153,33.534203,-112.0715044],[109,38,48,39,11,182,99,57,145,40]
QtnzOrQeMFiwiXevf34hyQ,33.4368294,-112.0711771,1,[33.4368294,-112.0711771,33.4368294,-112.0711771],[7,139,416]
qpaBMN5f8Rt1IOZuddCTUA,33.4931793,-111.9320931,8,[33.4931793,-111.9320931,33.4931793,-111.9320931],[39,26,127,11]
9mNOQBeTl5CrkYceJql_rA,33.4219869,-111.9366872,175,[33.4219869,-111.9366872,33.4219869,-111.9366872],[33,11]
QNvXmQ2NtpYT800igOKXBA,33.8000576,-111.9280264,8,[33.8000576,-111.9280264,33.8000576,-111.9280264],[65,158,17,28,161,29]
IgKhE5zQlR7Bs87pkDP5XQ,33.4566986828515,-112.04025647086999,62,[33.4354634,-112.07352364174,33.477933965703,-112.0069893],[224,11,38,128,39]
mURfv49iHAkZkbr1LreIng,33.358098,-111.917589,6,[33.322668,-112.012504,33.393528,-111.822674],[99,246,7,119,139,24,17,423,11,26,27]
uJO2ZqIFTBxdkT0mOkMJlw,33.494205,-111.931447,1,[33.494205,-111.931447,33.494205,-111.931447],[48,11]
NcWLWlfPgd0oRCMscO19nA,33.449233,-112.065458,185,[33.449233,-112.065458,33.449233,-112.065458],[27,11]
0Fg3bXtWnl9SFALgSqyehQ,33.57185605,-111.92014385,3,[33.519588,-111.9307637,33.6241241,-111.909524],[168,265,11,38,260,39,40,259]
QOnt4XLyh2Ztkj8jCPVXyQ,33.5044082,-111.9691642,1,[33.5044082,-111.9691642,33.5044082,-111.9691642],[161,28,65,17,29]
N98mJQDzTjzT216SFVeBDQ,33.4446646,-111.954747,25,[33.334712,-112.0691813,33.5546172,-111.8403127],[7,142,43,11,224,169,251,99,246,119,139,24,17,423,239,26,44]
lMkldpLKYoRBR3BQYWp7MQ,33.5097292,-112.3412531,6,[33.5097292,-112.3412531,33.5097292,-112.3412531],[129,175,278,79]
2BKxJgloxZjJgaPOHVxdPg,33.5132266,-112.2948244,2,[33.5132266,-112.2948244,33.5132266,-112.2948244],[57,327]
KCwwYd2Jc31vq9DJUltIWA,33.561707,-111.98546275000001,200,[33.444799,-112.0688255,33.678615,-111.9021],[33,44,11,38,48,99,39,128,168,265,28,158,17,29,57,327,98,7,108,119,120]
J1jT2d-zKRZ54u1zJe00Iw,33.5076768,-111.99502645,9,[33.45,-112.07,33.5653536,-111.9200529],[49,193,59,26,11,13,6,65,114,204,12,177,48,80]
2Xq18eFxVCvRm7WICVloAQ,33.4939313,-111.9256266,1,[33.4939313,-111.9256266,33.4939313,-111.9256266],[185,11]
4DD4BtR1n8sm4hIGSMkaeA,33.4939313,-111.9256266,1,[33.4939313,-111.9256266,33.4939313,-111.9256266],[185,11]
dUZ8aLUiX3_zq83nnlytjQ,33.53096415,-112.00131454999999,14,[33.4629168,-112.103916,33.5990115,-111.8987131],[28,190,241,394,7,49,52,50,194,79,121,119,11,129,277,157,103,98]
N1koTSTyiLCD8zH0rHSh4w,33.478459,-111.74993549999999,112,[33.303233,-112.135621,33.653685,-111.36425],[48,11,7,182,194,172,49,146,445,80,59,322,57,108,33,168,38,39,40,26,43,224,206,63,6,270,47,155,54,99,127,145,98,251,27,24,88,298,267,36,69,66,5,4,181,187,10,139,186,193,177,140,192,101,242,244,292,185,89,32,203,90,319,126,97,84,72,393,213]
cGmhTQq-Tm6ND1B2bFUcag,33.446195133741,-111.97493461419,8,[33.446195133741,-111.97493461419,33.446195133741,-111.97493461419],[265,11]
hygqeIuEjBWdwZnFp_JSrw,33.2624818,-111.85757,4,[33.2624818,-111.85757,33.2624818,-111.85757],[65,133]
1FGW3CCgLZiXdj_jUw0dNA,33.50869075,-112.06013440000001,13,[33.3354566,-112.2796988,33.6819249,-111.84057],[218,11,7,182,194,172,162,43,202,72,251,38,26,39,41,149,10,24]
Rc5wyTgbXpFy0MzlkyJfEg,33.321993,-111.7555067,1,[33.321993,-111.7555067,33.321993,-111.7555067],[129,332,278,79]
olKIOr2PVh0gLcblu2ZONg,33.482601,-112.077617,33,[33.482601,-112.077617,33.482601,-112.077617],[28,17,29]
fL35GHzclQauHyVr0sjREQ,33.5445361394845,-112.01447715,60,[33.378062078969,-112.1142778,33.7110102,-111.9146765],[28,170,49,193,59,183,65,119,24,11,63,98,7,108,182,218,142,292,139,137,117,27,210,202,72,281,6,168,181,229,404,33,48,10,38,101,39,128,133,260,8,109,99,104,161,54,220,185,307,172]
2yFfjU8DD0v_ywkz2AkDVw,33.349278,-111.822449,2,[33.349278,-111.822449,33.349278,-111.822449],[26,11]
LclUt5T5r4PCQ15foFUKgw,33.4009719,-111.93541705,71,[33.3742118,-111.951494,33.427732,-111.9193401],[88,38,39,89,11,26,33,119,24,48]
AcOfJwSXSy2aDWsdKyb7xw,33.4069185,-111.95824619999999,98,[33.406538,-111.96167,33.407299,-111.9548224],[101,38,39,40,11,28,17,29]
wNE5AA54nQfvbYD0JpYeyA,33.6402772,-112.041686,1,[33.6402772,-112.041686,33.6402772,-112.041686],[72,297]
jUHkGkCY-Tbcf6vSn5NNjA,33.4803718,-112.0727251,19,[33.4803718,-112.0727251,33.4803718,-112.0727251],[28,17,29]
jyLIpiiVCUS1ZbbLuK3utw,33.6181411,-112.1285151,10,[33.5990432,-112.275823,33.637239,-111.9812072],[7,139,11,63,33]
zxq1lJWWjuwxg5y7hOxWRw,33.4258484,-111.909031,4,[33.4258484,-111.909031,33.4258484,-111.909031],[136,17]
4M3j1m_vlCN5BRZsDUlzyw,33.56289425,-111.999421,41,[33.4471735,-112.073781,33.678615,-111.925061],[65,133,38,48,39,11,182,49,80,82,59,63,126,97,26,127,119,7,142,128]
ky9WCf-Q9A1EMIThR_VvVw,33.4231482,-111.8888694,6,[33.413324,-111.9043028,33.4329724,-111.873436],[43,11,7,36]
OyiK2TLQQMgeEFgSn5qr2Q,33.413241,-111.8746075,3,[33.413158,-111.875779,33.413324,-111.873436],[43,11,224]
duOtHUgA7iXzXUuAEIbdwg,33.520431200000004,-111.9847049,28,[33.4251549,-112.065107,33.6157075,-111.9043028],[38,99,39,11,128,63,27,7,47,88,48,101,212,361,126,24,26,229,40,43,293]
AhgwtvYd9guBRs6AZ3Vf5w,33.47362855,-111.99558675,29,[33.3203241,-112.100731,33.626933,-111.8904425],[12,114,13,6,109,38,11,39,63,44,296,168,99,27,119,128,28,17,29,7,9,61,112,212,26,142,108,8,48]
-P9x7a0ZkmnxDoofq7UTRw,33.620562,-111.8963279,2,[33.620562,-111.8963279,33.620562,-111.8963279],[119,11]
1T3VxbtJyQL2nEScJRm0uw,33.5307049,-112.0151722,49,[33.5307049,-112.0151722,33.5307049,-112.0151722],[11,63]
zRzVu0Gxe55FJOVcKok89w,33.569728,-111.886203,1,[33.569728,-111.886203,33.569728,-111.886203],[39,38,212,128,11]
DDz5YV3Ks--L1GymPCc0Ug,33.384398,-111.858873,1,[33.384398,-111.858873,33.384398,-111.858873],[119,11]
5OLKI0NgQrrL-v0PB1dIlQ,33.5061279,-112.359271,1,[33.5061279,-112.359271,33.5061279,-112.359271],[163,13,6,4,248,12,160]
X8-7M9JWu_IEay6fkT3klQ,33.5829091,-112.0144276,2,[33.5829091,-112.0144276,33.5829091,-112.0144276],[49,146,17,18]
U5TnaAf__Bn1wbe44T4c_g,33.4683785,-112.079501,36,[33.3659439,-112.335666,33.5708131,-111.823336],[7,455,139,26,11,168,380,185,210,108,251,169,206,117,24,63,27,174,54,195,65,265,177,140,211,75,32,381,244,149,109,38,39,36]
L6uz4WwrkfZhxTKz2fBnpg,33.474470100000005,-112.06582945,5,[33.4354553,-112.0839659,33.5134849,-112.047693],[120,11,309,285,99,38,39,128,185]
O70IylwoYCCaCAarZPDIOg,33.44317115,-112.0174307,3,[33.4219869,-112.0981742,33.4643554,-111.9366872],[99,120,11,33]
4LG5Mmxy9RHQjVNOUWGijA,33.266696887038,-111.99153418078,1,[33.266696887038,-111.99153418078,33.266696887038,-111.99153418078],[28,29,17,11]
OZEzbthoS-qEFnAOrDtzEw,33.450212248049596,-111.96471336255601,7,[33.3918914794922,-112.029066725112,33.508533016607,-111.90036],[26,11,210,7,189,10,24,177]
1-A_PLT-60EZ9MsfbkV9sw,33.5286375,-111.97007665000001,55,[33.379421,-112.077177,33.677854,-111.8629763],[28,190,99,117,11,140,7,365,38,265,39,142,48,159,32,57,69,40,206,36,37,203,63,47,128,88,210,212,97,205,474,219,27]
ayFDn19NYadybVdPzP8VaQ,33.6403357,-111.9607275,7,[33.6403357,-111.9607275,33.6403357,-111.9607275],[65,133]
d9nq2bEv80J862T7DPEllA,33.3170725,-111.96652750000001,7,[33.316239,-111.968917,33.317906,-111.964138],[26,11,63]
tnZ3lfFB5tXoICgmzVfD6w,33.54321855,-111.91922965,200,[33.414249,-111.9479687,33.6721881,-111.8904906],[99,11,49,50,52,79,7,139,225,64,161,65,9,28,17,29]
euIqT-Kxbzt3NsAMMPZKVA,33.50432155,-111.97551905,9,[33.498915,-112.0255251,33.5097281,-111.925513],[206,11,168]
yF3D4HemZRmJDX49JRjkYw,33.3832738,-112.02064245,200,[33.319212,-112.0734239,33.4473356,-111.967861],[38,99,128,39,296,11,127]
Mp8QDJwRlZE8xxyFRVGoKA,33.33285454999999,-111.84162645,2,[33.3148631,-111.8595869,33.350846,-111.823666],[33,44,11,84,147]
zTWH9b_ItSdLOK9ypeFOIw,33.4904892671265,-111.77205749999999,200,[33.407162534253,-112.00644,33.573816,-111.537675],[117,11,28,170,168,43,49,305]
jRs5yOnQ3LonN2_4RxX1yw,33.454997,-112.066857,19,[33.454997,-112.066857,33.454997,-112.066857],[28,17,18,29]
VgjgoQDmWTDXrWj3MqJRRw,33.4830166286892,-112.1521127,200,[33.4566960573784,-112.35646,33.5093372,-111.9477654],[26,11,119,6,70,218,57,470,145,39,38,140,40,48,212,63,97]
JO9aJ36ZLOol-XGHXCIUwg,33.5112021,-111.94292025,3,[33.4802112,-111.9602065,33.542193,-111.925634],[265,126,97,11,119,99]
ypZuVL3wvH82I8n3mlmunA,33.412381100000005,-111.80776455,3,[33.39521,-111.8788471,33.4295522,-111.736682],[49,178,409]
LgsYCQbcHtWXQm86UoXOYw,33.47640295,-111.69013325,10,[33.3790441,-111.8425949,33.5737618,-111.5376716],[168,11,27]
PWgII3TTXpC1tsyAEzSeZQ,33.2959935,-111.9971322,2,[33.2959935,-111.9971322,33.2959935,-111.9971322],[53,54,55,266,256]
JyxSl5N5PIepSA8QRqqEgg,33.4329724,-111.9043028,7,[33.4329724,-111.9043028,33.4329724,-111.9043028],[127,11]
TEd3ZbEeEj-tmu7nyfLQjw,33.568808149999995,-111.90338395,7,[33.4982894,-111.9275491,33.6393269,-111.8792188],[96,72,7,108,119,11,48]
cDCkt8gSd-MChr71u0g0Ng,33.3048512833752,-111.756019592285,1,[33.3048512833752,-111.756019592285,33.3048512833752,-111.756019592285],[168,43,11]
cb-EMfc4zNrKPgnrV7UNUw,33.480116,-112.014283,2,[33.480116,-112.014283,33.480116,-112.014283],[84,339]
huE7A2WBkTJTyEr2K8Owzw,33.37314615,-111.8319022,103,[33.0312852,-112.2618153,33.7150071,-111.4019891],[119,38,48,39,11,65,133,265,7,108,63,157,103,26,168,6,32,130,35,208,75,57,209,251,49,80,82,59,33,44,88,89,99,149,126,128,185,298,50,52,97,28,170,224,212,293,27,182,117]
j-UStxWuMqSqGnReQGgdyQ,33.5384636,-112.1819312,2,[33.5384636,-112.1819312,33.5384636,-112.1819312],[33,11]
qHObh3P7wAN-uYKj1PdVtA,33.500707750000004,-111.9611021,47,[33.499006,-111.9955012,33.5024095,-111.926703],[39,212,126,293,11,7,8,119]
EzjJ536eGHoR7xDF1XgeoA,33.534323,-111.9859599588555,74,[33.390792,-112.083116517711,33.677854,-111.8888034],[28,240,241,119,99,11,109,38,48,39,7,138,8,139,63,168,181,229,64,65,27,210,49,80,82,59,62,17,54,55,122,24,212,32,95,222,26,127,98,108,201]
9kDTgCBNllmp3IGy7wrrDQ,33.4772147,-112.0736348,5,[33.4772147,-112.0736348,33.4772147,-112.0736348],[265,11]
xFJnTELXo7KTL-sRRfa8Zw,33.41552905,-111.9366738,18,[33.3640435,-111.9958498,33.4670146,-111.8774978],[27,11,218,219]
0b_ehtfJXDNSBJMW1hSQ_A,33.6381933,-112.2040132,2,[33.6381933,-112.2040132,33.6381933,-112.2040132],[26,11]
EmttwFPunQuZXewHWjigew,33.3478272,-111.9102573,12,[33.3478272,-111.9102573,33.3478272,-111.9102573],[224,182,11]
ZIrqyyjbgprzsAQ3QDNAXw,33.5879473,-112.1164668,2,[33.5879473,-112.1164668,33.5879473,-112.1164668],[168,169,11]
7v2sZ8Kn6X_PgeGYxVolHQ,33.349558099999996,-111.800945,7,[33.279665,-111.915926,33.4194512,-111.685964],[99,11,65,133,119,38,7,47,88,39,48]
S6AvVYHwd949SIwIvcwB8w,33.6387136,-112.354406,3,[33.6387136,-112.354406,33.6387136,-112.354406],[27,11]
uj8CJwk9K_rjo8tyaEGPNg,33.575405,-112.02073355,3,[33.5116737,-112.150244,33.6391363,-111.8912231],[88,38,39,298,11,210]
iywf_g0k8zcsQdepgC_Q7Q,33.5956647,-111.95777770000001,3,[33.4492414,-112.072854,33.742088,-111.8427014],[38,39,40,7,36,109,11,27,33,48,307]
DCCLyQR-DHa0qNMFqh1Yeg,33.6384876,-112.1897722,3,[33.6384876,-112.1897722,33.6384876,-112.1897722],[7,138,139,97,11]
CFrn4uPdimzKfb5W6enGFQ,33.48511415,-112.06498995000001,7,[33.4528292,-112.0824683,33.5173991,-112.0475116],[224,11,26,117,214,126,97,27]
sp9H33n27MK0yMbSVJuiMw,33.6328383,-111.91332135,4,[33.6211306,-111.9166857,33.644546,-111.909957],[48,11,104,179,65]
0gMAvqyMl5b4oWqq1HokaA,33.4081866,-112.01639125,43,[33.321216,-112.0648845,33.4951572,-111.967898],[322,57,11,63,10]
b1k4tWoA_ISD7wqu82l8rA,33.520138200000005,-111.80444700000001,200,[33.3781253,-112.116849,33.6621511,-111.492045],[28,17,29,38,11,99,128,39,109,48,46,102,6,103,26,7,108,119,177,140,40,33,44,9,10,224,190,57,145]
CG6I9jD7wX05riyzM9pyWQ,33.5674705,-112.1528921,1,[33.5674705,-112.1528921,33.5674705,-112.1528921],[149,43,11]
NHLDSDM-9rxsWX3w8vulEg,33.60319845,-111.92914719999999,2,[33.5803924,-111.9777989,33.6260045,-111.8804955],[27,11]
GeQDyKvs3iKtWLAgtm6o6A,33.502177950000004,-111.9773418,10,[33.383812,-112.0366736,33.6205439,-111.91801],[28,17,29,271]
9RfQ2pVYnVSSJgqxLymvqw,33.3856691,-111.8989831573975,12,[33.2611314,-112.0740474,33.5102068,-111.723918914795],[126,97,11,224,168,43,7,33,48,47,99]
Sj9zzZggOvIHDBq6u5s2pw,33.3966682,-111.91249719999999,3,[33.3783016,-111.9184724,33.4150348,-111.906522],[182,48,140,11,43]
kTDIDJfe60pd0viQWO9TKw,33.461159,-111.925916,2,[33.461159,-111.925916,33.461159,-111.925916],[357,39]
j_Ntp28guy_zin28c9HrgA,33.6279035,-111.8910255,1,[33.6279035,-111.8910255,33.6279035,-111.8910255],[119,24,11]
3dQpmGXaVwYW6T2OgPF8ig,33.499978,-111.926938010414,8,[33.4915779,-111.928035020828,33.5083781,-111.925841],[119,38,48,39,11,161,28,65,17,29,168,99]
ioCHJDuFHAquUskfearbQg,33.4323864,-111.9685693,7,[33.4287313,-111.9956337,33.4360415,-111.9415049],[28,240,241,342]
LHQ2fuC2RDS-Md_dN2O1IQ,33.46378515,-111.959157,200,[33.3022462,-112.0772,33.6253241,-111.841114],[192,11,27,7,142,172,33,44,26,71,72,96,184,8,148,323,46,6,63,98,201,149,97,219,218,41,212,361,10,9,88,38,39,89,181,229,99,182,138,139,292,48,140,43,47,117,119,24,126,108,128]
W1_-DGJi412EoqH6fAp6NQ,33.50992115625795,-111.91778979920201,22,[33.392538,-111.940813,33.6273043125159,-111.894766598404],[307,212,43,11,44,57,69,48,63,97,7,142,99,127,140,177,192]
DqQf_U39vTcxd4nwNSbZ1w,33.5739285,-112.06058085000001,200,[33.43475,-112.125528,33.713107,-111.9956337],[28,17,18,29,182,48,140,11,26,99,10,63,170,240,241,177,33,44]
7OU1zyh8-O_l2XzRLiV2lw,33.5881232,-111.90444895,8,[33.3075024,-112.1388544,33.868744,-111.6700435],[119,11,168,169,7,108,482,185]
ZtwyQ1IbRw9Qk8WWnu9igw,33.438199615532696,-112.0340567724365,101,[33.4340647310654,-112.0736563,33.4423345,-111.994457244873],[98,7,38,39,40,11]
41uQK2oJAmahY0jCrdrl4w,33.5385376,-111.91380000000001,11,[33.37844,-111.951184,33.6986352,-111.876416],[7,142,108,251,11,98,24]
H1fG6fiTMBgndfSuC0gpuA,33.502191,-111.996292,3,[33.502191,-111.996292,33.502191,-111.996292],[109,38,11,39,63]
gTTWCAp2GjpKXk7bR-Tvuw,33.4838315,-111.9722864,6,[33.421663,-112.0403946,33.546,-111.9041782],[63,27,11,7,47,108,186,6,57,26,127]
etQpUPdEqLeETwBJvvo-zQ,33.28363800405795,-111.78285501758,3,[33.2125748081159,-111.8904425,33.3547012,-111.67526753516],[7,108,48,11,10,24]
wtUaByVscyIp3CiI2L7k2g,33.501819749999996,-111.9587181,2,[33.50123,-111.9955012,33.5024095,-111.921935],[39,38,26,128,11,7,8,119]
OIXBsqhqhVcw8myDb-xjsg,33.5590959,-112.0441189,6,[33.491645,-112.073196,33.6265468,-112.0150418],[71,72,38,140,39,40,48,11]
ze2shPxBCU0HGG7sKz3yKg,33.4804846,-111.9971926,17,[33.4804846,-111.9971926,33.4804846,-111.9971926],[7,232]
fl6oI21uXoxVMwfR6lFanQ,33.6207949,-112.18544184999999,200,[33.3791738,-112.613772,33.862416,-111.7571117],[48,11,99,126,38,39,40,46,6,204,65,248,17,152,112,7,137,8,139,119,49,80,82,59,307,212,43,225,250,109,57,69,77,35,76,265,36,41,150,151,26,304,387,201,45,148,158,28,161,29,63,128,27,168,30,13,47,108,98,24,208,130,32,12,61,22,72,154,142,244,172,163,293,274,64,133,33,106,54,226,267,182,97,34,441,145,101,254,221,114,448,177,78,79,15,191,333,170,475,149,75,1,301,302,175,129,121,87,10,9]
fzNvfmIbq6zBxe2guFHzrQ,33.5102068,-112.0272041,9,[33.5102068,-112.0272041,33.5102068,-112.0272041],[99,11]
d4iilD9SPM7zDPvW1HJqnQ,33.3487055477927,-111.983256340027,2,[33.3487055477927,-111.983256340027,33.3487055477927,-111.983256340027],[119,11]
fnYuI35x7wAFsE3zWUkYFw,33.4758927,-112.03474955,200,[33.4495944,-112.0732071,33.502191,-111.996292],[109,38,11,39,63,28,17,29]
aJAo5HINXs6ToN9RSw40ug,33.6390283,-112.18908,7,[33.6390283,-112.18908,33.6390283,-112.18908],[26,11]
OwH2CYnjl0_RH4Dp3QnAnw,33.6288719,-112.3768048,12,[33.6288719,-112.3768048,33.6288719,-112.3768048],[57,327]
hQxx3VixUBVmqDPCJBnBvA,33.467161992472,-112.051340861055,4,[33.444801984944,-112.07211772211,33.489522,-112.030564],[26,11,38,99,39,128,185]
BE2xNLLeiPc5D9lBKMKHhw,33.457788,-112.067113,31,[33.457788,-112.067113,33.457788,-112.067113],[7,108,186,6,57]
bADkBuUDonedhUd5KB598g,33.294906600000004,-112.02089555,16,[33.0729619,-112.1328719,33.5168513,-111.9089192],[41,11,27,26,43,74,24,98,7,63,10]
zLZZpwBNB8hWson5dKXEtg,33.495428000000004,-111.9940481207885,22,[33.4074111,-112.0800705,33.5834449,-111.908025741577],[475,48,11,63,27,24,265,98,7,108,38,99,39,40,26,224,36,119,84,419,109]
Czjybxlx-Pse-H4oK8Upww,33.37831,-111.861418,122,[33.37831,-111.861418,33.37831,-111.861418],[224,11]
UA9vgAT3pitoOvs6zBxqOA,33.5182825,-112.0646951,2,[33.5182825,-112.0646951,33.5182825,-112.0646951],[7,108]
eCEJ_CWOONfaKWCNS2fmHw,33.4528292,-112.0685027,2,[33.4528292,-112.0685027,33.4528292,-112.0685027],[303,17]
cUMxaIaeZovQTYBBxcQKzA,33.660020149999994,-112.03808484999999,61,[33.487843,-112.1503054,33.8321973,-111.9258643],[340,210,11,6,270,63,27,79,121,7,142,62,17,185,26,138,139,140,229,15,25,33,49,66,112,173,248,250,175,129,43,44,416,84,147]
vd62azMFeX6Fy1g5wRuJ1A,33.484487,-112.07643,2,[33.484487,-112.07643,33.484487,-112.07643],[38,143,293,39]
bQz6hvu_3yUfFelqzng6Ew,33.4483771,-112.0740373,2,[33.4483771,-112.0740373,33.4483771,-112.0740373],[7,292]
MXrc-BGk8PmHuLmOfojkEw,33.415407450000004,-111.96537305,8,[33.3501369,-112.020834,33.480678,-111.9099121],[99,43,11,177,140,84,339,119,48,24,224,296]
nRNNiJkXJ4xphXypsRPefg,33.4757578786892,-112.02607396849649,20,[33.4566960573784,-112.072327136993,33.4948197,-111.9798208],[119,11]
6fnXa6lEdD_NXI2pg3AawQ,33.266586893519005,-111.99170219038999,2,[33.2664769,-111.9918702,33.266696887038,-111.99153418078],[28,29,17,11,49,276]
3Mbu4YebvAAyw4oDCKqeeQ,33.3052816858981,-111.720539331436,2,[33.3052816858981,-111.720539331436,33.3052816858981,-111.720539331436],[26,11]
-8kSIb5C3OEA7Y7O12g5Wg,32.8795619,-111.7284329,28,[32.8795619,-111.7284329,32.8795619,-111.7284329],[43,11]
S4y3RDjjVzmi_7mqQZ4Dnw,33.44412845,-112.0402835,200,[33.43475,-112.074127,33.4535069,-112.00644],[17,18,134,135,28,29,170,7,108,38,11,99,128,39]
SYJTmS8xXvZOh87OMuUnZw,33.259137949999996,-111.9983325,8,[33.0690759,-112.0696,33.4492,-111.927065],[98,7,239,11,224,41,43,177,140]
YK2rodQfBU2Oe9H6jmlTFg,33.540353499999995,-111.98437150000001,64,[33.397228,-112.071313,33.683479,-111.89743],[84,339,48,11,49,445,66,52,212,229,265,178,57,327,63,33,43,12,61,13,6,114,7,108]
sjjNg25N55VAezew2H5ipg,33.463092,-112.34477,1,[33.463092,-112.34477,33.463092,-112.34477],[11,63]
lK7NdZTImd4GuzYbEgEEiA,33.503686,-111.929337,22,[33.503686,-111.929337,33.503686,-111.929337],[33,11]
6mi3ytiQyCXVNSNP1OzGHw,33.5101009,-112.20192474999999,8,[33.4673423,-112.2209537,33.5528595,-112.1828958],[33,44,11,99,265]
ZcIGGcPO4pz2sporgXDu_Q,33.477981650000004,-112.20259145,5,[33.4585263,-112.3376083,33.497437,-112.0675746],[7,108,142,119,11,27,6,77,112,191,35,17,15,111,113]
JEjzUX-9ZjZl0nXs6kgc6w,33.5090642,-111.98273,56,[33.362444,-112.100731,33.6556844,-111.864729],[88,38,39,24,11,7,142,27,182,48,140,99,128,98,10,9,89,119,251,49,233,26,13,6,4,5,425,160,265,224,212,47,309,285,63,33,44]
FkMD1faT66Ia8pawx-b_KQ,33.51557685,-111.92124390000001,41,[33.4930514,-111.9339561,33.5381023,-111.9085317],[28,17,29,62,27,11]
Ob_9JbL31wkSJxYseEVk-w,33.3032794,-111.9672603,5,[33.3032794,-111.9672603,33.3032794,-111.9672603],[99,11]
10_Irc4dCD9HcvhK8Ju-jg,33.4471735,-112.073781,4,[33.4471735,-112.073781,33.4471735,-112.073781],[119,99,11]
Drq1thDxSzkUkRG7EB1VUg,33.3832618,-112.3801036,1,[33.3832618,-112.3801036,33.3832618,-112.3801036],[49,52]
vYmM4KTsC8ZfQBg-j5MWkw,33.457862943608205,-111.79646965,28,[33.3779891872164,-112.0455993,33.5377367,-111.54734],[43,11,7,108,9,149,224,208,6,35,212,24,99,48,185,96,72]
nMVRRV6Iu-2YODo9bPELGA,33.683345,-112.084629,90,[33.683345,-112.084629,33.683345,-112.084629],[492,17]
dqY-jMXOgCigGRGX9jvMrQ,33.449233,-112.065458,40,[33.449233,-112.065458,33.449233,-112.065458],[27,11]
LVRfFBoJYrEJS4jaA-V2yg,33.512921649999996,-111.99500905,6,[33.4949678,-112.0658738,33.5308755,-111.9241443],[129,78,278,79,11,63,99]
y0rUZUlsf6v7ZH6xGu-YjA,33.6272238,-111.8956455,3,[33.6272238,-111.8956455,33.6272238,-111.8956455],[224,126,97,11]
RbFggFSVUUHbgFmeW5Xgjg,33.54724365,-111.94861315,11,[33.492962,-111.988712,33.6015253,-111.9085143],[26,11,13,6,4,5,425,160,224,126,97,168,265,99,48,109,38,39]
hno-5CTo24tD9YRdglAZ2g,33.467081360849505,-111.9618294573975,100,[33.287866621699,-112.19974,33.6462961,-111.723918914795],[38,143,39,6,70,33,11,24,43,112,254,168,169,83,99,88,40,26,12,114,13,7,265,126,128,109,48,30,120,189,10,212,251,224,84,346,119,32,302,110,1,141,162,139,225,250,210,108,41,8,63,27,28,17,29,156,142,262,14,15,191,57,77,186,35,76]
FmQtYjm0BgQCyB3AQzIOqA,33.448717,-112.059954,2,[33.448717,-112.059954,33.448717,-112.059954],[26,11]
xivvWXKC16zmDV51YGlhuA,33.4517161,-112.0764371,4,[33.4517161,-112.0764371,33.4517161,-112.0764371],[57,39,145]
MPNFtwa6OGZcMJoB6b90iQ,33.413538250564955,-111.83361852548501,166,[33.220784807586,-112.0839659,33.6062916935439,-111.58327115097],[99,11,309,285,7,108,48,188,23,38,140,39,40,119,24,322,57,56,142,46,6,296,28,170,190,292]
48oVm86AxuiXwItWB-_w2A,33.436027,-111.9956337,46,[33.436027,-111.9956337,33.436027,-111.9956337],[99,11]
JlMLNh0ECg0tgZKUL818DA,33.5612589,-112.1156244,1,[33.5612589,-112.1156244,33.5612589,-112.1156244],[48,185,11]
9wAf9_aGiF6diDG7R8uWog,33.6181702,-111.8976724,1,[33.6181702,-111.8976724,33.6181702,-111.8976724],[4,6]
62VyABeIdPdzeBpmxaPb3w,33.55453695,-112.16211129999999,9,[33.4564268,-112.253795,33.6526471,-112.0704276],[43,11,126,97]
ZncRDiCqgpM8x0-bEv_jqQ,33.425207,-112.3566862,60,[33.425207,-112.3566862,33.425207,-112.3566862],[26,11]
StOyoZIMDukZ8keft7j0EA,33.5237453,-112.0487368,2,[33.5237453,-112.0487368,33.5237453,-112.0487368],[38,48,39,11]
AncVDK7eNz6c0pxLxAl42w,33.40437945,-111.9284762,81,[33.2475,-112.1156244,33.5612589,-111.741328],[49,367,63,27,11,26,38,39,99,127,146,341,6,45,84,124,125,46,44,88,298,273,128,48,185,296,24,7,142,10,110,30,13,101,33,194,205,57,69,119]
t30yGZaCe1Gq4GEl11Pl3Q,33.4458808,-111.9941623,2,[33.42263,-112.0475116,33.4691316,-111.940813],[26,11,7,142]
EaJ8ucQTJAsLhBKw2ChX3w,33.37844,-111.876416,5,[33.37844,-111.876416,33.37844,-111.876416],[251,11]
la33BDOT9EpbPaq1IPFDVw,33.4548476,-112.0800705,3,[33.4548476,-112.0800705,33.4548476,-112.0800705],[63,27,24,11]
XE0a0Qw9-LhsYyO8Aon53g,33.26618680405795,-111.80252026758001,7,[33.2125748081159,-111.929773,33.3197988,-111.67526753516],[10,24,11,63,224,7,43,48,185]
rXJ80xJPF_0smutnFubU0A,33.479639500000005,-112.0397706,35,[33.449233,-112.065458,33.510046,-112.0140832],[7,313,27,11]
uXKr25gofWxW4j2HK0CpOQ,33.5997262,-111.9872563,10,[33.5997262,-111.9872563,33.5997262,-111.9872563],[126,11]
2uYgTCm2uya1b4acVYG3EA,33.432014,-112.042844,1,[33.432014,-112.042844,33.432014,-112.042844],[28,271]
WeYFVTBNYF1s6FzIv1F0Lg,33.321061644794,-111.723918914795,3,[33.321061644794,-111.723918914795,33.321061644794,-111.723918914795],[99,11]
VhbSBo3Cq2hiQsMsJnHXSQ,33.4982894,-111.9275491,3,[33.4982894,-111.9275491,33.4982894,-111.9275491],[7,108,119,11]
h64gVkXrb_rkHwow0UOhjQ,33.499499,-111.927402,8,[33.499499,-111.927402,33.499499,-111.927402],[48,11]
axD1_DgZrMV-8vURyIpo4A,33.373465,-111.971852,95,[33.373465,-111.971852,33.373465,-111.971852],[158,28]
IEzFV69twVlvXhhOsUGYmg,33.3779891872164,-111.689758300781,1,[33.3779891872164,-111.689758300781,33.3779891872164,-111.689758300781],[224,11]
KsQQOQ3ngmh_Yk6RmTo2ug,33.4957558,-111.9159147,1,[33.4957558,-111.9159147,33.4957558,-111.9159147],[98,7,206,11]
YTrENuteaA0cc5JPkmAHlw,33.56627514555605,-112.0451892,36,[33.4566960573784,-112.1648254,33.6758542337337,-111.925553],[7,108,27,11,182,172,33,99,212,63,24,36,54,238,119,127,251,142,292,168,181,229,26,84,419]
XJ6CPpeTLPQxyOHcA5jbSw,33.444185450000006,-112.02741259999999,20,[33.3787809,-112.129898,33.50959,-111.9249272],[88,38,99,39,11,57,327,26,6,145,186,48,296,7,36,69]
0XhbL8LBbdoJkHBeBT5XhQ,33.4351497,-111.7190261,9,[33.4351497,-111.7190261,33.4351497,-111.7190261],[7,9]
tN3lZA6tnEOf0wTtI49WBg,33.6675289,-111.9126918,9,[33.554825,-111.9257476,33.7802328,-111.899636],[49,80,82,59,119,201,11]
5j36o-8D6GgBtSpkVp-7aw,33.57455085,-111.99928305,200,[33.4712477,-112.0727251,33.677854,-111.925841],[48,11,221,38,39,40,212,126,293,7,108,201,119,28,17,29,265,161,195,65]
GOHrG02bibbJxJczBSojGA,33.455656149999996,-111.9240077,9,[33.4222653,-111.928033,33.489047,-111.9199824],[7,98,10,9,11,26]
eX_vXeJMKDp1oMZZ4FlI9A,33.4709215,-111.9736022,15,[33.403689,-112.029503,33.538154,-111.9177014],[126,97,11,26,101,38,39,7,292,168,99,84,345,6,346,265,48,117,27,49,322,57,146,52,157,103]
o5KXntrhBDSNerT9anyJQg,33.296929554057954,-111.7455188478025,9,[33.2125748081159,-111.9265922,33.3812843,-111.564445495605],[10,24,11,475,43,7,36,298,99]
eLwTl7CTvx10D1sFy7IX3Q,33.458019050000004,-112.05178375,2,[33.4482331,-112.0737845,33.467805,-112.029783],[26,11]
YjHmM6nudAWMyftmLHXWcg,33.5164842,-112.0632767,7,[33.5164842,-112.0632767,33.5164842,-112.0632767],[12,61,13,6,114]
V7gW8cv78hK0oizXEQSexA,33.969076,-112.730548,43,[33.969076,-112.730548,33.969076,-112.730548],[39,24,11]
NselX4flvh_1PkKG2P5zLw,33.5832073,-112.0131291,3,[33.5832073,-112.0131291,33.5832073,-112.0131291],[108,7,119,38,109,39,11]
YQelBOcsMAgO51IarLZ-Sw,33.5011187494098,-112.03189334999999,8,[33.4640982988196,-112.0839659,33.5381392,-111.9798208],[99,11,63,212,97,7,142,108,26,119]
P6VdAf3qLWTcGQ2I8toNpw,33.625313,-112.02302955,4,[33.5832073,-112.1203279,33.6674187,-111.9257312],[27,24,11,7,108,119,38,109,39,48]
U-vfJNDgqJ3kCQ6b_mduSQ,33.6538701,-112.1862718,2,[33.6538701,-112.1862718,33.6538701,-112.1862718],[7,108]
YYtA814P9bm-xmhRCsOFiw,33.41545585,-111.98115684999999,7,[33.3351559,-112.046399,33.4957558,-111.9159147],[98,7,206,11,139,380,24,74,142]
qqaqogbxKXxJksSZGC2NfA,33.6387383,-112.1895256,9,[33.6387383,-112.1895256,33.6387383,-112.1895256],[7,36,38,128,39]
3F2x3YKSH6RbNDotS-VxfA,33.41374645,-111.9775395,9,[33.3051209,-112.09641,33.522372,-111.858669],[296,11,7,36,48,49,58,59,57,69,351,39,205,168,44,24,46,6]
32OMUeNR1_49KoK7darxXQ,33.3771903,-111.9520135,10,[33.3771903,-111.9520135,33.3771903,-111.9520135],[43,11]
-ir6oEzlRuhGXej6qN9IjQ,33.5958042,-112.2226374,1,[33.5958042,-112.2226374,33.5958042,-112.2226374],[251,11]
Lu0khc17PQDxwmNg1VmnKg,33.50062250005375,-111.96799099783351,2,[33.4925020001075,-112.011863,33.508743,-111.924118995667],[49,80,82,59,119,99,11]
DxetT47Jd1kfMOkB67ofpQ,33.420056200000005,-111.98798165,5,[33.3370939,-112.0999,33.5030185,-111.8760633],[251,11,10,24,63]
7k1WnKJwkgl_S7YwdwxDqw,33.5999386,-111.9797159,2,[33.5999386,-111.9797159,33.5999386,-111.9797159],[126,97,11]
XmCiEwcRBJn-cW-bzbEDtQ,33.3237792,-111.6873751,1,[33.3237792,-111.6873751,33.3237792,-111.6873751],[265,99,11]
zTCZ5N7wg5Vecy1xFVF5Og,33.4806776,-112.1091081,23,[33.4806776,-112.1091081,33.4806776,-112.1091081],[11,27,63]
IFeHLmVmYMwBK1ODKlIRHA,33.49904345,-111.99652309999999,3,[33.495074,-112.0039285,33.5030129,-111.9891177],[210,11,195,65,49,193,59]
qaQxANv0b9mGd7AeWnNAaA,33.409735,-111.857263,22,[33.409735,-111.857263,33.409735,-111.857263],[38,26,39,11]
HQ4HnnYyj6d8n13jb4rAXA,33.5409028386777,-111.869723796844,1,[33.5409028386777,-111.869723796844,33.5409028386777,-111.869723796844],[7,119,41,11]
-XFo0q5jiTmSKcrsR-EOrw,33.4493777,-112.0656259,2,[33.4493777,-112.0656259,33.4493777,-112.0656259],[88,38,39,89,11]
b31fPqbtnvXnXXRRVbrN2w,33.45661975,-111.94571285,4,[33.420941,-111.966874,33.4922985,-111.9245517],[24,11,210]
yzZyTxJPOaWb1U4guhKvBA,33.5237842,-112.1138989,2,[33.5237842,-112.1138989,33.5237842,-112.1138989],[99,11]
eCExkAhR0zVnhVC6WxEncA,33.317532,-112.00313,6,[33.317532,-112.00313,33.317532,-112.00313],[7,365]
erN_PcH3D28ZPMBjObyy5A,33.6244135575615,-111.926877745996,38,[33.624036015123,-111.928024291992,33.6247911,-111.9257312],[206,11,63]
0Qcvlz4gkiCrKjccO49szA,33.49977485,-111.92842074999999,3,[33.497568,-111.929223,33.5019817,-111.9276185],[64,65,109,38,48,39,11]
AREvmVgWCW-0XE6qD-z9rw,33.420571,-111.942444,4,[33.420571,-111.942444,33.420571,-111.942444],[38,168,298,88,39,11]
HEag_QERXNbyGmNgA6no2Q,33.505483699652004,-112.10141125000001,23,[33.3432384,-112.2797366,33.667728999304,-111.9230859],[49,146,445,80,59,224,11,38,145,57,205,39,40,7,108,46,6,265,322,24,27,56]
ZsliTpHHQsmU51c4lgFKKQ,33.39694085,-111.8718566,16,[33.3784097,-111.9092392,33.415472,-111.834474],[99,27,400,11,28,271,57,69]
qG4bMCpMfC1ipwwM2MevLQ,33.5694594,-112.1093159,1,[33.5694594,-112.1093159,33.5694594,-112.1093159],[32,90]
QCHAOg5sjHY6dszKZ4Lg_g,33.499019700000005,-112.05780355,4,[33.4950209,-112.0999,33.5030185,-112.0157071],[49,146,39,341,251,11]
UNAhUulI9ehiEcUyrM99lQ,33.525726500000005,-111.96451565,25,[33.319395,-112.0832435,33.732058,-111.8457878],[63,27,11,26,43,33,38,39,212,97,177,140,126,119,24,127,265,117,224,182,6,70,7,47,88,48,168]
EBz4SIeViBOxDnqeSZj05Q,33.4302952539532,-111.946563720703,2,[33.4302952539532,-111.946563720703,33.4302952539532,-111.946563720703],[32,291,84,199,159,1]
1wIeo3yUIZ7g7OWdzQ0vfA,33.63960435,-111.96877549999999,3,[33.6235377,-112.011998,33.655671,-111.925553],[7,108]
gcuwbVN0LCBrOsp7VCTAvQ,33.47893765,-111.87589795,6,[33.4156823,-112.081655,33.542193,-111.6701409],[265,126,97,11,7,108,26,24,27]
UkaNGvYVl6y6EHrDyC8oXw,33.540230550000004,-111.95021399999999,4,[33.4952045,-112.0142961,33.5852566,-111.8861319],[98,7,119,24,11,106,54,226]
Vfs_i72dG4H9QRCCkR9GQw,33.492517,-111.930037,5,[33.492517,-111.930037,33.492517,-111.930037],[38,7,57,18,109,209,17,39]
3Jp_gDr8XViCVnuFZSrhbw,33.49112,-112.079081,15,[33.49112,-112.079081,33.49112,-112.079081],[28,17,29]
95QxleHwA8ESQvpri55o6Q,33.5805891,-112.1254692,5,[33.5805891,-112.1254692,33.5805891,-112.1254692],[175,129,79]
pl5hDN_9P5J-2ejFem0YYw,33.502607499999996,-112.01930365000001,7,[33.4950082,-112.0272041,33.5102068,-112.0114032],[182,172,43,11,48]
rLW8CxLbYqh-T8A6p6LQFg,33.5265635,-112.04822899999999,14,[33.413158,-112.220679,33.639969,-111.875779],[109,38,27,39,11,43,373,97,196,251,149,26,265,126]
w2P_tOKDEtx0ogcvi-BDhg,33.6657455,-112.1170653,1,[33.6657455,-112.1170653,33.6657455,-112.1170653],[54,324]
qH2HOcOtZpLwW4kjgZUXEg,33.63663455,-111.91678195,4,[33.6247911,-111.978742,33.648478,-111.8548219],[48,11,6,284,35]
HCyWaHe13R5kU4zqlClo3g,33.415033699999995,-112.05309034999999,3,[33.3021074,-112.2641158,33.52796,-111.8420649],[57,327,224,11]
msVO-B2wVC8NT-PbN0wAXg,33.418418,-111.84057,23,[33.418418,-111.84057,33.418418,-111.84057],[38,26,39,11]
4pDqIwetEmVibIzxQ4ipCg,33.561087266371544,-111.92471244999999,53,[33.4234408327431,-111.9595033,33.6987337,-111.8899216],[48,11,265,109,38,27,39,119,210]
GIvmQUO2n0GcJSFt2KZFEw,33.4657898,-112.0323598,7,[33.4657898,-112.0323598,33.4657898,-112.0323598],[26,11]
9OaktpNU_fKnsjXEzqgg0w,33.4948111,-111.9263601,9,[33.4948111,-111.9263601,33.4948111,-111.9263601],[7,108]
89armxWiz0z49ApjCkZi1A,33.33563,-111.854277,1,[33.33563,-111.854277,33.33563,-111.854277],[41,43,11]
r3wE-UMb-ooPsn0805v-3w,33.61075691637155,-111.9330400818865,70,[33.4234408327431,-111.939622163773,33.798073,-111.926458],[7,142,109,38,27,39,11]
LLdbxv769G-mzDYs3Njjcw,33.5107024,-112.0279094,1,[33.5107024,-112.0279094,33.5107024,-112.0279094],[403,79]
OPPth-AWRY8S2PGbxEK9iw,33.480553549999996,-112.05239945,9,[33.3778998,-112.1533049,33.5832073,-111.951494],[108,7,119,38,109,39,11,44,285,32,203,90,88,89,26,126,63,27,24]
CHychFk6f-I7328gbVt2Ng,33.5336234,-111.9652641,7,[33.5336234,-111.9652641,33.5336234,-111.9652641],[161,28,65,17,29]
CBjJM5J4n75jw3KuaISjwQ,33.4223528,-111.8234151,7,[33.4223528,-111.8234151,33.4223528,-111.8234151],[26,11]
pi_f7sm9mclhBMtRHvGL1w,33.5637287,-111.94815990000001,42,[33.4982894,-112.0047498,33.629168,-111.89157],[109,38,39,265,126,97,11,99,128,7,8,108,119,36,142]
KvVxMBkrcOHW3DkdxUsquQ,33.47519565,-112.0121565,56,[33.362444,-112.1164668,33.5879473,-111.9078462],[168,169,11,351,57,309,39,99,126,24,219,218,7,108,177,224,8,138,139,98]
xgqxRjWRQvGPr8h3IA8OwQ,33.5989717726121,-111.9388177,16,[33.5229446452242,-111.9790432,33.6749989,-111.8985922],[43,11,38,99,128,39,296,49,50,52,7,36,8,182,48,140,80,82,59,37,32]
Pe5CF6_2kkUxLTuQUbGAEQ,33.5818523784787,-112.10272943673999,6,[33.4493777,-112.13983297348,33.7143270569574,-112.0656259],[7,108,119,11,88,38,39,89,126,97,57,69,40]
7iwFdxqqTYYnnesxA6iy5A,33.4187528,-111.889664,17,[33.3354566,-111.929223,33.502049,-111.850105],[109,38,48,39,11,26,99,128,7,108,162,43]
rrtiUP6Xvd8kiM2cn7yJ1A,33.4499,-112.0739,200,[33.4499,-112.0739,33.4499,-112.0739],[33,44,11]
o3J4bMsi7t9gMCMjEd_4ew,33.490775150000005,-111.98952455,14,[33.3637707,-112.0701553,33.6177796,-111.9088938],[309,119,285,11,43,99,48,265,185,39,38,128,26,7,108,27]
9n3Nox3exOhSoeAY7hXwig,33.510455,-112.016621,2,[33.510455,-112.016621,33.510455,-112.016621],[93,3]
rZDJf48R8OX8twn6VvoUfg,33.7977694,-111.9798909,22,[33.7977694,-111.9798909,33.7977694,-111.9798909],[83,6]
-KwMRytEkX4FX1E28Gh4uA,33.476295500000006,-111.7029335,15,[33.362439,-111.960174,33.590152,-111.445693],[49,178,322,57,146,52,158,28]
apN6mXDVds3mmLAsddhZwg,33.4504828,-112.0739897,1,[33.4504828,-112.0739897,33.4504828,-112.0739897],[28,17,29]
HSki1omWbVqk-tCgmwqoyw,33.58164348714,-111.9771229666845,7,[33.4922185,-112.030189633369,33.67106847428,-111.9240563],[38,11,39,27,128,63,7,313]
ho8wr8j_v1eUIR7ql-IZqw,33.3418296,-111.86833915,2,[33.3196157,-111.8774978,33.3640435,-111.8591805],[27,11,26]
dpJGEk01X8HZVfa5vKSYcQ,33.4471735,-112.073781,2,[33.4471735,-112.073781,33.4471735,-112.073781],[48,11]
bldyY2lwCcdhSIMW3LWXHg,33.798073,-111.926458,11,[33.798073,-111.926458,33.798073,-111.926458],[26,11]
qHcl1_XVuf0SW5T5x8-p9w,33.4544486494098,-112.0701154998835,156,[33.444799,-112.073568999767,33.4640982988196,-112.066662],[57,327,28,17,29,212,97,11]
PBxgmhVs6eW67xgL5sL85A,33.55017665,-112.00161195,16,[33.4217383,-112.073196,33.678615,-111.9300279],[38,140,39,40,48,11,185,72,395,177,99,26,63,27,24]
bTdw7g0mdvfeCyaPa56pBg,33.524157499652006,-111.8631872472445,4,[33.380586,-111.978514194489,33.667728999304,-111.7478603],[90,32,314,322,57,39,145,49,146,52]
HmhmMMaKv3c5qUfpDgeQxg,33.586367300000006,-112.18127315,49,[33.534184,-112.2618153,33.6385506,-112.100731],[265,126,11,224,7,138,139,97,127,182,99,251,33,212,26,296]
O_KD0lyV0VlwMdPF2k6lqA,33.376011500000004,-111.8863935700135,19,[33.31819,-111.983256340027,33.433833,-111.7895308],[11,63,27,126,97,265,99,185,33,117,48,26,43,149,361,119,57,91]
hRJ80I22A2qdy9A_hitLvg,33.306499,-111.877846,1,[33.306499,-111.877846,33.306499,-111.877846],[224,11]
Gcog9Ptu0aKUwwnO_ANMXg,33.4997878,-111.9175495,2,[33.4997878,-111.9175495,33.4997878,-111.9175495],[195,65]
vBxMW6oucYvCgCi1umhcmA,33.409735,-111.857263,1,[33.409735,-111.857263,33.409735,-111.857263],[38,26,39,11]
0wNFzxEof0RDrWPLjDlwZg,33.41588795,-111.92883515,22,[33.321976,-112.0670453,33.5097999,-111.790625],[38,265,39,11,212,41,43,163,13,6,7,247,48,119,54,238,120,292,62,139,17,375,63,64,65,26,108,61,404,451,244,172,242,168,109]
lB2ODTHi2XZY6iVjjuJnqA,33.4900575,-111.9262552,4,[33.4900575,-111.9262552,33.4900575,-111.9262552],[311,88,38,39,11]
PMzgIQyIu8xffsKjCfvvSA,33.4360415,-111.9956337,33,[33.4360415,-111.9956337,33.4360415,-111.9956337],[28,240,241]
tdYgep7-RzQAn7Pv9nP0Og,33.670334999999994,-111.98681865,21,[33.542193,-112.066857,33.798477,-111.9067803],[38,26,39,11,182,48,27,7,108,212,43,65,133,265,126,97,206]
OroGqv0t7fy-Q3E2PzTEwQ,33.58560025,-112.0373635,184,[33.34697,-112.359645,33.8242305,-111.715082],[177,11,265,185,57,69,26,27,44,24,99,49,52,62,17,66,28,170,342,326,309,285,63,33,7,36,126,97,322,142,162,108,201,109,38,48,39,382,43,212,224,103,202,72,117,214,127,240,241,10,6,45,394,395]
6eKLWEAfnAMP_72HShHgnQ,33.610963,-111.927561,1,[33.610963,-111.927561,33.610963,-111.927561],[7,11,63]
6HemCgLLJMhuaKmfjwxnkA,33.43475,-112.00644,38,[33.43475,-112.00644,33.43475,-112.00644],[28,170]
DHaSAhg2GYMXX0H3Ad3d1w,33.4643554,-112.0981742,129,[33.4643554,-112.0981742,33.4643554,-112.0981742],[99,120,11]
EHI8th4wH7et9Ezk20d-KQ,33.6311498,-111.95239425,10,[33.5808348,-111.978742,33.6814648,-111.9260465],[6,284,35,161,65,84,147,33,48,307,11]
QuYd41EWo9cZT_62wnNUUQ,33.47332015,-111.99620695,60,[33.4526933,-112.0701129,33.493947,-111.922301],[28,17,29]
gGMx5-4xNCHBpWGzGFxSXg,33.5825896,-112.0097908,1,[33.5825896,-112.0097908,33.5825896,-112.0097908],[7,142]
ZrOVRVZVWZ0YfzMPbHJQqQ,33.5237453,-112.0487368,1,[33.5237453,-112.0487368,33.5237453,-112.0487368],[38,48,39,11]
A2t3ycQz0oZO1yAPD8UiDw,33.52009005,-112.0032352,13,[33.458871,-112.077177,33.5813091,-111.9292934],[7,108,33,11,206,63,201,26,36,8,142,44,84,124,168,48,99]
AMMk-i2bMuVE8wVuoO7RqA,33.612584,-111.8647205,2,[33.611653,-111.864729,33.613515,-111.864712],[38,11,99,128,39,63]
DTSbKTuy1Zc-SO3RpbjGOQ,33.4569485021351,-112.020550486326,4,[33.3022462,-112.165567972652,33.6116508042702,-111.875533],[196,11,7,139,98,149]
_LEWHyKohTUSmL-uu2Y7pw,33.38572765,-111.94448375,7,[33.292661,-112.0478085,33.4787943,-111.841159],[26,11,33,211,32]
Kt9AnL5-YiWmv5JgKo4eQA,33.45871085,-111.96415555,89,[33.4076218,-112.0122745,33.5097999,-111.9160366],[48,11,149,229,26]
-kdlFd-QDRFAKuokCTB-MA,33.370156,-112.577509,83,[33.370156,-112.577509,33.370156,-112.577509],[7,138,139]
E6rw4M6pTYzgngfcKgX6Vg,33.4785782,-111.9182702,7,[33.477178,-111.925799,33.4799784,-111.9107414],[212,11,119,48,24]
T9VeAGmp72X5ey2a8whrPw,33.042535,-112.005911,4,[33.042535,-112.005911,33.042535,-112.005911],[197,198,23]
1M8tEKHX5439_bBbcAqn3A,33.5997262,-111.9872563,18,[33.5997262,-111.9872563,33.5997262,-111.9872563],[126,11]
-_GY1HTGxxE0ZyQ6cw0KSQ,33.6239817,-112.4159659,3,[33.6239817,-112.4159659,33.6239817,-112.4159659],[43,11]
bAaNeIZq4qmlIo9NdqeUhQ,33.5383071,-112.00181635,4,[33.49112,-112.079081,33.5854942,-111.9245517],[210,11,26,224]
8iCgFpk2UHBYYw1aIbE6Lw,33.51147225,-112.05732505,21,[33.3795165,-112.221227,33.643428,-111.8934231],[7,108,126,11,36,63,27,24,10,224,48,210,119,218,41,47,13,6,4,5,425,160]
xHDgMmpFuYPNyrZ-WS1wIg,33.585498,-112.03372784999999,17,[33.492381,-112.1839297,33.678615,-111.883526],[48,11,265,7,313,27,63,6,35,76,10,24,142]
5sfbePJpFwPqdmieA2R6wA,33.68439,-112.103672,1,[33.68439,-112.103672,33.68439,-112.103672],[7,162,108,201,11]
W2Pem2fq1FW34E9I5deXcQ,33.66536845,-111.96906495,6,[33.5097999,-112.0152845,33.820937,-111.9228454],[48,11]
AetVHMj20pcQ6qXh8XYAwg,33.4537869019623,-111.927165985107,8,[33.4537869019623,-111.927165985107,33.4537869019623,-111.927165985107],[182,172,11]
iGsLsXCf4wHcmUSuEMDM-Q,33.4951366,-112.0012318,1,[33.4951366,-112.0012318,33.4951366,-112.0012318],[48,11]
8LIUneJi_hdb8q6cOEAWxg,33.5592786,-111.9271595,3,[33.494247,-111.92975,33.6243102,-111.924569],[49,322,57,146,52,109,38,48,39,11,7,292,99]
temqFUb-59a-H8awz2e2Ow,33.529769750053745,-111.97942975000001,4,[33.4925020001075,-112.0403946,33.5670375,-111.9184649],[119,99,11,161,65,63,27]
o2OPLZqAWmVmXJi5rY7Q7A,33.4566960573784,-112.072327136993,164,[33.4566960573784,-112.072327136993,33.4566960573784,-112.072327136993],[119,11]
6-cOlCHG9gTu1iwLVm0C8w,33.626933,-112.100731,1,[33.626933,-112.100731,33.626933,-112.100731],[212,26,11]
5hM_SM4cwNN4MYw1hAHl8w,33.67599145,-112.20025054999999,7,[33.5514432,-112.2705607,33.8005397,-112.1299404],[33,11]
jzJ-f4cflYLlJsZLjv9PNg,33.44422685,-112.04560485,11,[33.3776765,-112.078017,33.5107772,-112.0131927],[7,108,27,24,11,38,48,39,64,428,65]
jt0M38z-ID2ja3nILJ2bXw,33.31672155,-111.91156405000001,16,[32.9953532,-112.287647,33.6380899,-111.5354811],[11,63,120,114,13,6,168,169,102,103,15,191,212,26]
pvRlghO9IPT38aDtU2fB3A,33.6647349,-112.0989072,6,[33.6151575,-112.2713813,33.7143123,-111.9264331],[57,48,62,17,69,11,4,6]
JZ3Ozz-wpTlrUrKf00Xi8A,33.5019519,-111.9514403,122,[33.5019519,-111.9514403,33.5019519,-111.9514403],[265,11]
TxKFklDDHalvrRp8DWRRIA,33.4441707,-111.98680039999999,18,[33.3783016,-112.0736348,33.5100398,-111.899966],[265,11,88,38,39,89,99,48,296,63,27,33,10,24,43]
GjAGGyucN9ckrUj9lfvI_w,33.4948197,-111.9798208,2,[33.4948197,-111.9798208,33.4948197,-111.9798208],[119,11]
6fiJP5GScNujdtQX7jtY-g,33.6616055,-112.0902355,26,[33.641525,-112.114228,33.681686,-112.066243],[119,11,123,65]
OXc5-NDSfqx51iXrLztLFg,33.409735,-111.857263,2,[33.409735,-111.857263,33.409735,-111.857263],[38,26,39,11]
w2ofGkKr-MbV7hwSkf17dQ,33.459839099999996,-111.96259255,4,[33.424281,-112.0010971,33.4953972,-111.924088],[119,120,11,7,162]
S0TOvCVc6hK4U4AqI5nytg,33.4366655,-111.9403254,1,[33.4366655,-111.9403254,33.4366655,-111.9403254],[285,185,11]
YcOPZ6J8vIuaO_TzLYPzgQ,33.49112,-112.079081,25,[33.49112,-112.079081,33.49112,-112.079081],[26,11]
c_9LeIy4KNMAi8glvnH_2A,33.4360415,-111.9956337,12,[33.4360415,-111.9956337,33.4360415,-111.9956337],[28,240,241]
0fkNeqoce6nRgaY2IgzKGw,33.421203,-112.271477,3,[33.421203,-112.271477,33.421203,-112.271477],[11,27,63]
NC5opnEnlTWlWMTMnNvQkw,33.4354634,-112.0069893,200,[33.4354634,-112.0069893,33.4354634,-112.0069893],[10,11]
kitv4ogsFZfv-sMqqqq8Ww,33.5094077,-111.910535,24,[33.5094077,-111.910535,33.5094077,-111.910535],[7,8,6,45]
BWduzbCBWLbJNq3rO0dxRA,33.5288965,-111.94146515,79,[33.491546,-111.9595033,33.566247,-111.923427],[38,39,40,48,11,26]
mfvezpz6ohS0NQk3DZdvqQ,33.4376064,-112.071126204985,200,[33.3056888,-112.34971999097,33.569524,-111.792532419],[48,11,236,103,63,27,99,7,108,6,77,112,191,35,17,15,111,113,26,36,39,205,57,145,38,101,139,225,250,40,47,88,24,13,4,5,43,8,119,30,182,172,28,271,192,70,251,109,249,143,186,120,45,14,140,137,219,218,41,168,126,33,89,12,22,128,333,322,56,181,229,151,152,440,49,52,326,114,98,292,46,61,25,357,64,133,65,10,156,298,44,162,265,309,285,157,146,69,188,23,270,442,241,341,193,59]
2iNnJIuoGpKwz37Cmp1tWA,33.3432384,-111.9592559,9,[33.3432384,-111.9592559,33.3432384,-111.9592559],[49,146,445,80,59]
XBdIOGtow93Z9-bqcP9kVw,33.6389181,-112.3531229,3,[33.6389181,-112.3531229,33.6389181,-112.3531229],[33,11]
T_c6LmrVuKBsvyxgo7AYLw,33.404905400000004,-111.9107803,2,[33.3947699,-111.9126668,33.4150409,-111.9088938],[7,142,172,11,60,6]
8q2pilNlC3_mTfyDzp0TiA,33.502298858295205,-111.928855760414,2,[33.5020036165904,-111.9296765,33.5025941,-111.928035020828],[168,99,11,63]
ZBGxgpVIlsBJeAap9NIsKA,33.3637131,-111.9631397,17,[33.3637131,-111.9631397,33.3637131,-111.9631397],[26,11]
PGTQf7kg274z5pMZo08d8g,33.422728,-111.951494,19,[33.422728,-111.951494,33.422728,-111.951494],[24,11]
2pQ8XgwDB5w__eUYrjDu2A,33.85444089206925,-112.13584892522451,8,[33.844328,-112.137740850449,33.8645537841385,-112.133957],[26,11,224,185]
1Le-di_z5Ui0GVztkH9jkQ,33.4986528,-111.9260854,2,[33.4986528,-111.9260854,33.4986528,-111.9260854],[48,11]
X5vGuX6zwP-oK1Ksg9v9yQ,33.271205550000005,-111.83330231776051,3,[33.2359121,-111.877846,33.306499,-111.788758635521],[224,11,63,99,27,185]
0mgymmhpFDSv69ueMj8dHQ,33.4483771,-112.0740373,127,[33.4483771,-112.0740373,33.4483771,-112.0740373],[26,11]
HSxydf5uBUVPQiInEpYkYQ,33.601807550000004,-111.9259232,200,[33.577691,-111.927632,33.6259241,-111.9242144],[38,26,39,11,48,205]
xG5ZxR0RPcI9KaUToJes0Q,33.50201,-111.9313599,24,[33.50201,-111.9313599,33.50201,-111.9313599],[265,11]
a-MN4ZLMdVr-sC01LpcR5w,33.6119344,-111.9271523,22,[33.6119344,-111.9271523,33.6119344,-111.9271523],[267,182,172,11]
h2zsqkm6YlxC_e4EDWRC4w,33.5222185,-111.9595033,1,[33.5222185,-111.9595033,33.5222185,-111.9595033],[48,11]
1iM7cL7qpjQ9gU5i-PwyHg,33.396898,-111.873912,20,[33.396898,-111.873912,33.396898,-111.873912],[20,23,443]
RdWhGfwHORbIEyFj6YbZow,33.4851118,-112.0721106,29,[33.4483771,-112.0793635,33.5218465,-112.0648577],[179,65,113,6,116,210,11]
WnbowMKB-InlyXTJqc1lPQ,33.439923300000004,-111.91951025,3,[33.3698369,-112.0152845,33.5100097,-111.823736],[337,32,48,11]
JdvtHP_OvCptdXZD_ajoww,33.5340082,-112.0605451,5,[33.5218465,-112.0648577,33.5461699,-112.0562325],[210,11]
5KCsmToD4bsWrOWYYD7rew,33.3135389,-111.8412612,1,[33.3135389,-111.8412612,33.3135389,-111.8412612],[26,11]
mAVKlV1cHjMRzPqQ19clnA,33.4787939,-111.9259092,1,[33.4787939,-111.9259092,33.4787939,-111.9259092],[251,11]
_A_Ws2OV91iYqdVIsp6FJg,33.51942045,-111.994185,17,[33.5100097,-112.0152845,33.5288312,-111.9730855],[48,11,161,195,65]
8DqQNOVzZZqSCHdXI945eA,33.5016589,-112.04725,1,[33.5016589,-112.04725,33.5016589,-112.04725],[119,120,11]
QWVOJfWouSlqcxNy6QPMyw,33.266696887038,-111.99153418078,8,[33.266696887038,-111.99153418078,33.266696887038,-111.99153418078],[28,29,17,11]
KyL_XHVrwC8A9vGDF5cH8A,33.56410345,-112.2331031,11,[33.4657394,-112.393776,33.6624675,-112.0724302],[224,11,7,108,17,62,26,126,97,142,119]
a3AySLeRr2KKqJ009XFvAw,33.5239431,-112.0478898,5,[33.5239431,-112.0478898,33.5239431,-112.0478898],[137,7,6,139]
eYQRLJ5I9JaCWUbrJUAtzw,33.38720325,-111.80006975,4,[33.3549553,-111.915926,33.4194512,-111.6842135],[7,189,10,24,11,38,47,88,39,48,109,63]
gUKrvA5e3PABMx9XlLI48A,33.6071829,-111.9403254,1,[33.6071829,-111.9403254,33.6071829,-111.9403254],[11,63]
bXoP5Ov2E0me2roRfQdPTw,33.3947699,-111.9088938,1,[33.3947699,-111.9088938,33.3947699,-111.9088938],[84,339]
PJjZfTRsUhETBql9Of158Q,33.480435344079,-112.00161265,23,[33.4471735,-112.079081,33.513697188158,-111.9241443],[48,11,27,63,168,99,210,109,38,39,28,17,29,298,57,145]
_kOKwnIguM9eOUrDg76AIg,33.654030326001404,-112.004216332016,200,[33.43475,-112.149875164032,33.8733106520028,-111.8585575],[28,17,29,99,11,26,170,49,231,66,46,13,6,372,30,7,108,27]
IRSgztZMnl7x9inuNY0Fxg,33.4806776,-112.1091081,13,[33.4806776,-112.1091081,33.4806776,-112.1091081],[11,27,63]
AdpQcQcRVNZdG_17p4V45Q,33.494203999999996,-111.82670165,25,[33.348162,-112.263551,33.640246,-111.3898523],[7,48,47,11,185,26,102,103,127,148,38,39,168,265,99,33,139,416,27]
XPnlMN5HCsmSfD-JzRcEKw,33.41113515,-111.971288898422,46,[33.2762703,-112.072854,33.546,-111.869723796844],[7,109,38,39,36,48,11,26,126,98,27,212,293,119,127,40,142,128,43,99,88,63,211,75,32,381,41]
LJb4foa2owyrzqhCnRCIvQ,33.304814,-111.977708,1,[33.304814,-111.977708,33.304814,-111.977708],[7,142]
ImmzK5sLsm5yBOZ8WKxyog,33.43173255,-112.02166414999999,9,[33.3313401,-112.0824683,33.532125,-111.96086],[119,120,11,126,97,210,38,109,39,24,48,63,27]
OAqfY1MqzMV7jbn_WkS9ag,33.461623700000004,-112.2015462,75,[33.4292429,-112.3376344,33.4940045,-112.065458],[26,11,28,17,29,44,48,27,119,201,24]
LkPJ-9LYV_gv37Kne6aq6g,33.46111515,-112.0010195,7,[33.4233153,-112.073781,33.498915,-111.928258],[26,11,43,48]
6daPXcyTC8IXvQlqqKhO0w,33.4746937,-112.0692922,2,[33.4503996,-112.0736999,33.4989878,-112.0648845],[134,135,322,57]
U-DB77qKlibptkjMcB6MOQ,33.504357594078996,-112.024654961415,3,[33.495018,-112.07341192283,33.513697188158,-111.975898],[48,11,7,47]
vTvxsif_dlYJOtFxS-t2RQ,33.385885200000004,-111.93192450000001,28,[33.2475,-112.0741143,33.5242704,-111.7897347],[352,48,11,38,39,40,109,63,7,33,47,201,108,265,475,99]
y0o0XYhwUhiNqcoHN22qqg,33.500238,-111.926921,27,[33.500238,-111.926921,33.500238,-111.926921],[126,97,11]
h3ZuEh28kwBd2iI5oAFWgg,33.3782241,-111.936102,7,[33.3782241,-111.936102,33.3782241,-111.936102],[177,11]
xRXuFbH5MnO1PoSr4NuRow,33.6459785,-111.9170571,2,[33.6459785,-111.9170571,33.6459785,-111.9170571],[33,265,11]
Oo8EMjZE-OelvmlQpA7N0w,33.58593513714,-112.1021118166845,4,[33.5008018,-112.174034,33.67106847428,-112.030189633369],[224,11,38,39,27,128,63,26]
O4T94w7ynMGh9zxfXZT79g,33.390792,-112.012504,200,[33.390792,-112.012504,33.390792,-112.012504],[119,24,11]
GQ6qr8v8nfrwrSveRP3qiw,33.4556584,-112.0719926,200,[33.4556584,-112.0719926,33.4556584,-112.0719926],[38,181,39,40,11]
TPOmL9SztAVyjru9IjuaUA,33.655678487139994,-112.05651586668449,5,[33.6402885,-112.0828421,33.67106847428,-112.030189633369],[54,55,38,11,39,27,128,63]
1X7ojEEK42nybR_-GmZYWA,33.492381,-111.9259469,5,[33.492381,-111.9259469,33.492381,-111.9259469],[265,48,11]
ToeeYjLBf95ep-buFiyMLg,33.496522999999996,-111.96459139999999,3,[33.495018,-112.0012318,33.498028,-111.927951],[48,11,7,47,352]
kF-UETzhg3oKPb6Z3X2XBQ,33.39701345,-111.8092871,8,[33.3789539,-111.8917862,33.415073,-111.726788],[311,11,43,474]
QNTG8oPfB-fj5szyq5M0yQ,33.4995106,-111.9272212,14,[33.4995106,-111.9272212,33.4995106,-111.9272212],[109,38,11,39,440]
1w-AXP2BGrOe8hQprgSr0Q,33.5107772,-112.0131927,2,[33.5107772,-112.0131927,33.5107772,-112.0131927],[64,428,65]
2-ov4fyzi1iGV4Wg59FOwQ,33.410063300000004,-111.97348825,4,[33.2958392,-112.0474855,33.5242874,-111.899491],[99,127,11,6,118,64,65]
QxPVbuXXCg1JYfsuKkXWHg,33.7107605,-112.36534605,41,[33.4552907,-112.7428224,33.9662303,-111.9878697],[26,11,10,44,43]
mf9C0fjnuqLn3SWptM13SA,33.6459785,-111.9170571,3,[33.6459785,-111.9170571,33.6459785,-111.9170571],[33,265,11]
bl2QSQedKQ5cIO0XlcwzmQ,33.498916,-111.91982,3,[33.498916,-111.91982,33.498916,-111.91982],[308,54,195,65]
Oe0U_pnmeMJdz1C9UmgYKA,33.52681,-111.9246221,2,[33.52681,-111.9246221,33.52681,-111.9246221],[11,63]
SZp8UifVX9P3Xhw_7_O6ZA,33.536066,-112.263551,1,[33.536066,-112.263551,33.536066,-112.263551],[7,48,47,11]
w-Wv1kCCZhg2il7_EdJoUA,33.37844,-111.876416,5,[33.37844,-111.876416,33.37844,-111.876416],[251,11]
2TL1KSGXIycjxtSPhz0csA,33.48643855,-111.97404595,19,[33.3359104,-112.040047,33.6369667,-111.9080449],[11,63,33,99,265,185,27]
-sVRqx8I-STvI8ImUhY4bg,33.467766749999996,-111.9978627,8,[33.4240085,-112.055538,33.511525,-111.9401874],[33,38,39,11,129,78,278,79,7,292,108,24]
gSBvJ5FqFeSKRJaPiamttw,33.5675793,-112.00035305,16,[33.4655863,-112.1250101,33.6695723,-111.875696],[229,185,11,43,24,49,341,7,47,48,63,27,44,127,38,99,128,39,26,104,161,167,65]
yfma4IV-Iv0OPoxJ4D-mPw,33.4219589,-111.8865414,36,[33.4219589,-111.8865414,33.4219589,-111.8865414],[26,11]
JNAzYLB6OvCZLYlIPDo03g,33.4999192555276,-112.0089643,27,[33.3439375110552,-112.0906616,33.655901,-111.927267],[71,72,297,38,140,39,40,48,11,126,97,43,49,50,52,56,57,186,6,32,95,222,143]
mzFsC1Db12yV7JNoS9oeng,33.35729240405795,-111.80788381758,26,[33.2125748081159,-111.9405001,33.50201,-111.67526753516],[265,11,64,65,48,39,38,128,49,52,133,10,24,126,109,27,99]
2vDDlm76-iszRtgqJINuDQ,33.449585150000004,-112.0754883,32,[33.4474542,-112.0764371,33.4517161,-112.0745395],[99,201,10,11,57,39,145]
VKOREbYBDBK5oaorb6j6mQ,33.5025941,-111.9296765,23,[33.5025941,-111.9296765,33.5025941,-111.9296765],[99,126,11]
o3Gir-HR3RxHJb8AbV0INw,33.348032,-111.756194,1,[33.348032,-111.756194,33.348032,-111.756194],[106,54,280]
2JoOiIZxSo3OHig0OPxE_w,33.6235377,-111.925553,19,[33.6235377,-111.925553,33.6235377,-111.925553],[27,11]
kCtnWnf0jYUSlMq6RBB-yw,33.4940321,-111.9218306,58,[33.4940321,-111.9218306,33.4940321,-111.9218306],[99,26,17,28,29,11]
WLuT3npyNiEX9qism5BGFg,33.5674471,-112.1073361,6,[33.5674471,-112.1073361,33.5674471,-112.1073361],[19,20,23]
yYj1JaGGRoALw_7BBcnESg,33.39285395,-111.96323565,6,[33.3197988,-112.0503324,33.4659091,-111.8761389],[224,11,43,41]
