WmlS0xvMeoWOXkFCtHMqWw,33.317282500000005,-111.836001077427,13,[33.214699,-111.950803,33.419866,-111.721199154854],[10,44,24,11,26,224,119,201,84,291,177,140]
RIAkOx7jS_IYdF0ZO0Hc_Q,33.468244150000004,-111.89327875000001,15,[33.2972473,-112.0737845,33.639241,-111.712773],[98,7,99,11,119,62,24,17,48,10,74,26,20,231,59,49,23,415]
D7BgwfttQGTX1EwztZ106A,33.4862787,-111.9102055,9,[33.4862787,-111.9102055,33.4862787,-111.9102055],[38,11,109,39,27,63]
0duVb6iU3QOiFDRpSiOfKA,33.4483771,-112.0740373,200,[33.4483771,-112.0740373,33.4483771,-112.0740373],[26,11]
7pqOCK__eRP6Er2gw3yvKA,33.4759646,-112.03413686849649,7,[33.4492272,-112.072327136993,33.502702,-111.9959466],[177,26,11,17,18,212,119]
rotKO3R8h23YbiLFaZ-BLg,33.577749416371546,-112.01443685,73,[33.4234408327431,-112.1830859,33.732058,-111.8457878],[311,11,7,36,142,119,99,27,313,39,38,128,54,55,122,88,33,48,307,109,322,57,145,69,63,117,126,97,9,98,10,212,24]
lDnXkR-Hc5FyPZ7T5oPyRQ,33.3923441,-111.92709375000001,200,[33.33657,-112.0971145,33.4481182,-111.757073],[7,142,185,11,49,28,170]
0CMz8YaO3f8xu4KqQgKb9Q,33.5391295,-111.915204995485,473,[33.248292,-112.34971999097,33.829967,-111.48069],[7,108,172,11,142,137,24,139,12,13,6,22,39,99,293,38,128,17,62,27,63,98,244,61,114,26,36,109,14,15,57,327,43,30,69,46,101,56,88,298,192,403,79,126,97,73,72,274,106,54,107,119,377,60,40,265,112,48,191,115,311,185,251,47,260,259,145,205,177,140,44,212,45,104,204,65,102,103,333,8,307,186,28,29,133,168,49,321,193,59,254,173,84,125,87,116,113,206,296,169,382,129,121,322,465,258,247,77,35,76,181,143,91,292,262,162,32,95,222,161,33,117,305,351,120,118,224,41,96,208,130,330,158,182,75,34,264,194,445,66,52,25,400,70,273,148,10,313,216,151,338,163,198,23,455,152,178,188,4,160,312,146,190,440,83,223,470,157,138,249,141,80,365,225,341,439,448,9,378,127,340,67,68,250,18,229,233,345,346,51,479,150,361]
_XXQEkN20UnCKKbVDu5QHg,33.4950082,-112.0114032,15,[33.4950082,-112.0114032,33.4950082,-112.0114032],[182,172,43,11]
W3y88nu7xi2gtOJU96fRXA,33.5056014,-112.01532954999999,200,[33.4951366,-112.029562,33.5160662,-112.0010971],[48,11,99,7,162,119]
1h5G_Uf1UMeyJ8Nt49Fa7w,33.458432922397,-111.97327815739749,200,[33.321061644794,-112.2226374,33.5958042,-111.723918914795],[251,11,99,149,97,168,169,43]
FNuVJKnO5xijURDiP99ZfQ,33.4734895,-111.92613800000001,7,[33.471677,-111.926688,33.475302,-111.925588],[48,11,224]
o6CHXZ6Ptq8hHN38vWuz7Q,33.6379017,-112.2330497,3,[33.6379017,-112.2330497,33.6379017,-112.2330497],[33,44,11]
p-02rJSnqzrigVDSRdSyeg,33.5093372,-112.0608177,116,[33.5093372,-112.0608177,33.5093372,-112.0608177],[212,63,97,11]
BYv22EjZAGMRl4I1njDSSQ,33.489210150000005,-111.91805289999999,22,[33.4809956,-111.9268138,33.4974247,-111.909292],[7,162,27,11,177,140]
sGcYRi_ma-ygwwK6zv9gmg,33.4951447,-112.0118398,1,[33.4951447,-112.0118398,33.4951447,-112.0118398],[43,11]
K1cwExqPmcTY39GhAmPEcw,33.541502,-112.184054,3,[33.541502,-112.184054,33.541502,-112.184054],[7,142]
y4Y9g7M4uzWb9vJGcjvafw,33.379421,-111.923529,2,[33.379421,-111.923529,33.379421,-111.923529],[27,11]
bWNjCQyTJttofo3dKtTTPQ,33.466349952135104,-112.012397886326,198,[33.3210491,-112.165567972652,33.6116508042702,-111.8592278],[149,11,7,292,162,43,98,24,206,41,6,284,35,42,168,139,416,36,28,17,29,97]
SzJCBF_ujrOPvI_OXOC2Zw,33.4787943,-112.0478085,11,[33.4787943,-112.0478085,33.4787943,-112.0478085],[26,11]
YL90UEaheSNVTGHMzxa58g,33.6235418,-111.9255447,6,[33.6235418,-111.9255447,33.6235418,-111.9255447],[33,11]
tj2_cmSstVggqYJF-E4ScQ,33.460951550000004,-111.91902275,4,[33.419309,-111.9296765,33.5025941,-111.908369],[224,11,30,13,6,104,204,65]
k5bDN0HquYYiScd5Tz41Pg,33.437978099999995,-112.0912361,58,[33.3054462,-112.2610692,33.57051,-111.921403],[57,69,236,103,28,170,327,24,11,212,229,7,142,44,123,65,6,45,403,79,101,38,26,39,130,32,285,185,33,99,36,108,182,172,96,72,71,41,119,30,13]
ef93ru1DzA5uL0n5_4EP_A,33.4360415,-111.9956337,10,[33.4360415,-111.9956337,33.4360415,-111.9956337],[28,240,241]
70f_G6AffSyPJHcR_VykRw,33.3402863,-111.9647327,1,[33.3402863,-111.9647327,33.3402863,-111.9647327],[49,80,82,59]
2oMZYlBvsF22xNzY8BwVGw,33.536861,-112.0475028,4,[33.536861,-112.0475028,33.536861,-112.0475028],[7,108,5,6,4]
udhp12rP5oV0uRcVUTcfZA,33.52147245405796,-111.93872771758001,19,[33.2125748081159,-112.2021879,33.8303701,-111.67526753516],[11,63,38,48,39,40,126,97,185,99,265,27,26,10,24,127]
wrlNI1fchl_BjWYlooC0Sg,33.457939,-112.0520855,185,[33.457939,-112.0520855,33.457939,-112.0520855],[26,11]
8ZwIPH1FTDjte17bXVIspA,33.5484057,-111.832448,23,[33.2631834,-111.938652,33.833628,-111.726244],[26,11,63,27,7,108,24,119,48,98,38,39,61,13,6]
-JLWPLhXK3WR4-33bJRauA,33.355799149409805,-111.948783248663,17,[33.2475,-112.073568999767,33.4640982988196,-111.823997497559],[48,11,337,32,126,7,139,416,36,38,265,39,65,133,142,212,97]
AitJM3uwO_dgOMhup0HAHQ,33.4964572,-111.8012865,4,[33.3640435,-111.886982,33.6288709,-111.715591],[27,11,7,108,26,126,212,43]
O6gv84PCivRYWp52Nlr2hg,33.32914265,-111.91963935,4,[33.3216034,-111.98029,33.3366819,-111.8589887],[126,11,88,38,39,43]
NDw0vRcexEBXvggzx0mhWw,33.400229100000004,-111.9260316,8,[33.378849,-111.9429427,33.4216092,-111.9091205],[7,137,8,139,126,97,11,44,26]
r9g2UzNWWCDC8IKglOdUUQ,33.542261350000004,-112.113192836326,29,[33.444799,-112.165567972652,33.6397237,-112.0608177],[57,327,218,41,11,212,63,97,149]
qqaZLaDFldR06_Hx8NGjnw,33.4868682,-112.13420515,3,[33.43475,-112.2619703,33.5389864,-112.00644],[4,6,265,11,28,170]
hESPf88sjuejv6jHTUotvw,33.4340647310654,-111.994457244873,58,[33.4340647310654,-111.994457244873,33.4340647310654,-111.994457244873],[98,7]
Ske6pb78p1AeeBh0GulEJA,33.5025941,-111.9296765,1,[33.5025941,-111.9296765,33.5025941,-111.9296765],[6,204,65]
3am2PwtajoR3LIlP7XZtbA,33.557763800000004,-111.9860494,39,[33.440197,-112.0653185,33.6753306,-111.9067803],[126,97,11,38,48,39,40,210,205,71,72,287,13,6,115,26,127,7,8,119,182,140,99,33,117,28,17,29,88]
y1zRlKiXbNEMz_KEasJDIA,33.332396,-111.911885,2,[33.332396,-111.911885,33.332396,-111.911885],[104,105,65]
hj4VWoNP53VHtc9Ap9xnOg,33.306806,-111.88557,2,[33.306806,-111.88557,33.306806,-111.88557],[177,140,192,11]
I3Lv7ofer1x4wmsiszJkaQ,33.385114,-111.70647389999999,37,[33.377437,-111.807604,33.392791,-111.6053438],[46,13,6,30,26,11,57,27,39,145]
ugoqDrn6cPPD63Pt_CLi8A,33.5359071,-112.00762465,67,[33.360804,-112.2610692,33.7110102,-111.7541801],[119,11,168,38,128,39,26,223,57,327,43,7,8,6,45,69,99,44,108,313,127,142,126,97,91,109,48,309,296,33,285,185,88,89,144,46,201,24,229,27,63,98]
egdj4-wXAzYzT5bmTAHYqQ,33.654030326001404,-112.039775832016,200,[33.43475,-112.149875164032,33.8733106520028,-111.9296765],[46,6,28,170,57,69,98,7,24,11,13,372,30]
q7J8L0jqmSkCC0TQ7ETQnw,33.4504575,-112.0743441,47,[33.4504575,-112.0743441,33.4504575,-112.0743441],[39,298,57,145,11]
J1up_GG2Q9E2xjA6QnbQiw,33.4548476,-112.0800705,29,[33.4548476,-112.0800705,33.4548476,-112.0800705],[63,27,24,11]
-aHmV2n2px1qlVNhL7k4FA,33.3702541,-111.9741847,1,[33.3702541,-111.9741847,33.3702541,-111.9741847],[265,11]
jOBjXm_u5E54xiGnSJRleA,33.5221015,-111.92849695000001,6,[33.50201,-111.9313599,33.542193,-111.925634],[265,11,182,99,126,97]
42sdjGF4RH3ZzOn0fcLIVg,33.4991191,-112.09818625,16,[33.488527,-112.1001451,33.5097112,-112.0962274],[251,11,43]
kQFnYkx7QgF076kG_8OZ2A,33.539896999999996,-111.88178145,26,[33.4922985,-111.9245517,33.5874955,-111.8390112],[210,11,63]
y31iI2Tklj5qQvd9EOsgtQ,33.514886065101706,-112.16949295413201,17,[33.488449,-112.262291908264,33.5413231302034,-112.076694],[28,17,29,18,99,11]
va7gzusOYwGnbrhqMu3fvA,33.449233,-112.065458,44,[33.449233,-112.065458,33.449233,-112.065458],[27,11]
zMizlCdkLqJWLV9jWTg4rg,33.5347805,-111.98556485,4,[33.4576266,-112.0474748,33.6119344,-111.9236549],[43,11,38,99,39,40,168,26]
oSgueKHxd7oxsVyCPauoww,33.5854942,-112.013359,1,[33.5854942,-112.013359,33.5854942,-112.013359],[224,11]
VSRmGx7lDVAougGGJS_5ZQ,33.6106968433407,-111.927573680878,2,[33.6106968433407,-111.927573680878,33.6106968433407,-111.927573680878],[38,128,39]
f1WaD_jQIZNTKLXM0H5_Lg,33.3060616,-111.8748501,1,[33.3060616,-111.8748501,33.3060616,-111.8748501],[84,124,125]
k9cERl46W8y0d65vQoVRVw,33.4940321,-111.9218306,1,[33.4940321,-111.9218306,33.4940321,-111.9218306],[119,26,185,11]
5ML5k5_G0wBeQG6v3rwM0w,33.46699805,-111.86821900000001,4,[33.395974,-111.8957867,33.5380221,-111.8406513],[265,168,99,11,41,400]
xhQsNN2-JpxfqvfEyOFlsQ,33.434881000000004,-111.9201805,8,[33.330835,-112.048079,33.538927,-111.792282],[26,11,7,36,48]
qh6XgAglRGxZww_h7Do5Vg,33.5450125,-112.22856063252999,10,[33.463092,-112.39201426506,33.626933,-112.065107],[126,11,48,63,212,26,41,42,43]
rb_29q6jyQt7IKDLMO0ctA,33.5091313,-112.0283059,4,[33.5091313,-112.0283059,33.5091313,-112.0283059],[38,265,39,11]
2EtwwLjYXBnKIMczRtBoDQ,33.4552907,-111.9878697,92,[33.4552907,-111.9878697,33.4552907,-111.9878697],[43,11]
T2FwEYuez4QbmVCAy6CdsQ,33.495024,-112.063756,1,[33.495024,-112.063756,33.495024,-112.063756],[33,11]
gRFL71lcnL60eiwlDMLs3w,33.5100097,-112.0152845,1,[33.5100097,-112.0152845,33.5100097,-112.0152845],[48,11]
H7ZwlHUyKB_i02xh62x7VQ,33.6194042,-112.02456145,6,[33.59836,-112.0677151,33.6404484,-111.9814078],[43,11,27]
Yik3_gi3e2F5WsKOFm14QQ,33.478409400000004,-112.05825379999999,21,[33.450611,-112.0911,33.5062078,-112.0254076],[79,121,177,140,24,11,7,108,27,84,147,136,17,322,57,36,8,247,212,33,119,99,48,307,172,28,26]
ATOdeiIHUuXQo7_Fep5C8Q,33.4608045,-111.9477654,13,[33.4608045,-111.9477654,33.4608045,-111.9477654],[57,470,145,39]
98f92DVyKhoQZ94DbTLVBQ,33.403689,-111.981986,200,[33.403689,-111.981986,33.403689,-111.981986],[7,292]
vCNsg8prjDWsquX7dZ8GjA,33.3274216,-111.9689124,6,[33.305759,-111.993252,33.3490842,-111.9445728],[99,11,27]
X5t6e37KpYRpWDqr30vMLg,33.55046565,-111.9559495,4,[33.5127699,-112.0740123,33.5881614,-111.8378867],[109,38,11,39,63,43]
pQzD-NdwB_BeXbwvHJQA-Q,33.7110102,-112.1142778,1,[33.7110102,-112.1142778,33.7110102,-112.1142778],[27,11]
8Mla-Bc6chLmBJa1fhX70Q,33.47752215,-112.1188100563505,25,[33.306499,-112.359774112701,33.6485453,-111.877846],[251,11,99,265,224,74,24,7,72,6,27,63,126,97,168,149,33,98,117,26]
xGFga3DEAEWF2BOLBZyHUg,33.4938338,-112.09090929999999,14,[33.4075613,-112.2645235,33.5801063,-111.9172951],[57,38,39,145,7,108,49,319,59]
E007V8OUj6nAO2AXGNRGGA,33.546,-111.96828,1,[33.546,-111.96828,33.546,-111.96828],[7,292,98]
VmwryPCpVVDU232eNYdLIA,33.497677550000006,-111.92478349999999,17,[33.492761,-111.92975,33.5025941,-111.919817],[39,38,99,128,11,126,97,182,28,17,29,109,48]
1xFAHoJQZLfStQF6kU4dCw,33.3428095,-111.9209125,6,[33.306052,-111.948406,33.379567,-111.893419],[49,80,59,169,11]
nYc2g7oEJ--3wLCLN6quZw,33.6454946,-112.0661297,10,[33.4587919,-112.18689,33.8321973,-111.9453694],[57,145,38,39,40,48,11,65,105,369,97,28,17,29,224,26]
DsDUr3BgBYV-pfL7X_g8Og,33.6984601,-112.1419746,1,[33.6984601,-112.1419746,33.6984601,-112.1419746],[63,27,11]
cxe-W5zlG0ohxmutJb4WuQ,33.5714964548764,-111.9220992922785,5,[33.4974247,-111.927080154419,33.6455682097528,-111.917118430138],[99,11,177,140,28,158,17,29]
Yb29nRv-CP8wUUIYSuDFww,33.538510450000004,-112.0201713,15,[33.5062078,-112.0744706,33.5708131,-111.965872],[168,181,229,11,63,27,26,265,210,48]
doMIG54ds-HxblcN3xYeMQ,33.6182596,-111.92844305,2,[33.5808348,-111.9300279,33.6556844,-111.9268582],[33,48,307,11,99]
5RA1yMlY9ZpK3DXsW3nEMw,33.561263870736894,-111.9921089,25,[33.4471735,-112.0740123,33.6753542414738,-111.9102055],[99,127,11,109,38,265,39,26,48,63,206,40,119,27,168]
QgFY264AuK9wbm0IsbPLqQ,33.4936561584473,-112.003387451172,1,[33.4936561584473,-112.003387451172,33.4936561584473,-112.003387451172],[63,38,99,39,11]
SiECS1D369ZG5LCaFMEsCA,33.31191665,-111.85055435000001,7,[33.2762703,-111.8753205,33.347563,-111.8257882],[26,11,41,43,99,109,38,48,39]
uaNswBm4SYncqjd0hdqRAA,33.5831442,-112.1553012,2,[33.5831442,-112.1553012,33.5831442,-112.1553012],[38,11,99,39,296]
PoNtlNBtnW7Gk7XbdXSHWA,33.425077,-111.98091,4,[33.425077,-111.98091,33.425077,-111.98091],[38,11,99,128,39]
R0XrNMKL0aud5Ka09mRhgA,33.33266615,-111.91931755,47,[33.319395,-111.9636701,33.3459373,-111.874965],[38,39,293,26,11]
t6XzYtdk6vK64keILJiIcw,33.640832,-112.151282,2,[33.640832,-112.151282,33.640832,-112.151282],[126,11]
gJrskD0OLyNr7tnXYVPYDw,33.3210491,-111.8605718,1,[33.3210491,-111.8605718,33.3210491,-111.8605718],[168,42,43,11]
M3H8du5TxqlTY7qJd4FDbw,33.5965037,-111.84706555,8,[33.4941704,-111.9788671,33.698837,-111.715264],[7,108,182,218,307,11,84,336,142,248,6,17,152,112,9,10]
WMSYPj0gtAlcNz8sLjsWVg,33.491645,-112.073196,56,[33.491645,-112.073196,33.491645,-112.073196],[38,140,39,40,48,11]
3Iu_kGk6J23FsgPeKXt7SQ,33.298078,-111.7459158,6,[33.298078,-111.7459158,33.298078,-111.7459158],[26,11]
ATSACrO_e-V4oesIZ4h2Ig,33.6556844,-111.9300279,21,[33.6556844,-111.9300279,33.6556844,-111.9300279],[99,11]
lSs42VtPBy-BzaqT8nSXQg,33.3369531,-111.8764361,16,[33.3369531,-111.8764361,33.3369531,-111.8764361],[42,43,11]
zlV3CW7mCLcLMRISYGA4Pw,33.5612589,-112.1156244,197,[33.5612589,-112.1156244,33.5612589,-112.1156244],[48,185,11]
hYay5YcuYBMhQkw44Z7QNw,33.8273269,-111.924099,8,[33.8273269,-111.924099,33.8273269,-111.924099],[11,307,63]
Rc2aLv4y07HNSJ1Ce0myLA,33.160417100000004,-112.1555539,77,[32.8794202,-112.5910284,33.441414,-111.7200794],[11,27,307,63,26,99]
l9hGLr4c0hUnpyVhqTOKOA,33.4070485,-111.9864935,68,[33.378951,-112.00644,33.435146,-111.966547],[168,99,11,28,170,7,108]
iNfWAhLNDOX400jVLJl6qg,33.3057308,-111.8960397,5,[33.3057308,-111.8960397,33.3057308,-111.8960397],[97,11]
Meq1qvmJaH3Cu3gcdYSFhA,33.373795692149,-111.80777010022,1,[33.373795692149,-111.80777010022,33.373795692149,-111.80777010022],[99,41,11]
gkuMOImi2FrHGKwvjcxR9A,33.4581052,-112.0572229,33,[33.377767,-112.1830859,33.5384434,-111.9313599],[49,158,178,28,210,11,265,65,133,311,17,29]
h1evLqUnbb5zEJvJFsMsvw,33.5990432,-111.9812072,1,[33.5990432,-111.9812072,33.5990432,-111.9812072],[84,359]
hLIIxAQRYSXZf7ABZ0Xz1g,33.531628999999995,-111.99818755000001,17,[33.422728,-112.0764371,33.64053,-111.919938],[88,38,39,89,11,48,265,185,126,57,145]
Lm49enS5W9RN6S8AihNRdA,33.3403987,-111.790961,4,[33.3403987,-111.790961,33.3403987,-111.790961],[49,321,59]
X95f9Xz9Cl4LoEq1woG_kg,33.589616,-112.115637,3,[33.589616,-112.115637,33.589616,-112.115637],[28,17,18,29]
XGVF7KuUF4JwXXTtiZTXdQ,33.545329,-112.043169,2,[33.545329,-112.043169,33.545329,-112.043169],[26,17,18,11]
4_YfcfHkCem1onJFkItxjA,33.484292350000004,-111.94436235,200,[33.2851057,-112.3510497,33.683479,-111.537675],[351,57,39,205,26,11,69,56,4,6,141,25,27,265,212,63,97,7,8,250,38,143,258,40,46,48,293,98,24,292,119,99,333,322,30,13,45,49,368,28,190,177,140,327,341,126,101,33,128,229,182,10,17,18,88,298,127,109,251,224,80,82,59,92,15,91,142,36,102,103,52,89,120,12,114,115,260,259,44,43,210,68,366,77,35,76,305,108,21,146,379,246,139,423,225,178,152,117,285,313,168,145,29,161,65,138,228,67,185,22,194,221,186,192,440,491,61,442,241,170,181,189,66]
1UNDhcdgvL1N3SbRPbu7Ew,33.5242704,-112.0474619,2,[33.5242704,-112.0474619,33.5242704,-112.0474619],[48,11]
fVJnUOJT9qvUJLU3iHUNvw,33.3816917,-111.87336975,9,[33.330411,-111.956194,33.4329724,-111.7905455],[57,69,56,7,108,11,26,17,62,43]
w5AF-YHSxHBaZdvz0nGjzA,33.454034300000004,-111.91042105,23,[33.3208915,-112.066662,33.5871771,-111.7541801],[88,38,99,39,11,57,327,26,7,142,168,63,49,178,126,97,127,177,84,147,33,44,119,69,80,343,59]
0Hmez6GVD2c_mGkhCgP9PQ,33.63390445,-111.9560505,53,[33.434102,-112.080631,33.8337069,-111.83147],[119,11,7,142,27,48,63,307,109,38,265,39,24,168,313,212,43,33,108,201,182,140,120]
Rl8Goyh0_KVhOedWE43HFg,33.6226416,-111.8741292,1,[33.6226416,-111.8741292,33.6226416,-111.8741292],[65,133]
1UaDWqTQ9kq0Q4mzylB2Nw,33.32723615,-111.81621254999999,3,[33.299873,-111.842586,33.3545993,-111.7898391],[119,99,11,33]
TNydS8L2t40k5aKyQZPmxw,33.519588,-111.909524,19,[33.519588,-111.909524,33.519588,-111.909524],[7,9,10,11]
uSb9ISj8NOJLMYQJMsUfhA,33.4770399,-112.0649071,3,[33.4770399,-112.0649071,33.4770399,-112.0649071],[74,11]
_lE0CuNLpl0VjSjvergZZw,33.5749000917632,-112.08788715,21,[33.508736,-112.1342853,33.6410641835264,-112.041489],[26,11,126,97,17,18,43,373,48,24,30,8,13,6,7,110,38,39,27,33]
gzl2Hx5JuH3J2z2vNp0z4w,33.36580349923925,-111.7922884225845,4,[33.321061644794,-111.860657930374,33.4105453536845,-111.723918914795],[99,11,129,79]
CSXdUEJ8y-XaMXlnTTk1DA,33.46553,-112.29053,2,[33.46553,-112.29053,33.46553,-112.29053],[106,54,280]
SCgufsRKtYnVin6ilueUAw,33.3432384,-111.9592559,1,[33.3432384,-111.9592559,33.3432384,-111.9592559],[49,146,445,80,59]
AUaOkqlvu6QB4OquKfp9Ng,33.508148750000004,-112.0267512,12,[33.5062577,-112.0388617,33.5100398,-112.0146407],[177,140,11,33,38,39]
9sdWcvl0Y8-C8LedMsiaxQ,33.499236,-111.9177014,53,[33.499236,-111.9177014,33.499236,-111.9177014],[126,11]
kwNddoGQOUIfGPK-ZxAJpg,33.334634,-111.913015,1,[33.334634,-111.913015,33.334634,-111.913015],[43,11]
7fCTCQxS2_x4ECDbLXTJeg,33.5692885,-111.99744799999999,10,[33.49112,-112.079081,33.647457,-111.915815],[28,17,29]
mhFx_-3VCd_4yPz3yy1z1w,33.5061826,-111.97018650000001,6,[33.487276,-112.030849,33.5250892,-111.909524],[7,142,338,11,120,38,260,39,40,259,49,445,66,52]
WCh2cVdRMXtvUGpmFi-Y6g,33.3643026426849,-111.7733709,6,[33.3494314853698,-111.7896301,33.3791738,-111.7571117],[97,11,185,98,7,26,142,33,44]
qmwL0MoXt8i8mAyVnDRsGA,33.507807542472,-112.067520061055,170,[33.444801984944,-112.07211772211,33.5708131,-112.0629224],[26,11,33,99,44,38,39,128,185]
C3pfqJVsHOdv4t9GArBBxQ,33.4373518,-111.7181797,2,[33.4373518,-111.7181797,33.4373518,-111.7181797],[11,63]
JX3z8i4ppJ9lroQpWqdCdQ,33.615987000000004,-111.9330283,96,[33.6071829,-111.9403254,33.6247911,-111.9257312],[210,11,206,63]
7Vs0R9vcu0NN5o07KGornw,33.29755955,-112.3920402,129,[32.9487058,-112.7100657,33.6464133,-112.0740147],[248,249,6,15,7,142,265,126,11]
HtYubOiwaa2yrVI1vUvOyw,33.4862787,-111.9102055,6,[33.4862787,-111.9102055,33.4862787,-111.9102055],[11,27,63]
rL3dPeKDTybG_ct9OCXGAA,33.30612798519935,-111.9195747,128,[33.0243086703987,-112.1164668,33.5879473,-111.7226826],[33,119,11,244,7,108,48,13,6,21,22,177,26,99,96,72,24,139,225,44,15,191,46,25,39,38,27,128,292,98,109,265,57,40,69,182,140,132,133,65,168,126,97,338,145,205,49,368,185,194,229,181,36,8,247,340,201,224,309,285,10,9,333,142,117,214,169,41,162,192,77,35,218,43]
68Ci9UgVIVEiCGXy05loLw,33.57011275,-111.94266855,200,[33.494247,-111.96828,33.6459785,-111.9170571],[119,99,11,28,158,17,29,109,38,48,39,137,7,139,24,128,161,65,33,265,140,40,120,8]
GZZs7288ZoIz2hx_vcAVUw,33.44253571659655,-111.88069734999999,105,[33.3022417,-112.065592,33.5828297331931,-111.6958027],[119,99,11,7,139,416,8,224,41,36,219,218,38,273,39,128,9,108,43,126,97,24,15,6,191,177,26,127,65,112,151,204,300,265,185,137,27,14,296,313,162,98,49,66,333,33,44,212,10,368,50,52,48,249,63,21,35,70,76,46,361,141]
E-0jN9yF2SkBiv3v6XSqLw,33.683479,-111.966112,1,[33.683479,-111.966112,33.683479,-111.966112],[48,11]
iOWMWq4jYeRlbxCsrMJLJQ,33.509991,-112.103239,1,[33.509991,-112.103239,33.509991,-112.103239],[340,11]
ZDn42x7z6ZwINiqZzeTCwg,33.50914245,-112.009487614291,25,[33.3791486,-112.335666,33.6391363,-111.683309228582],[7,142,104,6,204,65,285,185,11,39,38,126,97,212,293,224,26,309,119,404,421,109,27,210,169]
6eK3P39e4gDIVKna0vq2Gw,33.498704950000004,-111.95890424999999,2,[33.4954282,-111.99019,33.5019817,-111.9276185],[99,48,11,54,55,122]
e3dboeeupTekBgHB8uFMkQ,33.38351095,-111.95913974999999,2,[33.2664769,-111.9918702,33.500545,-111.9264093],[33,38,48,39,11]
R2WR1Q9wYrgaoYiSipiSlA,33.4354634,-112.0069893,200,[33.4354634,-112.0069893,33.4354634,-112.0069893],[10,11]
p37HlpxlirnQejS_Y5J8ow,33.508756,-112.045816,2,[33.508756,-112.045816,33.508756,-112.045816],[177,285,140,11]
WHPeseXxif-UzwitcgszpQ,33.384163,-111.803119,3,[33.384163,-111.803119,33.384163,-111.803119],[212,126,97,11]
t162WLprI8e5Ir8EBM_o1Q,33.4680845,-112.0044825,2,[33.424778,-112.069119,33.511391,-111.939846],[119,24,11,177,140]
T5AT7DxeOZYuzYYUj1Hrog,33.4598034,-112.3415576,1,[33.4598034,-112.3415576,33.4598034,-112.3415576],[119,11]
tjGihpKYiFi0KRPyWhFSCQ,33.3496582,-111.8212381,1,[33.3496582,-111.8212381,33.3496582,-111.8212381],[26,11]
xlQPNZn9UxF4z42inK3jWQ,33.34260795,-111.9456844573975,8,[33.3057949,-112.16745,33.379421,-111.723918914795],[44,11,99,185,71,72,73]
d-M53YTDMBSXkNS1VOflbw,33.502335650000006,-112.19179095000001,200,[33.4593423,-112.3404129,33.545329,-112.043169],[26,17,18,11,33,44,99]
uwIXzwVYr3Qm0iZbj33khw,33.4033669363438,-111.973214149475,11,[33.4033669363438,-111.973214149475,33.4033669363438,-111.973214149475],[28,17,29]
mbcOwrgrNel2_ucPKuchoA,33.4806776,-112.1091081,17,[33.4806776,-112.1091081,33.4806776,-112.1091081],[11,27,63]
KA-GVrDP0huPS7zs5tmS1Q,33.4873537,-112.23716404999999,14,[33.4377111,-112.4268472,33.5369963,-112.0474809],[88,101,38,39,192,11,33,128,119,120,26,126,97,168,181,229,40,140,177,285,109,48,7,108]
1w-KhnEPctzXTiJ37t1H3Q,33.531725,-112.261226,9,[33.531725,-112.261226,33.531725,-112.261226],[38,99,181,39,48,11]
vuJAUK3PptJo8peCDlftHg,33.421657,-111.944749,3,[33.421657,-111.944749,33.421657,-111.944749],[224,11]
WI7IkwiyL0p9JW4L45fhkg,33.583819,-112.265334,1,[33.583819,-112.265334,33.583819,-112.265334],[71,72]
WsgEgQH4K_BWUwKak_Njpw,33.53019225,-112.05234630000001,4,[33.42135,-112.1798866,33.6390345,-111.924806],[48,11,219,218,41,182]
Len-IXos5wCvA7nTsX32CA,33.4026348,-111.9487774,20,[33.305759,-111.993252,33.4995106,-111.9043028],[78,79,126,97,11,182,172,109,38,265,39,99,48,26,224,7,47,88,27,440]
lZTtdjB49Xol0-ambRolvQ,33.418418,-111.84057,18,[33.418418,-111.84057,33.418418,-111.84057],[38,26,39,11]
MWjF-59mIgLLKCxqacI-nw,33.5456285,-111.928949431885,125,[33.477178,-111.97437286377,33.614079,-111.883526],[39,119,26,38,11,33,48,307,57,327,24,49,445,66,52,28,17,29,7,142,27]
ybpdQusz8RcLIU1jcBz9TA,33.43475,-112.00644,95,[33.43475,-112.00644,33.43475,-112.00644],[28,170]
3jaeWY9HmeyPotx8GrvPmQ,33.493947,-111.922301,14,[33.493947,-111.922301,33.493947,-111.922301],[28,17,29]
_A8kGzGF2zPiMUHy0WTrlg,33.421909,-111.9506847,8,[33.421909,-111.9506847,33.421909,-111.9506847],[244,11]
7GQsrG9AgTqxrecD08a5ig,33.538873,-111.865693,1,[33.538873,-111.865693,33.538873,-111.865693],[168,169,11]
nUekLzITgGwjoUFYh4Fi1w,33.312973,-111.984214,3,[33.305003,-111.994346,33.320943,-111.974082],[71,72,73]
GqJOZhkNwr-_BG_t5AuFLw,33.534523199999995,-111.93254540000001,25,[33.4219276,-112.0272041,33.6471188,-111.8378867],[126,97,11,168,265,63,27,119,99,109,38,48,39,26,46,6,352,43,7,47,206,212,88,298]
dFC0MPQQNu89a9LpfL4PhA,33.4722161,-111.987716,168,[33.4722161,-111.987716,33.4722161,-111.987716],[28,17,29]
5t20buj8mqWCUPu6fkWjIQ,33.501110249999996,-112.07966605,200,[33.43475,-112.1528921,33.5674705,-112.00644],[57,327,28,170,149,43,11]
NuyOGolbJLeKh4Dk6ibpHA,33.4224032,-111.9120803,6,[33.4222653,-111.9199824,33.4225411,-111.9041782],[4,6,7,98,10,9,11]
bkaMd3Fk8a7yT4tkthHDbA,33.4512392,-112.00709865,10,[33.4253394,-112.0743441,33.477139,-111.9398532],[7,98,108,119,11,465,57,39,145,26,61,13,6,112,186,60,298]
6UNOcgk8LmOKGsqhlgyCtA,33.4566960573784,-112.072327136993,13,[33.4566960573784,-112.072327136993,33.4566960573784,-112.072327136993],[119,11]
-CKrHtda1TSEySu9wrmr1A,33.424281,-111.924088,200,[33.424281,-111.924088,33.424281,-111.924088],[26,11]
roCITLlb_RwydpGd9ZO_JA,33.449188,-112.0772,2,[33.449188,-112.0772,33.449188,-112.0772],[84,291]
9_I0kIbCg6EiofXxN5fWPg,33.292313449999995,-111.8583273,3,[33.2355107,-111.9265922,33.3491162,-111.7900624],[7,36,298,99,11,211,32]
2VjbRntwFcQ6UMDArqvpNQ,33.383981,-111.77342,11,[33.383981,-111.77342,33.383981,-111.77342],[337,32]
nzG2Hwy2D0bCvmHQesYTww,33.4280585,-112.08567645,2,[33.3045866,-112.2707018,33.5515304,-111.9006511],[27,11,99]
mEKhpswO_3SwAXYqUrcubg,33.5116737,-112.0653185,2,[33.5116737,-112.0653185,33.5116737,-112.0653185],[210,11]
sD3aVrNAoHe_6PFhVIM3Ew,33.780593,-112.554778,3,[33.780593,-112.554778,33.780593,-112.554778],[72,269]
pDSMS-IW5wyZK0XBi4jnDw,33.505674,-111.9702395,93,[33.332733,-112.103575,33.678615,-111.836904],[26,11,33,117,265,483,88,7,38,47,39,126,229,43,89,99,128,101,137,8,139,119,44,296,32,95,222,120,57,36,69,298,63,40,6,45,65,148,204,189,10,24,74,293]
bBXUIwRfpw1dLos11y_dWQ,33.5237149,-111.94473604999999,6,[33.5014298,-111.96828,33.546,-111.9211921],[265,11,38,39,40]
Yfixa3SL3FM99QtPbwag5g,33.457929500000006,-112.07934750000001,200,[33.445036,-112.232875,33.470823,-111.92582],[57,39,145,28,17,29,99,265,11,88,38,89]
_rQwlflob-9LVlhbgnJ68g,33.5670796442089,-112.0007229749985,7,[33.479852,-112.007406949997,33.6543072884178,-111.994039],[49,178,52,27,11]
2stJF2KfKlSpjqRnynyMCw,33.4522276,-111.93817125,28,[33.4216,-111.951184,33.4828552,-111.9251585],[54,242,288,84,32,213,13,6,7,8,247,98,24,11,38,26,39]
WqrUTHR1iPj7oKIHPfmkHQ,33.58269465,-112.24781675,3,[33.5331251,-112.2581306,33.6322642,-112.2375029],[265,11,38,39]
kQ1AFZFYniq2mJk6xnbaaA,33.54220325,-111.92480549999999,4,[33.499705,-111.927222,33.5847015,-111.922389],[38,48,39,40,11,205]
_Lz4b5QL0K8ndeyz2vxslA,33.52776525,-111.9975615,31,[33.3776765,-112.082092,33.677854,-111.913031],[210,11,48,26,161,65,133,322,57,119,99,54,317,63,27,311,88,38,39,40,206,7,139,6,225,250,120,108,201,109,36,192]
WWVg8D0-xH5u3aMQwkqEOA,33.3057949,-111.9677833,2,[33.3057949,-111.9677833,33.3057949,-111.9677833],[99,185,11]
fwtf9jho4SgoicygMEL5hQ,33.6384876,-112.1897722,2,[33.6384876,-112.1897722,33.6384876,-112.1897722],[7,138,139,97,11]
Bu8u8RH_XdJoVgZSf7Phqg,33.34105245000001,-111.928177,6,[33.304703,-111.981558,33.3774019,-111.874796],[219,218,41,11,33,88,38,39,298,26]
kwOG-CSarTLTeZq2coqAqg,33.371886700000005,-111.86359189999999,47,[33.3202274,-111.937394,33.423546,-111.7897898],[7,108,48,11,137,8,139]
4HwAP_oXBi-z9oES3U9Wpg,33.463502,-112.351228,1,[33.463502,-112.351228,33.463502,-112.351228],[106,408,54]
ceXSGAhCR1d8h_SGToF7Cg,33.6789,-111.93753,1,[33.6789,-111.93753,33.6789,-111.93753],[4,13,6,160]
fZDPX_QQHRM_Y_aqGgW1ng,33.449858,-112.071886,14,[33.449858,-112.071886,33.449858,-112.071886],[28,17,18,29]
h0GMczVEKme-iVcWVXuN3w,33.3135411,-111.8409681,1,[33.3135411,-111.8409681,33.3135411,-111.8409681],[17,62]
1j3fiX4JTD8BH_6u90noQQ,33.4609306,-112.3375538,2,[33.4609306,-112.3375538,33.4609306,-112.3375538],[129,175,332,278,79]
0QN9Nb2SqfyGgIwbw8TIqA,33.6753442,-111.9633667,1,[33.6753442,-111.9633667,33.6753442,-111.9633667],[48,11]
gOQjxAO4d2mQ_MF1QlhiJA,33.4634408,-112.0727575,87,[33.449858,-112.073629,33.4770236,-112.071886],[109,38,48,39,11,28,17,18,29]
xwPZ8a1K762KlQKuAhPH4w,33.4973807,-111.97994965000001,17,[33.3197625,-112.0824683,33.6749989,-111.877431],[126,97,11,63,224,99,182,218,307,38,212,41,39,265,26,7,449,48,140,117,137,8,139]
XkJhDj_iBxTW3Llf4X-Bow,33.57455265,-111.96648805000001,2,[33.5092093,-111.9885861,33.639896,-111.94439],[340,11,210]
KeAVWL5BnuzZZfSMGC446w,33.3037459,-111.945161,1,[33.3037459,-111.945161,33.3037459,-111.945161],[78,79]
8rHnrPtIi1LC7KI2X9eIBA,33.508461499999996,-112.0213633,6,[33.447521,-112.1204191,33.569402,-111.9223075],[38,126,39,11,145,57,88,298,99,128,309]
pqnTT1BEV54mps0VmQI7YA,33.348908,-111.874796,45,[33.348908,-111.874796,33.348908,-111.874796],[88,38,39,298,11]
zhzgcvZa7icd3U8ARuRg8g,33.546608,-112.047023,14,[33.546608,-112.047023,33.546608,-112.047023],[38,11,99,128,39]
i9BqrYBLQrb0wjW09FIzfw,33.517492399999995,-111.98673905000001,7,[33.3947699,-112.0645843,33.6402149,-111.9088938],[33,117,48,11,71,72,43,149,97,74,27]
iJ3EIlPSuJK265wqerj-ng,33.5331494348364,-112.26042509079,6,[33.5331494348364,-112.26042509079,33.5331494348364,-112.26042509079],[7,142]
5YjnALvXmuHOTULfr919Mw,33.670082550000004,-112.0579745,13,[33.625158,-112.187126,33.7150071,-111.928823],[26,11,12,13,6,22,98,7,119,307,212,43,44,99,126,63,27,57,69,9]
qnSWwbWKRmlAsLOXgLBQ6g,33.304775,-111.947948,1,[33.304775,-111.947948,33.304775,-111.947948],[33,11]
IajbWwj6l-KHrfSEwZBLgw,33.5081064,-111.86275915,126,[33.303233,-112.335666,33.7129798,-111.3898523],[102,11,103,127,33,177,26,120,48,307,96,72,57,470,145,39,7,47,265,99,185,169,38,88,63,69,40,311,27,298,56,43,168,218,10,28,190,24,139,416,128,251,439,15,6,322,182,309,119,285,140,101,4,202,154,175,129,79,212,49,17,152,341,117]
IWCF21myBYma3Cmb_9Z8LA,33.465373,-111.96257589999999,9,[33.277061,-112.135621,33.653685,-111.7895308],[38,181,39,40,11,185,177,140,182,218,307,224,126,7,194,172]
DKKcoFpaIsh_kYT9UKov5w,33.40606605,-111.8801829925535,5,[33.3181,-111.927165985107,33.4940321,-111.8332],[182,172,11,24,119,26,185]
YBEyHSLxGgkIxyQWeARgPw,33.5328861,-111.97601435,200,[33.4528292,-112.0685027,33.612943,-111.883526],[7,292,232,117,214,11,142]
-RUFfiA70JEDJMvg7bhf-w,33.501821,-111.919938,35,[33.501821,-111.919938,33.501821,-111.919938],[265,185,11]
Sr-wB9G8KflQjbAS8Q3HQg,33.389925899999994,-111.97086279999999,24,[33.2185929,-112.1156244,33.5612589,-111.8261012],[30,13,6,26,11,7,36,161,28,65,17,29,38,39,48,185,63,27,173,112,8,109,311,88,24,133,202,72]
ZQZBXNBVUioiYj5_EO5Ytg,33.454084800000004,-112.06856515,4,[33.4493777,-112.0715044,33.4587919,-112.0656259],[88,38,39,89,11,57,145,40,48]
rSbqoimVUWPEbNSGwyjI-Q,33.50266775,-111.96899595,200,[33.306483,-112.0474855,33.6988525,-111.8905064],[61,13,6,119,201,11,127,206,28,17,29,219,218,33,38,140,39,40,48,158,168,99,212,229,115,372,46,65,133,161,7,292,45,24,265,126,97]
d0nD0TzD_NvzQLHE6zL-1g,33.533699,-111.908639,200,[33.533699,-111.908639,33.533699,-111.908639],[98,7]
pVflzF-ORBBZFg7h8revkw,33.53443955,-112.06101285,3,[33.4949761,-112.115821,33.573903,-112.0062047],[28,17,29,48,185,11,195,65]
BhbVjCuzwNpbjNGlBQHw7Q,33.4805081,-112.0135881,1,[33.4805081,-112.0135881,33.4805081,-112.0135881],[84,147,339]
fPLfs5tWIQCMV5DrVcI35A,33.4556584,-112.0719926,1,[33.4556584,-112.0719926,33.4556584,-112.0719926],[38,181,39,40,11]
WWx1qs-YI86QUvvsTfLfeg,33.58397625,-112.02003275000001,14,[33.4549678,-112.1114555,33.7129847,-111.92861],[27,11,119,7,138,139,140,38,99,128,39,296,48,33,181,40,71,72,96,73,6,21,117]
XqioJEJj93egWzZy70sImw,33.49064805,-112.06286925,2,[33.4719589,-112.0649208,33.5093372,-112.0608177],[212,63,97,11,251]
tMEPnx1KHZIXe5gs9qF4Rg,33.557035150000004,-112.08071825,169,[33.4354553,-112.1868299,33.678615,-111.9746066],[26,11,309,285,126,97]
7b2ITGileEhQ0gKP7gwZHA,33.43475,-112.00644,2,[33.43475,-112.00644,33.43475,-112.00644],[28,170]
iKDDbFu1lyA8-CVlGLFHcw,33.39313,-111.87891815,98,[33.2475,-112.073196,33.53876,-111.6846403],[44,11,49,80,59,7,189,10,24,98,9,108,224,292,99,48,126,27,127,88,38,39,89,212,361,119,26,251,96,72,244,43,352,30,8,13,6,110,140,40,142,14,15,191,373,97,153]
7zR-GB741bzpDYlFQx5RKA,33.4945864,-111.92779565000001,14,[33.494205,-111.931447,33.4949678,-111.9241443],[48,11,63]
gamYvJY-JaxQ0sV5Fkr3DQ,33.513697188158,-112.07341192283,1,[33.513697188158,-112.07341192283,33.513697188158,-112.07341192283],[48,11]
_78xbAvRCtpPlsL9qHGc6Q,33.426368,-111.9398551,1,[33.426368,-111.9398551,33.426368,-111.9398551],[88,38,39,298,11]
EKatyDyf4uARgz05AqCRlw,33.506734050000006,-111.92605025,7,[33.5025941,-111.9296765,33.510874,-111.922424],[7,292,99,48,11,28,17,29]
UNIPxnKpzAbL4iSIXSQ31g,33.5861655,-111.9856011,23,[33.3503,-112.0739142,33.822031,-111.897288],[84,147,168,181,229,11,33,99,161,28,65,17,29,49,80,59,82,6,35,109,38,39,63,133,204,93,3,177,140,31,32]
gupCLHBM8VP3NagOcewcxg,33.4206322,-111.9479687,2,[33.4206322,-111.9479687,33.4206322,-111.9479687],[49,50,52,79]
PmQ4RqhZ_uLRZTVgvYJSTA,33.5890073,-111.906344548864,200,[33.5533766,-111.930343,33.624638,-111.882346097728],[46,6,7,98,10,9,11,57,327]
S09LWI5fpN-UlQJC2oySWA,33.371490050000006,-111.91617765000001,4,[33.3350531,-111.95738,33.407927,-111.8749753],[119,11,99,106,54,131,27]
xsLzko0ftD20Teh_r8vJTw,33.319212,-111.967861,72,[33.319212,-111.967861,33.319212,-111.967861],[127,11]
NoMnwqSNaDRf-lcwB5DKOA,33.575106149999996,-111.9620929,8,[33.5229858,-112.0487368,33.6272265,-111.875449],[49,66,52,27,11,38,48,39,7,47,43,63]
gh2OwESXrgVyufGz_NPHxw,33.4221472,-111.931600861415,11,[33.2611314,-112.07341192283,33.583163,-111.7897898],[7,108,48,11,30,13,6,43,292,139,38,26,39,210,99,109,27]
Gq7xnJ8Ws1RKMS8EdL6B_A,33.5481525,-111.98689544999999,15,[33.479887,-112.0474809,33.616418,-111.92631],[265,126,97,11,177,140,7,8,119,224]
oaONBSG_SQ30eN7Noal6ew,33.51933165,-111.92112474999999,3,[33.499236,-111.9245481,33.5394273,-111.9177014],[126,11,64,65]
Ty7zfRkg2KvC2CWoy9_zzg,33.6382038313039,-112.363443374634,1,[33.6382038313039,-112.363443374634,33.6382038313039,-112.363443374634],[251,212,11]
Uo9D9WPJ4uPrhRaD3uX3vg,33.3637662,-111.9304053,1,[33.3637662,-111.9304053,33.3637662,-111.9304053],[185,11]
LXkrdN-08qkMZOYUnNIiPg,33.290328305747394,-111.91951610916149,3,[33.261388,-111.981797218323,33.3192686114948,-111.857235],[7,142,99,11]
_fuVjNCSbfVLzdrwSvUEMQ,33.508533016607,-112.029066725112,1,[33.508533016607,-112.029066725112,33.508533016607,-112.029066725112],[210,11]
B1kqoYiFGzSAWl1oMafbPw,33.683479,-111.966112,9,[33.683479,-111.966112,33.683479,-111.966112],[161,28,29,17,65]
NGxwSt-4tuf1pxLthob5WQ,33.484188200000006,-111.98051095,8,[33.4657823,-112.0313454,33.5025941,-111.9296765],[13,6,22,26,11]
bM-Js55fXB_KqeHUNeXA-g,33.427992950000004,-112.0126425,3,[33.316607,-112.183341,33.5393789,-111.841944],[99,26,11,98,7]
aveRNR45cX_9CdIc0XtLUA,33.4949678,-111.9241443,4,[33.4949678,-111.9241443,33.4949678,-111.9241443],[11,63]
z_nH_-Lln5BOgu7IQ_XEKA,33.537943,-112.063117,1,[33.537943,-112.063117,33.537943,-112.063117],[33,11]
LN_Y01b4W9hgtDade_XM4w,33.43652965,-111.8982475,24,[33.3022462,-112.0739689,33.5708131,-111.7225261],[212,11,26,97,13,6,115,27,63,24,33,265,185,7,139,47,48]
XP6ws-UHZC03cQjQUa2QYw,33.414345,-111.913031,28,[33.414345,-111.913031,33.414345,-111.913031],[192,11]
ZqZhPGsvJ1pwGmfyt__9DQ,33.5834254,-111.9790882,7,[33.5834254,-111.9790882,33.5834254,-111.9790882],[7,36,8]
UFOyCTwszgZAnvEgQNi74Q,33.422756,-111.925685,1,[33.422756,-111.925685,33.422756,-111.925685],[4,13,6,115]
geIOggTVAGw215KOdqBdjA,33.731871,-111.852863,12,[33.731871,-111.852863,33.731871,-111.852863],[48,11]
RZ030GLNYYPkr9QDrI2cNQ,33.53151135,-112.15275175,15,[33.4221907,-112.380047,33.640832,-111.9254565],[224,11,126,43,33,63,27,307,251,26]
CcSqAhaZNs3yQACRfemYtg,33.435146,-111.998367,12,[33.435146,-111.998367,33.435146,-111.998367],[119,38,99,39,11]
RT7vDC5qkDLZp3qR8qBX7Q,33.340827170135455,-111.9559119728545,5,[33.333612,-111.964952945709,33.3480423402709,-111.946871],[212,41,43,11,101,38,26,39]
AE0K8fveXdUu89GnCSI16Q,33.626933,-112.100731,8,[33.626933,-112.100731,33.626933,-112.100731],[212,26,11]
KJecO6O07g3vNqs_lBdRkw,33.6401855,-112.0675947,1,[33.6401855,-112.0675947,33.6401855,-112.0675947],[33,11]
y-mdSrpbGxNsTXQu1PQbHg,33.581695100000005,-112.164151,3,[33.494059,-112.2029352,33.6693312,-112.1253668],[26,11,159,84,32,291]
nf2TwHMuayfvigRj9bmgsg,33.569728,-111.886203,4,[33.569728,-111.886203,33.569728,-111.886203],[39,38,212,128,11]
g0-ejhzvo0ELNp04cUKWDg,33.499499,-111.927402,19,[33.499499,-111.927402,33.499499,-111.927402],[48,11]
DePxKb1wAdvudR-2TtAm7g,33.6265775,-111.9254565,1,[33.6265775,-111.9254565,33.6265775,-111.9254565],[33,11]
R0LDqSUJhqiws2x4gcRexQ,33.5222185,-111.9595033,14,[33.5222185,-111.9595033,33.5222185,-111.9595033],[28,17,29]
tKQL7KlWDpa-MvhwxxeVTg,33.4211681,-111.942514,3,[33.4211681,-111.942514,33.4211681,-111.942514],[421,65]
vTM8yfcZDrPMMpPE2KtBgw,33.8303701,-111.9317707,1,[33.8303701,-111.9317707,33.8303701,-111.9317707],[48,11]
7nG2ux7uLpARvKZCwYTzug,33.51600115,-111.94529374999999,7,[33.4860023,-111.96828,33.546,-111.9223075],[40,351,57,39,38,48,11,352,33,119,26,127,126]
H4dOdbyeDe8los6qXzk-rw,33.423901989755,-111.940287351608,1,[33.423901989755,-111.940287351608,33.423901989755,-111.940287351608],[7,36,38,39]
SEDJTWEzMdqp7UsS1W3KXw,33.3766761,-111.91803245,10,[33.2452342,-112.079564,33.508118,-111.7565009],[27,11,39,38,48,128,10,57,99,7,36,69,145]
7cucTtf-UbtDxnvFnnb1jw,33.48313375,-111.88869600000001,22,[33.390792,-112.074127,33.5754755,-111.703265],[99,26,11,137,7,6,139,309,119,285,63,48,109,38,39,24]
kERzr0_HoHFAXx8K1K1YYA,33.494247,-111.92975,3,[33.494247,-111.92975,33.494247,-111.92975],[109,38,48,39,11]
WM4P3EZT7vmgZFOCLpQeEA,33.4527955,-112.0693177,73,[33.4527955,-112.0693177,33.4527955,-112.0693177],[38,99,128,39,296,11]
0__AsXQOV63Gl5nCUWp6ug,33.6227888,-111.897047,1,[33.6227888,-111.897047,33.6227888,-111.897047],[6,110]
i7l1HwYN8fDtmA4X4CGZ9w,33.19014165,-111.83184614999999,4,[32.8791409,-111.9747,33.5011424,-111.6889923],[119,11,99,48,24,28,17,18,29]
vppxzkWj_ZQKdUrdyM7mwg,33.4194512,-111.915926,11,[33.4194512,-111.915926,33.4194512,-111.915926],[38,7,47,88,39,48,11]
WLmriIMoyKL9p_nJtYTyGA,33.5650982,-112.0737503,4,[33.5650982,-112.0737503,33.5650982,-112.0737503],[48,11]
YFaq3PLiuXZtwxwDtMiOfA,33.445899,-112.071313,200,[33.445899,-112.071313,33.445899,-112.071313],[57,327]
c1GUkBVQjxWcOcfovhQ-dw,33.334583,-111.836109,2,[33.334583,-111.836109,33.334583,-111.836109],[49,80,82,59]
oj9YvmMETyyHXzYAGgzEPA,33.4931793,-111.9320931,10,[33.4931793,-111.9320931,33.4931793,-111.9320931],[39,26,127,11]
l8UwUSwRYrwLmiWuRJ8cXA,33.462015750000006,-111.8690985,4,[33.413158,-112.134201,33.5108735,-111.603996],[28,240,241,43,11,7,138,8,139,6,284,35]
fPI1uXlnfczZM_q7vc6gcA,33.5988822,-112.0134332,1,[33.5988822,-112.0134332,33.5988822,-112.0134332],[54,55,122]
6hRKotVFPYL7Ci0hipN9Eg,33.4912751,-111.97062055,77,[33.3046962,-112.1091081,33.677854,-111.832133],[129,78,278,79,98,7,108,24,11,6,35,76,119,244,182,48,140,49,80,59,63,27,224,12,114,13,8,192,223,267,172,82,156,65,204,99,26,74,9,10,284,202,72,57,470,145,39,137,139,109,38,84,345,346,212,97,142,177]
Lu9ylj5M8dpMg_Mmdn-g1A,33.5802421,-111.9258314,2,[33.5802421,-111.9258314,33.5802421,-111.9258314],[48,206,11]
yrXCDuHsWLt14ql-aLOCYg,33.57216045,-111.99372525000001,27,[33.4657059,-112.0962274,33.678615,-111.8912231],[109,38,11,39,63,88,298,126,43,128,293,251,99,40,48,33,27,64,65,182,49,80,82,59,7,162,119,71,72,98,24,8]
S0eKNgHP7BKDJW8cXAv9hA,33.655671,-112.011998,2,[33.655671,-112.011998,33.655671,-112.011998],[7,108]
y7NxB1I19YIxTSeZLfk6PA,33.463736299999994,-112.05767230000001,200,[33.458341,-112.067833,33.4691316,-112.0475116],[26,11,7,108,119]
ETNCa9K7EkXWb3lnBZv0kA,33.321061644794,-111.723918914795,1,[33.321061644794,-111.723918914795,33.321061644794,-111.723918914795],[99,11]
tDGOpaWUKuxFh18mAVwIYw,33.5376376,-111.97775975,70,[33.4471735,-112.0800705,33.6281017,-111.875449],[48,11,352,63,127,39,38,99,128,210,88,298,307,212,43,177,140,119,27,24,26,182,218,109,7,40]
hFOnqUIK-zUiAJPPUrzJ7w,33.51931295,-111.90544994999999,4,[33.4982604,-111.9256326,33.5403655,-111.8852673],[212,361,11,38,39,127,145,57,205,40]
WFNHtBlqhHrx1Oo9TYDFCQ,33.5879473,-112.1164668,12,[33.5879473,-112.1164668,33.5879473,-112.1164668],[168,169,11]
SYSVSNsOvkSHVgtb8bXYOQ,33.508862050000005,-112.03953625,18,[33.3046171,-112.2731482,33.713107,-111.8059243],[38,39,11,24,33,296,30,8,13,6,7,110,115,372,182,48,140,108,99,26,119,27,177,285,57,91,123,204,65,313]
7BN2_Wjfx3FRdd4-vhHOLg,33.2183331740449,-111.564445495605,2,[33.2183331740449,-111.564445495605,33.2183331740449,-111.564445495605],[43,11]
IK2FmnuCEz2JZP7DwbaNew,33.423556149999996,-111.9817501,8,[33.337696,-112.0375533,33.5094163,-111.9259469],[27,11,224,251,123,65,33,265,48]
2q8f6EEUyF2h6BtTN_BHeA,33.2614572,-111.8830248,1,[33.2614572,-111.8830248,33.2614572,-111.8830248],[48,11]
Gz3XmBpjX8VlXIF4W6HCCA,33.437672,-112.117248,4,[33.362778,-112.169054,33.512566,-112.065442],[6,204,65,7,142,185,11,133]
GyEbdceYcxxv3dgXo9AzWg,33.456088,-111.925966,2,[33.456088,-111.925966,33.456088,-111.925966],[72,297]
hrzD6KL1x4k_wT9zWwRUoA,33.4912212,-111.98228305,8,[33.444799,-112.066662,33.5376434,-111.8979041],[65,133,26,11,57,327]
vchdTJklX4KnQDuDCWpxAw,33.501520799999994,-111.82664969999999,192,[33.362719,-112.1156244,33.6403226,-111.537675],[48,185,11,99,88,38,39,89,26,109,119,7,292,108,24,49,305,27,440,8,145,57,205,40]
4NEPSajarYSO2u4Ko3sVkg,33.5092756,-112.0718179,2,[33.5092756,-112.0718179,33.5092756,-112.0718179],[48,11]
ye5nxoJVVg4AtTgDb2u6Uw,33.46235179999999,-112.0597665,5,[33.455572,-112.0720214,33.4691316,-112.0475116],[26,11,38,181,39,40]
84hTxQmds39Lr7ulyGjcyQ,33.1579025,-111.61367394999999,4,[33.017727,-111.8413019,33.298078,-111.386046],[26,11,177,27,63]
dHZRw7--LtN8zqlNqWor6Q,33.4493238,-112.0718824,1,[33.4493238,-112.0718824,33.4493238,-112.0718824],[99,11]
ZUakVX0i6R0O6q4XbRGY1w,33.515339999999995,-112.172192,35,[33.390792,-112.396197,33.639888,-111.948187],[96,72,27,11,30,8,13,6,7,110,63,307,142,44,129,278,79,26,292,10,24,119,33,98,108,97,189]
Dy9fkstztJ8hpzXFhrpf2w,33.4292374,-111.8960268,45,[33.362719,-111.9159147,33.4957558,-111.8761389],[49,193,82,59,89,11]
6aS7CrJBq4de_fUDoZd-kg,33.345974816647,-111.77323089999999,38,[33.336905433294,-111.7895308,33.3550442,-111.756931],[43,11,185]
OIUP77bRiFPIXvkeQv4ejQ,33.499849600000005,-112.1008015063505,27,[33.3210842,-112.359774112701,33.678615,-111.8418289],[7,138,139,142,33,38,39,11,185,182,99,44,98,162,108,127,48,6,270,26,265,84,477,125,478,309]
NrQ1SSkI_vTNg1EWL3cYhA,33.4364893,-111.77691250000001,200,[33.4149566,-112.072854,33.458022,-111.480971],[119,99,11,38,39,40,49,52]
Wu-fNT4hxlZRR2Kgew3Giw,33.449233,-112.065458,23,[33.449233,-112.065458,33.449233,-112.065458],[27,11]
vP770ARzgDteRSFnfzSHyw,33.4194512,-111.915926,37,[33.4194512,-111.915926,33.4194512,-111.915926],[38,7,47,88,39,48,11]
LFLqZT3zTP5nJ0kH_ydVkg,33.5102068,-112.0272041,4,[33.5102068,-112.0272041,33.5102068,-112.0272041],[38,140,109,39,11,24]
304AsXKlQinTePQKvwuoQA,33.45808825,-111.9878395,5,[33.413158,-112.0999,33.5030185,-111.875779],[251,11,38,126,39]
Bpmyn_PTO299jW_Deqtekw,33.6071829,-111.9403254,2,[33.6071829,-111.9403254,33.6071829,-111.9403254],[221,38,39,40]
vZ-n0l562MCc-_awreqlvw,33.511391,-112.069119,6,[33.511391,-112.069119,33.511391,-112.069119],[46,6,116,112,17,111,113]
_3WpyjQ7iNaF-RTJfsQ4jA,33.425938,-111.940346,2,[33.425938,-111.940346,33.425938,-111.940346],[11,377]
SnRUw0J62rwt1vST4S4fAA,33.5754755,-112.0651592,3,[33.5754755,-112.0651592,33.5754755,-112.0651592],[119,11]
pOnypU4vz-ZJWK0rdhCC9g,33.363817,-111.792016,11,[33.363817,-111.792016,33.363817,-111.792016],[7,8]
2HsbXpcFBvFa-roHMqxgBA,33.49842147576385,-111.8933453867525,2,[33.4220819,-111.9248634,33.5747610515277,-111.861827373505],[38,11,99,128,39,57,201,145]
DVUy3pGA0yKwn7SaH0S46w,33.6119344,-111.9271523,4,[33.6119344,-111.9271523,33.6119344,-111.9271523],[267,182,172,11]
okg9cYW3_ksz6vd1_OUBMQ,33.446314599999994,-112.0707398,2,[33.443864,-112.0714186,33.4487652,-112.070061],[39,38,48,128,11,99]
mw1XDzI1xRsC3yIutEf5zQ,33.5020036165904,-111.928035020828,1,[33.5020036165904,-111.928035020828,33.5020036165904,-111.928035020828],[168,99,11]
ra6unsCIN98a_W1ebEKY1g,33.6502478,-111.9263541,4,[33.6226416,-111.978579,33.677854,-111.8741292],[65,133,105]
O13d1iFz_z6W1z6dioLR-Q,33.4942423,-111.9264472,21,[33.4942423,-111.9264472,33.4942423,-111.9264472],[39,119,48,38,11]
GjNyOTcibcI_XKCzeMgO2g,33.5001347048764,-111.8621768,27,[33.3547012,-111.9345638,33.6455682097528,-111.7897898],[27,11,182,48,140,98,7,38,128,39,57,69,28,158,17,29,10,108,99,26,49,80,54,59,119,9,224]
WWCXaMgNYkuFhup3QTidTw,33.49489675,-112.1521826,19,[33.4800643,-112.3645817,33.5097292,-111.9397835],[364,6,35,129,175,278,79,30,13]
stqLEv-IbdvLWgMS2OZa2g,33.5094293,-112.029503,2,[33.5094293,-112.029503,33.5094293,-112.029503],[84,345,6,346]
lSiHTzApg-9usLALsiMYbA,33.5106961,-111.9865579,77,[33.5106961,-111.9865579,33.5106961,-111.9865579],[352,11]
5B06XY_KAPCPqCgXsRWmKQ,33.4803943,-112.0491027,4,[33.4803943,-112.0491027,33.4803943,-112.0491027],[26,11]
OOG24h0YOFj4Si3RwYADtw,33.5912352,-112.1445719,16,[33.3503,-112.3578878,33.8321704,-111.931256],[48,11,161,195,65,149,43,31,32]
hZYNUGE5hlAE5c4jJ7aiCw,33.5006293,-111.9232551,1,[33.5006293,-111.9232551,33.5006293,-111.9232551],[27,11]
S38N6O5wO9jekE4CwpVuLA,33.36752965,-111.81822395,7,[33.319377,-111.966307,33.4156823,-111.6701409],[27,11,292,7,62,139,17,375,212,229]
jTJuD7V8Z26CtPDZVThUJQ,33.5388069,-112.3940688,5,[33.4389448,-112.5564756,33.638669,-112.231662],[26,11,168,41]
USG8_SOXZe3I-56mW55t3Q,33.390792,-112.012504,25,[33.390792,-112.012504,33.390792,-112.012504],[99,246,7,119,139,24,17,423,11]
uX7TPeesOW7Vm3BoczHDlg,33.3053089,-111.9007734,2,[33.3053089,-111.9007734,33.3053089,-111.9007734],[38,39,11]
RfQNZ8omfiQdFQeiOJ45OQ,33.4164817,-111.92209439999999,15,[33.399991,-111.939886,33.4329724,-111.9043028],[11,63,33,265,185]
j6d3eKuDUfBunJnybYRr5A,33.537093150000004,-111.90724044999999,4,[33.5019817,-111.9276185,33.5722046,-111.8868624],[64,65,71,72]
8E0DGec8LNn6oDmPHmj-mg,33.4679555,-111.9659765,200,[33.43475,-112.00644,33.501161,-111.925513],[38,99,88,39,40,11,28,170,206]
iU1hfPqQqouHy5PNZRPcdw,33.3625631,-111.8932465,20,[33.305675,-111.929858,33.4194512,-111.856635],[7,313,9,10,11,57,69,63,27,38,47,88,39,48]
iGI3jhtLZWHwxItJTdXsXQ,33.2815660319081,-111.97295665741,1,[33.2815660319081,-111.97295665741,33.2815660319081,-111.97295665741],[57,145,258,39,28,17,29]
qtukgjGvVbPYutvem9Cstg,33.5670375,-111.9184649,7,[33.5670375,-111.9184649,33.5670375,-111.9184649],[28,158,17,29]
Md5L1BrEHJJc_11de2VL3A,33.6236715,-111.9251782,1,[33.6236715,-111.9251782,33.6236715,-111.9251782],[38,48,39,40,11]
zMLcLRQVs5Ms4YyE1IbKcw,33.421617342644,-111.9466751753,2,[33.421617342644,-111.9466751753,33.421617342644,-111.9466751753],[63,27,11]
U8TiCJG7uBjbF_eiftPKsQ,33.3762931,-112.0357137,16,[33.3762931,-112.0357137,33.3762931,-112.0357137],[99,11]
16qHB24Pj8HZ3oFTTj0Irg,33.578153650000004,-112.0395482,3,[33.5708131,-112.0657374,33.5854942,-112.013359],[26,11,224]
5VfRsRberplylZzKtwxJYQ,33.445318,-111.89440485,5,[33.3805962,-112.0342897,33.5100398,-111.75452],[33,38,39,11,99,44,265]
fGrhUMJgubyJ83EE1-TWpQ,33.56498485,-112.0911697,5,[33.4772147,-112.2559024,33.652755,-111.926437],[265,126,11,43,483,33,117]
w7yGkXLhEJdF1VxTsV49RQ,33.556366,-112.0607466,9,[33.474605,-112.0740123,33.638127,-112.0474809],[126,97,11,48,109,38,39,63,202,72,65,133,7,292,54,55,256]
f23DD5jfjKR0cO6As-6DJQ,33.4229397436082,-111.87694135,46,[33.3779891872164,-112.0701129,33.4678903,-111.6837698],[28,17,29,224,11,33,99,117]
L5ydEYqAt96RShDIrq6ocQ,33.5883467,-111.89768985,37,[33.413158,-112.0772,33.7635354,-111.7181797],[168,11,136,17,32,203,24,251,78,79,63,7,49,108,193,59,189]
fPJSQS4EkpSzoR7cHW4w3Q,33.647457,-111.915815,2,[33.647457,-111.915815,33.647457,-111.915815],[28,17,29]
oRRHrcRPcEAnOepF3KPfsg,33.46620705,-111.9780341830955,185,[33.3350531,-112.029651966191,33.597361,-111.9264164],[7,292,99,48,11,27,33,119,63,127]
H6fy4fTydhV5-o97O581og,33.756006,-111.992641,1,[33.756006,-111.992641,33.756006,-111.992641],[84,147]
QQ6R2bbgoWQRhv7lxdKmVA,33.37784,-111.8024217,24,[33.3406452,-111.9701824,33.4150348,-111.634661],[6,77,35,76,98,7,24,11,109,38,39,63,43,296,10,44,142,292,182,48,140,26]
PurXH7TqhVzFWFXX2PPpjg,33.4116989,-111.94479655,200,[33.3742118,-111.970253,33.449186,-111.9193401],[57,327,48,11]
v6qtEBHmGf8C-ZQuMTu9Vg,33.506941,-111.926536,54,[33.506941,-111.926536,33.506941,-111.926536],[475,48,11]
Kj19E1M2mgEN1-zfmhvYBQ,33.3266609,-111.92670985000001,2,[33.3057308,-111.95738,33.347591,-111.8960397],[97,11,119,99]
Him8tI6yfOMsbDKWGKly6w,33.4149286,-111.9249893,5,[33.4149286,-111.9249893,33.4149286,-111.9249893],[201,24,11]
tajV2GqOjiXZJn38pElZTA,33.4939808,-112.1634364,13,[33.4576266,-112.2797718,33.530335,-112.047101],[26,11,65,133,168,224]
q5SLRRYLZeSeW63-HPQ3Gw,33.554888500000004,-111.93500095,8,[33.5025941,-111.9403254,33.6071829,-111.9296765],[11,63,99,126]
CLi8LVcqEaLPkSCTv95iJw,33.5839581,-111.9788671,12,[33.5839581,-111.9788671,33.5839581,-111.9788671],[182,218,307,11]
BGES7BpBbFbQsLCBs2S2vQ,33.53564935,-112.06513255,168,[33.5100398,-112.1156244,33.5612589,-112.0146407],[48,185,11,33,38,39,26,126,97]
5Pcmp6vX_7XZ5RFtlC5hyA,33.36328985,-111.95062594999999,15,[33.304775,-111.9533039,33.4218047,-111.947948],[33,119,99,11]
diuvI0cNti2T3K1EFTU4Fg,33.4915779,-111.925841,29,[33.4915779,-111.925841,33.4915779,-111.925841],[119,38,48,39,11]
2UgCUdRuZ0bYgXAQrHpDpA,33.51799445,-111.9969087,8,[33.4938219,-112.0687564,33.542167,-111.925061],[88,7,38,47,39,119,99,11,27,128,24,142]
sCIXYq9OcrY5PXuRTUr6IA,33.9675255,-112.73623549999999,4,[33.9662303,-112.7428224,33.9688207,-112.7296486],[26,11,38,265,39]
0-aWamipsRNfcgFYALX1KQ,33.488373022397,-111.898859,136,[33.321061644794,-112.165119,33.6556844,-111.632599],[7,24,108,119,11,352,48,64,65,89,28,170,99,47,27,49,193,59,142,208,6,35,292,224,26,251]
WAXEcm1cUPSJ0gatiDFPrQ,33.5513538,-111.986471,3,[33.4787943,-112.0478085,33.6239133,-111.9251335],[26,11,465,168,265,39]
-5NG0jJgKfHWZ94MOjD4Jg,33.6132165,-112.0640713,2,[33.6132165,-112.0640713,33.6132165,-112.0640713],[106,54,424]
3TXEOX7mWcvkdXPmAP3LYg,33.5272669,-112.06544355,94,[33.407415,-112.238107,33.6471188,-111.8927801],[39,63,99,38,11,26,10,24,128,188,23]
pHMlo0Z_TUzxLmnOGgMLBA,33.6592834504615,-111.996885873994,3,[33.639951900923,-112.019165147988,33.678615,-111.9746066],[123,65,97,11]
0JwmCX1K1rMwkJucbjJrrA,33.3550442,-111.7895308,103,[33.3550442,-111.7895308,33.3550442,-111.7895308],[185,11]
wY7EKKa6at0cO4gi8lld5Q,33.5077037,-112.06328325,20,[33.49112,-112.079081,33.5242874,-112.0474855],[28,17,29,99,127,11]
hWkWj_8KwHmdf0s2UjDPFQ,33.3358872,-111.8590672,3,[33.3358872,-111.8590672,33.3358872,-111.8590672],[65,133]
uo-WPZZSe59Fq3Eq_eM3-g,33.3776765,-112.0265945,5,[33.3776765,-112.0265945,33.3776765,-112.0265945],[48,11]
EQ3IZhelp-DIdugmrbQk0g,33.50501205,-112.0680927,94,[33.4487652,-112.1156244,33.5612589,-112.020561],[48,185,11,63,38,99,128,39]
_9hdNr2ZLIkF5P-pMT8TOQ,33.6101518,-111.9768512,17,[33.6101518,-111.9768512,33.6101518,-111.9768512],[49,193,59]
0oQyZ1NT79n5XUofW39xoQ,33.5321802,-111.9636139,2,[33.5095354,-112.0275918,33.554825,-111.899636],[119,201,11,33]
29d8lPuutF7u5uB-9cS7tA,33.3488977,-111.9763848,1,[33.3488977,-111.9763848,33.3488977,-111.9763848],[168,11,48,63]
iF0cZxMVb_JEqM6v5l-y8Q,33.5336234,-111.9652641,26,[33.5336234,-111.9652641,33.5336234,-111.9652641],[161,28,65,17,29]
SINn9supzIkv77lgB4OnZA,33.472495699999996,-112.03280240000001,14,[33.4354553,-112.085784,33.5095361,-111.9798208],[27,11,212,57,99,7,36,69,8,6,45,309,285,98,84,124,125,119,182,48,140]
HzfWEVSxEVx58Le48JvrpA,33.5461051,-112.1016267,3,[33.5239632,-112.1372764,33.568247,-112.065977],[485,54,10,11]
TeyGu-fF6IN7IUpVVI76FA,33.479889,-111.997771,200,[33.479889,-111.997771,33.479889,-111.997771],[117,11]
Vdi-fbSA36s6jffY7iDbXA,33.64497775,-112.216128,67,[33.3208915,-112.728991,33.969064,-111.703265],[38,140,39,40,48,11,109,63,7,162,108,201,126,97,98,24,142,182,8,247,185,27,311,49,312,146,17,152,26,251,218,41,168,33,117]
A_9vlVlCtlAcVL9dxR-jXg,33.5091845,-112.0448833,2,[33.5091845,-112.0448833,33.5091845,-112.0448833],[106,54,280]
Gx9Wc4EZ9aa_U5LzweHOtw,33.49405445,-111.94342205,17,[33.423546,-111.988131,33.5645629,-111.8987131],[48,11,6,77,35,76,212,84,291,65,133,88,38,99,39]
mUoDdcplE840_WZboPkJOQ,33.7983474731445,-111.978637695312,1,[33.7983474731445,-111.978637695312,33.7983474731445,-111.978637695312],[99,11]
qzMDsaCJuz-F5WOTsOOLHA,33.51469095,-111.99773225,83,[33.4471735,-112.073781,33.5822084,-111.9216835],[119,11,7,449,97,48,99]
JkpoM19M_HCXluJTf53LJA,33.38220425,-111.8419083,36,[33.2618144,-111.9303102,33.5025941,-111.7535064],[475,10,11,44,24,49,193,80,59,109,38,27,39,61,13,6,33,119,63,7,108,177]
o_hE7YEoqz_NqAzkLUenyg,33.4479345,-112.0639215,129,[33.444799,-112.071886,33.45107,-112.055957],[57,327,28,17,18,29,8,26,7,138,139,11]
ya4TRuI4azrp_Ju-QZMliQ,33.444067000000004,-111.94974500000001,195,[33.392791,-112.091886,33.495343,-111.807604],[99,11,57,27,39,145,43,28,17,29,322]
uQCk37gNl1bEmkjAv6_kAw,33.62267765,-111.9756558,21,[33.413158,-112.1164668,33.8321973,-111.8348448],[26,11,182,48,140,168,127,119,99,224,169,63,177,265,251,223,126,97]
jBX9ATHsurgmzZdwalTKOA,33.3852846,-111.964558,2,[33.3852846,-111.964558,33.3852846,-111.964558],[33,11]
g13P8XfDT5Zfcts4wai4-Q,33.298078,-111.7459158,5,[33.298078,-111.7459158,33.298078,-111.7459158],[26,11]
2GOoVltLnT4cuclKqENUzg,33.4626483327419,-112.062199115753,1,[33.4626483327419,-112.062199115753,33.4626483327419,-112.062199115753],[7,292,98]
GF-xNI3ER3GTZxXQA7lNLQ,33.449858,-112.071886,41,[33.449858,-112.071886,33.449858,-112.071886],[28,17,18,29]
WKxEVjx7cJI13lSk7ZIqZA,33.5019817,-111.9276185,3,[33.5019817,-111.9276185,33.5019817,-111.9276185],[38,48,39,11]
oa8njI1oYysscD4C1dn4tg,33.294624,-111.773553,1,[33.294624,-111.773553,33.294624,-111.773553],[106,444,54,226]
TDOQfr0rTk4AgautHlfKpw,33.4656695,-112.0816756,3,[33.4656695,-112.0816756,33.4656695,-112.0816756],[140,177,285,11]
CPyBruII2PNT-Yfc7wvA9g,33.492985,-112.286067,2,[33.492985,-112.286067,33.492985,-112.286067],[181,11]
LZY93a2fQ-nENCzcPo9W4g,33.4157236,-111.92296655,4,[33.33605,-112.0010971,33.4953972,-111.844836],[7,162,119,11,48,296]
CH9QvHgXQ7eSV6Hb-560Iw,33.318779500000005,-111.8752235,4,[33.302011,-111.907832,33.335548,-111.842615],[7,142,109,38,48,39,11]
-p0RBySYptpEM2lMKIghZA,33.5095354,-112.0275918,1,[33.5095354,-112.0275918,33.5095354,-112.0275918],[33,11]
wJwHU-GOPaXwtgRohbDG7w,33.653043499999995,-112.27469235,22,[33.634684,-112.3643087,33.671403,-112.185076],[307,212,43,11,120]
MUFRrkGkvXTDFjp2-d4ksg,33.683479,-111.966112,1,[33.683479,-111.966112,33.683479,-111.966112],[265,11]
L6IgejaepQd-xjlmBf4yVw,33.616418,-111.92631,120,[33.616418,-111.92631,33.616418,-111.92631],[265,126,97,11]
RhJTFyTUaneXSc_RTMSHTg,33.6613438,-111.9775852,3,[33.6613438,-111.9775852,33.6613438,-111.9775852],[49,66]
PhFLNKOHrrEqqt5mFq0y4A,33.624638,-111.930343,37,[33.624638,-111.930343,33.624638,-111.930343],[168,48,229,11]
DhrDFWCdDhkKmZDJn75muQ,33.448972100000006,-112.06610965,31,[33.448717,-112.0722653,33.4492272,-112.059954],[26,11,177]
a7XE03HTLqaWYUhewb6xJA,33.25539,-111.62019,2,[33.25539,-111.62019,33.25539,-111.62019],[7,162]
kvcb3L0MSdnvbYY-nkW-uw,33.3918283,-111.93844999999999,23,[33.3045866,-112.073781,33.47907,-111.803119],[99,11,43,126,97,168,48,63,27,7,365,119,89,38,212,39,40]
KIUoAnr6bCsJz3wSlb2woQ,33.4995837,-112.0833093,1,[33.4995837,-112.0833093,33.4995837,-112.0833093],[6,45]
0roEHbAbqXPL5B5RQomUgg,33.4605996,-112.0774753,2,[33.455863,-112.0827836,33.4653362,-112.072167],[38,39,40,88,298,11]
Iw5Nk3gtsoplSkgKiBK-1A,33.4504828,-112.0739897,2,[33.4504828,-112.0739897,33.4504828,-112.0739897],[28,17,29]
WtIL7qdTLnhonFfm5Jc9GA,33.4065733395384,-111.908111572266,1,[33.4065733395384,-111.908111572266,33.4065733395384,-111.908111572266],[63,48,140,11]
DxF96RjhsFP57uO0a4oSvw,33.67537065,-112.1238873,4,[33.6397311,-112.1334968,33.7110102,-112.1142778],[27,11,44,26,39]
vpK-k54Go6V6lxGadm8n5g,33.4787939,-111.9259092,8,[33.4787939,-111.9259092,33.4787939,-111.9259092],[251,11]
J72XoQspNBmPsX2iKl2YvA,33.556868215954054,-111.96123015,180,[33.2815660319081,-112.091886,33.8321704,-111.8305743],[208,130,6,32,35,109,38,265,39,11,322,57,56,69,470,145,28,17,29,168,251,7,137,8,139,48,229,99,36,26,77,76,63,33,44,127,247,40,18,174,54,195,65,108,206,71,72,119,34,24,47,27,258,396,45,98,4,403,121,79,62,37,182,442,241,87,345,282,264,141,434,103,185,212,43,259,260,64,9,10,361]
jv3OLWZotGJt3__ABfhBkg,33.423861099999996,-111.9361705,12,[33.360804,-112.012504,33.4869182,-111.859837],[39,119,26,38,11,229,24]
y3d4v0x-vD10hw-O0YKa1Q,33.47192285,-111.9001744573975,54,[33.3060217,-112.07643,33.637824,-111.723918914795],[38,140,39,40,48,11,28,442,241,7,108,49,368,36,182,24,17,29,63,247,224,33,99,163,12,13,6,22,142,156,26,27,285,185,57,327,56,145,186,206,439]
66ArGxlLyMgpajdY46ZsjQ,33.390792,-112.012504,4,[33.390792,-112.012504,33.390792,-112.012504],[109,38,48,39,11]
1fMcnCINQEVSxThUpKLxHQ,33.3187356,-111.8700905,18,[33.3028522,-111.8979254,33.334619,-111.8422556],[38,265,39,11,27,28,17,29,340,201]
-01H9S7YxFrhRgNdvxmaVQ,33.638272,-112.071404,2,[33.637072,-112.071469,33.639472,-112.071339],[224,41,11,38,128,39]
HMO_ykoP4FclgYZYnb-AuA,33.5294368,-111.9275797,3,[33.5294368,-111.9275797,33.5294368,-111.9275797],[7,36,8]
j04xnDbMcQHdIBWqbYxjGg,33.46469,-112.2797718,1,[33.46469,-112.2797718,33.46469,-112.2797718],[120,11]
ITBs8txD0Zu-YuxXCGqokA,33.516237950000004,-112.00501145000001,25,[33.3700084,-112.219969,33.6624675,-111.7900539],[7,247,26,11,33,142,120,49,146,182,48,140,316,149,97,6,284,35,27,161,65,168,63,20,243,34,23]
WZCE-uyNWgTb3Keg_NukXA,33.3570799,-111.85771865,13,[33.2486638,-112.081138,33.465496,-111.6342993],[28,17,29,112,6,151,33,11,12,114,13,115,265,99,7,292,48]
asdnyl6EQTZ83cxG0XVTVw,33.6244795,-111.8898236,1,[33.6244795,-111.8898236,33.6244795,-111.8898236],[371,54,195,238,65]
qNP_H5AMJjzNakLYUqfpLw,33.4671079,-111.9086211,1,[33.4671079,-111.9086211,33.4671079,-111.9086211],[33,48,11]
OEiokVqgAI1UUE_er_gpAQ,33.27658945,-111.8728141,3,[33.2475,-111.902866,33.3056789,-111.8427622],[7,292,142,48,11,224]
dLvGtAG5J2z8r5TqmOAWMw,33.3088284,-111.7425488,89,[33.3088284,-111.7425488,33.3088284,-111.7425488],[7,48,47,11]
ysV8DGKNTTC0LSACW8Q_7g,33.4300192726121,-111.93618795,182,[33.3370939,-111.9963126,33.5229446452242,-111.8760633],[206,11,7,162,49,50,52,142]
yUKpAlI6TGmTRI_MclC72A,33.6071829,-111.9403254,1,[33.6071829,-111.9403254,33.6071829,-111.9403254],[221,38,39,40]
_v0jAk50pZB9-grAwFpsIA,33.6281017,-111.8912231,4,[33.6281017,-111.8912231,33.6281017,-111.8912231],[88,38,39,298,11]
WDcCV1BRQ9jlxMNL2zjMbw,33.4247212,-111.9351556,1,[33.4247212,-111.9351556,33.4247212,-111.9351556],[149,229,11]
mmSdxUX0at2IZ3nntq71OA,33.633044,-111.928718,1,[33.633044,-111.928718,33.633044,-111.928718],[17]
f-DPP1cAfcXHDznfW9t0eg,33.5024095,-111.9955012,2,[33.5024095,-111.9955012,33.5024095,-111.9955012],[98,7]
4expbzCvfg4ZEWh8MOD9Cw,33.4994444,-111.9242412,24,[33.4994444,-111.9242412,33.4994444,-111.9242412],[38,145,57,205,39,40]
uB2lPuiKS0SjE2fcoYeSpg,33.25357758893415,-111.8508495,9,[33.2454981778683,-111.860733,33.261657,-111.840966],[27,11,7,26,161,65,251,43]
Vm3gOJgj0vm7LcPbCy81jg,33.40470766595405,-111.98233875,200,[33.2815660319081,-112.111358,33.5278493,-111.8533195],[88,298,39,38,11,40,119,99,13,6,115,372,61,331,44,7,292,48,57,145,258,28,17,29,340,126,30]
M6Ucln6dOd2cnDSTFyzd8w,33.46297465,-111.84961055,24,[33.3057308,-111.9320931,33.6202185,-111.767128],[39,26,127,11,49,178,63,27,224,97]
uVFwWD14kc3xRaU-Qn5hgg,33.513697188158,-112.07341192283,3,[33.513697188158,-112.07341192283,33.513697188158,-112.07341192283],[48,11]
H4Wim02K4dFoKf2T0FD11w,33.5277785,-111.9258643,31,[33.5277785,-111.9258643,33.5277785,-111.9258643],[26,11]
BmrHQgNFdN2IaoI5_OBF7Q,33.459830999999994,-111.96565015,4,[33.409735,-112.0740373,33.509927,-111.857263],[32,95,222,168,126,11,177,140,38,26,39]
naKm9d88OBk9HEgGAwU45w,33.3344463,-111.8463705,51,[33.3344463,-111.8463705,33.3344463,-111.8463705],[377,323,11]
ULI0iyDomJGDAvtTyLI89w,33.57525125,-112.0774406,63,[33.510317,-112.0872865,33.6401855,-112.0675947],[28,17,29,26,11,33]
ykfs-dapdxxFSm3x3u3UNw,33.378544,-111.791494,1,[33.378544,-111.791494,33.378544,-111.791494],[65,133]
D00nGHmO7fP8KjQv7q7PuQ,33.448009549999995,-111.953466,48,[33.403689,-111.981986,33.4923301,-111.924946],[7,292,38,48,39,11]
HRzIRVH98Q6zJ-PO3eAiQg,33.4277946,-111.9308489,5,[33.3550442,-112.072167,33.500545,-111.7895308],[185,11,33,38,48,39,212]
taUJBEeRxyPvak7Vq1LjnA,33.639896,-111.94439,31,[33.639896,-111.94439,33.639896,-111.94439],[340,210,11]
IpCH-jaFA-1YgCdi6YmnFg,33.53143235,-111.8588818,59,[33.3788771,-112.1161771,33.6839876,-111.6015865],[98,7,38,265,39,11,26,63,27,13,6,4,5,425,160,33,117,109,430,142,48,99,246,119,139,24,17,423]
2StELn-DCLrxfkwBCwIvEg,33.640488,-112.18688,3,[33.640488,-112.18688,33.640488,-112.18688],[33,44,117,11]
MJDp9ZQLJ5lmL5rkdYfdEw,33.4360415,-111.9956337,1,[33.4360415,-111.9956337,33.4360415,-111.9956337],[28,240,241]
QOr2VtUFGZXJTxhvH5VhXg,33.4360415,-111.9956337,2,[33.4360415,-111.9956337,33.4360415,-111.9956337],[28,240,241]
7zj7H4uLNBSD51xIKcYymQ,33.50975675,-112.02153530000001,2,[33.5094737,-112.0284299,33.5100398,-112.0146407],[7,108,33,38,39,11]
WQM56qAA1BauOkok4wesbQ,33.5599538,-112.0653058,2,[33.5599538,-112.0653058,33.5599538,-112.0653058],[26,11]
i1iAoUrknEc_FvPcQU6UzA,33.3850886,-111.8057844,1,[33.3850886,-111.8057844,33.3850886,-111.8057844],[168,11]
ATV6mBF1MIpOZCXrNZoKBA,33.5218465,-112.0648577,200,[33.5218465,-112.0648577,33.5218465,-112.0648577],[210,11]
hUNbt46h99EiodRXjeOKlw,33.4787943,-112.0478085,62,[33.4787943,-112.0478085,33.4787943,-112.0478085],[26,11]
xSk-xgUJfeato0Soe1S-_w,33.43475,-112.00644,13,[33.43475,-112.00644,33.43475,-112.00644],[28,170]
uQcl8Usm1cK9bQYbpXYdiQ,33.32135535,-111.8819798,8,[33.3056067,-111.9787576,33.337104,-111.785202],[88,38,99,39,11,63,27,7,36,119]
ObPaX2h34Abfu_R3rcgupQ,33.467641900000004,-112.00405705,75,[33.425077,-112.0272041,33.5102068,-111.98091],[48,11,28,17,29]
9sNNkO6sojotXUnaikslhg,33.54832795,-112.0023755,10,[33.421657,-112.0791022,33.6749989,-111.9256488],[182,48,140,11,192,7,108,39,119,38,126,43,224]
SocFqo24l2XfxV_zGXqR6A,33.4481859,-112.0731329,2,[33.4481859,-112.0731329,33.4481859,-112.0731329],[46,6]
m4XevEYldam7jBmRXSIdSA,33.413972900000005,-112.01479800000001,14,[33.317906,-112.065458,33.5100398,-111.964138],[27,11,48,63,33,38,39,26]
1gnFcHg01oJMTmO2VjZXhg,33.4019885,-111.908484,3,[33.305062,-111.928258,33.498915,-111.88871],[26,11,72,154]
p6Qb3E9PY5N8xgM2qEjIpA,33.383123,-111.964485,3,[33.383123,-111.964485,33.383123,-111.964485],[99,11]
HWVi5gk58dlZF_2gegoZHw,33.56919645,-111.95555435,185,[33.492335,-112.0146407,33.6460579,-111.896468],[38,99,39,40,11,28,17,18,29,48,33]
0cOI9_KEHf0QahoOkJ8ynA,33.487396000000004,-112.01458500000001,14,[33.319374,-112.153592,33.655418,-111.875578],[137,7,8,138,139,224,11,97,196,43,251]
zgINAxODrEcqvIfCR7cJgw,33.56647865,-112.16816714999999,9,[33.463308,-112.2618153,33.6696493,-112.074519],[126,97,11,38,99,181,39,48,182,109]
RY6ocH_WKWjTaKXNiY8opQ,33.58285045,-112.056262,200,[33.4960516,-112.18689,33.6696493,-111.925634],[7,8,119,11,265,168,108,17,62,63,38,39,40,161,28,65,29,126,97,48]
CxAB6U90CLLklwrltyIFkQ,33.3640435,-111.8774978,1,[33.3640435,-111.8774978,33.3640435,-111.8774978],[26,11]
UMUb0S9wItyUEyXnrwdS6w,33.6272364,-111.8956543,1,[33.6272364,-111.8956543,33.6272364,-111.8956543],[26,11]
JCvIm4Q2-wioAl5imO5Ktg,33.4483606,-111.9866864,34,[33.4483606,-111.9866864,33.4483606,-111.9866864],[28,17,29]
35_ZCjAbIHr_YyvVipmkLw,33.58271365,-112.00707585,98,[33.3317204,-112.2234146,33.8337069,-111.7907371],[265,11,338,382,206,168,169,26,98,7,119,24,307,38,39,352,48,292,99,43,251,212,229,210,126,63]
QJsXFb9f3B9gUsIb3fiXqQ,33.3356118,-111.826674,29,[33.3356118,-111.826674,33.3356118,-111.826674],[64,65]
OghdLPh8vPr_lgjNGmT9Zg,33.4356207,-112.0095457,200,[33.4356207,-112.0095457,33.4356207,-112.0095457],[212,11]
q1Edb5S5pfW_P9764znCMw,33.5168513,-112.0824552,1,[33.5168513,-112.0824552,33.5168513,-112.0824552],[26,11]
gEESkbVTj9E9xo96Wpl1tA,33.62477535,-111.92933465,21,[33.6247596,-111.9329381,33.6247911,-111.9257312],[28,17,29,11,63]
dIwIEVv6kiCWtGi5zweuRQ,33.6987337,-111.8899216,1,[33.6987337,-111.8899216,33.6987337,-111.8899216],[265,11]
hmJ42cfLq0KdwDFjjPPKLA,33.421909,-111.9506847,95,[33.421909,-111.9506847,33.421909,-111.9506847],[244,11]
QMtB_nKKh9Z6OEFHE6b8Kw,33.5224772041353,-111.92364154472949,8,[33.4214126082706,-111.942980289459,33.6235418,-111.9043028],[7,108,33,11,38,99,39,40,210,48,265,185]
dN42_xHBrdpgsN54CIV_HA,33.4252988,-111.90621569999999,3,[33.304861,-111.927065,33.5457366,-111.8853664],[7,224,11]
WyLBBvrmWEdRu1cHMizjGA,33.65058235,-112.2012481,2,[33.637161,-112.2027562,33.6640037,-112.19974],[10,44,24,11,265,126]
KbeD888T4VpMDykOJJ5oGw,33.507651100000004,-111.9736317,10,[33.499236,-112.029562,33.5160662,-111.9177014],[119,48,11,126]
RuqiNz-0IcIyLp2Q-Ryuuw,33.4493145,-112.0740474,200,[33.4493145,-112.0740474,33.4493145,-112.0740474],[224,11]
xY88njDzEdfaBP3GpfWZgA,33.3876436,-111.788226,14,[33.3876436,-111.788226,33.3876436,-111.788226],[99,11]
lNXA8m1iEF4jua6kBYsV0w,33.422728,-111.951494,31,[33.422728,-111.951494,33.422728,-111.951494],[88,38,39,89,11]
hR3x8L2AkKPYqf1zKGuyyA,33.378971,-111.8988215,200,[33.304138,-112.069375,33.453804,-111.728268],[41,239,11,99,48,57,69,27,28,170,106,54,280,43]
XlWv1MzdznOMckEWx97ZMw,33.4942423,-111.9264472,3,[33.4942423,-111.9264472,33.4942423,-111.9264472],[39,119,48,38,11]
8sVEE1a-t25pOsY6BY_Gew,33.36414785,-111.8915049,8,[33.3060217,-111.942514,33.422274,-111.8404958],[421,65,39,38,27,128,11,64,133,26]
twGopJ0nLakBqD77S_wJHQ,33.6406611,-112.0303627,1,[33.6406611,-112.0303627,33.6406611,-112.0303627],[96,72]
p2QZh-1usMG_xA_eexj2yA,33.373465,-111.971852,50,[33.373465,-111.971852,33.373465,-111.971852],[158,28]
_832qYLHSRYt5HTTop-Dyg,33.4382789,-112.0178286,3,[33.4382789,-112.0178286,33.4382789,-112.0178286],[32,90]
giGkOgn3xf6gXPa8ysHF9A,33.5024095,-111.9955012,1,[33.5024095,-111.9955012,33.5024095,-111.9955012],[27,11]
nu3BkujILDq0njf4jPkxxw,33.4517161,-112.0764371,1,[33.4517161,-112.0764371,33.4517161,-112.0764371],[26,11]
-kZV2wchIgpROYwPLWlF8A,33.4302515,-111.8858985,4,[33.427634,-111.899966,33.432869,-111.871831],[123,65,63,27,11]
Th6jWGAEeS0TKGaEmN_M8g,33.44820745,-112.0733175,43,[33.4471735,-112.073781,33.4492414,-112.072854],[28,17,29,38,39,40]
6OxqJJkLxwUCBF5xv5zfNw,33.5088652465793,-111.925004124641,2,[33.5088652465793,-111.925004124641,33.5088652465793,-111.925004124641],[11,63]
8KPSMy2nRlJLsnPkMzC_rg,33.6005624,-111.7163108,6,[33.6005624,-111.7163108,33.6005624,-111.7163108],[27,11]
HUIvjNdwRHthxFhLyadb0A,33.42054765,-111.90829504999999,32,[33.301668,-112.0272041,33.5394273,-111.789386],[119,99,11,26,224,127,185,373,97,104,65,105,369,7,139,6,225,250,108,48,63,27]
QT6vEIHFbwEZpYEugIzjsA,33.3587227,-111.74082005,4,[33.3317204,-111.7907371,33.385725,-111.690903],[99,11]
uzUrqmk5W_70IAjpwLJUwA,33.6369667,-111.9222616,1,[33.6369667,-111.9222616,33.6369667,-111.9222616],[63,27,307,11]
UEU5bc0_WUdx84zCeuhkPA,33.3459373,-111.9636701,5,[33.3459373,-111.9636701,33.3459373,-111.9636701],[38,39,293]
ugjiHgZK3i2VNyDDBZCuKg,33.539525499999996,-112.05280435,9,[33.439648,-112.180066,33.639403,-111.9255427],[338,382,206,11,38,48,39,126,99,221,40,265,97,63]
gW4ADXPJ5SXI0-CI12EtFg,33.5694594,-112.1093159,2,[33.5694594,-112.1093159,33.5694594,-112.1093159],[32,90]
cjet_q0srEzv82tAotvRAQ,33.4978182,-111.9253728,2,[33.4978182,-111.9253728,33.4978182,-111.9253728],[98,7,24,206,11]
Zrgu8CoCQPTN7b4xrhE9Yw,33.3370939,-111.8760633,3,[33.3370939,-111.8760633,33.3370939,-111.8760633],[251,11]
2zcbUYWR4dg08JwdqIZUzw,33.313774,-111.859677,2,[33.313774,-111.859677,33.313774,-111.859677],[26,11]
TSdV_fnsWw4suYBgC2GxyA,33.47858615,-112.35091270000001,3,[33.463798,-112.3579364,33.4933743,-112.343889],[84,86,26,11]
