rT_EzD-nBcW3mqiEImqiGw,33.6106343,-112.23018345,5,[33.610028,-112.2387233,33.6112406,-112.2216436],[43,11,10,24]
T7r2JcdxepNOE8uG_KisFA,33.39658115,-111.79014889999999,14,[33.3786853,-111.8231861,33.414477,-111.7571117],[98,7,168,144,11,48,120]
Vp_H1bWr3idwSafZlwqT1g,33.405637,-111.900732,22,[33.3783016,-111.925685,33.4329724,-111.875779],[7,9,10,11,43,373,97,196,126]
z4tCzlLOg8AeMvo25p8O2A,33.573164750000004,-112.09278739999999,5,[33.5062078,-112.1116606,33.6401217,-112.0739142],[168,181,229,11,218,41]
WdI4_pi0vjNWpfC2AtGFDQ,33.3057308,-111.8960397,1,[33.3057308,-111.8960397,33.3057308,-111.8960397],[97,11]
z-d4gv2El23wwnKWimJTZA,33.449233,-112.065458,200,[33.449233,-112.065458,33.449233,-112.065458],[27,11]
WJECcFpHcC1cKXg6DFqb_Q,33.2705201,-111.74302954999999,14,[33.0312852,-112.08407,33.509755,-111.4019891],[10,24,11,71,72,7,57,209,99,36,69,185,26,108,251]
e3-UPDYWueYC7FpZPlAIUA,33.52891405,-111.78825935,22,[33.381469,-111.9780802,33.6763591,-111.5984385],[294,106,54,295,41,43,11,57,27,39,145]
ffjeRUywJc8BiNZsKAf6kg,33.547936899999996,-111.9952256,5,[33.4719589,-112.0649208,33.6239149,-111.9255304],[63,27,11,48,251]
G2cyOjwKHPYY6njtxoymwg,33.4759801,-112.0107204,9,[33.45,-112.07,33.5019602,-111.9514408],[33,11,26]
BaOXpwXongCGCp7LYRujxw,33.560647,-111.95992000000001,5,[33.481618,-112.010743,33.639676,-111.909097],[49,80,82,59,224,11]
Ba9NE_4ELo9se7lA4GBSOQ,33.4938414,-111.9268138,200,[33.4938414,-111.9268138,33.4938414,-111.9268138],[27,11]
3u3A_E9IseQv-AatiUFcpQ,33.50592215,-112.0420978,2,[33.5044193,-112.0475633,33.507425,-112.0366323],[11,63,206]
wHuNShghOlL4qaH9m9RgPg,33.5939453,-111.98169395,4,[33.5092756,-112.0718179,33.678615,-111.89157],[38,11,99,128,39,43,48,182]
RLFRUTb4JSrdFE7mihzdqw,33.5876649,-111.8371425,113,[33.5876649,-111.8371425,33.5876649,-111.8371425],[7,142]
owuTuHTUlGhra1qpFlzGVQ,33.4356207,-112.0095457,6,[33.4356207,-112.0095457,33.4356207,-112.0095457],[212,11]
U837r8FQgPNsnwJ0Nccj0w,33.37844,-111.876416,2,[33.37844,-111.876416,33.37844,-111.876416],[251,11]
BjDtik9NxtA1FjXBXFOW_g,33.565472650000004,-111.96685615000001,9,[33.4948853,-112.0455993,33.63606,-111.888113],[11,63,26,44,24,10,185,33]
SA44R7VcvDhsCskHLKqamg,33.678615,-111.9746066,152,[33.678615,-111.9746066,33.678615,-111.9746066],[224,126,11,38,39]
xA57BEqYJSCYV1UsZexSjw,33.466967971322,-112.01004953764999,11,[33.421617342644,-112.0734239,33.5123186,-111.9466751753],[38,99,128,39,296,11,63,27,119]
fQIh1re1GszEhQft3HyOkw,33.60337151659655,-111.90611811616651,4,[33.5828297331931,-111.9251335,33.6239133,-111.887102732333],[6,345,84,346,23,459,119,99,11,141]
AhOgU_SRlmaQmNXRfoKnvw,33.528507149999996,-112.02134655,4,[33.4732683,-112.0649453,33.583746,-111.9777478],[74,27,11,7,33,142,24]
Om8uZWQi543SJe1wXI-yCg,33.6398085,-112.0959734,1,[33.6398085,-112.0959734,33.6398085,-112.0959734],[28,17,29]
bg_Ty0TUnKDPD_09rXd_OA,33.450106149999996,-112.14539465,3,[33.407975,-112.3802113,33.4922373,-111.910578],[11,483,7,162,108]
eWUrMEvt4Idph7Raaa_W1A,33.5515531,-111.9239788,11,[33.5515531,-111.9239788,33.5515531,-111.9239788],[168,265,11]
MtOMqR2pjK_zTdkBP6haFQ,33.64166505,-111.92036365,14,[33.637034,-111.9217796,33.6462961,-111.9189477],[26,11]
U0qjOmfTeNpUJO3luqMEKw,33.45766925,-111.93428295000001,3,[33.4211681,-111.942514,33.4941704,-111.9260519],[421,65,7,142]
_sMAbMc0ajVApMN3O-r7ZQ,33.4951403,-111.991453,200,[33.4951403,-111.991453,33.4951403,-111.991453],[26,11]
Y6s9M0Cuf2j4HFsocX0GRg,33.494463100000004,-111.97111749999999,18,[33.3892,-112.081655,33.5997262,-111.86058],[48,11,6,250,24,126,38,99,39,40,64,65,43]
Zq_YuMfMNcQdpxi-Wf9OXw,33.387505000000004,-111.8934171,12,[33.276004,-111.928076,33.499006,-111.8587582],[26,11,49,4,5,6,367,38,7,47,88,39,48,212,126,293,8,45,93,3,99]
x3X5libpmPJtkRLmSDuGwg,33.57521905,-112.1147922,8,[33.538748,-112.1648254,33.6116901,-112.064759],[99,26,11,251]
FKViOrC8nGcyUH8HNuBFgA,33.4324776,-111.92614574999999,14,[33.390889,-111.960264,33.4740662,-111.8920275],[7,187,139,38,47,88,39,48,11,157,103,162,117,10,109,36,404,451,201,24,251,98,292,63]
ICYC30UnwEF0KsKM_sA68Q,33.52796,-112.2641158,118,[33.52796,-112.2641158,33.52796,-112.2641158],[57,327]
TVL1e0NHhxAE6PpeXGfTOA,33.253636156257954,-111.67116755,35,[32.879968,-111.940346,33.6273043125159,-111.4019891],[126,212,11,63,119,99,377,7,142,292,65,133,137,8,139,109,38,27,39,24,57,209,69,48,13,6,21,22,88]
7eZ879DO6VdNHZtHSGWXRA,33.321061644794,-111.723918914795,6,[33.321061644794,-111.723918914795,33.321061644794,-111.723918914795],[99,11]
FaSqxoYLBbd1NITAQJN6hw,33.563144988542845,-111.945273090576,3,[33.5419669770857,-111.964073181152,33.584323,-111.926473],[7,36,163,12,13,6,22]
PRGphKqh6iUZrorI0NkBYg,33.4803159,-112.0805886,1,[33.4803159,-112.0805886,33.4803159,-112.0805886],[307,24,172,11]
sG3_fRCEROn0-9TzlawdlA,33.4891842,-111.97348125763,59,[33.2997534,-112.347038,33.678615,-111.59992451526],[48,11,26,244,39,38,99,128,182,172,7,142,292,247,119,57,327,465,145,27,84,24,33,47,36,373,322,475,126,109,63,162,212,97,8,232,108]
EwErnWwZjkLnZ_zHbBWBzQ,33.573816,-111.537675,9,[33.573816,-111.537675,33.573816,-111.537675],[49,305]
VwcyU7sYIAXjs2Lw-Alz4A,33.583044900000004,-112.1163686,73,[33.4874748,-112.2581306,33.678615,-111.9746066],[7,8,126,43,11,208,6,35,26,27,63,251,99,108,65,133,182,48,38,265,39,30,13,110,139,36,119,120,194,172,149,224]
bmWnWZyAhfU_AoMu5uO7Pg,33.6264142,-112.2026899,1,[33.6264142,-112.2026899,33.6264142,-112.2026899],[32,235]
bkC4Agy7KZiYLLGAp7wT0A,33.5932495,-112.02727845,6,[33.507884,-112.0799503,33.678615,-111.9746066],[97,11,33,99,117,44,127]
zSUKxLyZ47bVSyNgPLuEhQ,33.591458388767705,-112.06953485,16,[33.5302696775354,-112.253795,33.6526471,-111.8852747],[202,72,281,154,26,11,54,55,266,7,292,99,48,43,109,38,265,39]
KNnIvfklZwG5gdQduvVDMQ,33.524869116148395,-111.999600566084,8,[33.4806776,-112.1091081,33.5690606322968,-111.890093032168],[126,97,11,26,24,27,63]
FiyYtmTG-cKdDXEk-1WTSA,33.3774019,-111.908621,3,[33.3774019,-111.908621,33.3774019,-111.908621],[7,108]
y_tN8OtUYcUSnzfAfS2L4g,33.713107,-112.113011,1,[33.713107,-112.113011,33.713107,-112.113011],[182,48,140,11]
4xw2k2iAEGumGPYlvGlp5Q,33.47463395,-111.9801503,16,[33.33861,-112.232875,33.6106579,-111.7274256],[168,48,11,7,36,38,39,185,139,416,63,177,140,89,119,26,57,18,145,17,88]
LFX_ZoSJLvg3K_Q1rCiF9A,33.5248884,-112.07031325,6,[33.4743013,-112.075703,33.5754755,-112.0649235],[48,11,27,119,43]
ddusn0qejUfNEUqSWCDU_Q,33.597336049999996,-112.09685365,3,[33.4628011,-112.3408443,33.731871,-111.852863],[265,11,78,79,48]
2A1_Thu5gkicZkfltQCXWQ,33.6475165,-111.95045830000001,5,[33.616418,-111.9746066,33.678615,-111.92631],[265,126,97,11,119,99]
xAVu2pZ6nIvkdHh8vGs84Q,33.494657149999995,-111.7507937,87,[33.2763346,-112.1117351,33.7129797,-111.3898523],[7,8,6,45,38,11,99,128,39,457,30,13,168,26,109,265,285,185,63,36,115,307,212,43,48,42,27,47,9,10,49,66,57,327,102,103,127,272,4,5,160,14,15,141,345,137,139,229,425,33,44,142,62,17,292,80,51,59,162,208,130,32,35,200,52,138,12,22,279,54,84,147,119]
wcedjwgn-2WWH9-93IXk2w,33.5222185,-111.9595033,32,[33.5222185,-111.9595033,33.5222185,-111.9595033],[28,17,29]
4GOof_4GoJKxrTl1fCBVyQ,33.509775399999995,-112.06586365,3,[33.455863,-112.072167,33.5636878,-112.0595603],[212,11,32,203]
fwIXyM_7HFRfkVQMne79AA,33.485406,-112.0065635,64,[33.302973,-112.1825527,33.667839,-111.8305743],[41,11,400,27,33,7,313,99,120,139,24,88,38,39,298,98,26,48,49,469,80,59,10,63,322,57,56,185,44,108,404,119,225,265,25,6,373,97,182,172,192,128,169,145,17,18,212,361]
8utfQTfDHIIX1LE6Jm2oeA,33.394033,-111.7191608,1,[33.394033,-111.7191608,33.394033,-111.7191608],[177,140,11]
t17m7FAWCpyDAYcymL7YyA,33.4797411,-112.0610423,3,[33.450047,-112.075677,33.5094352,-112.0464076],[105,65,54,55,122,256]
lnYzcBQwUtB5_fJWuhoQug,33.425617,-111.939805,5,[33.425617,-111.939805,33.425617,-111.939805],[7,162]
ANwYIxskEU0iN1nBeCA9Kg,33.439648,-112.026154,1,[33.439648,-112.026154,33.439648,-112.026154],[99,48,11]
FjH5q9dG9T-99FzdEliiYA,33.384398,-111.858873,1,[33.384398,-111.858873,33.384398,-111.858873],[49,319,80,59]
zbJ7gfUWPzPipihuWDlNng,33.5098399,-111.986211,3,[33.5098399,-111.986211,33.5098399,-111.986211],[93,3,94,32,95]
itPBqTXgy4FIGjnbAdgMaQ,33.4311997,-111.9743165,7,[33.413158,-112.072854,33.4492414,-111.875779],[38,39,40,224,11]
q-lUEI7HVAkabL-QuzrsPw,33.6404484,-112.0677151,2,[33.6404484,-112.0677151,33.6404484,-112.0677151],[43,11]
WW0t29WCOlgjXWL6uI81NA,33.844328,-112.133957,3,[33.844328,-112.133957,33.844328,-112.133957],[26,11]
N7tKaJ08z5TN2sRs_Ul11Q,33.500538750000004,-111.9753469,116,[33.3640435,-112.073196,33.637034,-111.8774978],[26,11,28,17,29,38,140,39,40,48,27,98,7]
ChPBfL5cRIvgZYjYNz2WLA,33.438178199999996,-111.90849885,9,[33.3661496,-112.0272041,33.5102068,-111.7897936],[26,11,177,119,99,48,168]
ErU6nQCYgttQv259O2EdmA,33.3504747179125,-111.81684195,10,[33.307983735825,-111.8969659,33.3929657,-111.736718],[106,54,126,11,55,122,255,266]
tvcjS4O5sXzsyvM4-TNLYw,33.40886265,-111.95222369999999,5,[33.3931628,-111.996389,33.4245625,-111.9080584],[192,11,6,87,127,224]
nSO_v25XLVwuo1J44Nbkng,33.3805696,-111.7888113,106,[33.3805696,-111.7888113,33.3805696,-111.7888113],[38,99,128,39,296,11]
AdffTKlX1TFP0fkmt589vA,33.798073,-111.926458,1,[33.798073,-111.926458,33.798073,-111.926458],[26,11]
hL4vF87o5XiTj1ZJOQ_2QQ,33.5989356,-111.9814645,2,[33.5989356,-111.9814645,33.5989356,-111.9814645],[41,11]
np8Cl5ZJDgxsuURXQjOHYg,33.5100398,-112.0146407,12,[33.5100398,-112.0146407,33.5100398,-112.0146407],[33,38,39,11]
NN9t8Ycp_EiG8Uf9EqqWaQ,33.38605765,-111.9003816,91,[33.306529,-111.9279622,33.4655863,-111.872801],[38,7,47,88,39,48,11,24,27,99]
FHJUj7EHB9nB2czVOzQX3Q,33.4120595011645,-111.77784249999999,167,[33.2174671,-112.074714,33.606651902329,-111.480971],[57,99,91,11,63,212,26,43,137,7,139,108,65,133,48,206,13,6,4,5,425,160,27,39,145,119,15,25,38,49,387,88,298,97,193,59,192,292,309,285,117,142,8,138,52,36,182,172,205,322,28,190,56,251,270,33,149,140,24,129,79,40,126,247,224,351,46,98,168,156,10,265,442,241,191,9,321,204,185,30]
FTdERuaPutEd5QEJ0W61jw,33.4920033,-111.9258022,23,[33.4920033,-111.9258022,33.4920033,-111.9258022],[126,97,11]
QkYAXlYVm2AtdP9eFP6_Cw,33.327431849999996,-111.97024655,4,[33.3059862,-112.0538431,33.3488775,-111.88665],[7,142,108,10,9,11]
cXK4sQXa_DNCebmdSfpSOg,33.348763010086,-111.9443510501,15,[33.348763010086,-111.9443510501,33.348763010086,-111.9443510501],[119,62,24,17,11]
1LGGCsEF3jYXMKcgRObZJA,33.2844456,-111.79976694999999,60,[33.2486638,-111.9652346,33.3202274,-111.6342993],[7,137,8,139,11,63,26]
uFppZrbeNm7jHjbToYzsBg,33.4421941,-112.3241415,12,[33.4340612,-112.342703,33.450327,-112.30558],[183,65,7,108]
wTvgBcN-8uhhonmnYfIJTg,33.4643735,-111.9275459,1,[33.4643735,-111.9275459,33.4643735,-111.9275459],[149,11]
LQykKcNQm98i5Z6T494F4w,33.6456173332673,-111.917118430138,133,[33.6456173332673,-111.917118430138,33.6456173332673,-111.917118430138],[161,195,65]
obm8pDOUjBLWK1WQZ9IBHw,33.56152625,-112.0680611,7,[33.4608045,-112.1883568,33.662248,-111.9477654],[64,104,133,65,57,470,145,39,26,11]
kv2RbtF09MZtAfOCSsk2NQ,33.64142535,-111.9976868,6,[33.4495394,-112.0656645,33.8333113,-111.9297091],[48,11,7,449,97,38,39,40,108]
eOc7uEbXOOzYzDyiBVKpLQ,33.4922985,-111.9245517,33,[33.4922985,-111.9245517,33.4922985,-111.9245517],[210,11]
raMPJ-B_sYOi8dcmPYBVpA,33.5823384,-111.6801411,21,[33.5823384,-111.6801411,33.5823384,-111.6801411],[28,17,18,29]
x9Lbhu0eR8_4ZddXw1mDig,33.4074496,-111.9249272,2,[33.4074496,-111.9249272,33.4074496,-111.9249272],[99,48,296,11]
bKA-9oCHEzAcrWJn_uy1Hg,33.42183,-111.960264,1,[33.42183,-111.960264,33.42183,-111.960264],[7,162]
KucBnMrhalzxnD9AWrxwYQ,33.452131903793,-111.927242975485,200,[33.220784807586,-112.2712148,33.683479,-111.58327115097],[126,11,38,7,47,88,39,48,49,50,406,52,26,13,6,272,4,5,160,33,99,44,109,322,57,146,10,24,43,417,80,59,36,69,229,108,177,140,212,265,97,119,63,206,142,185,128,341,200,45,28,17,29,224,117,27,231,251,98,127,40,190,182,208,35,76,8,137,139,170,368,292,30,96,72,71,73,14,15,9]
T9ddCu2Hf6Z2R8wMj0u33g,33.6251838,-111.9255108,2,[33.6251838,-111.9255108,33.6251838,-111.9255108],[168,265,11]
cNp9OmX8uXCl9YTZjw3nBA,33.507962,-112.028682,5,[33.507962,-112.028682,33.507962,-112.028682],[95,374,32,164]
zLIV35n1gZ4fg6cGSRqNIA,33.563578500000006,-111.994657,200,[33.395099,-112.236293,33.732058,-111.753021],[210,11,38,99,33,39,128,265,126,97,322,28,57,190,43,7,108,212,27,63,24,119,48,26,127,229,313,117,185,251,206,224,292,169,205,177,140,13,6,115,372,40,168,109]
ygNXlxaKNFuhbk7M0nX8aw,33.4471783,-112.0744503,1,[33.4471783,-112.0744503,33.4471783,-112.0744503],[57,145,38,39,48,11]
W4pFnT-pg6L2hiwuykMrjw,33.52718,-112.21635649999999,17,[33.517631,-112.264529,33.536729,-112.168184],[120,11,26]
BU2WhfPVA9O3-xg2PXriRw,33.595889299999996,-112.0066885,6,[33.4787939,-112.1114555,33.7129847,-111.9019215],[27,11,7,36,8,6,200,309,119,285,33,44]
4ti1WS6vj71fK2PUWMc7iQ,33.495938499999994,-111.92581925,14,[33.492962,-111.929331,33.498915,-111.9223075],[64,65,38,126,39,11,26,224]
mu6AXWXmUiE2FVw_pYxHdA,33.5944331,-112.0243019,2,[33.5102512,-112.0739972,33.678615,-111.9746066],[7,99,47,11,24]
Ny5onObkIjr5sWucUo1JAg,33.579585,-112.01248,1,[33.579585,-112.01248,33.579585,-112.01248],[261,54,55]
9xgwk-4c9JA66moxMk0AMw,33.56871285,-112.0284703,16,[33.4969773,-112.1310283,33.6404484,-111.9259123],[33,11,182,99,101,38,26,39,7,194,265,27,127,63]
U6zprHF6-DDWE6LIxSs9rg,33.431109,-111.858394,18,[33.362719,-111.927402,33.499499,-111.789386],[89,11,48,224]
GPZVbCrQfpKPaphFR2u3VQ,33.4225411,-111.9041782,1,[33.4225411,-111.9041782,33.4225411,-111.9041782],[7,47]
om64hB61Q9M8z98qJK9tfQ,33.49243345,-111.92605085,24,[33.331044,-112.0608177,33.6538229,-111.791284],[6,35,212,43,11,156,38,39,40,128,12,114,13,27,84,147,57,327,126,97,63,7,36,345,346,23,459]
3Ibl0tvCENCtwyRkB37QFg,33.4642975,-111.99854415,39,[33.422948,-112.0736613,33.505647,-111.923427],[26,11,14,15,6,7,24,47,27,145,57,17,18,39,74]
u8HnQj81_Z59WucnL1OSeQ,33.50201,-111.9313599,1,[33.50201,-111.9313599,33.50201,-111.9313599],[265,11]
GL_OQoXsHZEeiz3PpdOXEw,33.513985149999996,-111.92445255000001,62,[33.4994194,-111.9258733,33.5285509,-111.9230318],[251,224,212,43,11,104,105,65]
Ir5ziSTO_GH4t2HWg7LTyg,33.32869015,-111.84182895000001,10,[33.2333299,-111.9400717,33.4240504,-111.7435862],[33,38,39,11,26,71,72,297,65,133,27]
7BWfsf269YdZuDg_LoJIbQ,33.39221215,-111.93274944999999,2,[33.369969,-111.944758,33.4144553,-111.9207409],[49,193,59,119,48,44,11]
dPH66kxUinlSmQfHCk4PNQ,33.4511467,-111.9810186,4,[33.4511467,-111.9810186,33.4511467,-111.9810186],[26,11]
m5px5l86OfX_bibsMT4P7w,33.32835650329589,-111.80420649999999,9,[33.2353630065918,-111.924806,33.42135,-111.683607],[7,142,27,11,219,218,41,99,265,185,38,128,39]
bsFiB48lSclmpm2q8sdeZQ,33.581154,-111.927268,1,[33.581154,-111.927268,33.581154,-111.927268],[6,21]
OEXCQTfbA4KsU6xUygUOAw,33.6404484,-112.0677151,1,[33.6404484,-112.0677151,33.6404484,-112.0677151],[43,11]
D0XIF-YxkuaqY-SpOqRBYg,33.6272906,-111.8548219,1,[33.6272906,-111.8548219,33.6272906,-111.8548219],[48,11]
OGGve-OPcqXMhNcBZ90YUA,33.54592905,-111.90469595,144,[33.5083781,-111.9258659,33.58348,-111.883526],[7,142,161,28,65,17,29]
NFMHhFfiF1jVgZGCjGdYcg,33.5024987,-111.9258947,5,[33.5024987,-111.9258947,33.5024987,-111.9258947],[7,292]
EGqWEeWU6PT91kwfQ1vYug,33.461326299999996,-112.05492674999999,56,[33.4548476,-112.0800705,33.467805,-112.029783],[26,11,7,108,63,27,24]
kPcf3c3JzkkyeLaOfSmC0w,33.6235418,-111.9255447,1,[33.6235418,-111.9255447,33.6235418,-111.9255447],[33,11]
dMNUiwdJLbiEJ8MaLgDNEw,33.6128816,-111.9778065,3,[33.6128816,-111.9778065,33.6128816,-111.9778065],[43,11]
slX6Z5OjTjZM0XHUyAUJrw,33.455863,-112.072167,2,[33.455863,-112.072167,33.455863,-112.072167],[212,11]
lPJEre9nzvkQz8CVcVpZVA,33.518898199999995,-111.99790165,6,[33.4537841,-112.0734116,33.5840123,-111.9223917],[322,57,56,28,17,29,49,368,182,48,140,11,38,39,40]
yyKWtBoYjeZjq9OS0YgGQg,33.49112,-112.079081,3,[33.49112,-112.079081,33.49112,-112.079081],[28,17,29,26,11]
ZvqmltZHjBB07PRfkA8_MQ,33.47219785,-112.02616755,3,[33.4493777,-112.0764371,33.495018,-111.975898],[7,47,48,11,88,38,39,89,57,145]
z4XarnXjHVKrjFiBJuH0jg,33.615544,-111.954623,12,[33.615544,-111.954623,33.615544,-111.954623],[12,163,13,6,22]
HAKSNwGh1vzcDY5nqEELNw,33.48914895,-111.92690010000001,31,[33.4787939,-111.927891,33.499504,-111.9259092],[48,24,11,352,251]
uJK4qzE25rGGSFUYU-4k4Q,33.4860023,-111.9264164,1,[33.4860023,-111.9264164,33.4860023,-111.9264164],[33,119,11]
LTuro4nDkSMw2mAfQZmKWA,33.46410465,-112.10406635,5,[33.304492,-112.4183429,33.6237173,-111.7897898],[212,26,43,11,7,108,48,24]
u3npLnfx16SxekOltWCZ_Q,33.48257387773195,-111.9317613126305,2,[33.4259681,-111.939852,33.5391796554639,-111.923670625261],[26,11,98,7]
q06LpedinooF2r2GqiQOrA,33.55885415,-112.1570936,47,[33.4483771,-112.388282,33.6693312,-111.9259052],[127,11,63,26,7,27,48,47,43,404,182,140,99,33,28,170,120,109,38,39,307]
7EJtGl9qfAmCGw2wVAkAow,33.4360201,-112.0270114,1,[33.4360201,-112.0270114,33.4360201,-112.0270114],[28,240,241]
Ak-1d41OjOHuq3m2cAPnCg,33.550026849999995,-112.09460675,4,[33.5217806,-112.1248343,33.5782731,-112.0643792],[96,72,49,58,59]
kZIpPMMVFFyA9_VEg94rHg,33.3202274,-111.8933909,7,[33.3202274,-111.8933909,33.3202274,-111.8933909],[7,137,8,139]
SRB_jOmPuJP6ItkXxvfNeA,33.587122088596,-111.83632234045,2,[33.587122088596,-111.83632234045,33.587122088596,-111.83632234045],[223,11]
y09Zhjx7671gvyPqHdAJ5w,33.171757,-111.99911745,37,[32.879237,-112.269802,33.464277,-111.7284329],[26,11,119,120,57,69,43,168,63,309,285,97,7,142,27]
ZILeP_g7mpDmeAtcK9dNVw,33.5874955,-111.8390112,2,[33.5874955,-111.8390112,33.5874955,-111.8390112],[11,63]
8UPHl27DvikJzTh61qjHVQ,33.56876825,-112.10350869999999,14,[33.497437,-112.1709674,33.6400995,-112.03605],[26,11,99,120,10,119,7,108,39,38,27,128,15,6,191]
L1t8vsdZp2q8JQ5MO6eC0w,33.60419400000001,-111.99648525,10,[33.567556,-112.1539593,33.640832,-111.8390112],[11,63,48,33,117,24,108,7,119,38,109,39,126,97]
0ZG5B5nq7jZgy3xv1c9KIg,33.731871,-111.852863,3,[33.731871,-111.852863,33.731871,-111.852863],[48,11]
Wn47EMhtvJQZTsfvvcnkJg,33.405525719285706,-111.93183305,33,[33.304861,-111.99506,33.5061904385714,-111.8686061],[104,6,204,65,48,11,373,97,177,26,7,292,182,218,27,224,244,43,126,33,307,212,24,127,108,119,172,140,38,101,39,128,99]
Xf8VT0qPp22C7_KU0qov9g,33.587949050000006,-111.9335308,11,[33.5022311,-111.9778065,33.673667,-111.8892551],[17,62,126,97,307,11,43]
FuwmPHP73sNdoIyf0_d6Zg,33.37664695,-111.97721135,14,[33.2762703,-112.0791022,33.4770236,-111.8753205],[109,38,48,39,11,99,33,119]
O_0LreTWpHZcdgnL_K0Veg,33.5424555,-112.0792909,3,[33.445974,-112.3553813,33.638937,-111.8032005],[126,97,11,235,328,32,90]
UVBsfLooSlDcsIi9AiiAqQ,33.4826496,-112.0628947,174,[33.449233,-112.0962274,33.5160662,-112.029562],[251,11,99,27,63,24,7,108]
Xa_2gGbzR7dWGfm5XH41Aw,33.4949925,-111.9901777,3,[33.4949925,-111.9901777,33.4949925,-111.9901777],[38,48,39,40,11]
_SW59zNhxSmmOBnIx0J4FQ,33.3089310552666,-111.741106510162,1,[33.3089310552666,-111.741106510162,33.3089310552666,-111.741106510162],[14,15,141,345,6]
BzuoAf8g_AWdjbnWDrNn4g,33.7019056,-111.9252766,2,[33.7019056,-111.9252766,33.7019056,-111.9252766],[37,32]
k76kzMRJ3XsH7NxBKTL6KA,33.537551199999996,-111.99849805,7,[33.4514309,-112.0718179,33.6236715,-111.9251782],[38,48,39,40,11,63,27]
5VbPKvmw0ZLhePOC5wBwlQ,33.5413279,-111.92266155,29,[33.501821,-111.9268582,33.5808348,-111.9184649],[33,48,307,11,28,158,17,29,265,185]
FUBl1sVfdrT2My6dFk0A4g,33.4211681,-111.942514,2,[33.4211681,-111.942514,33.4211681,-111.942514],[421,65]
0CJtZL8wxKoaznBSdW-G9w,33.2664769,-111.9918702,22,[33.2664769,-111.9918702,33.2664769,-111.9918702],[48,11]
4jenBUocgdyTEvyZBloUSw,33.3793484,-111.7225261,6,[33.3793484,-111.7225261,33.3793484,-111.7225261],[26,11]
slBhRBWNIb4mjcLy8LLkLQ,33.54411935,-111.9851352,27,[33.4552907,-112.0503324,33.632948,-111.919938],[119,11,48,206,39,38,26,128,43,265,185,168,98,7,24]
oqyUoKklAxukOXmz3v0IWQ,33.321061644794,-111.723918914795,6,[33.321061644794,-111.723918914795,33.321061644794,-111.723918914795],[99,11]
XW5D8NXlE6cqolE2MfDziQ,33.639241,-111.881719,7,[33.639241,-111.881719,33.639241,-111.881719],[119,11]
dGFxxpm2_gUd8HWTUcDHeA,33.479168593415,-112.059639849353,10,[33.37797828683,-112.18266248703,33.5803589,-111.936617211676],[54,55,122,41,42,43,11,26,181,49,80,82,59]
t1UX7a3RDZ9UPohQNnX6qA,33.3260297,-111.8747445,4,[33.3260297,-111.8747445,33.3260297,-111.8747445],[32,235]
xF_7bcc3AI1KkLSjBgw-EA,33.5211084,-112.01294329999999,20,[33.4542695,-112.1164668,33.5879473,-111.9094198],[168,11,169]
mA64E3Ei2rPfGTjt1biMRQ,33.44404084999999,-111.8160647,4,[33.3773856,-111.996292,33.5106961,-111.6358374],[352,11,224,109,38,39,63,7,108]
1f9X5FR-WYDuD-x-W5XlQg,33.428269,-112.015835,186,[33.406538,-112.07,33.45,-111.96167],[26,11,28,17,29]
Gx9-QZYX7_bgv5NbSLBVGw,33.530777799999996,-111.96259470000001,2,[33.3783296,-112.092802,33.683226,-111.8323874],[7,9,10,11,39,38,128]
Sp3-I-pYOVYUdTqWmyNrcA,33.432698200000004,-111.95858228360001,16,[33.331773,-111.978279,33.5336234,-111.9388855672],[26,11,65,133,352,109,38,39,49,80,82,59,126,161,28,17,29,27]
63_tBBdGRgeJFQ2T_CHfPg,33.501821,-111.919938,7,[33.501821,-111.919938,33.501821,-111.919938],[265,185,11]
n32rXCoysXK4TG_hGeUH1Q,33.5808348,-111.9268582,1,[33.5808348,-111.9268582,33.5808348,-111.9268582],[33,48,307,11]
xBGn8_HUP1ohFaF-EJyY7A,33.426351,-111.940137,6,[33.426351,-111.940137,33.426351,-111.940137],[38,99,39,11]
oUv70CeyjachJ7yKmX8UwA,33.6253241,-111.9403451,1,[33.6253241,-111.9403451,33.6253241,-111.9403451],[119,120,11]
EOpcJ25dLCt8YGJ95ENzSA,33.4751155,-111.946629317456,16,[33.4230344,-112.0272041,33.5271966,-111.866054534912],[352,48,11,99,26,126,97,210,119]
GqAl2XUMQzsxm3B3_gRYVg,33.40917,-111.924203,14,[33.392629,-111.94047,33.425711,-111.907936],[33,117,48,11,44,182,140,7,8,265,142,38,47,39,128]
YeK95nGGvYsssVHzcWpmkA,33.66850158886215,-112.1871693,105,[33.4720905777243,-112.4479293,33.8649126,-111.9264093],[81,65,54,220,17,18,224,11,126,97,7,313,182,48,140,27,43,30,13,6,12,57,69,99,142,133,119,24,33,38,39,98,104,204,44,71,72,106,295,105,369,280,212,361,10,9,120,293,236,103,41,274,177,64,138,8,139,123]
rMxNOtUEwCRe37nSjcrM_Q,33.31081,-111.772012,6,[33.31081,-111.772012,33.31081,-111.772012],[255,54,55,266]
jEYQNYkoZGS7foGUUyfCwg,33.48390235,-111.9666519,101,[33.4218047,-112.0047498,33.546,-111.928554],[33,119,99,11,161,28,65,17,29,26,127]
F3bqDHzEovQvcXT0AO59TQ,33.4483771,-112.0740373,13,[33.4483771,-112.0740373,33.4483771,-112.0740373],[26,11]
eaSxV9OcbiY_h38jrnqrjw,33.413158,-111.875779,44,[33.413158,-111.875779,33.413158,-111.875779],[43,11]
tmfUKrDVjatsBStnpMV04g,33.39238,-111.944662,2,[33.39238,-111.944662,33.39238,-111.944662],[71,72]
8_Xm0aHmZkwTT1jkQIORyg,33.5466082,-111.8906861,1,[33.5466082,-111.8906861,33.5466082,-111.8906861],[333]
xGa5tVUwGk5cy6YUZG0wbA,33.52679725,-111.9319606,106,[33.426368,-111.96828,33.6272265,-111.8956412],[7,47,48,11,38,26,39,119,99,88,298,127,28,17,18,29]
tI5iYnvKgfmAWn2dbozMTg,33.6239817,-112.4159659,1,[33.6239817,-112.4159659,33.6239817,-112.4159659],[43,11]
zlH350tt9rRDZdWP4Y6y3g,33.498028,-111.927951,18,[33.498028,-111.927951,33.498028,-111.927951],[352,48,11]
8Q43lsvbnZATxyGyijm6Eg,33.444799,-112.066662,62,[33.444799,-112.066662,33.444799,-112.066662],[57,327]
-EwkFjCJoWbDVXNlez4LzA,33.47090730461535,-111.94676633281401,9,[33.4326053092307,-111.9885861,33.5092093,-111.904946565628],[7,108,292,24,11]
EF6k8DliN5bzhLuL5JrL1A,33.4360415,-111.9956337,200,[33.4360415,-111.9956337,33.4360415,-111.9956337],[28,240,241]
CcbyMkiKbGTO8Fz1bcAaVA,33.4941704,-111.9260519,7,[33.4941704,-111.9260519,33.4941704,-111.9260519],[33,11]
Wr0fanYz3tIf9MOfVUUdug,33.4135276,-112.0088419,21,[33.4135276,-112.0088419,33.4135276,-112.0088419],[28,17,29]
dkAFQ6SGtbam0Ci4_54b3g,33.319219,-111.8592813,2,[33.319219,-111.8592813,33.319219,-111.8592813],[224,11]
E61vO3VpH2lwOHHLSwMOZA,33.4925020001075,-111.924118995667,11,[33.4925020001075,-111.924118995667,33.4925020001075,-111.924118995667],[119,99,11]
u8PAd8MAZYAPasKd_cB17g,33.4346646089965,-111.994210481644,3,[33.4346646089965,-111.994210481644,33.4346646089965,-111.994210481644],[48,11]
Yy0xc7pWnQkktBI8-zTYfw,33.466182599999996,-112.04199539999999,14,[33.2614572,-112.200966,33.670908,-111.8830248],[38,140,39,40,48,11,33,119,99,440,260,63,27,7,142,109,26]
hOqWZLszK9GTP5SYBDKV4g,33.656781800000005,-112.03767305,11,[33.5993116,-112.095326,33.714252,-111.9800201],[112,6,248,33,44,11]
vYIZMcpFFbMa157wzWbBcA,33.5273591,-112.1725527,47,[33.4150348,-112.426633,33.6396834,-111.9184724],[168,11,8,6,116,45,7,113,126,97,98,194,212,182,48,140,33,27,43,120,10,60,77,35,70,76,30,13,38,145,57,205,39,40,36]
L7Ya3b1V59fDz82HCTc_gQ,33.52278885,-112.07373155,14,[33.4942363,-112.116989,33.5513414,-112.0304741],[474,219,11,27,296]
Xvw4kRnBNvOT4ZrpJHKifA,33.2868081,-111.8443258073975,14,[33.2333299,-111.9647327,33.3402863,-111.723918914795],[7,142,177,11,33,49,80,82,59,99,6,118]
kX9aY1CTjhxGBZCbUwH_LA,33.4216092,-111.9429427,15,[33.4216092,-111.9429427,33.4216092,-111.9429427],[26,11]
wqYODiWap4X_2piZkuFvSw,33.4673017,-112.0734116,57,[33.4673017,-112.0734116,33.4673017,-112.0734116],[322,57]
nY4GuH4FVUrJDoZ2tjdfkA,33.4506566,-111.8444543,16,[33.306407,-111.976715,33.5949062,-111.7121936],[49,81,54,82,59,7,8,71,72]
2CvrmfjDq7yhbNTJTbWa-w,33.3941184,-111.9091208,12,[33.3941184,-111.9091208,33.3941184,-111.9091208],[212,361,11]
ST-pgG7BsmULkIyqcah6zA,33.36108365,-111.82829190000001,200,[33.3078223,-111.913031,33.414345,-111.7435528],[13,6,21,22,149,11,192]
5T9sj2cjsXQsPy4phfsFrA,33.5093787,-111.98585575,93,[33.49447,-112.0474855,33.5242874,-111.924226],[99,127,11,38,143,39,205,28,17,29,182]
Eu8QionekpdN7UmALYpHvQ,33.47602905,-112.0226981,6,[33.3216034,-112.1215834,33.6304547,-111.9238128],[49,312,57,504,91,7,33,142,11,48,126]
KbBG5j5MXQdP4sxJCNX5Pg,33.3057949,-111.9677833,2,[33.3057949,-111.9677833,33.3057949,-111.9677833],[99,185,11]
FNazlCpcK3stSaJQzVIt3A,33.4229468,-111.9283102,12,[33.4218851,-111.9401874,33.4240085,-111.916433],[38,99,39,11,49,80,59]
3zKEbqfFPod7pfDIMC6MMA,33.4677803,-111.9595937,7,[33.4402837,-111.9884173,33.4952769,-111.9307701],[182,48,140,11,49,52]
T3PTJsmx2QhIwlz4olTrTA,33.3779891872164,-111.689758300781,3,[33.3779891872164,-111.689758300781,33.3779891872164,-111.689758300781],[224,11]
R9mg8I9iILPA5upD23Zu1g,33.45,-112.07,22,[33.45,-112.07,33.45,-112.07],[48,11]
gkVYHDM0f13eG6OU3eFqWQ,33.4998215,-111.9272226,2,[33.4998215,-111.9272226,33.4998215,-111.9272226],[49,320,321,193,59]
2LCrT_BOJvGV4xi_lmoRcA,33.499916999999996,-111.9665771,100,[33.378216,-112.0893682,33.621618,-111.843786],[26,11,7,108,333,36,201,48,188,23,28,17,29,5,6,4,12,13,22,292,232,33,119,99,120,210,8,247,442,241,57,69,38,40,39,1,263,265,185,177,140,63,27,24,49,52,43,14,15,51,114,163,470,145,206,182,142,64,61,65,193,80,59,98,133,79,121,129,195,88,89,212,306,77,35,173,112]
-9ClFDYWET4dt0O22NHTIw,33.58817245,-111.95047085,7,[33.4977299,-111.9746066,33.678615,-111.9263351],[38,99,33,39,128,11,26,48,40]
-oxYFP2H_rOiqHzjzoGJIg,33.491645,-112.073196,34,[33.491645,-112.073196,33.491645,-112.073196],[38,140,39,40,48,11]
B_fhPTS7nA3bd936NPKqOw,33.8337069,-111.936832,21,[33.8337069,-111.936832,33.8337069,-111.936832],[168,265,307,11]
hZQcmKi9VW9GN4fzyNc9gA,33.5572121,-112.2559789,2,[33.5572121,-112.2559789,33.5572121,-112.2559789],[49,80,59]
0XieZs_Z5YIwuQYq45tyvA,33.4480318,-112.0115601,1,[33.4480318,-112.0115601,33.4480318,-112.0115601],[32,203,90]
OkAhTiqIOsM-OUIyubWyJQ,33.484487,-112.07643,2,[33.484487,-112.07643,33.484487,-112.07643],[224,11]
D3eTHUybAfcW3Rv42hL8lw,33.59467135,-111.9991623,8,[33.5058637,-112.0322126,33.683479,-111.966112],[28,17,29,161,65]
7MN4_lEG5yVFTaEHSfJMVg,33.5025941,-111.9296765,1,[33.5025941,-111.9296765,33.5025941,-111.9296765],[127,11]
Awe6WxeJSM1UT98rjmtWKw,33.3642292,-111.84186159999999,10,[33.3021074,-111.940137,33.426351,-111.7435862],[224,11,38,99,39,27]
J3I2NClEbD1Xr8lOdjxlqQ,33.601530600000004,-112.2390145,189,[33.3406452,-112.613772,33.862416,-111.864257],[11,63,7,36,8,142,4,6,100,425,106,54,99,108,38,39,49,304,387,26,210,162,119,17,18,77,35,76,10,72,154,24,127,66,52,44,33,27,48,128,296,32,203,373,195,65,88,43,247,201,13,5,160,406,248,126,98,9,74,192,265,89,47,396,28,29,46,21,200,175,129,79,121,96,117,97,333]
GI0un3YLQUsku6GASWpWpw,33.403007,-111.795856,2,[33.403007,-111.795856,33.403007,-111.795856],[37,32]
mTx0GhWWV6NOAd_crYJw8w,33.681850049999994,-112.06618875000001,18,[33.6530291,-112.202473,33.710671,-111.9299045],[84,124,147,99,48,11,65,133]
zZmMSNkmFubw94Ob-DEnbw,33.47035255098115,-111.9179519925535,29,[33.4537869019623,-111.927165985107,33.4869182,-111.908738],[182,172,11,39,119,26,38]
9luP36kZV4m92n2nc2z6Rw,33.5636564,-111.90791580000001,4,[33.4543305,-111.930192,33.6729823,-111.8856396],[126,97,11,57,258,38,40,39,267,182,172,27]
m2nNoCUY5PhY3OuOf7qSxg,33.5677839,-112.1672533,2,[33.5677839,-112.1672533,33.5677839,-112.1672533],[10,11]
2dRFso4q51RFKhxntL9vFA,33.47578215,-111.92274044999999,200,[33.278582,-112.073196,33.6729823,-111.7722849],[224,11,26,185,27,119,7,292,38,140,39,40,48,126,54,55,122,256,158,28,251,43,8,6,45]
fMypBb2SieWw5E4us6OaGQ,33.491645,-112.073196,4,[33.491645,-112.073196,33.491645,-112.073196],[38,140,39,40,48,11]
ety3kK5dLy7B4kLSeNyt6Q,33.5237453,-112.0487368,1,[33.5237453,-112.0487368,33.5237453,-112.0487368],[38,48,39,11]
5o3QDJ0XohNzfpG-bU7guw,33.42398825,-111.8619492,3,[33.393707,-111.9100044,33.4542695,-111.813894],[168,11,33,44,197,84,343,23,344]
_AK2GvFhdZc9EYa6O3KvIQ,33.444799,-112.066662,10,[33.444799,-112.066662,33.444799,-112.066662],[57,327]
NOFj7P0rLjgr0mz8Mz6AeA,33.348763010086,-111.9443510501,8,[33.348763010086,-111.9443510501,33.348763010086,-111.9443510501],[119,62,24,17,11]
tKgqqMEQypCVG9SnpiYjqw,33.276942,-111.860044,3,[33.276942,-111.860044,33.276942,-111.860044],[49,4,5,6,367]
2hK0GUNB76HeH3nOUUMesw,33.4499,-112.0739,200,[33.4499,-112.0739,33.4499,-112.0739],[99,11]
2A3aWrqtZwNcArxwpfUSnQ,33.36383095,-111.86326315,4,[33.305675,-111.9366872,33.4219869,-111.7898391],[119,99,11,33,63]
kIyDxmlUE_hNPOi2YE0xqQ,33.5448861,-112.07610365,10,[33.4493238,-112.0872865,33.6404484,-112.0649208],[177,140,11,7,108,43,119,33,26,99,251]
VGXubtzXwkCjMywlSL1FaA,33.4245625,-111.9409053,64,[33.4245625,-111.9409053,33.4245625,-111.9409053],[127,11]
Emio60SGi8p0-gLOImiecQ,33.4571246,-111.9999114,3,[33.4354553,-112.0739136,33.4787939,-111.9259092],[309,119,285,11]
e1z-7nUVfeNbQzppumozcA,33.497615,-111.927405,7,[33.497615,-111.927405,33.497615,-111.927405],[38,39]
2URwvKJRHf68V1UncLVaZg,33.462863322397,-112.0417283073975,23,[33.321061644794,-112.3595377,33.604665,-111.723918914795],[44,11,27,43,296,210,212,97,119,7,194,201,99,265,127]
7NNEqHVYF5EsWYqYF4s6EQ,33.6304547,-111.9238128,8,[33.6304547,-111.9238128,33.6304547,-111.9238128],[49,312,57,504,91]
GDmms-99tSo4t9Cr_zkIxg,33.25539,-111.62019,1,[33.25539,-111.62019,33.25539,-111.62019],[84,147]
iSZnocss-_twC8mh-rZg6g,33.67603269555295,-111.971326090576,3,[33.6742113911059,-111.978579,33.677854,-111.964073181152],[7,108,201,119,11,142]
gTCM7qlVrwdml-hFB6aJqQ,33.593507553793,-112.163046775485,107,[33.220784807586,-112.7428224,33.9662303,-111.58327115097],[38,6,145,186,57,39,88,128,63,27,11,285,185,106,54,226,26,210,7,108,24,209,119,48,140,40,212,190,28,8,403,121,79,311,33,182,298,177,99,17,29,143,206,322,168,181,229,47,18,109,265,470]
tgEIM1I-iVBg2Dv1-uosxg,33.304659,-111.985429,1,[33.304659,-111.985429,33.304659,-111.985429],[279,54,317]
KW0Nq1aGGLeP5XpvTQPshg,33.4143007,-112.00584425,19,[33.304331,-112.08407,33.5242704,-111.9276185],[126,97,11,185,38,39,40,109,63,79,121,33,57,69,340,48,99,26]
MMtjO07mOEhKqNLWWN4pRQ,33.538748,-112.064759,99,[33.538748,-112.064759,33.538748,-112.064759],[99,26,11]
qnf7kCHCmEZpz0CK9RngOQ,33.0909367,-111.7858985,5,[32.8773814,-111.873637,33.304492,-111.69816],[119,24,11,212,26,43]
aFGLKBULCq-niW6xY17YrA,33.4950535,-111.9958183,1,[33.4950535,-111.9958183,33.4950535,-111.9958183],[11,27,63]
vCPUVorzEWvGmOiuvm_xaQ,33.4354553,-112.0739136,2,[33.4354553,-112.0739136,33.4354553,-112.0739136],[309,285,11]
i8Jx0-wjtUFKnweRGvDeig,33.427732,-111.943236,27,[33.427732,-111.943236,33.427732,-111.943236],[26,11]
tQXwmfUXJM69j3uPhRJg_Q,33.481537444078995,-111.99785646141501,6,[33.4493777,-112.07341192283,33.513697188158,-111.922301],[88,38,39,89,11,126,48,64,65]
gLYQKet4SN38w-oGxN45XQ,33.4726901926666,-111.868286132812,1,[33.4726901926666,-111.868286132812,33.4726901926666,-111.868286132812],[328,32]
sIXE1fEEZfGRHsQpB7rX8A,33.538154,-111.924569,1,[33.538154,-111.924569,33.538154,-111.924569],[49,322,57,146,52]
nGILY5Wbpc3GW4fsZCZejw,33.591440500000004,-111.9279694,2,[33.5271966,-111.9300279,33.6556844,-111.9259109],[119,99,11,26]
6cDaX62LwzARW3IKMQZriQ,33.53502640000001,-111.99807559999999,3,[33.487706,-112.047329,33.5823468,-111.9488222],[32,95,222,83,6]
IY8O5ZGgLamYqqZOCOSVWg,33.495263,-111.928554,11,[33.495263,-111.928554,33.495263,-111.928554],[26,11]
dwk15l9aIvwfEWS7ZYq9Ag,33.5587102,-112.13414365,15,[33.461736,-112.341878,33.6556844,-111.9264093],[169,11,99,126,97,119,33,127]
3qdAv5B0rwemM9wsT5p7fw,33.62448515,-112.19407580000001,6,[33.610777,-112.2040132,33.6381933,-112.1841384],[26,11,7,142]
AZ0WvQ-HeaT_0xtpMKNAcw,33.639676,-112.010743,2,[33.639676,-112.010743,33.639676,-112.010743],[49,80,82,59]
ujrELiOXC1GRdF1DHU9Cow,33.601595849999995,-112.0368991,11,[33.4881846,-112.1129733,33.7150071,-111.9608249],[48,11,27,49,80,82,59,62,17,185,26,126,97]
w4MzDRL8aC3imYRfqnthpQ,33.4471778,-112.0744503,1,[33.4471778,-112.0744503,33.4471778,-112.0744503],[49,38,39,128,341]
4SZI9uI8GT7EF1IMOEzb3A,33.3086797,-111.7435862,1,[33.3086797,-111.7435862,33.3086797,-111.7435862],[27,11]
QdocxqA33EKLYBln-APUQw,33.4827491,-112.06446199999999,6,[33.4563262,-112.088808,33.509172,-112.040116],[224,11,7,36,8,64,61,13,6,65,129,79,121]
xSnEVlG9k_K_u_MxzJMkSg,33.38421,-111.876084,1,[33.38421,-111.876084,33.38421,-111.876084],[28,17,18,29]
goLe7NfSAERU2ji_J_O5qg,33.6107777,-112.1848981,4,[33.6107777,-112.1848981,33.6107777,-112.1848981],[33,11]
rbHxHwdchoZu5sxb8fvUiw,33.495467,-112.028293,2,[33.495467,-112.028293,33.495467,-112.028293],[71,72]
MG3Zy_853d69cFwq-vxlYA,33.2475,-111.87918,3,[33.2475,-111.87918,33.2475,-111.87918],[48,11]
PWa942b3WoOsr_T1PrZeVQ,33.4493241,-111.9547846,6,[33.4064532,-111.97827,33.492195,-111.9312992],[19,20,6,21,22,13,23,43,11]
tVGJpGk5dcVfXYWk6UOl0Q,33.4823893,-112.3408511,1,[33.4823893,-112.3408511,33.4823893,-112.3408511],[212,11]
_PI948oLmcKULPLRdlyuEg,33.483416399999996,-111.9638539,2,[33.471677,-112.0010198,33.4951558,-111.926688],[224,11]
01pjEId_A_MI4XaFyVKXFw,33.5915178,-111.9095561,12,[33.5107891,-111.928648,33.6722465,-111.8904642],[11,63,98,7,15,6,433,32,252]
pv82zTlB5Txsu2Pusu__FA,33.5019187,-111.85698499548499,200,[33.3633494,-112.34971999097,33.640488,-111.36425],[212,97,11,38,143,39,119,260,48,7,142,6,110,60,33,27,71,72,73,4,100,425,177,285,140,79,121,101,145,186,57,70,43,69,40,292,28,442,241,247,219,218,41,49,50,52,12,114,13,63,88,89,98,10,192,92,15,26,108,36,191,333,298,8,109,182,193,59,44,9,138,139,244,128,24,99,205,17,18,22,240,251,168,127,258,126,210,170,14,96,148,117,449,47,224,229,446,149,56,84,262,154]
1yHCIevjFp14iEZez8XQ1A,33.4922985,-111.9245517,5,[33.4922985,-111.9245517,33.4922985,-111.9245517],[210,11]
XswDsb3il0POsazfCA7ZmQ,33.509651,-112.075703,2,[33.509651,-112.075703,33.509651,-112.075703],[43,11]
dboPlfOOmEukkFxPxhvPHA,33.5708131,-112.0657374,1,[33.5708131,-112.0657374,33.5708131,-112.0657374],[26,11]
7Pvp4VRCbiV9eUjIA7BqqA,33.592719599999995,-111.96302370000001,76,[33.5019602,-111.9746066,33.683479,-111.9514408],[28,17,29,212,229,11,7,99,47]
4BZbyy12azmRsZErsiTWwQ,33.54048275786835,-111.9513943003465,200,[33.4346825157367,-111.994403600693,33.646283,-111.908385],[28,17,29,39,38,99,128,11]
d-McwvkDQZqkGSi5t3uavA,33.5689422,-111.94040609999999,2,[33.5096045,-112.0257401,33.6282799,-111.8550721],[17,27,62,296,11,126]
QIka-hRDjClBl2iT_5KLhA,33.378718,-111.8115838,2,[33.378718,-111.8115838,33.378718,-111.8115838],[39,38,99,128,11]
LgFydzo7Xsr_qwev7zretA,33.5379899,-112.0570577,1,[33.5379899,-112.0570577,33.5379899,-112.0570577],[7,292,142]
tRGfd8mb3hUBBNSzbHEhcg,33.133017,-111.538055,2,[33.133017,-111.538055,33.133017,-111.538055],[161,65,133]
lCD3wyHthsYFlP52Hll-QA,33.47801735,-112.35649244999999,157,[33.459613,-112.3578878,33.4964217,-112.3550971],[99,11,161,195,65,49,28,178,17,29,265]
jjpvmw90AXGQciuYuFwqFw,33.574618,-111.903702,1,[33.574618,-111.903702,33.574618,-111.903702],[104,65]
4fMwwYjXluoUA4d-tb_KbQ,33.4498403057474,-111.96188715,4,[33.3192686114948,-112.013517,33.580412,-111.9102573],[224,182,11,7,138,8,139,99]
ikIHGkY3QRTYJaDTtafTbA,33.4951572,-112.0040831,3,[33.4951572,-112.0040831,33.4951572,-112.0040831],[11,63]
qy2rYHdiU8TX0jsOFqnpvA,33.56759635,-112.10807175,6,[33.524313,-112.11785,33.6108797,-112.0982935],[98,7,239,11,44]
LuYXq0Q6k-TWLhYGlQ-xSQ,33.42478715,-111.9401665,3,[33.423414,-111.940495,33.4261603,-111.939838],[39,38,126,97,11]
BnM-wcB9r21SVkAqfQdYCQ,33.536692450000004,-111.9079203,26,[33.3947699,-111.9798631,33.678615,-111.8359775],[7,142,172,11,6,284,35,224,17,18,39,212,126,293,27,123,65,63,322,19,57,20,23,26,112,313,182,48,140,251]
QfnKAXo0aOk0AFPPRa-WIw,33.451692,-112.0678005,36,[33.447521,-112.072167,33.455863,-112.063434],[309,11,168,265,99,212]
5myDw5zR5FuxAW46H8nYLw,33.4566960573784,-112.072327136993,3,[33.4566960573784,-112.072327136993,33.4566960573784,-112.072327136993],[119,11]
NZgj307QqK68Z-2-ZoMa2A,33.444773999999995,-112.050027,181,[33.439648,-112.0739,33.4499,-112.026154],[33,44,11,7,108]
GvS3UuT9eMhRbezORQiWIg,33.63306675,-111.9375381,4,[33.6272265,-111.979435,33.638907,-111.8956412],[177,140,11,7,47,48]
QVdn_ieFO8DTb4Edr8c_vw,33.726807,-111.8531068,34,[33.726807,-111.8531068,33.726807,-111.8531068],[265,185,11]
RjsXNuzUOjOhKUQPakLGoA,33.5025941,-111.9296765,184,[33.5025941,-111.9296765,33.5025941,-111.9296765],[265,48,11]
nW8ZMWKE4OK3dxYhP8WsNg,33.50840255,-112.01226754999999,19,[33.3057949,-112.1142778,33.7110102,-111.9102573],[224,182,11,33,99,26,177,140,218,126,97,192,185,41,361,265,63,27,7,8]
qBY5m2JsV3uAeXfcdSD7mQ,33.4537268,-111.9203709,14,[33.421303,-111.936439,33.4861506,-111.9043028],[126,97,11,182,218,26,149,373,63,27]
TYSt-XW5z0UXj02v0eW56w,33.5104535,-111.95937265,3,[33.423546,-111.9813513,33.597361,-111.937394],[57,470,145,39,63,27,11,48]
6_Dyb_yDTJfTlr_6DoauJQ,33.66917735,-112.0509141,2,[33.626218,-112.2014742,33.7121367,-111.900354],[72,287,297,64,65,133]
WnFmQt5BO0GeHlyixjfwcg,33.4248802613225,-111.940198838711,2,[33.4248802613225,-111.940198838711,33.4248802613225,-111.940198838711],[7,292,142]
OAd-vbR_POac1zHtu-Y2Zg,33.494928349999995,-112.0012164,200,[33.4655863,-112.0744706,33.5242704,-111.9279622],[48,11,7,24,47,27,168,181,229,38,140,39,40,143]
jSKua0OUMqhdtUb993M9ng,33.5025941,-111.9296765,1,[33.5025941,-111.9296765,33.5025941,-111.9296765],[6,77,35,76]
7aVtVu6ANtsCEfXfYoSkTg,33.462484200000006,-111.99768420000001,24,[33.4149286,-112.076896,33.5100398,-111.9184724],[7,108,33,38,39,11,109,27,292,182,48,140,57,69,26,201,24]
EvYMKVgZNREZO_khKfZAlg,33.3208915,-111.9686247,4,[33.3208915,-111.9686247,33.3208915,-111.9686247],[168,11,63]
LX1zG6T_bSxrujIHylLItg,33.377343,-112.166449,1,[33.377343,-112.166449,33.377343,-112.166449],[96,72,71]
n_zzhm4RBR_mvhK6R7A3Kw,33.5389864,-112.2619703,16,[33.5389864,-112.2619703,33.5389864,-112.2619703],[4,6]
E5YaH1qAjDYy2tiagYLLgg,33.47646495,-111.85830005,7,[33.343131,-111.9271921,33.6097989,-111.789408],[7,9,98,11,63,119,48]
2y4vSpaai5nJc70K0n-dAw,33.388095,-111.836486,1,[33.388095,-111.836486,33.388095,-111.836486],[49,312,146,17,152]
7nhFGt9SbIpUraK_IquTrA,33.620562,-111.8963279,31,[33.620562,-111.8963279,33.620562,-111.8963279],[119,11]
aYQZMrjdLheiNWH0N8wC2g,33.32014,-111.891393,1,[33.32014,-111.891393,33.32014,-111.891393],[24,11]
altYJLmM3JkNk5J1Ls_Y0g,33.3740437,-111.9194609,1,[33.3740437,-111.9194609,33.3740437,-111.9194609],[57,56]
_jZ0G-7mvDbY4KSIfx3U-Q,33.4561015,-112.3387198,141,[33.452619,-112.3413106,33.459584,-112.336129],[49,80,82,59,7,148]
nxG7GxyxuZGz8r0WXGR7Iw,33.4982894,-111.9275491,17,[33.4982894,-111.9275491,33.4982894,-111.9275491],[7,108,119,11]
JoeU6upNzo-GCEFM4Nn1PQ,33.554734249999996,-111.98788865,58,[33.4537841,-112.067263,33.6556844,-111.9085143],[127,11,48,49,368,99,161,28,65,17,29,126,97,198,23]
21vuCiSqqhAAJbBpQN37NA,33.465368,-112.072134,2,[33.465368,-112.072134,33.465368,-112.072134],[7,108]
1wtui8T44V1oHFdHnmGW_g,33.496647,-111.926503,1,[33.496647,-111.926503,33.496647,-111.926503],[7,313,27,11]
gYhI5hvqdyqwvWfxKdF-CQ,33.38705,-111.961123,4,[33.348162,-111.9819,33.425938,-111.940346],[10,11,38,128,39]
IF453IZBZyYTW9z10fcS7A,33.50570895,-112.0693881,6,[33.4874748,-112.0999146,33.5239431,-112.0388616],[7,142,108,194,26,11,137,6,139,182]
PO_Q5sx5AlY3HKGsSa1hmw,33.58158784868195,-111.9253705806365,8,[33.5808348,-111.9268582,33.5823408973639,-111.923882961273],[33,48,307,11,26]
hOWhwCVkWbDdNubfmSUGiw,33.3011006,-111.8344849,3,[33.2475,-111.87918,33.3547012,-111.7897898],[7,108,48,11]
7SU_54vYBkFpKAcq4lqEfg,33.443852050000004,-112.1833496,7,[33.4259681,-112.4268472,33.461736,-111.939852],[169,11,26,126]
0gyqf9AoZv7kb7tmaY2akg,33.637664,-112.221341,2,[33.637664,-112.221341,33.637664,-112.221341],[120,11]
P8PZbq_U92vAzaOt-UsFVg,33.581154,-111.927268,4,[33.581154,-111.927268,33.581154,-111.927268],[27,11]
ZdOE2oWUSWwpxbNzkFxW2g,33.36322345,-111.77234849999999,10,[33.247653,-111.931256,33.4787939,-111.613441],[96,72,287,309,119,285,11,31,32,211,75,381]
kJ58pJCnNChRCyIuutwK0g,33.4537841,-111.9532638,1,[33.4537841,-111.9532638,33.4537841,-111.9532638],[49,368]
AIPk3eqDFPykZqDMS5s0Mg,33.506941,-111.926536,2,[33.506941,-111.926536,33.506941,-111.926536],[475,48,11]
ikyKaC-4ZvqkRIvcV4eMTQ,33.2475,-111.87918,1,[33.2475,-111.87918,33.2475,-111.87918],[48,11]
T_0yM-RG8I8iqbkeFuh7rg,33.44340375,-111.9271871,200,[33.384398,-111.9955012,33.5024095,-111.858873],[7,142,119,11,63,27,57,470,145,39,33,8]
nUwzirIRJiEPi5l4U-xCMw,33.42135,-111.924806,112,[33.42135,-111.924806,33.42135,-111.924806],[244,172,11]
IFo_TES0h5sBphXoBSH_jQ,33.565047250000006,-111.9156327,11,[33.502191,-111.996292,33.6279035,-111.8349734],[109,38,11,39,63,119,24,224,62,27,17]
d_YvNfvkpeI0fj2f0FJfng,33.4787939,-111.9259092,2,[33.4787939,-111.9259092,33.4787939,-111.9259092],[309,119,285,11]
hFvjRXanGKsjHR-DHSDNWA,33.5100398,-112.0146407,1,[33.5100398,-112.0146407,33.5100398,-112.0146407],[33,38,39,11]
p8eoB2x7GGQpAj7FAB0NWQ,33.46776553898085,-111.93365047720951,8,[33.4268358,-111.9402208,33.5086952779617,-111.927080154419],[13,6,115,119,48,11,99]
jvwnIG5wEjdOsqkYJgN29A,33.56197095,-111.9825973,68,[33.4460879,-112.0995016,33.677854,-111.865693],[11,63,57,69,38,40,39,210,26,99,378,32,95,222,109,48,119,7,449,97,185,33,224,27,352,24,206,43,192,140,126,307,172,265,108,201,168,169,177]
PZbTV7oLCrPqRvzDOmLykg,33.4939313,-111.9256266,3,[33.4939313,-111.9256266,33.4939313,-111.9256266],[185,11]
kpbhy1zPewGDmdNfNqQp-g,33.55371555000001,-111.95084324999999,75,[33.277061,-112.1171925,33.8303701,-111.784494],[168,11,48,63,206,97,181,229,38,265,39,352,71,72,84,159,32,291,177,140,475,33,99,117,119,26,7,57,18,109,209,17,40,36,142,212,126,69,474,78,79,24,47,27,149,407,106,54,185,210]
eiQokO8ldzyb2GsyNYyIOw,33.42901845,-111.8843105,5,[33.3632172,-112.073629,33.4948197,-111.694992],[26,11,119,109,38,48,39,6,72,345,35,282,264]
Umog0G6lgmMzM9gbFYACgA,33.37942,-111.784494,1,[33.37942,-111.784494,33.37942,-111.784494],[474,11]
mSZPUvGhmKsLtUe0O8suyA,33.468848,-111.910516,96,[33.468848,-111.910516,33.468848,-111.910516],[39]
-txH2zJSBZQHO6RWvoWXuQ,33.4441171,-112.00333055,58,[33.305681,-112.1091081,33.5825532,-111.897553],[39,38,99,128,11,210,101,357,12,13,6,22,112,254,248,249,15,63,26,48,57,145,40,27,88,33,17,18,333,7,108,24,119,98,206,142,47,322,191,265,193,65,194,59,49,195,140,120,109]
k8PVGfgyCHjylkg1PfW4ZQ,33.5240093,-112.0132568,5,[33.4368906,-112.0827836,33.611128,-111.94373],[38,39,40,119,11,10,27,57,145,14,15,6]
MLB_AtwmgW5jnd1Wy0YssQ,33.34988575,-111.91055205,4,[33.320255,-111.927681,33.3795165,-111.8934231],[224,11,182,218]
eAYHT4HG-xRcQ08p7WvX2w,33.6987337,-111.8899216,1,[33.6987337,-111.8899216,33.6987337,-111.8899216],[265,11]
oaz8Fhe38u2DbeTguvLkPA,33.57354025,-111.9091703,4,[33.494205,-111.931447,33.6528755,-111.8868936],[13,6,65,167,204,12,48,11,133]
fQ6h0-OZX2deMTwTHfHthQ,33.6025384,-112.34472695,17,[33.5661813,-112.4479293,33.6388955,-112.2415246],[26,11,24,251,212,7,189,10,99,49,39,341]
pDmrBPY3F-RIVp-AxsfxmQ,33.4655722,-112.0764977,6,[33.4655722,-112.0764977,33.4655722,-112.0764977],[123,65]
cN0dDzOCqhwNvHDZQkwrTw,33.5663917,-111.97410529999999,10,[33.492335,-112.0677151,33.6404484,-111.8804955],[44,24,11,43,38,99,39,40,149,97]
RwVaQNP1Ag-Seu3U9quGAg,33.55764245,-112.16537285000001,35,[33.4495394,-112.2705607,33.6657455,-112.060185],[33,11,99,49,406,52,54,324,119,57,145,38,39,40,48,7,449,97,63,27,101,96,72,71,4,6,425,26,88,43,12,30,13,118]
evIzZLbCpz04LlZz1FoiVA,33.52352675,-112.11717970000001,7,[33.480016,-112.3158945,33.5670375,-111.9184649],[28,190,99,11,119,120,63,224]
5p-E2IBx_r_UK2I2If03Sg,33.392417271322,-111.93627118765,5,[33.3632172,-111.9466751753,33.421617342644,-111.9258672],[26,11,63,27]
SVTithAVeVvoXejOKqblzg,33.45507805,-111.92570325,54,[33.407562,-111.9296765,33.5025941,-111.92173],[99,44,11,46,6]
A_XOVgxzIpfcFawQm4irZg,33.5092756,-112.0718179,2,[33.5092756,-112.0718179,33.5092756,-112.0718179],[48,11]
tDqvTbunSbk5pmpd2Ot_Jw,33.565437700000004,-111.9242967,200,[33.4938414,-111.9268138,33.637034,-111.9217796],[27,11,30,13,6,26]
eRz_hwDf-kHjM6bpCNGPVA,33.440568850000005,-111.6653788,5,[33.3547012,-111.9409053,33.5264365,-111.3898523],[102,11,103,127,101,38,26,39,7,108,48,63,27]
kdHzhrZs3dZIUGAZwHX1Nw,33.494251915651944,-112.127823687317,12,[33.3503,-112.363443374634,33.6382038313039,-111.892204],[251,212,11,31,32,211,75,381]
Z8Wi-nrG85InDbybFnjHtQ,33.55299655,-112.0304314,4,[33.5062078,-112.0739142,33.5997853,-111.9869486],[168,181,229,11,119,201,99]
Kdg5hnvtke9s8VxsHo7Lyw,33.59075885,-112.15137630000001,2,[33.5414182,-112.1825527,33.6400995,-112.1201999],[39,38,27,128,11,404]
NFZLYA8V7jIVTev_qJW1ew,33.63982575,-111.98831975,20,[33.4474542,-112.0745395,33.8321973,-111.9021],[38,48,11,128,39,224,99,212,43,98,7,26,9,119,27,201,10]
j7_lzsCT0AQmAdCYVx7J_A,33.6543296150245,-112.234788537025,1,[33.6543296150245,-112.234788537025,33.6543296150245,-112.234788537025],[149,126,97,11]
lgHiNylLvG68L_WchVpVeg,33.484385149999994,-112.07180065,6,[33.4594331,-112.0827836,33.5093372,-112.0608177],[212,63,97,11,26,123,65,38,39,40,7,98,108,172]
FOZR8RABw65IBlcifUNyVQ,33.52808025,-112.1160236063505,200,[33.428648,-112.359774112701,33.6275125,-111.8722731],[98,7,24,11,15,6,191,26,33,44,119,99,27,63,28,17,29,54,324]
CxE13YzAFyVlpR3Exqj8Ig,33.50201,-111.9313599,10,[33.50201,-111.9313599,33.50201,-111.9313599],[265,11]
1PLiFGdZPPzlrIzWIKIz3A,33.3521695,-111.96619150000001,76,[33.321216,-111.967898,33.383123,-111.964485],[10,11,57,69]
toD5fpe7--5ljkAz1ee-cw,33.3870976,-111.93156465,6,[33.3478272,-111.952872,33.426368,-111.9102573],[224,11,7,108,186,6,57,182,88,38,39,298]
9F_1dFc-DUUMq-__LIahcg,33.6398085,-112.0959734,1,[33.6398085,-112.0959734,33.6398085,-112.0959734],[28,17,29]
A5F9zy93GyfUrnfTvfY_Lg,33.433021749999995,-112.0811376,30,[33.391906,-112.0973086,33.4741375,-112.0649666],[26,11,119,201]
GMDaH0X_fHbkNbdUTP9FGA,33.509651,-112.075703,1,[33.509651,-112.075703,33.509651,-112.075703],[43,11]
2ci59XIuSWlWzyPm843FJw,33.62295145,-112.06242639999999,10,[33.4942179,-112.19974,33.751685,-111.9251128],[38,39,54,238,57,145,265,126,11,177]
4ukZgW7LtGunWgPnpo8Lig,33.3619336,-111.878248,14,[33.304416,-111.915926,33.4194512,-111.84057],[28,17,18,29,38,7,47,88,39,48,11,26]
DsfgjUA4w_DmJ7zbgK6ddw,33.517665449999996,-112.0257815,3,[33.494729,-112.0652672,33.5406019,-111.9862958],[13,6,22,35,119,11,61,34]
VFVCx3Miezti52ZNuCeiEQ,33.63135115,-112.38518595,123,[33.6239817,-112.4159659,33.6387206,-112.354406],[43,11,27,251,212,120]
a0pG_Dl4sKb3yNps7I_hMQ,33.495829549999996,-111.924003260414,184,[33.483281,-111.928035020828,33.5083781,-111.9199715],[168,99,11,63,27,38,229,39,40,48,161,28,65,17,29]
qor7YSppS8RroQr-YG63HA,33.5095452,-111.985669,1,[33.5095452,-111.985669,33.5095452,-111.985669],[49,321,59]
xX97A9cNHqjVzDS4TpV3Zw,33.444801984944,-112.07211772211,2,[33.444801984944,-112.07211772211,33.444801984944,-112.07211772211],[38,99,39,128,185,11]
EwU8PAOPojrXiZvnJL59Hg,33.58256,-111.894447,1,[33.58256,-111.894447,33.58256,-111.894447],[99,11]
GYUM5OpAH_7pJsvN5lw7wA,33.6147163,-111.89529815,8,[33.611653,-111.9258843,33.6177796,-111.864712],[11,63,26]
UpetbD9tM3BK9pL98t8HGg,33.399991,-111.939886,10,[33.399991,-111.939886,33.399991,-111.939886],[11,63]
ZtgihhYR1fy_4CNwTqCUyw,33.4975697286892,-112.165768499649,39,[33.4566960573784,-112.276376,33.5384434,-112.055160999298],[63,27,24,11,119,311,38,99,33,39,128,43]
1IRyTTXa__KRxhxnz8fS5w,33.5509571,-112.0123055,23,[33.42657,-112.184722,33.6753442,-111.839889],[48,11,39,296,182,140,63,99,126,38,205,72,287,30,13,6,27,24,202]
LX3cTVaS8f2UF0Uuafsfug,33.40242015,-111.8893856,160,[33.3022462,-112.0846008,33.5025941,-111.6941704],[30,8,13,6,7,110,208,35,57,99,91,11,72,148,154,36,106,54,168,79,121,96,107,204,65,173,112,63,12,98,113,116,9,20,23,443,33,46,130,32,10,90,108,71,297,200,264,4,100,425,119,24,41,400,15,25,420,77,76,324,455,139,69,87,45,133,49,417,80,231,59,292,265,28,170,185,322,44,416,191,157,103,137,138,26,142,345,282,203,93,3,1,176,333,355,356,284,368,48,52,92,141,279,202,236,254,85,404,451,150,17,192,140,67,68,84,336,97,470,145,39,162,118,34,117,491,27,89,43,104,161,220]
TdcwQC9lzKQ5jKTVXoV72Q,33.53807,-112.166508,1,[33.53807,-112.166508,33.53807,-112.166508],[11,63]
w_Xer9xDkD1vQhKMR8Wi4w,33.56901,-111.888529,1,[33.56901,-111.888529,33.56901,-111.888529],[65,133]
kF-fhh6B4TvWPpxyEj3oVw,33.449233,-112.065458,76,[33.449233,-112.065458,33.449233,-112.065458],[27,11]
LpDz9ZVVWy1msOhpI7BNtA,33.9690851,-112.7294646,4,[33.9690851,-112.7294646,33.9690851,-112.7294646],[39,11]
O1nPIc_tbKSMMETrIcd3Eg,33.497437,-112.083886,64,[33.497437,-112.083886,33.497437,-112.083886],[7,108]
-ny7BHcXE56aLBOvoZVyXQ,33.3478272,-111.9102573,2,[33.3478272,-111.9102573,33.3478272,-111.9102573],[7,292,98]
KUgw3Us268hflAia7nAPuA,33.64675315,-111.91333325,60,[33.637824,-111.9300145,33.6556823,-111.896652],[26,11,57,186,6,28,17,29]
c3fZ-hEWS1nLXaPvUrisLQ,33.4287313,-111.9415049,1,[33.4287313,-111.9415049,33.4287313,-111.9415049],[28,342,240,241]
zNq2Xyg399kiAbTg5jBuyw,33.637034,-112.184995,3,[33.637034,-112.184995,33.637034,-112.184995],[65,133]
s339yiWq3AnDbY-dRyqDVQ,33.5941585,-112.0085603,13,[33.509702,-112.042514,33.678615,-111.9746066],[26,11,43,177,140,7,47,48,27]
PJtsE00YT0gtlE9Owu6uJQ,33.479538,-112.06190605,6,[33.447551,-112.0764371,33.511525,-112.047375],[7,108,57,39,145,44,48,11,98,172,449,119,38,24]
_4vrShcrLqy-e7Otiqm2FQ,33.5097842,-111.9967529,5,[33.5097842,-111.9967529,33.5097842,-111.9967529],[54,317]
LZxnr-c-VsG0N4Ef-9iAyg,33.56744965,-111.9945554,24,[33.4942423,-112.0677151,33.640657,-111.9213957],[27,11,99,7,313,48,212,43,63,39,119,38]
c3EG9nwIl6opYxUjq62lIQ,33.7062893,-111.9659456,16,[33.5793005,-112.0129435,33.8332781,-111.9189477],[109,38,39,10,11,99,64,179,65,206,182,48,140,7,108]
gJq39BSW0Rq4AdQ-zliN3A,33.4016064,-111.952198,200,[33.3770525,-111.964558,33.4261603,-111.939838],[39,38,126,97,11,28,17,29,46,6]
agAMnS0LljMavQi95FbC1Q,33.449858,-112.071886,13,[33.449858,-112.071886,33.449858,-112.071886],[28,17,18,29]
aXL9qnC4MTR2g5RNM5vd9Q,33.4218047,-111.9533039,117,[33.4218047,-111.9533039,33.4218047,-111.9533039],[33,119,99,11]
WfEOXQF0bWcIUlbqam8xlw,33.494459,-111.9953287,1,[33.494459,-111.9953287,33.494459,-111.9953287],[38,99,88,39,40,11]
4OxVButQzunqUfaBMtZPrg,33.321061644794,-111.723918914795,67,[33.321061644794,-111.723918914795,33.321061644794,-111.723918914795],[99,11]
2_tgljUc56H_jZ3magFkag,33.48589815,-111.9558921,2,[33.479793,-111.985982,33.4920033,-111.9258022],[126,97,11,127]
ptpw51sVZZImTErzGXYjYQ,33.5878609,-111.70922,4,[33.5878609,-111.70922,33.5878609,-111.70922],[26,11]
h7HBKNAIpivaKDKCytx52g,33.34697,-112.0846008,44,[33.34697,-112.0846008,33.34697,-112.0846008],[49,52]
NoxjYVkRQOQXZm7rDvhj-Q,33.40656475,-112.2382249,8,[33.316873,-112.5161858,33.4962565,-111.960264],[49,52,24,11,43]
vuDQRLDtg2I3_6IiKYRYUw,33.802965,-111.923193,102,[33.802965,-111.923193,33.802965,-111.923193],[161,65]
C4tCttfVEw7IxMNFnsIL2g,33.4163757,-111.8359775,27,[33.4163757,-111.8359775,33.4163757,-111.8359775],[322,19,57,20,23]
QjYzp8ko7w010fEQ6DWTnA,33.4039944,-111.91811785,34,[33.298212,-111.9957399,33.5097768,-111.8404958],[119,11,99,127,38,48,39,219,218,15,6,191,212,361,24,63,27,26,57,69,7,142,25,182,140,88,185,224,62,17]
VVErmnKIq5Yez45EZPPGMg,33.73386155,-111.9242456,5,[33.64053,-111.92477,33.8271931,-111.9237212],[126,11,27,24]
oA6f0r0bDCLAb6RmWIk_mA,33.3724065,-111.928946,4,[33.331655,-111.982113,33.413158,-111.875779],[251,11,126,33,119,99]
aZoyy6U1mQM1dEH-NVLITA,33.62958,-111.933892,7,[33.62958,-111.933892,33.62958,-111.933892],[49,178]
IwVutQpUY3udBjgLwp1WTQ,33.69075775,-111.91079625,9,[33.5839581,-111.9788671,33.7975574,-111.8427254],[43,11,218,182,307,48,267,172,7,108]
LLgmj5484rVTzsJBgZgGNg,33.373795692149,-111.80777010022,30,[33.373795692149,-111.80777010022,33.373795692149,-111.80777010022],[99,41,11]
4jE1e1o6JCc1mrWhx5WiGg,33.5144967,-112.0574326,4,[33.5071469,-112.0744706,33.5218465,-112.0403946],[63,27,11,210,48]
rQami_6_EAU64LkCDpjIew,33.555213949999995,-111.92549815000001,4,[33.5285509,-111.9258733,33.581877,-111.925123],[251,224,212,43,11,27]
KsC1GSiuEEPtiEWX2ECNRQ,33.5650982,-112.0737503,1,[33.5650982,-112.0737503,33.5650982,-112.0737503],[109,38,210,39,11]
lTKsKJm_fJUM6girNGxiug,33.4073914,-111.9467741,43,[33.4073914,-111.9467741,33.4073914,-111.9467741],[224,11]
5bgV5pR5M3QFzDlGXUwG7w,33.373465,-111.971852,5,[33.373465,-111.971852,33.373465,-111.971852],[158,28]
6mZuOd1MUVma2eNltE5uYg,33.78769965,-111.89071465,5,[33.742088,-111.9387279,33.8333113,-111.8427014],[7,108,38,36,109,39,11,27]
1jKRMOk7yls_TOsvfupoJQ,33.5090018,-112.0409994,1,[33.5090018,-112.0409994,33.5090018,-112.0409994],[13,6,115,372]
bucwbyP1wOxRJe_RwmmAqw,33.433211940441794,-111.8844205,22,[33.3059969,-112.0846008,33.5604269808836,-111.6842402],[27,11,109,38,39,126,7,36,182,24,49,52,26,97,166,13,6,387,80,82,59,119]
VqxenxK0iTYLNSntVh6g1g,33.6241241,-111.9307637,5,[33.6241241,-111.9307637,33.6241241,-111.9307637],[168,265,11]
PyHN1R2_Hs1afrDf5inE6Q,33.4348794896361,-111.999092102051,1,[33.4348794896361,-111.999092102051,33.4348794896361,-111.999092102051],[27,11]
Jtb1UWfOuQosT-Rlf6HlrQ,33.5155111,-111.96107895,3,[33.502191,-111.996292,33.5288312,-111.9258659],[161,65,195,109,38,11,39,63]
rMxaTQfojK9uV7NyGqHDpw,33.57299555,-111.92781785,8,[33.492962,-111.9299045,33.6530291,-111.9257312],[48,11,224,99]
KheOfC8PleNp4WrudnFA5A,33.317906,-111.964138,26,[33.317906,-111.964138,33.317906,-111.964138],[33,11]
5SS5ZujI-uojs2OXuhTg5g,33.44056405,-112.0699606,7,[33.3702541,-112.2174972,33.510874,-111.922424],[38,128,39,158,28,170,48,11,17,29,265]
uaa2zN1fXB36DhibPeWcuQ,33.5094352,-112.0464076,4,[33.5094352,-112.0464076,33.5094352,-112.0464076],[54,238]
B0Gb3MkKK3myrwL6ToDNWw,33.50729975,-111.94505985,31,[33.492381,-111.9641728,33.5222185,-111.9259469],[265,48,11,28,17,29,38,140,39,40]
hYlMvSLGcToupOvZ_2Pihg,33.4562105,-111.8741445,113,[33.435243,-111.925799,33.477178,-111.82249],[26,11,119,48,24]
BlgISuu4SjSc9ijOXBkW7A,33.677854,-111.978579,4,[33.677854,-111.978579,33.677854,-111.978579],[7,108]
8nqhyAKVedfZ-pm8f8aH5Q,33.718589,-112.270132,1,[33.718589,-112.270132,33.718589,-112.270132],[54,55]
rx0gdQ0IWBmhWdF9IzWxmA,33.4391409,-111.7362002,4,[33.4391409,-111.7362002,33.4391409,-111.7362002],[26,11]
qWg3h47WLUxXO1BPMpfVbA,33.353632649999994,-111.72172155,6,[33.352666,-111.7898391,33.3545993,-111.653604],[119,99,11,7,18,247,49,276,17]
1VmSTWWO6WJZimcuDifQEA,33.427587,-111.82330354999999,9,[33.41405,-111.927581,33.441124,-111.7190261],[7,9,26,11,43]
QpNVaYbc_MhI5c9RVDZeUA,33.5020654,-111.9242599,13,[33.5020654,-111.9242599,33.5020654,-111.9242599],[28,17,29]
iujfl8qV5ni6OyoT6ow0zg,33.4997032,-111.92695695,68,[33.4974247,-111.9276185,33.5019817,-111.9262954],[177,140,11,307,212,43]
j-aruJbrUGLP4ZwhQfDJHw,33.423095,-111.9695167,22,[33.348162,-112.020561,33.498028,-111.9184724],[352,48,11,7,24,47,27,38,168,298,88,39,119,63,117,223,26]
LDfigyE_6_mg7kXKAR3ZIA,33.495263,-111.928554,56,[33.495263,-111.928554,33.495263,-111.928554],[26,11]
XsYRK7zMlhebyoxq6aXA1Q,33.4484009,-112.0715171,2,[33.4484009,-112.0715171,33.4484009,-112.0715171],[27,11]
mGGIy7mVKfOLFdeKVVxnug,33.4165461,-111.836832,3,[33.4165461,-111.836832,33.4165461,-111.836832],[7,49,108,193,59]
IFOWdMMbCvyKysaxn3veqw,33.4294961,-111.9593252,8,[33.358339,-112.0759024,33.5006532,-111.842748],[7,108,43,11,27,63,24,26,6,284,35]
SQOwsWb1KWox7oeJ36A5yw,33.4516715,-112.0733143,1,[33.4516715,-112.0733143,33.4516715,-112.0733143],[48,11]
1pbDBfeOWnRVrotNPRzAzw,33.437661250000005,-111.982011,5,[33.3197988,-112.0653186,33.5555237,-111.8987034],[43,11,24,224,218]
tlSSQwfHYJany7wPoTH46A,33.486916550000004,-111.92832,132,[33.3200431,-112.23381,33.65379,-111.62283],[10,24,11,38,168,298,88,39,26,7,292,108,119,139,225,375,63,48,140,251,127,101,181,43,99,377,30,13,6,40,49,447,62,17,8,33,57,69,98,47,224,91,223,117,78,79,145,212,15,36,156,128,186,357,89,265,185,404,451,177,192,309,285,416,64,65,210,341,206,27,229,247,182,74,273,333]
Jutv7uw-JpyjdApLU7Ux2g,33.36471315,-111.8859889715425,11,[33.220295,-112.0283059,33.5091313,-111.743672043085],[119,99,11,7,232,142,38,265,39,292]
n4Y05XFlXMWVi7xiY62jfg,33.6550188,-112.01301165000001,2,[33.6401752,-112.030859,33.6698624,-111.9951643],[33,99,26,11,251]
kSE-1py49FRlzr36PXxaQw,33.390792,-112.012504,2,[33.390792,-112.012504,33.390792,-112.012504],[109,38,48,39,11]
pr5KqkwcWWkZw3Ma6Fwl9Q,33.509560750000006,-112.0042841,6,[33.4671079,-112.0999471,33.5520136,-111.9086211],[33,48,11,185,251]
3Fvga8TuSEOdsN_xYQZR3g,33.5020654,-111.9242599,200,[33.5020654,-111.9242599,33.5020654,-111.9242599],[28,17,29]
nAu5d3OU07IPQAFjhFuGXA,33.43539575,-112.00103684999999,200,[33.43475,-112.00644,33.4360415,-111.9956337],[28,170,240,241]
1fISetfglJPByNR_74_Btg,33.448102,-111.962991,1,[33.448102,-111.962991,33.448102,-111.962991],[96,72]
N_igxPTZ-A84SdBveebOFA,33.37715945,-111.9693559,200,[33.302888,-112.0701057,33.4514309,-111.8686061],[24,11,99,28,17,29,48]
T3fTa7E3IgT1zZ5-9erMFg,33.554404,-111.91461,2,[33.493753,-111.928103,33.615055,-111.901117],[104,65,95,374,32,164]
_eCkybEnsxH_hW7Kx72WJQ,33.533525,-111.965872,1,[33.533525,-111.965872,33.533525,-111.965872],[265,11]
E9jtD7EFBRQDaswk6goqDg,33.46954545,-111.97349360000001,41,[33.4296616,-112.029503,33.5094293,-111.9174842],[49,52,7,108,84,345,6,346,28,170]
YsjhdKlkp8C4_JRSFOdUHA,33.4477397,-111.9418143,6,[33.4221864,-111.997989,33.473293,-111.8856396],[71,72,265,11,6,33]
APU4fi47X95d7-W7ABgtiw,33.43798615,-111.8713202,3,[33.3098443,-112.07346,33.566128,-111.6691804],[28,170,49,58,80,193,59]
EKFQtd5q66Jn6LQjmTRLdQ,33.552179699999996,-112.02018445,169,[33.448675,-112.110341,33.6556844,-111.9300279],[7,47,251,11,38,128,39]
uOhVYTedAc3Pj9Uszlwr7A,33.5337307,-112.24043445,16,[33.529018,-112.297783,33.5384434,-112.1830859],[311,11,1]
kOb1hWSwA6aD2mRVy6lqFQ,33.4927897568733,-112.15731844999999,23,[33.4477082,-112.2745209,33.5378713137466,-112.040116],[109,38,11,39,63,7,142,138,139,27,24,26,33,168,265,99,120,117,10,177,140,119,43]
eNrtdrGazNbdiQRmOr5EXw,33.4331989,-112.0482011,200,[33.4331989,-112.0482011,33.4331989,-112.0482011],[26,11]
Al6VTMA-EFqVrZcZFc3PIA,33.5095361,-112.085784,5,[33.5095361,-112.085784,33.5095361,-112.085784],[7,8,6,45]
QB_JLWTQK6nDa9wa7WWJ7g,33.5183691,-112.0047498,4,[33.5183691,-112.0047498,33.5183691,-112.0047498],[99,11]
yvgSv4X_ZHcI-jkP_cZ1iQ,33.4580019,-112.066235,4,[33.4580019,-112.066235,33.4580019,-112.066235],[61,13,6,112]
sYGCmAr5HWknrMoihaLJ8g,33.58348,-111.883526,9,[33.58348,-111.883526,33.58348,-111.883526],[7,142]
BjwXK5_KhFVW05Qnm3uhAw,33.5024095,-111.9955012,14,[33.5024095,-111.9955012,33.5024095,-111.9955012],[7,142]
GJC9m1EqfKrXmoJmNrEUjQ,33.4967439,-111.9758779,9,[33.483281,-112.0272041,33.5102068,-111.9245517],[99,11,63,27,210]
yQ9GkQjJK3q88DjQxwncXg,33.53329775,-112.0721201,3,[33.49112,-112.079081,33.5754755,-112.0651592],[26,11,119]
zsTAXexpqca1to-Oj-DWqA,33.458871,-112.077177,12,[33.458871,-112.077177,33.458871,-112.077177],[11,206,63]
OoyMyBD0a-QmEJrFzw78Fw,33.55440723103575,-112.0375366,21,[33.4231274,-112.184609,33.6856870620715,-111.8904642],[11,63,48,96,72,184,27,119,99,202]
FaWUm_8Y8-eNpvoewWAw4g,33.455863,-112.072167,1,[33.455863,-112.072167,33.455863,-112.072167],[201,11]
QNMIuQAVFDMtWq6bkWOjag,33.598603100000005,-111.98887535,14,[33.4966128,-112.0872865,33.7005934,-111.8904642],[6,200,26,11,43,63,49,58,57,56,59]
QGttiYtl83jff9wTzB1aiQ,33.2795972846121,-111.791167259216,36,[33.2795972846121,-111.791167259216,33.2795972846121,-111.791167259216],[212,361,11]
TZbyfvyV1Bx9H48pwVLaJw,33.4637755,-111.9185375,9,[33.332733,-112.065439,33.594818,-111.771636],[63,99,11,224,65,133,44,26,39,340,38,265]
WAN7Vla3Q28mwi-h5Nyrsw,33.2497757,-111.6344769,1,[33.2497757,-111.6344769,33.2497757,-111.6344769],[98,7]
0MEUFtapaLB8NTwqnK-M8A,33.4467358,-112.07130325,22,[33.4462981,-112.073781,33.4471735,-112.0688255],[99,11,119]
YhBkDiGVflgB1L9VPpfxxQ,33.6462961,-111.9189477,10,[33.6462961,-111.9189477,33.6462961,-111.9189477],[99,11]
nIlrNXR0nRfEXg6tt69b8g,33.4457178,-111.9230032,5,[33.4457178,-111.9230032,33.4457178,-111.9230032],[159,1,199,32]
_RtZvDI6yQ2_NJDxm0aQAQ,33.5685840575826,-112.151302099228,2,[33.5685840575826,-112.151302099228,33.5685840575826,-112.151302099228],[33,11]
5TilnXi_2ROe8olTWaKxPQ,33.5422616,-111.9411087,4,[33.5123186,-111.995355,33.5722046,-111.8868624],[119,99,11,71,72,265,126,97]
NbP8HS8uEzqAvrdjjNI2jw,33.457743699999995,-111.91717285,3,[33.414345,-111.9213147,33.5011424,-111.913031],[28,17,18,29,192,11]
PnZA_uqiHmWWpN4lg70Ttw,33.534203,-112.2618153,4,[33.534203,-112.2618153,33.534203,-112.2618153],[182,99,11]
JnUar1FxmoUaZc-l0DT_Tg,33.6227207,-111.9176302,5,[33.4941704,-111.992535,33.751271,-111.8427254],[71,72,48,11,13,6,115,22,248,12,7,142,108]
WK2Jh-uBmeqH7oI9IxfSHA,33.401184900000004,-111.95748755,46,[33.3022008,-112.0739136,33.500169,-111.8410615],[117,214,11,38,39,40,140,192,323,6,145,186,57,26,99,43,309,285,119,128,33,251,48]
3kw1IUADKxMF2oQlNzBSyQ,33.6140307,-111.9269693,2,[33.6140307,-111.9269693,33.6140307,-111.9269693],[119,11]
bgdHLZQikBxeVU28keQ4oA,33.39178445,-111.9369286,10,[33.304775,-111.947948,33.4787939,-111.9259092],[309,119,285,11,33]
J6gIvG_PgXfkErFKNgGPgQ,33.3786853,-111.7925535,54,[33.3786853,-111.7925535,33.3786853,-111.7925535],[48,120,11]
0rOIvxlURdppFMU9u5Ep5w,33.49112,-112.079081,2,[33.49112,-112.079081,33.49112,-112.079081],[26,11]
83vV86x_7uuaC8kJe-XHFg,33.6527507,-112.2531658,1,[33.6527507,-112.2531658,33.6527507,-112.2531658],[27,11]
-G3nW2FGLwzqaOqmyKz0-A,33.4033669363438,-111.973214149475,91,[33.4033669363438,-111.973214149475,33.4033669363438,-111.973214149475],[28,17,29]
zeXc5-T-nxwXTmNmZpIM2w,33.4604983,-111.99923945,2,[33.4552907,-112.0106092,33.4657059,-111.9878697],[7,138,8,139,251,11]
jEnErghwHUIQJe5qgt3NWA,33.320203785852,-111.9446939218,66,[33.320203785852,-111.9446939218,33.320203785852,-111.9446939218],[126,97,11]
n7Vi8FB6lKj8ssUl9b77pw,33.44835645,-112.06972275,2,[33.4471735,-112.073781,33.4495394,-112.0656645],[48,11,7,449,97]
VvjYeBXCAvaHJXUuHKn1Aw,33.6403226,-112.0210482,3,[33.6403226,-112.0210482,33.6403226,-112.0210482],[99,185,11]
4DtBamDdmuYGozIHJN9cig,33.4909886,-112.11386815,23,[33.4435853,-112.3447338,33.5383919,-111.8830025],[48,120,11,12,13,6,22,57,99,7,36,69,24,201,26,112,70,45,65,148,204,254,142,108,119,46,30,35]
jd2VXiZH_9MhWXpe2Lr3yw,33.4516584,-111.93171964999999,5,[33.407561,-111.9475246,33.4957558,-111.9159147],[98,7,206,11,88,38,99,39]
MjmCqeBFir8Uf0Lw2_x37A,33.5840123,-111.9223917,8,[33.5840123,-111.9223917,33.5840123,-111.9223917],[7,313,182,48,140,11]
9-Y2cy-7rWPMHrkkYmXFfA,33.4070368,-111.97429525,40,[33.304703,-112.0273984,33.5093706,-111.9211921],[38,39,40,181,11,33,44,168,63,265,28,17,18,29,26,128]
ZmvxbGl5X_vrzmhKcjNZjQ,33.3016438,-111.8415807,1,[33.3016438,-111.8415807,33.3016438,-111.8415807],[65,54,369,105,220]
NdkFQP7J0KjG9g41t1v_uQ,33.43475,-112.00644,200,[33.43475,-112.00644,33.43475,-112.00644],[28,170]
g1HIuhIPGG6mgY3dOC0Bcw,33.4886495,-111.96346750000001,9,[33.466844,-112.016621,33.510455,-111.910314],[38,48,39,11,33,119,93,3,71,72,7,8,99,208,130,6,32,35,129,278,79]
Uu5vb_GPD864D-24ChInrw,33.4004481,-111.9014383,5,[33.3046757,-111.9641728,33.4962205,-111.8387038],[136,17,79,288,159,328,32]
sn8R9lvtfkFnK0ASU4Qgkg,33.321555,-111.709554,2,[33.321555,-111.709554,33.321555,-111.709554],[32,314]
s4FwXFMxtccTpcmUJuEUqw,33.6556844,-111.9300279,20,[33.6556844,-111.9300279,33.6556844,-111.9300279],[99,11]
mYejRaT_t0fKRbiznU-vaA,33.4773605,-112.08156975,12,[33.455863,-112.0909725,33.498858,-112.072167],[7,292,98,139,119,11,201]
yYeA34N81C78hQe1ff2Iqw,33.5242874,-112.0474855,3,[33.5242874,-112.0474855,33.5242874,-112.0474855],[99,127,11]
MObf6PKVJeLAs27tDR_34g,33.3545993,-111.7898391,12,[33.3545993,-111.7898391,33.3545993,-111.7898391],[119,99,11]
Brl48VfxNW-euavSmmGDkw,33.305658999652,-112.31268045,93,[32.943589,-112.7335422,33.667728999304,-111.8918187],[185,11,99,24,322,57,39,145,33,44,27]
Xai50Ujih2RlvelUTFePNw,33.2909097,-112.0357137,1,[33.2909097,-112.0357137,33.2909097,-112.0357137],[374,32,95]
6b6sqlkXPnhw97ROXymaPQ,33.3289935,-111.9127674,4,[33.319377,-111.966307,33.33861,-111.8592278],[212,229,11,7,139,416,36]
Dpb2sssJYJYi3Rh1k5aQmg,33.485047699999996,-112.02963825,3,[33.331778,-112.2183725,33.6383174,-111.840904],[7,108,72,207]
aAp_u2OAi-FWIIODvApKTg,33.3052816858981,-111.720539331436,3,[33.3052816858981,-111.720539331436,33.3052816858981,-111.720539331436],[26,11]
