q0SIbZZ8hMFtVP9G6S5Dpw,33.4281754,-111.99627855,200,[33.303233,-112.1500251,33.5531178,-111.842532],[127,11,7,138,139,97,111,112,113,6,17,33,48,47,28,240,241,265,4,13,115,160,29,72,394,395,26,108,425,170]
3-u_RmWST-vS1xe0XnZy2Q,33.491645,-112.073196,13,[33.491645,-112.073196,33.491645,-112.073196],[38,140,39,40,48,11]
QqndsiMnOxuyhaSzIGmq7Q,33.4373518,-111.7181797,1,[33.4373518,-111.7181797,33.4373518,-111.7181797],[11,63]
L4Ksl4nwhKt1dUCtS3jZOw,33.50943435,-112.11009915,6,[33.4804484,-112.1839297,33.5384203,-112.0362686],[11,27,63,182,223,140,24]
TueVojT4EFXd1lIoP6L-VA,33.4142059,-111.72161750000001,5,[33.3791738,-111.911877,33.449238,-111.531358],[71,72,212,11,434,103,297]
ymZKf-ZkBWHY3JPz2IOzXw,33.457863,-112.068359,7,[33.457863,-112.068359,33.457863,-112.068359],[38,48,39,11]
bWWtNUNZwGkP1P0Y1P3srA,33.585406436745245,-112.01877765,19,[33.4596905,-112.1116606,33.7111223734905,-111.9258947],[99,11,4,13,6,160,212,26,119,7,33,142,224,17,18,292,98,8,10]
UgYrW9Gx_GOD7Bys8qe6yQ,33.5376434,-111.908547,4,[33.5376434,-111.908547,33.5376434,-111.908547],[10,24,11]
8XA7D9BwnL-Xxw_yLwL8hQ,33.572173887214845,-111.99995285,200,[33.489047,-112.083991,33.6553007744297,-111.9159147],[43,11,44,38,143,39,205,113,6,17,18,7,292,108,119,63,224,99,28,29,48,97,26,214,98,206,101]
2TOq4CwfXHZhApNXO62zQg,33.879824,-112.7786845,68,[33.79029,-112.828974,33.969358,-112.728395],[28,190,17,29]
aLMYe6_dtNARFb-XYG1HRw,33.969064,-112.728991,1,[33.969064,-112.728991,33.969064,-112.728991],[185,11]
XwIIa-0SeoEnH6JBpMMiUg,33.63300405,-111.9939056,4,[33.6254188,-112.0474847,33.6405893,-111.9403265],[27,11,63]
Xv8gzlMoMiUB2PxJ1Q20Yw,33.844328,-112.133957,200,[33.844328,-112.133957,33.844328,-112.133957],[26,11]
EOSTFkjEQpcf6DyDJq7gWA,33.621463,-111.8983054,1,[33.621463,-111.8983054,33.621463,-111.8983054],[126,229,43,11]
QYB_Q0c1Pg6wVrguX9WiOA,33.6391363,-112.150244,1,[33.6391363,-112.150244,33.6391363,-112.150244],[210,11]
G6zYvnZVK6xVYgMeb0MLcw,33.837500750000004,-112.0415791,155,[33.8321973,-112.1377888,33.8428042,-111.9453694],[7,8,26,11]
QIYVQciNfc8qvqrv2V7AkA,33.4080992,-111.9265781,1,[33.4080992,-111.9265781,33.4080992,-111.9265781],[84,147]
OgdETu-Usy-8jLYPGkSd2A,33.331773,-111.978279,65,[33.331773,-111.978279,33.331773,-111.978279],[126,11]
3TSKVwNSnM0tfv3qOkmioA,33.6237191,-111.9255427,1,[33.6237191,-111.9255427,33.6237191,-111.9255427],[126,11]
ot5qn5WO6-QEtum3V_Ns-g,33.4655863,-111.9279622,1,[33.4655863,-111.9279622,33.4655863,-111.9279622],[7,24,47,27,11]
iwUN95LIaEr75TZE_JC6bg,33.526559822397004,-111.9929446073975,200,[33.321061644794,-112.2619703,33.732058,-111.723918914795],[84,339,11,63,38,39,40,72,154,7,8,119,182,48,140,26,124,125,49,66,33,117,99,128,126,97,27,218,98,137,139,43,65,133,6,35,34,441,45,224,10,24,36,292,44,185,127,41,168,169,251,265,296,28,170,108,20,243,23,30,13,162,109,161,17,29,219,103,206,146,341,246,423,46,322,57,145,148,204,4,307,200,202,101,285,142,309,80,59,69,110,123,120,327,330,156,47]
2E1zhNtmQKCoo_EYSGxfAw,33.40286425283735,-111.929581,15,[33.3779965056747,-111.943236,33.427732,-111.915926],[26,11,38,7,47,88,39,48,33,119,24,224]
ICOCyNExGsuKxVmpCMVVXg,33.4329724,-111.9043028,3,[33.4329724,-111.9043028,33.4329724,-111.9043028],[126,97,11]
mBs6dVwZdYnsqiTykkv-yA,33.385548,-111.7541801,3,[33.385548,-111.7541801,33.385548,-111.7541801],[126,97,11]
PffbcG3ljYDw9xgT1B0zFQ,33.9662303,-112.7428224,1,[33.9662303,-112.7428224,33.9662303,-112.7428224],[26,11]
qXPZmIqj7Dbhi_HEvD7_Ag,33.4933901,-111.98142035000001,7,[33.4483771,-112.0740373,33.5384031,-111.8888034],[7,232,49,80,82,59]
Aa17p4H5O2vVSL6YqTMtrA,33.49812315,-112.05403000000001,11,[33.4719589,-112.083886,33.5242874,-112.024174],[48,11,57,39,145,7,108,99,127,26,251]
NqeD28GGg1Wdj9BfaHqr4g,33.530488500000004,-112.1001176,200,[33.383123,-112.275337,33.677854,-111.9248982],[84,147,49,57,228,51,93,3,13,6,115,109,38,48,39,11,26,137,7,139,63,27,45,65,148,204,296,119,372,24,292,108,17,99,62,153,225,33,120,69,28,29,52,470,145,103,142,188,23,140,40,8,170,4,5,425,160,327,36,46,30,18,44,127,333,414,21,98,306,87,133,182,236,128,12,22,61,382,163]
FBb9hihH1hCUz-wCQf4iEg,33.55879765,-111.8959388,19,[33.4916237,-111.9261846,33.6259716,-111.865693],[57,69,168,169,11,38,39,101,27,26,10,63,24]
lKAr9jH7rfpN8YuOOZyHDw,33.44312415,-111.90383529776,49,[33.2614572,-112.065458,33.6247911,-111.74221259552],[99,11,221,38,39,40,26,27,48,24,265,126,97,475,119,7,36,128,108,172,109,63,210,212,8,6,116,113,33,47,161,28,65,17,29,352,244]
VDkGxdf0bmMwIiLyEnXVeQ,33.3778312,-111.91936000000001,82,[33.2617311,-111.9778751,33.4939313,-111.8608449],[63,27,11,99,185]
spv0G_j8KgUjsXryWedTzQ,33.3927485,-111.9806909,1,[33.3927485,-111.9806909,33.3927485,-111.9806909],[26,11]
myXBKK9mc5uDeLpc0ruWWA,33.493947,-111.922301,9,[33.493947,-111.922301,33.493947,-111.922301],[28,17,29]
N1MjSC3c4KEd_jEcr1bNLQ,33.607211199999995,-112.1231052,24,[33.4492414,-112.32068,33.765181,-111.9255304],[374,32,95,168,265,11,38,39,40,182,48,140,26,119,99,49,178,17,18]
_UntjFaTK8MCx7EfBVtSAg,33.5212351,-111.8903275,200,[33.4194512,-111.915926,33.623019,-111.864729],[43,11,28,17,29,38,99,128,39,7,47,88,48]
hBKgLtiPN4bWWI-_Kb1-mw,33.4148837,-111.9169665,44,[33.4148837,-111.9169665,33.4148837,-111.9169665],[192,11]
bZaSmDxmKbVNOOAdzxX_bg,33.4985073,-112.00256575,28,[33.4548476,-112.0800705,33.542167,-111.925061],[38,128,39,63,27,24,11]
oPlxDCDQ7EN909H2ExDbCg,33.49447,-111.924226,12,[33.49447,-111.924226,33.49447,-111.924226],[38,39,28,17,29,11]
Ua0LXWpeIRGhnDBnhWHK4Q,33.4922985,-111.9245517,10,[33.4922985,-111.9245517,33.4922985,-111.9245517],[210,11]
-vYXx48V-WZP-zhoycttiQ,33.79921375,-112.0973655,2,[33.798477,-112.127874,33.7999505,-112.066857],[27,11]
q72sadHXNCjkvMxsjwHxBw,33.5612589,-112.1156244,91,[33.5612589,-112.1156244,33.5612589,-112.1156244],[48,185,11]
obc78GRakDExMOm0N_fQIw,33.477487350000004,-112.04940785,5,[33.448717,-112.059954,33.5062577,-112.0388617],[177,140,11,26]
rK3cGdOQBAsODZBC2thZvQ,33.5019817,-111.9276185,1,[33.5019817,-111.9276185,33.5019817,-111.9276185],[64,65]
OBSqWZVUNAUtYvsdRb4DuA,33.3775316,-111.8596924,1,[33.3775316,-111.8596924,33.3775316,-111.8596924],[210,181,11]
GywNr_rMfszS5R6VX8Qtdw,33.6251838,-111.9255108,1,[33.6251838,-111.9255108,33.6251838,-111.9255108],[168,265,11]
9AKUOubymeUxAY2BfEgKUA,33.4575955,-112.00529499999999,3,[33.423546,-112.073196,33.491645,-111.937394],[38,140,39,40,48,11]
fGeRZlH2YEStxl4b3-Riww,33.5227721,-111.9001502,1,[33.5227721,-111.9001502,33.5227721,-111.9001502],[10,63,24,11]
EtRqkcj-ckGrJCazrdzR_g,33.50419345,-111.98059375,200,[33.43065,-112.1174765,33.5777369,-111.843711],[27,11,57,327,38,99,39,265,128,127]
eUWIJ8KXAnvwiSBzmobeWA,33.4809956,-111.909292,4,[33.4809956,-111.909292,33.4809956,-111.909292],[7,162]
GOs2bk82fZ5XkQeUvMfXQA,33.343333736137495,-111.807054100514,4,[33.233464772275,-111.9266566,33.4532027,-111.687451601028],[43,11,27,63]
xD2UZ82SyqHWSapHJsXMBg,33.475597,-112.126253,1,[33.475597,-112.126253,33.475597,-112.126253],[7,139,8,423]
viktEB8hfkR81lFNqg1EtQ,33.5346555,-112.13540775,11,[33.430535,-112.345359,33.638776,-111.9254565],[26,11,24,229,33,7,189,10]
_VNTAefAwYnVWWn2mcWl6w,33.5299053,-111.926437,2,[33.5299053,-111.926437,33.5299053,-111.926437],[265,11,483]
YUv-p5WVOUn2BJdj4b4B7w,33.5219518275351,-111.97437286377,3,[33.5219518275351,-111.97437286377,33.5219518275351,-111.97437286377],[49,445,66,52]
Gp-UGDvk9KpI5cFhD4Lfgw,33.5102068,-112.0272041,1,[33.5102068,-112.0272041,33.5102068,-112.0272041],[48,11]
dMrwh-CGrCT0HOf5WLuySQ,33.5309449,-112.00485524999999,11,[33.501936,-112.082092,33.5599538,-111.9276185],[38,48,39,11,26,99,7,292,142]
8zd88Ixed46J2Y1wgU0WSg,33.61863605,-112.10024634999999,5,[33.5242874,-112.1530072,33.7129847,-112.0474855],[24,11,251,99,127,27]
5SvIG9085uTqpFp0pr7hxA,33.4373684849164,-112.002139091492,12,[33.4373684849164,-112.002139091492,33.4373684849164,-112.002139091492],[38,26,39,40,11]
mTjfCNU3Kojzvk20v0QQkQ,33.4940321,-111.9218306,1,[33.4940321,-111.9218306,33.4940321,-111.9218306],[119,26,185,11]
IEbwCDw0yCXPp2kiOvPCpw,33.522003999999995,-111.92212275,6,[33.495263,-111.928554,33.548745,-111.9156915],[158,28,38,143,39,26,11]
yGv8L2TYM4sW5KcM21tB7Q,33.4922985,-111.9245517,52,[33.4922985,-111.9245517,33.4922985,-111.9245517],[210,11]
83UjWE-VBOoOws1oI4JhfA,33.63333135,-112.11551065,3,[33.626933,-112.1302903,33.6397297,-112.100731],[212,26,11]
cPZSCJDUZ2EN7oTgYwXW1w,33.4754143,-112.05454125,5,[33.4548476,-112.0800705,33.495981,-112.029012],[98,7,108,63,27,24,11,119,201,104,132,105,65]
Z6yII6NBXwNAE9NkVwxv3w,33.66836975,-111.84370445,39,[33.5670375,-111.9184649,33.769702,-111.768944],[49,276,28,158,17,29]
GjtZEyzLKT6WAucL60nznA,33.4552907,-111.9878697,48,[33.4552907,-111.9878697,33.4552907,-111.9878697],[7,8]
Y-Qr20V1cNrzVZQEdXyduQ,33.6247596,-111.9329381,200,[33.6247596,-111.9329381,33.6247596,-111.9329381],[28,17,29]
mBk4T3a0pzobc_A3OrnQEA,33.641262999999995,-112.18481750000001,8,[33.612401,-112.187708,33.670125,-112.181927],[137,7,139,11,63,197,198,23]
WNKUMh0nR-aq7-CExEBn4g,33.567221,-112.115581,2,[33.567221,-112.115581,33.567221,-112.115581],[88,38,39]
zPiEroQrxxyBrHSUAcymBg,33.58101255,-112.03494889999999,86,[33.331655,-112.1528407,33.8303701,-111.9170571],[28,17,29,126,97,11,265,224,98,7,65,133,33,119,99,47,48,38,39,251,205,57,69,40,18,206,109,63,475,56,143,210,44,24,292,149,26,88,101,212,361]
_Pcu--HeFV94yAgHHdBQbQ,33.3255257,-111.6876868,3,[33.3255257,-111.6876868,33.3255257,-111.6876868],[173,6,112]
1dMnSXjkIissU6824QVvJw,33.412329650000004,-111.53833370000001,3,[33.408316,-111.5460894,33.4163433,-111.530578],[26,11,119]
BFRoUfAdeYyvITqZ8QhWfA,33.4716339,-111.9969627,2,[33.4423345,-112.0736563,33.5009333,-111.9202691],[38,39,40,11,99]
deFp0FK9GqM9duW8Sqvi9w,33.4405638,-112.05419284999999,11,[33.3702541,-112.134201,33.5108735,-111.9741847],[265,11,43,112,6,254]
qu4HwseJSKqpsxWdxfKX4g,33.348162,-111.9819,114,[33.348162,-111.9819,33.348162,-111.9819],[26,11]
9Egprvw3f9UmfEGW5azU3Q,33.63987,-112.13727945,6,[33.638908,-112.154359,33.640832,-112.1201999],[126,11,26,39,38,27,128,210]
effnaKcRM6AdtUrw_J6puw,33.5242968,-112.04337715,12,[33.4951366,-112.098337,33.553457,-111.9884173],[177,140,11,48,27,182]
KSTOdz0lSFCkqBSRNwjERA,33.43244985,-111.9937001,165,[33.261657,-112.5016551,33.6032427,-111.4857451],[63,27,11,24,44,229,43,7,162,182,99,38,39,40,65,133,74,373,251,153,108,48,13,6,115,372,49,341,128,26,66,333,10,33,117,445,52,224,28,506,127,404,451,168,42,142,57,69,97,98,119,181,212,126,293,47,88,177,140,185,139,8,36,225,149,312,146,17,152,144,205,138,137,292,309,285,101,9,4]
6rZ8O4ml4UhzZZTqNqYUgw,33.5635896,-111.955907383354,15,[33.5023881,-112.0039285,33.6247911,-111.907886266708],[49,50,52,11,63,267,182,172,195,65,54,55,122]
JPAF4YSek6iDPuUEAgAJDw,33.3547012,-111.7897898,1,[33.3547012,-111.7897898,33.3547012,-111.7897898],[7,108,48,11]
5BwfyMasVA7BC724bCOhqQ,33.5670375,-111.9184649,8,[33.5670375,-111.9184649,33.5670375,-111.9184649],[28,158,17,29]
aql_NLLS_wjBij8RDoc-vQ,33.45787605,-111.9411095,99,[33.413158,-112.00644,33.5025941,-111.875779],[265,48,11,251,28,170]
bIVnclr28abP6XP79jWFlg,33.40374651454645,-111.880261009354,17,[33.2832226290929,-112.075677,33.5242704,-111.684845018708],[7,24,108,119,11,201,96,72,99,57,27,39,145,43,71,275,269,48,162,307,172]
YdpKyJVvCchl9PasApgatg,33.5754755,-112.0651592,80,[33.5754755,-112.0651592,33.5754755,-112.0651592],[119,11]
1wwKwLKGZuIe-NYcStTMQQ,33.2475,-111.87918,1,[33.2475,-111.87918,33.2475,-111.87918],[26,127,11]
ay5cNdXr-76FDHXsRJgNgQ,33.6384222,-112.21050120000001,13,[33.637161,-112.2212624,33.6396834,-112.19974],[182,48,140,11,265,126,30,13,6,85,24]
FdTiUJh4NRewatdg0I6flw,33.482610199999996,-112.0672501,7,[33.4556584,-112.0736825,33.509562,-112.0608177],[7,139,36,26,11,38,181,39,40,212,63,97]
1rikkTpCezJ3BLBVuVbo0A,33.6350513,-111.9239104,136,[33.6241241,-111.9307637,33.6459785,-111.9170571],[33,265,11,168]
SKSm8V_NdEbsJ6ezjNUQtQ,33.45,-111.97,6,[33.45,-111.97,33.45,-111.97],[7,189]
sM8HBdKe0I67efiliG642w,33.4064076,-111.7716542,1,[33.4064076,-111.7716542,33.4064076,-111.7716542],[33,11]
X7LMtkFpWDvP6frbHAGrng,33.4484279,-112.0731767,1,[33.4484279,-112.0731767,33.4484279,-112.0731767],[13,6,22,21]
frUTLkIjP33OtmcZ6foAiQ,33.485846869677744,-112.21166478784201,7,[33.4330978393555,-112.557640075684,33.5385959,-111.8656895],[251,11,7,162,36,38,39,40]
PY4J4h-A3uIajO37BO_P7Q,33.5612589,-112.1156244,72,[33.5612589,-112.1156244,33.5612589,-112.1156244],[48,185,11]
D65iEWeiDCVF_76ICJwCpg,33.4720905777243,-112.39201426506,1,[33.4720905777243,-112.39201426506,33.4720905777243,-112.39201426506],[126,11]
sxJkdYa_puuahGbTs7osUw,33.4354634,-112.0069893,1,[33.4354634,-112.0069893,33.4354634,-112.0069893],[98,7,24,11]
4AbDNDzebPpUPOJhh24-Eg,33.580031999652,-111.9510845472445,63,[33.492335,-111.978514194489,33.667728999304,-111.9236549],[322,57,39,145,38,99,40,11]
YgjZpReRQwK-kxDvEDKSKA,33.6411275,-112.231129,1,[33.6411275,-112.231129,33.6411275,-112.231129],[71,72]
lja1H0BBmBe0RU1xsFCjZg,33.3197472,-111.978112,1,[33.3197472,-111.978112,33.3197472,-111.978112],[57,69]
6qTA7oelKwpevf1lL_bIVA,33.542631400000005,-112.00504749999999,24,[33.413158,-112.134316,33.6721048,-111.875779],[48,11,63,27,49,38,39,128,341,7,9,17,18,120,99,57,145,126,97,445,66,52,109,140,40,251,8,119,181,26]
BQ_WTijKUVgP2x5FzR-paQ,33.556242499999996,-112.0435765,45,[33.445899,-112.203627,33.666586,-111.883526],[126,11,57,327,7,142,43,48]
G5vTGbTHvyg8J9xmLLBy7Q,33.498028,-111.927951,2,[33.498028,-111.927951,33.498028,-111.927951],[352,48,11]
6Iaxy8UK-UHY6DRJS_bb5g,33.50201,-111.9313599,8,[33.50201,-111.9313599,33.50201,-111.9313599],[265,11]
wNVwLITu6zGbab2SXJyGWA,33.6099116,-111.7295047,1,[33.6099116,-111.7295047,33.6099116,-111.7295047],[7,9,201,11]
D8w3hvqN5oHTzAGAkd3iEA,33.56000725005375,-111.9543601,7,[33.4925020001075,-112.013309,33.6275125,-111.8954112],[98,7,24,11,104,65,119,99]
XTxCH6ZctkyqNs9jR-uWbw,33.5095354,-112.0275918,1,[33.5095354,-112.0275918,33.5095354,-112.0275918],[33,11]
dlScGHB0aY0gSSTVMJgGPQ,33.4566960573784,-112.072327136993,1,[33.4566960573784,-112.072327136993,33.4566960573784,-112.072327136993],[119,11]
I2XnAbRfCRGUALLIXbpPUg,33.5708131,-112.0657374,35,[33.5708131,-112.0657374,33.5708131,-112.0657374],[26,11]
D6J7pwjvAsd9VwzIrMzC7w,33.67524455,-111.9068314,8,[33.581154,-111.927268,33.7693351,-111.8863948],[378,6,77,35,32,8,116,7,36,113,79,121,133,105,195,65]
DZR454N2c0nu6bOyQ0tsEQ,33.530344400000004,-112.10517938613299,9,[33.421909,-112.259674072266,33.6387798,-111.9506847],[244,11,117,7,33,142,120,27,63,28,271,109,38,39,24]
twtXc9lTdKd2xaa4iuMEpw,33.555038,-111.894539,2,[33.555038,-111.894539,33.555038,-111.894539],[79]
Od-H9HkTG4PgWGJP4_pFGw,33.422626300000005,-111.97598425000001,9,[33.3350458,-112.0745395,33.5102068,-111.877429],[48,11,38,99,39,40,168,42,43,27,177,101,119,26,7,8]
Lqhi1fqjN_ilh7GoxVEoeA,33.432283,-111.9023395,2,[33.432283,-111.9023395,33.432283,-111.9023395],[6,32,302,110,1,141]
2U9fNmNZBtR9JGNKAWeGjQ,33.424522,-111.940409,1,[33.424522,-111.940409,33.424522,-111.940409],[88,38,39,40]
OjJioOZCwXtwZswpACNt5Q,33.42827045,-111.9010677,42,[33.362719,-111.9259965,33.4938219,-111.8761389],[89,11,39,119,26,38,7,142]
2KyJLMY3jmASmwtnmlBuvw,33.51968945,-112.01117629999999,70,[33.3406452,-112.132431,33.6987337,-111.8899216],[99,11,6,45,120,38,140,39,40,48,63,60,205,322,49,57,52,112,151,14,15,119,24,88,89,26,7,8,35,76,397,56,47,142,108,168,265,109,34,43,28,442,241,177,206,138,139,33,212,97,27,126,77,157,103]
8E6W1Y-wI0oBMyOX-hHA9w,33.50022045,-112.04577599999999,8,[33.4329724,-112.1872492,33.5674685,-111.9043028],[27,11,63,24,26,7,292,185]
GXdr2_1zgB9JA-YrmPf3_g,33.3053855,-111.966488,1,[33.3053855,-111.966488,33.3053855,-111.966488],[161,65,133]
Nbg7f3pzwZY9frPSDHgM6Q,33.3259413861375,-111.82642405,19,[33.233464772275,-111.9692411,33.418418,-111.683607],[7,108,48,11,119,120,71,72,38,26,39,84,147,99,43,36,8,419,6,200]
6aLO6D6So9sTDAFgUjEE-A,33.491546,-111.923427,5,[33.491546,-111.923427,33.491546,-111.923427],[26,11]
T-twa3Kx7tOW9f6as_qoEQ,33.66928515,-112.02992585,29,[33.4942423,-112.133957,33.844328,-111.9258947],[7,292,26,11,38,265,39,99,126,119,48]
OR5a1mXpxkgQjP6foOqiGg,33.55347475,-112.09019475,8,[33.4360415,-112.2400641,33.670908,-111.9403254],[126,97,11,28,240,241,63,7,142]
RQ97041ZHSLPqOgSQCv3sQ,33.4958376568733,-112.068734249649,5,[33.453804,-112.0823075,33.5378713137466,-112.055160999298],[7,142,292,57,69,48,11,63,27,24]
lEqTAm47rLt_6EI9Ey8kSw,33.544318000000004,-112.0532695,12,[33.449233,-112.180066,33.639403,-111.926473],[338,382,206,11,27,7,36,119]
ybqefmZImSyNl6lA2EAD1Q,33.4956673,-111.9330396,1,[33.4956673,-111.9330396,33.4956673,-111.9330396],[129,278,79]
8BpqSYMbrKyiZJuaiN9v2w,33.43936925,-112.0056462,200,[33.3788924,-112.0825915,33.4998461,-111.9287009],[24,11,38,143,39,205,192,140]
W4RzVCFQEu0b2x35TVTvoA,33.5825532,-111.9301931,2,[33.5825532,-111.9301931,33.5825532,-111.9301931],[38,212,41,39,11]
1IZR6nrmD-fXf1nMZYom6A,33.4187745,-111.98990789999999,81,[33.384623,-112.075513,33.452926,-111.9043028],[7,46,6,57,99,91,11,38,47,88,39,48,201,10,28,442,241,49,146,341,193,80,59,170]
plAU1jDM0q_Hqm-GF8TdeQ,33.4472396,-111.85290370000001,5,[33.3997,-111.9175074,33.4947792,-111.7883],[113,6,17,116,161,105,195,65]
wHLydvzH5bUt0hQlovTMhQ,33.266696887038,-111.99153418078,65,[33.266696887038,-111.99153418078,33.266696887038,-111.99153418078],[28,29,17,11]
Nc_KHs1GNT2lgTLkHo8axw,33.4741375,-112.0649666,1,[33.4741375,-112.0649666,33.4741375,-112.0649666],[119,201,11]
SySsCa_sJ8LPwFo90bsYVA,33.501799399999996,-111.81731245,19,[33.4373518,-111.9313599,33.566247,-111.703265],[265,11,168,99,126,97,311,88,38,39,48,63]
bXco3thg3tUuG_S5Nas8JQ,33.639276800000005,-111.92244794999999,7,[33.5999386,-111.9797159,33.678615,-111.86518],[123,65,7,47,48,27,11,126,97]
Jbqw1fSNgiSBl8rt6jNnoQ,33.4075588,-111.9169676,18,[33.4075588,-111.9169676,33.4075588,-111.9169676],[38,99,39,11]
sq5_a8ViavwYluC1TzU2Ew,33.59953675,-112.1156974,9,[33.5612589,-112.226631,33.6378146,-112.0047638],[30,8,13,6,7,110,48,185,11,26,127,246,17,18]
EbuXTfcfn-4ZVTLsCqx1PQ,33.303222,-111.957165,2,[33.303222,-111.957165,33.303222,-111.957165],[434,103]
jirwYDyTiEnFpJLPCv5z1A,33.4148812,-111.9167809,27,[33.4148812,-111.9167809,33.4148812,-111.9167809],[27,11]
C-kkL06MZ5Gt9B9msf-DmQ,33.41712725,-111.91944815,6,[33.3351559,-111.9631173,33.4990986,-111.875779],[251,11,38,265,39,74,24]
ZFvxp2Wq8ZkUmyVu8XXetw,33.484487,-112.07643,28,[33.484487,-112.07643,33.484487,-112.07643],[38,143,293,39]
odsfSlKTZSsuunDxcXUUuw,33.480114650000004,-112.0734791,8,[33.468226,-112.221156,33.4920033,-111.9258022],[224,11,126,97]
4NJSlYZPpDrRBLiiHremZA,33.5814339,-111.8795353,1,[33.5814339,-111.8795353,33.5814339,-111.8795353],[48,11]
jJ9htYb91d4JyNzM3bbMaQ,33.605021182323895,-111.994957171017,5,[33.5950968646478,-112.065436542034,33.6149455,-111.9244778],[28,17,29,71,72]
FGmx7K2MTVdD9eBfVse-gw,33.3550442,-111.7895308,10,[33.3550442,-111.7895308,33.3550442,-111.7895308],[185,11]
UMrusiywQ548OhlovQXyNA,33.3740437,-111.9194609,2,[33.3740437,-111.9194609,33.3740437,-111.9194609],[57,56]
82LUelkkyEF3a7fvjzHFRw,33.4692717,-112.00122255,94,[33.445492,-112.068489,33.4930514,-111.9339561],[57,327,28,17,29]
2dQvXcMRc7K3-fIymxBqAw,33.52440700756151,-111.97761419599601,12,[33.424778,-112.0272041,33.624036015123,-111.928024291992],[206,11,39,38,40,177,140]
8Pvf6MYSXxCdZSr_pXJ5fQ,33.5356443192857,-112.0000933621275,3,[33.5061904385714,-112.0737503,33.5650982,-111.926436424255],[48,11,109,38,210,39]
55bCAA6mn6iF8yBkQvsxvg,33.56813725,-112.01759485,24,[33.4527955,-112.0693177,33.683479,-111.965872],[212,229,11,26,127,265,48]
TMK2ZTPp3_9Ts-hqq40Twg,33.4576538194986,-112.302675247192,13,[33.4576538194986,-112.302675247192,33.4576538194986,-112.302675247192],[28,17,29]
cRRcTIQxh4212rTukw58Cg,33.50883895,-112.00848389999999,7,[33.4514309,-112.091191,33.566247,-111.9257768],[38,101,33,39,128,11,99,48,206]
lJi8hvDEusdkKEidL04bZg,33.4353627,-112.06900544999999,14,[33.332282,-112.1830859,33.5384434,-111.954925],[311,11,337,431,32]
0ekHpwODtUAFB4Jp1SCCpA,33.6700062,-111.8937754,11,[33.639419,-111.9235128,33.7005934,-111.864038],[26,11,27]
bQRJY-hXDE5RLvYwsk3C2Q,33.3439063,-111.84564215,5,[33.2563007,-112.0561119,33.4315119,-111.6351724],[26,11,44]
l2z06FyJkzGOZ6MQgi1Mzg,33.4837421,-111.86800095000001,7,[33.3480722,-111.9487453,33.619412,-111.7872566],[7,162,44,24,11,119,62,17,142,33,10,126]
fjX6ps2dYqkw9XO9ahEYRQ,33.594818,-112.065439,3,[33.594818,-112.065439,33.594818,-112.065439],[63,99,11]
d9DsbPMNod0rScSQQxwJIQ,33.5086952779617,-111.927080154419,30,[33.5086952779617,-111.927080154419,33.5086952779617,-111.927080154419],[99,11]
C7KknhxdQHAQNK7didu5mw,33.44906,-111.925621,2,[33.44906,-111.925621,33.44906,-111.925621],[446,11]
UESTLMBPwFDKeTx-st-ghQ,33.6387136,-112.354406,45,[33.6387136,-112.354406,33.6387136,-112.354406],[27,11]
8Y58xwPu-PhkyqzFiGQ-JQ,33.42827005,-111.9990965184965,198,[33.348162,-112.072327136993,33.5083781,-111.9258659],[26,11,265,161,28,65,17,29,38,7,57,18,109,209,39,119]
rR9JQw7pigdKcStrRDcoQg,33.6387746,-112.1709674,4,[33.6387746,-112.1709674,33.6387746,-112.1709674],[99,120,11]
N3tOIz7myy4YasKwuEgoyA,33.47638825,-112.00237955,69,[33.4146742,-112.0962274,33.5381023,-111.9085317],[109,38,39,206,11,26,40,62,27,17,251,7,162,63,33,117,265,161,28,65,29,48]
BZcny-x4I7t12vr-m_0DoA,33.678615,-111.9746066,6,[33.678615,-111.9746066,33.678615,-111.9746066],[27,11]
NauDMao9ksrhpk8eEecxzA,33.528374150000005,-111.98374595,123,[33.4732683,-112.0839659,33.58348,-111.883526],[99,11,7,33,142,24,27]
pfgOJ9ODhbkVSSpibh2hJQ,33.55389525,-111.9420905,11,[33.479887,-112.100731,33.6279035,-111.78345],[224,11,119,24,27,84,385,26,212]
K5gH9yJr9440RqoreAIODw,33.467211750000004,-112.01488570000001,166,[33.432014,-112.042844,33.5024095,-111.9869274],[7,8,119,11,28,271,17,29]
YZM8lmG3VQtH9d4zFjmEpQ,33.617295,-111.92646165,14,[33.6097989,-111.9271921,33.6247911,-111.9257312],[11,63]
VA5zvXwaaj81_tjiQCH2mg,33.4633032,-111.9123465,59,[33.3024823,-112.0698929,33.6241241,-111.7548001],[218,11,63,7,8,48,24,57,69,33,265,26,27,104,105,65,206,41,43,212,168,261,54,55,38,39,40,224,71,72,109,440,126,293,352,88,298,210,49,50,52,134,135,97,307,6,32,302,110,1,141,108]
skoIpkv7lVivV3ZuBKssmg,33.413324,-111.873436,7,[33.413324,-111.873436,33.413324,-111.873436],[43,11]
7ePQuDROr_yRr9C8y-JFDA,33.594818,-112.065439,3,[33.594818,-112.065439,33.594818,-112.065439],[63,99,11]
STpnpds2AYkfN53n9KMMJw,33.573816,-111.537675,1,[33.573816,-111.537675,33.573816,-111.537675],[49,305]
wYvcMqXpUtrIYEsOxccWUQ,33.6556844,-111.9300279,2,[33.6556844,-111.9300279,33.6556844,-111.9300279],[99,11]
jq3E4qcYVL7TJyLjVho8fA,33.673667,-111.8892551,46,[33.673667,-111.8892551,33.673667,-111.8892551],[17,62]
7lVPyASKEg12lFD72-Eebg,33.3787123,-111.8773052,2,[33.3787123,-111.8773052,33.3787123,-111.8773052],[27,11]
Hq_9F0bcfxZ_unvdDGuV-Q,33.638471,-112.135509,1,[33.638471,-112.135509,33.638471,-112.135509],[129,78,278,79]
j9WLbAKAYJCjUTdP6OTFmg,33.55983055,-111.9461596,6,[33.4942423,-111.965872,33.6254188,-111.9264472],[39,119,48,38,11,27,120,265]
WborPkaniIrcK8p_0LrXlQ,33.579256599999994,-112.09377345,2,[33.534203,-112.2618153,33.6243102,-111.9257316],[182,99,11,7,292,48]
3JUbL626n69VJzJWSnifrg,33.2987837,-111.88377395,6,[33.261657,-111.9080449,33.3359104,-111.859503],[65,133,11,63,54,55,122,24,119,120]
fqWm98b84ZMDGaeB9p33Gw,33.626109,-111.924591,1,[33.626109,-111.924591,33.626109,-111.924591],[65,133]
CR2DPkqxtBe6D96eCq1QKg,33.49231465,-111.92989855,190,[33.4915779,-111.9339561,33.4930514,-111.925841],[119,38,48,39,11,28,17,29]
bBvuafDBR7LlmmYQTmmdrw,33.6306485,-111.8969589,4,[33.629168,-111.9023478,33.632129,-111.89157],[193,80,81,54,59,49,38,11,99,128,39]
DwqGre4SdTa-D1SlNn3DlQ,33.60424143572595,-112.1113918049605,2,[33.5815498714519,-112.122052609921,33.626933,-112.100731],[7,142,99,11,212,26]
0Eck5WWuXkzee6uvqMy6zg,33.482364149999995,-112.004907,14,[33.427732,-112.0915342,33.5369963,-111.9182798],[309,119,285,11,38,99,128,39,26,7,142,108,24,126,97,177,140,4,6,425]
au98D2-Op6Dq0ShyYAgjBQ,33.3359461,-111.85877535,5,[33.2587342,-111.876337,33.413158,-111.8412137],[251,43,11,99,7,162,126]
lC2cR8E5LYta2HOhXdMlYA,33.50813115,-111.9893869,3,[33.492517,-112.0487368,33.5237453,-111.930037],[38,7,57,18,109,209,17,39,48,11]
5xTpPRRlY_BHTldYVIzTxw,33.43535975,-112.00558749999999,8,[33.423546,-112.073781,33.4471735,-111.937394],[38,39,48,11]
rs9kSNBKTj-NMuj-uBuFEg,33.4949597,-111.98959,13,[33.4949597,-111.98959,33.4949597,-111.98959],[11,140,63]
LIgWPN52Enpn7EQkUPlJxA,33.49112,-112.079081,3,[33.49112,-112.079081,33.49112,-112.079081],[28,17,29]
YEDknaUor2PKJvIipNktGA,33.234537,-111.615091,1,[33.234537,-111.615091,33.234537,-111.615091],[32,203]
PpxLALnW69tdpPyUWaO__Q,33.4657309,-112.0658841,17,[33.4657309,-112.0658841,33.4657309,-112.0658841],[7,9,10,11]
uTigTfhQ_kKXkMXMYz7S7g,33.4813696,-111.926199,200,[33.4765807,-111.9265203,33.4861585,-111.9258777],[26,11,28,17,29]
vte3EblZK2Ltm5E_t682XA,33.6856870620715,-111.925299167633,1,[33.6856870620715,-111.925299167633,33.6856870620715,-111.925299167633],[202,72]
b0ab1S99VN1XuM1-pukt_g,33.3711836328515,-111.93018090780299,12,[33.2644333,-112.07352364174,33.477933965703,-111.786838173866],[38,7,47,88,39,48,11,224,33,142,181]
D7JNagyps-1BOe4j2L0WRg,33.5066396,-112.047917,3,[33.3774958,-112.1705068,33.6357834,-111.9253272],[49,80,82,59,161,123,65]
Ec4bUR0GF8wGVxnJkwV31A,33.5268648,-112.0739061,8,[33.4657823,-112.1164668,33.5879473,-112.0313454],[38,210,26,39,11,168,169,78,79]
_JdXcWfGVHZuAZ08dMAUvg,33.427634,-111.899966,3,[33.427634,-111.899966,33.427634,-111.899966],[63,27,11]
kEVHM4-HU_9vd4dbmHtezA,33.462612050000004,-111.93524475000001,20,[33.42263,-111.940813,33.5025941,-111.9296765],[182,48,140,11,27]
Xfv8_MeZi8Dev5hx5-ISwQ,33.4651030075615,-112.08384129999999,20,[33.30617,-112.2400641,33.624036015123,-111.9276185],[210,11,109,38,39,63,177,140,126,97,119,99,265,48,206,212,128,7,108]
ZLenbJsbMXJxX4qSd3MzsA,33.375431792472,-111.956916911055,11,[33.3060616,-112.07211772211,33.444801984944,-111.8417161],[38,99,39,128,185,11,6,345,35,84,346,264,98,7,62,17,24,26,77,76,33,15,25]
cI2pAiUvRbAgjVIyPjfijg,33.509578,-112.060185,4,[33.509578,-112.060185,33.509578,-112.060185],[63,27,11]
b2KyPMSjQsVVIca5yjsqpw,33.6029769,-111.9782883,1,[33.6029769,-111.9782883,33.6029769,-111.9782883],[249,6,15]
bITqkdi9OIsQXUpowk_saQ,33.4505131894845,-112.00130645,7,[33.378062078969,-112.0823438,33.5229643,-111.9202691],[7,108,38,140,39,40,48,11,101,57,145,99]
d1zJj49Q5ikgvqQX0534RQ,33.486294999652,-111.9797829,20,[33.304861,-112.0846008,33.667728999304,-111.874965],[182,218,11,7,8,292,48,140,172,212,43,57,69,224,49,387,108,119,417,80,231,59,307,322,39,145,127,27,208,6,35,52]
Zfdj1VTM8cBRqj01i7GSww,33.5373574494098,-112.15024500000001,11,[33.4640982988196,-112.25351,33.6106166,-112.04698],[265,11,43,26,212,97,10,27,177,140,24,7,139,36]
P1BxP5rQk-C9irYMmGw7Ag,33.683226,-112.092802,6,[33.683226,-112.092802,33.683226,-112.092802],[185,11]
H1nxPrmQfK_JJZJQlppFrw,33.495074,-111.9891177,3,[33.495074,-111.9891177,33.495074,-111.9891177],[6,155,54,156]
pdxnev2RMQUFs5f8Cgs-VA,33.220295,-111.867508,34,[33.220295,-111.867508,33.220295,-111.867508],[7,142]
s7Tm9oYWqRlBm5ex2OQ1nw,33.502625,-112.13403224999999,129,[33.304138,-112.4268472,33.701112,-111.8412173],[97,11,126,7,138,139,251,212,48,63,149,43,292,218,265,98,206,99,41,194,108,8,33,162,224,373,196,142,172,119,27,26,430,182,168]
GV40APiM60CXnX7TAzYV0Q,33.6302537,-112.2383046,1,[33.6302537,-112.2383046,33.6302537,-112.2383046],[7,162]
8wgQZRzmVxLUXa9Zrwkc1g,33.4495944,-112.0732071,76,[33.4495944,-112.0732071,33.4495944,-112.0732071],[28,17,29]
caLj8JifatzuBB6zbtNjyw,33.64260325,-111.9984948,8,[33.4642695,-112.0741442,33.820937,-111.9228454],[7,9,10,11,99,63,27,48,108,201,119]
eDjNezOwrm7l0fuEiiXEbA,33.58069895,-111.9518456,29,[33.4608045,-112.029562,33.7005934,-111.8741292],[224,11,88,38,39,298,65,133,26,96,72,265,84,419,57,470,145,49,50,52,80,82,59,161,28,17,29,251]
vynHUkNRnqlWyuaCM9NZcQ,33.619986999999995,-111.89721055000001,2,[33.619412,-111.8980932,33.620562,-111.8963279],[44,24,11,119]
AqmQY5Mr_Xg0oLpz1vNDrA,33.65379,-112.23381,1,[33.65379,-112.23381,33.65379,-112.23381],[65,133]
Jiefw-gfXPrjdWCTAMo7ew,33.376765500000005,-112.012381,9,[33.304814,-112.059954,33.448717,-111.964808],[208,6,35,26,11,7,8,148,142]
_8eGLKjVpGK_mxwM8mlOgA,33.41806135,-111.9619304,25,[33.3781837,-112.0520855,33.457939,-111.8717753],[26,11,38,168,298,88,39,7,47,48,99,128,218,41,177,212,361]
Ppw7sRJgjAh4HqshxEHZvA,33.656005,-112.09836,2,[33.656005,-112.09836,33.656005,-112.09836],[126,43,11]
BQBi0UVhsiut14E6uh1YKg,33.5163565,-111.974492,161,[33.449233,-112.065458,33.58348,-111.883526],[27,11,33,119,99,210,7,142,63,26,28,17,29]
K3-1YWfBCBCiwLtEaP_Epw,33.420862650000004,-112.08060660000001,41,[33.3056593,-112.263551,33.536066,-111.8976622],[7,48,47,11,27]
x0KuRiJPvCG_vjEWJ6QE1w,33.492221,-111.9243082,1,[33.492221,-111.9243082,33.492221,-111.9243082],[322,57]
KQURCNvwamJV1vXUiDm15g,33.51012905,-112.0203573,7,[33.5100513,-112.0272041,33.5102068,-112.0135105],[48,11,7,108]
knBiWPrGuS6Ih0ysqYn4UA,33.47954335,-111.9178550925535,46,[33.42135,-111.927165985107,33.5377367,-111.9085442],[244,172,11,182,149,224,43]
lOSZu5lM0sQxrBQxb2qTiw,33.58948611614839,-111.802181266084,5,[33.5690606322968,-111.890093032168,33.6099116,-111.7142695],[24,11,44,26,7,9,201,379,210,108]
ewpZ7loCp-VUnMvPXqNeFw,33.3156591,-112.0048589,6,[33.3156591,-112.0048589,33.3156591,-112.0048589],[382,11]
pnEzSccoQlXf5ZvOCAw_XA,33.62761055,-112.0739047,54,[33.390792,-112.1353054,33.8644291,-112.012504],[43,11,63,48,119]
YPlXgYFFYA8_Lgv1kSNaXA,33.4354553,-112.0739136,1,[33.4354553,-112.0739136,33.4354553,-112.0739136],[309,285,11]
uzWTAgkONAZd5NrfP9XXlQ,33.415634222397,-111.8584812003905,23,[33.321061644794,-112.0272041,33.5102068,-111.689758300781],[192,11,43,49,38,7,47,88,39,48,224,117,265,24,33,109,63,99]
TaySfHvVVXmjmVCEoRgSiw,33.498539300000004,-111.9282221,5,[33.497568,-111.929223,33.4995106,-111.9272212],[352,48,11,109,38,39,440]
JedvyJVymHIBJmWdIWGGww,33.5005719,-112.0741143,5,[33.5005719,-112.0741143,33.5005719,-112.0741143],[7,108]
B02hpu1GynSU8mpjR3Sg1g,33.449233,-112.065458,13,[33.449233,-112.065458,33.449233,-112.065458],[27,11]
t8v5avMw1eiCC5KZ_MMINA,33.546552500000004,-112.05137619999999,4,[33.4462721,-112.0893682,33.6468329,-112.0133842],[44,97,11,84,336,215,32]
8QEPmB8e--urN7OxsZlG6w,33.42290955,-111.94409925,5,[33.4206322,-111.9479687,33.4251869,-111.9402298],[19,57,20,56,23,236,103]
wPt2oT6XwKic9uWJInS_dA,33.509284,-112.07454,3,[33.509284,-112.07454,33.509284,-112.07454],[14,15,6]
hfZkk4FX6rp5ZS2RrdpwhQ,33.37229715,-111.8378102,200,[33.3098443,-112.00644,33.43475,-111.6691804],[11,63,28,170,17,29]
iTMXsybE3KB0kALbjmF_Eg,33.51814225,-112.0599315,15,[33.488449,-112.076694,33.5478355,-112.043169],[63,27,11,38,99,128,39,28,17,29,26,18,126,97]
8x3PeBPpR9bfQMjOE2JFHg,33.6106111,-112.08092755,23,[33.5825532,-112.231662,33.638669,-111.9301931],[41,43,11,38,212,39,145,57,88,298,26,128,168]
IF0yh2b_CszeBdr9Bes0rQ,33.4677587,-111.972744,88,[33.4194512,-112.029562,33.5160662,-111.915926],[38,39,40,7,47,88,48,11,161,28,65,17,29]
d05J4vxjv2hzZ_qcgxI_Nw,33.67727373714,-111.9981508166845,7,[33.67106847428,-112.030189633369,33.683479,-111.966112],[38,11,39,27,128,63,212,229]
02pxS_9Nllhr38-pX5yuWQ,33.4719589,-112.0649208,1,[33.4719589,-112.0649208,33.4719589,-112.0649208],[251,11]
3Ev6i3DakmRXKlSZk3NWuA,33.556602,-111.986455,12,[33.472674,-112.091191,33.64053,-111.881719],[126,11,6,109,38,39,440,99,7,142,26,101,33,128,129,78,278,79,63]
IfbcKW5QXe99gEe0_m8jLw,33.52972105786834,-111.9610110503465,200,[33.4346825157367,-111.994403600693,33.6247596,-111.9276185],[39,38,99,128,11,307,212,43,28,17,29]
OYMU0OVat_ytjqCT5LN6aQ,33.501336,-112.0477576,15,[33.489522,-112.0742672,33.51315,-112.021248],[11,63,7,108,99,26]
wqqjcYoGXLKQjS7OnoBcMA,33.4284515,-111.95387285000001,2,[33.362444,-111.9953287,33.494459,-111.912417],[38,99,88,39,40,11,15,6,191]
kSvFC3l_v1T6Q6S89IjqDw,33.55003585,-112.23642889999999,10,[33.459613,-112.4047708,33.6404587,-112.068087],[99,11,150,85,6,17,152,78,79,63,97]
b6ZlKY0Fvryw9vMrIYMqTg,33.3637662,-111.9304053,3,[33.3637662,-111.9304053,33.3637662,-111.9304053],[185,11]
sQHHJSU4V6ptQqjgwg8d9A,33.586611,-111.847515,7,[33.586611,-111.847515,33.586611,-111.847515],[81,54]
Ni0SC2zIhemP_3rDGeN9AA,33.53407555,-112.11204665,4,[33.4574932,-112.1500692,33.6106579,-112.0740241],[177,140,11,24]
7uiMBAOvdbPvwGowkNPQ6g,33.4806776,-112.1091081,1,[33.4806776,-112.1091081,33.4806776,-112.1091081],[11,27,63]
FCCH1FtzoBVY8mXLWif9-Q,33.37775845,-111.84210555,16,[33.289903,-111.9280519,33.4656139,-111.7561592],[104,161,132,65,195,105,220,54,369,133,57,56,39,439]
_wT5tL5J5r_Q3sS28ltOzA,33.4495394,-112.0656645,8,[33.4495394,-112.0656645,33.4495394,-112.0656645],[7,449,97,11]
Z_A6D6ilYrhNdSn0T-_QLQ,33.4949678,-111.9241443,1,[33.4949678,-111.9241443,33.4949678,-111.9241443],[11,63]
GIdjhv78TmS-kzxHCIUu4A,33.3359104,-111.9080449,12,[33.3359104,-111.9080449,33.3359104,-111.9080449],[11,63]
QszPwFBreji5wAh-GaPOAA,33.626933,-112.100731,200,[33.626933,-112.100731,33.626933,-112.100731],[212,26,11]
QdyQpX0x-4WCt89xepnM8A,33.336307,-111.8763371,2,[33.336307,-111.8763371,33.336307,-111.8763371],[64,65]
E6phB1WoeKNo4FgYS8R8Sg,33.3200431,-111.9266172,3,[33.3200431,-111.9266172,33.3200431,-111.9266172],[6,156]
iqCqV0xHwchR4lkoqATA8Q,33.4040077,-111.6149999,3,[33.392609,-111.677616,33.4154064,-111.5523838],[99,11,129,175,278,79]
hJ3th2BnD6LUxvSt_101pA,33.6721048,-111.8904868,11,[33.6721048,-111.8904868,33.6721048,-111.8904868],[109,38,39]
7gfDtGy7CLMk9YrTWjTwlA,33.4803943,-112.0491027,6,[33.4803943,-112.0491027,33.4803943,-112.0491027],[26,11]
0cOr6YX61FwOkVM1uECbvA,33.4289184,-111.94726159999999,200,[33.4219963,-111.95467,33.4358405,-111.9398532],[38,99,128,39,296,11,49]
mQfG8SWzxsTpQ_FzXRwdHQ,33.5222185,-111.9595033,48,[33.5222185,-111.9595033,33.5222185,-111.9595033],[28,17,29]
0bMUm7UHN3WVyTsJlU0Aiw,33.4516715,-112.0733143,6,[33.4516715,-112.0733143,33.4516715,-112.0733143],[48,11]
xF3p_g1cltGHk7DkzURhIg,33.6119413,-111.9987462,18,[33.6119413,-111.9987462,33.6119413,-111.9987462],[38,145,57,88,39,298,11]
F3kzrZd3R_z60p5mPeAT-Q,33.538913,-112.097523,3,[33.538913,-112.097523,33.538913,-112.097523],[309,11]
oUc3Q11cZEFkqK0A7YUgFg,33.442270257868344,-112.0331448003465,200,[33.4346825157367,-112.071886,33.449858,-111.994403600693],[39,38,99,128,11,28,17,18,29]
DpnOBUvr0jluF8-VqjDT-A,32.9103236,-111.7573007,4,[32.9103236,-111.7573007,32.9103236,-111.7573007],[26,11]
_xJkcMftrm3of1IzUrfhFw,33.4982604,-111.9251128,1,[33.4982604,-111.9251128,33.4982604,-111.9251128],[38,39]
NKZmq_j0g_MRgIIvGdBCiQ,33.383949,-111.843786,1,[33.383949,-111.843786,33.383949,-111.843786],[119,99,11]
s3QxmnuirvoTSh_0WMIt9g,33.0690759,-112.0458143,28,[33.0690759,-112.0458143,33.0690759,-112.0458143],[26,11]
qaqP9qx0Pe22vPXriPyT-Q,33.507425,-112.0366323,1,[33.507425,-112.0366323,33.507425,-112.0366323],[11,63]
hK-7KXgGVqR2wkDWC2zkFg,33.475473300000004,-112.0621517,8,[33.313774,-112.3185276,33.6371726,-111.8057758],[57,145,205,39,48,11,26,96,72,296,49,178]
nQ_DFSpqe-Bt8jeHdqChlw,33.4537199,-112.340385,1,[33.4537199,-112.340385,33.4537199,-112.340385],[7,138,48,11,139]
AbXMpqiAnvKV2lrAc9-zFg,33.640832,-112.151282,12,[33.640832,-112.151282,33.640832,-112.151282],[126,11]
2zMl2P0PAnpKrOg3QTBnmw,33.411616354057955,-111.8572573478025,20,[33.2125748081159,-112.1500692,33.6106579,-111.564445495605],[27,11,10,24,43,177,140]
ymy4F4u5izcgZSvdJBCljA,33.3493572,-111.9603174,2,[33.3493572,-111.9603174,33.3493572,-111.9603174],[30,8,13,6,7,110]
MryuzVHjV1hvAyz33iA1jg,33.4942423,-111.9264472,30,[33.4942423,-111.9264472,33.4942423,-111.9264472],[39,119,48,38,11]
qBAaWZxyuFnSZU0NzFlNDw,33.523455,-112.03158735,71,[33.408505,-112.153574,33.638405,-111.9096007],[15,6,191,38,143,39,279,54,57,186,96,72,71,7,8,28,17,29,32,95,222,49,52,27,11,13,61,35,70,76,78,79,469,146,128,36,99,120,33,88,47,46,40,108,24,270,45,48,119,177,140,80,59,167,65,129,121,205,175,18,317,84,419,50,115,22,248,12]
UPPZEZ4NxMH5YilF-SxfMw,33.677854,-111.978579,2,[33.677854,-111.978579,33.677854,-111.978579],[27,11]
50hJDFfg13-UOMHYDVpPCQ,33.59699,-112.019353,10,[33.493947,-112.150244,33.700033,-111.888462],[210,11,119,99,126,224,57,91,28,17,29,27,63,48]
00xieoeyEe5uN3lhmdBlng,33.6239846,-111.8921258,1,[33.6239846,-111.8921258,33.6239846,-111.8921258],[83,6]
dObsDk2ZIZpMj9hJRgCB9Q,33.495074,-111.9891177,1,[33.495074,-111.9891177,33.495074,-111.9891177],[210,11]
oEIA0ohmEXXoCVczPV3zlw,33.577691,-111.927632,3,[33.577691,-111.927632,33.577691,-111.927632],[49,321,193,59]
_Qmu6kRzKkgMZh_24e6Fwg,33.335064,-111.785202,1,[33.335064,-111.785202,33.335064,-111.785202],[119,11]
d7yQl_P72X--vX2IAwmOfA,33.4483771,-112.0740373,2,[33.4483771,-112.0740373,33.4483771,-112.0740373],[179,65]
I3YhFIXT3TlNBd5DmeZGXQ,33.3742509,-111.94697450000001,41,[33.3632172,-111.966547,33.3852846,-111.927402],[112,6,21,35,77,168,99,11,26,28,17,29]
fHX0hv-KVS59Wk7nJTNYGg,33.6239149,-111.9255304,1,[33.6239149,-111.9255304,33.6239149,-111.9255304],[48,11]
Arc9RJ81zSKBm9rAhIK3yw,33.58348,-111.883526,1,[33.58348,-111.883526,33.58348,-111.883526],[7,142]
2xfC6gJkUm0ooJihuILjeA,33.4977299,-111.9263351,6,[33.4977299,-111.9263351,33.4977299,-111.9263351],[38,11,26,128,39]
mqZbs3qz3CTYOh084HnM8A,33.399523,-111.8805466,5,[33.306529,-111.9398551,33.492517,-111.8212381],[38,7,47,88,39,48,11,26,99,57,18,109,209,17,298]
d-0HwKEMHmpbq8wAP_0_Dg,33.383812,-111.927402,7,[33.383812,-111.927402,33.383812,-111.927402],[28,17,29]
XmTSyeGfzKT8Nwmf3NHpFQ,33.47940725,-112.04251005,4,[33.3794253,-112.1195513,33.5793892,-111.9654688],[28,17,29,120,11]
TO4CVT5jdtRJMbS2hNIMTg,33.640832,-112.151282,23,[33.640832,-112.151282,33.640832,-112.151282],[126,11]
C2GG5wP-FCrC_ejVaZznPA,33.2528,-111.5239,1,[33.2528,-111.5239,33.2528,-111.5239],[7,8]
HjmwkCMTdzWgIy_nVrt2xA,33.568247,-112.065977,1,[33.568247,-112.065977,33.568247,-112.065977],[10,11]
W7qRm2A7VVSB0mnzoM-m6g,33.37954790098115,-111.91396969255351,4,[33.3053089,-111.927165985107,33.4537869019623,-111.9007734],[182,172,11,38,39]
TMVBOFEIoewxwaC6uRjoGA,33.499504,-111.927891,2,[33.499504,-111.927891,33.499504,-111.927891],[48,24,11]
YwjabNYLHBFOS2AABYQFsA,33.49865545,-111.92396550000001,3,[33.4954899,-111.927993,33.501821,-111.919938],[28,17,29,113,13,6,115,265,185,11]
eewev02ROnQ7GIXhgvEF6w,33.8303701,-111.9317707,11,[33.8303701,-111.9317707,33.8303701,-111.9317707],[48,11]
tIdJ0rSVCz7nRrqQM-MAcw,33.4719589,-112.0649208,24,[33.4719589,-112.0649208,33.4719589,-112.0649208],[251,11]
4F03EsrWxSjf9tMuJJ7uog,33.3928598,-111.92089229999999,11,[33.3055166,-111.9825532,33.480203,-111.8592314],[251,11,474,201,24,219,218,192,71,72,26]
CXrPzNwG4zPC6Y3WSTLA9Q,33.4608045,-111.9477654,1,[33.4608045,-111.9477654,33.4608045,-111.9477654],[57,470,145,39]
dDB2aE_7dQEivRfv8pjS2g,33.6140307,-111.9269693,1,[33.6140307,-111.9269693,33.6140307,-111.9269693],[119,11]
2WBKwGEy6PfmGWRnPGEHeA,33.8844536475813,-111.954288482666,14,[33.8844536475813,-111.954288482666,33.8844536475813,-111.954288482666],[49,276]
NBxYC9PB7FP3JhiRHMvP7g,33.4998215,-111.9272226,5,[33.4998215,-111.9272226,33.4998215,-111.9272226],[49,320,321,193,59]
WMUUXFWT0KeAUN9NV8FrXg,33.6462961,-111.9189477,2,[33.6462961,-111.9189477,33.6462961,-111.9189477],[221,38,39,40]
thI-w31CcTlLHRZUXSfRXw,33.43645,-111.71847,1,[33.43645,-111.71847,33.43645,-111.71847],[99,24,11]
lsl_oIyLM7DPqljiDoZjwA,33.530234,-111.925621,1,[33.530234,-111.925621,33.530234,-111.925621],[28,17,29]
Fej278brR0SPiD0i7QGa1g,33.4922985,-111.9245517,6,[33.4922985,-111.9245517,33.4922985,-111.9245517],[210,11]
zztT9KKp0rmJRMeMl4CqzQ,33.495749950000004,-111.92307655,26,[33.4915779,-111.9263351,33.499922,-111.919818],[26,39,11,38,128,48,119]
bgjGWDjAxqIPF7BJBUps2A,33.5771911,-111.9281477,24,[33.4986978,-111.9300279,33.6556844,-111.9262675],[126,11,99]
13guiCMrEc-utSkUeVMxSw,33.5081693,-112.0477108,2,[33.5081693,-112.0477108,33.5081693,-112.0477108],[202,72,281]
Kdr5THg8PUWHchwcz8vGoA,33.641478,-112.0475,5,[33.641478,-112.0475,33.641478,-112.0475],[38,11,99,128,39]
PcJ0TJl4rTKmTx_E0OJtbg,33.449233,-112.065458,7,[33.449233,-112.065458,33.449233,-112.065458],[27,11]
5OmQMSTJw7_n6KKZ70XILQ,33.446727,-111.728408,1,[33.446727,-111.728408,33.446727,-111.728408],[32]
Vrtf2kNdG2BYVMNO40dBAA,33.319374,-111.929326,1,[33.319374,-111.929326,33.319374,-111.929326],[43,11]
jjunrDA7CEtIT9A4vT5SOw,33.51170535,-112.06172805,84,[33.4354634,-112.1164668,33.5879473,-112.0069893],[168,169,11,48,185,98,7,24,63,28,17,29]
4xeCw5TmXnlKhxG3Yirj5w,33.2373632,-111.4514369,2,[33.2373632,-111.4514369,33.2373632,-111.4514369],[1]
hM9ZKQLA4RGzdjZkMye5bg,33.444801984944,-112.07211772211,124,[33.444801984944,-112.07211772211,33.444801984944,-112.07211772211],[38,99,39,128,185,11]
AYXuHixcVAKizy2fHsmgNw,33.312972849999994,-111.97803379999999,4,[33.3056067,-111.9787576,33.320339,-111.97731],[63,27,11,98,7]
CTDYgDNHm9vTB-16ikrA8g,33.501161,-111.925513,12,[33.501161,-111.925513,33.501161,-111.925513],[206,11]
M8Padhotp8mDiFLEGNg9rg,33.460294,-111.985653,1,[33.460294,-111.985653,33.460294,-111.985653],[28,17,29]
IpFaZXUfWzgxHZ1TYsh0YA,33.5999386,-111.9797159,2,[33.5999386,-111.9797159,33.5999386,-111.9797159],[126,97,11]
UyoyLU261yg7uJ5LSS1IDQ,33.6864048260014,-112.016700582016,200,[33.499499,-112.149875164032,33.8733106520028,-111.883526],[46,13,6,372,30,379,48,11,14,15,191,7,142,65,158,17,28,161,29,333,26]
lYlr9fifus_mkd9iZ1T0Mw,33.64949163674525,-111.9443962911225,8,[33.5878609,-112.179572582245,33.7111223734905,-111.70922],[26,11,33,7,108,49,50,51,52]
LoSifdxmrOj-a8xcDrRJDw,33.39221305,-111.851406,16,[33.348908,-111.976024,33.4355181,-111.726788],[88,38,39,298,11,27,26,126,97,311,177,140,43,465,57,145,99]
JXqC-fbrJsIN7RgHdhxNSw,33.3021786,-111.8426724,2,[33.3021786,-111.8426724,33.3021786,-111.8426724],[126,39,11]
R_XsfkiFg_fFK3lSdlqp3Q,33.5097112,-112.0962274,1,[33.5097112,-112.0962274,33.5097112,-112.0962274],[251,11]
qgoihLS1QiDwA00E_2Bqvw,33.40467405,-111.80563674999999,9,[33.2355107,-111.897004,33.5738374,-111.7142695],[44,26,11,65,133,63,99]
yZ15IUmA57pmubcSmvVPtA,33.53873835,-111.9975652,45,[33.4217923,-112.0696,33.6556844,-111.9255304],[109,38,48,39,11,182,218,7,108,119,99,98,24,172]
-zPnreNEr_YLwBf-Tw5HGA,33.516173108401006,-111.97665814999999,8,[33.407162416802,-112.073781,33.6251838,-111.8795353],[99,11,218,219,38,7,47,88,39,48,168,265,404,451]
D1WUKtscrDPV0HyBq91e4g,33.53450905,-111.9693694,146,[33.530171,-111.974566,33.5388471,-111.9641728],[99,48,11,7,148,201,63]
mODSTi6Pkaq5mzNDovVFMA,33.494205,-111.931447,3,[33.494205,-111.931447,33.494205,-111.931447],[48,11]
KydTpdUtq6o-u3JLjZFrDQ,33.47113,-111.95339297919449,11,[33.403512,-112.067981958389,33.538748,-111.838804],[84,370,48,11,147,99,26,27,214,224,251]
J5SD5Y_fqKYB2U5Zu2iXdg,33.5521559,-112.257911,1,[33.5521559,-112.257911,33.5521559,-112.257911],[27,11]
_FNlS3ONBascgBdbNIYPgg,33.640832,-112.151282,5,[33.640832,-112.151282,33.640832,-112.151282],[126,11]
c8OVugJE4n82_iV7j_ODNg,33.5325916,-111.99981215,72,[33.4487652,-112.0733143,33.616418,-111.92631],[26,127,11,265,126,97,48,38,99,128,39]
Ec0_hyghnX9jZQW20OYeoA,33.464460700000004,-111.8558465,37,[33.2997534,-112.073396,33.629168,-111.638297],[84,98,7,24,11,38,99,39,128,185,25,6,27,63,32,222,17,28,95,29,224,109,48,117,3,374,376,33,168]
l830hS6pZiPe_tOi1ncTig,33.50998641933885,-111.971514898422,4,[33.47907,-112.073306,33.5409028386777,-111.869723796844],[38,212,39,40,11,7,119,41,108,24]
N6NCoQCkCLMSF01VzT3eIQ,33.494108,-112.287703,4,[33.494108,-112.287703,33.494108,-112.287703],[43,11]
W4hjriU912qpOGIuFZTfXA,33.6400995,-112.1201999,1,[33.6400995,-112.1201999,33.6400995,-112.1201999],[39,38,27,128,11]
agO7jrGmTPGpMA5vgxODBQ,33.53247655,-111.9988152,8,[33.4471735,-112.0740504,33.6177796,-111.92358],[48,11,38,99,88,39,128,26,63]
T4KtOXS8-aVf3YqTIhQeCA,33.4834283,-112.06434265,2,[33.4719589,-112.0649208,33.4948977,-112.0637645],[251,11,27]
cWhH2MStxJQsfguG5W_skw,33.666586,-112.203627,2,[33.666586,-112.203627,33.666586,-112.203627],[43,11]
k9WrPcL0ru6KZXhYLxUwIA,33.3800278,-111.78594815,3,[33.379486,-111.7888113,33.3805696,-111.783085],[38,99,128,39,296,11,123,65]
F6B-A5coQW7gGhi4sd_mkg,33.529932349999996,-112.03164670000001,13,[33.392446,-112.2183588,33.6674187,-111.8449346],[7,108,98,119,11,6,284,35,307,24,172,138,8,139,449,57,56,201]
KcpWJHzxPeJ-w_ZFcRMUYw,33.652509,-111.932952,1,[33.652509,-111.932952,33.652509,-111.932952],[64,161,65]
MEOUB8Dx-GqE4xe1-9AxHw,33.51438185000001,-111.97835855,83,[33.4951403,-111.991453,33.5336234,-111.9652641],[26,11,161,28,65,17,29]
-1T3uY1yE-1dq0-5KKe0-A,33.4357193,-112.11583580000001,5,[33.3783137,-112.3248003,33.4931249,-111.9068713],[11,38,48,128,39]
aqZSE16nGRRsK13souAQiA,33.597127,-112.152723,1,[33.597127,-112.152723,33.597127,-112.152723],[49,59]
CLAiBOy57sndkOUi7nXoZw,33.4948197,-111.9798208,38,[33.4948197,-111.9798208,33.4948197,-111.9798208],[119,11]
S8ZXE7DTiaOFlOjjF1gFSg,33.58166705,-112.20329655,4,[33.5674685,-112.2193439,33.5958656,-112.1872492],[43,11,24]
1zjPzcFdboSqis0Fkhccdg,33.65593585,-111.974732975065,60,[33.4796744,-112.1130158,33.8321973,-111.83645015013],[7,292,126,97,11,212,26,224,27,251,43,98,10,9,44,24,99,142,108,119,39,38,63,307,172,182,48,185]
yDYiN3I1Xvs8P9NMU1wIPQ,33.404613499999996,-111.908391,3,[33.333925,-111.925588,33.475302,-111.891194],[106,54,107,181,11]
FXc48nQ_1itzWNxF0LOzlA,33.501936,-112.082092,2,[33.501936,-112.082092,33.501936,-112.082092],[26,11]
9H-Xsn5sHtYU-4cA8bj7uQ,33.6618649,-112.04012854999999,200,[33.449858,-112.1502292,33.8738718,-111.9300279],[7,292,28,17,18,29,44,11,26,127,119,120]
HZu-yy1xkHNBWWQvOG8V8A,33.64262095,-112.262305,10,[33.6320819,-112.339617,33.65316,-112.184993],[99,153,185,11,33,44,144,98,7,26,24]
ydiDCiwIaYlYmOdUAuthSQ,33.4218047,-111.9533039,18,[33.4218047,-111.9533039,33.4218047,-111.9533039],[33,119,99,11]
ZIiZ0-bwrus3wIfPNDYevg,33.50072295,-111.98709690000001,3,[33.4765807,-112.0476735,33.5248652,-111.9265203],[43,11,26]
R54oNI24sya6u8BWzU-Yrw,33.34955255,-111.70236165,14,[33.3068421,-111.803119,33.392263,-111.6016043],[57,69,202,72,6,45,65,7,148,204,98,33,99,44,11,185,137,8,139]
PxN0tiGWY-ApyP9N0TgRmA,33.4329724,-111.9043028,2,[33.4329724,-111.9043028,33.4329724,-111.9043028],[33,265,185,11]
MbJOllFenYqRpwOCoaWXtQ,33.4967835568733,-112.026737,9,[33.4556958,-112.083886,33.5378713137466,-111.969588],[251,11,7,108,32,95,222,36,8,247,63,27,24,48]
EO0zHt5wb2OOaSYRQHulgg,33.6108224,-112.1310283,1,[33.6108224,-112.1310283,33.6108224,-112.1310283],[63,27,11]
_Kb9FGYCXfK9ba6dnDBaMg,33.6116901,-112.1648254,4,[33.6116901,-112.1648254,33.6116901,-112.1648254],[251,11]
Cl7neuBcYHL4f1xcFmfaTw,33.3358289,-111.859503,3,[33.3358289,-111.859503,33.3358289,-111.859503],[119,120,11]
4MPooE56H7rZV4O9la7eXA,33.6402056,-112.0672866,2,[33.6402056,-112.0672866,33.6402056,-112.0672866],[7,142]
wdtoa9VgowEdiYudN8T1YQ,33.4566960573784,-112.072327136993,3,[33.4566960573784,-112.072327136993,33.4566960573784,-112.072327136993],[119,11]
rPkOi1ZzShwMOLZSMGuyhg,33.428589,-111.962879,39,[33.428589,-111.962879,33.428589,-111.962879],[28,17,29]
LirZdzAijFLXxw11P3FygQ,33.45745,-112.0696,1,[33.45745,-112.0696,33.45745,-112.0696],[114,13,6]
wWqYzdmqy3lUxajT2aPoCA,33.453287016969,-111.9260663924,5,[33.453287016969,-111.9260663924,33.453287016969,-111.9260663924],[38,145,57,205,101,39]
36EGeUpdSLBmfFd4zpjXGQ,33.55083995,-112.02414590000001,17,[33.3906697,-112.1336153,33.7110102,-111.9146765],[181,11,15,6,191,33,38,39,224,48,30,13,104,161,65,54,220,309,285,40,99,109,63,43]
oB0_LonoUISFRUZx_3_lEA,33.344865999999996,-111.8336104,2,[33.3350308,-111.877431,33.3547012,-111.7897898],[126,97,11,7,108,48]
LzCts3f9dY_LqsOzsozX1Q,33.5850297,-112.1351859,15,[33.508834,-112.1863808,33.6612254,-112.083991],[279,54,38,143,39,205]
2rWElQTQTg0fj_jpp4LC6Q,33.4526933,-112.0701129,1,[33.4526933,-112.0701129,33.4526933,-112.0701129],[28,17,29]
bXRT4oZ6tlpOtJxpwxpHJg,33.346735,-111.78085565,9,[33.280312,-111.875779,33.413158,-111.6859323],[224,11,265,7,142]
J4XIL6a4fTX9mT7sXwjtcA,33.5168513,-112.0824552,15,[33.5168513,-112.0824552,33.5168513,-112.0824552],[26,11]
eqdQie8Y8wg6NONUHlVwzw,33.45,-112.07,1,[33.45,-112.07,33.45,-112.07],[26,11]
1lSFhUewKa22FwhXuVgFdw,33.46060395000001,-111.89890075,67,[33.3198659,-112.0822105,33.601342,-111.715591],[101,38,39,205,10,24,11,212,361,126,97,157,103,210,7,142,48,49,146,341,63,27,139,423,57,145,88,89,294,106,54,65,133,109,104,161,195,108,113,6,116,69,265,309,119,285]
jOWBX40VZpr4u0dGqww59g,33.4795408,-112.0734213,3,[33.4795408,-112.0734213,33.4795408,-112.0734213],[33,120,11]
j3yK_DhDhrGcwPz3wiig4g,33.6099116,-111.7295047,12,[33.6099116,-111.7295047,33.6099116,-111.7295047],[7,9,201,11]
JL2tx1fRWWp_QMU_ddZdlQ,33.32848315,-111.81617485,4,[33.302011,-111.842615,33.3549553,-111.7897347],[109,38,48,39,11,63]
5wX82h9cQc6lD4M6AiH9BA,33.45859,-112.075364,80,[33.458341,-112.082895,33.458839,-112.067833],[26,11,7,108,119]
RS4CTjzC9IRaNbfYOY4jUw,33.52367706637155,-111.99762319999999,10,[33.4234408327431,-112.0701129,33.6239133,-111.9251335],[465,168,265,39,11,46,6,109,38,27,28,17,29]
MwJVSTsUB-htphNZaIC43g,33.44219791376755,-111.964359,195,[33.362444,-112.091886,33.5219518275351,-111.836832],[38,39,57,145,40,48,11,322,210,26,7,108,99,88,126,97,109,12,114,13,6,21,63,27,24,36,8,247,49,445,66,52,28,17,29,33,142,193,59,101,15,191,119,143,205,128,22,224,177,140,157,103,307,172]
gZPTsHj8AOEfDSPs3QXxzA,33.41927105098115,-111.97003364255349,109,[33.3847552,-112.0129013,33.4537869019623,-111.927165985107],[88,38,39,89,11,182,172,49,158,178,28]
ND95DgvN7ba8MabfXE3lsw,33.25366185,-111.9271061,98,[32.8794202,-112.1175302,33.6279035,-111.736682],[30,8,13,6,7,110,49,50,52,292,80,82,59,119,24,11,409,99,153,185,63,27,26,138,139,212,97,192,140,161,65,168,181,229,36,247,117,214,98,10,88,298,39,38,210,43,123,204,108,333,307,57,145,187,177,129,78,278,79,137,130,32,48,327,127,126,232,41,284,35,44,186,60,120,201,40,77,76,224]
2H3G5wAJkLuxSjQ1zfQIVQ,33.44534315,-112.1102579,200,[33.2618144,-112.3768048,33.6288719,-111.843711],[57,327,177,11]
lGttdkKbAeguLNH7c66hQQ,33.52269015759275,-112.02521083876951,200,[33.378926,-112.124526977539,33.6664543151855,-111.9258947],[99,11,177,140,28,271,7,292,17,29,97,43,212,26]
XzPiMSaKyrBD9-WxzzfZIQ,33.470132250000006,-111.96496909999999,19,[33.418418,-112.0893682,33.5218465,-111.84057],[11,63,26,49,80,82,59,48,38,39,251,84,336,7,98,108,210,33]
ZDZszqkVo3eowunOhWnktA,33.5849412,-112.0133842,3,[33.5849412,-112.0133842,33.5849412,-112.0133842],[44,97,11]
Cmc3If2_mUNASyUaCEuA2g,33.6397913,-112.2245556,17,[33.6397913,-112.2245556,33.6397913,-112.2245556],[33,11]
E8F17o7msag9kNKUhj916w,33.3847552,-112.0129013,1,[33.3847552,-112.0129013,33.3847552,-112.0129013],[49,158,178,28]
iPb3sqO2mzQnyLQuww4C0w,33.5093372,-112.0608177,1,[33.5093372,-112.0608177,33.5093372,-112.0608177],[212,63,97,11]
LWGGLirW3VXszpgqBaXoPQ,33.6432491,-112.2204806,1,[33.6432491,-112.2204806,33.6432491,-112.2204806],[65,133]
61mfj2CkD8Dx_F-sQSWZoA,33.5361276560689,-111.908353922966,4,[33.5019817,-111.9276185,33.5702736121378,-111.889089345932],[7,8,6,45,38,48,39,11]
yKkjRJW4a3yMsU1KZtLsiA,33.447724199999996,-111.85025145,2,[33.4150805,-111.9347763,33.4803679,-111.7657266],[7,108,24,11,71,72]
HnLkJXqaI6PODh4gqHKkdQ,33.4656132,-111.98355025,4,[33.4216219,-112.0257401,33.5096045,-111.9413604],[126,11,14,15,6]
x_jctQMurasS5-4WdZcCVw,33.4492272,-112.0722653,22,[33.4492272,-112.0722653,33.4492272,-112.0722653],[177,26,11]
4EJZvI2sqhCeY5lx32RlMw,33.4948197,-111.9798208,3,[33.4948197,-111.9798208,33.4948197,-111.9798208],[119,11]
qYL3eF-leddmYSV3nplZNg,33.5160662,-112.029562,8,[33.5160662,-112.029562,33.5160662,-112.029562],[65]
MzsN-JQ5liFsCv39sIvMVQ,33.4716326,-111.9263131,6,[33.4716326,-111.9263131,33.4716326,-111.9263131],[265,99,11]
ZWiGSbjUtuE5bmX1s4z3KA,33.55681630759275,-112.15294025,29,[33.4471783,-112.253795,33.6664543151855,-112.0520855],[38,39,293,57,145,43,11,26,298,97,7,247,48,63,27,24,265,99,127]
v6rb-4YhADpuD99f3RKmgg,33.50867915,-111.94798325,100,[33.302082,-112.1125165,33.7152763,-111.78345],[33,11,10,48,24,57,69,38,99,128,39,296,27,6,45,65,7,148,204,88,298,208,130,32,35,49,319,59,117,12,114,13,230,52,44,46,163,26,142,98,119,173,112,153,62,17,84,124,77,155,54,115,161,28,29,313,254,129,79,121,194,145,101,40,72,154,126,97,30,8,110,123,322]
TeBftXr_HLzfh4DWTnyETg,33.5612938,-111.93010255,64,[33.497828,-111.9329381,33.6247596,-111.927267],[28,17,29,352,48,11,24]
nI6JXzFw6Hl1YeM1lhK-ow,33.46157015,-112.34215095,3,[33.4593423,-112.343889,33.463798,-112.3404129],[33,44,11,26]
FW67E8UxmR3sS3G7HrLFJA,33.43475,-112.00644,200,[33.43475,-112.00644,33.43475,-112.00644],[28,170]
XRGNnNBSdMQgZObDRSXUiQ,33.379313,-111.82224,2,[33.379313,-111.82224,33.379313,-111.82224],[71,72]
jLL0gvbR3ZYUcEdl97H1xg,33.6455682097528,-111.917118430138,16,[33.6455682097528,-111.917118430138,33.6455682097528,-111.917118430138],[28,158,17,29]
bh3YK4UatFJE1tlZq3tudA,33.632257,-111.995468,2,[33.632257,-111.995468,33.632257,-111.995468],[28,190]
5JSrHtH-aK69OjUxdt-k5A,33.4435109,-111.99652,30,[33.3350308,-112.117261,33.551991,-111.875779],[7,98,108,172,11,251,36,8,99,126,97,48,127,27,38,39,40,182,351,57,309,142,177,140,192,10,24,212,26,43,33]
8Urm4cALN0wpm7ts9SnIXw,33.5293453,-111.96219325000001,5,[33.4480659,-112.0019948,33.6106247,-111.9223917],[97,11,119,24,182,218,48,140]
T_46RyDQgNv3mAJ_RLEVWA,33.65740455,-112.14799185000001,5,[33.484439,-112.364213,33.8303701,-111.9317707],[11,63,48]
FhPo0Q-b5ZUnMwNMyJZV6A,33.530606899999995,-112.14813825,12,[33.42263,-112.3554635,33.6385838,-111.940813],[27,11,202,72,7,142,44,48,47,36,182,24,269,126,97]
aWHX1QdKbSgSkMA9N0a8MA,33.48769525,-112.10016605,6,[33.4803555,-112.1530731,33.495035,-112.047259],[33,117,11,43]
0DT6uIuDUM30L2frlnZHtA,33.658498449999996,-112.0017438,18,[33.49112,-112.079081,33.8258769,-111.9244066],[48,11,99,127,108,7,119,38,109,39,65,133,49,52,63,83,6,26]
3UDYuIkrdCafFwl8MLxeVw,33.495915600000004,-112.00396889999999,13,[33.3547012,-112.218148,33.63713,-111.7897898],[109,38,11,39,63,126,7,108,48,210,142,404,27,88,89,10,24,26]
PBCTrQ8-G3NWiYTbJiifpA,33.6708217,-112.0911885,20,[33.5094461,-112.2370076,33.8321973,-111.9453694],[149,97,11,63,27,43,114,13,6,251,26]
Jz4scLeJk2eki2vXmcETSA,33.445488350000005,-112.060456,6,[33.381622,-112.073662,33.5093547,-112.04725],[43,11,119,120,7,162,27]
GLM0V22FrGUBXzy2ej4-3Q,33.4821307,-112.3189667,4,[33.4645484,-112.358147,33.499713,-112.2797864],[99,11]
fEAfppON9koHRyOOBqdS8w,33.47171705,-112.13988044999999,18,[33.304861,-112.4183429,33.6385731,-111.861418],[224,11,244,43,7,292,182,218,251,212,120,24]
5y_US2JAvZtuQafzpbPt5g,33.3652919683632,-111.787699264713,4,[33.3652919683632,-111.787699264713,33.3652919683632,-111.787699264713],[48,26,11]
bgy1PPzEqklRtMq-9ssTkQ,33.412771,-111.96202650000001,200,[33.390792,-112.012504,33.43475,-111.911549],[28,342,240,241,119,11,4,13,6,160,17,29,126,97,99,246,7,139,24,423,333,109,38,27,39,47,88,48,170]
dT37UOOORNw1sxH7_uHL8Q,33.5365427,-112.1706441,3,[33.4657394,-112.268858,33.607346,-112.0724302],[224,11]
CmXr3Vik7WC6f5qwn4p9Nw,33.54599965,-111.98529385,10,[33.5094461,-112.0403946,33.5825532,-111.9301931],[63,27,11,486]
9X3tFqOcNgA56QSqTQBDYw,33.42909245,-111.8989162573975,38,[33.261388,-112.0739136,33.5967969,-111.723918914795],[15,6,191,7,142,44,11,139,225,162,110,98,99,26,72,297,309,285,112,254,57,91,292,24,33,8,45]
2agyUJmoHKm6BxhZmLtp4w,33.55571755,-112.1602608,5,[33.5234878,-112.2040548,33.5879473,-112.1164668],[43,11,168,169]
m59OpbCyRwXSvERXeevWqg,33.55197554852815,-112.10073198103001,200,[33.449233,-112.3584829,33.6547180970563,-111.84298106206],[10,11,24,63,98,7,322,28,57,190,38,140,39,40,48,8,119,470,145,27,99,142,17,29,9,139,36,137]
WHuUVyxbRAhRS0YbgYKGAw,33.523984,-112.04698,22,[33.523984,-112.04698,33.523984,-112.04698],[265,11]
n1h87EmG_HBlp33v3X_QuA,33.383340000000004,-111.88239899999999,17,[33.271662,-111.975898,33.495018,-111.7889],[38,39,293,6,200,127,11,7,108,26,119,311,63,48,206,8,45,162,99,44]
AeViEDV-ZsYWaL3nRNzfwg,33.626933,-112.100731,8,[33.626933,-112.100731,33.626933,-112.100731],[212,26,11]
64thrreKpvpjTVLszJd_qA,33.335548,-111.907832,2,[33.335548,-111.907832,33.335548,-111.907832],[4,6]
i8DseVjz5ypByMh3ZfxEFA,33.497092949999995,-112.00358455,7,[33.4481859,-112.0800705,33.546,-111.9270986],[26,127,11,10,24,63,7,449,97,27,109,38,39,46,6]
N4jUEGt_GqkzBcwvQHe99Q,33.5540015,-112.11176384999999,16,[33.4245151,-112.280345,33.6834879,-111.9431827],[28,17,29,98,7,99,11,119]
nlYQEna2Le01oaiYtSArPQ,33.5136753,-112.06447095,3,[33.4964751,-112.0839659,33.5308755,-112.044976],[6,35,76,99,11,129,78,278,79]
ZQmoFZnIGNfy9Sd2elMbNg,33.36670650000001,-111.90223685,4,[33.320255,-111.9286947,33.413158,-111.875779],[182,218,11,7,108,239]
77s2qg6JOqXy69stUku6ew,33.4252768,-112.01963599999999,200,[33.3852846,-112.074714,33.465269,-111.964558],[6,45,57,327,28,442,241,309,11,212,97,119,17,29,46,7,108,170]
YMSEMvu2SbuzSP0kPpuZOQ,33.4948197,-111.9798208,20,[33.4948197,-111.9798208,33.4948197,-111.9798208],[119,11]
qLLiQwha3qf6-_6Tp1-P1w,33.45095845,-111.958113,30,[33.319395,-112.073196,33.5825219,-111.84303],[38,140,39,40,48,11,173,6,112,255,54,55,122,256,64,65,182,78,79,7,142]
rrb4VG7a_GSt2ln8RWfrtQ,33.506941,-111.926536,1,[33.506941,-111.926536,33.506941,-111.926536],[475,48,11]
Do0gXzGezB0M0NR2HCDLdg,33.4287888,-111.92393115,3,[33.4081365,-112.0742949,33.4494411,-111.7735674],[33,117,140,11,84,125]
0QxbEvjT5D3dWikIsUu6Rw,33.4585594,-112.09211725,16,[33.407079,-112.2670185,33.5100398,-111.917216],[99,11,39,38,27,128,33,44,26,28,170,119,117,185,7,8,17,29]
n02Qc1k63xTtnNKTWDCMVw,33.4272811,-111.9400902,4,[33.4272811,-111.9400902,33.4272811,-111.9400902],[119,48,11]
oDIUDsw1lL-pXDpVk7L8AQ,33.379424,-111.8747445,1,[33.379424,-111.8747445,33.379424,-111.8747445],[337,32]
LNaPhiRQmmV4atT9OjOq2A,33.46876305,-112.0354978,3,[33.4570868,-112.0714138,33.4804393,-111.9995818],[38,145,57,101,39,439,48,11]
Icf_V27Hc9a3odYIYqSmeg,33.4500832,-112.0478786,16,[33.4500832,-112.0478786,33.4500832,-112.0478786],[26,11]
xB2oMKqC3Y3WD6GkpzTWbw,33.34996645,-111.85286195,4,[33.3344463,-111.8593534,33.3654866,-111.8463705],[183,65,84,344,23,343]
61wx9D3lUDHRktvJ4LzMsQ,33.511897399999995,-112.0693546,2,[33.5062078,-112.0739142,33.517587,-112.064795],[168,181,229,11,88,101,38,39]
KX_kgruju3bxND7XQDXqUg,33.4796744,-112.0739818,8,[33.4796744,-112.0739818,33.4796744,-112.0739818],[185,11]
oyIAedE3JRQCZkt8mY6m8Q,33.5252904,-111.91362724999999,9,[33.4957558,-111.9276185,33.554825,-111.899636],[119,201,11,98,7,206,38,48,39]
IP-I3WJJ0wEGTGJpj7rIpg,33.421657,-111.944749,3,[33.421657,-111.944749,33.421657,-111.944749],[224,11]
fopzoMWIYxpdd0dX8ksPtQ,33.4800647192857,-111.918415057698,6,[33.453939,-111.9275491,33.5061904385714,-111.909281015396],[7,108,119,11,4,5,6,48,49,52,333,326]
GXJqWqBXK0nEPHj_KHwAxQ,33.408730899999995,-111.90812535,6,[33.3370939,-111.9401874,33.4803679,-111.8760633],[33,117,48,11,251,7,108,24,49,80,82,59]
RjhLT1MNlffYdycoX0cASg,33.5019817,-111.9276185,6,[33.5019817,-111.9276185,33.5019817,-111.9276185],[38,48,39,11]
2CSh8_ERvaFBpo2l6066pA,33.5745059,-112.1164379,6,[33.5745059,-112.1164379,33.5745059,-112.1164379],[119,11]
vGOs96HggUY4fDcmlzvr5g,33.49112,-112.079081,3,[33.49112,-112.079081,33.49112,-112.079081],[26,11]
Mdec-xj6735Lh7S_Lpx5FA,33.4537869019623,-111.927165985107,5,[33.4537869019623,-111.927165985107,33.4537869019623,-111.927165985107],[182,172,11]
BTBs9NRC66Jp59T0rB8Ndw,33.4080154,-112.05020955,12,[33.305824,-112.1091081,33.5102068,-111.991311],[11,27,63,8,7,138,139,192,323,39,38,40,206,109,43]
f0Vbus3utxiaoC5Dqe_YCQ,33.410045,-111.684349,1,[33.410045,-111.684349,33.410045,-111.684349],[43,11]
BVvIMHPKKP7-oEx9IfmFBQ,33.60510255,-111.96364305,188,[33.581877,-112.03605,33.6283281,-111.8912361],[61,13,6,26,11,27]
NLCeAf1WEUcp_M6ZriXVOQ,33.53234163448755,-112.056765143338,3,[33.4797420689751,-112.1185366,33.5849412,-111.994993686676],[33,99,11,48,44,97]
7DRJB0vItk2ccNlGcuhWGw,33.4922985,-111.9245517,12,[33.4922985,-111.9245517,33.4922985,-111.9245517],[210,11]
_r8vGOF3c-ogwC_WgKQtIQ,33.38525065,-111.90490075,34,[33.232399,-112.0835575,33.5381023,-111.726244],[24,11,224,6,70,35,76,49,80,82,59,212,126,7,108,119,62,27,17,474,142]
EIQ8gPTx5L-zXPlYDwWGeg,33.4578913197692,-111.989644336133,17,[33.4065733395384,-112.0711771,33.5092093,-111.908111572266],[7,139,416,48,11,108,182,137,340,63,140]
liIQCDzDTnvXc7X8twBIjg,33.36436625,-111.87918015,17,[33.277061,-112.0733143,33.4516715,-111.685046],[185,11,177,140,33,99,44,48,109,38,39,63]
NrRS56Dv52m2BND-9v1qWw,33.568617641687595,-111.9609497,106,[33.3048512833752,-112.234319,33.832384,-111.6875804],[26,11,168,43,117,7,8,99,119,38,39,33,24,27,20,374,23,32,95,224,318,126,48,265,185,54,238,57,69,6,345,84,346,459,212,139,225,375,361,28,17,29,161,65,63,147,30,13,110,120,72,287,44,142,128,296,202,36,101,108,49,52,66,96,292,207]
8ceU-HBL7W3A3gLayu3-dw,33.532394,-112.01983635,8,[33.425316,-112.0998586,33.639472,-111.9398141],[43,11,105,65,106,54,226,38,128,39]
wttePGxhTumTTUinL5tlTg,33.49062365,-111.9699411,165,[33.3098443,-112.2707018,33.671403,-111.6691804],[99,11,88,38,39,40,27,26,44,33,57,18,91,17,341,49,7,313,101,63,10,8,43,97,48,311,119,201,24,128,54,317,265,434,103,123,65,28,170,158,29,98,404,483]
c-C1OnQ0X-11CLqL3ZLJGg,33.8699738,-112.1480614,1,[33.8699738,-112.1480614,33.8699738,-112.1480614],[28,17,18,29]
u15nhcnuqndlllXxxYm-6A,33.45741275,-111.9339552,6,[33.3840503,-112.0148644,33.5307752,-111.853046],[60,6,61,13,12,22,173,420,112]
fAtb74We3tB8dc5c84WcHQ,33.531067500000006,-112.03412549999999,2,[33.421303,-112.151282,33.640832,-111.916969],[373,97,11,126]
0mS2QXrmTER-vAaP4i7FqQ,33.637391,-112.3668873,2,[33.637391,-112.3668873,33.637391,-112.3668873],[106,54,226]
ztk5l1c1Pk_P-mU2-uScGA,33.23132863598555,-111.6619235365235,9,[32.9733585,-111.800994873047,33.4892987719711,-111.5228522],[129,78,278,79,10,24,11,49,387]
mmRitHHabhBqF-TnlmsLYg,33.409735,-111.857263,20,[33.409735,-111.857263,33.409735,-111.857263],[38,26,39,11]
gLCVV2fwzZJAJnd44t6mCA,33.5025941,-111.9296765,1,[33.5025941,-111.9296765,33.5025941,-111.9296765],[468,1]
Y5Bu0M1AZzre9CjdlnQNYQ,33.3492306,-111.9525282,48,[33.3492306,-111.9525282,33.3492306,-111.9525282],[212,361,11]
A7DmcDwQsI5b-bHyEbCe6g,33.641478,-112.0475,1,[33.641478,-112.0475,33.641478,-112.0475],[38,11,99,128,39]
hWBMNp3RrWL4gMvPrXYJeg,33.4938414,-111.9268138,200,[33.4938414,-111.9268138,33.4938414,-111.9268138],[27,11]
VIftJIZsbH7MP0R7tzSQVg,33.2333299,-111.8580919,2,[33.2333299,-111.8580919,33.2333299,-111.8580919],[33,11]
HCclCzfZBChZ7-6l-QTFqg,33.46326845,-111.9976512,3,[33.4239428,-112.0656259,33.5025941,-111.9296765],[12,114,13,6,115,38,273,39,88,89,11]
4Aopa8eM87uM37uApKFxYQ,33.6465632,-112.0791984,6,[33.6308784,-112.2382757,33.662248,-111.9201211],[265,126,11,10,63,99]
egOiJurLtimVZXfQkz47Zw,33.6620349917123,-111.959311034573,3,[33.6620349917123,-111.959311034573,33.6620349917123,-111.959311034573],[28,17,29]
uLEhrI2FKSB4YrfpU56QSw,33.51425045,-112.05467055,5,[33.4900575,-112.1830859,33.5384434,-111.9262552],[311,88,38,39,11,99,128]
vejtS6X906uumbEzpd2Dqg,33.579054,-111.923335,54,[33.579054,-111.923335,33.579054,-111.923335],[231,18,17,49,28,29]
dD3J4FesC1rxMz_4s-_sdQ,33.496175,-112.020561,14,[33.496175,-112.020561,33.496175,-112.020561],[11,63]
mqyQQQ-APlmb5v8AYW5bMQ,33.341131450000006,-111.917843,4,[33.304861,-111.927065,33.3774019,-111.908621],[7,292,182,218,11,219,41]
QnwCn-zXJj03m4O4nHQ31A,33.5381018,-111.9085143,1,[33.5381018,-111.9085143,33.5381018,-111.9085143],[126,97,11]
urx30UA7Qh93mHaG-4Jvhw,33.4897445,-111.91898130000001,17,[33.4799784,-111.9272212,33.4995106,-111.9107414],[109,38,11,39,440,212]
tZDUGP2djGpmOYRNLnHnSQ,33.45461125,-111.92515265,2,[33.4149286,-111.925316,33.4942939,-111.9249893],[201,24,11,26]
BEhWehvv4OIz4sky-eOu6Q,33.4787753887677,-111.98598405,41,[33.4272811,-112.0718179,33.5302696775354,-111.9001502],[39,119,26,38,11,63,27,109,265,48,99,182,140,10,24,440,168]
MpK3MaUg-pKQgx3mbGW_zQ,33.458871,-112.077177,1,[33.458871,-112.077177,33.458871,-112.077177],[11,206,63]
ZEJgyTJulwDeAoGucLhMVg,33.4214126082706,-111.942980289459,123,[33.4214126082706,-111.942980289459,33.4214126082706,-111.942980289459],[7,108]
91Vd0LC3_yPoLe63rWUUkA,33.479605,-112.016481,2,[33.479605,-112.016481,33.479605,-112.016481],[244,11]
wHTzdGmt_W4eQ5YCuDO-VQ,33.50495255,-111.9250987,28,[33.422728,-111.951494,33.5871771,-111.8987034],[88,38,39,89,11,182,99,7,292,26,177,140,218,33,265,185]
FxCMFcR90Adi7Dyd7DGFUA,33.499735,-111.9235067,7,[33.499735,-111.9235067,33.499735,-111.9235067],[88,38,128,39]
T0gb2K0JWe0IgMd1L25hVw,33.4341900790355,-111.994339227676,6,[33.4341900790355,-111.994339227676,33.4341900790355,-111.994339227676],[7,108]
pl6VXw4POOsYRyQrva6hpw,33.3059969,-111.88516,4,[33.3059969,-111.88516,33.3059969,-111.88516],[26,11]
KCTi7U0vxqm7Bxzl7Avbpw,33.4606743,-111.9315607,11,[33.4221126,-111.94542,33.499236,-111.9177014],[10,24,11,63,126,38,48,39,40]
argi5hRyyKKE3wu_vODCjw,33.55571325,-112.0301278,6,[33.5008018,-112.0824532,33.6106247,-111.9778024],[7,98,10,9,11,57,39,145,97,26]
DY-xUuyMewB-MmQUnzNwfA,33.589454,-112.19852,6,[33.539257,-112.215471,33.639651,-112.181569],[251,11,78,79]
tXTLT6ZZDYoQssVPPNM-pg,33.40690395,-111.93664150000001,3,[33.391821,-111.961734,33.4219869,-111.911549],[126,97,11,33,26]
FNu4OMP17IhgLzaVnIG4Iw,33.5057744492943,-112.040011882782,1,[33.5057744492943,-112.040011882782,33.5057744492943,-112.040011882782],[39,119,48,38,11]
8Shli_hrwBzEMPPx-arrDg,33.457863,-112.068359,1,[33.457863,-112.068359,33.457863,-112.068359],[38,48,39,11]
0H3XjQKRSCz9ihshY2XX2Q,33.6071829,-111.9403254,1,[33.6071829,-111.9403254,33.6071829,-111.9403254],[11,63]
Vdo-igLES0OVEqiOyiQMeQ,33.45324075,-111.98037345,18,[33.3929966,-112.047693,33.5134849,-111.9130539],[126,11,168,26,119,99,120]
8axXe8Ps8IYJ-z1t4Kf-sQ,33.4218047,-111.9533039,74,[33.4218047,-111.9533039,33.4218047,-111.9533039],[33,119,99,11]
