x5m4TTJY3PHkQ_2OQR1bYQ,33.34609535,-111.80648775,2,[33.3260297,-111.8747445,33.366161,-111.738231],[65,54,220,32,95,222]
64YY0h0ZAR2nbzxbx0IwJg,33.567265076001405,-111.98914658201599,200,[33.2612195,-112.149875164032,33.8733106520028,-111.828418],[28,17,29,177,11,33,44,99,127,27,7,98,10,9,313,63,48,49,80,59,322,19,57,20,23,4,6,425,119,126,38,145,205,39,40,12,13,372,78,79,368,106,54,107,140,285,18,26,115,30,202,72,88,89,43,108,172,296,74,24,109,121,137,8,139,261,55,122,256,265,338,46,208,35,469,112,158,187,271,69,248,152,475,333,192,148,45,15,25,201,91,117,214,181,163,168,229,327,182,417,307,120,292,157,103,101,162,22,21,186,224,440,77,76,169,32,433,470,114,97,306,96,373,41,309,128,341,185,231,415,298]
_cqVj_WeSeNmYnI6_GM4bQ,33.449553,-112.075503,9,[33.449553,-112.075503,33.449553,-112.075503],[10,24,11]
nP4X1Y7SNVHMtRAXhqZldQ,33.3217349,-111.975816,2,[33.3217349,-111.975816,33.3217349,-111.975816],[99,11]
FCEvlqFa5I3a9wUHex31CQ,33.3480423402709,-111.964952945709,4,[33.3480423402709,-111.964952945709,33.3480423402709,-111.964952945709],[212,41,43,11]
pVJcCF3DrCkVb1PQ2q5HCg,33.67106847428,-112.030189633369,1,[33.67106847428,-112.030189633369,33.67106847428,-112.030189633369],[38,11,39,27,128,63]
ToSMpt7eDyvBmHbszPssuQ,33.6286676,-112.04066209999999,13,[33.579606,-112.1897722,33.6777292,-111.891552],[7,138,139,97,11,119,9,10,96,72,126,108]
9LculqQTjfYLmOz8etyBmg,33.4507426,-112.0025851,2,[33.4272811,-112.06508,33.4742041,-111.9400902],[119,11,48]
fqmya_HEXJG_ExjlNew0tw,33.54474715,-112.20213905,4,[33.4823893,-112.3408511,33.607105,-112.063427],[27,24,11,212]
du-v-Pn8vHUuYE4rplHyyQ,33.5025941,-111.9296765,1,[33.5025941,-111.9296765,33.5025941,-111.9296765],[7,292,99,48,11]
d19_YEGjzLfG5IAxmf4G7A,33.56925835,-112.175656537317,19,[33.4552907,-112.363443374634,33.683226,-111.9878697],[126,97,11,43,33,99,44,251,169,7,108,177,140,212,187,10,139,9]
D02IMz5nBbg0e8vBVjOWIQ,33.4622824,-112.1165337,1,[33.4622824,-112.1165337,33.4622824,-112.1165337],[288,32]
U9fZVd70vVyRH0oUwSgPBw,33.3702541,-111.9741847,3,[33.3702541,-111.9741847,33.3702541,-111.9741847],[265,11]
8dAAMq8R9o4QlRTqob0E8A,33.5473873,-111.92082945,15,[33.4217923,-111.951184,33.6729823,-111.8904749],[63,27,11,98,7,126,97,24]
q9kmjMDIgl_jRXysnMjY8g,33.420571,-111.942444,5,[33.420571,-111.942444,33.420571,-111.942444],[38,168,298,88,39,11]
NZZq-dXqdTX0BBrIFo15pg,33.220784807586,-111.58327115097,2,[33.220784807586,-111.58327115097,33.220784807586,-111.58327115097],[190,28,140,11]
57a1sTcwVkNVsxGO_h_3Yw,33.425791000000004,-111.94061135000001,11,[33.349572,-111.957761,33.50201,-111.9234617],[117,11,99,127,101,38,26,39,7,142,265,33,44,27]
-LwdsX1kAklrYx3lQ_L0Yw,33.264165,-111.858048,2,[33.264165,-111.858048,33.264165,-111.858048],[99,296,11]
jYrumJ4GzAiR8pZRpY7ajA,33.6765685033475,-111.924676895142,1,[33.6765685033475,-111.924676895142,33.6765685033475,-111.924676895142],[33,99,11]
0oCGn4N3SeUlEmmMPs1yYQ,33.523767500000005,-111.99807705,14,[33.420571,-112.0744706,33.626964,-111.9216835],[119,11,48,265,126,97,168,181,229,7,33,24,142,38,298,88,39,63,27,84,198,197,343,23,344]
mEMun-MSV-Rke3oB8qD_Cw,33.481650450000004,-111.99873455,200,[33.43475,-112.0772,33.5285509,-111.9202691],[28,240,241,38,99,39,40,11,17,29,352,48,311,88,293,19,20,6,21,22,13,23,119,26,185,24,205,212,126,177,251,224,43,170,101,128,18]
9NQLMkG_f2hbgUIXKWP2OQ,33.407672149999996,-111.93534525,13,[33.3197658,-111.944694,33.4955785,-111.9259965],[101,38,39,205,7,142,168,298,88,11,145,57]
x_XnF95v-Bwl3_n11FALoA,33.5080598387677,-111.9975598,5,[33.48585,-112.0691813,33.5302696775354,-111.9259383],[11,63,109,38,265,39,43]
Hgo0fsbZG8D4vmPm6XcZWg,33.492469,-111.927134,1,[33.492469,-111.927134,33.492469,-111.927134],[64,65]
upwIUjJS-pniv7OYOhoOSg,33.625484,-111.891628,1,[33.625484,-111.891628,33.625484,-111.891628],[26,11]
Y4kXZBFlltgO1mnT6ezVtQ,33.5336234,-111.9652641,4,[33.5336234,-111.9652641,33.5336234,-111.9652641],[161,28,65,17,29]
qdB_t0cm0vk6v4kXrkECSw,33.449553,-112.075503,1,[33.449553,-112.075503,33.449553,-112.075503],[10,24,11]
8t5j2eU7dWiFXBh3AvY1kg,33.567850899999996,-111.9258235,83,[33.5266038,-111.92702,33.609098,-111.924627],[28,17,29,119,120,11]
sNfkI6qnPQ0ZYRRbMeQm8w,33.423901989755,-111.940287351608,3,[33.423901989755,-111.940287351608,33.423901989755,-111.940287351608],[7,36,38,39]
dnlVBxb1RK9jzKix472FZA,33.597517749999994,-111.9267172,10,[33.519588,-111.9779854,33.6754475,-111.875449],[11,63,84,32,336,318,124,125,117,33,48,307,7,142,43,126]
jXvYEdq_-dP5KHu_6hCWxQ,33.4532027,-111.9266566,12,[33.4532027,-111.9266566,33.4532027,-111.9266566],[11,27,63]
k_1O9_8ILYYq9rgOtuyxNw,33.49823115,-112.23676875,2,[33.4435853,-112.3411065,33.552877,-112.132431],[48,120,11,7,138,139]
dEXihqQ-9ZufQz2LJc2-kA,33.640635,-112.229894,44,[33.640635,-112.229894,33.640635,-112.229894],[65,133]
kVsdX_7F5f_DIKVI0uk7rg,33.498724,-111.927511,2,[33.498724,-111.927511,33.498724,-111.927511],[48,11]
riPKVhNlYjIriwI4MptQjQ,33.50453445,-112.0391395,4,[33.5016589,-112.04725,33.50741,-112.031029],[6,21,257,119,120,11]
79CTFSE1FemqchgqpHjaGw,33.444801984944,-112.07211772211,3,[33.444801984944,-112.07211772211,33.444801984944,-112.07211772211],[38,99,39,128,185,11]
A9XeVLFzfEi3VSbpplYw0w,33.4021988,-111.92525119999999,7,[33.3501281,-111.942444,33.4542695,-111.9080584],[38,168,298,88,39,11,192,7,98,10,9,108]
edVUZS70KmFGVRIbDjDEGg,33.47904765,-112.00145455,6,[33.4194512,-112.0986063,33.5386441,-111.9043028],[126,97,11,212,43,26,38,7,47,88,39,48]
c4Ic9brP8hle_qMjbeejFg,33.4869182,-111.908738,24,[33.4869182,-111.908738,33.4869182,-111.908738],[39,119,26,38,11]
K27-De2xuxIV77PwPVPtEw,33.49366045,-112.08281285000001,2,[33.4874748,-112.0830342,33.4998461,-112.0825915],[26,11,38,143,39,205]
XMPlW9uVIvQ5TLKR46Uqzg,33.407724,-111.952872,4,[33.407724,-111.952872,33.407724,-111.952872],[38,11,99,128,39]
bJlavZNzY6Y863tgivQaTQ,33.4188563,-111.88286615,3,[33.4149566,-111.925685,33.422756,-111.8400473],[7,142,119,99,11]
VFs8js0dFAxm8apY0SIgGg,33.4764387,-112.3923794,2,[33.4764387,-112.3923794,33.4764387,-112.3923794],[54,238]
_qDCRA8PTafuoXc0VWyBlw,33.522986450000005,-112.1853265,195,[33.43475,-112.364213,33.6112229,-112.00644],[28,170,7,108,38,119,109,39,11,24,126,97,128,26,88,89]
4QCrTEM8VVJPojEnktQAfg,33.4741375,-112.0649666,2,[33.4741375,-112.0649666,33.4741375,-112.0649666],[7,108,201,11]
Fxzn1yDq9NKWgJlroA8--Q,33.59259428674525,-112.01917536492249,4,[33.4740662,-112.111252129845,33.7111223734905,-111.9270986],[98,7,10,11,24,63,26]
nNl8WduYp9-hRuvW1D3fZQ,33.3498648,-111.8766855,3,[33.3498648,-111.8766855,33.3498648,-111.8766855],[24,11]
auMYw7F9zHos7mVNeb8CAA,33.4739839,-112.0741725,1,[33.4739839,-112.0741725,33.4739839,-112.0741725],[64,104,133,65]
nRlQcUqVfYEH272gKX9Cbg,33.508118,-112.027582,2,[33.508118,-112.027582,33.508118,-112.027582],[57,99,7,36,69,11]
5y5SqjC1bKSnnXd5NpuENg,33.537967699999996,-112.15469435,12,[33.421909,-112.358704,33.6540264,-111.9506847],[43,11,244,65,133,309,97,26]
LGC0ZycSccPlos7cbg5Jtg,33.6839876,-112.1161771,7,[33.6839876,-112.1161771,33.6839876,-112.1161771],[63,27,11]
RWTCBl-XbG2B5HU30kDYTQ,33.6236715,-111.9251782,73,[33.6236715,-111.9251782,33.6236715,-111.9251782],[38,48,39,40,11]
bULh3M7XuBHhAxohP0GASg,33.4372675,-112.0648928,1,[33.4372675,-112.0648928,33.4372675,-112.0648928],[99,11]
qNANO9sFNVPMPfuogtBZXg,33.49481795,-111.99267745,2,[33.4804266,-111.9967688,33.5092093,-111.9885861],[26,11,99,24]
3hPmlMAP3PfHMiwNW_RUZg,33.4646585,-111.8688622,136,[33.3055979,-112.1156244,33.6237191,-111.6221],[212,361,11,71,72,354,154,33,99,44,27,400,24,26,49,368,7,313,142,65,133,126,10,63,119,251,48,185,109,38,39,139,96,12,114,13,6,22,265,80,59,475,97,43,8,62,17,292,89,98,36,141,345,194,138,117,9,108]
MITn8veG3s3WAAX6wiUJKQ,33.64466515,-112.04653955,39,[33.4571599,-112.201447,33.8321704,-111.8916321],[218,11,38,48,128,39,99,88,352,7,292,251,43,311,224,63,57,327,212,126,293]
nLtHUAHQwhB0GeZXOJLu-w,33.47612575,-112.06638985000001,6,[33.449233,-112.0999,33.5030185,-112.0328797],[251,11,119,27,26]
CbVgpGNl8gn0lESTfpP3sQ,33.6390283,-112.18908,1,[33.6390283,-112.18908,33.6390283,-112.18908],[26,11]
gDIi8a_axalB1QGoa_WP6Q,33.4397929,-111.93759115,2,[33.3496805,-111.9487453,33.5299053,-111.926437],[265,11,483,10,24]
hQbfq7XwuSCIAzzVqTGHvA,33.566247,-111.9257768,200,[33.566247,-111.9257768,33.566247,-111.9257768],[48,11]
XQQUBUlwe7f7MAED1e5Tdw,33.4971525,-112.1715659425535,8,[33.35367,-112.4159659,33.640635,-111.927165985107],[182,172,11,7,139,423,189,43,10]
hqnySkbeUJGoC6h76gtSIQ,33.48777476510485,-112.0136409,56,[33.2976955302097,-112.1686878,33.677854,-111.858594],[104,161,105,65,38,48,39,40,11,212,63,97,126,78,79,117,180,20,23,27,7,108,201,119,182,218,307,98,10,9,6,45,60,36,8,247,21,292,24,185,224,309,142,260,259,127,109,440,168,26,43,251,139,112,248]
diaM2bXZaXbQFbmMcyosnQ,33.5086148,-112.0308173,6,[33.5086148,-112.0308173,33.5086148,-112.0308173],[7,9]
ef7eJrSr7chDjDth0-k2HQ,33.5161867784787,-112.087514,86,[33.3180465,-112.279772,33.7143270569574,-111.895256],[161,65,133,38,99,33,39,128,11,26,177,140,10,27,98,7,63,47,48,500,192,41,182,265,119,24,43,12,61,13,6,114,57,69,142,108,44,88,101]
_W6oR77P23Bv6asfA0ea8Q,33.347591,-111.95738,2,[33.347591,-111.95738,33.347591,-111.95738],[119,99,11]
MTiX9SiwfQzWuzq0R_3KbA,33.6106247,-111.9778024,1,[33.6106247,-111.9778024,33.6106247,-111.9778024],[97,11]
qFYn0PU1KZJFc8Xtbw36Tw,33.4346825157367,-111.994403600693,24,[33.4346825157367,-111.994403600693,33.4346825157367,-111.994403600693],[39,38,99,128,11]
QDFF87mFaSCr3AUAumKdmQ,33.48598104008665,-111.99477455464151,27,[33.4330350801733,-112.083991,33.538927,-111.905558109283],[119,11,212,99,48,38,143,39,140,40,33,44,26,205,7,292,57,145,8,137,6,139,161,123,65,296,69,168,181,229]
nrd9EyIA8XbhC0QUPbu-DA,33.683479,-111.966112,44,[33.683479,-111.966112,33.683479,-111.966112],[161,28,29,17,65]
GKiicaBM61bhcYu7xZCl5A,33.388722,-111.545112,7,[33.388722,-111.545112,33.388722,-111.545112],[119,11]
9ru6Cqv9f0XYo0jSBFgBuA,33.452766499999996,-112.0359055,4,[33.43475,-112.065371,33.470783,-112.00644],[98,7,99,11,28,170]
wkrHJekjUMxQrqs8n5ZQ-Q,33.52367135,-112.0722739,8,[33.4593954,-112.1164668,33.5879473,-112.028081],[7,108,38,39,40,48,11,168,169]
bKkoPvsgZje0p9uvUGSnFg,33.46577515,-112.1533179,7,[33.393544,-112.3584488,33.5380063,-111.948187],[112,6,118,98,7,108,292,185,11,48,120,26]
cUxq5nIUp7S_t4Tlaz46YA,33.507549,-112.047066,1,[33.507549,-112.047066,33.507549,-112.047066],[140,11]
ZvRWZgNQ9nkdqj-WuJTLJg,33.52497875,-112.05555865,3,[33.4886986,-112.1156244,33.5612589,-111.9954929],[6,284,35,48,185,11]
8dIK9PzybGF_Bn3IlO9a8A,33.4930044,-111.9248852,2,[33.4930044,-111.9248852,33.4930044,-111.9248852],[38,48,39,11]
guT5ZW60rtlnsU15-DYoXw,33.513139699999996,-111.99472610000001,31,[33.414345,-112.0898162,33.6119344,-111.899636],[7,108,172,11,84,291,267,182,192,38,6,145,186,57,39,181,40,48,177,61,13,112,212,43,244,119,260,218,56]
mEuy3PqtKQgZOzNecO-3Qg,33.42263,-111.940813,1,[33.42263,-111.940813,33.42263,-111.940813],[307,212,43,11]
-PlTQNZHFFA1f1hoQZLaOA,33.4068759,-111.956194,5,[33.4068759,-111.956194,33.4068759,-111.956194],[11,26,17,62]
7iqUjt7LBhVYlNujyOucIw,33.58348,-111.883526,2,[33.58348,-111.883526,33.58348,-111.883526],[7,142]
fgXODuqHR7fZU-h_pXERFw,33.5159139,-112.0395373,12,[33.362719,-112.2029357,33.6691088,-111.8761389],[89,11,71,72,297,48,26,109,38,39,63,40]
BenSpFjwd0aZTQ59SeDnIg,33.52593215,-112.18847514999999,4,[33.4471783,-112.3025,33.604686,-112.0744503],[32,90,168,169,11,57,145,38,39,48]
7Arwg-MBjgzdTIAmMB155w,33.449233,-112.065458,1,[33.449233,-112.065458,33.449233,-112.065458],[27,11]
LpibC3ELY_werpyhbusVpw,33.5501999,-112.0565222,2,[33.5501999,-112.0565222,33.5501999,-112.0565222],[27,11]
5yWrv2-BBzfOwlIQEYIIqg,33.4471735,-112.073781,3,[33.4471735,-112.073781,33.4471735,-112.073781],[28,17,29]
CNaf8uXrJ42vTIAp_M8ZYw,33.566913650000004,-111.930072548864,17,[33.4939313,-111.977799,33.639896,-111.882346097728],[185,11,26,340,210,265,126,97,7,98,10,9]
lWMHf80A7XKzZJdH_vr52g,33.4253394,-111.9398532,3,[33.4253394,-111.9398532,33.4253394,-111.9398532],[465,57,39,145]
K46wUhq5_hyKo8uGvtbijA,33.5767333,-112.1251993,1,[33.5767333,-112.1251993,33.5767333,-112.1251993],[49,80,82,59]
Iz6VJg9Hts3o8BNZR18z9w,33.3040786,-111.97765575,4,[33.3030372,-111.9863512,33.30512,-111.9689603],[106,54,315,99,11]
Vo6UjZP3abwyXnRcpxxXMQ,33.62855075,-111.87975689999999,5,[33.585312,-111.924669,33.6717895,-111.8348448],[57,48,39,145,11,168,26,127,169,38,128]
KwrJlC7IRf_FSnLwThGVlQ,33.279665,-111.685964,31,[33.279665,-111.685964,33.279665,-111.685964],[65,133]
rkJw5S4qY-K9FtQ6Gj09aQ,33.3350531,-111.9445728,8,[33.3350531,-111.9445728,33.3350531,-111.9445728],[27,11]
N5taqGGQvdijSt8OG3zdCQ,33.320203785852,-111.9446939218,1,[33.320203785852,-111.9446939218,33.320203785852,-111.9446939218],[126,97,11]
qFyloElEsowN_5zW_IYAOQ,33.4907132324975,-111.950954075065,21,[33.3947699,-112.065458,33.586656564995,-111.83645015013],[33,117,48,11,27,99,296,28,170]
PuFHZo_8ORYBZoOn8RHjpA,33.5049055,-111.99518921141501,12,[33.392538,-112.07341192283,33.617273,-111.9169665],[140,177,192,11,98,7,10,142,234,263,498,1,27,48,104,105,65,161]
cYGMT8M96D2c1PX4A_ihUw,33.407407,-111.9392616,1,[33.407407,-111.9392616,33.407407,-111.9392616],[38,99,39,11]
BGHcBWGpOAeL3LK_GtdB2w,33.6763591,-111.9780802,1,[33.6763591,-111.9780802,33.6763591,-111.9780802],[54,317]
isqevtmL0bS96YtRzr2HwQ,33.5160857786892,-111.9999728184965,15,[33.4566960573784,-112.072327136993,33.5754755,-111.9276185],[99,48,11,119,33,38,39]
VpL2gVvtB94NJiK5-EPjoQ,33.4893896,-111.9683733,29,[33.3051122,-112.0999146,33.673667,-111.836832],[7,108,24,11,192,210,49,193,59,224,26,172,138,292,139,98,223,244,12,114,13,6,163,182,142,194,38,181,39,40,43,8,119,218,140,63,27,17,62,48]
3n26HQVYHmLyALZjsiSTzQ,33.5565135,-112.26130705,11,[33.531725,-112.2691041,33.581302,-112.25351],[7,8,6,45,26,11,109,38,265,39,99,181,48]
6c6YmsEkx8elfKPMFL76lg,33.50408705,-111.96088215,5,[33.4946362,-111.995355,33.5135379,-111.9264093],[119,99,11,7,8,33,38,48,39,101]
fJsTZrU1NAR4H0B5FWqbNw,33.4251549,-111.93526,1,[33.4251549,-111.93526,33.4251549,-111.93526],[38,7,47,88,39,48,11]
DatUClUyt_BS_eoknEkHFg,33.5022311,-111.924255,5,[33.5022311,-111.924255,33.5022311,-111.924255],[126,97,307,11]
76AvYMc6hPmy7GVS-9XYSA,33.382466550000004,-111.847262,21,[33.2189331,-111.96828,33.546,-111.726244],[168,11,63,26,127,65,44,99,265,185,7,24,108,119]
YdGKUF2uLfwb0iKwDkkFzQ,33.4949678,-111.9241443,7,[33.4949678,-111.9241443,33.4949678,-111.9241443],[11,63]
7KWW212wobbTzEw1xPhgDw,33.5397473,-111.8885858,4,[33.4238102,-111.9381604,33.6556844,-111.8390112],[11,63,251,88,38,39,24]
fXsrPINnDf8QKCRdiUedLg,33.544152,-112.1544815,2,[33.455863,-112.236796,33.632441,-112.072167],[11,63,201]
gjlRFELSP3EoM9fooe8gGA,33.5324161,-112.2634935,27,[33.5324161,-112.2634935,33.5324161,-112.2634935],[28,17,29]
VW5lwmRzGB1OpSNBnEZ4zA,33.5094461,-112.0403946,6,[33.5094461,-112.0403946,33.5094461,-112.0403946],[63,27,11]
WG4_lXNVM2cnXYgQRrtgUA,33.4061174,-111.82670730000001,27,[33.303233,-112.0409994,33.5090018,-111.6124152],[109,38,11,39,63,48,13,6,115,372,27,208,35,7,33,47,8,119,157,103,49,66]
NybFr19eR0MCAYJmTkszYg,33.5052867,-112.09286865,200,[33.4493145,-112.1156244,33.5612589,-112.0701129],[126,97,11,28,17,29,224,48,185]
4xHXJ4k6pKyS45uBwUN_KA,33.63846771565195,-112.27651343731699,4,[33.6382038313039,-112.363443374634,33.6387316,-112.1895835],[251,212,11,6,204,65]
QEW7eldpx3GYJkg-T0l1UA,33.638626,-112.217296,1,[33.638626,-112.217296,33.638626,-112.217296],[212,361,11]
4jDdcAXazrXu4N69H3ZDmg,33.6403686,-112.03268729999999,14,[33.6260342,-112.0898,33.654703,-111.9755746],[71,72,98,7,113,6,116,184,297]
3qqtG1OQ7vIto_2HZr59Ow,33.6432491,-112.2204806,2,[33.6432491,-112.2204806,33.6432491,-112.2204806],[65,133]
WRKCSRwzl6koSWHNFFc6kg,33.648988200000005,-111.9982226,4,[33.4642695,-112.0741442,33.8337069,-111.922301],[11,63,7,8,6,35,76,168,265,307,28,17,29]
RBhObIWr87SjGk79rU5_Sw,33.5384145,-111.8875886,1,[33.5384145,-111.8875886,33.5384145,-111.8875886],[6,21]
BlW0gNjR75Qmg6ArVlECww,33.5738374,-111.7142695,19,[33.5738374,-111.7142695,33.5738374,-111.7142695],[44,26,11]
sFZh396nNju-yeEYz0n5MQ,33.058222,-112.045451,3,[33.058222,-112.045451,33.058222,-112.045451],[26,11]
Ly5KhED3-O0c8799mtVU_Q,33.3303365,-111.80076775,2,[33.214699,-111.8032005,33.445974,-111.798335],[84,291,235,328,32,90]
qKW7fxIgjCsybAMZ125OPg,33.628254,-112.028064,2,[33.628254,-112.028064,33.628254,-112.028064],[57]
z06IHGXI_ofBc2DkAbCgnA,33.6069779260014,-111.99025058201599,140,[33.3406452,-112.149875164032,33.8733106520028,-111.830626],[26,11,43,7,8,177,33,99,48,185,46,6,372,74,24,202,72,36,63,27,138,139,78,79,140,13,30,28,17,29,67,68,108,49,52,38,39,40,285,121,218,41,170,322,57,128,65,133,182,240,241,224,192,323,77,35,76,309,145,210,265]
sYkR3nqex2fzAcNLu2YM5g,33.4659387,-112.0223502,8,[33.4659387,-112.0223502,33.4659387,-112.0223502],[71,72]
wIP3fVbOllHpY8JXhUl2fQ,33.501223350000004,-112.05541525000001,2,[33.4948977,-112.0637645,33.507549,-112.047066],[140,11,27]
4LqGV2nfqsLqOvrRg7-PoQ,33.4578271,-112.0674563,1,[33.4578271,-112.0674563,33.4578271,-112.0674563],[57,186,6]
V6DJa0Q_DINiG4siSLogrA,33.5668050728745,-111.92547082901,5,[33.5668050728745,-111.92547082901,33.5668050728745,-111.92547082901],[224,11]
ZY4pS_HWm1_Q10E1tR9f9w,33.4787943,-112.0478085,25,[33.4787943,-112.0478085,33.4787943,-112.0478085],[26,11]
RF0nRCPrbiuyP4L6pG6kbQ,33.4787943,-112.0478085,2,[33.4787943,-112.0478085,33.4787943,-112.0478085],[26,11]
HbBSzI3pHLTj-z34M1txeQ,33.5239431,-112.0478898,31,[33.5239431,-112.0478898,33.5239431,-112.0478898],[137,7,6,139]
vMDrP3b5PZFZLmRLrJrGYw,33.500158549999995,-111.92681075,17,[33.494651,-111.927402,33.5056661,-111.9262195],[28,17,29,48,11,98,7,119,10]
sRPhEvUKjtP8V5YRFjkY_A,33.40066585,-111.91677659999999,3,[33.3941184,-111.9244324,33.4072133,-111.9091208],[65,133,212,361,11]
XAsGwKM_d4UN3Nndb-j5CQ,33.529536,-112.064688,3,[33.529536,-112.064688,33.529536,-112.064688],[104,195,65]
HJrucgkGITqFF9T8sRKfgQ,33.4944885,-112.04840060000001,16,[33.3488775,-112.1201999,33.6400995,-111.9766013],[7,10,9,11,39,38,27,128]
_u633kLv1SQ-6tgcxLIyyQ,33.304861,-111.927065,2,[33.304861,-111.927065,33.304861,-111.927065],[7,292,182,218,11]
rbcbqdr8hV0iv8ISMheE3A,33.6309055075615,-111.92957505000001,200,[33.624036015123,-111.9329381,33.637775,-111.926212],[11,63,206,28,17,29]
1WahYK6Lkd66LYCV8mL1bA,33.6281017,-111.8912231,2,[33.6281017,-111.8912231,33.6281017,-111.8912231],[88,38,39,298,11]
5TRzVtvTedz8bScUUBt5QA,33.457368796828945,-112.375809158203,11,[33.4503315936579,-112.391694,33.464406,-112.359924316406],[104,133,65,64]
oz_zR9N8HjSLh4-OZ8LKAA,33.5524713,-111.8561181,5,[33.4074496,-111.9249272,33.697493,-111.787309],[84,147,99,48,296,11]
Mcmq-3uGKhz1yOwVtWkJMA,33.4214126082706,-111.942980289459,16,[33.4214126082706,-111.942980289459,33.4214126082706,-111.942980289459],[7,108]
c2PbAkorhZwYUpmNKMGxeQ,33.60375506823195,-112.09625249999999,8,[33.495084,-112.192542,33.7124261364639,-111.999963],[117,11,265,99,185,33]
oiZaVphodBgaxCkcXS8GWw,33.3057308,-111.8960397,2,[33.3057308,-111.8960397,33.3057308,-111.8960397],[97,11]
oexyVjQSZ62qT7tpxgOcKg,33.60533245,-112.06153044999999,59,[33.4787939,-112.2701979,33.731871,-111.852863],[109,38,265,39,11,48,185,49,57,327,330,99,128,27,106,54,295,309,119,285,33,117,7,36,8,62,17,169]
jcPEYLD5N0cXzr-98qptww,33.6128816,-111.9778065,2,[33.6128816,-111.9778065,33.6128816,-111.9778065],[177,140,11]
FGUoV_dg_mDFfQDgot0ygg,33.46211855,-111.98222486105499,30,[33.421643,-112.07211772211,33.5025941,-111.892332],[182,48,140,11,120,38,99,39,128,185]
O7lCZvfLCUDupjgL6C_O8w,33.6559706,-112.08287535,3,[33.632948,-112.135621,33.6789932,-112.0301297],[7,182,194,172,11,65,167,133,39,38,26,128]
_BKj75fmYYJOHDYNshFW6Q,33.5232839,-112.046904,3,[33.5232839,-112.046904,33.5232839,-112.046904],[84,345,6,346]
0im6WIvEj7MWfJSLCuZYaQ,33.30118745,-112.00518475,111,[32.97846,-112.3411891,33.6239149,-111.6691804],[63,27,11,4,6,425,7,36,48,106,54,107,185,72,130,32,33,44,139,225,96,13,30,8,26,345,35,84,346,264,296,208,284,28,170,43,311,45,65,148,204,127,108,99,126,97,46,154,57,69,77,76,117,118,12,22,47]
7MdrcCHSkBF2DgmZIEimcQ,33.2149114,-111.53984084999999,20,[33.0359595,-111.6922657,33.3938633,-111.387416],[33,11,62,26,17]
zDpCJHCtsb7g7kdfuYJ5PQ,33.348235700000004,-111.86707795000001,2,[33.3202274,-111.8933909,33.376244,-111.840765],[7,8,6,200,137,139]
h2heEPaqhuQTz-IC6csNjQ,33.4492301,-112.06886165,2,[33.4492272,-112.0722653,33.449233,-112.065458],[27,11,177,26]
_HLqSxJi29D1Awt4VgWxpg,33.3893173,-111.83815835,16,[33.2774922,-111.9213147,33.5011424,-111.755002],[28,17,18,29,49,193,80,59,99,11,57,69]
yleC7Xb7KsDpefskB_ntNQ,33.5463042,-111.97664345000001,13,[33.4643554,-112.0981742,33.628253,-111.8551127],[27,11,99,120,43]
nbofxFWHORebBHh10OgYLA,33.42252041933885,-111.85832690000001,153,[33.304138,-112.08407,33.5409028386777,-111.6325838],[6,77,35,76,26,11,7,36,185,27,108,38,39,109,313,8,45,200,41,182,48,140,212,43,148,33,196,138,139,229,44,63,24,119,400,279,54,317,99,101,143,40,10,192,202,72,57,306,47,88,265,126,97,210,181,49,193,59,177,89,116,113,120,117]
seXUS5G1AffBN822f25uVQ,33.555308600000004,-111.98529669999999,20,[33.3117903,-112.1293761,33.7988269,-111.8412173],[251,11,224,104,105,65,7,142,117,57,69,56,98,43,446,247,119,48,201,33,44,10,9,108,149,137,8,139]
5RJ2Zycslp8cLyAJl4pUNQ,33.43475,-112.00644,200,[33.43475,-112.00644,33.43475,-112.00644],[28,170]
C5f6uv8QJpSqieKn4nzxoA,33.456789400000005,-112.014893,12,[33.3350458,-112.152357,33.578533,-111.877429],[149,11,168,42,43]
FJkEBP0cAuVebbD7D70YpQ,33.624662,-111.943525,1,[33.624662,-111.943525,33.624662,-111.943525],[11,63]
vmpK5VVMxsfN-MHzX0AXkQ,33.538935050000006,-111.95807145,11,[33.2475,-112.074078,33.8303701,-111.8420649],[224,11,48,109,38,39]
iG853J3aQ_zn9x9fHu1AFQ,33.640347560124,-111.969566345215,12,[33.640347560124,-111.969566345215,33.640347560124,-111.969566345215],[117,11]
pYDbT9-hP-A-gmsbQhhUtA,33.53192885,-112.012345,8,[33.422728,-112.073196,33.6411297,-111.951494],[38,140,39,40,48,11,88,89,71,72]
DF6ZanvQkDT8or9g1QjTpw,33.3857489,-111.692453,20,[33.3857489,-111.692453,33.3857489,-111.692453],[28,17,29]
nglWChGw51YZTYIIHg6ShQ,33.66210780701305,-112.07559345000001,3,[33.6543532140261,-112.1203279,33.6698624,-112.030859],[251,11,98,7,119,177,140]
lZ9OsdyvZCafZDVqWoFT6g,33.5384203,-112.1839297,15,[33.5384203,-112.1839297,33.5384203,-112.1839297],[11,27,63]
XSFZK2XcDqn_cWvuWbI0HA,33.4626262,-111.8255245,7,[33.25539,-112.030859,33.6698624,-111.62019],[78,79,7,8,247,162,251,11]
-3xlj2ZDfN_4pcxHFKNdoQ,33.589429100000004,-112.15747655000001,5,[33.5676972,-112.1609791,33.611161,-112.153974],[185,11,43]
QhfaeEbQFaiNeiZS5nEM7Q,33.3272542,-111.83809794999999,7,[33.3202274,-111.8933909,33.334281,-111.782805],[161,65,7,137,8,139]
mtoKqaQjGPWEc5YZbrYV9w,33.5000883,-112.0029826,10,[33.4548476,-112.0800705,33.545329,-111.9258947],[119,11,26,17,18,63,27,24,12,13,6,7,292,127,33,38,39,142]
VXPg5er78K997n_cXMDRlg,33.47971215,-111.9214462367525,6,[33.3037399,-111.9810651,33.6556844,-111.861827373505],[38,11,99,128,39,251,109,63,26,127,265,126,97]
s8OxgrxE9sVlovI2AfKsyw,33.4360415,-111.9956337,3,[33.4360415,-111.9956337,33.4360415,-111.9956337],[28,240,241]
la6mXkjkD2yyYkowrwAcGw,33.4853578,-112.0402772,32,[33.360804,-112.3510497,33.6099116,-111.7295047],[61,13,6,331,38,39,28,17,29,11,182,48,140,99,128,296,63,27,40,49,193,82,59,126,97,168,181,229,7,9,201,321,143,205]
EoyeyVfBlFso8tzZZrv9Ag,33.4697793,-111.95812115,10,[33.299873,-112.0736563,33.6396856,-111.842586],[33,119,11,38,39,40,48,192,377,323,109]
HrJ2gJ-J-WuoUKTAz_02Aw,33.6363973548764,-111.906379815069,20,[33.6272265,-111.917118430138,33.6455682097528,-111.8956412],[7,47,48,11,28,158,17,29]
3Re6jxO-MtyuiI4a-NOTxw,33.44076735,-112.01251705,20,[33.379553,-112.1091081,33.5019817,-111.915926],[11,63,7,137,8,139,373,97,12,114,13,6,27,38,145,57,205,101,39,182,172,47,88,48,36,126,89,224,26]
8qNdQokGEopOBRb_dgw97g,33.0243086703987,-112.048614084086,5,[33.0243086703987,-112.048614084086,33.0243086703987,-112.048614084086],[57,48,38,39,40,69,11]
CFM4fogEh1NX9wZmlfWN8w,33.52521845,-112.03399784999999,18,[33.4471735,-112.0898162,33.6032634,-111.9781795],[32,95,222,126,11,48,63,27,24,98,7,54,55,122,256,177,140,119,260,108,38,109,39]
3nDDsqAEpRa_wiDEz7Y4Ww,33.6267322,-111.8912034,1,[33.6267322,-111.8912034,33.6267322,-111.8912034],[224,11]
nhysTbkA09SymSrCjdTaVw,33.4235273,-111.84781015,21,[33.3098443,-112.0264399,33.5372103,-111.6691804],[49,66,52,26,11,255,54,55,63,27,28,170,219,218,41]
Sd05iBM7b7zvCBI7_jsB5Q,33.5222185,-111.9595033,200,[33.5222185,-111.9595033,33.5222185,-111.9595033],[28,17,29]
4AHJijaCB4Sevv7MgX6ajQ,33.435146,-111.998367,15,[33.435146,-111.998367,33.435146,-111.998367],[26,11]
_X0UMURuPHHZSIdZKpvn0g,33.491645,-112.073196,7,[33.491645,-112.073196,33.491645,-112.073196],[38,140,39,40,48,11]
rQW6P-qDPa3vGHHxHi6bwA,33.40393495,-111.949579,2,[33.3056789,-111.996292,33.502191,-111.902866],[224,11,109,38,39,63]
EPJNmNYC_zWFGBuLjIbv_A,33.5369022,-112.0277924,8,[33.4329724,-112.151282,33.640832,-111.9043028],[7,292,99,48,11,126,97,43]
VOXnDzh2lGGzlJvRKTCCjg,33.4121846,-111.96196425,3,[33.344158,-111.963722,33.4802112,-111.9602065],[101,38,26,39,11,119,99]
lF0IJMo4AtS9j-gKCpMJUQ,33.4995048,-111.9273116,14,[33.499499,-111.927402,33.4995106,-111.9272212],[48,11,109,38,39,440]
mdh8IB3HAL8LtHg52re7QQ,33.637939,-112.0633867,5,[33.637939,-112.0633867,33.637939,-112.0633867],[71,72,96]
z8VQjiquC7RFbcPx_6KQfg,33.4495394,-112.0656645,12,[33.4495394,-112.0656645,33.4495394,-112.0656645],[7,449,97,11]
3fXd5YbMkm0C_5XDxL8U-w,33.4360415,-111.9956337,200,[33.4360415,-111.9956337,33.4360415,-111.9956337],[28,240,241]
1CWKsXxdLSbXCBZGHF2yxA,33.45476,-111.9870611,50,[33.45476,-111.9870611,33.45476,-111.9870611],[28,17,29]
HhvRoBSJeHqHAD4EUQkYGQ,33.6404978,-112.0191178,1,[33.6404978,-112.0191178,33.6404978,-112.0191178],[49,146,39,341]
4-HMi76m6TpJrZ0G-xL1CA,33.502130199999996,-112.001604,8,[33.47999,-112.076505,33.5242704,-111.926703],[39,212,126,293,11,99,38,40,206,7,142,108,119,48,26,63,27]
UqStea4GLwFdf8ijzuGBLg,33.3745193,-111.952762,21,[33.319377,-111.98029,33.4296616,-111.925234],[38,273,39,165,32,95,222,439,88,11,185,119,99,49,52,212,229,33,126,236,103,101,26]
ATL4qZipZhzIMzVtweq2yA,33.613111,-111.8777,5,[33.613111,-111.8777,33.613111,-111.8777],[84,344,23,343]
AYGHNy8gPxl2Q-etTT3hZw,33.487267499652006,-111.99638784999999,120,[33.306806,-112.1164397,33.667728999304,-111.876336],[26,11,27,7,36,8,247,12,13,6,22,48,99,119,201,120,63,24,77,35,76,202,72,281,57,69,45,65,148,204,56,142,162,117,214,4,5,175,129,121,79,108,139,225,250,98,10,9,84,345,346,479,113,333,38,39,194,265,40,137,182,140,185,73,322,145,44,212,43,208,130,32,150,17,28,442,241,49,50,52,33,200,54,55,122,256,292,34,264]
for61L0ACvu2FB4ZW7kPVQ,33.4237766269266,-111.908025741577,5,[33.4237766269266,-111.908025741577,33.4237766269266,-111.908025741577],[265,11]
GDjCW7vsmrpCj1jO4d7Arg,33.5229858,-112.0476585,8,[33.5229858,-112.0476585,33.5229858,-112.0476585],[48,11]
IcBwrL0HpO223U1zFgY45A,33.43475,-112.00644,40,[33.43475,-112.00644,33.43475,-112.00644],[28,170]
BIOyz_474McRBU1HNZyFgQ,33.5612589,-112.1156244,2,[33.5612589,-112.1156244,33.5612589,-112.1156244],[48,185,11]
LylqchpoZSumtb_CfHnRtQ,33.4942939,-111.925316,1,[33.4942939,-111.925316,33.4942939,-111.925316],[26,11]
WZg7ZvQQE54m-QalrJ2c7Q,33.340239273896344,-111.9807676700135,4,[33.331773,-111.983256340027,33.3487055477927,-111.978279],[126,11,119]
eHuDPN6Jz3ToEa59f7To4w,33.5021064,-111.92593675,200,[33.5019817,-111.9276185,33.5022311,-111.924255],[126,97,307,11,99,48,28,17,29]
ihuESU6o6bI0fJMRs8h3XA,33.509038,-112.0670453,1,[33.509038,-112.0670453,33.509038,-112.0670453],[26,11]
TtiOkzRvhW3WVXUNdPtVQQ,33.487751349999996,-111.98598995,4,[33.4802258,-112.0019948,33.4952769,-111.9699851],[182,48,140,11,119,24,63,27]
TSG4-iybkRFgOYxvevLKHg,33.437964,-111.8430065,4,[33.381723,-111.931447,33.494205,-111.754566],[48,11,26]
UL0y5mB4cOAD116aepDKOQ,33.35654939329309,-111.848243460448,3,[33.3059362523332,-111.90964874703,33.407162534253,-111.786838173866],[7,33,142,11,117]
kwaaRxLwDEp_BsWlBxMExw,33.3637308,-111.9305248,6,[33.3637308,-111.9305248,33.3637308,-111.9305248],[49,193,59]
rTqNOeZhW-QKn4frOyotjw,33.5024987,-111.9258947,32,[33.5024987,-111.9258947,33.5024987,-111.9258947],[7,292]
C14yEJ2iOH_5l4Y0oOyZpQ,33.637391,-112.3668873,3,[33.637391,-112.3668873,33.637391,-112.3668873],[106,54,280]
oL59yVZXxJuEKCX8wLv5Tw,33.8333113,-111.9387279,11,[33.8333113,-111.9387279,33.8333113,-111.9387279],[410,307,172,11]
QnxwQy82MQa7ABg_nWQ0_A,33.478389,-112.04976055,200,[33.4471735,-112.073781,33.5096045,-112.0257401],[126,11,48]
82rpdQ6gfBqvhn4FjYtV7w,33.7084086,-112.272659,2,[33.7084086,-112.272659,33.7084086,-112.272659],[27,11]
4xDflKPdhkXNw9bF6NR7sg,33.5318417,-112.0479816,1,[33.5318417,-112.0479816,33.5318417,-112.0479816],[38,99,33,39,128,11]
p8wp_2ecg7-Ns1uf-q6npg,33.478263999999996,-112.3139725,8,[33.463543,-112.341878,33.492985,-112.286067],[126,97,11,7,139]
VcA0vX2ZQra5NdzTpRW9yg,33.3488854,-111.9789093,2,[33.3488854,-111.9789093,33.3488854,-111.9789093],[26,11]
jV5jeVZX7zkoYr1GTxrlTw,33.5090619,-112.035918,1,[33.5090619,-112.035918,33.5090619,-112.035918],[49,80,82,59]
FLUATEpfj5xDQEtUtbu1fg,33.5272042,-111.91900724999999,3,[33.4152932,-112.0308573,33.6391152,-111.8071572],[26,11]
j-fYMkBumCu8gWeK_A8NWA,33.6177796,-111.9258843,1,[33.6177796,-111.9258843,33.6177796,-111.9258843],[26,11]
VfIJc2bRZQl8JIuk1RgGQg,33.5024095,-111.9955012,6,[33.5024095,-111.9955012,33.5024095,-111.9955012],[27,11]
5SGsbPnjRZekenMtsJdeOg,33.4657823,-112.0313454,1,[33.4657823,-112.0313454,33.4657823,-112.0313454],[26,11]
ta5EXKwOv_LSlh2OKFjRDA,33.450206,-112.065493,1,[33.450206,-112.065493,33.450206,-112.065493],[49,102,103,333,52]
Wzt07hJrmdsPtF5HYdRIAQ,33.47767245,-111.948913,43,[33.348162,-111.9819,33.6071829,-111.915926],[10,11,24,63,38,7,47,88,39,48,142,177,140,210,109,27,26,98,9,265,99]
UBAYz_MS2ZCqFiGFd1RNKg,33.43486565,-111.9985185,4,[33.4148837,-112.0800705,33.4548476,-111.9169665],[192,11,63,27,24]
LRblz3w7ngMUnbDWZzB_Hw,33.4149725,-111.8941101,2,[33.4149725,-111.8941101,33.4149725,-111.8941101],[26,11]
IE5o9Wr3gvvR33zQQHhEBA,33.3958117,-111.8417161,1,[33.3958117,-111.8417161,33.3958117,-111.8417161],[15,25,6]
3rfzoolsv2fHAfVHHj1LEQ,33.53811035,-112.13239075,2,[33.465341,-112.166488,33.6108797,-112.0982935],[98,7,239,11,28,17,29]
GZZSxeqj99IS0tay1LdA4g,33.5102068,-112.0272041,1,[33.5102068,-112.0272041,33.5102068,-112.0272041],[265,11]
nWOtIqLncxS5cmWCC84D9g,33.82710755,-111.93709530000001,9,[33.820937,-111.9513452,33.8332781,-111.9228454],[7,108,48,11,307,63]
aRAVr_oH6XmvcpvpLEjs_g,33.4748221,-112.087367,41,[33.4477082,-112.1091081,33.501936,-112.0656259],[11,27,63,168,265,99,26,88,38,39,89]
HaC_a6HPegv9HswwVNLtgQ,33.5528794021351,-112.22029755,5,[33.494108,-112.287703,33.6116508042702,-112.1528921],[43,11,149]
RRATPgYc5moRXWh0MhMjlg,33.48677,-111.93033299999999,58,[33.4219869,-111.9366872,33.5515531,-111.9239788],[168,265,11,33]
Ot3ZA_4BKcT1NpTegcn-uQ,33.6721220785127,-111.905096769333,4,[33.6721220785127,-111.905096769333,33.6721220785127,-111.905096769333],[48,11]
br7AFGOIFPGtr7f_9jutTA,33.50123,-111.921935,23,[33.50123,-111.921935,33.50123,-111.921935],[39,38,26,128,11]
u0-zdXU7pGS48oSjmXquBw,33.4514806,-112.0857291,1,[33.4514806,-112.0857291,33.4514806,-112.0857291],[210,11]
vChX45sJbSTCFyUX73U60Q,33.471068,-112.222977,1,[33.471068,-112.222977,33.471068,-112.222977],[30,8,13,6,7,110]
wqosYdL1gSG2JC_umINfEA,33.318926000000005,-111.7832994573975,3,[33.303233,-111.84268,33.334619,-111.723918914795],[340,201,11,7,33,48,47,99]
Dq0Qa-ahnaQh7n9UYP6B5Q,33.5375895962623,-112.10094644627,6,[33.4657411,-112.1352051,33.6094380925246,-112.06668779254],[57,56,48,39,11,17,18,26,99]
jA5k5B4_wOr_beolFz0IJw,33.48048695,-111.91807305,3,[33.4746952,-111.9259406,33.4862787,-111.9102055],[289,6,35,84,124]
MpmmTplHAJtSGqSjAqOeFQ,33.1902629,-111.91130964999999,2,[32.9103236,-112.0653186,33.4702022,-111.7573007],[182,172,11,26]
j0PjFgUlTr7qwuPiLBPGvg,33.4546946786892,-112.07122001849649,29,[33.4526933,-112.072327136993,33.4566960573784,-112.0701129],[28,17,29,119,11]
LR858TVV0JpI_GOU1Y8cEQ,33.3792532,-111.9285013,2,[33.3792532,-111.9285013,33.3792532,-111.9285013],[126,11]
7jWmd57QoJnq2q4QyvVS2Q,33.568400822396995,-111.89852655,80,[33.321061644794,-112.0827836,33.81574,-111.7142695],[182,48,11,7,98,10,9,119,99,47,38,128,39,40,27,142,223,224,49,80,82,59,210,26,206,63,24,88,175,129,79,50,52,44,57,145,185,33,307,109,6,186,66,298,4,8,328,32,108,162]
2VB9w4TPbJ0KaYmbtjyNfQ,33.5111015,-111.97133550000001,134,[33.4516361,-112.056065,33.5705669,-111.886606],[11,48,126,97,13,6,115,372,28,17,29]
Cc9N-0YpghkZrvPiNdL-mg,33.50061255,-112.0740416,12,[33.5005719,-112.0741143,33.5006532,-112.0739689],[27,63,24,11,7,108]
uEWZl4BK_Tde6pKxNjXy2g,33.4825027,-111.92478829999999,200,[33.4655863,-111.9279622,33.4994191,-111.9216144],[7,24,47,27,11,101,38,26,39,40,265]
Cb_KSJTVWrelur63rZVKqQ,33.3402863,-111.9647327,1,[33.3402863,-111.9647327,33.3402863,-111.9647327],[49,80,82,59]
rpNGlhUZQYWjeyNoAe873w,33.5160662,-112.029562,24,[33.5160662,-112.029562,33.5160662,-112.029562],[161,28,65,17,29]
YKDw2WGj-MQjz7eRsb5FHg,33.437199,-112.01629700000001,63,[33.43475,-112.026154,33.439648,-112.00644],[28,170,43,11]
sYlnuar7NDtJz0Ji5yClvw,33.37192254008664,-111.8317069,9,[33.31081,-111.9088938,33.4330350801733,-111.75452],[33,11,99,117,48,38,128,39,119,120,44]
qyaQ9RxJu9k_hJQkvsC5-w,33.5520136,-112.0999471,9,[33.5520136,-112.0999471,33.5520136,-112.0999471],[251,11]
A-9oqVfWH4cCtq8LfWBReA,33.368766,-111.934605,5,[33.317532,-112.04921,33.42,-111.82],[27,11,328,32,203,48,168,42,43,64,65]
WzAJ6I7ym79iIIM4b8h56w,33.3931055,-111.9265603,2,[33.3931055,-111.9265603,33.3931055,-111.9265603],[7,189,10,24,11]
hNgeWXfExRmnNbOV1AhAUw,33.50201,-111.9313599,5,[33.50201,-111.9313599,33.50201,-111.9313599],[265,11]
0csAyu4VGRViDLRL3I3AXg,33.378224728689204,-111.9472015,20,[33.2997534,-112.073195,33.4566960573784,-111.821208],[84,27,11,7,108,201,24,292,119,33,99,44,162]
fJuG7dVXhQvlcVeG6dFfdQ,33.501821,-111.919938,18,[33.501821,-111.919938,33.501821,-111.919938],[265,185,11]
QLIZa1_aOcFddujiFPRohA,33.6101518,-111.9768512,4,[33.6101518,-111.9768512,33.6101518,-111.9768512],[49,193,59]
2R6rfoAVuTEs-es6yeYrrg,33.5667871934451,-111.924934387207,2,[33.5667871934451,-111.924934387207,33.5667871934451,-111.924934387207],[166,6,21]
pwqmSuXtBXbHK2xpvQk5dA,33.5667871934451,-111.924934387207,6,[33.5667871934451,-111.924934387207,33.5667871934451,-111.924934387207],[166,6,21]
c_XZwsOmiy4tc0Mmk_F2xw,33.5454395,-112.0681955,52,[33.450047,-112.2707018,33.640832,-111.8656892],[126,11,63,446,168,65,133,338,382,206,97,27,10,24,224,140,192,265,149,311,251,99,28,57,258,17,29,38,39,40,219,218,202,72,281,154,307,172]
r9xKvhIFjW8Nopvjm15y6A,33.327456999999995,-111.99920134999999,19,[33.304846,-112.0534197,33.350068,-111.944983],[43,11,296,218,41,112,6,254]
zA9c36ytS_uHZC_Bs7HStg,33.5248735,-112.03344735,7,[33.470671,-112.356892,33.579076,-111.7100027],[49,178]
z2jHkKIvtAotAYb-vWJgOA,32.9482948,-112.7113217,1,[32.9482948,-112.7113217,32.9482948,-112.7113217],[26,11]
B2s2XDXMIk0gaohJKKllAw,33.594180775756854,-112.005095048047,13,[33.5097465515137,-112.035583496094,33.678615,-111.9746066],[38,99,57,91,39,128,11,201,26]
35zaju5GLf2pMGo3XZFtNQ,33.488160300000004,-112.1254011,12,[33.4483606,-112.2641158,33.52796,-111.9866864],[57,327,28,17,29]
PXLb9RnpfSPRG4nNa1F05Q,33.495225,-112.038091,1,[33.495225,-112.038091,33.495225,-112.038091],[72,297]
pzmzWFoVIKpuYYG_b9bgJQ,33.802965,-111.923193,65,[33.802965,-111.923193,33.802965,-111.923193],[161,65]
GQA8Fef107TltD4B0Rp9rQ,33.4706677168705,-111.983193807095,2,[33.446195133741,-111.991453,33.4951403,-111.97493461419],[265,11,26]
GjSKBiEeCNb_oyIgQsgTEA,33.4214372,-111.942512,2,[33.4214372,-111.942512,33.4214372,-111.942512],[27,11]
p7CS-HdINxXUVxn9Ss09VA,33.77138615,-112.10222110000001,19,[33.7128053,-112.2716042,33.829967,-111.932838],[32,203,72,207,119,11,84,124,6,35]
ZwL3MKdM6V1beYSJQywxNA,33.347591,-111.95738,1,[33.347591,-111.95738,33.347591,-111.95738],[119,99,11]
CQ30Xw9sQXpoQ8j-x_Hygg,33.475712,-112.03087500000001,3,[33.449233,-112.065458,33.502191,-111.996292],[27,11,109,38,39,63]
CsEt9O7rD3pkGISU7YvvDQ,33.620248,-111.8747234,5,[33.620248,-111.8747234,33.620248,-111.8747234],[104,161,195,65]
qgusti9XcxHG3-L-dOe7MQ,33.598402699999994,-111.87687765000001,2,[33.5896225,-111.9403254,33.6071829,-111.8134299],[49,66,221,38,39,40]
jZED590gTopS9fnHcxr68A,33.677854,-111.978579,1,[33.677854,-111.978579,33.677854,-111.978579],[7,108,201,119,11]
9M5EIzohoSndaiFkLz9bug,33.539707199999995,-111.91789985,6,[33.4982604,-111.927268,33.581154,-111.9085317],[62,27,17,11,38,39,84,345,6,346]
KYzmgcu8OaCTax2Sq2hAfw,33.43166394747775,-111.8844234394225,92,[33.429487,-111.900432,33.4338408949555,-111.868414878845],[7,43,11,99,296]
rqLJTzIdtKCr2Z75D2ME3A,33.689536000000004,-112.15835899999999,6,[33.665965,-112.203707,33.713107,-112.113011],[26,11,182,48,140]
r8Jtn1IXRsZEddyYLdczDA,33.4695131,-112.2243676,4,[33.4462892,-112.380047,33.492737,-112.0686882],[38,128,39,224,11,265]
-w8p0JadO426bSw_61Wqkg,33.3636024171265,-111.918100273515,2,[33.3200423,-111.9265518,33.407162534253,-111.90964874703],[117,11,119]
d33Q-YoWWCKygDXg8XfifQ,33.56885391565195,-112.145667187317,3,[33.499504,-112.363443374634,33.6382038313039,-111.927891],[48,24,11,251,212]
ShQZSh_0Be48sy-JQOb5dg,33.45572595,-111.94881305000001,43,[33.4154709,-112.074211,33.495981,-111.8234151],[309,119,285,11,26,57,39,145,10,27,63,24,104,132,105,65,185]
_1OzCKHJrXCNUwAhb8zmBQ,33.49337450005375,-111.9257903,4,[33.4925020001075,-111.92975,33.494247,-111.9218306],[119,99,11,109,38,48,39,26,185]
EhihCXvqfysUrW_3T4UCTQ,33.4503996,-112.0648845,26,[33.4503996,-112.0648845,33.4503996,-112.0648845],[322,57]
6KHNFdJTMSDDJ4qjK3ryvg,33.5222185,-111.9595033,1,[33.5222185,-111.9595033,33.5222185,-111.9595033],[28,17,29]
8Cwmg4MxLAgYD-z1lGYo8w,33.4942423,-111.9264472,1,[33.4942423,-111.9264472,33.4942423,-111.9264472],[24,11]
_KT63-iB6D5a3YLS1EtCDQ,33.5098717,-112.0124729,2,[33.5098717,-112.0124729,33.5098717,-112.0124729],[7,109,38,39,36]
FMqHmO1UADNIbew3nMEw1w,33.588044,-111.97597350000001,5,[33.351152,-112.074971,33.824936,-111.876976],[7,449,89,11,126,97,12,13,6,115,22,28,471]
vnPT1agS_E0vi4uubti_xQ,33.5815498714519,-112.122052609921,1,[33.5815498714519,-112.122052609921,33.5815498714519,-112.122052609921],[7,142,99,11]
LcbCDjtqNP2IcGuBdrcBzQ,33.4354544,-112.0070357,1,[33.4354544,-112.0070357,33.4354544,-112.0070357],[99,11]
b8NuQaKS12nrs6gQZ8vhvw,33.5973617,-112.15590435,3,[33.563845,-112.2382757,33.6308784,-112.073533],[265,99,11,7,36]
6SSGkjEeFIuYEsKB731JZA,33.4499,-112.0739,53,[33.4499,-112.0739,33.4499,-112.0739],[7,108]
e1AgZ6XhC9q0kEDOXzOAvQ,33.4922985,-111.9245517,1,[33.4922985,-111.9245517,33.4922985,-111.9245517],[210,11]
eGWtSkoIFH8ZiVFAZQb9OA,33.477015300000005,-111.99519985,2,[33.4342595,-112.0651115,33.5197711,-111.9252882],[7,142,71,72]
qNixYIcVcZu58AbJcZ-Asg,33.61225865,-111.95649374999999,2,[33.5997262,-111.9872563,33.6247911,-111.9257312],[126,11,48]
AzINE6t79YOBBiPRu1ho_Q,33.3779808,-111.9664404,75,[33.3779808,-111.9664404,33.3779808,-111.9664404],[119,11]
R4AtCGpxF00kPCWv7_-sdQ,33.407765,-111.682463,22,[33.407765,-111.682463,33.407765,-111.682463],[178,17,49,28,29,11]
FIXeO1XnIfuJrrIBeSZ2qw,33.2188893,-111.8244025,1,[33.2188893,-111.8244025,33.2188893,-111.8244025],[43,11]
OPWFXhStCtW57Z5ymELbHw,33.538873,-111.865693,3,[33.538873,-111.865693,33.538873,-111.865693],[168,169,11]
tj1HLY6fgJUTCyFFTdl-ow,33.43854865,-111.61505220000001,23,[33.365739,-111.6987464,33.5113583,-111.531358],[71,72,297,333,27,11,78,79]
pIGfc7gJ1UHjzXXfr8dNuw,33.5524015,-111.99221990000001,9,[33.472674,-112.082092,33.632129,-111.9023478],[48,11,84,32,336,318,63,119,26]
kyPc4fSiCL-fhGD9itSlfA,33.4951403,-111.991453,1,[33.4951403,-111.991453,33.4951403,-111.991453],[26,11]
pFE2V6GSQBV0q7SZ8Gvjwg,33.6404774,-112.0084777,2,[33.6404774,-112.0084777,33.6404774,-112.0084777],[93,3]
VdEUTOxreJQer6T-9KVV2g,33.6235377,-111.925553,1,[33.6235377,-111.925553,33.6235377,-111.925553],[4,13,6,115,160]
tvgJCNjIsTESDZMJV9X5Ng,33.820937,-111.9228454,9,[33.820937,-111.9228454,33.820937,-111.9228454],[48,11]
LKFo-Z93fhHHF-CkXoXvLw,33.4986978,-111.9262675,4,[33.4986978,-111.9262675,33.4986978,-111.9262675],[126,11]
e44rUPb0ne7hcmEo6MzRGg,33.4508285,-111.91630430000001,26,[33.320088,-112.0791022,33.581569,-111.7535064],[43,11,33,119,99,212,65,133,475,10,224,63,88,38,39,89,26,126,361,78,79,24]
J-52g3nkjcOV4wq5oTRXUA,33.4340647310654,-111.999521255493,200,[33.4340647310654,-111.999521255493,33.4340647310654,-111.999521255493],[99,27,11]
ARX-RBISHaWLWNpZvb3yRA,33.31039705,-111.8429302,3,[33.2847441,-111.844836,33.33605,-111.8410244],[7,194,33,119,11,48,296]
btNuDo_2iVCRBz86DUkGeQ,33.502191,-111.996292,26,[33.502191,-111.996292,33.502191,-111.996292],[109,38,11,39,63]
MEdukhrANQMVh-duUGj-cg,33.5879473,-112.1164668,7,[33.5879473,-112.1164668,33.5879473,-112.1164668],[168,169,11]
ctisgm-lDHXQ4PIAAMTNDw,33.41282725,-111.98512705,5,[33.3999435,-112.0297841,33.425711,-111.94047],[185,11,38,7,47,39,48,128]
eb8GBhjkFBk8Nwjz-rHr_g,33.407728649999996,-111.91851525,2,[33.3358523,-112.016481,33.479605,-111.8205495],[177,140,11,109,38,48,39]
RT6sRtEXqk1_NHaQyo3n-Q,33.5025941,-111.9296765,200,[33.5025941,-111.9296765,33.5025941,-111.9296765],[46,6]
dT00iTEScL3N2K4b7JeOaw,33.505521849999994,-111.92866465,9,[33.298078,-112.1114135,33.7129657,-111.7459158],[24,11,13,6,21,22,12,57,69,56,26]
SHTJPF9xvkB912zkmvUw9A,33.472679,-111.98937655,29,[33.407415,-112.0744503,33.537943,-111.9043028],[137,7,6,139,26,11,48,210,192,79,121,33,168,181,229,84,147,57,145,38,39,265]
e8-SZdFI0j6xGsoOureDEA,33.5144195,-111.99650500000001,4,[33.449233,-112.065458,33.579606,-111.927552],[7,119,9,10,11,27]
pMsYGH4V_-7P_78Dnv3X3Q,33.574508,-111.90429,1,[33.574508,-111.90429,33.574508,-111.90429],[43,11]
Ju9EFDjfPup44YtzgeJ1Bw,33.413324,-111.873436,2,[33.413324,-111.873436,33.413324,-111.873436],[43,11]
zYNCxXEUsxsBe5byNWZFEw,33.3852846,-111.964558,61,[33.3852846,-111.964558,33.3852846,-111.964558],[46,6]
lI6roNRyICm30NNt-by1Xg,33.4259681,-111.939852,113,[33.4259681,-111.939852,33.4259681,-111.939852],[26,11]
AiGjxq8KdMa3wQBhD-Ajxg,33.5803589,-112.120516,25,[33.5803589,-112.120516,33.5803589,-112.120516],[41,42,43,11]
o1jCTpdxaS_6WUwJEZWLCw,33.5062078,-112.0739142,14,[33.5062078,-112.0739142,33.5062078,-112.0739142],[168,181,229,11]
C-35xMnSc1BuStHyRJDJxw,33.40043035,-111.92774175,15,[33.306041,-111.9798208,33.4948197,-111.8756627],[119,11,14,15,6]
0a-ISXPjsyyNAMZfDbrKpw,33.4521132,-112.06660235,200,[33.4514309,-112.0701057,33.4527955,-112.063099],[44,24,11,48,26,28,17,29]
ySo7ul6ajczLDn5Vjy3_nw,33.5466082,-111.8906861,3,[33.5466082,-111.8906861,33.5466082,-111.8906861],[333]
iKHwDEjP3aIiOjC2XV8S7g,33.3493031,-111.86760305,5,[33.3358872,-111.8761389,33.362719,-111.8590672],[65,133,89,11]
UOUDvQOzlwi79ORkcXiESQ,33.43475,-112.00644,200,[33.43475,-112.00644,33.43475,-112.00644],[28,170]
O1-6cmZWwyMO-3azu3T2Wg,33.388336699999996,-111.89906385,4,[33.3490394,-111.9100097,33.427634,-111.888118],[57,69,63,27,11]
mKL4NUh4LC8Vlnb_vXjRTQ,33.26443085,-112.19542675,37,[32.9467421,-112.7201876,33.5821196,-111.6706659],[26,11,265,24,27,7,148,99,39,38,48,128,296,44,43,57,28,170,205,240,241,46,6]
BjwXX-sChcjx2E55B_7rXg,33.472821100000004,-112.02395703519,200,[33.3051122,-112.165567972652,33.64053,-111.882346097728],[117,214,11,26,7,292,232,139,225,108,98,206,127,99,48,186,6,57,250,182,172,265,126,97,38,39,40,244,10,9,224,169,168,181,229,119,333,309,285,375,307,49,321,59,24,33,142,223,140,192,43,41,361,251,36,149,449,137,177,338,201,212,267,63,8,27,120,239]
yHvG5qfJnnxkJHHOpiFOdg,33.456872,-112.393383,1,[33.456872,-112.393383,33.456872,-112.393383],[195,65]
FoiV8ua8HAvfuaJAvcmvgA,33.539343599999995,-112.05007215,3,[33.5076745,-112.0612734,33.5710127,-112.0388709],[32,288,72,393,213,84,7,36,8]
4HA7OCSUWYHgFBsyQXkYOw,33.5313255766346,-112.06428,8,[33.488527,-112.1345446,33.5741241532692,-111.9940154],[251,43,11,177,140,26]
DAjQ93mJUADRb0gy-AKUyQ,33.4428465,-112.30590315,4,[33.421213,-112.3415813,33.46448,-112.270225],[30,8,13,6,7,110,41,11]
w58QlFxxjniSo3al8_hfZQ,33.508207299999995,-112.05055915,10,[33.5062078,-112.0739142,33.5102068,-112.0272041],[48,11,168,181,229]
QfjKUUtEPkIiO4VayFQddg,33.499504,-111.927891,2,[33.499504,-111.927891,33.499504,-111.927891],[48,24,11]
AeucYo8J-rZjcq09Wuqsjw,33.4515922,-111.96157395,200,[33.2475,-112.2308822,33.6556844,-111.6922657],[26,11,48,296,6,77,35,76,251,204,65,99,265,27,400,119,38,39,133,83,7,139,225,201,10,24,63,274,13,138,8,89,126,101,57,327,43,416,36,208,45,210,146,91,51,49,312,306,97,224,212,137,112,322,56,88,142,44,46,33,307,475,52,47,157,103,223,417,80,231,59,168,434,205,182,177,140,128,40,185,162,109,30,293,92,15,34,439,98,9,115,149,72,396,340,395,22,361,196,193,108,309,285,117,292,28,241,394,341,151,32,90,229,192,84,124,125,194]
PnKPCYX5fOthHFKwu_00yA,33.3488977,-111.9763848,1,[33.3488977,-111.9763848,33.3488977,-111.9763848],[168,11,48,63]
kOwrfLHcxcb1KqDWICAkjw,33.335791,-111.861773,3,[33.335791,-111.861773,33.335791,-111.861773],[261,54,55]
zbq9j56YHSa_WEEXtsEcBg,33.45588767684225,-111.94349146518701,11,[33.4105453536845,-112.026325,33.50123,-111.860657930374],[309,119,285,11,39,38,26,128,61,13,6,101,99,129,79]
7WL-Z0ZpUA-tnXh5hYiOvA,33.441689615532695,-112.0342523224365,200,[33.4340647310654,-112.0740474,33.4493145,-111.994457244873],[224,11,98,7]
UjLWi1fz0b3vJgV5Rmm7Hg,33.3496582,-111.8212381,3,[33.3496582,-111.8212381,33.3496582,-111.8212381],[26,11]
gE9YzatnDLg9Sq-Uoyf3CA,33.49391165,-111.9231772,48,[33.4860023,-111.9264164,33.501821,-111.919938],[265,185,11,33,119]
znC57hV4hbXUGffctrmBdQ,33.6028751,-111.92361410000001,5,[33.5822084,-111.9255447,33.6235418,-111.9216835],[33,11,119]
AlNdj8DigLSa4Meti8ybuA,33.6368483,-112.393769,2,[33.6368483,-112.393769,33.6368483,-112.393769],[71,72,73]
nEpF2UBbCF1R4S_gxBnqjg,33.6107405,-112.1310941,1,[33.6107405,-112.1310941,33.6107405,-112.1310941],[64,123,65]
_kJ8FSMfjl-dYzsRmtJ2oA,33.629885,-112.031241,1,[33.629885,-112.031241,33.629885,-112.031241],[7,162]
XiseQbpHtOb_iuaD6fusmA,33.43800395,-112.0068998,133,[33.4272811,-112.0737094,33.4487268,-111.9400902],[119,48,11,7,108]
NRBhz5ptfd_GNb0dArTggQ,33.59179895,-112.0226088,28,[33.5094089,-112.115841,33.674189,-111.9293766],[6,200,41,400,11,27,84,124,7,108,142,8,35,139,34,441,130,32,33]
9eZZY_Yw1ckLa770RJ_mcQ,33.639342,-111.924724,2,[33.639342,-111.924724,33.639342,-111.924724],[99,11]
db7t1HCsqxvwbe3kSoqtYQ,33.4818336,-111.8576956,170,[33.3098443,-112.0462108,33.6538229,-111.6691804],[28,170,26,11,7,108,98,8,10,6,77,35,76]
Vu29H1sy1poRld4LIL2Jqw,33.3021074,-111.8420649,3,[33.3021074,-111.8420649,33.3021074,-111.8420649],[224,11]
7S14vPANdzRCfIynfgjPKw,33.5160662,-112.029562,1,[33.5160662,-112.029562,33.5160662,-112.029562],[99,11]
dFLsiSlxvO0HaVQuMOVHDA,33.46546705,-112.11264614999999,8,[33.3350531,-112.3566862,33.595881,-111.8686061],[117,11,27,33,24,26,43]
PyhTmEpgkP1CMGJP-bB9DA,33.5612589,-112.1156244,1,[33.5612589,-112.1156244,33.5612589,-112.1156244],[48,185,11]
nTXCLXh7EW8CU42eXb9NkA,33.579606,-111.927552,1,[33.579606,-111.927552,33.579606,-111.927552],[7,119,9,10,11]
0DJ0kYwu9Ms5S2d1625TYQ,33.331655,-111.982113,2,[33.331655,-111.982113,33.331655,-111.982113],[33,119,99,11]
y9TY_hTmawNr_sV-ajyJBA,33.4994191,-111.9276516,7,[33.4994191,-111.9276516,33.4994191,-111.9276516],[38,39,40]
lwh635cEwkg7PFLQPqN2LQ,33.5548394021351,-112.046002486326,29,[33.498028,-112.165567972652,33.6116508042702,-111.926437],[149,43,11,352,48,265,483,185,224]
NKJY0rRkL1EawiE7gsTJQg,33.3051490783691,-111.899780273438,2,[33.3051490783691,-111.899780273438,33.3051490783691,-111.899780273438],[33,11]
FG7T9gAFiW53Qx1_R502QQ,33.5648391786892,-112.02224385,19,[33.4566960573784,-112.181569,33.6729823,-111.8629187],[119,11,251,48,27,206]
GpiICU7xFnEjbMKpor0Ing,33.36136,-111.47115,3,[33.36136,-111.47115,33.36136,-111.47115],[27,11]
rqFLO-j0dvlszgfHxvTkQg,33.5629093068733,-112.085813899649,7,[33.5378713137466,-112.1164668,33.5879473,-112.055160999298],[168,169,11,63,27,24]
ihwthG5pTf1tpknCD1Saww,33.6314605,-112.241423,38,[33.611403,-112.257268,33.651518,-112.225578],[33,11,7,185,27,26]
mlL6MuK5zU6tGTbV3X0nhA,33.561707,-111.9793689,29,[33.444799,-112.066662,33.678615,-111.8920758],[99,11,7,162,26,168,265,57,91,327,38,39,108,44,98]
IWq4HFkeG1sz7vfou_bwIg,33.2617999,-111.8602743,10,[33.2617999,-111.8602743,33.2617999,-111.8602743],[11,63]
ScR4Kp6zM9QYpi7pEE3pVQ,33.422838,-111.9068396,10,[33.3086797,-112.070093,33.5369963,-111.7435862],[168,265,11,27,99,126,97,38,298,88,39]
lntzJV5nXoFc9V9XNhfuow,33.500133950000006,-111.9123526,149,[33.379553,-111.9300012,33.6207149,-111.894704],[182,48,140,11,7,108,172,137,8,139]
G2knDs8rUHCqzjBc5S48yg,33.35663745,-111.89231415,2,[33.305003,-111.994346,33.4082719,-111.7902823],[71,72,44,43,11]
1ifpv6TYASWxzs06M8ZUCA,33.479887,-111.992309,4,[33.479887,-111.992309,33.479887,-111.992309],[224,11]
aHL36R03gOeSl6wgey_Hvw,33.52691,-112.09326425,2,[33.457939,-112.134443,33.595881,-112.0520855],[26,11,33,117,24]
RLqHbLXzs4wTRN0lH3jtDA,33.504269550000004,-111.9797639,21,[33.4962205,-111.995355,33.5123186,-111.9641728],[38,140,39,40,48,11,119,99]
BqQRV1QkeLSVj8pGSzKdoA,33.60042265,-112.17939179999999,4,[33.487964,-112.2746086,33.7128813,-112.084175],[49,319,80,82,59,98,7,119,11,33,117,24,193]
z24OtNW6IA74NOiSYKavmA,33.379313,-111.82224,5,[33.379313,-111.82224,33.379313,-111.82224],[71,72]
hIb1ikbIMI0t1EK4gPsK_A,33.49771165,-112.04178765,38,[33.3776437,-112.1666063,33.6177796,-111.916969],[112,6,151,373,97,11,26,127,48,119,38,39,206,7,108,63,27,181,40,65,133,126,172,1,17,418,136,64,142,292,113,116,109]
4QQ8qzf5TID7B_Enca7juA,33.4995048,-111.9275561,156,[33.499499,-111.927891,33.4995106,-111.9272212],[48,11,24,109,38,39,440]
1Fm7fpJq15ggZHJuYPkKRA,33.46605245,-112.1096684,200,[33.303233,-112.3768048,33.6288719,-111.842532],[48,120,11,119,24,99,43,44,57,327,7,33,47,26,28,17,18,29,182]
ZLrgVN95FOY8qptME4G9nA,33.444687349999995,-112.12661475,4,[33.3314927,-112.273587,33.557882,-111.9796425],[96,72,104,183,421,65]
D0K4xPT0xDEi3ZTGi8Ri-g,33.49112,-112.079081,3,[33.49112,-112.079081,33.49112,-112.079081],[26,11]
LUWQOB3SvEmJfiX5A-84Ew,33.3205403,-111.883928,2,[33.3205403,-111.883928,33.3205403,-111.883928],[54,238]
r4SdnTdHwOlC6o2vUUTDKw,33.40841565,-111.8372337,3,[33.3931333,-111.8704334,33.423698,-111.804034],[49,80,82,59,251,11]
Ewf-2BV0ApO6eRmwfenZ8Q,33.40654,-111.81806714999999,9,[33.390352,-111.951494,33.422728,-111.6846403],[224,11,63,7,142,292,108,219,218,41]
GicE_7s0RErC8gOA6Qvi7g,33.45186975,-112.0974487,6,[33.409735,-112.3376344,33.4940045,-111.857263],[44,26,11,38,39]
kJ1MpTeVyI4_2IGIcfu_jg,33.62383505,-112.03072309999999,36,[33.377523,-112.2724782,33.8701471,-111.788968],[185,11,71,72,297,26,96,4,6,425,202,7,8,15,191]
huTDGf8mt5cfKkIcUuSSdw,33.5187156823239,-111.91432775,53,[33.4423345,-112.114386,33.5950968646478,-111.7142695],[212,11,26,63,27,24,126,97,33,99,44,28,17,29,38,6,145,186,57,39,43,72,154,265,357,119,7,108,40,15,216,48,351,309,84,124,125]
T4yM00HmwlhJ7L89rMapYA,33.5151352,-111.94588354999999,90,[33.496647,-111.9652641,33.5336234,-111.926503],[161,28,65,17,29,7,313,27,11]
j5fuB8wKiiuB1dgOQV7Q_w,33.5019817,-111.9276185,17,[33.5019817,-111.9276185,33.5019817,-111.9276185],[99,48,11]
XL5CjNp3EGeFwsB4DSaypg,33.530341,-112.047095,2,[33.530341,-112.047095,33.530341,-112.047095],[127,11]
SzttINIyUywpwUVTNk-F8A,33.5786015,-111.8947277,6,[33.5747394,-111.9275055,33.5824636,-111.8619499],[11,38,7,206,139,109,39,98,10,9]
JYdOzsGGL2jR66r0E0LuqA,33.2900245,-111.7859065,5,[33.261657,-111.860733,33.318392,-111.71108],[78,79,54,55,122]
iPX6xrjmCNufyMRTJCtqow,33.1729453,-111.86647535,5,[32.880056,-111.9904267,33.4658346,-111.742524],[11,63,296]
aSjIaeZl6P1ll__D9MNRBg,33.440515149999996,-111.93304954999999,5,[33.393544,-111.948187,33.4874863,-111.9179121],[98,7,108,292,106,54,280,28,17,29]
_7QOC4oFtzx7j7B-TrVJJw,33.52853845,-111.9843913,69,[33.4329528,-112.123848,33.6241241,-111.8449346],[49,50,52,265,11,84,345,6,346,33,48,307,224,26,38,99,39,40,168,127,119,109,63,156,57,69,114,13,115,141]
dhnC8YDXtGwsmaesx3uVXw,33.414768,-111.9093095,3,[33.414768,-111.9093095,33.414768,-111.9093095],[84,86]
ffyVfi4OZH6GQion1d21jQ,33.305824,-111.991311,4,[33.305824,-111.991311,33.305824,-111.991311],[26,11]
FNvP88WhJl7sJ3HhAnYPiA,33.8303701,-111.9317707,6,[33.8303701,-111.9317707,33.8303701,-111.9317707],[48,11]
wMtGod5CHVMGUh8DbD8alQ,33.6174589,-111.926272,3,[33.6174589,-111.926272,33.6174589,-111.926272],[7,108,24,11]
Xn_n8ic2vWr_ieVFZefMcA,33.421315,-111.917022,1,[33.421315,-111.917022,33.421315,-111.917022],[39,57,293,402]
r70NQggOotJxyxuAqljH3Q,33.414894,-111.8529602,2,[33.414894,-111.8529602,33.414894,-111.8529602],[11]
a3iLIo0DtB9h0YqVrXEenw,33.397272,-111.892204,1,[33.397272,-111.892204,33.397272,-111.892204],[211,75,32,381]
yQO6VkPeSEScs0xGkANSLg,33.5558322,-112.021188,26,[33.4366655,-112.1164668,33.6749989,-111.9259092],[285,185,11,168,169,43,182,48,140,26,309,119,33,99,251,218,307,49,80,82,59,7,162]
ksB4N7YvPZVHNVs4h6TlRA,33.331879,-111.84200799999999,3,[33.285218,-111.966986,33.37854,-111.71703],[53,54,55,122,6,77,35]
jPwveAVMfAtmAkT-9l83vg,33.5510461,-112.00454694999999,104,[33.43475,-112.2948244,33.6673422,-111.7142695],[27,11,57,327,28,170,44,26,185]
3t3R4d2R_4xDo9d8hNxc_w,33.8000576,-111.9280264,1,[33.8000576,-111.9280264,33.8000576,-111.9280264],[65,158,17,28,161,29]
UbU3LiWl-NdGGKdkWkIJkQ,33.59598681565195,-112.316820637317,2,[33.5537698,-112.363443374634,33.6382038313039,-112.2701979],[48,11,251,212]
yxxE9RcVe_83BHf71eJqpQ,33.449233,-112.065458,1,[33.449233,-112.065458,33.449233,-112.065458],[27,11]
uRbPBzHbkxqqnndQdYXbzw,33.4516361,-111.9979602,34,[33.4516361,-111.9979602,33.4516361,-111.9979602],[28,17,29]
Ad1yYRdQdhws5jOammVVMQ,33.5754702,-112.1223907,12,[33.4517161,-112.3578878,33.6992243,-111.8868936],[48,11,57,39,145,64,428,65,161,7,108,195,13,6,167,204,12]
uwYy-4JW6OEVPRUiNWzDJw,33.4322113,-112.0429513,2,[33.4322113,-112.0429513,33.4322113,-112.0429513],[28,271]
OqriRyhY11sPkfFYQsn97g,33.43475,-112.00644,5,[33.43475,-112.00644,33.43475,-112.00644],[28,170]
d52dRQsUK2daiOtdlw-wLw,33.4843963,-111.9997379,4,[33.4772147,-112.0736348,33.4915779,-111.925841],[265,11,119,38,48,39]
Il0r2Aj4kIHhqHBgDOC3Fw,33.6262339,-112.066419,2,[33.6262339,-112.066419,33.6262339,-112.066419],[7,449,108]
5jakJiTLvnUWRin5GK9q1Q,33.53621425,-111.97468745,20,[33.4354618,-112.0800705,33.6369667,-111.8693044],[119,11,63,98,7,24,48,168,27,185]
f3CGbudGJ5QzL2nleTndQA,33.55276452167035,-111.917463,7,[33.4948322,-111.9284569,33.6106968433407,-111.9064691],[43,11,33,38,128,39]
KnLuB4IeLZ3VctJhkDo7zQ,33.4537869019623,-111.927165985107,3,[33.4537869019623,-111.927165985107,33.4537869019623,-111.927165985107],[182,172,11]
-UFyjmPUAnSLG6qGzAfMXw,33.5325191911134,-111.9996616,22,[33.3986293,-112.100731,33.6664090822268,-111.8985922],[307,212,43,11,168,26,27,63,7,36,30,13,6,45,292,99,48,38,88,39,40,44,24,175,129,332,79,8,200,115,372,120,96,72,177,140,33,121]
JT8t3tu-Y6OdLoaniVq0QA,33.4962205,-111.9641728,15,[33.4962205,-111.9641728,33.4962205,-111.9641728],[38,140,39,40,48,11]
MEACAYUIru5b2qRH0IaE7w,33.5092756,-112.0718179,12,[33.5092756,-112.0718179,33.5092756,-112.0718179],[48,11]
-eIsz3-MIQT6ueiM4MusHg,33.40755935,-111.9779649,17,[33.3055833,-112.0561119,33.5095354,-111.8998179],[126,11,97,33,39,38,99,128,26,7,142,108,338,201,40,224,205,88]
MUgNPYJGFXJdgU7OTmtdxw,33.8000576,-111.9280264,22,[33.8000576,-111.9280264,33.8000576,-111.9280264],[65,158,17,28,161,29]
aizo923WsNk6bfMLWxEDYw,33.507981349999994,-112.0568409,3,[33.4772147,-112.0736348,33.538748,-112.040047],[265,11,99,26,33]
AY00c9gjk6-WqAKuz_xY9w,33.3488009,-111.9766002,19,[33.3488009,-111.9766002,33.3488009,-111.9766002],[49,80,59]
TU6stUlyKnf7z2RwdDGuzA,33.4440362,-111.89581340000001,11,[33.4073914,-112.0023554,33.480681,-111.7892714],[208,6,35,7,8,224,11,96,72,71,10,48,24,26]
F3UojyaAto_lqeVAcUIl6A,33.335917,-111.8088752,106,[33.335917,-111.8088752,33.335917,-111.8088752],[26,11]
B4xYjF8f8Aocx-TXEBWJow,33.471677,-111.926688,8,[33.471677,-111.926688,33.471677,-111.926688],[224,11]
fFMf8CU_7OnJCBXGIhdEog,33.504218949999995,-111.9705789,12,[33.479887,-112.0152845,33.5285509,-111.9258733],[251,224,212,43,11,48,27,140]
xYV1qRKVbWFXtRsCmxhpKQ,33.294803,-111.875618,2,[33.294803,-111.875618,33.294803,-111.875618],[485,106,54,226]
gbskKkumPmsjW0jGPtUgfw,33.597603500000005,-111.9955415,15,[33.545329,-112.103052,33.649878,-111.888031],[26,17,18,11,168,265,63,212,61,13,6,85,72,287,27,65,133,48]
rj7L97J_N-_O0ka2WYj1-Q,33.6729823,-111.8904749,8,[33.6729823,-111.8904749,33.6729823,-111.8904749],[27,11]
dDIuWlsPMuUELPuIPlWg_w,33.4637532,-112.07380935,25,[33.4504828,-112.0739897,33.4770236,-112.073629],[28,17,29,109,38,48,39,11]
Nl40L_TPoYRV82UwwD_vaw,33.362444,-111.912417,9,[33.362444,-111.912417,33.362444,-111.912417],[98,7,24,11]
My9DUYlhgwARA-6JJ8_Y6Q,33.5610848171265,-112.0513163,50,[33.407162534253,-112.2234146,33.7150071,-111.879218],[54,55,49,38,39,128,341,212,43,11,182,99,7,139,6,225,250,119,33,142,120,292,57,186,17,18,69,303,152,9,63,27,24,62,97,162,28,29,117,105,65,26,265,126,145,88,298,133,50,52]
JjyIdUHJ6StK4a9vjIpVmQ,33.5025941,-111.9296765,70,[33.5025941,-111.9296765,33.5025941,-111.9296765],[182,99,11]
4aajbYBbUrXKrlOO5t06Hg,33.46041285,-112.09463915,9,[33.4134157,-112.358704,33.50741,-111.8305743],[39,38,126,97,11,322,57,56,218,41,7,292,108,64,161,6,204,65,333,129,175,332,278,79]
pwMMuOMRaUOQo7RlLe-oww,33.414345,-111.913031,1,[33.414345,-111.913031,33.414345,-111.913031],[192,11]
t4CroUcjlpMB0LW-4k65cQ,33.5705669,-111.886606,41,[33.5705669,-111.886606,33.5705669,-111.886606],[126,97,11]
DrIboxgUiRsJWhCFzOiBcA,33.393841,-111.842039,2,[33.393841,-111.842039,33.393841,-111.842039],[166,6]
6TnX7mzI-jfgK6teWqIS9Q,33.363932899999995,-111.8857152573975,34,[33.2587342,-112.0475116,33.4691316,-111.723918914795],[26,11,99,224,33,119,4,6,251,43,7,162,108,87,38,128,39,296,185,142,97,89]
o28wP2ypjf84sABZHNypBA,33.46642785,-112.00240775,22,[33.321976,-112.0982935,33.6108797,-111.906522],[48,24,11,26,98,7,239,177,192,41,43,224,212]
Nd7i7DOF9Cx3zZ_ZUnKuLQ,33.5092756,-112.0718179,2,[33.5092756,-112.0718179,33.5092756,-112.0718179],[48,11]
NWGmEhgp_zXnABKAhA8FUw,33.6034616,-112.036653,2,[33.6034616,-112.036653,33.6034616,-112.036653],[43,11]
NahS67lN8c81DmyccPfVkw,33.4964747,-111.9954913,15,[33.4548476,-112.0824683,33.5381018,-111.9085143],[26,11,119,38,48,39,99,63,27,24,109,126,97,40,57,145]
6epv2K0PcxxNia1SNdQ_UA,33.4076702,-111.9162305,19,[33.3203054,-112.047259,33.495035,-111.785202],[38,11,99,128,39,117,24,26,33]
VW4vV4MydSfabCPqhXISIg,33.40095585,-111.98487485,21,[33.3491162,-112.0693177,33.4527955,-111.900432],[11,27,63,33,117,48,88,38,39,89,7,36,298,99,43,98,24,168,128,47,119,201,101]
NXnbBRdj4XbsSTEQXPvywA,33.59741785,-111.92061785,200,[33.4942423,-111.954623,33.7005934,-111.8866127],[48,11,24,119,99,182,229,126,98,7,26,64,133,65,265,185]
Syn0IvWg-M7I4G2t_XyHoA,33.504883250000006,-111.81152995,200,[33.3849754,-111.934032,33.6247911,-111.6890279],[7,47,48,27,11,28,17,29,212,46,6,142]
lTqua2xkTTONrjn4bd-esQ,33.610505,-111.96101125,2,[33.5808348,-111.9951643,33.6401752,-111.9268582],[33,48,307,11,99,26]
q4n5WkszZmUT8hEiKahl_Q,33.3666012806817,-111.721199154854,2,[33.3666012806817,-111.721199154854,33.3666012806817,-111.721199154854],[119,201,11]
syrqHyC0CuciwHp5XKtuaQ,33.3934802,-111.8082864,1,[33.3934802,-111.8082864,33.3934802,-111.8082864],[7,8]
m8vVTi2b-SWv3EJrvrruMg,33.4665044,-111.9277763,9,[33.3512237,-111.9963126,33.5817851,-111.85924],[26,127,11,54,55,122,206,32,314]
hYYtPei7V1p4S_WirtV_Jw,33.37815001675335,-111.92208287198301,4,[33.3779965056747,-111.938030184884,33.378303527832,-111.906135559082],[33,119,24,11,26]
6ZxJTmegxtXl6ZtQU9UB-w,33.5321439,-112.04777945000001,49,[33.511391,-112.069119,33.5528968,-112.0264399],[84,6,166,339,119,24,11,49,66,52]
L0t8ESj83JaYTtvq5Si2ew,33.496014849999995,-112.06119100000001,36,[33.42263,-112.181569,33.5693997,-111.940813],[28,240,241,96,72,212,63,97,11,210,27,7,8,218,41,38,140,39,40,48,119,120,26,88,47,106,54,107,224,24,139,36,101,33,128,251,6,45,185]
OmwcE9t5w6BTSXLvv7nruQ,33.5806325,-111.9290581,2,[33.5806325,-111.9290581,33.5806325,-111.9290581],[54,55,122,256]
IyQKx13mN0TcVhWhqwHirw,33.492962,-111.927751,2,[33.492962,-111.927751,33.492962,-111.927751],[224,11]
vvAKDhcNYLGbrSIJ0v0AIA,33.46625,-111.992038,1,[33.46625,-111.992038,33.46625,-111.992038],[38,143,39]
5u7uaJYyJZR-1L2-_IA-0w,33.3351559,-111.9631173,4,[33.3351559,-111.9631173,33.3351559,-111.9631173],[7,194,24,11]
LaEycUpsi5uYWHWgHubvKQ,33.320504,-111.7889,4,[33.320504,-111.7889,33.320504,-111.7889],[26,11]
HUVjbOg-g-qHqRa6drSE4w,33.417280500000004,-111.95797196141501,14,[33.303233,-112.07341192283,33.531328,-111.842532],[43,11,212,63,97,48,7,108,38,39,33,47,27,24,119,26]
-ofYuApw0kxpLfnuSEhqUg,33.479887,-111.992309,2,[33.479887,-111.992309,33.479887,-111.992309],[224,11]
22YSm1w8UoHhEwRghuc0Aw,33.435146,-111.998367,34,[33.435146,-111.998367,33.435146,-111.998367],[119,38,99,39,11]
7t5tpkodGAZOlbuV8DawcA,33.6253241,-111.9403451,3,[33.6253241,-111.9403451,33.6253241,-111.9403451],[7,142]
ih_cWVP7G82Iha3rMAEkNQ,33.443677772612105,-111.97432255,10,[33.3644109,-112.0716011,33.5229446452242,-111.877044],[27,11,182,48,140,7,108,123,6,204,65,41,400,49,50,52,119,24,44]
vjU0uDNyPTUVVF7RX_yaRA,33.5093736,-112.0409502,200,[33.5093736,-112.0409502,33.5093736,-112.0409502],[39,38,99,128,11]
yjUhXi-YP4a6G48sK5kEpw,33.6458639,-111.94166355,33,[33.4941704,-111.992641,33.7975574,-111.8906861],[43,11,98,7,24,10,48,99,333,126,97,119,120,182,140,27,218,41,323,142,212,65,133,177]
5ehfjrLys1sWsUjTiJKaBw,33.307983735825,-111.74430125426,20,[33.307983735825,-111.74430125426,33.307983735825,-111.74430125426],[126,11]
qxLMitCW6GJw8qsFU7Uy-g,33.5160662,-112.029562,200,[33.5160662,-112.029562,33.5160662,-112.029562],[119,48,11,161,28,65,17,29]
DrSy7qS5ZcaG9K8y9oreiw,33.498915,-111.928258,8,[33.498915,-111.928258,33.498915,-111.928258],[11,63]
IibG_Dl9P24zExWisTEvMg,33.514913808295205,-111.927550560414,2,[33.5020036165904,-111.928035020828,33.527824,-111.9270661],[39,38,97,11,168,99]
CmRRRwUxfaDJZSoVw1JNXA,33.4474542,-112.0745395,1,[33.4474542,-112.0745395,33.4474542,-112.0745395],[99,201,10,11]
Vt1vmEiyPShybCyNFRWsbQ,33.4722401,-112.35015010000001,9,[33.4508902,-112.3584222,33.49359,-112.341878],[192,11,126,97,251]
Yx8vkQEFMfAoGX7_htsqTw,33.440927099999996,-111.8649281,5,[33.3550442,-111.9403254,33.52681,-111.7895308],[185,11,285,63,26]
MlNQdSNqMPybwe7XWSsmXQ,33.3889034,-111.8403127,1,[33.3889034,-111.8403127,33.3889034,-111.8403127],[39,340,38,11]
iLu2fqV8VndrCzqDO7tUpQ,33.4766792,-111.9977926,200,[33.4315119,-112.0693177,33.5218465,-111.9262675],[210,11,26,127,126]
Sq19HIRrHefm6DFDv1HYMg,33.5229858,-112.0476585,2,[33.5229858,-112.0476585,33.5229858,-112.0476585],[48,11]
fsRuFfTc7PJezso9f2L0ww,33.37797828683,-111.936617211676,3,[33.37797828683,-111.936617211676,33.37797828683,-111.936617211676],[181,11]
x8kjHOY8JVCAGWdXtu7btA,33.65870341663366,-111.91155956506901,11,[33.6456173332673,-111.917118430138,33.6717895,-111.9060007],[161,195,65,27,11]
QsWWVw4b2FBcg038q1w6oA,33.403870350000005,-111.855861,19,[33.305759,-111.993252,33.5019817,-111.71847],[229,11,117,63,27,185,99,24,7,148,265,30,13,6,48]
MzfQpcIfoS-vVR0HOX3S7Q,33.5861721842802,-112.085046,31,[33.4581958,-112.2400641,33.7141485685604,-111.9300279],[126,97,11,48,265,27,38,6,145,186,57,39,49,193,59,7,8,99,205]
qvbkkqAlb3ip2gbReehUyw,33.446715,-112.357469,1,[33.446715,-112.357469,33.446715,-112.357469],[28,17,29]
D-EOeItd_VqSVum0Dx4hGQ,33.654849,-112.373782,3,[33.654849,-112.373782,33.654849,-112.373782],[63,27,11]
PKM1p-hZ8lfskHbvtOnAWw,33.304775,-111.947948,19,[33.304775,-111.947948,33.304775,-111.947948],[33,11]
0aN7R-2ieaHWKW6AHke6Mg,33.4287313,-111.9415049,2,[33.4287313,-111.9415049,33.4287313,-111.9415049],[28,342,240,241]
yRWs9FQctaU1CkDrxv3irw,33.51560395,-112.00254530000001,9,[33.49112,-112.079081,33.5400879,-111.9260096],[161,28,65,17,29]
49RIGDu-A1eRPDSAs9QZtg,33.4726135,-112.02867545000001,6,[33.305824,-112.180066,33.639403,-111.8772849],[338,382,206,11,26,7,36,298,99,41,42,43,97]
x5ve4LVa-iIfZ65Qe9Pqvg,33.3866027,-111.8131807,52,[33.3365399,-111.9403254,33.4366655,-111.686036],[185,11,63,27,296,38,128,39,285,119,33,44,149,7,47,88,48,108,120]
5-QZws6rY1kJUs0bQdYIDw,33.546608,-112.047023,4,[33.546608,-112.047023,33.546608,-112.047023],[11,63]
G-Jl2Kk_J9qSS9eZc0jWxA,33.65681461686685,-111.94647296624751,4,[33.637775,-111.966733932495,33.6758542337337,-111.926212],[7,108,11,63]
7W0APf508yArzSiPapfKaA,33.4253394,-111.9398532,12,[33.4253394,-111.9398532,33.4253394,-111.9398532],[38,99,128,39,296,11]
UscvTBiimQBlZMYlu_0ivQ,33.415073,-111.726788,1,[33.415073,-111.726788,33.415073,-111.726788],[311,11]
bbr3Qvt7Xu2Qv8dSHNw28Q,33.5044082,-111.9691642,1,[33.5044082,-111.9691642,33.5044082,-111.9691642],[161,28,65,17,29]
kspgajbJkw6GJ9n_qPL_tw,33.6280896,-111.8977732,1,[33.6280896,-111.8977732,33.6280896,-111.8977732],[71,72]
yEzlmDFbVrTI9R4cZTaUrw,33.62521985,-111.9878641,24,[33.4499,-112.1299404,33.8005397,-111.8457878],[265,185,11,10,24,27,44,26,33,38,117,39,212,48,119,99]
ssRG9jjPCr-YZnM8qmp_SA,33.50201,-111.9313599,2,[33.50201,-111.9313599,33.50201,-111.9313599],[265,11]
Y_f7ppml9wLbDGP_EN3OCQ,33.40155425,-111.869845,12,[33.31081,-111.967678,33.4922985,-111.772012],[7,9,10,11,33,99,44,210,168]
LAxqXAosUrSR6S4mVDIwOw,33.5016792,-111.99418990000001,96,[33.4938414,-112.061566,33.509517,-111.9268138],[27,11,88,38,39,298]
aUVOqmAiuSraS-97TFftBA,33.419878672494505,-111.931104564209,5,[33.334712,-111.987419128418,33.505045344989,-111.87479],[13,6,115,24,11,12,114]
asd1tyY1GHgib7muisSEsA,33.46582990786835,-111.9596509003465,132,[33.4346825157367,-111.994403600693,33.4969773,-111.9248982],[101,38,26,39,11,33,44,99,128,98,7,119,10,28,17,29]
t0A-WJxhRik9O6QgzWcrKA,33.3782224,-111.9364223,1,[33.3782224,-111.9364223,33.3782224,-111.9364223],[7,142]
mwkH9k8QqaEbslk0knRMvA,33.6721220785127,-111.905096769333,1,[33.6721220785127,-111.905096769333,33.6721220785127,-111.905096769333],[48,11]
AbO18pf8bXG1qF9bb9L6wQ,33.4067833,-111.99223415,200,[33.3478272,-112.074211,33.4657394,-111.9102573],[28,170,27,11,224,182,24,63]
INOIvOJb-pSc4gqwpcFSQw,33.56576975,-111.897137748422,7,[33.4922985,-111.9245517,33.639241,-111.869723796844],[210,11,212,43,63,27,307,119,99,7,41,98,10,9]
