u9DqYkDeNQF5zFwj2WsSWw,33.416595486137496,-111.944762300514,27,[33.233464772275,-112.202073,33.5997262,-111.687451601028],[126,11,177,140,43,201,97,7,137,8,139,251,212]
NqcLDh324mINcicHKspQaA,33.589593449999995,-111.9944744,22,[33.5005719,-112.0999346,33.678615,-111.8890142],[41,361,11,88,38,39,298,99,7,36,8,57,69,9,185,108,6,45]
j-dD1vbY0tK2QX-b6I8XiQ,33.495911,-111.931525,39,[33.495911,-111.931525,33.495911,-111.931525],[28,17,29]
-NK4deQXwOK6lswzKKtXDQ,33.516464,-112.0823359,2,[33.516464,-112.0823359,33.516464,-112.0823359],[7,187,10,139,11]
QRnP-jhyBuWUUNPAuXnjVg,33.6382871,-112.134828,2,[33.6382871,-112.134828,33.6382871,-112.134828],[224,11]
tXhlRAnR3_GoWvewfQni4Q,33.48087955,-112.02969245,87,[33.3488775,-112.0827836,33.6128816,-111.9766013],[38,39,48,11,119,109,24,265,7,108,27,99,127,177,140,40,206,63,43,201,10,449,97,123,65,98,192,309,285,36,26,49,80,59,117,214,9,57,145,128,162]
q1ZD9I7xqNFus07l2e5Y8w,33.713107,-112.113011,3,[33.713107,-112.113011,33.713107,-112.113011],[182,48,140,11]
XOyeZ9-OIgyDHxybKv__dA,33.370294200000004,-111.7951584073975,9,[33.303972,-111.8663979,33.4366164,-111.723918914795],[15,25,6,99,11,30,13,4,100,425,77,35,350,26]
VONfPEsY8qUO2LSYFI4yRQ,33.46555155,-111.9937096588555,18,[33.421657,-112.083116517711,33.5094461,-111.9043028],[7,8,38,39,40,57,145,224,11,63,27,126,97,172,182,48,140,99,36,69,212,307,33,265,185,108]
nitmbm5VgwHCDSr2hZkUZw,33.3550442,-111.7895308,3,[33.3550442,-111.7895308,33.3550442,-111.7895308],[185,11]
xRAS-_qJDsnkqieTigI3fQ,33.5127699,-112.0740123,147,[33.5127699,-112.0740123,33.5127699,-112.0740123],[109,38,11,39,63]
9vK2sv3WqHuI7zBiaByF-Q,33.5670375,-111.9184649,14,[33.5670375,-111.9184649,33.5670375,-111.9184649],[161,65]
MKNUVN6hJX99DMFHyQAhxw,33.6784533,-111.9775162,2,[33.6784533,-111.9775162,33.6784533,-111.9775162],[106,295,65,105,220,54,369]
eVQ_yDkMlF62oofUwc29Kw,33.5299053,-111.926437,2,[33.5299053,-111.926437,33.5299053,-111.926437],[265,11,483]
elqdh2kCUlKXOrSpTGWMvw,33.6119344,-111.9271523,2,[33.6119344,-111.9271523,33.6119344,-111.9271523],[267,182,172,11]
_FTWOKjNKaMziJUhufFQPA,33.4656005,-111.9985,4,[33.4217923,-112.045816,33.5094087,-111.951184],[15,6,98,7,24,11,177,285,140]
Ozqne8NX-a_B373ab5YE3Q,33.393178,-111.787275,2,[33.393178,-111.787275,33.393178,-111.787275],[26,11]
VbD7uqLyyfqroE-TUnZSmg,33.4194512,-111.915926,4,[33.4194512,-111.915926,33.4194512,-111.915926],[38,7,47,88,39,48,11]
jVFh0GzPtPqL1KturXy8eQ,33.3051387,-111.94212465,3,[33.304659,-111.985429,33.3056184,-111.8988203],[83,6,279,54,317]
m7VIm6tVEqAvbejxcl72yg,33.6401421,-112.1745837,1,[33.6401421,-112.1745837,33.6401421,-112.1745837],[251,11]
kJOz2O4WKjLZC8aCZ_dchw,33.5030185,-112.0999,2,[33.5030185,-112.0999,33.5030185,-112.0999],[251,11]
xHAlPHFluxyPWnH95KSJLA,33.49009545,-111.96486375,4,[33.477178,-112.0039285,33.5030129,-111.925799],[195,65,119,48,24,11]
93XgG31iT__rcru7YGd73Q,33.4355957545874,-111.997697353363,197,[33.4355957545874,-111.997697353363,33.4355957545874,-111.997697353363],[119,99,11]
lfx2ppICJdX-rjT8Z8anXw,33.683226,-112.092802,5,[33.683226,-112.092802,33.683226,-112.092802],[185,11]
-qylrEIzXW02p92zya77LA,33.4482325,-112.0739425,74,[33.4482325,-112.0739425,33.4482325,-112.0739425],[12,114,13,6]
PaLiV3A-WWHnsSY5oy9j2w,33.51690065,-112.0513447,2,[33.4951572,-112.0986063,33.5386441,-112.0040831],[26,11,63]
3LmlnHoIFMx0M5j97cJFGQ,33.36931585,-111.9136316,10,[33.3056593,-111.929601,33.4329724,-111.8976622],[57,99,91,11,7,47,48,27,137,8,139]
0BTW4a0JASb35L4eYAdheg,33.5693997,-112.0740526,2,[33.5693997,-112.0740526,33.5693997,-112.0740526],[26,11]
idZ9niG3TdYLrxtUPZAO7A,33.5271966,-111.9259109,1,[33.5271966,-111.9259109,33.5271966,-111.9259109],[119,99,11]
qMd49Y5NkpJVsKHtr7V6Tg,33.377512249999995,-112.03790225,11,[33.377348,-112.04921,33.3776765,-112.0265945],[48,11,27]
X74iDW0yAiEUEQzmWK39pg,33.507557,-112.040116,72,[33.507557,-112.040116,33.507557,-112.040116],[27,11]
Micrt1OW6PMkyjfJIDUkug,33.820226,-111.901288,19,[33.820226,-111.901288,33.820226,-111.901288],[11]
SdVK7u1QD05pdLydkwp16g,33.497137,-111.927685,1,[33.497137,-111.927685,33.497137,-111.927685],[112,6,420]
BJNh7EIqy7EQKut2U4KUpw,33.4980062,-111.92328045,83,[33.493947,-111.9242599,33.5020654,-111.922301],[28,17,29,161,65]
clj0lrvNlThpFkMmT9fzQg,33.4962205,-111.9641728,3,[33.4962205,-111.9641728,33.4962205,-111.9641728],[38,140,39,40,48,11]
yPiU7f2L6y5t7x83-88NfQ,33.632822700000006,-111.91752255,9,[33.6185266,-111.943525,33.6471188,-111.8915201],[7,142,11,63,39,99,38]
jg-sagBTTuSqHabHQ-f52w,33.4951558,-112.0010198,3,[33.4951558,-112.0010198,33.4951558,-112.0010198],[224,11]
vwP5p2RPyl9EazgK9u2w9w,33.4864506,-111.99536085,7,[33.4738952,-112.0649195,33.499006,-111.9258022],[39,212,126,293,11,193,65,7,194,59,49,195,97]
pFDiCVPCgGglaKgdavRjfg,33.4561612,-112.0739325,1,[33.4561612,-112.0739325,33.4561612,-112.0739325],[7,292,27,11]
tl61BB223Whc_UddDnWUxw,33.53889975,-111.9957864,7,[33.4938414,-112.064759,33.5839581,-111.9268138],[99,26,11,63,27,182,218,307]
V7O9I15GhuzHZEh31omCPg,33.6264142,-112.2026899,1,[33.6264142,-112.2026899,33.6264142,-112.2026899],[32,235]
CG_e4c9B6m56LE8Xn2vptQ,33.4724491,-112.1345686,1,[33.4724491,-112.1345686,33.4724491,-112.1345686],[26,11]
JfVJ8BGQ8wMoF0OwegV-xA,33.640184,-112.354279,3,[33.640184,-112.354279,33.640184,-112.354279],[78,79]
S84E-NLNx2s2zyyJHjDD5g,33.5394295,-111.95617304999999,12,[33.407826,-112.0257401,33.671033,-111.886606],[24,11,38,128,39,126,97,12,13,6,22,99,40,7,108,9,10,113,116,87]
1bV0I0j-YzDcfiXK2M-U8A,33.41868295405796,-111.83538436758,40,[33.2125748081159,-111.9955012,33.6247911,-111.67526753516],[10,24,11,43,26,63,27,99,97,127,212,126,48]
J5_5vGOAS47mmjplMwtOpA,33.463691,-112.369163,2,[33.463691,-112.369163,33.463691,-112.369163],[106,54]
ZC2bBRTILDG2Vv27IZXMWA,33.6117382,-111.9969697,1,[33.6117382,-111.9969697,33.6117382,-111.9969697],[11,63]
c12aVjSO3M673AHaUNHOJg,33.3730895,-111.93240145,6,[33.3672866,-111.936102,33.3788924,-111.9287009],[192,140,11,72,354,177]
IijJvpe0DznIG_UMlmvI8Q,33.6108797,-112.0982935,13,[33.6108797,-112.0982935,33.6108797,-112.0982935],[98,7,239,11]
RvVMpc77LH9NSjHpPd8Zrw,33.55337085,-112.07303745,12,[33.4656695,-112.0826882,33.6410722,-112.0633867],[140,177,285,11,71,72,96,78,79]
QwoQ_lssIt3JnWUKRYJ25A,33.3950097,-111.6846403,5,[33.3950097,-111.6846403,33.3950097,-111.6846403],[224,11]
n7vjwXPlfG9kmC89IhFiWw,33.4918756799029,-111.930513381958,200,[33.4918756799029,-111.930513381958,33.4918756799029,-111.930513381958],[98,7,292,17,62]
EhAEwQw56jt5fvJlkJileA,33.618130300000004,-111.95108594999999,90,[33.5999386,-111.9797159,33.636322,-111.922456],[126,97,11,265]
wtFYMfmqNdSuZjYE4l3auQ,33.5564571,-112.14820585000001,7,[33.5385792,-112.1783249,33.574335,-112.1180868],[168,11,120,296]
OvEOHaQrf0LSBx1zTQ4-Qg,33.4667929,-111.96609135,39,[33.423546,-112.0146407,33.5100398,-111.917542],[98,7,307,162,11,48,26,33,38,39]
0TRh7OOVLQ-IOkchcMVWsw,33.40436685,-111.9246335,7,[33.313774,-111.98959,33.4949597,-111.859677],[26,11,219,218,41,140,63,43]
27JjTZOy_TAJKOWotSBF9Q,33.4552907,-111.9878697,3,[33.4552907,-111.9878697,33.4552907,-111.9878697],[43,11]
cTqjCINamOfIpUoLEzcczQ,33.537507149999996,-111.91669669999999,200,[33.4287313,-111.9415049,33.646283,-111.8918885],[190,4,6,28,57,327,30,13,49,178,265,48,11,39,38,128,119,26,185,17,29,342,240,241,46]
iIejnUGrn8yxSwPjQIj6cQ,33.5881614,-111.8378867,1,[33.5881614,-111.8378867,33.5881614,-111.8378867],[43,11]
Y58Qc8rI1AkljUITymJesg,33.6450609,-112.03026894999999,32,[33.4252092,-112.1388544,33.8649126,-111.9216835],[43,11,99,57,7,36,69,119,48,126,26,265,27,62,17,185,63]
LGq9Vee1LmrDdDBbTjTp8w,33.332976,-111.85933545,3,[33.303233,-111.8761389,33.362719,-111.842532],[7,33,48,47,11,89]
DqQzkxbhm4rEJpsIT3XxOA,33.367760310849505,-111.9155945,200,[33.287866621699,-111.997989,33.447654,-111.8332],[26,11,48,24,44,83,6,7,162,27,202,72,148,154,108,39,33,265,185,49,57,327,330]
5txOoKiQHsh3_K0ku-hNVA,33.43475,-112.00644,63,[33.43475,-112.00644,33.43475,-112.00644],[28,170]
HCnNMio_UWGXVa1X59KAyg,33.8644291,-112.1353054,2,[33.8644291,-112.1353054,33.8644291,-112.1353054],[43,11]
u6QidpqhaaCrlTeFXZlpMA,33.49112,-112.079081,25,[33.49112,-112.079081,33.49112,-112.079081],[38,26,39,40,48,11,28,17,29]
2KvxS3HmcOOXj2pCm8o6TQ,33.382727450000004,-111.8945129573975,15,[33.2333299,-112.065107,33.532125,-111.723918914795],[49,52,99,11,63,27,24,7,247,48,33]
5vVT9inHP0_5w9f_wa119A,33.32158575,-111.92122585000001,4,[33.3118314,-111.9827084,33.3313401,-111.8597433],[11,27,63]
f61E0zmCuIMzUiUOZ1AI6g,33.422959,-111.936464,2,[33.422959,-111.936464,33.422959,-111.936464],[7,138,224,139,11]
TYI2LA2kokZBmKwl1hiT2g,33.4430156,-112.3492682,1,[33.4430156,-112.3492682,33.4430156,-112.3492682],[26,11]
x2EMc8oul9oVsDp4LzezZQ,33.4986978,-111.9262675,9,[33.4986978,-111.9262675,33.4986978,-111.9262675],[126,11]
xeruRvQ1VsOqOwv4wgHCNg,33.35482175,-111.78968495,132,[33.3545993,-111.7898391,33.3550442,-111.7895308],[119,99,11,185]
6G_83_F0CQ9XJZdYdeE7Hg,33.58494585,-112.27260340000001,18,[33.5082167,-112.3581458,33.661675,-112.187061],[26,11,382,15,6,191]
EqxOzcvp8Z0mTyRj-ukvYw,33.4967798,-111.926796,200,[33.4915779,-111.927751,33.5019817,-111.925841],[224,11,99,48,119,38,39]
3xNwzJWm6gDv8N3z-hfjFQ,33.5386523,-112.1859866,2,[33.5386523,-112.1859866,33.5386523,-112.1859866],[98,7]
fSIIkYqf7AK49zhkL4Kamw,33.453962564548,-112.06958295000001,200,[33.449233,-112.0737079,33.458692129096,-112.065458],[98,7,108,6,77,112,191,35,17,15,111,113,13,61,34,12,27,11,36,8]
qseSI7cV_4Vs0s5_jtLCrw,33.5006293,-111.9232551,5,[33.5006293,-111.9232551,33.5006293,-111.9232551],[27,11]
Wa7di00Ttrg1qRBFunvg4A,33.304543699999996,-111.9807721,5,[33.3036623,-112.0144784,33.3054251,-111.9470658],[60,6,24,11,7,162]
2X7ckRdti-BkE1QhAbgbRg,33.8699738,-112.1480614,23,[33.8699738,-112.1480614,33.8699738,-112.1480614],[28,17,18,29]
e7Y0WLFc045WVu-QIpnJaw,33.36421045,-111.9144927,5,[33.306462,-111.942444,33.4219589,-111.8865414],[26,11,38,168,298,88,39,44]
V35ln_NqTycSELLMoLWjXw,33.4623763,-112.04416855,43,[33.4144356,-112.080548,33.510317,-112.0077891],[38,140,39,40,48,11,6,270,27,63,28,17,29]
6zUvkn7YK1uVkaAnDBg1rw,33.4219869,-111.9366872,22,[33.4219869,-111.9366872,33.4219869,-111.9366872],[33,11]
Amf2h_CVj4_5P0ngr0Aejw,33.4129192,-111.96105,2,[33.4129192,-111.96105,33.4129192,-111.96105],[38,33,39,11,128,27]
-Hv0mbeVlO2nB-6cYcfFMg,33.4806725,-111.7352175,19,[33.31081,-112.016904,33.650535,-111.453531],[212,361,11,224,7,47,134,135,106,54,107,238,12,13,6,22,41,63,33,265,185,8]
e12A8vIxJVC0iXG3tpQe8Q,33.6235377,-111.925553,4,[33.6235377,-111.925553,33.6235377,-111.925553],[7,108]
JIdnF9vzN7XHaYsTvscnGQ,33.5092756,-112.0718179,1,[33.5092756,-112.0718179,33.5092756,-112.0718179],[48,11]
w73mVlRxJoJCX_fbklYbyQ,33.4930514,-111.9339561,1,[33.4930514,-111.9339561,33.4930514,-111.9339561],[28,17,29]
0wWZOgrtfrD6jLiDj0w06Q,33.4741375,-112.0649666,1,[33.4741375,-112.0649666,33.4741375,-112.0649666],[7,108,201,11]
nBtmZ6y72o0uj53WvEu_9A,33.55067245,-111.99414235,17,[33.491546,-112.0648577,33.6097989,-111.923427],[11,63,210,26,38,99,88,39,40]
pbuS1hO8gt8k6wo9pbFzdQ,33.391353300000006,-111.93487809999999,68,[33.3055286,-111.9439572,33.477178,-111.925799],[182,172,11,28,17,29,119,48,24]
zmkJOHMVyyP7EhZkHn3uZQ,33.6239817,-112.4159659,1,[33.6239817,-112.4159659,33.6239817,-112.4159659],[43,11]
rYG_FSHAdLp2BmkKKCt_IA,33.4646306,-111.8773182049605,39,[33.3023282,-112.122052609921,33.626933,-111.6325838],[38,265,39,11,440,260,43,117,214,174,54,195,65,7,108,142,172,27,63,24,99,40,26,185,182,212,119,162,88,309,285,292,48,140]
Vx0dDvBvRYXcn5dgnpzvUw,33.59266645,-112.07471125000001,25,[33.5316479,-112.135621,33.653685,-112.0138015],[7,182,194,172,11,49,193,59,8]
iePq5r5JMLP-XWvZnvg0Uw,33.502368849999996,-112.0811784,18,[33.495318,-112.1371188,33.5094197,-112.025238],[334,181,11,208,130,6,32,35]
KMVaX533A0ePXXrz8B0nhA,33.3807127456417,-111.725978851318,1,[33.3807127456417,-111.725978851318,33.3807127456417,-111.725978851318],[27,11]
BQTBGAYX0GEWkNDvx-oCdA,33.5084985,-112.05369485,6,[33.3782224,-112.1709674,33.6387746,-111.9364223],[33,11,7,142,307,212,43,99,120]
5RWkA5d0xAUUh18iHH_MiQ,33.4626205,-112.065448,2,[33.455577,-112.065536,33.469664,-112.06536],[57,56,25,6]
FUVkKaRlpLsjxcG4bJ7nFA,33.4253394,-111.9398532,1,[33.4253394,-111.9398532,33.4253394,-111.9398532],[465,57,39,145]
KIjyqpBVcyBHiDHCxzMNSw,33.2864326,-111.83311205000001,5,[33.2359121,-111.8764361,33.3369531,-111.789788],[185,11,42,43]
76JMSlxXBIEnHlygnYHR-g,33.45,-111.97,32,[33.45,-111.97,33.45,-111.97],[7,189]
tTaC3-J4zLFy2_lPzft_Zg,33.652219,-112.235917,50,[33.652219,-112.235917,33.652219,-112.235917],[26,11]
Ugx7he6SzHS0PK5IG5c_Fg,33.55239735,-112.090798,9,[33.4772147,-112.134346,33.62758,-112.04725],[10,11,265,119,120]
gopGuEb-ft6cHKMyCZEvJg,33.47373675,-112.00297485,3,[33.4485585,-112.0776917,33.498915,-111.928258],[11,63,24]
Uzp7Gg7MyA1ilZXD7hnjRQ,33.4556584,-112.0719926,40,[33.4556584,-112.0719926,33.4556584,-112.0719926],[38,181,39,40,11]
yTAOBwi29nTPnhu9wH75Cw,33.403689,-111.981986,200,[33.403689,-111.981986,33.403689,-111.981986],[7,292]
K2gJBdJmiNXmJZWDJsBdwg,33.461553550000005,-111.93304985,7,[33.4240085,-111.9401874,33.4990986,-111.9259123],[88,38,39,298,11,265,99,26]
HA3oWD7icDW_WAxGABOH8A,33.364978,-111.805395,1,[33.364978,-111.805395,33.364978,-111.805395],[83,38,6,39,40]
oBX94MKdp5XypoJiegJzIQ,33.5364584,-111.8883276,1,[33.5364584,-111.8883276,33.5364584,-111.8883276],[123,65]
03So5fVSX1HA0cPrfIgDYg,33.4183277936082,-111.8903654003905,8,[33.3779891872164,-112.0909725,33.4586664,-111.689758300781],[48,11,33,117,7,292,98,139,142,224]
zws8cLZ66kU7jxBGlSFI-g,33.48100440283735,-111.930210942442,4,[33.3779965056747,-111.938030184884,33.5840123,-111.9223917],[182,48,140,11,33,119,24]
EC0R5ovZ1TG4wKDh4HBD5A,33.52802573643725,-111.9160897,6,[33.4892464,-111.9271068,33.5668050728745,-111.9050726],[224,11,43,44,126,97,440,260,63,27]
yMtYReGcJabcpACN5mznqg,33.6255307,-112.0307001,1,[33.6255307,-112.0307001,33.6255307,-112.0307001],[112,6,151,254]
Mmsctd9N1aEn1vXtz4kf9g,33.533525,-111.965872,1,[33.533525,-111.965872,33.533525,-111.965872],[265,11]
jy94hgtLcuD0BbZ7o8KCYQ,33.6381933,-112.2040132,4,[33.6381933,-112.2040132,33.6381933,-112.2040132],[26,11]
fljbCXTM6t1xWG1YAnZYiA,33.503261800000004,-111.97336575,3,[33.494205,-112.0152845,33.5123186,-111.931447],[48,11,119,99]
Yve1fBAevSMqNygyvBPJKA,33.4931627,-111.9310456,2,[33.4931627,-111.9310456,33.4931627,-111.9310456],[11,27,63]
9Gha3-XxARRbhCLE8KuN2A,33.406538,-111.96167,14,[33.406538,-111.96167,33.406538,-111.96167],[28,17,29]
ZK8dZkCNcgiXKkizH_YeNQ,33.2451435,-111.86012235,19,[32.924178,-111.9631397,33.566109,-111.757105],[182,172,11,7,137,8,139,292,338,206,63,27,26,36]
ca2Sa9Enqg2GlWFQ95p8bw,33.4546330207369,-112.01235595,160,[33.2339118,-112.26167,33.6753542414738,-111.7630419],[38,39,40,7,292,109,11,63,24,108,99,27,267,182,172,265,48,26,168,229,119,177,285,140,377,88,128,142,120,185,57,327,101,41,224,126,97,13,6,4,22,12,160,205,5,98,195,65,89,49,320,321,193,59,145,221,194,239,10,62,17,127,18,333,219,218,47,501,54,242,110,80,82,104,161,64]
rZqcelxiIVKfHYiDjinjfA,33.90923129323005,-112.77757621551501,28,[33.8491045864601,-112.82675743103,33.969358,-112.728395],[26,11,49,28,17,29]
BQnVtjs1WubXUxdAMozFvg,33.6621003,-111.93558580000001,22,[33.4920033,-111.9453694,33.8321973,-111.9258022],[26,11,126,97]
XZOkFG_ZNEw1jVw1KH1iXQ,33.597134,-111.9595875,11,[33.581877,-111.994052,33.612391,-111.925123],[27,11,7,9,10]
lBWuBoFMQsrayHxzazTQ_A,33.5601169,-112.1086779,76,[33.4800282,-112.1500692,33.6402056,-112.0672866],[177,140,11,7,36,142,218,41,26]
zcXAP0EiBcVw37nLF7ATmg,33.5167919,-111.9234678,7,[33.492221,-111.9260096,33.5413628,-111.920926],[88,38,99,39,11,119,161,28,65,17,29,442,241,7,142,322,57,26]
vU-uenk6rxJruCdjgJL-RQ,33.4576266,-112.0474748,6,[33.4576266,-112.0474748,33.4576266,-112.0474748],[168,26,11]
ciXflzacQzC6wiZ_-zZ-Fw,33.4948091,-112.023489,13,[33.4948091,-112.023489,33.4948091,-112.023489],[38,39,40]
a5PEQctEeXiRKPAs1BS-yA,33.51081715,-111.9912036,7,[33.4997878,-112.0648577,33.5218465,-111.9175495],[210,11,195,65,99,13,6,115,372]
4uauLg-gbiXlZxURo9aOtA,33.4583765,-112.14809260000001,33,[33.425207,-112.3727582,33.491546,-111.923427],[307,212,43,11,26]
LdLVcxFI161Atdftv0uyaQ,33.5612589,-112.1156244,26,[33.5612589,-112.1156244,33.5612589,-112.1156244],[48,185,11]
HfioxecYflGyQFRs-1JuHw,33.534184,-112.174034,19,[33.534184,-112.174034,33.534184,-112.174034],[224,11]
Jy7y835jnf_Wmi9G_jqvYg,33.757516,-111.969733,3,[33.757516,-111.969733,33.757516,-111.969733],[32,90]
TYdbkbwIuU-TE4CWUFmiLw,33.5974239,-111.885188,5,[33.5974239,-111.885188,33.5974239,-111.885188],[7,247]
fdkSzEJ8n2gzka2V6oiQjw,33.460311671322,-111.93668908765,2,[33.421617342644,-111.9466751753,33.499006,-111.926703],[63,27,11,39,212,126,293]
TVMLSvdYuHK3BOwh-kafRQ,33.505964250000005,-112.012632,27,[33.3354566,-112.222145,33.6764719,-111.803119],[43,11,26,97,229,99,212,119,7,162,224,44]
5ek_6VgQ0p6ATNhMylVQxg,33.37137855,-111.9311053,3,[33.3201271,-111.964449,33.42263,-111.8977616],[10,44,24,11,27,99]
QiR2X306Yzd9fuJdKDhkGg,33.50233345,-112.03055215,67,[33.305824,-112.181569,33.6988429,-111.8795353],[33,11,99,185,7,292,48,98,10,63,24,475,210,138,139,140,309,285,168,26,119,338,382,206,265,126,97,251,41,42,43,27,38,39,40,181,404,451,117]
viAdG2g_GCeHQQJ9T-vVsw,33.47823535,-112.0027823,2,[33.463308,-112.074519,33.4931627,-111.9310456],[11,27,63,109,38,48,39]
S54QWsx6X2Da5GGPYjqSxg,33.4373518,-111.7181797,1,[33.4373518,-111.7181797,33.4373518,-111.7181797],[11,63]
ygd8sPWhtyr0Y5Cw2mOy1Q,33.695148,-112.091569,6,[33.695148,-112.091569,33.695148,-112.091569],[28,17,29]
8WUFsW1Hz4dkoaPMUMq4xg,33.48044825,-112.01691775,9,[33.4657562,-112.073629,33.4951403,-111.9602065],[109,38,48,39,11,99,88,40,219,218,41,140,63,27,119,26]
Gp291qdNJaFKXxqzHb75Xg,33.586902,-111.978659,7,[33.586902,-111.978659,33.586902,-111.978659],[211,32,381]
P5GLPuoEMfvoqpv7YKjfyA,33.6235418,-111.925544,1,[33.6235418,-111.925544,33.6235418,-111.925544],[64,65]
6vYgdp2eiaRtNqMjin641A,33.501821,-111.919938,53,[33.501821,-111.919938,33.501821,-111.919938],[265,185,11]
ax6T-EBDcfd_brkFTyh3TQ,33.331044,-111.791284,1,[33.331044,-111.791284,33.331044,-111.791284],[27,11]
dy6K13iQThaQvb3HciJo5Q,33.580412,-112.013517,1,[33.580412,-112.013517,33.580412,-112.013517],[7,138,8,139]
jmV17RoC_zSkZbKW891ENQ,33.4727577,-111.9265062,2,[33.4727577,-111.9265062,33.4727577,-111.9265062],[44,27,11]
gMcMvfkLvU7klifm-hFjHQ,33.500948199999996,-112.1690024,13,[33.463543,-112.358184,33.5383534,-111.9798208],[7,8,119,11,38,26,39,128,126,97,117]
ndPxSoaIw7vMKG7cPZ_66A,33.3637746,-111.9095295,1,[33.3637746,-111.9095295,33.3637746,-111.9095295],[11,63]
pXT268YxqDLs3YsnVU4kpA,33.624662,-111.943525,1,[33.624662,-111.943525,33.624662,-111.943525],[11,63]
pwOlScd6cM3uq9uCN4MClA,33.479526500000006,-112.0696645,5,[33.449553,-112.075503,33.5095,-112.063826],[7,36,182,24,11,10]
FB5y4CbqJzX3r7zELc7SqA,33.4910909,-111.81443295,14,[33.3549553,-111.939838,33.6272265,-111.6890279],[7,47,48,27,11,39,38,126,97,109,63,119,26,99,33]
ls48BuI4_MwVE2Q69pRa4A,32.974907,-112.090582,1,[32.974907,-112.090582,32.974907,-112.090582],[28,17,29]
FPFMLiWn-VZIpv-07MQghQ,33.3037399,-111.9810651,37,[33.3037399,-111.9810651,33.3037399,-111.9810651],[109,38,11,39,63]
pR_-Zb8IG4JsjMfC3cRdtA,33.3950342,-111.90737129843751,11,[33.3501281,-111.9409633,33.4399403,-111.873779296875],[63,27,11,112,6,254,49,193,59,48,140,72,287,119,26,404,451,7,108,273,39]
WARDFS4Hke0R25iGFA8WLw,33.50201,-111.9313599,106,[33.50201,-111.9313599,33.50201,-111.9313599],[265,11]
snRwZlK-VSsKAqUNpomCMQ,33.40190755,-111.9178615,7,[33.3059969,-111.950563,33.4978182,-111.88516],[224,11,38,26,39,98,7,24,206]
w3kV-YRdY4WTNzFwbX8H9Q,33.5825532,-111.9301931,1,[33.5825532,-111.9301931,33.5825532,-111.9301931],[39,38,99,128,11]
tydcHkb8fdHiIZ9d0aNq9Q,33.37581695,-111.95695825,7,[33.303233,-112.0715171,33.4484009,-111.8423994],[88,38,39,298,11,27,7,33,48,47,128,63]
hnJyqAjIJDuAC6rOnFqppA,33.43442974910915,-112.0016770741655,142,[33.4341094982183,-112.00644,33.43475,-111.996914148331],[117,11,28,170]
-kj3fN9qEZa0mapkhi6uzQ,33.450047,-112.075677,6,[33.450047,-112.075677,33.450047,-112.075677],[307,27,172,11]
00DeWETLJWNTx4okutHVeA,33.5102068,-112.0272041,4,[33.5102068,-112.0272041,33.5102068,-112.0272041],[39,38,40,206,11]
z2fCxEXFKVjeN4gNIQ1CKw,33.46913695098115,-112.00179799255349,50,[33.4537869019623,-112.07643,33.484487,-111.927165985107],[182,172,11,57,470,145,39,224]
KUlKRt-e86r90uIAtMC4Pw,33.611161,-112.153974,2,[33.611161,-112.153974,33.611161,-112.153974],[185,11]
aEU-EIGl_do9y6-j1MEMNQ,33.5145735,-111.92225965,17,[33.409735,-111.9872563,33.619412,-111.857263],[126,11,38,26,39,44,24]
Zsn2o79sXUECnxV84tzT-g,33.49867,-111.924644,16,[33.49867,-111.924644,33.49867,-111.924644],[101,38,39]
F5opQnWUB-_710lf3BELxg,33.373465,-111.971852,1,[33.373465,-111.971852,33.373465,-111.971852],[158,28]
qHJ4jLKXtBG3aMidblQsoQ,33.48535,-111.946935,47,[33.287221,-112.00644,33.683479,-111.88743],[48,11,28,17,29,170]
d_q279uWxKs9dGGV7_BjcA,33.45769075,-111.83222685,14,[33.3197625,-111.984512,33.595619,-111.6799417],[106,54,107,317,49,246,178,17,57,69,126,97,11]
EduT7Hy_d1D2YnawhXirlg,33.4869182,-111.908738,13,[33.4869182,-111.908738,33.4869182,-111.908738],[39,119,26,38,11]
Ij2o1mKtsX-SQUFI7VbUXg,33.46671,-111.994929,1,[33.46671,-111.994929,33.46671,-111.994929],[71,72]
zvMIZUZCn2eqyjekMGjoUQ,33.4673017,-112.0734116,98,[33.4673017,-112.0734116,33.4673017,-112.0734116],[322,57]
dR0GoCpIAQMpP_jh6NGJhQ,33.6322642,-112.2375029,3,[33.6322642,-112.2375029,33.6322642,-112.2375029],[265,11]
fKP42ng_IYgbwGPMRYLltg,33.492335,-111.9236549,1,[33.492335,-111.9236549,33.492335,-111.9236549],[38,99,39,40,11]
IZyfelgQjYD3UZXZZTv33w,33.5783535,-112.05830739999999,4,[33.494459,-112.1883568,33.662248,-111.928258],[11,63,206,38,99,88,39,40]
kfE84Inrk3bB28R81pLtKg,33.331655,-111.982113,1,[33.331655,-111.982113,33.331655,-111.982113],[33,119,99,11]
un1kHFIU6nhs9jAuh4cq1Q,33.504915749999995,-112.0190166,8,[33.5024095,-112.042532,33.507422,-111.9955012],[27,11,7,8,6,45]
qacJJOWScaIY6hpGS5y5Gg,33.290397,-111.720443,12,[33.290397,-111.720443,33.290397,-111.720443],[78,79]
8I69-FoAriFgNNnb_IvzWA,33.47980095,-112.13534295,3,[33.4618027,-112.3447338,33.4977992,-111.9259521],[6,70,218,41,11,43]
j5CzM79xhMW2vTf38MTH5A,33.574335,-112.12561,2,[33.574335,-112.12561,33.574335,-112.12561],[27,11]
d6k6oKxaGvvtSwT5h_loSg,33.514578900000004,-111.96292038103,200,[33.3828617,-112.0828597,33.6462961,-111.84298106206],[33,265,11,38,57,39,145,168,99,44,212,43,26,161,65,126,97,27,127,63,24,224,7,292,195,119,48,109,322,28,190,221,40]
dLk1DEoc3XYvpMDFbHVKWg,33.52057015,-111.97835855,35,[33.4951403,-111.991453,33.546,-111.9652641],[119,127,11,26,161,28,65,17,29]
SFIIyPSdqcP3svv3-y2ztQ,33.6071829,-111.9403254,1,[33.6071829,-111.9403254,33.6071829,-111.9403254],[221,38,39,40]
VZ-cDgqPPIlJeUDaFGuZHg,33.341096,-111.9497353,7,[33.303241,-111.9985666,33.378951,-111.900904],[7,148,6,45,168,99,11,26,33,108]
5S8Y0NPPx-Uxu-6M7ZuBTg,33.3013668,-111.7435871,1,[33.3013668,-111.7435871,33.3013668,-111.7435871],[137,7,139]
yPreZPyfWda3BlFH0xCKKg,33.5160662,-112.029562,200,[33.5160662,-112.029562,33.5160662,-112.029562],[119,48,11]
W6bTJfE_pTcOfdiiZ2IE-A,33.535308739762755,-112.26037163613299,174,[33.5349461,-112.2610692,33.5356713795255,-112.259674072266],[24,11,6,250]
vULlBc8WCjGU28390oYRTg,33.49514805,-111.9962364,2,[33.4951403,-112.0010198,33.4951558,-111.991453],[224,11,26]
XTYX5B23tXxKZUAz3pOi1g,33.627184650000004,-112.17226174999999,9,[33.5801063,-112.2645235,33.674263,-112.08],[49,319,59,7,8,72,6,441,63,27,11,54,55]
bkqcHALQmLie8p8bEAiA5g,33.40412115,-111.93038402713,36,[33.220295,-112.1164668,33.5879473,-111.74430125426],[119,11,48,26,27,109,38,39,7,8,57,145,258,28,17,29,98,24,168,169,63,126,117,162,108,99,128,97,218]
LgH16ABQBsAABcKn31lYjg,33.4946888,-112.0333757,1,[33.4946888,-112.0333757,33.4946888,-112.0333757],[75,6,32,70]
W4irZkAF09FmpNQE--nnEQ,33.4527955,-112.0693177,16,[33.4527955,-112.0693177,33.4527955,-112.0693177],[26,127,11]
Zw-JuSpqwmrPFsu-FSOe0w,33.4366655,-111.9403254,6,[33.4366655,-111.9403254,33.4366655,-111.9403254],[285,185,11]
shiJ6J7xEhDCjqHdvs-jmA,33.581923,-112.2113682,6,[33.5521559,-112.257911,33.6116901,-112.1648254],[7,108,248,6,27,11]
xVw7Ni12S7L_m5h8zeTDXQ,33.457334,-112.064827,3,[33.457334,-112.064827,33.457334,-112.064827],[234,263,1]
paZP1AjZ_xElpNv81yWFkQ,33.469068,-112.0713845,4,[33.465462,-112.078017,33.472674,-112.064752],[7,108,27,24,11,63]
oqAFoJGn5sBCx8vsY8CG9A,33.407162416802,-111.91035657289,1,[33.407162416802,-111.91035657289,33.407162416802,-111.91035657289],[404,451,11]
IEu7uUTgY0eEcS6RWmdMjA,33.390792,-112.012504,10,[33.390792,-112.012504,33.390792,-112.012504],[99,246,7,119,139,24,17,423,11]
oEnCbjvRux-4pjMQBgFbGA,33.51554471676705,-112.065741299202,24,[33.3197988,-112.236716,33.7112906335341,-111.894766598404],[120,11,229,185,27,26,57,69,48,17,18,224,7,9,119,99,44,63,177,140]
cjmZWVN9KU-LAmo5AnG6_g,33.551369550000004,-111.99589555,10,[33.5030129,-112.065449,33.5997262,-111.9263421],[54,55,122,195,65,60,6,126,11]
6LnT4AVgJB5X459B6pEI6Q,33.595881,-112.134443,1,[33.595881,-112.134443,33.595881,-112.134443],[33,117,24,11]
SAvB-mCHMEaY5ezHOq8UXQ,33.487843,-112.048021,34,[33.487843,-112.048021,33.487843,-112.048021],[33,11]
MoDRk9CdkYKmxLeyhtUCww,33.41094615,-112.0212339,7,[33.3213204,-112.0741143,33.5005719,-111.9683535],[265,11,7,108]
hg6aYzPZJMj-K_fTZ-ccXQ,33.413704,-111.852178,6,[33.413704,-111.852178,33.413704,-111.852178],[28,17,29]
SJ0jwwsA-qvSa2Q5HmD-ew,33.50201,-111.9313599,37,[33.50201,-111.9313599,33.50201,-111.9313599],[265,11]
J8FYp-SmJ5uMd7euuB_gyg,33.51575085,-112.14244865,2,[33.3906697,-112.151282,33.640832,-112.1336153],[126,11,43]
aLQg0IezMqCOEQv_ux0Wlw,33.493947,-111.922301,36,[33.493947,-111.922301,33.493947,-111.922301],[28,17,29]
CRAmTOKIMtrEHTER9V_Rmg,33.5906121,-112.10035529999999,57,[33.5542912,-112.100731,33.626933,-112.0999796],[212,26,11,15,25,6]
11MRrvTYfYKmGegoaYJMaA,33.499922,-111.919818,34,[33.499922,-111.919818,33.499922,-111.919818],[26,39,11]
ztOwftlwb0v0dVfFO3pscw,33.509606,-112.013469,1,[33.509606,-112.013469,33.509606,-112.013469],[95,32,164]
GJrGPKF2xxB06Es6aH1VWg,33.553124499999996,-112.0082238,200,[33.427634,-112.1164816,33.678615,-111.899966],[26,127,11,7,142,38,48,39,28,17,18,29,99,126,97,6,45,65,148,204,49,368,41,373,182,119,307,212,43,63,27,400]
JNC3Znas1uMEvCe-gPrODw,33.4940659,-112.074398,1,[33.4940659,-112.074398,33.4940659,-112.074398],[44,97,11]
TnNLhOqjiZhjGvVg88jZJg,33.57175,-112.087812,1,[33.57175,-112.087812,33.57175,-112.087812],[71,72]
uLtmw0t-GvXUuIVRIVhotA,33.4075565,-111.9148069,38,[33.220295,-112.0739136,33.594818,-111.7557002],[33,11,309,285,27,63,74,24,99,44,126,97,54,242,195,65,7,139,416,36,89,10,117,224,177,140]
JkWyk-C1Qn6KyLk8CWYxGA,33.59531685,-111.92702514999999,7,[33.5808348,-111.9271921,33.6097989,-111.9268582],[11,63,33,48,307]
GqL4z_IDjJQk8LjZ9kJbXw,33.47524825,-112.00229435,6,[33.4471735,-112.0827581,33.503323,-111.9218306],[27,11,48,99,26,17,28,29,33,38,39,40,43]
2s47BLZNzhTFvv-Or0zjHQ,33.3642829,-111.9675751,9,[33.3058378,-111.9927062,33.422728,-111.942444],[27,11,43,38,168,298,88,39]
wR7mBuVtS3769oaimkPfqg,33.536066,-112.263551,5,[33.536066,-112.263551,33.536066,-112.263551],[7,48,47,11]
JsxdIbUxpr-Ps4Qn4iel4g,33.603506,-112.036383,22,[33.603506,-112.036383,33.603506,-112.036383],[11]
6aXFIR3-1pjk8UYz9Xw9zQ,33.4354553,-112.0739136,26,[33.4354553,-112.0739136,33.4354553,-112.0739136],[309,285,11]
rPScjzbwBSkOjvhZyLgbFQ,33.5244021,-112.12550415,5,[33.4724491,-112.1345686,33.5763551,-112.1164397],[26,11]
mEA3uoHY765kJFld7IF0eg,33.2618154,-111.8605436,4,[33.2618154,-111.8605436,33.2618154,-111.8605436],[24,11]
B2NBtdyPbE0LQ-62cU_j1g,33.4668303,-112.00100284999999,24,[33.4219869,-112.0653185,33.5116737,-111.9366872],[7,8,119,11,210,33]
SFpGhgL85C9Hs54FuXFaoQ,33.28801395,-112.05265904999999,32,[32.9479262,-112.7128951,33.6281017,-111.392423],[26,11,99,25,6,119,120,88,38,39,298,7,47,48,101,72,207,287,27,63,43]
8Uurh0nOJnDCyTiUi-WIBA,33.523984,-112.04698,75,[33.523984,-112.04698,33.523984,-112.04698],[265,11]
g2eSoE_py69TOx9xAp-D6A,33.6215679,-111.8971547,2,[33.6215679,-111.8971547,33.6215679,-111.8971547],[60,6]
GDs9jnBBln3KhU0teNsHDQ,33.50976045,-112.0717352,200,[33.5092039,-112.080548,33.510317,-112.0629224],[28,17,29,33,99,44,11]
5KF1Tdo0ZTwyvzpv6LLWUQ,33.5752467,-111.98164745,20,[33.4499,-112.0740398,33.7005934,-111.8892551],[168,265,11,26,27,63,24,38,48,39,182,140,33,117,224,7,36,8,247,137,139,177,17,62]
VLS54y-C_M1yYkoSfmhRSA,33.465349,-112.11496600000001,4,[33.378951,-112.263385,33.551747,-111.966547],[26,11,489,6,168,99]
upVt-iswNpakHy5_PvFOYw,33.515218,-112.048116,6,[33.515218,-112.048116,33.515218,-112.048116],[202,72,281]
YsUXr2UuO33n_2IIinjL0A,33.2618144,-111.8602742,2,[33.2618144,-111.8602742,33.2618144,-111.8602742],[177,11]
qb-NuV0kq_GARucKig8CAw,33.348162,-111.9819,6,[33.348162,-111.9819,33.348162,-111.9819],[26,11]
hUGvS1VegGC7hUSql6djfA,33.407765,-111.682463,18,[33.407765,-111.682463,33.407765,-111.682463],[178,17,49,28,29,11]
PAxZXAmTugQOtk8LtRMIaQ,33.2923226084605,-111.86765108740249,5,[33.263379216921,-111.911648,33.321266,-111.823654174805],[65,105,369,43,11]
xJlRN-VgIiItaXnUtnQ0SA,33.4556584,-112.0719926,19,[33.4556584,-112.0719926,33.4556584,-112.0719926],[38,181,39,40,11]
4Jqg1IrD6s_Z07Shfp1sQQ,33.498266650000005,-112.04866515,7,[33.4874748,-112.0830342,33.5090585,-112.0142961],[72,184,98,7,119,24,11,26]
GpW7VZnDXh4IyQjJSAlz8g,33.4085099,-111.8636319,7,[33.321864,-112.0010198,33.4951558,-111.726244],[224,11,98,7,292,24,108,119]
-v-5Gyw2C5g1Xcp3KNjq0g,33.448587,-112.071756,20,[33.448587,-112.071756,33.448587,-112.071756],[38,48,39,11]
3jSt1xaEdTKQtxbYVy7aZQ,33.480108349999995,-112.03299525,6,[33.4587437,-112.0775732,33.501473,-111.9884173],[49,54,242,82,59,13,6,22,35,182,48,140,11,7,162,119]
-fvPiSrXk-Bv79WYgWhx8Q,33.4655722,-112.0764977,1,[33.4655722,-112.0764977,33.4655722,-112.0764977],[123,65]
mKM45OEIdSJXc11u4VMt4A,33.578975400000004,-112.0467283,28,[33.5745059,-112.1164379,33.5834449,-111.9770187],[119,11,127]
SIiwS6eE1aYcfhinks59Vw,33.56473,-112.03355400000001,2,[33.509172,-112.088808,33.620288,-111.9783],[224,11,54,238]
kGgtqxFmkXSeQE6iiDnTwg,33.306173672397,-111.84682665739749,8,[33.2912857,-111.9697344,33.321061644794,-111.723918914795],[71,72,287,99,185,11]
B1xX6JLisfy79sXClSos1A,33.488788400000004,-111.85542412713,74,[33.3022462,-111.966547,33.6753306,-111.74430125426],[126,97,11,274,6,13,216,7,138,8,139,168,99,27,46,265,189,10,24,43,39,205,48,38,40,212,41,292,26,22,204,65,145,57,117,36,224,44,127]
7xdvRGaz6fIG6Uh4vPTe2g,33.421850649999996,-111.95093435,72,[33.4217923,-111.951184,33.421909,-111.9506847],[98,7,24,11,244]
BkbzJg2BFEdPwUfBdHfqTw,33.649456099999995,-111.94787785,10,[33.6239133,-111.9776027,33.6749989,-111.918153],[126,97,11,49,312,57,504,91,64,65,465,168,265,39]
pj-GcTlXX-r-lv8lwdmz4A,33.4564268,-112.0704276,1,[33.4564268,-112.0704276,33.4564268,-112.0704276],[126,97,11]
9ZDOA8v7YT8HJvYA8CYKCw,33.5134372,-111.99814889999999,3,[33.4151843,-112.1648254,33.6116901,-111.8314724],[10,24,11,54,55,266,122,256]
1ly_7CQ3_XJGu--G1OLUOw,33.47328775,-111.8887808,5,[33.4373518,-112.0593819,33.5092237,-111.7181797],[78,79,32,90,182,172,43,11,63]
YNBzi557pCvoNr-NaEvjtQ,33.365426,-111.704156,4,[33.365426,-111.704156,33.365426,-111.704156],[65,133]
9EWRL5g1FwSYqUydQgiJ_Q,33.494348650000006,-112.06947375,3,[33.4770236,-112.073629,33.5116737,-112.0653185],[109,38,48,39,11,210]
Lsygjb8x4QDIFOY6mbNmrg,33.4377465,-112.0114223,1,[33.4377465,-112.0114223,33.4377465,-112.0114223],[26,11]
0cj_8aqTEbAEYCj4rm2vng,33.3060543,-111.87806,1,[33.3060543,-111.87806,33.3060543,-111.87806],[49,80,59]
1pWmGw4Hqr2dRA2FToDwvQ,33.834554499999996,-112.2866247,13,[33.700033,-112.730548,33.969076,-111.8427014],[48,11,218,38,7,36,109,39,27,24]
9jC35p2K54Kfm2CqWKYAzQ,33.5266038,-111.924627,2,[33.5266038,-111.924627,33.5266038,-111.924627],[119,120,11]
OSgPbiTGuoqlCkaWgekjbg,33.443455150000005,-111.9533091063195,23,[33.2618154,-112.0649235,33.6250949,-111.841694712639],[38,26,39,11,251,333,65,133,7,108,24,27,63,71,72,177,140,340,47]
fyU2JcpcHiLaaygTdNdvcQ,33.538748,-112.064759,90,[33.538748,-112.064759,33.538748,-112.064759],[99,26,11]
-L3rbCIeDH6N0AVjXpAt6g,33.261388,-111.857235,1,[33.261388,-111.857235,33.261388,-111.857235],[7,142]
GCjitbgKJGcyuEQ4brZptQ,33.507854449999996,-111.92774915,19,[33.3370939,-111.979435,33.678615,-111.8760633],[99,11,251,26,126,97,27,177,140,10,24]
RbayAjQevX8ioDJr97xBmg,33.493422800000005,-112.0817147,45,[33.448587,-112.10608,33.5382586,-112.0573494],[65,133,38,48,39,11,212,63,97,98,7,108,24,99,28,17,29]
wpt8Iy4twZaghT7wzwqnow,33.4948091,-112.023489,4,[33.4948091,-112.023489,33.4948091,-112.023489],[38,39,40]
mYq8-BrNA6OVTXkFClH9yQ,33.415501,-111.837456,1,[33.415501,-111.837456,33.415501,-111.837456],[10,48,24,11]
tuM39GWeUfZvCvMJN5Y-PQ,33.47589105,-112.00343825,130,[33.449188,-112.0772,33.5025941,-111.9296765],[38,39,104,6,204,65,99,40,48,11]
y8ZCNq8HSGDSx7Vm-NYEOw,33.4808221,-111.98136205,200,[33.4194512,-112.0467981,33.542193,-111.915926],[48,11,46,6,28,271,17,29,30,13,265,126,97,45,7,142,47,170,8,38,88,39,99,128]
rI6j_9Hmy2z_gXNtquR4Lg,33.44019915,-112.12498845,175,[33.4292429,-112.3436915,33.4511554,-111.9062854],[113,6,116,168,11,41,26]
8yetSdiLgSkPFArBcNGWEA,33.4077946,-112.0171036,6,[33.3236472,-112.0791022,33.491942,-111.955105],[72,297,136,17,33,119,99,11]
EWueLXhGnCKdj4wFI4Py7A,33.43475,-112.00644,200,[33.43475,-112.00644,33.43475,-112.00644],[28,170]
FA9Vq-Bjez13OlxxkMRzWw,33.408568150981154,-111.917806,8,[33.3633494,-111.9275536,33.4537869019623,-111.9080584],[192,11,182,48,140,172,43]
lczLjHO7zIhrmSlOXI3ohg,33.568209854135304,-112.09318565,122,[33.4214126082706,-112.2618196,33.7150071,-111.9245517],[120,11,26,210,97,43,27,24,48,84,147,38,119,109,39,33,44,338,382,206,96,72,212,7,8,108,63,98,99,142,322,57,36,40,307,224,88,89,17,62,9,140,251]
aRjNSAd6bFPrOvaFIKRziA,33.3356179,-111.83771325000001,76,[33.2181007,-111.9893905,33.4531351,-111.686036],[27,11,296,38,128,39,88,298,26,99,251,126,97,7,292,142,313,33,48,47,177,140,98,10,9,224,43,8,28,17,29,64,123,65]
bLU-JK1dAmSnztxWgFjWCw,33.36251885,-111.89052285,26,[33.303233,-111.991311,33.4218047,-111.7897347],[149,11,177,140,192,109,38,39,63,89,7,137,8,139,212,26,43,99,185,33,48,47,218,41,119,44]
h2j2B7Jif_0lW0H6FgqGow,33.5613590511645,-111.93627153103,200,[33.5160662,-112.029562,33.606651902329,-111.84298106206],[322,28,57,190,161,65,17,29]
yVovUSzS8lVh69vN8pAiLg,33.4939313,-111.9256266,1,[33.4939313,-111.9256266,33.4939313,-111.9256266],[185,11]
HRdAIUqaP5fgPnB7VikYlw,33.32164935,-111.7931331,6,[33.3086797,-111.84268,33.334619,-111.7435862],[27,11,340,201]
xUqrfVqJ_vewMKngZU0v5Q,33.6781279726121,-111.88685065,23,[33.5229446452242,-111.9387279,33.8333113,-111.8349734],[410,307,172,11,49,50,52,224,48,126,97,233,193,59,7,142,192,65,133]
xzo04PmYlNf4NgYtTuuYsg,33.52448895,-111.9843858,37,[33.5011424,-112.0474569,33.5478355,-111.9213147],[28,17,18,29]
3hOvf2OGhjSAojDLrd0DTw,33.4962205,-111.9641728,2,[33.4962205,-111.9641728,33.4962205,-111.9641728],[136,17,79]
dcnF32yAftn6onyLIPuLZw,33.40382785,-111.966205,9,[33.3059968,-112.04725,33.5016589,-111.88516],[119,120,11,7,8,201,63,27,1,301,32,302]
rAAgOfBRswWzbBhcmyyUMA,33.5748593,-112.1785455,11,[33.5383156,-112.236825,33.611403,-112.120266],[7,142,11,63,97,98,49,50,52,108,229,18,62,194,17,33,138,8,139]
UgMgxn3JJCFQIhzc-L_7Cw,33.2851939715441,-111.796875,5,[33.2851939715441,-111.796875,33.2851939715441,-111.796875],[6,112,152,17,111,246,113]
SZFm821inc0s5HIgyeZouQ,33.4576736494098,-112.0329309998835,3,[33.451249,-112.073568999767,33.4640982988196,-111.992293],[212,97,11,28,17,29]
2LZNE87dqxcn-TU5u5UKdg,33.43475,-112.00644,200,[33.43475,-112.00644,33.43475,-112.00644],[28,170]
I4apI0I5dmDZtNsCCoACxA,33.4960516,-111.9303102,13,[33.4960516,-111.9303102,33.4960516,-111.9303102],[119,11]
qlBs17Iq8vPWnxsObC-ilQ,33.5955528,-112.1199995,8,[33.5955528,-112.1199995,33.5955528,-112.1199995],[218,11]
bmDivXQy-KB4_dPIS9ZA8w,33.478964399999995,-111.9363715,67,[33.31081,-112.100731,33.6471188,-111.772012],[11,63,26,224,212,48,13,6,115,372,39,99,38,7,157,103,137,139,27,168,181,229,15,191,126,97,36,8,247,177,140,109,225,33,44,142,28,442,241,119,24,303,17,108,98,10,128,120]
OmnXoXdLsXhOVHQCDX_nAw,33.5469612,-111.89096359999999,18,[33.4217923,-111.951184,33.6721301,-111.8307432],[33,11,206,7,9,119,10,24,44,265,48,27,139,36,142,98,38,99,39,129,278,79,104,161,167,65,57,69]
KopORxqXO42T-pKeR6yRiA,33.4117363,-111.9696301,10,[33.4117363,-111.9696301,33.4117363,-111.9696301],[28,17,29]
VWcaFOSFcDwmFquycBzFyQ,33.3524632,-111.7711171,9,[33.2631834,-111.8575939,33.441743,-111.6846403],[227,32,61,13,6,224,11]
9ZWAR-hqA6kSaHPnBGC9hQ,33.5105079,-112.02124845,2,[33.5097768,-112.046757,33.511239,-111.9957399],[26,11,38,48,39]
-h-Bq7NL14KD2O6l3ddHTw,33.5097951,-111.9956764,5,[33.5097951,-111.9956764,33.5097951,-111.9956764],[38,99,39,11]
aXqZAZPmn5McTHRJH2BQzQ,33.51616885,-111.9893616,200,[33.401137,-112.2948244,33.6312007,-111.6838988],[13,6,112,22,151,12,49,18,51,17,322,28,57,190,38,99,39,128,185,11,327,387,61,35,70,76,333,63,101,88,40,48,168,26,181,229]
yeSRxEDtWpdI1Oc2TsX3xw,33.453404500000005,-112.07384880000001,11,[33.4504828,-112.0739897,33.4563262,-112.0737079],[28,17,29,7,36,8]
B7mOEA-S2acoo1S4t8wZ-Q,33.59095515,-112.03749085,37,[33.377663,-112.1706789,33.8042473,-111.9043028],[285,185,11,99,126,97,172,192,27,26,177,57,91,43,224,7,6,45,65,148,204,14,15,38,273,39,128,49,447,13,4,5,425,160,140]
-ezIxSw-wSBg7cNwjjb3cg,33.50298615,-111.98787425,13,[33.3059393,-112.0872865,33.700033,-111.888462],[63,27,11,26,43,41,361]
7V6K_8HyTwCmOXiETU43uw,33.4516715,-112.0733143,34,[33.4516715,-112.0733143,33.4516715,-112.0733143],[48,11]
IjdnUSoCiYUlGXYdYHx4gg,33.42503345,-111.9351283,34,[33.4131763,-111.94373,33.4368906,-111.9265266],[57,39,145,33,11]
iwCVtMyoT6uasv8SslzoOQ,33.432289100000006,-112.128221,7,[33.378951,-112.289895,33.4856272,-111.966547],[177,500,140,192,11,27,168,99]
fr0Dq7cdZmLLaIoqEHIlrw,33.6274832,-112.2057259,4,[33.610777,-112.2273134,33.6441894,-112.1841384],[43,11,7,142,119,99]
UYRK47NZDKkywuZ-UHcnqQ,33.4005345,-111.93933849999999,5,[33.304894,-112.020561,33.496175,-111.858116],[251,11,63,219,218]
_7g0K2fDeQmIxnxOd93LCQ,33.4549678,-112.0791022,14,[33.4549678,-112.0791022,33.4549678,-112.0791022],[33,119,99,11]
P_ynaVmH7FGbd_NAoL4opw,33.477933965703,-112.07352364174,2,[33.477933965703,-112.07352364174,33.477933965703,-112.07352364174],[224,11]
k7lKu0DYaMngcn9XW7yibA,33.5879473,-112.1164668,12,[33.5879473,-112.1164668,33.5879473,-112.1164668],[168,169,11]
-trQp2N0JloIJ7wfMfKtgA,33.47388791376755,-111.956674431885,38,[33.425824,-111.97437286377,33.5219518275351,-111.938976],[49,445,66,52,28,17,29]
SjzJy3MooULeT_AyQIa1ig,33.46199035,-112.3175957,5,[33.430535,-112.345359,33.4934457,-112.2898324],[104,161,195,65,72,207,129,78,278,79]
lE-kuKj1KaSSamkFyAEJxw,33.4796515,-111.95422310000001,6,[33.4791,-111.9825532,33.480203,-111.925893],[26,11]
GL3UjRC5MLcs5bbLMm7N9w,33.5102068,-112.0272041,5,[33.5102068,-112.0272041,33.5102068,-112.0272041],[48,11]
b_ubCK4g1uEPTBEmwHPprw,33.4874748,-112.0830342,44,[33.4874748,-112.0830342,33.4874748,-112.0830342],[26,11]
4W0dqIJRlsIgC4fCtAZZOA,33.58876395,-112.1411689,3,[33.539204,-112.2199858,33.6383239,-112.062352],[99,41,11]
1t4hxOeOyRXUgCiu7JvxFg,33.40724715,-111.89788175,55,[33.348908,-111.942444,33.4655863,-111.8533195],[63,27,11,7,24,47,49,80,59,38,168,298,88,39,449,48,26]
tzqB7mMLboWeH2Y7UmId_Q,33.50736405,-111.9954281,36,[33.5024095,-111.9955012,33.5123186,-111.995355],[119,99,11,7,8]
nrGEjpGtWlca5EjVViXFAg,33.43475,-112.00644,200,[33.43475,-112.00644,33.43475,-112.00644],[28,170]
4IY-nUQAcpGFICBh1GK3Yw,33.5303687,-111.8949203,4,[33.4593954,-112.0742496,33.601342,-111.715591],[7,108]
7tH2lTxCuV9B1h44W5DgKA,33.5222185,-111.9595033,1,[33.5222185,-111.9595033,33.5222185,-111.9595033],[48,11]
AWTv37Rg4YBfXN6wUbSHvA,33.4659387,-112.0223502,2,[33.4659387,-112.0223502,33.4659387,-112.0223502],[71,72]
vAWAJhMe3nHXSTQew3N4wA,33.4303465,-111.9964905,4,[33.394393,-112.0477,33.4663,-111.945281],[26,11,71,72,297]
fUhTCHf1vHE-KOybBcfyOg,33.5613305286892,-112.1714439184965,12,[33.4566960573784,-112.2705607,33.665965,-112.072327136993],[33,11,7,138,8,139,63,43,202,72,119]
VF1zGpB1h5e3aoRIPE4llg,33.36145500000001,-111.90421549999999,200,[33.304492,-111.967861,33.418418,-111.84057],[38,26,39,11,127,212,43,182,48,140]
Uh_NwYyqyI9jhyOTa0tF4g,33.43475,-112.00644,1,[33.43475,-112.00644,33.43475,-112.00644],[28,170]
ekDMbw7C2EId6G4j5QTwmA,33.4246115,-111.933507,5,[33.390352,-112.077177,33.458871,-111.789837],[11,206,63,7,142]
Ce2iRvcUWljeWZpiLbcizw,33.470043950000004,-111.9567722184965,19,[33.3055833,-112.072327136993,33.6345046,-111.8412173],[38,99,39,40,11,212,126,48,149,265,97,7,142,162,43,109,63,244,108,119]
uizHf6WEhj6Wb1zg8LPeyA,33.56970325,-112.0034768,14,[33.4673017,-112.1164668,33.6721048,-111.8904868],[322,57,48,39,205,11,38,40,84,339,109,99,126,168,169,26,127,88,298,97]
kDLEelN_Haz2rJcygeXzcg,33.211671,-111.684707,2,[33.211671,-111.684707,33.211671,-111.684707],[165,32,95]
uLP83_gDZYJDOk_wJy5mcw,33.379553,-111.929601,1,[33.379553,-111.929601,33.379553,-111.929601],[7,137,8,139]
gwBmKjbUQbGdvpJJmUXzOg,33.479508,-112.074206,1,[33.479508,-112.074206,33.479508,-112.074206],[74,24,11]
0Kr2rBRE0_hIPpl7fRh_Ww,33.6071829,-111.9403254,2,[33.6071829,-111.9403254,33.6071829,-111.9403254],[210,11]
nYzUbD84BATuZCGCxnXsbg,33.58110885,-112.12272485,15,[33.449233,-112.2029357,33.7129847,-112.042514],[27,11,26,322,57,7,8,117,63,99]
4fO_fQerfByBA7moKf5qpg,33.407765,-111.682463,62,[33.407765,-111.682463,33.407765,-111.682463],[178,17,49,28,29,11]
k835eqLAjdTXb4-Q1Clcyg,33.616418,-111.92631,45,[33.616418,-111.92631,33.616418,-111.92631],[265,126,97,11]
gyT87T0OC8nbrxnhP1KCpg,33.64126355,-112.0410865,21,[33.5024095,-112.192542,33.7801176,-111.889631],[27,11,98,7,24,63,33,44,8,46,6,99,119,117,265,112,248,118,48,307,212,43,30,13,45]
7T3Kb_psbxc9v0WS1Dlg8Q,33.410941,-111.92537949999999,8,[33.39238,-111.951494,33.429502,-111.899265],[99,48,296,11,88,38,39,89,92,15,6,101,33,128,7,189,10,24,71,72]
pwAEXsgHRLSKllCywk2Y2g,33.330835,-111.792282,1,[33.330835,-111.792282,33.330835,-111.792282],[98,7,292]
tcg9Ws7r9-GZggPM34E9lg,33.6398763,-112.2328389,1,[33.6398763,-112.2328389,33.6398763,-112.2328389],[6,72,345,35,282,264]
mEZzbBckqrjYeYzmWGwtXA,33.4741375,-112.0649666,1,[33.4741375,-112.0649666,33.4741375,-112.0649666],[119,201,11]
cSyqeP4wbFy6aekQDlHI9w,33.61699365,-112.03064895,30,[33.390792,-112.1347619,33.8431953,-111.926536],[109,38,48,39,11,475,140,40,27,63,24,7,449,97]
BV8c4QZEzvPWA00ZqJp-jQ,33.52293385,-112.16738455,200,[33.379643,-112.5016551,33.6662247,-111.833114],[7,108,27,48,47,11,26,119,39,439,49,28,506,52,265,340,57,56,17,18,97,33,44,12,13,6,99,120,177,140,41,142,149,182,112,151,292,24,72,184,322,63,489,327,38,210,69,106,54,226,368,168,181,229,193,59,185,46,382,126,146,109,10,145,88,298,194,8,64,65,113,169,98,201,96,105]
ScwPKOPo32-8CxFsNgz43w,33.579076,-111.767128,1,[33.579076,-111.767128,33.579076,-111.767128],[49,178]
C9tCsaYVHdMcQeACECXDCA,33.4856697,-111.96944095,200,[33.4253394,-112.0146407,33.546,-111.9242412],[98,7,108,38,39,40,33,11,145,57,205,313,465,119,120]
7EMJ_tEKCQnJEFctQAi83w,33.4151389,-111.95470499999999,100,[33.4075498,-111.957916,33.422728,-111.951494],[88,38,39,89,11,26]
S0MBpc6GrO2mftwMmD1J3Q,33.499318,-111.927164,94,[33.499318,-111.927164,33.499318,-111.927164],[7,36,142]
nV9GA5kn9e0aO6K8J594gg,33.52613755,-111.93217569999999,5,[33.426351,-111.940137,33.6259241,-111.9242144],[48,39,205,11,38,99]
yG-zUhicaKm-53uoAq4Z3A,33.57638765,-111.93822845,18,[33.479793,-111.985982,33.6729823,-111.8904749],[38,11,99,128,39,65,133,119,26,109,27,63,210,127,43]
zcDdYtVnnKs8NXpqYTxhtw,33.5903698,-112.1728283,2,[33.5903698,-112.1728283,33.5903698,-112.1728283],[129,278,79]
OHMHTKAnTYzNeC-49Ar7Ig,33.5061904385714,-111.926436424255,3,[33.5061904385714,-111.926436424255,33.5061904385714,-111.926436424255],[48,11]
4CJGQajGdc8JwFneADetcQ,33.403689,-111.981986,200,[33.403689,-111.981986,33.403689,-111.981986],[7,292]
96S00jZMwbtLF5V-f4Sm-w,33.683226,-112.092802,3,[33.683226,-112.092802,33.683226,-112.092802],[185,11]
PUqYJowmnc0MorC0M-EbnA,33.5463079,-112.20718785,11,[33.5132266,-112.2948244,33.5793892,-112.1195513],[57,327,28,17,29]
-FxraHMHSNIaxoI_f53PvQ,33.308002413189,-111.742648948645,4,[33.307325126378,-111.7435862,33.3086797,-111.74171169729],[265,11,27]
4sgxfhGwXg3OGzrxRjqDcQ,33.46635895,-111.92241544999999,3,[33.4643259,-111.9263529,33.468392,-111.918478],[7,108,112,6,21]
SFg1N9gammyBaNUdwLP_1Q,33.4243661,-112.0518755,200,[33.3207722,-112.2641158,33.52796,-111.8396352],[7,8,6,45,57,327]
YsPHo66GRcnM1c_FZ4eaVQ,33.380516,-111.724395,1,[33.380516,-111.724395,33.380516,-111.724395],[11,63]
P7tY6x4uDIRMgA1v_xsWmg,33.416079444079,-111.93157331141501,22,[33.3184617,-112.07341192283,33.513697188158,-111.7897347],[109,38,11,39,63,182,48,140,212,43]
14VfoAR-w0Rqzg3qRIFTeg,33.55601115,-112.14186090000001,4,[33.5007817,-112.25351,33.6112406,-112.0302118],[26,11,32,95,222,38,48,128,39,43]
jBuU4lovzxnHU64CAPM6xw,33.4504795,-111.90094429999999,5,[33.334712,-111.9270986,33.566247,-111.87479],[48,11,10,24,63]
ueJwEDX429fsx4BL44U_KA,33.36649846595405,-112.021531178705,24,[33.2815660319081,-112.0701057,33.4514309,-111.97295665741],[57,145,258,39,28,17,29,48,11,327]
poO1yHdmNgADwiZ6A6JNcg,33.58345815,-111.92582150000001,4,[33.5828014,-111.9258843,33.5841149,-111.9257587],[10,24,11,7,142]
uKX_hIbmL2FOzuq_Q-2aCw,33.5222185,-111.9595033,2,[33.5222185,-111.9595033,33.5222185,-111.9595033],[48,11]
qQQM-E2-7M1Nq52RCFnU8Q,33.407162416802,-111.91035657289,1,[33.407162416802,-111.91035657289,33.407162416802,-111.91035657289],[404,451,11]
ZotGevNk4V3F8KkX6XwVyg,33.4651146,-112.0044774930695,3,[33.420571,-112.0987501,33.5096582,-111.910204886139],[38,168,298,88,39,11,71,72,14,15,16,6]
DD2MOJHIkclv2gTnPPIeNw,33.969064,-112.728991,2,[33.969064,-112.728991,33.969064,-112.728991],[185,11]
2FaFQuAfr0W1h7iLbg5crQ,33.512839799999995,-112.0119105,64,[33.426368,-112.0839659,33.5993116,-111.9398551],[33,44,11,39,298,57,145,88,38,99]
Mu44KDbL8XcRsAJm91J2hA,33.662594,-112.030244,4,[33.662594,-112.030244,33.662594,-112.030244],[175,129,79]
zmtENCaj1FK1gI3wOozYlQ,33.4471735,-112.073781,72,[33.4471735,-112.073781,33.4471735,-112.073781],[48,11]
de5kniapGiGBCkSuF_NwvA,33.51830755,-111.9129638,3,[33.480537,-111.9272212,33.5560781,-111.8987064],[109,38,11,39,440,71,72,26,127]
ZfzyGqVCHtCsW_Ui9jitLQ,33.49727095,-112.10021125,16,[33.4646366,-112.2739855,33.5299053,-111.926437],[7,138,139,265,11,483,63,48]
SafEmUyS-om6w2J-khTHaw,33.624638,-111.930343,63,[33.624638,-111.930343,33.624638,-111.930343],[168,48,229,11]
VYCjTIWP3EdnesILCyXVjw,33.6325425,-111.9211471,1,[33.6325425,-111.9211471,33.6325425,-111.9211471],[434,103]
KtWDhpMJ7dO2zG6htJHfuQ,33.377398,-111.959116,200,[33.377398,-111.959116,33.377398,-111.959116],[28,17,18,29]
v3kG6bBzkmXEYKCgcRbYZQ,33.40356865,-111.9595879,6,[33.3021074,-112.0823438,33.5050299,-111.836832],[224,11,251,7,49,108,193,59,57,39,145]
ikpyA3W-9wZ_kGZB3Ndz4g,33.4860023,-111.9264164,7,[33.4860023,-111.9264164,33.4860023,-111.9264164],[33,119,11]
g2ihR0ZFKCEnKB7YPviuJQ,33.45174705,-111.8581483,23,[33.2762703,-112.0289706,33.6272238,-111.687326],[33,11,109,38,48,39,30,13,6,89,99,63,224,126,97,24,26,71,72,297,127,7,47,168,88,32,130,35,208,264,155,54,156,227,41,65,114,204,12]
cKp6bWoTFoFLLOipxPgzAQ,33.432297500000004,-111.98228975,76,[33.330411,-112.174034,33.534184,-111.7905455],[224,11,123,65,38,26,39,119,99]
FNelRmiOrw4P2sfNME2Qhw,33.5450295,-111.945381133354,6,[33.492443,-111.982876,33.597616,-111.907886266708],[7,139,62,416,17,157,103,49,50,52,248,6,322,57,146]
D4xQ2OZd22T7o8RzXPLVkA,33.5853131,-111.9268725,1,[33.5853131,-111.9268725,33.5853131,-111.9268725],[173,6,112]
rdwqDILAK4Uud9z5XQb4TA,33.590788,-111.786678,1,[33.590788,-111.786678,33.590788,-111.786678],[129,278,79]
1Q_8qRnuIsu9xMElnVg3RA,33.4356882,-111.8153347,1,[33.4356882,-111.8153347,33.4356882,-111.8153347],[44,27,11]
1nlUwAqmTI4LVye9RJsT5g,33.364035099999995,-111.8121668,19,[33.3022462,-111.938976,33.425824,-111.6853576],[7,108,57,27,39,145,11,46,6,28,17,29,251,185,126,373,97,239]
acEb_NmXCFLSxAp55aCmig,33.54069105,-111.93190440000001,10,[33.494205,-111.9641728,33.5871771,-111.899636],[119,11,7,47,48,201,26]
t2JrmZXFcg0jB7jLP-rbIQ,33.399453750000006,-111.97206825,7,[33.277061,-112.0835575,33.5218465,-111.860579],[177,140,11,210,99,185,6,70,35,76]
Cxt0n_IohFGXncyomAEv0Q,33.367760450000006,-111.96130125,14,[33.2333299,-112.0800705,33.502191,-111.842532],[63,27,11,24,7,33,48,47,313,109,38,39,177,140,98,119,223,108,172]
GJkQ5akpFPQtxzl1qlmx9w,33.585814549999995,-112.07980625,27,[33.499499,-112.2691041,33.6721301,-111.8905084],[109,38,265,39,11,48,206]
C6IOtaaYdLIT5fWd7ZYIuA,33.60920965,-112.2016514,200,[33.3459373,-112.613772,33.872482,-111.7895308],[26,11,44,212,33,99,177,140,38,48,39,185,7,194,239,142,127,265,98,224,168,169,202,72,9,10,184,269,57,69,117,327,97,41,43,138,139,120,63,27,62,17,24,74,296,162,292,128,298,145,192,101,6,200,40,91,182,172,49,304,146,51,312,15,25,8,45,96,387,108,28,442,241,210,144,218,29,201,46,13,30,18,130,32,54,119,60,361,123,65,205,67,68,36,307,404,251,232,181,141,148,154,465,84,147,285,110,293,364,35,394,395,126]
TyAG3K--fCEUGTDYqxjTug,33.3919202,-111.8920275,2,[33.3919202,-111.8920275,33.3919202,-111.8920275],[10,11]
FgP51qMbegiC2JUgCZG55w,33.746860999999996,-112.05560109999999,3,[33.662248,-112.1883568,33.831474,-111.9228454],[11,63,109,38,39,48]
1s7A72S-oAV8OKF0y5e08g,33.64688625,-111.94069345,13,[33.6151575,-111.9746066,33.678615,-111.9067803],[126,11,127,6,345,84,346,141,23,7,99,47]
MKVQ-jF5h1XZLCfvCsysJQ,33.435146,-111.998367,6,[33.435146,-111.998367,33.435146,-111.998367],[119,38,99,39,11]
JFgO75_-MC18-_s0lAO5Vg,33.6455682097528,-111.917118430138,1,[33.6455682097528,-111.917118430138,33.6455682097528,-111.917118430138],[28,158,17,29]
f9StFYe93mhSDX2DxaPPvQ,33.456800650000005,-111.92640365,19,[33.4145027,-111.926895,33.4990986,-111.9259123],[38,265,39,11,99]
EUDt8THIXnHfdToVpgC3SQ,33.538154,-111.924569,9,[33.538154,-111.924569,33.538154,-111.924569],[49,322,57,146,52]
fWrM8m7TNzDQk8E-RKJzTg,33.306896,-111.752395,1,[33.306896,-111.752395,33.306896,-111.752395],[126,48,11]
ehXhYI8RAYZN5vCPKonI_g,33.331773,-111.978279,11,[33.331773,-111.978279,33.331773,-111.978279],[126,97,11]
oXfYJxOBZXkl0ZP-TK7yww,33.492335,-111.9236549,1,[33.492335,-111.9236549,33.492335,-111.9236549],[38,99,39,40,11]
xs9VU7p63irOWRddbK_Giw,33.469224600000004,-112.0330937,200,[33.3771903,-112.1156244,33.5612589,-111.950563],[28,17,29,26,11,43,224,48,185]
T7QG8ge2ukcfvEosSkg8yA,33.5391744,-111.9092448166845,10,[33.3997,-112.030189633369,33.6786488,-111.7883],[161,105,195,65,84,339,106,54,226,129,78,278,79,112,6,254,371,38,11,39,27,128,63,32,95,222,127]
Dan6h-F15Zmos_KGTpJ0Sw,33.491426,-111.62283,4,[33.491426,-111.62283,33.491426,-111.62283],[49,447]
mmu79JxZ6i8bHOpmTv-Bzw,33.5997853,-111.9869486,1,[33.5997853,-111.9869486,33.5997853,-111.9869486],[119,201,99,11]
lBFyNgTUzqC0UsXJqO3p5A,33.6239817,-112.4159659,1,[33.6239817,-112.4159659,33.6239817,-112.4159659],[43,11]
zigHnwA0FSGPGUE59lLFzA,33.46608705,-112.01800155000001,24,[33.422728,-112.1091081,33.5094461,-111.926895],[11,48,88,38,39,89,205,40,84,345,6,346,26,27,63,113,116,112,151,177,140,99,307,172]
Wce0CIYI-8bns5ZYvgMpSQ,33.6222859533147,-111.904171575451,3,[33.6222859533147,-111.904171575451,33.6222859533147,-111.904171575451],[218,41,323,11]
azYWHRRaOLmTspg__QHZhw,33.483281,-111.926895,8,[33.483281,-111.926895,33.483281,-111.926895],[63,27,11]
ZM_0RCRG6BPYqtOT6hbHZQ,33.6377604649113,-112.222988944892,6,[33.6377604649113,-112.222988944892,33.6377604649113,-112.222988944892],[201,11]
dxPBchN0OnHTENctEUm7NQ,33.5401363,-111.9342042,30,[33.4498179,-111.9477654,33.6304547,-111.920643],[57,327,177,140,11,99,49,312,504,91,470,145,39]
ayXTZqaRdXE9lTYKEgOKmQ,33.5020636,-111.92689899999999,200,[33.5019817,-111.9295381,33.5021455,-111.9242599],[28,17,29,161,65,99,48,11]
WgSrhWePZsw2X8s0Nrtjrg,33.4948853,-112.0455993,200,[33.4948853,-112.0455993,33.4948853,-112.0455993],[185,11]
KoRfqe3UAbJzzVDnXsMC4w,33.468577,-111.703265,1,[33.468577,-111.703265,33.468577,-111.703265],[11,63]
891_RDdfwKQYulBkEY_CcA,33.45087185,-111.991986,13,[33.406846,-112.07643,33.4948977,-111.907542],[38,143,39,293,101,11,84,147,27]
V6Kay5M_Cc8Q3i38GZd6HA,33.5020036165904,-111.928035020828,1,[33.5020036165904,-111.928035020828,33.5020036165904,-111.928035020828],[168,99,11]
mWUlggidehFpiTHm3s33WA,33.55041305,-111.9985638,4,[33.4548476,-112.0800705,33.6459785,-111.9170571],[33,265,11,63,27,24]
UE1rAqpSuAt9P4WO0BKouA,33.37066235,-111.95218270000001,80,[33.3065747,-112.00644,33.43475,-111.8979254],[28,170,17,29]
4hIgSKVFrstym0E2SEzL-g,33.53783675,-112.1613998,36,[33.5093547,-112.2526443,33.5663188,-112.0701553],[26,11,27]
16teulj6eqktkWLzNbBxQQ,33.4952029,-112.026325,1,[33.4952029,-112.026325,33.4952029,-112.026325],[61,13,6]
p_NNA0vg4_2E-BkUMv5vrg,33.6794048,-111.96675375,200,[33.6753306,-111.9701346,33.683479,-111.9633729],[161,65,168,265,11,28,29,17,38,48,39,40]
fujhXlqehfYFd89cj0fagg,33.5754756,-112.0651766,1,[33.5754756,-112.0651766,33.5754756,-112.0651766],[38,48,39,40,11]
ur1nv0uQf6lyiN5zs5ndPg,33.5219518275351,-111.97437286377,5,[33.5219518275351,-111.97437286377,33.5219518275351,-111.97437286377],[49,445,66,52]
G9HDb4DCGHmcny9yp-tucA,33.3098443,-111.6691804,200,[33.3098443,-111.6691804,33.3098443,-111.6691804],[28,170]
YCuOVfQKBtVOuMiBQq-tPw,33.393642,-111.8533195,1,[33.393642,-111.8533195,33.393642,-111.8533195],[88,298,39,38,11]
hmP9uNSk4-QepOoSwy5pKQ,33.5123186,-111.995355,13,[33.5123186,-111.995355,33.5123186,-111.995355],[119,99,11]
bwPaqC08ddUoq-zminI3bw,33.51315,-112.073765,6,[33.51315,-112.073765,33.51315,-112.073765],[11,63]
947yfU4LXI8gzt_pDp16rQ,33.2748213,-111.8602154,8,[33.2748213,-111.8602154,33.2748213,-111.8602154],[43,11]
oinfOC3bY_o-Sdor2kv54A,33.583142,-111.927321,1,[33.583142,-111.927321,33.583142,-111.927321],[27,11]
kom_byw9fPdVzw7Mw_C4HQ,33.541370454057954,-111.86725982548501,162,[33.2125748081159,-112.1512485,33.8701661,-111.58327115097],[89,11,48,7,63,62,17,185,43,190,28,140,10,24,177,475,292,99,33,38,39,142,119,6,45,65,148,204,36,44,108,27,26,210,377]
9qCPmT6ovJjxL4tJB4ANCg,33.443615550000004,-112.03161710949999,200,[33.2475,-112.2707018,33.6397311,-111.792532419],[119,99,11,182,48,140,7,142,32,95,222,28,17,29,38,273,39,128,6,250,109,27,265,30,13,33,57,69,56,117,96,72,181,311,26,192,110,88,24,43,63,8,10,44,49,18,51,146,341,177,98,9,465,145,185,224,126,97,91,15,191,327,202,281,269,210,47,89,41,400,451,209,120,205,40,206,71,189,127,64,65,36,137,139,77,35,76,45,292,309,285,129,121,79]
jw-nOsOrggqa-pn85phiIw,33.403007,-111.795856,2,[33.403007,-111.795856,33.403007,-111.795856],[37,32]
P76rGiA9YbhiNWfcVVLEYg,33.434514603047,-111.86578907694,1,[33.434514603047,-111.86578907694,33.434514603047,-111.86578907694],[99,11]
yOrd1fWLuHSdAaGSAje1Hg,33.50635275,-112.01106105,65,[33.5024987,-112.0962274,33.5102068,-111.9258947],[7,292,142,251,11,99,48]
FSmulR3l8XsBSmW8xFK8ng,33.4548476,-112.0800705,14,[33.4548476,-112.0800705,33.4548476,-112.0800705],[63,27,24,11]
f9Jffqh_4ghH4iDplRITUA,33.4787943,-112.0478085,200,[33.4787943,-112.0478085,33.4787943,-112.0478085],[26,11]
f81WLc7-3tyTCuKk0UaTsw,33.5839581,-111.9788671,2,[33.5839581,-111.9788671,33.5839581,-111.9788671],[182,218,307,11]
T1cnA8axSo4ISN8Gjm_G9Q,33.5188942,-112.13291140000001,10,[33.4862787,-112.3556173,33.5515097,-111.9102055],[109,38,265,39,11,7,47,48,27,63,119,49,28,178,17,29]
wAOi_QXykJUnuxGBQGwJyw,33.6992243,-111.9229794,1,[33.6992243,-111.9229794,33.6992243,-111.9229794],[161,65]
RQy_AQbiHtgTlOlKGspkvg,33.5102068,-112.0272041,3,[33.5102068,-112.0272041,33.5102068,-112.0272041],[48,11]
mRO7YbJ_pHKcbUDmEgC3dQ,33.600806,-112.16563,2,[33.578533,-112.178903,33.623079,-112.152357],[149,11,224]
X1nTlg9in3_Ch8QR8Hx4lg,33.548757499999994,-112.0995227,18,[33.458341,-112.198912,33.639174,-112.0001334],[212,63,97,11,7,142,108,292,109,38,39,6,45,65,148,204,33,99,44,430,87,119,26,92,15,284,35,126,43]
pZT6rvA3KTDtpaTKOg3yqw,33.458871,-112.077177,2,[33.458871,-112.077177,33.458871,-112.077177],[11,206,63]
oXuf9ZYDv2x_cjTo6E4q9A,33.4492,-112.0696,17,[33.4492,-112.0696,33.4492,-112.0696],[28,17,29]
B7VtyrGlLC43FcGQUmNgwQ,33.40442815,-112.01308374999999,30,[33.3058378,-112.0999,33.5030185,-111.9262675],[28,240,241,126,11,251,26]
SyUvvbjNVwz2rTYOwiCWEg,33.453287016969,-111.9260663924,1,[33.453287016969,-111.9260663924,33.453287016969,-111.9260663924],[38,145,57,205,101,39]
89ukvrRTIRGPTwmJAnPZQg,33.6413905,-112.1238183,15,[33.5675047,-112.2690576,33.7152763,-111.978579],[63,27,11,33,97,7,9,10,96,72,99,43,71,117,8,6,45,48,108,57,24]
MzwZVuWONTeAlileSAAqLA,33.4802266,-112.05502025,3,[33.421874,-112.2605395,33.5385792,-111.849501],[168,11,44,144]
FYQ7B_Sy6xR6kpihnJuL0w,33.415138850000005,-111.7583596,7,[33.0314508,-112.1293761,33.7988269,-111.3873431],[49,168,11,7,10,9]
kxVaEO6XWmaOyiqzobiHSg,33.623757049999995,-112.03213975,8,[33.377348,-112.1512485,33.8701661,-111.913031],[27,11,7,24,47,26,192,224,177,140]
07QrlEBAY9bp7ivPl3_tDw,33.4409332,-111.97397244999999,200,[33.4287313,-112.00644,33.4531351,-111.9415049],[28,170,17,29,342,240,241]
oV_YMdqn7bQwdiSgb0FVOQ,33.620562,-111.8963279,5,[33.620562,-111.8963279,33.620562,-111.8963279],[104,161,167,65]
dLEJMRotasXyr2yNqgvFuQ,33.377017022397,-111.8141108573975,45,[33.321061644794,-111.9043028,33.4329724,-111.723918914795],[212,361,11,99]
mSSdobCN-0ubSmC9Ykh9-g,33.5670375,-111.9184649,200,[33.5670375,-111.9184649,33.5670375,-111.9184649],[28,158,17,29]
6vEntAZ8ZkH358EufNXbpQ,33.5486316207369,-111.941075,76,[33.421909,-111.973603,33.6753542414738,-111.908547],[168,265,11,99,7,142,185,352,48,244,10,24]
FP2Jpnbm5g8eTDPkBCZnLw,33.5086952779617,-111.927080154419,1,[33.5086952779617,-111.927080154419,33.5086952779617,-111.927080154419],[99,11]
0DZqGa_2oACXLTPlYRMiqA,33.640162,-111.961383,1,[33.640162,-111.961383,33.640162,-111.961383],[129,78,278,79]
QmacfXgllIauQV75f62I9w,33.5027349,-112.0012341,32,[33.495263,-112.0739142,33.5102068,-111.928554],[26,11,48,168,181,229]
nBqAEbCcmEBeig2Znk294g,33.4860023,-111.9264164,47,[33.4860023,-111.9264164,33.4860023,-111.9264164],[33,119,11]
HjT0IRJDpr2BjLKQuqApkQ,33.4471735,-112.073781,1,[33.4471735,-112.073781,33.4471735,-112.073781],[28,17,29]
IU8ypmf83hzmaGE1sXYzZA,33.43475,-112.00644,13,[33.43475,-112.00644,33.43475,-112.00644],[28,170]
2LzOkaAhp7oPGUp6Giv-uA,33.488939200000004,-112.0444766,3,[33.4471735,-112.073781,33.5307049,-112.0151722],[11,63,48]
c_oAY5TDj8sLfUPvotwHjg,33.6116901,-112.1648254,1,[33.6116901,-112.1648254,33.6116901,-112.1648254],[248,6]
EG2eAzPkg9V-z2ieDv3zCA,33.580462350000005,-112.05001745,6,[33.4949597,-112.203707,33.665965,-111.8963279],[119,11,140,63,26,48,168,265]
883bap1q1wqgr6vtWV4SUg,33.3788145,-111.6016425,1,[33.3788145,-111.6016425,33.3788145,-111.6016425],[7,108,9]
nRM2xhsBtcNuEHPr0_lMxQ,33.414894,-111.8529602,2,[33.414894,-111.8529602,33.414894,-111.8529602],[11]
juY6UA-Bhe_ArwPky92xgA,33.7121367,-112.2014742,2,[33.7121367,-112.2014742,33.7121367,-112.2014742],[43,11]
B_1RcV1OUZF_V3HWbkOVfA,33.51663455,-111.926317376143,41,[33.4938219,-111.9296765,33.5394472,-111.922958252286],[46,102,6,103,7,108,99,126,11,142]
liVr2IsNu4k3MQaLj70Efw,33.5100513,-112.0135105,1,[33.5100513,-112.0135105,33.5100513,-112.0135105],[7,108]
B8txbGnf5hag6ezPalXyIA,33.392791,-111.807604,5,[33.392791,-111.807604,33.392791,-111.807604],[57,27,39,145,11]
402nJq9u82Lb8ZUHiIHqnQ,33.498028,-111.927951,1,[33.498028,-111.927951,33.498028,-111.927951],[352,48,11]
yiGOjWa4HQ2NMaOKDyVWMw,33.62168265,-112.13502940000001,8,[33.5879473,-112.153592,33.655418,-112.1164668],[137,7,8,138,139,168,169,11]
jb4ClzMWX8I7J4V2B03hNg,33.4240085,-111.9401874,1,[33.4240085,-111.9401874,33.4240085,-111.9401874],[7,189,10,24,11]
BjPL0NoCz1Z8b28za57J2g,33.38080305,-111.88593935,10,[33.2814031,-111.9825532,33.480203,-111.7893255],[27,11,26,352]
6MKa-m7su5yUc1yKVO7EjA,33.4600715,-111.93589650000001,5,[33.425938,-111.940346,33.494205,-111.931447],[48,11,28,342]
P7Zcg73x8FzszGEiC9YPfw,33.47522965,-112.05287315,55,[33.3117903,-112.264529,33.638669,-111.8412173],[48,185,11,41,39,212,126,293,98,7,24,206,244,172,149,224,88,38,47,26,108,168,43,251,229,109,63,97,142,292,57,99,36,69]
a2IPd69NrVGvzUYzNNseCg,33.4942085,-111.9232635,5,[33.493947,-111.924226,33.49447,-111.922301],[38,39,28,17,29,11,40]
SvOEbBc90u_csRuxcJZ1OA,33.3052386,-111.951304,1,[33.3052386,-111.951304,33.3052386,-111.951304],[43,11]
s7ClTbwNu4CXRuU_2HtC3Q,33.5832073,-112.0131291,2,[33.5832073,-112.0131291,33.5832073,-112.0131291],[108,7,119,38,109,39,11]
DAc_YiB9iKyrRawHQ2-v2g,33.669581699999995,-111.94806994999999,2,[33.6556844,-111.966112,33.683479,-111.9300279],[99,11,212,229]
IPIDauU59IuJ3YFtRFBeag,33.348162,-111.9819,200,[33.348162,-111.9819,33.348162,-111.9819],[26,11]
ClQ0dS0y-fWeZRTU5qTeBw,33.4287313,-111.9415049,1,[33.4287313,-111.9415049,33.4287313,-111.9415049],[28,342,240,241]
s_FdmfkuFAJ2dJbqAucR5Q,33.37942,-111.784494,9,[33.37942,-111.784494,33.37942,-111.784494],[474,11]
EoeH6kWRpffT7-csqm8Ivw,33.304416,-111.842609,8,[33.304416,-111.842609,33.304416,-111.842609],[28,17,18,29]
Kdeqlwybc16-79y_BgfdvA,33.5009259,-112.05559755,6,[33.491645,-112.083991,33.5102068,-112.0272041],[48,11,38,140,39,40,99,26,168,181,229,143,205]
6Ob17xubVRLNmlmAKttM5A,33.5612589,-112.1156244,1,[33.5612589,-112.1156244,33.5612589,-112.1156244],[48,185,11]
CGv3ba-IwcxuaS159LIOmw,33.614422,-111.913245,3,[33.614422,-111.913245,33.614422,-111.913245],[37,32,203]
QP145N91uOwoacl_sOKJOA,33.56110765,-111.97796645,34,[33.449233,-112.065458,33.6729823,-111.8904749],[33,11,48,27]
Hu_RKBI3tN0UeWFb67oX9A,33.390956599999996,-111.8543291,35,[33.271662,-112.0739972,33.5102512,-111.634661],[53,54,55,24,11,7,33,142,6,32,302,110,1,141,71,72,99,26,117,229,10,48,73,119]
6CGfF6NMfuy6ZgPsII9o-Q,33.6390345,-112.1798866,32,[33.6390345,-112.1798866,33.6390345,-112.1798866],[218,11]
OKvq0UkUlj6PlW7Cua9FBQ,33.5834449,-111.9770187,10,[33.5834449,-111.9770187,33.5834449,-111.9770187],[177,140,11]
wHBmo0wJGZxswefBkx-lpQ,33.3022462,-111.897967,27,[33.3022462,-111.897967,33.3022462,-111.897967],[98,7,201,11]
60t3AGDYeZF5be-yc4IqZg,33.4113835,-112.0048000318865,9,[33.348162,-112.0699779,33.474605,-111.939622163773],[38,48,39,11,65,133,26,109,27]
PObfWZHTZ13kiaqJ-YjjCw,33.5019817,-111.9276185,1,[33.5019817,-111.9276185,33.5019817,-111.9276185],[99,48,11]
6CxXeQjRO5ol39aHvdVRaw,33.58796695,-112.22003365,5,[33.579694,-112.239118,33.5962399,-112.2009493],[27,11,43]
qcofqWgRQtXRtoDlcBp3IA,33.42198955,-112.00269325,16,[33.3488977,-112.0800705,33.4950814,-111.925316],[7,9,10,11,119,99,109,38,48,39,139,63,168,108,27,26,24,88,128]
-UxHWAdU1sjA1n4u0ToOGg,33.4077705,-111.9537169,1,[33.4077705,-111.9537169,33.4077705,-111.9537169],[7,81,194,54]
8j5xdB7WhWINGoO53zIbUQ,33.400434849999996,-111.8525008,31,[33.3056067,-111.9787576,33.495263,-111.726244],[109,38,11,39,63,119,99,26,7,24,108,36,27]
YwsP21V2ATnquSHJqQj00Q,33.54909465,-112.12734395000001,87,[33.425207,-112.364213,33.6729823,-111.8904749],[99,11,26,49,80,82,59,137,7,139,38,48,39,40,63,98,8,10,46,6,333,52,71,72,354,269,109,210,104,204,65,128,84,147,33,168,265,133,66,50,119,129,79,121,108,351,57,309]
X6PWVc-wag3mSP_4cme2Hw,33.8321704,-111.9583011,99,[33.8321704,-111.9583011,33.8321704,-111.9583011],[48,11]
pb_I1wxsxxnCNSpuWaLkkw,33.58348,-111.883526,3,[33.58348,-111.883526,33.58348,-111.883526],[7,142]
lo4hTvJobDpD-pJbo__KSg,33.4922985,-111.9245517,6,[33.4922985,-111.9245517,33.4922985,-111.9245517],[210,11]
qUndFyleOmyOxkOUECcKsA,33.4515102,-112.0186491,1,[33.4515102,-112.0186491,33.4515102,-112.0186491],[28,17,29]
TULTz6nSVJ_hHMIZRNmPzA,33.27297005,-111.84926005,3,[33.232399,-111.857552,33.3135411,-111.8409681],[17,62,49,80,82,59]
L3YVTmTV96Who9VY3w7Zzw,33.4642957,-111.96354149999999,200,[33.43475,-112.00644,33.4938414,-111.920643],[27,11,57,327,28,170]
U9dVGazGkinQjwRfISa7yw,33.49778,-112.0832435,4,[33.49778,-112.0832435,33.49778,-112.0832435],[6,70]
iJoAbnEh2ogxT31rMRL50w,33.4954825,-111.96166275,13,[33.4074413,-112.0134134,33.5835237,-111.9099121],[140,192,11,224]
CSybs4jwJVian8eYnPZPpg,33.43221285,-111.9930654,8,[33.362444,-112.074714,33.5019817,-111.9114168],[98,7,24,11,28,442,241,26,309,13,6,99,48,38,47,88,39]
gp3o_8C6tYjmXdWXUObH-w,33.683479,-111.966112,3,[33.683479,-111.966112,33.683479,-111.966112],[265,11]
gUA3dkNicEWVUcHSHgqIrg,33.463596,-112.30901349999999,3,[33.463092,-112.34477,33.4641,-112.273257],[11,63,33]
UQ3CUp1bOyUwZHhp73SUtg,33.638937,-112.3553813,4,[33.638937,-112.3553813,33.638937,-112.3553813],[126,97,11]
_Y8R8-KObMKut1yUPJ75AA,33.4247212,-111.9351556,1,[33.4247212,-111.9351556,33.4247212,-111.9351556],[149,229,11]
