DkC-HbmODYCU1A3Lz2UVWg,33.5518187,-112.31729325,2,[33.4647004,-112.3553813,33.638937,-112.2792052],[129,175,332,79,121,126,97,11]
3ijmwHWMCJ9hx4Du8U4rZQ,33.581689749999995,-112.15076975,2,[33.5674985,-112.1670965,33.595881,-112.134443],[185,11,33,117,24]
sIGsTh4lY9KjFwyQdQd2-A,33.513697188158,-112.07341192283,15,[33.513697188158,-112.07341192283,33.513697188158,-112.07341192283],[48,11]
bvOOlX4TB4VYZSbMXfoIFA,33.424061,-112.07216,6,[33.424061,-112.07216,33.424061,-112.07216],[49,52]
IsKVQ2_5YdrahxrYZQ6RXg,33.4652707845178,-111.928442716598,3,[33.4652707845178,-111.928442716598,33.4652707845178,-111.928442716598],[7,168,380,139,185,11]
YbKaosJHu-rX8XnQFUu1jg,33.4787843,-111.93804,1,[33.4787843,-111.93804,33.4787843,-111.93804],[32,95,222]
xf8QXuIozpsMNp4tvc6JCw,33.6117382,-111.9969697,4,[33.6117382,-111.9969697,33.6117382,-111.9969697],[11,63]
aL_7udRx4OCWkH4LvPx_lg,33.38588115,-111.97512535,35,[33.336307,-112.0739136,33.4354553,-111.8763371],[64,65,309,285,11]
x3atk_OagtK4WDQg-vXP_w,33.368040199999996,-111.87607415,10,[33.3216034,-111.9626175,33.414477,-111.7895308],[185,11,126,48,296,168,144,33,44,83,38,6,39,40]
9TFwQbcSIHb-nXSHvFMCgg,33.4611804411431,-112.359774112701,1,[33.4611804411431,-112.359774112701,33.4611804411431,-112.359774112701],[98,7]
VakKa0sjLl_mVSupkYbTnQ,33.699198,-112.142065,3,[33.699198,-112.142065,33.699198,-112.142065],[7,108]
ZKuYj_a095OLksGtfw8TXg,33.034868,-111.386046,1,[33.034868,-111.386046,33.034868,-111.386046],[177,11]
iwWBF3nKoRMoy1sbkLJwvg,33.49607805,-112.0393782,141,[33.3135411,-112.2698024,33.678615,-111.808954],[99,11,210,26,309,33,57,91,306,333,327,120,7,142,108,30,13,6,101,38,39,139,225,375,140,177,285,340,10,24,70,63,27,88,89,205,43,145,298,128,113,98,119,48,185,292,35,76,182,223,208,229,8,127,192,129,121,79,284,17,62,307,69,40,110,60,61,65,133,78,77]
dvUUGCp6TkhVDYOQctXKhQ,33.373465,-111.971852,2,[33.373465,-111.971852,33.373465,-111.971852],[158,28]
W_F_9MYfnbRRa8zl15GrkA,33.3197359,-111.9823966,2,[33.3197359,-111.9823966,33.3197359,-111.9823966],[7,8]
LlbDgeSO1CeFTaJXDuKuQg,33.493287,-112.286108,1,[33.493287,-112.286108,33.493287,-112.286108],[26,11]
dc8Apxmv5UGKlxIh-FmD_A,33.3274099,-111.93279595,5,[33.261657,-112.0048589,33.3931628,-111.860733],[26,11,192,27,382]
mavwphmn_T_u_J4Pcmocbg,33.68505665,-111.93261285,12,[33.5379429,-111.991308,33.8321704,-111.8739177],[43,11,48,57,69,98,7,292,338,206,54,238,8,137,139,65,133,327]
zmVi-omIYKyDz2HvDcfvIQ,33.57722955,-111.98893235,114,[33.530335,-112.047101,33.6241241,-111.9307637],[26,11,168,265]
lVEF4j-pU3TAlL4WeZ0BuQ,33.41810275,-111.9566974,4,[33.3787123,-112.0740241,33.4574932,-111.8393707],[27,11,177,140,24,33,44]
rBJ2ZqxDAA1mxb24JEK2AQ,33.627638399999995,-111.95361514999999,27,[33.4233153,-112.1230703,33.8319615,-111.78416],[11,63,7,109,38,39,36,99,119,120,182,48,140,27,71,72,96,73,177,285,202,40,10,33,117,47,136,17]
5c-kJ8aR4OD88y8k1eQuhw,33.3737405,-111.7726293,16,[33.321864,-111.94542,33.425617,-111.5998386],[7,24,108,119,11,142,292,26,33,173,6,112,27,162]
QXwoSi_A4OpOBsyc1AdIgQ,33.4685784,-112.0730666,18,[33.449682,-112.0830342,33.4874748,-112.063099],[17,18,28,29,26,11]
xfhHL5EJp9e8VFziPNjxWA,33.479504899999995,-112.03059895000001,5,[33.449233,-112.065458,33.5097768,-111.9957399],[27,11,38,48,39]
rSpGn6uGGWPVrbPs3zcTEw,33.293226250000004,-111.846008423938,10,[33.2774461,-111.901330947876,33.3090064,-111.7906859],[119,11,7,98,10,9,63,229,26]
UJI9uYEH0WkVgdXJ-65Frw,33.400009100000005,-111.81276955,7,[33.3782799,-111.9476151,33.4217383,-111.677924],[279,54,317,26,11]
rXGV82c14TNQ2bh3oZ9WGA,33.4657562,-111.9718284,1,[33.4657562,-111.9718284,33.4657562,-111.9718284],[219,218,41,11]
YOZ6xwXXpxD0vxJiA6WC-A,33.5749379,-111.97809495,51,[33.276004,-112.1502292,33.8738718,-111.8059607],[6,45,7,98,10,9,11,201,292,99,48,168,42,43,106,54,497,49,80,82,59,142,8,44,219,218,112,254,417,182,140,135,265,185,13,372,22,192,32,302,110,1,141,30,434,103,27,63,26,65,148,204]
OMrKb2fZFmUa4nIhs4NGGQ,33.36559025,-111.85876139999999,200,[33.3652366,-111.8587764,33.3659439,-111.8587464],[26,11,63,27]
GepOtN3bMlryNsIhO2B0Vw,33.49454774401855,-111.9311880598145,200,[33.492914,-111.933566,33.4961814880371,-111.928810119629],[119,48,201,11,38,99,39,40]
zCcmoUG4mY8p3Cb7M0-MHg,33.493947,-111.922301,152,[33.493947,-111.922301,33.493947,-111.922301],[28,17,29]
NIKg7uvVY798xNBnzkFWtw,33.4234408327431,-111.939622163773,1,[33.4234408327431,-111.939622163773,33.4234408327431,-111.939622163773],[109,38,27,39,11]
n795ZzhNIWZRns6atoYSQA,33.5019817,-111.9276185,2,[33.5019817,-111.9276185,33.5019817,-111.9276185],[38,48,39,11]
uI1HFHjEQrtR_vqMJTXmsQ,33.4142435,-112.0379207,200,[33.3924669,-112.0694014,33.4360201,-112.00644],[28,170,240,241,27,11]
j2mGvnnXhp_fUxiNIoH6KQ,33.4787943,-112.0478085,27,[33.4787943,-112.0478085,33.4787943,-112.0478085],[26,11]
_TD_Ig3ACArz8XtmViblrg,33.49149075,-111.99761115,79,[33.435146,-112.0474569,33.5478355,-111.9477654],[26,17,18,11,33,44,57,470,145,39,38,99,128,49,161,59,80,65]
PRzjZZ8Z2ELr7Bm-LmnrwA,33.5442666,-111.95162289999999,8,[33.377523,-112.1142778,33.7110102,-111.788968],[26,11,251,106,54,43,185]
ProoN4h8kx-OSez1zBCYgg,33.5051030004615,-111.9635954447825,22,[33.3702541,-112.019165147988,33.639951900923,-111.908025741577],[265,11,26,97]
ZZ6kL1gS8fJgs4tBwYFc_g,33.3604,-111.7497,1,[33.3604,-111.7497,33.3604,-111.7497],[38,7,36,39,48,128,11]
oCvMeYROtvGBdzNDLFyh8Q,33.4229171779487,-111.9344304,11,[33.377798,-111.964558,33.4680363558974,-111.9043028],[38,128,39,33,265,185,11,208,6,35,46,84,339,27,7,8,148]
RBC0LrUHXdXgOv1vsrChxg,33.3057308,-111.8960397,3,[33.3057308,-111.8960397,33.3057308,-111.8960397],[97,11]
cyNp7dT8OxDS7-1RglAcsQ,33.5241883,-111.91162904999999,11,[33.4922985,-111.9245517,33.5560781,-111.8987064],[210,11,39,38,26,127]
qK6qbqXcZDn0fz8Dr5Ex8w,33.41839775,-111.971001,25,[33.327278,-112.083886,33.5095175,-111.858116],[7,108,251,11,71,72,212,182,218,48,33,38,39,46,6,24]
IKtcapy-6lJ8oByerEB17A,33.290653,-111.8158425,5,[33.278073,-111.842532,33.303233,-111.789153],[7,33,48,47,11,99,265]
xEs2XPHsft6cyhs5_Yg0uQ,33.3747638,-111.7897112,1,[33.3747638,-111.7897112,33.3747638,-111.7897112],[195,65]
Ey7s48o1WJt3qNHzi-wvGA,33.3939224,-111.9091193,10,[33.3939224,-111.9091193,33.3939224,-111.9091193],[64,65]
d13VN83AzNyJUN5ZUtdqxw,33.431471,-112.146957,9,[33.431471,-112.146957,33.431471,-112.146957],[288,32]
31PJmJNLxNW2HkQLjvMtrQ,33.4939313,-111.9256266,21,[33.4939313,-111.9256266,33.4939313,-111.9256266],[185,11]
4jgaFlBxbtBNH7GL1UkXMg,33.4194512,-111.915926,3,[33.4194512,-111.915926,33.4194512,-111.915926],[38,7,47,88,39,48,11]
FT0oSiCIt6uWLkT9piW_ow,33.531712,-112.081768,2,[33.531712,-112.081768,33.531712,-112.081768],[84,339]
61TirD4__BNdOzaAIArN3A,33.4360415,-111.9956337,19,[33.4360415,-111.9956337,33.4360415,-111.9956337],[28,240,241]
sFytJ0hequUVDBCVOYJpOw,33.597213,-112.03605,12,[33.597213,-112.03605,33.597213,-112.03605],[26,11]
TILX6hfaF4kvtoGFzbRnYA,33.4155753,-111.7437977,6,[33.4155753,-111.7437977,33.4155753,-111.7437977],[7,139]
1W6iemOzi3iR44jrlhWhyw,33.399823093608205,-111.8172536503905,3,[33.3779891872164,-111.944749,33.421657,-111.689758300781],[224,11]
uwrXn4RnmtSTfMboOXkBCA,33.3322,-111.7001,4,[33.3322,-111.7001,33.3322,-111.7001],[106,54]
0dgQa81w5it1PMpGpC_L0A,33.543676500000004,-112.06401604999999,156,[33.4471778,-112.236796,33.6401752,-111.8912361],[38,229,39,40,48,11,98,7,63,289,6,35,219,218,41,108,24,4,5,140,119,27,142,49,312,57,504,91,292,232,65,193,59,128,341,210,26,99,137,139,33,212,479,113,333,163,13,331,224,109,126,97,182,172,43,168,181,133,162,17,62,36]
VwynNGqa0fmb1-vKKlHFRQ,33.484487,-112.07643,6,[33.484487,-112.07643,33.484487,-112.07643],[224,11]
R9n2K6acBRqMjLVCUxgfOw,33.6654528,-112.18154685,30,[33.3637746,-112.711077,33.967131,-111.6520167],[99,11,33,117,98,7,119,24,63,333,38,39,128,185,27,36,49,28,190,276,26,17,18,120,127]
gcU80g4_tsykdaq96zF9DQ,33.3217415,-111.8711025,7,[33.306806,-111.88557,33.336677,-111.856635],[63,27,11]
BkzmIfN8D-cS7e6sp9KVjw,33.5192358227263,-111.9759148892975,7,[33.4942423,-112.0463575,33.5442293454526,-111.905472278595],[7,9,119,11,39,48,38,99,88,40,161,65,133,63]
9ebaAGLVIgGKpDLFwmvaiQ,33.4149781,-111.9707218,93,[33.2464762,-112.0986063,33.58348,-111.8428373],[11,48,63,38,99,128,39,296,33,44,57,7,36,69,224,117,214,142,251,352,120,24,26,210,27,140,109,88,101,185,168,144,182,177,65,133,474,219,104,161,195,43,201,98,119,40,206,108,292,212,97,361,126]
oiZz51IK5HAv5-cr-C7Mrg,33.4144316,-111.8777431,1,[33.4144316,-111.8777431,33.4144316,-111.8777431],[32,95,222]
8Y5ETV2Xf91biKj_sajB2A,33.570264699999996,-111.91602565,32,[33.5023464,-111.9404813,33.638183,-111.89157],[27,11,6,110,123,65,4,13,115,160,38,99,128,39,296,49,80,82,59,126,10,24,84,124,125]
VEknKi2OCEnTRb4Bbe1N2Q,33.4879359,-111.96509885,2,[33.480116,-112.014283,33.4957558,-111.9159147],[65,133,84,339]
pv7Urs32sxx_Xe1ztQsopA,33.3480722,-111.9451471,16,[33.3480722,-111.9451471,33.3480722,-111.9451471],[24,11]
EmloVy5Bgbnv_VFm_oftKw,33.422728,-111.951494,1,[33.422728,-111.951494,33.422728,-111.951494],[88,38,39,89,11]
4pyfuWU_xPzVtV9ZXMpPNg,33.707056449999996,-111.94069379999999,8,[33.5808348,-111.9746066,33.8332781,-111.906781],[7,108,48,11,12,13,6,22,33,307,27,185]
cCNucgcprU1pEr_TH5qfaw,33.39919845,-111.94128875,41,[33.321492,-112.0736235,33.4769049,-111.808954],[63,27,11,44,24,224,251,57,69,182,48,140,88,38,99,39,7,8,313,322,93,3,36,138,139,33,117,96,72,13,6,30,15,191,192,142,43]
j1r1zfQeUbsOCDpkfUyscw,33.66576555,-111.92864184999999,7,[33.501161,-111.9317707,33.8303701,-111.925513],[206,11,48]
Ts367xA-JqA4s13qY0awbg,33.411906900000005,-112.03781939999999,43,[33.313774,-112.286108,33.5100398,-111.7895308],[88,38,39,298,11,26,185,99,40,33]
WjVRHDMXVkhaRGl6evohnA,33.5030185,-112.0999,2,[33.5030185,-112.0999,33.5030185,-112.0999],[251,11]
ntbKUW9qPoZSWolthyQmyQ,33.380449299999995,-111.9318375,75,[33.261388,-112.00644,33.4995106,-111.857235],[38,39,11,89,126,97,99,7,137,8,139,108,142,177,140,28,170,127,109,440,168,298,88,292,26,24,212,361,210,6,45,10]
2rSVtIMFmCWI0eDPDGOJvw,33.532157,-111.9409465,4,[33.435146,-111.998367,33.629168,-111.883526],[26,11,7,142,38,99,128,39,126,212,43]
LcMUMl8QtUxaV2gavZfqew,33.429129700000004,-111.90329265,4,[33.421643,-111.9401874,33.4366164,-111.8663979],[33,11,4,6,100,425,120]
rZz669x92v88qEwRy_as5A,33.5803589,-112.120516,34,[33.5803589,-112.120516,33.5803589,-112.120516],[41,42,43,11]
lV-yEIB-TqEc2futKkk9Qw,33.465665,-112.340224,14,[33.465665,-112.340224,33.465665,-112.340224],[11,27,63]
H-G2c_1A9lti1SqX-4DhUA,33.530329,-111.9051921,16,[33.477178,-111.9268582,33.58348,-111.883526],[7,142,119,48,24,11,33,307,39,26,38,27]
uLl--7BS9Cj6qOY2IqoyiA,33.417004399999996,-111.9329887,25,[33.3117903,-112.0734239,33.5222185,-111.7925535],[251,11,33,117,48,265,185,99,210,149,309,119,285,38,128,39,296,224,182,120,126,97,89]
k-4ABsR_uY9nAagXX5qVsA,33.5041847286892,-112.10321921849649,2,[33.4566960573784,-112.1341113,33.5516734,-112.072327136993],[27,11,119]
7axXLTAphC-JRhkgoQDR5A,33.6477966,-111.9320694,1,[33.6477966,-111.9320694,33.6477966,-111.9320694],[288,32]
XBqRTxWm7NgTkd5Vm2DMOw,33.435529,-112.0085884,72,[33.435529,-112.0085884,33.435529,-112.0085884],[44,24,11]
ZfoYXGuypMTzvXuqHsqqAA,33.63003745,-112.166149888607,97,[33.426368,-112.395467777214,33.8337069,-111.936832],[212,11,6,77,35,49,80,82,59,10,99,44,63,30,8,13,7,110,97,57,69,182,26,120,229,33,88,38,39,298,15,191,168,265,307]
DYC9uqPYAwI_q9J9RknWvg,33.552242500000006,-112.0896769,61,[33.4508,-112.2618153,33.653685,-111.9175385],[48,41,11,7,138,292,139,210,117,38,128,39,296,293,65,133,108,182,137,8,251,267,172,6,45,169,63,27,24,26,161,46,13,30,18,17,140,257,43,98,307,162,177,194,57,145,36,99]
W7zmm1uzlyUkEqpSG7PlBw,33.5551208,-111.9476541,200,[33.3059943,-112.2724782,33.8042473,-111.62283],[84,147,49,447,48,11,182,172,43,63,33,119,99,210,71,72,297,26,6,110,4,5,367,32,222,17,28,95,29,101,88,38,39,40,30,13,24,177,140,27,403,79,245,7,9,10,168,126,36,8,247,251,47,236,103,98,57,470,145,137,139,18,78,52,265,41,121,34,35,117,214,212,97,128,193,80,59,124,224,75,76,77,100,425,272,66,142,127,298,108,109,206,143,205,69,44,82,244,240,241]
j0ING9ckH7wPz7k7sz6mSw,33.3478272,-111.9102573,4,[33.3478272,-111.9102573,33.3478272,-111.9102573],[224,182,11]
z1A_Ux1qYyNM099FoEbh6Q,33.5019817,-111.9276185,3,[33.5019817,-111.9276185,33.5019817,-111.9276185],[38,48,39,11]
tq7X37nJ2kv00xiXnOxjDw,33.5028276,-111.97794905,4,[33.4961,-112.0265541,33.5095552,-111.929344],[11,63,6,204,65]
rWAz-KTylKA6cfD9lEHPqQ,33.5043591,-112.05386329999999,7,[33.4803159,-112.0805886,33.5284023,-112.027138],[48,11,38,140,39,40,363,1,63,27,307,177,24,172]
41I0iX130fvnmNVJq5d-Ug,33.4354634,-112.0069893,200,[33.4354634,-112.0069893,33.4354634,-112.0069893],[98,7,24,11]
pSd49WkB33YFPCCB655VuQ,33.573460999999995,-111.91503555,2,[33.5397391,-111.9403254,33.6071829,-111.8897457],[11,63,202,72]
psKTdBXAGulhg07vzT4Exg,33.5612589,-112.1156244,3,[33.5612589,-112.1156244,33.5612589,-112.1156244],[48,185,11]
JlZVbXPFBygQXBkawF2hPg,33.1902906,-111.83892505,7,[32.8794202,-111.925513,33.501161,-111.7523371],[206,11,27,307,63]
Zzm3b6BodXt-syJ6sfJ3iA,33.498915,-111.928258,3,[33.498915,-111.928258,33.498915,-111.928258],[11,63]
Z-0yF-iyfrkeuj-Lo-hlEw,33.2607328,-111.7896154,1,[33.2607328,-111.7896154,33.2607328,-111.7896154],[98,7,108]
TopJjwn8sbjMvnSVZd3aQA,33.48837560098115,-111.99624229255349,34,[33.4537869019623,-112.0653186,33.5229643,-111.927165985107],[101,38,39,182,172,11]
eooaoZsi85OrA_lwwdPkyA,33.4346646089965,-111.994210481644,8,[33.4346646089965,-111.994210481644,33.4346646089965,-111.994210481644],[48,11]
Jqhx4EI4L2GZ0qXTqAZBag,33.4553553,-112.07611875,19,[33.4548476,-112.0800705,33.455863,-112.072167],[212,11,63,27,24]
gzYI-uRjhHWjJpdD7pmreA,33.45751725,-112.0828176,2,[33.4558893,-112.0916114,33.4591452,-112.0740238],[39,205,57,25,6]
Rht2lVCKsRsHaZZBTKWQCw,33.554860700000006,-111.92597955,3,[33.4860023,-111.9264164,33.6237191,-111.9255427],[126,11,33,119,99]
gnnJMMc5ZAkoJ8v4phFPQg,33.387709,-111.7937815,3,[33.334712,-111.87479,33.440706,-111.712773],[98,7,99,11,24]
_X1zedRYJt_pf7fosmForA,33.41441245,-112.00318985,18,[33.3193788,-112.079081,33.5094461,-111.9272987],[212,97,11,307,27,172,123,65,26,84,147,183,33,99,117,120,63]
RtT-zJQ-wFs8zkpkGHe2iA,33.4637742,-112.00729534999999,4,[33.4240504,-112.074519,33.503498,-111.9400717],[109,38,48,39,11,26,61,13,6,117,214]
qB9_qCdK67Comvghget-lA,33.58671735,-112.0871733,10,[33.4948197,-112.19974,33.678615,-111.9746066],[265,126,11,119,373,48,24,71,72,63]
tP58SA3jd2iUM6bnxB1XZA,33.4952045,-112.0142961,2,[33.4952045,-112.0142961,33.4952045,-112.0142961],[98,7,119,24,11]
S1KVYRU4kVKZ7orZU8lMKg,33.7129847,-112.1114555,1,[33.7129847,-112.1114555,33.7129847,-112.1114555],[27,11]
ML0veGQPxzpmnZZcPvZj4g,33.640487050000004,-112.16293285,14,[33.6401421,-112.1745837,33.640832,-112.151282],[251,11,126]
wZakvhQ41cw6gjFpi7l2fg,33.39646995,-111.8583,13,[33.3060217,-111.908738,33.4869182,-111.807862],[26,11,39,119,38,15,25,6,84,1,263,125]
hhLVRxYVTkoCp1lsVWzwAQ,33.6391794,-112.0656012,35,[33.6391794,-112.0656012,33.6391794,-112.0656012],[27,11]
FEY_ytHSrq9sT-3XA0DInA,33.35878205,-111.8753317,4,[33.2854679,-111.909327,33.4320962,-111.8413364],[49,80,82,59,72,184,4,13,6,115,160]
Y1PelgD3NvDHNoFuSM4aMA,33.476831000000004,-112.095144995485,56,[33.313774,-112.34971999097,33.639888,-111.84057],[33,99,11,38,143,39,177,205,119,120,43,48,182,140,127,26,63,27,24,44,7,98,8,10,40,126,49,80,82,59,218,41,293,210,108,32,203,307,129,121,79,224]
D0Bub4WGXDSQmtZ3irXWNw,33.65760875487641,-112.052204215069,9,[33.6455682097528,-112.18729,33.6696493,-111.917118430138],[26,11,99,48,126,97,28,158,17,29]
lTrXhA60MDewrE_Do0jPgw,33.455908699999995,-111.9515395,103,[33.332733,-112.045816,33.5790844,-111.857263],[177,285,140,11,13,6,115,65,133,98,7,28,17,18,29,224,12,114,38,26,39,57,69]
OE3dIXcyEO5_bsQrme38TA,33.54955235,-112.05595655,2,[33.5236118,-112.0651591,33.5754929,-112.046754],[78,79,11,63]
XgIhw-aWaq_Fx3ZVQGjnuA,33.6205535,-112.29478499999999,200,[33.272043,-112.728991,33.969064,-111.860579],[57,228,38,11,99,128,39,69,30,13,6,208,35,49,17,152,341,87,119,120,63,27,45,109,265,12,114,115,7,142,8,24,327,117,224,41,140,26,98,202,72,373,182,28,29,106,54,107,43,33,44,123,65,322,141,185,40,178,311,88,48,56,139,375,130,32,292,170,71,3,376,307,298,145,177,84,346,475,146,52,345,264,212,18,51,4,181,110,118,168,262,324,161,96,209,108,251,47,226,281,269,126,97,285,282,400,112,240,241,91,5,367]
jnFAKf10SS7UNMSdoCKBzw,33.3606329,-111.88777670011,10,[33.3057949,-111.9677833,33.4154709,-111.80777010022],[26,11,99,41,119,185]
0TtPBL4s9CtMLpHKiYTfMQ,33.4245625,-111.9409053,1,[33.4245625,-111.9409053,33.4245625,-111.9409053],[127,11]
9Dp3fBOEQvZpYALtQ9C8HA,33.31156885,-111.85610545,7,[33.3022462,-111.9686247,33.3208915,-111.7435862],[27,11,48,126,38,265,39,168,63,212,229]
nqPFjYnkYGg-OPNIfUHBBA,33.5238908,-111.8979041,2,[33.5238908,-111.8979041,33.5238908,-111.8979041],[26,11]
CM5qMjUJshDtAPNF_nNE9g,33.436701,-112.20294219255351,5,[33.4031998,-112.4787184,33.4702022,-111.927165985107],[182,172,11,7,98,108,6,284,35,83]
Ad4bqFpq5C_DCwPkvlS2NA,33.502191,-111.996292,19,[33.502191,-111.996292,33.502191,-111.996292],[109,38,11,39,63]
P52IGh3-H3n0V7VA7sN_zA,33.5822084,-111.9216835,3,[33.5822084,-111.9216835,33.5822084,-111.9216835],[119,11]
k0gCvAMZIM7vAX1s8oqdHQ,33.5529396,-112.1353612,25,[33.430535,-112.345359,33.6753442,-111.9253634],[30,13,6,48,11,26,185,309,119,285,229,169,63,212,44,38,39,40,127,7,142,292,206,120]
P__qtl1LrHtCcqpgrQmA3Q,33.3210491,-111.8605718,4,[33.3210491,-111.8605718,33.3210491,-111.8605718],[168,42,43,11]
Ed3qhYd-vkNY5hufrX2pXg,33.831395,-111.933617,8,[33.831395,-111.933617,33.831395,-111.933617],[35,6,77,70]
REUH-24-rOSAxzswalNBwg,33.451661,-112.075516,1,[33.451661,-112.075516,33.451661,-112.075516],[28,442,241]
65y2uxOKIdPiDEr22yWZ9w,33.678615,-111.9746066,3,[33.678615,-111.9746066,33.678615,-111.9746066],[182,48,11]
hkSdRESk7FuaqHqp_Zzyxw,33.5705669,-111.886606,1,[33.5705669,-111.886606,33.5705669,-111.886606],[126,97,11]
wyOh_ZfTIZGczMiYqjIRUQ,33.4553553,-112.07611875,4,[33.4548476,-112.0800705,33.455863,-112.072167],[63,27,24,11]
C-Be3h4RCHjNnATYp-XDFw,33.4578271,-112.0674563,2,[33.4578271,-112.0674563,33.4578271,-112.0674563],[57,186,6]
Jy0odu3QjZC9950nH5EHhA,33.360991173050095,-111.768753284292,3,[33.330411,-111.858873,33.3915713461002,-111.678633568584],[119,11,27,123,65]
MJkckkznmhpcGWlVkNJWUw,33.5094352,-112.0464076,7,[33.5094352,-112.0464076,33.5094352,-112.0464076],[105,65]
SwL3OHswXA9YShRHsHLnrw,33.319680899999994,-111.966103,4,[33.304331,-112.054775,33.3350308,-111.877431],[340,11,126,97]
UsqQtFBHYi1TL3sxs9nJ4A,33.3794253,-111.9654688,1,[33.3794253,-111.9654688,33.3794253,-111.9654688],[120,11]
-D79mfxoHQFwSjsaK2upZA,33.42263,-111.940813,2,[33.42263,-111.940813,33.42263,-111.940813],[27,11]
TeEqpMQgLaMgM_oUHSaL6Q,33.458293350000005,-111.98735289999999,6,[33.3637707,-112.064644,33.552816,-111.9100618],[113,6,111,112,17,155,54,156]
6FwrIvG6sjHGRsf7LdEj9w,33.321061644794,-111.723918914795,1,[33.321061644794,-111.723918914795,33.321061644794,-111.723918914795],[99,11]
H6N5CXJkCXmRS1vD4jU0Vw,33.5163975,-111.977761,153,[33.449233,-112.065458,33.583562,-111.890064],[27,11,28,17,29]
aLNj9JCy7z0YSvxy44r0sA,33.509578,-112.060185,41,[33.509578,-112.060185,33.509578,-112.060185],[63,27,11]
Yo4dlebc3uhCL4Pi9VXjOQ,33.4888548,-112.0650902,2,[33.4888548,-112.0650902,33.4888548,-112.0650902],[49,193,59]
v_Tl16YCIK_bde4SJFEJNA,33.458163400000004,-111.93370435,14,[33.420571,-111.951494,33.4957558,-111.9159147],[49,193,82,59,88,38,39,89,11,168,298,64,133,65,224]
BNWm3rIUBmh9s6DHuI90qw,33.492722,-112.073346,12,[33.492722,-112.073346,33.492722,-112.073346],[26,11]
fYCHBLtCY-I6j8UjC3ZCvQ,33.439648,-112.026154,200,[33.439648,-112.026154,33.439648,-112.026154],[99,48,11]
IXvCTjqmk1haSQoP3tEt_Q,33.3194165,-111.9652346,4,[33.3194165,-111.9652346,33.3194165,-111.9652346],[11,63]
3dUpHZLkNj-8XiWRGyF_Dw,33.538776,-111.9749025,7,[33.457863,-112.068359,33.619689,-111.881446],[38,48,39,11,54,55,122]
B7SEUU4lb5dak27PdaZNEw,33.597833,-111.9784028,5,[33.597833,-111.9784028,33.597833,-111.9784028],[38,99,128,39,296,11]
LBG7PR2n9TLPVf9SuoSpSw,33.502191,-111.996292,4,[33.502191,-111.996292,33.502191,-111.996292],[109,38,11,39,63]
ZCeZ9TGyWdAda-PtupeKow,33.423591599999995,-111.929581,23,[33.4194512,-111.943236,33.427732,-111.915926],[38,7,47,88,39,48,11,26]
rpvZJ32Ddkg16CC6bbZYhQ,33.408593637118,-111.8120991,7,[33.392989774236,-111.834474,33.4241975,-111.7897242],[7,194,142,57,69,43,11]
C_63PhYKprUPslv12xAFWA,33.411498,-111.94413,8,[33.292661,-112.047101,33.530335,-111.841159],[211,32,26,11]
ZmnvrMWa2ZYYfufwkc_IGw,33.507715,-111.96879275,200,[33.390792,-112.0152845,33.624638,-111.922301],[48,11,210,109,38,39,168,229,119,99,352,40]
gsMVXAI9su3B26Fd4vyyRQ,33.498382750000005,-111.94529105000001,200,[33.4962205,-111.9641728,33.500545,-111.9264093],[109,38,11,39,440,140,40,48,119,99]
qFa_mYhSgZ-Q_dAyQv7u1A,33.553421,-112.191037,1,[33.553421,-112.191037,33.553421,-112.191037],[7,8]
pq8mrMtRR2__RivjqB9U0A,33.4587629,-112.0704651,1,[33.4587629,-112.0704651,33.4587629,-112.0704651],[57,186,6,17,18]
yxvGW0w7Lu6iH3eRskzH6A,33.326667099999995,-111.84928245,6,[33.2435992,-111.857263,33.409735,-111.8413019],[38,26,39,11]
qDODC_9fKsPQNsmYM6PkJQ,33.43475,-112.00644,6,[33.43475,-112.00644,33.43475,-112.00644],[28,170]
cJ_A79VBI5gFhUSOV90ujg,33.492985,-112.286067,2,[33.492985,-112.286067,33.492985,-112.286067],[181,11]
1h-Pw_tug9Unc05hYDcScw,33.404078979193,-111.8242305341975,76,[33.306176258386,-111.9276185,33.5019817,-111.720842568395],[99,48,11,43]
Ft_COhp7NwlT8Vs9SAR8Aw,33.3370939,-111.8760633,2,[33.3370939,-111.8760633,33.3370939,-111.8760633],[251,11]
3vDMNCeaiS6SgaheUZv8qA,33.64006095,-112.11577460000001,7,[33.6400224,-112.1201999,33.6400995,-112.1113493],[7,26,11,39,38,27,128]
NOhf3XllLIqO0Xc-EacTNQ,33.626933,-112.100731,37,[33.626933,-112.100731,33.626933,-112.100731],[212,26,11]
2DdE2S88thJrg9E4LySLbg,33.6459785,-111.9170571,2,[33.6459785,-111.9170571,33.6459785,-111.9170571],[33,265,11]
7Gk2wmg37vbyP65ME1UfSw,33.403633400000004,-111.95785515,9,[33.3090064,-112.0745395,33.4982604,-111.8411708],[24,11,38,39,26,48,296,88,298,33]
4Ik1ih4MZ_FuBIoPvjyPeg,33.493753,-111.928103,2,[33.493753,-111.928103,33.493753,-111.928103],[104,65]
JTd_HLrtLDg7YSjLq_8I_A,33.5414061576542,-111.99998500000001,10,[33.4798805,-112.073533,33.6029318153084,-111.926437],[44,296,11,7,36,99,26,265,483,98,10,9]
MreP9dBoxaWmsHS8LzEyrA,33.363531,-112.08243,1,[33.363531,-112.08243,33.363531,-112.08243],[38,39,205]
1P8Cojr9yGhVfzvF2j9fCA,33.41297445,-111.92742734999999,5,[33.3547012,-112.0650649,33.4712477,-111.7897898],[7,108,48,11,71,72,247]
turPLVMfH1YH-2kMtM9LLw,33.3785941,-111.9113033,57,[33.305681,-112.0354128,33.4515072,-111.7871938],[7,292,108,11,6,21,57,39,145,194,88,38,298,192,46,148,15,191,244,172,139,225,8,250,44,127,26,126,97,99,91,79,121,98,112,35,77,36,248]
wTl650iIdHn9bot23I_gXw,33.50280618047875,-111.9977950395155,3,[33.3497113609575,-112.0656645,33.655901,-111.929925579031],[7,449,97,11,26,108,338,201]
-2PFmYGWB6rQhZtRh6PlPA,33.3781727,-111.9584325,23,[33.306806,-112.073079,33.4495394,-111.843786],[26,11,119,99,149,97,177,140,192,126,65,133,168,7,449,71,72,63]
eLOGS2cLzi-RKBqdOPpw8A,33.6404484,-112.0677151,1,[33.6404484,-112.0677151,33.6404484,-112.0677151],[43,11]
tg3dhQN6xwbDh8wUgRB9Gg,33.4922635,-112.02356265,2,[33.4556958,-112.0740398,33.5288312,-111.9730855],[7,36,8,247,161,195,65]
tDD9jKSahgku1MQYJ5E7xw,33.5391636,-112.07385694999999,18,[33.3939372,-112.270429,33.68439,-111.8772849],[26,11,38,39,40,177,7,162,43,57,56,145,186,6,126,28,17,29,109,48,210,97,88,89]
CX82w_taFmZR6HTis_nw9w,33.56742935,-112.1160232,9,[33.390792,-112.3357185,33.7440667,-111.8963279],[28,158,17,29,161,411,54,65,11,63,119,33]
fBPpaCyxBZGLTpAMxilQOQ,33.6753306,-111.9633729,3,[33.6753306,-111.9633729,33.6753306,-111.9633729],[38,48,39,40,11]
OKZtblIBacX4MFDcsvdayQ,33.43671245,-112.0080978,200,[33.435146,-112.0178286,33.4382789,-111.998367],[44,24,11,119,38,99,39]
upRmhzTYVD-h6XvXAAZTaQ,33.302011,-111.842615,73,[33.302011,-111.842615,33.302011,-111.842615],[109,38,48,39,11]
ozOjQSRGEmJ-QPmSC3q6yw,33.69807705,-112.18709965,17,[33.531725,-112.261226,33.8644291,-112.1129733],[27,11,38,99,181,39,48,7,8,63]
RFCz1TQGisK5MgVgDHaGPQ,33.43475,-112.00644,200,[33.43475,-112.00644,33.43475,-112.00644],[28,170]
Tebei3GPR7JZfqD87Q0F9g,33.4918756799029,-111.930513381958,2,[33.4918756799029,-111.930513381958,33.4918756799029,-111.930513381958],[98,7,292,17,62]
KXvvCJXqC-PG8SGWCNMEDw,33.5097979,-112.0119734,46,[33.5097979,-112.0119734,33.5097979,-112.0119734],[11,63]
LF_6gRc0ChMPTifr-TLE6A,33.4842799,-112.0786556,5,[33.4842799,-112.0786556,33.4842799,-112.0786556],[46,6]
Rha3YXeXwnWxSrYE3Zi5nA,33.464349,-111.908369,5,[33.464349,-111.908369,33.464349,-111.908369],[224,11]
xWvlwZjmgy9_0UyiqFxbVQ,33.615191,-111.898327,2,[33.615191,-111.898327,33.615191,-111.898327],[65,369,220,104,54,105]
zjLRw33xDZI2__oZyROUPg,33.59250515,-112.00407100000001,4,[33.5299053,-112.081705,33.655105,-111.926437],[126,97,11,149,265,483]
vKGekmEAKAQps69Di7VvIQ,33.460294,-111.985653,3,[33.460294,-111.985653,33.460294,-111.985653],[28,17,29]
LhFsg80VyL3n5Me4uAcYKg,33.4471735,-112.073781,1,[33.4471735,-112.073781,33.4471735,-112.073781],[48,11]
BpCDu2XmfhzM0Qlyqm1oRw,33.318264,-111.965385,1,[33.318264,-111.965385,33.318264,-111.965385],[6,35]
FSbzWWUImH15i7eLbN_NIA,33.3929499,-111.9115003,12,[33.3929499,-111.9115003,33.3929499,-111.9115003],[65,133]
MmFJEC3PSNbD7mo3bhuhyA,33.67528011823195,-112.22507203551399,3,[33.6381341,-112.3373424,33.7124261364639,-112.112801671028],[265,99,185,11,63]
UYhUmMvy7DXtu00RIkAfjQ,33.3356021,-111.7583653,56,[33.3356021,-111.7583653,33.3356021,-111.7583653],[24,11]
lXlt790HRJX7fIsq7aTN-Q,33.6643143,-112.1184366,10,[33.530335,-112.1897722,33.7982936,-112.047101],[26,11,27,7,138,139,97]
ZcP9ZuWXfLRth6CrQvEj6Q,33.2475,-111.87918,2,[33.2475,-111.87918,33.2475,-111.87918],[48,11]
DYWYf5NoG00YtkcHdx9eIw,33.3565426,-111.8462269,3,[33.3181,-111.8592538,33.3949852,-111.8332],[10,24,11,4,6]
Btph1wnrHKSZs6DkZXfMXQ,33.5571471,-112.0810131,20,[33.4477082,-112.2363922,33.666586,-111.925634],[43,11,168,265,99,24,26,127,7,108,27,63,44,48,126,97,54,324]
RqzTGRlRhF-f4exeaEw3tA,33.557959100000005,-111.9730457,38,[33.4920033,-112.020561,33.6239149,-111.9255304],[27,11,48,126,97,119,99,63]
LvGC0do89uWKWbNrqFFwHA,33.551543300000006,-112.141323,156,[33.4272015,-112.342441,33.6758851,-111.940205],[26,11,119,99,28,170,333,7,8,271,46,6,322,57,33,44,38,181,39,40]
4ywb0jhJePq3eNvDgIAGGw,33.500804099999996,-111.87611645000001,46,[33.302973,-112.082092,33.6986352,-111.6701409],[104,195,65,98,7,24,11,34,6,77,35,38,140,39,40,48,63,27,127,161,28,17,29,49,50,52,26,119,102,103,333,224,88,298,142,108,44,206,47,168,144,33]
rc3qsTgP1uSuYzS0vnT1sQ,33.3947699,-111.9088938,4,[33.3947699,-111.9088938,33.3947699,-111.9088938],[33,117,48,11]
7Xy_GxZbsMVa1pg_BYZ3cw,33.49220525,-111.9332714,3,[33.3480722,-111.9451471,33.6363383,-111.9213957],[224,251,11,149,229,212,43]
nrs9jqza1TYWxwmXmTqzqA,33.5640364,-111.947774,9,[33.546,-111.96828,33.5820728,-111.927268],[65,133,78,79,96,72]
oP1oYQXfVJ0qvAsD4AVAwA,33.6388722,-112.3567039,3,[33.6387136,-112.3590018,33.6390308,-112.354406],[27,11,33,185]
qeKhQRzpSUDGrU7IwiuAuA,33.49675845,-111.99814749999999,4,[33.413158,-112.120516,33.5803589,-111.875779],[41,42,43,11,251]
qJRvhvM0gsLwemjaw3ybhQ,33.4234408327431,-111.939622163773,1,[33.4234408327431,-111.939622163773,33.4234408327431,-111.939622163773],[109,38,27,39,11]
zqH1my41lrpzHE1MLWPFtA,33.487600199643,-112.0533926,16,[33.458736399286,-112.0915007,33.516464,-112.0152845],[49,80,82,59,109,38,48,39,11,24,7,187,10,139,351,57,56,101,88,40]
oC0kwGvgaAeT3ZIxdxTcJA,33.4915381,-112.10916304548499,157,[33.3044612,-112.34971999097,33.678615,-111.8686061],[309,285,11,38,145,57,205,39,40,74,24,109,48,63,84,124,125,212,43,119,49,128,341,26,99,88,219,218,10,41,476,80,82,59,7,47,6,45,65,148,204,101,200,66,52,126,97,307,172,8,27,12,114,13,22,182,139,113,423,265,143,137,140,202,72,221,161,28,17,29,108,142,33,44,440,167,293,357,177,445,127,292,186,89,298,37,32,168,181,229,210,62]
YGrEq3fitnTxpVgW3a7QZg,33.38536285,-111.96843275,2,[33.3488957,-111.9766015,33.42183,-111.960264],[168,126,97,11,98,7,292]
o_sMGgHvk4cDM6g2aK81Xw,33.4930514,-111.9339561,16,[33.4930514,-111.9339561,33.4930514,-111.9339561],[28,17,29]
coj7t8eqMB6iCvgu2ZNJ-w,33.4837225,-112.0476668,5,[33.4837225,-112.0476668,33.4837225,-112.0476668],[98,7,10,192,11]
hvhJGbKTX4AscnhQaB1TLA,33.5962399,-112.2009493,6,[33.5962399,-112.2009493,33.5962399,-112.2009493],[27,11]
8YiYjbQ9K8UbcQIVA48vjg,33.379261,-111.940552,3,[33.379261,-111.940552,33.379261,-111.940552],[99,11]
uE184gBw6s_uPnwlACSxSA,33.302327,-111.756703,7,[33.302327,-111.756703,33.302327,-111.756703],[155,54]
kJVejQX8lfSVovBVkjH9LA,33.4990986,-111.9259123,15,[33.4990986,-111.9259123,33.4990986,-111.9259123],[38,265,39,11]
3ch-JeRygCmrXf4mwZ9JTg,33.5668585,-112.06459570000001,21,[33.455863,-112.2040132,33.677854,-111.9251782],[48,11,155,54,26,38,39,40,109,63,33,307,7,108,201,119,212]
R2HQmm4M-api4w5HY8me5w,33.517254199999996,-112.102891,3,[33.4956214,-112.136663,33.538887,-112.069119],[192,11,181,119,24]
r-zwGpl12La0MQn4Jf-2hw,33.5568915,-112.198410495485,14,[33.44238,-112.34971999097,33.671403,-112.047101],[38,143,39,43,11,99,120,109,48,26,24,205,119,57,146,91,51,49,312,27]
v3IrMAMxz9ScN0dtU_eS8A,33.4867292,-112.06055185,11,[33.449188,-112.083886,33.5242704,-112.0372177],[7,142,38,140,39,40,48,11,10,108,24,119,61,13,6]
axQzSBO4qfLm4ROVEG8dhg,33.4400218894845,-111.93292243936,3,[33.378062078969,-111.93822637872,33.5019817,-111.9276185],[7,108,38,48,39,11]
SvkiVR1hSDco6rsnRFoeqA,33.321342,-111.982554,4,[33.321342,-111.982554,33.321342,-111.982554],[98,7]
j3YgvJxn5vTH-jm_4FBBGw,33.456751249999996,-112.0698011,3,[33.449233,-112.0741442,33.4642695,-112.065458],[27,11,63]
DKsWAfmecuqwQAqOr8y98A,33.510999999999996,-111.9260573,8,[33.399991,-111.9475246,33.622009,-111.90459],[251,11,7,139,24,63,88,38,99,39]
HLQElJXHmgqmreCx1rKQ8Q,33.5428054,-112.0470164,19,[33.4471735,-112.1897428,33.6384373,-111.90429],[84,419,71,72,48,11]
6IOzwzZpxrB5CA7WxDlOZg,33.429154,-111.90036,4,[33.429154,-111.90036,33.429154,-111.90036],[177,11]
4HoS49iZkdUgUyksNpqrvA,33.5170308,-112.0137385,177,[33.43475,-112.0474569,33.5993116,-111.9800201],[28,17,29,27,11,33,44,170,63,38,99,128,39]
0RMtr2ADHgAc65oOz-thQQ,33.5700997,-112.23607295,11,[33.5079352,-112.4244222,33.6322642,-112.0477237],[265,11,27,65,133,43,24,33,38,39]
D27LJyqNKSFogWjmtGRZsA,33.5097768,-111.9957399,1,[33.5097768,-111.9957399,33.5097768,-111.9957399],[38,48,39,11]
pNv6lyBfJITFITz-iIKPzw,33.532640650000005,-112.03404330000001,3,[33.465496,-112.081138,33.5997853,-111.9869486],[112,6,151,119,201,99,11]
rg8Jhcy7zgqgJ0_Eig1bHg,33.2796055,-111.7890165,8,[33.2796055,-111.7890165,33.2796055,-111.7890165],[78,79]
7GB3QKFUV17d1dwfqR1T_w,33.5692083,-111.99743765,9,[33.4983942,-112.1113493,33.6400224,-111.883526],[7,162,212,63,97,11,48,142]
FLdun6KWwAh-gC8VHVZGCw,33.43830165,-111.8280573371885,163,[33.3027873,-112.118439674377,33.573816,-111.537675],[168,42,43,11,57,146,91,51,49,312,52,32,95,222,185,17,152,7,8,6,200,470,145,39,119,62,24,224,26,97,33,44,219,218,41,251,305,157,103,296,292,108,322,120,15,191,38,47,88,48,142,99,265,182,140,212,298,46,239]
MxA_wJOmUJxN1AmELO0RjA,33.480965144079,-112.05810865000001,11,[33.4482331,-112.0741143,33.513697188158,-112.042103],[202,72,281,287,7,98,108,172,11,49,80,59,48,96,39,205]
laWkTbqmmMMbBTwTrR7rjQ,33.3786447,-111.8912399,6,[33.3786447,-111.8912399,33.3786447,-111.8912399],[101,38,57,39,145]
pTbArU2Ffy3o-pehmQvlng,33.4531502,-111.9869274,10,[33.4531502,-111.9869274,33.4531502,-111.9869274],[28,17,29]
1nJcM-R_-n-nRY-Cj8wI_w,33.4846413,-111.9113802,9,[33.423546,-111.937394,33.5457366,-111.8853664],[48,11,7]
ijjJPHgGVUhqBSuyj3wrPg,33.5759106,-112.06531,1,[33.5759106,-112.06531,33.5759106,-112.06531],[78,79]
odLBL37pT5T9hqcfzDifoA,33.546494100000004,-112.09566559999999,18,[33.509844,-112.1553012,33.5831442,-112.03603],[63,27,11,119,48,4,6,38,99,39,296,128]
2aIUCIqrfGQIc2VA6Godrg,33.5094087,-112.0687564,1,[33.5094087,-112.0687564,33.5094087,-112.0687564],[88,7,38,47,39]
qEP9j5D01Gxu34FzM0KQiw,33.4588121,-112.07151855000001,5,[33.4581958,-112.0753485,33.4594284,-112.0676886],[38,6,145,186,57,39,32,95,222]
SZ6Mb6O9m9a0AXKXM6faXQ,33.4820176412898,-111.684434240371,1,[33.4820176412898,-111.684434240371,33.4820176412898,-111.684434240371],[27,11]
_k1lZP9bVrmIYpfwLLtZZA,33.37794445,-111.94407525,19,[33.3488009,-111.9766015,33.407088,-111.911549],[126,97,11,168,49,80,59,65,133]
VcAQSGLgTI0RBjrHlePWow,33.592804,-111.9799772,2,[33.592804,-111.9799772,33.592804,-111.9799772],[49,80,82,59]
GQDWRhdjbTkp_xXeNnSSjw,33.511054,-112.081972,6,[33.511054,-112.081972,33.511054,-112.081972],[72,268,32,269]
ZFsI0f02g3UxScxQRmitMg,33.52888,-111.88416050000001,98,[33.418418,-111.927751,33.639342,-111.84057],[99,11,38,26,39,7,98,10,9,224]
FAevTvURu5YZ8i7BF_-KIA,33.7084086,-112.272659,2,[33.7084086,-112.272659,33.7084086,-112.272659],[12,13,6]
-huJ4ZAZGXww81eTw2IUOA,33.5489064,-112.004357,2,[33.5123186,-112.013359,33.5854942,-111.995355],[119,99,11,224]
YavFbDG7DUOTXJBLxpq97A,33.51942715,-111.97593535,34,[33.3633837,-112.073196,33.6754706,-111.8786747],[43,11,12,114,13,6,22,98,7,24,119,38,48,39,26,127,30,32,302,110,1,141,27,108,8,33,265,126,97,54,55,122,140,40,14,15,224,63,61,143]
cp1UUSlcuQzcVnapKljQIQ,33.4942939,-111.925316,8,[33.4942939,-111.925316,33.4942939,-111.925316],[26,11]
HP7I10gjTxVaF-18_1nnaw,33.508743508303496,-112.02918701255601,162,[33.508533016607,-112.0293073,33.508954,-112.029066725112],[210,11,28,17,29]
g3maenY9AgoZ6koLJZibpw,33.408232346163,-111.88895784504,2,[33.408232346163,-111.88895784504,33.408232346163,-111.88895784504],[71,72,287]
YtU841isDxnHY0NB4BNz6Q,33.566729300000006,-111.9120092,2,[33.5555237,-111.925315,33.5779349,-111.8987034],[11,63,218]
ODE-YbrDqs-fl7YUMJ-HQA,33.5612589,-112.1156244,1,[33.5612589,-112.1156244,33.5612589,-112.1156244],[48,185,11]
hDoxAj_qdhrBU6Ky5sFi9g,33.5555237,-111.8987034,5,[33.5555237,-111.8987034,33.5555237,-111.8987034],[218,11]
J_sTdE2FJnbr6cokaitwaA,33.7132918190901,-112.139865159988,2,[33.7132918190901,-112.139865159988,33.7132918190901,-112.139865159988],[54,317]
C4Exd92gDae5oCBIZMoeFg,33.40341335,-111.96133925,25,[33.304845,-111.99506,33.5019817,-111.9276185],[120,11,17,62,63,27,57,69,38,48,39,7,108,119,172,470,145]
xcw4nXoopJ1lYOZ7_AUDjw,33.5065813,-111.9257416,1,[33.5065813,-111.9257416,33.5065813,-111.9257416],[132,105,65]
bqPpAr3ahmCzPGSgF3myAQ,33.4661258,-111.9175385,3,[33.4661258,-111.9175385,33.4661258,-111.9175385],[38,48,11,128,39]
q0tyreOQU5b6Y5pfMYZoYw,33.5660351196626,-112.014620711686,124,[33.5372522393252,-112.065439,33.594818,-111.963802423372],[137,7,139,24,11,63,99]
b-ztpQuGn-DX8Wtz-2lMgQ,33.66098705,-112.2413812,4,[33.639403,-112.3039728,33.6825711,-112.1787896],[195,65,49,82,59,338,382,206,11]
lrCtzwI4a3uuxyLuZOa-9A,33.6150103,-111.9138752,2,[33.6150103,-111.9138752,33.6150103,-111.9138752],[57,20,58,59,49,56,23]
Sk466U-SNAOSle6XgefcyA,33.536729,-112.264529,4,[33.536729,-112.264529,33.536729,-112.264529],[26,11]
OlcZTrqiRG2Oub5BhlAU2g,33.47775275,-111.9129656,4,[33.465448,-111.9262552,33.4900575,-111.899676],[311,88,38,39,11,308,54,242,238]
rrcfqGSRkLutBsZ0b1jvTQ,33.65388815,-111.9319191,3,[33.6071829,-111.9403254,33.7005934,-111.9235128],[26,11,63]
FtnA0h-YAlDdiVmLaPoyIw,33.5394005033294,-111.924451589584,1,[33.5394005033294,-111.924451589584,33.5394005033294,-111.924451589584],[168,97,11]
v-QA7zDJ6Y07LoW5M9BjRw,33.38954615,-111.95309775000001,15,[33.305824,-112.0649453,33.4732683,-111.8412502],[6,270,26,11,35,48,7,33,142,24]
YSYrU4bCL-X_AT-hp7FHsA,33.48875725,-112.0302337,37,[33.4471735,-112.073781,33.530341,-111.9866864],[28,17,29,38,99,88,39,40,11,127,63]
U8PldGXGBLc7NHOCYR16gw,33.646427450000004,-112.08274055,2,[33.6371726,-112.2354666,33.6556823,-111.9300145],[57,145,205,39,48,11,212]
hPcne5WCiDuDDB4M1IF3iA,33.4040326,-111.95238739999999,14,[33.2614572,-112.047023,33.546608,-111.8577518],[43,11,27,7,292,98,88,38,39,298,109,63,119,99,162,33,48,224,28,17,29]
wr0wopmGtXDghbtk1FPmcQ,33.2909097,-112.0357137,4,[33.2909097,-112.0357137,33.2909097,-112.0357137],[374,32,95]
57f5XdwxSQvjKnR2RQ-nQQ,33.49834655,-112.32775388253,5,[33.464277,-112.39201426506,33.5324161,-112.2634935],[126,11,97,28,17,29]
zvgQkY3MLsF6R1-PuktgaA,33.57531455,-112.1015309,20,[33.5100398,-112.3114297,33.6405893,-111.8916321],[33,38,39,11,63,27,57,327,98,7,265,126,97]
fd5JdvbQ4IKpNs4s6KP2lw,33.4691316,-112.0475116,16,[33.4691316,-112.0475116,33.4691316,-112.0475116],[26,11]
xdaYn5rkug9LfOCUujtktA,33.6396834,-112.219969,1,[33.6396834,-112.219969,33.6396834,-112.219969],[182,48,140,11]
utgQMFqGQNcKfiNUBtHUWg,33.4471735,-112.073781,1,[33.4471735,-112.073781,33.4471735,-112.073781],[11,63]
eF0eSEA-nI27z5P_GtZYTA,33.62039025,-111.8852915,2,[33.6202185,-111.8963279,33.620562,-111.8742551],[119,11,63,27]
C_zU-HGC-eG9fwdjeLSHGw,33.554825,-111.899636,1,[33.554825,-111.899636,33.554825,-111.899636],[119,201,11]
Xv9-n7dpZj24Wgm12qQXyA,33.42497845,-111.9172426,9,[33.2664769,-111.9918702,33.58348,-111.842615],[7,142,311,88,38,39,11,109,27,224,48,63,36,126,97]
6rx94sVPYHwIk2SzxWFkqw,33.474883500000004,-111.9787618,4,[33.3789539,-112.0657374,33.5708131,-111.8917862],[26,11,43,88,38,39,89]
ggEHaGGCiUVmE2N5iZy6DA,33.66566335,-111.97371185,47,[33.499006,-112.0608177,33.8323207,-111.886606],[126,11,7,99,47,212,63,97,265,112,6,254,173,248,30,13,45,33,117,267,182,172,48,142,119,120,340,210,35,32,203,24,39,293,36,46]
yPD7ZWW91jjldLMy_s7qzQ,33.64032,-112.361552,3,[33.64032,-112.361552,33.64032,-112.361552],[63,27,11]
YrK-_qwluk6b5tJbrFrLdA,33.4360415,-111.9956337,1,[33.4360415,-111.9956337,33.4360415,-111.9956337],[28,240,241]
skxbwl2hF50jZenoj_UDwA,33.458341,-112.067833,1,[33.458341,-112.067833,33.458341,-112.067833],[7,108,119,11]
cC2RtYIzbD1GST79GXMB-Q,33.4592959416966,-112.395467777214,3,[33.4592959416966,-112.395467777214,33.4592959416966,-112.395467777214],[30,8,13,6,7,110]
x8k83QbAAIWqygo05w3ulA,33.4321397,-112.0420074,3,[33.4321397,-112.0420074,33.4321397,-112.0420074],[28,271]
g-p9oxVKCSVfM-SNAZE93w,33.5419612786892,-111.9839841684965,93,[33.4566960573784,-112.072327136993,33.6272265,-111.8956412],[48,24,11,7,47,119,99,292,338,206]
w7DyaRCXvSKXO4jfCzgGmw,33.609619,-112.123848,7,[33.609619,-112.123848,33.609619,-112.123848],[141,6]
ma_9W0IAT8E5g1p7svAz8A,33.652509,-111.932952,2,[33.652509,-111.932952,33.652509,-111.932952],[64,161,65]
0uunLaLQgHv_s5X4p76Mwg,33.4346646089965,-111.994210481644,24,[33.4346646089965,-111.994210481644,33.4346646089965,-111.994210481644],[48,11]
VL-Wp_wba_BU3qSoRf27MQ,33.48141245098115,-112.0001809925535,8,[33.4537869019623,-112.073196,33.509038,-111.927165985107],[182,172,11,38,140,39,40,48,26]
IMurhXQecg_9uTJKNrcZEQ,33.5852948,-111.98827779999999,3,[33.3061605,-112.1353054,33.8644291,-111.8412502],[333,185,11]
R2SCFhSKyjj_DOB8p1yJ5A,33.581877,-111.925123,3,[33.581877,-111.925123,33.581877,-111.925123],[27,11]
3VNcUOix40nWglhL-BnFSg,33.48875135,-112.0025186,13,[33.4480659,-112.078017,33.5294368,-111.9270202],[38,39,40,27,140,11,7,36,8,6,145,186,57,182,218,98,108,172,138,139,24,47,48,205]
6ZA2hCj4DF3iMeyV2yUE8A,33.3734995,-111.95288725,14,[33.2475,-112.0265945,33.499499,-111.87918],[109,38,201,39,11,33,119,99,48,7,10,9,168,63,40]
MevHLh2xVAcBVOwvs0jS1w,33.4951366,-112.0012318,28,[33.4951366,-112.0012318,33.4951366,-112.0012318],[48,11]
1MSWB2_BcdpUPzI8RR4Upg,33.683479,-111.966112,10,[33.683479,-111.966112,33.683479,-111.966112],[161,28,29,17,65]
G-FyatjCEmspIGts2MTN0A,33.4624066,-111.79523950000001,200,[33.4154064,-112.0380952,33.5094068,-111.5523838],[28,17,29,84,124,125,170,99,11,27]
Pokl7hg0-dfO8dO8m3SoJg,33.4809105,-111.9141484,5,[33.466844,-111.9289893,33.494977,-111.8993075],[208,6,35,130,32,24,11,108,145,7,57,39,351]
B69Q1t9U22T_a2e85eSdHA,33.480203,-111.9825532,13,[33.480203,-111.9825532,33.480203,-111.9825532],[26,11]
8tcJoeqvoL0eHiIRIP-CfA,33.5183691,-112.0047498,17,[33.5183691,-112.0047498,33.5183691,-112.0047498],[99,11]
2t6fZNLtiqsihVmeO7zggg,33.58348,-111.883526,2,[33.58348,-111.883526,33.58348,-111.883526],[7,142]
lKrCFLvaAMn6TzN2DvuMcA,33.6273043125159,-111.894766598404,3,[33.6273043125159,-111.894766598404,33.6273043125159,-111.894766598404],[57,69,48,11]
pf4qcDBKqkWG4uuHnwRMlw,33.57259345,-111.92107505,101,[33.4977299,-111.9263351,33.647457,-111.915815],[38,11,26,128,39,28,17,29,48]
GTwnjEpMe5btJ7S3KPLyTg,33.53864818462115,-111.99820646820851,3,[33.4528292,-112.0685027,33.6244671692423,-111.927910236417],[117,214,11,24]
ds-mCfYTiYMj8nbofaPv0g,33.4238606,-112.0058375,166,[33.331655,-112.029562,33.5160662,-111.982113],[161,28,65,17,29,33,119,99,11]
rwm1XnAND_Yev4DavbGnpg,33.3496805,-111.9487453,1,[33.3496805,-111.9487453,33.3496805,-111.9487453],[113,6,116]
XAWEP7l_bkrcND2s63fByA,33.495343,-112.022973,1,[33.495343,-112.022973,33.495343,-112.022973],[43,11]
pQaq2iqq6q79FzWlGR5cWA,33.7743206260014,-112.056624032016,7,[33.6753306,-112.149875164032,33.8733106520028,-111.9633729],[46,13,6,372,30,119,11,38,48,39,40,185]
KSrWP1nQvIJyn3jdWbYMjQ,33.449858,-112.071886,20,[33.449858,-112.071886,33.449858,-112.071886],[28,17,18,29]
QD0Lp6SMzcNEAzXYOUwp1A,33.017727,-111.392423,3,[33.017727,-111.392423,33.017727,-111.392423],[11,27,63]
qrX3s0BfiHQTH_gmnyysjw,33.438234603793,-111.841585575485,56,[33.220784807586,-112.0999,33.6556844,-111.58327115097],[99,11,7,24,108,119,30,8,13,6,110,142,26,33,38,39,169,138,139,352,48,28,17,29,88,89,182,126,137,98,296,47,27,322,57,56,292,36,109,63,44,141,345,340,201,4,5,425,160,251,309,285,10,192,190,140,97,156,247,40,69,127,46,49,80,82,59,430]
wcL-ND3oAPlawc1I2FHbjw,33.5160662,-112.029562,2,[33.5160662,-112.029562,33.5160662,-112.029562],[161,28,65,17,29]
N-GQu7N2XuDma6Gn5AmMKA,33.49777805,-111.92368895,140,[33.492962,-111.9296765,33.5025941,-111.9177014],[97,11,33,126,27,38,48,39,224,28,17,29]
jnBm51LNmoEaLUZB17XrIQ,33.5391796554639,-111.923670625261,1,[33.5391796554639,-111.923670625261,33.5391796554639,-111.923670625261],[98,7]
fG0p4iLFlrTUJzUny0s9rA,33.4399403,-111.9274148,2,[33.4399403,-111.9274148,33.4399403,-111.9274148],[72,287]
GdekSs5TvIHIe3157aOx3A,33.55522268886215,-112.30333803253001,3,[33.4720905777243,-112.39201426506,33.6383548,-112.2146618],[126,11]
zwc3v1E7KNQh0FK9z5diQg,33.39248278898085,-111.8584074272095,37,[33.2762703,-111.927080154419,33.5086952779617,-111.7897347],[33,119,11,7,108,48,377,323,99,24,149,109,38,39,63]
NEEUSHUw9Gasq_oE4RL94w,33.292661,-111.841159,3,[33.292661,-111.841159,33.292661,-111.841159],[211,32]
sGioMpXmP0HS4t1DKr3eBw,33.615781,-111.8868394,18,[33.499504,-111.927891,33.732058,-111.8457878],[33,38,117,39,11,48,24,106,54,226]
nyks5j-5fWtZtqxseOigQw,33.53255979062635,-111.9102338008575,2,[33.4960516,-111.9303102,33.5690679812527,-111.890157401715],[119,11,338,214,206]
BYrLeXcQSG5qlf889iYI8Q,33.5088652465793,-111.925004124641,57,[33.5088652465793,-111.925004124641,33.5088652465793,-111.925004124641],[11,63]
9J21JEtHPNkXi0mJBCt5kA,33.61880805,-112.15204215,13,[33.597474,-112.1849973,33.6401421,-112.119087],[265,11,26,7,8,99,44,39,28,17,29,33]
dODa1AVTIGtTGc8irP0kEQ,33.407717,-111.950803,1,[33.407717,-111.950803,33.407717,-111.950803],[43,11]
gHjfdbRjIQQ3AaUzRa6bsQ,33.515577300000004,-111.9254907,5,[33.491695,-111.926503,33.5394596,-111.9244784],[48,11,104,161,195,65,7,313,27]
C-ghB2QUu_qumBp1dX5UoQ,33.5948508,-112.3782723,1,[33.5948508,-112.3782723,33.5948508,-112.3782723],[65,133]
na-9YP5uZk3caUmRLyHpPg,33.5793892,-112.1195513,200,[33.5793892,-112.1195513,33.5793892,-112.1195513],[28,17,29]
EYZqvbE24GIPxEj-709_xA,33.487599349999996,-112.06619889999999,4,[33.4657898,-112.100038,33.5094089,-112.0323598],[41,400,11,26]
tCKN_ILGifNvpJMENTXOkQ,33.486817,-111.982712,19,[33.427634,-112.065458,33.546,-111.899966],[99,11,38,88,39,40,63,27,33,48,26,127]
2gIg2MNzgFBSAg8ObBXJcg,33.507425,-112.0366323,1,[33.507425,-112.0366323,33.507425,-112.0366323],[11,63]
NOgUDhql_0TXIS3SOdvQfg,33.43475,-112.00644,200,[33.43475,-112.00644,33.43475,-112.00644],[28,170]
j8CGT7NZ0SFDEpapo93dHA,33.50226715,-112.04683635,2,[33.4949347,-112.0916152,33.5095996,-112.0020575],[38,293,39,40,128]
dy72pn6ELGNNr1eSg-Xn-w,33.34905865,-111.9158595,9,[33.3051122,-111.99506,33.3930051,-111.836659],[15,6,191,33,11,84,125,7,108,119,172,26,493]
wBNl-bHfTpNBUb_YZpw8LA,33.448717,-112.059954,3,[33.448717,-112.059954,33.448717,-112.059954],[26,11]
t1N4BT_OVh4zJOXg4HVssQ,32.960398,-111.338143,3,[32.960398,-111.338143,32.960398,-111.338143],[28,471,17,29]
_qOJdvpDvU3XT8Rx6ELIGA,33.566626,-112.09988440000001,22,[33.495263,-112.2712148,33.637989,-111.928554],[224,11,99,48,26]
REiitJoaTW_AFlmMANTglw,33.493385,-111.925028,1,[33.493385,-111.925028,33.493385,-111.925028],[7,139,24,11]
6lCONi0sj3nUJKw_c0M7zg,33.5093453,-112.0588374,3,[33.5093453,-112.0588374,33.5093453,-112.0588374],[38,210,26,39,11]
VHJxk9PZhQA07WWTkCrF7Q,33.449858,-112.071886,173,[33.449858,-112.071886,33.449858,-112.071886],[28,17,18,29]
qrVKWrW2N7-Wn1Jgxg5j6w,33.552433300000004,-112.00968575,9,[33.4861786,-112.1172095,33.618688,-111.902162],[26,11,71,72,352,48]
3ZTYk3eMDaaASLV9Ku9hRQ,33.8000576,-111.9280264,2,[33.8000576,-111.9280264,33.8000576,-111.9280264],[65,158,17,28,161,29]
jBJXqCFHa9smOYERY9IGGA,33.5822419728561,-111.882346097728,1,[33.5822419728561,-111.882346097728,33.5822419728561,-111.882346097728],[7,98,10,9,11]
gaJ57E5WcSfjvp62s9I2Ng,33.44704353448755,-111.95401234333801,2,[33.414345,-111.994993686676,33.4797420689751,-111.913031],[192,11,33,99]
UZWy7mVIn7NzJxfPeCqWbw,33.5818251,-112.1250101,6,[33.5818251,-112.1250101,33.5818251,-112.1250101],[44,127,11]
Z5XmyfQZwTokErNr2YGltQ,33.5519571,-111.8858415,4,[33.4999005,-112.0549979,33.6040137,-111.7166851],[38,229,39,40,48,11,206,71,72,297]
4cqCi4rdvZxqZM3oxRULEw,33.5874955,-111.8390112,1,[33.5874955,-111.8390112,33.5874955,-111.8390112],[11,63]
-dF9A2Q3L8C0d2ZyEIgDSQ,33.594818,-112.065439,1,[33.594818,-112.065439,33.594818,-112.065439],[63,99,11]
UoywtXa_YCM6I9rsPBv-Ww,33.413763349999996,-112.01454955,12,[33.332316,-112.083952,33.4952107,-111.9451471],[224,251,11,39,205,57,6,145,186,38,40,24]
kIUzLYsMbnYi2FN5jIhvng,33.56367385,-112.14298015,3,[33.4952867,-112.3556173,33.632061,-111.930343],[429,32,48,11,168,229]
AS4tZ9iLiNP4tR61KpX9wA,33.67106847428,-112.030189633369,7,[33.67106847428,-112.030189633369,33.67106847428,-112.030189633369],[38,11,39,27,128,63]
nrOCJCQUgXwdUIwg8QHirw,33.5092027,-111.96413530000001,200,[33.43475,-112.00644,33.5836554,-111.9218306],[20,23,243,6,270,45,46,7,108,311,88,38,39,11,48,293,177,99,26,17,28,29,119,170]
SdatOTVxuQNY4AQx_xNkgw,33.4755081,-112.03434345,6,[33.4401954,-112.0824166,33.5108208,-111.9862703],[119,11,48,26,98,7]
vxxDxylGBxbQHN9QOQjAZA,33.495024,-112.063756,2,[33.495024,-112.063756,33.495024,-112.063756],[33,11]
1cTxKQ7hZqNUpvIT_E2trg,33.493625,-111.8916874,2,[33.493625,-111.8916874,33.493625,-111.8916874],[7,8,148]
AYsU2WxkTr19VlzwvBhTAg,33.4483771,-112.0740373,200,[33.4483771,-112.0740373,33.4483771,-112.0740373],[26,11]
gX3_58gfnFbkwt30rUta7Q,33.3661034,-111.89383534999999,5,[33.2233728,-112.083991,33.508834,-111.7036797],[182,172,11,48,38,143,39,205,99]
7w_yv1EcMjSCoCifxu8GEg,33.479174156257955,-111.824501649202,10,[33.331044,-111.894766598404,33.6273043125159,-111.7542367],[44,24,11,57,69,48,8,6,116,7,36,113,27,84,125]
XXlk-xtT0rOiqZB61HLsiA,33.62926014779765,-112.1582356585985,3,[33.6209669110673,-112.42430633302,33.637553384528,-111.892164984177],[7,162,119,11,10,24,44,296]
FckODNmz1AX0K69wXIqoTg,33.492820949999995,-112.12819074999999,6,[33.4471783,-112.1819312,33.5384636,-112.0744503],[38,39,40,57,145,48,11,224,33]
iBO2m9xXivsIbvFnZHsNvg,33.543686,-111.76273925000001,200,[33.3022417,-112.2619703,33.7851303,-111.2635082],[99,11,26,7,365,41,39,38,128,71,72,8,265,184,101,57,145,43,208,6,35,130,32,27,24,434,103,142,33,141,25,30,13,162,154,44,40,110,49,102,52,17,62,296,63,48,112,252,253,254,54,242,127,155,120,47,69,96,281,168,73,200,98,137,139,123,65,192,4,115,100,425,84,124,125,202,5,160,119,126,97]
sYxD6VdrAaajp-gxim0I_Q,33.5588452,-111.97244090000001,10,[33.477178,-112.0190828,33.6405124,-111.925799],[48,11,123,65,119,24,7,162,108]
hNNEsOCPde7nmZ80Ptak5A,33.4975357,-111.9243744,200,[33.4938414,-111.9268138,33.50123,-111.921935],[27,11,39,38,26,128]
qQ8geRUACGaYC2c7OgHTug,33.60373386659655,-111.9087228661665,70,[33.5828297331931,-111.930343,33.624638,-111.887102732333],[119,99,11,28,17,29,46,6]
Jss7-7f4qUS9dls3_zVPPw,33.4294552,-111.92232440000001,5,[33.425938,-111.940346,33.4329724,-111.9043028],[11,377,57,69,56]
NdUxiXN8wpnyLhrqTSSrWA,33.515218,-112.048116,1,[33.515218,-112.048116,33.515218,-112.048116],[202,72,281]
V6mLXcO9VpCN2pJZ9j9UiQ,33.464303,-112.276376,8,[33.464303,-112.276376,33.464303,-112.276376],[38,99,33,39,128,11]
KxfQiwotYw-pGO7tRopj7w,33.450400849999994,-111.9714515,4,[33.390792,-112.0152845,33.5100097,-111.9276185],[38,48,39,11,119]
pla-LYWW4Ym_u6oCxjJCSg,33.603506,-112.036383,1,[33.603506,-112.036383,33.603506,-112.036383],[11]
iUl8Qf_dknIJUgMGfSypFw,33.50370465,-111.975993,123,[33.4913431,-112.029562,33.5160662,-111.922424],[57,69,161,28,65,17,29,38,99,39,40,48,11,322,56]
9FAvwDeNwoyOx9WNEiqABg,33.40124295,-111.9092899,8,[33.3947699,-111.909686,33.407716,-111.9088938],[167,65,33,117,48,11]
rZ55D8zQjRYOQ7GrWmro2A,33.427634,-111.899966,4,[33.427634,-111.899966,33.427634,-111.899966],[63,27,11]
MVHHKyxfGWCnxNmW9tf35g,33.4708675,-111.95172199999999,171,[33.305675,-112.00644,33.63606,-111.897004],[11,63,27,28,170]
0z6CbySSyUrRi-qK5Edqng,33.570396,-112.0824358,28,[33.570396,-112.0824358,33.570396,-112.0824358],[15,6,191]
mVdqF3AQCGLIp2FqpYpcVA,33.4942939,-111.925316,1,[33.4942939,-111.925316,33.4942939,-111.925316],[26,11]
57ghQ4PJbGy-3LP7zSVnEg,33.5093706,-112.0273984,67,[33.5093706,-112.0273984,33.5093706,-112.0273984],[265,11]
3pi9paLBVxbrq4GLwc4Usg,33.6249158,-112.1760395,7,[33.611057,-112.183988,33.6387746,-112.168091],[7,8,44,11,49,146,218,99,120]
jSCx_Y7v1JpM5e9gU3Y0Kg,33.445957199999995,-112.329680723596,200,[33.425207,-112.3566862,33.4667074,-112.302675247192],[218,41,11,26,28,17,29]
Ltbq8RyIs4fgDgB-CYGvkQ,33.465368,-112.072134,1,[33.465368,-112.072134,33.465368,-112.072134],[7,108]
711vaBKy6e60zXNg69DIpA,33.6237191,-111.9255427,1,[33.6237191,-111.9255427,33.6237191,-111.9255427],[126,11]
obUfwBM9RA-PtjB5QDUABw,33.507557,-112.040116,1,[33.507557,-112.040116,33.507557,-112.040116],[10,11]
mzfFBcA_qvCRLpZHAmF3gA,33.5352374,-111.95739714999999,26,[33.3918598,-112.074519,33.678615,-111.8402753],[24,11,7,365,41,98,10,9,26,119,99,109,38,48,39,120,63,27,43,97,40,128]
2X5mmI9e8lpXvgbQSL3Pug,33.384719372397,-111.8989781073975,7,[33.321061644794,-112.0740373,33.4483771,-111.723918914795],[99,11,28,241]
TqkBwRmoEgECElxeY0OgKA,33.4545479,-111.9397504,200,[33.3630958,-111.96828,33.546,-111.9112208],[7,36,8,26,127,11,49,146,39,341]
cpEYxZS8km7tUdU_SiG9vg,33.33563,-111.854277,1,[33.33563,-111.854277,33.33563,-111.854277],[41,43,11]
pGaRAiCRfGs715VbgXf-yg,33.637034,-112.184995,1,[33.637034,-112.184995,33.637034,-112.184995],[65,133]
Q2e6q3_5DbF10ZKJCPEuOg,33.5097658,-111.9247829,200,[33.492335,-111.9259109,33.5271966,-111.9236549],[38,99,39,40,11,161,28,65,17,29,119]
tHz9cWxwSfcP4qRaPIHvww,33.51416318047875,-111.98601675,96,[33.3497113609575,-112.1370601,33.678615,-111.8349734],[7,292,98,119,24,11,137,8,139,63,48,108,201,26,57,69,210,43,33,185,232,27,338,206,306,39,212,126,293,117,214,38,265,109,88,89,313,298,202,72,49,368,224,36,99,168,181,229]
bXC9_N2OZ2H-KCJ07Zk2gA,33.541929350000004,-111.92637074999999,4,[33.5019817,-111.9276185,33.581877,-111.925123],[99,48,11,27]
LHAjjYwXDjRlvTitMkkkMQ,33.5560778,-111.8986846,9,[33.5560778,-111.8986846,33.5560778,-111.8986846],[166,6]
1kbCpvI2Rg2SrvqNHX2BQw,33.526491053792995,-111.882911925485,49,[33.220784807586,-112.1825527,33.8321973,-111.58327115097],[26,11,7,8,119,13,113,6,480,22,404,139,225,375,12,190,28,140]
OrGvu_LicMgHclu0TWzRdw,33.23061930405795,-111.62925306758001,11,[33.2125748081159,-111.67526753516,33.2486638,-111.5832386],[10,24,11,44,7,108]
FBgd_GiwoXgFtTeBR-2Ilw,33.349969,-111.92588,1,[33.349969,-111.92588,33.349969,-111.92588],[286,32,203,90]
lMyIRJlH45ENLiPmDiH3aQ,33.4951222,-111.967414961415,6,[33.37831,-112.07341192283,33.6119344,-111.861418],[224,11,267,182,172,26,48,98,7,24,292]
j7zCXmdYOZ_tMk3Qd47x_Q,33.4714019,-112.119289,1,[33.4714019,-112.119289,33.4714019,-112.119289],[7,189]
kuEKOd7JEnDun43SUsjJ7w,33.417632916371545,-111.9560385818865,200,[33.411825,-111.972455,33.4234408327431,-111.939622163773],[109,38,27,39,11,28,17,29]
82uKVYpoFPPWCBkLvK_NgA,33.4481291,-112.0778758,1,[33.4481291,-112.0778758,33.4481291,-112.0778758],[177,11]
Zltg1vzATrLfoJHtOg-hAA,33.5529166,-112.1871122,12,[33.5529166,-112.1871122,33.5529166,-112.1871122],[120,11]
abGJGqGibl2R0cNzsnbtJw,33.4890398,-111.6708827,3,[33.4890398,-111.6708827,33.4890398,-111.6708827],[48,11]
tU6spmv6r8iDyB8df2kxoQ,33.394432,-111.875578,2,[33.394432,-111.875578,33.394432,-111.875578],[7,292,108]
pKPdjV0_iM2CT92OWqc6Ng,33.581322,-111.921151,2,[33.581322,-111.921151,33.581322,-111.921151],[294,106,54]
oU4syTfF-9n7vs32PhXQOA,33.4537869019623,-111.927165985107,29,[33.4537869019623,-111.927165985107,33.4537869019623,-111.927165985107],[182,172,11]
LQ7qcT0TWlNFnLzdohhgPg,33.58937985,-112.116886,28,[33.495084,-112.233809,33.6836757,-111.999963],[177,140,11,27,7,33,142,120,43,98,119,224,117,24,182,48,99,26,285,185,139,138,10]
k6AcrNS8Vu68vv6bfiy8gw,33.4015834448775,-111.93964714472949,25,[33.3792649,-111.942980289459,33.423901989755,-111.936314],[7,108,32,95,222,36,38,39]
DcfmUIBBfClOte8dTekVbA,33.415535672397,-111.72216025,200,[33.321061644794,-112.0800705,33.5100097,-111.36425],[99,11,38,7,47,88,39,48,27,26,224,108,40,181,10,24,119,333,298,13,6,115,372,63]
tT9HtHN9HXUeio06zUjyAA,33.322668,-111.822674,4,[33.322668,-111.822674,33.322668,-111.822674],[54,242,195,65]
2h1sz__iV2Cyx74v7jcQRw,33.4218047,-111.9533039,3,[33.4218047,-111.9533039,33.4218047,-111.9533039],[33,119,99,11]
e_ObLG11aAKacWlWFtRuhg,33.47253465,-111.83628995,2,[33.3105647,-111.9253792,33.6345046,-111.7472007],[28,17,29,97,11]
a4pZ4AWp3SgzbLOyQ3AMLg,33.418620250000004,-111.8477168,17,[33.379496,-111.9081615,33.4577445,-111.7872721],[117,48,11,119,38,145,57,39,128,26,101,40,99]
m0OD1DdyuEY3PUfsB1fFcQ,33.3453891,-111.7872188,15,[33.3257151,-111.8248957,33.3650631,-111.7495419],[32,95,222,72,281]
kOEopmEAMVIjDZDni6zh5g,33.5102068,-112.0272041,4,[33.5102068,-112.0272041,33.5102068,-112.0272041],[39,38,40,206,11]
UdxPzw9xi89BDQ78lgzo7w,33.6318546,-111.98265885,9,[33.4315119,-112.0741143,33.8321973,-111.8912034],[26,11,127,7,108,39,38,27]
_Wevc86W40uH5ZyjAWiJbQ,33.55865197665735,-111.94364475,5,[33.495018,-111.9885861,33.6222859533147,-111.8987034],[218,41,323,11,7,47,48,108]
uKQ1XUeqx9RLA4GINv_rSA,33.330835,-111.792282,2,[33.330835,-111.792282,33.330835,-111.792282],[7,36]
uAVaPHWfeeWf-PIzLnezxg,33.612391,-111.994052,1,[33.612391,-111.994052,33.612391,-111.994052],[7,9,10,11]
J2Fk4vmiSwQ3ODCUHWLbtA,33.5092756,-112.0718179,3,[33.5092756,-112.0718179,33.5092756,-112.0718179],[48,11]
_5TjN8lnIu_8dLO4FxXmQw,33.6459785,-111.9170571,46,[33.6459785,-111.9170571,33.6459785,-111.9170571],[33,265,11]
UD9vGhb6g7o3Lrof3zOE5w,33.5670375,-111.9184649,12,[33.5670375,-111.9184649,33.5670375,-111.9184649],[28,158,17,29]
YAFixvpVP-PpybZNkBuFOg,33.443864,-112.070061,1,[33.443864,-112.070061,33.443864,-112.070061],[39,38,48,128,11]
RQQeNCJynb-2G5Bid-wGYg,33.370118399999996,-111.881149304883,13,[33.304775,-112.0739136,33.4354618,-111.688385009766],[382,11,33,64,65,309,285,185]
s6aZyQTXX4EzQW_Sacx2AA,33.422433549999994,-112.03611269999999,7,[33.3351559,-112.1091081,33.5097112,-111.9631173],[311,11,251,26,74,24,27,63]
QqbBe2f9EvK9WrYdU0Gy3g,33.48558712543,-111.9450726103,8,[33.34815905086,-111.9637082206,33.6230152,-111.926437],[26,11,126,97,63,27,185,265,483,39,38,128]
BP_zQwCRaQb3zpnjVWBnrg,33.6556844,-111.9300279,1,[33.6556844,-111.9300279,33.6556844,-111.9300279],[99,11]
CVssZgB_DM2KncaDgu2Uyw,33.5020036165904,-111.928035020828,26,[33.5020036165904,-111.928035020828,33.5020036165904,-111.928035020828],[168,99,11]
ATxbUTytzwQw7Ogu2SHGvA,33.5288172,-112.06239149999999,24,[33.4329724,-112.2204802,33.624662,-111.9043028],[11,63,39,119,26,38,49,368,399,7,108,127,182,172,43,218,10,24,210]
tUJYm781pfRY-u2A440qHA,33.3852159,-111.83169955,12,[33.3237792,-111.976024,33.4466526,-111.6873751],[26,11,32,90,265,99,7,148]
cdDVlatq0NxUNfnBLSwjCg,33.4313421,-112.00370169925,25,[33.321266,-112.1825527,33.5414182,-111.8248506985],[404,11,26,43,10,7,142,97,119,24,108,251,229]
bUHuNx_av-E2rqwcu9pf7g,33.4865434,-111.99867245,7,[33.4710214,-112.073085,33.5020654,-111.9242599],[26,11,49,6,65,193,59,28,17,29]
H_3A8B1_zIzMh_xATLcypg,33.421453,-111.950563,2,[33.421453,-111.950563,33.421453,-111.950563],[224,11]
dLd0WzN88XfGrz_ZmdVEzw,33.43539575,-112.00103684999999,200,[33.43475,-112.00644,33.4360415,-111.9956337],[28,170,240,241]
OrSLYmpRnCqmkgIABcxxlQ,33.6052881,-112.3000009,200,[33.6052881,-112.3000009,33.6052881,-112.3000009],[33,24,11]
XPTJfl_t4n18_PUM2GSytA,33.5804375,-112.0988935,35,[33.448775,-112.270623,33.7121,-111.927164],[99,265,11,27,57,39,145,7,33,142,69,10,54,324,48,38,24,44,168,6,186,119,36,311,181,40]
Y7Nku6BPnIsFyM3FeXhcqQ,33.624036015123,-111.928024291992,1,[33.624036015123,-111.928024291992,33.624036015123,-111.928024291992],[206,11]
DM8HC8_s3NxZAzNoxHiSVQ,33.4806776,-112.1091081,41,[33.4806776,-112.1091081,33.4806776,-112.1091081],[11,27,63]
pu_zSRYszRIPeSJfLAOAFA,33.486839,-112.27498775000001,3,[33.479705,-112.2920313,33.493973,-112.2579442],[43,11]
rdtPgaenpcV9LLwkvTbb0Q,33.491645,-112.073196,6,[33.491645,-112.073196,33.491645,-112.073196],[38,140,39,40,48,11]
i7M5qQPsK2iwLCU3JOBS6Q,33.48888085,-111.95397665,5,[33.3373133,-112.0677151,33.6404484,-111.8402382],[43,11,27,7,292]
FAxy_JuEOhhZl3C10LMY1A,33.5565822,-112.1231941,78,[33.3929472,-112.3582339,33.7202172,-111.8881543],[7,162,138,139,140,11,99,119,48,24,127,33,142,44,62,27,17,108,224,36,8,43,26,98,38,47,88,39,103,208,6,35,3,93,376,335,30,13,110,49,80,82,59,60,225,63,9,10,72,154,307,168,181,229,311,146,341,192,212,117]
rSha3Qh1Y1D7rsBwZlpyxw,33.381521,-111.703205,1,[33.381521,-111.703205,33.381521,-111.703205],[261,54,55]
pcar062LKuhjXoe7E42YRA,33.4949379,-111.9292967,2,[33.4949379,-111.9292967,33.4949379,-111.9292967],[6,270]
jRZ30HEJJXXl8A1civGD3Q,33.5767333,-112.1251993,3,[33.5767333,-112.1251993,33.5767333,-112.1251993],[49,80,82,59]
AefbV5N8sqLKXDK9P1Mzhg,33.392791,-111.807604,64,[33.392791,-111.807604,33.392791,-111.807604],[57,27,39,145,11]
Neal_1EVupQKZKv3NsC2DA,33.5758069,-111.93162050000001,63,[33.3194165,-112.079081,33.8321973,-111.78416],[221,38,39,40,24,11,48,206,8,7,138,218,139,65,133,26,212,361,265,126,97,41,323,43,382,99,57,56,145,373,251,224,17,62,109,63,377,108,161,49,52,66,169,88,89,298,229]
yN1O4gWTzhHeUlPm1RnvUw,33.63606,-111.924248,2,[33.63606,-111.924248,33.63606,-111.924248],[11,63]
ELP0lzO-TkUEPWH6CJ6xWQ,33.34053045,-111.82630395,9,[33.302082,-111.898952,33.3789789,-111.7536559],[7,108,24,11,44,127,57,69,33,119]
1F6FEZGH5kwoXn3-BrhyPA,33.4547635,-112.0255555,165,[33.449233,-112.065458,33.460294,-111.985653],[27,11,28,17,29]
M6oZyb6fe5W2JXVQ3so05A,33.4586215,-111.92591949999999,8,[33.424281,-111.927751,33.492962,-111.924088],[49,66,224,11]
a0puOSPS3NmjspU2dLZm9A,33.4150348,-111.9184724,32,[33.4150348,-111.9184724,33.4150348,-111.9184724],[182,48,140,11]
Clpxo3kGU04YSGtw4ql-Og,33.969076,-112.730548,55,[33.969076,-112.730548,33.969076,-112.730548],[39,24,11]
AKTFmD3oSEH9JFgBfHz2Sg,33.518640372726296,-111.91971418929751,2,[33.4930514,-111.9339561,33.5442293454526,-111.905472278595],[7,9,119,11,28,17,29]
IXsbiIqjmQtHv4PhdX8Ahw,33.484439,-112.364213,1,[33.484439,-112.364213,33.484439,-112.364213],[11,63]
KJRKbOat3mZr9Zk6zFiELA,33.4526933,-112.0701129,69,[33.4526933,-112.0701129,33.4526933,-112.0701129],[28,17,29]
7cIc52lToGmKu7Hpp6rPdg,33.490375,-111.96455549999999,81,[33.43475,-112.00644,33.546,-111.922671],[26,127,11,28,17,29,170,38,48,39]
U4kaXkmVsI_UgoWx4sXwVQ,33.3675869176765,-111.936532258987,96,[33.3675869176765,-111.936532258987,33.3675869176765,-111.936532258987],[49,417,80,231,59]
fV0GO3IBljKHL8vKtTox7w,33.50746795,-112.07444330000001,4,[33.497437,-112.083886,33.5174989,-112.0650006],[7,108,8]
YEinCsnxjV1L7kNeD9IZiw,33.496647,-111.926503,10,[33.496647,-111.926503,33.496647,-111.926503],[7,108]
kR6wLak_hXbCjqpKPjJnbA,33.4925020001075,-111.924118995667,12,[33.4925020001075,-111.924118995667,33.4925020001075,-111.924118995667],[119,99,11]
7jbuLN89cz6S0C05ATBO9Q,33.4953442,-112.0141559,3,[33.4953442,-112.0141559,33.4953442,-112.0141559],[84,125]
D-oF67P8fpP8beB1sqk48g,33.4229096,-111.92789055,50,[33.4194512,-111.9398551,33.426368,-111.915926],[88,38,39,298,11,7,47,48]
w5WW5P8ne1mTbmUk0XCNSg,33.384163,-111.803119,13,[33.384163,-111.803119,33.384163,-111.803119],[212,126,97,11]
6WT67WM3uEsletbDKDgwDg,33.59153725,-111.95440995,3,[33.5841629,-111.9813729,33.5989116,-111.927447],[6,21,129,79]
amie7SibTZt4OBatprBHzQ,33.472853,-112.056065,15,[33.472853,-112.056065,33.472853,-112.056065],[48,11]
hqT5ogx2HtEoo0O86Vm_hA,33.5394596,-111.9244784,54,[33.5394596,-111.9244784,33.5394596,-111.9244784],[104,161,195,65]
iK88FGzhAnClBNNk3aYUWQ,33.530335,-112.047101,1,[33.530335,-112.047101,33.530335,-112.047101],[26,11]
NHhSwGV2FiRGm_LHZj6MCw,33.4806776,-112.1091081,3,[33.4806776,-112.1091081,33.4806776,-112.1091081],[11,27,63]
M0Ov5akhbQ6WU1kK2Zqg0A,33.605517694298,-111.880727920225,5,[33.587122088596,-111.9251335,33.6239133,-111.83632234045],[465,168,265,39,11,223]
52Q6c2RI_IgTlK4qDPd8dQ,33.381723,-111.754566,2,[33.381723,-111.754566,33.381723,-111.754566],[48,26,11]
9bCDKM3_s4cYhR8Vzzk-hw,33.4007026,-111.83035785,8,[33.3931333,-111.8704334,33.4082719,-111.7902823],[44,43,11,251]
zfLm509Z1ZXtXAM1xRHxaw,33.4881846,-111.9608249,11,[33.4881846,-111.9608249,33.4881846,-111.9608249],[48,11]
DT_5ucHfprLoh78wgzY7zw,33.58973865,-112.05449535,8,[33.5384203,-112.1839297,33.641057,-111.925061],[49,80,82,59,71,72,275,269,38,128,39,96,73,11,27,63,43]
-13pXxRgRAvi3j5U2JYduQ,33.4360415,-111.9956337,200,[33.4360415,-111.9956337,33.4360415,-111.9956337],[28,240,241]
l9V9iPtGW0BTdIVhQoecPg,33.7112906335341,-112.111108853248,9,[33.7112906335341,-112.111108853248,33.7112906335341,-112.111108853248],[229,185,11]
zQgFeH7nMDwjm8MTlNXLVQ,33.4800995,-111.9634284,21,[33.378877,-112.092979,33.581322,-111.8338778],[92,15,6,248,208,35,26,11,322,57,210,71,72,396,7,142,106,54,61,13,331,118,30,8,110,4,5,126]
8vGJp_GpPSLj9vMeMQgVow,33.4556584,-112.0719926,1,[33.4556584,-112.0719926,33.4556584,-112.0719926],[38,181,39,40,11]
k438nUbX3K27u_UOLZZNvQ,33.4948197,-111.9798208,3,[33.4948197,-111.9798208,33.4948197,-111.9798208],[119,11]
5wdNk9P-CmZ--UugkSpQ4A,33.4996239,-112.0710459,3,[33.4942179,-112.0823438,33.5050299,-112.059748],[57,39,145,38]
LzWaP8Z0aJSpWh00dyNBnw,33.4221689,-111.944507,1,[33.4221689,-111.944507,33.4221689,-111.944507],[39,38,27,128,11]
GEUUk7y3z3a4YJx77JDJfQ,33.636322,-111.922456,5,[33.636322,-111.922456,33.636322,-111.922456],[265,11]
GoP7xNMYVAXYHjriEbFXtg,33.536066,-112.263551,10,[33.536066,-112.263551,33.536066,-112.263551],[7,48,47,11]
_snGutOrxEnAsq7Ba7uIlA,33.4942939,-111.925316,1,[33.4942939,-111.925316,33.4942939,-111.925316],[26,11]
QYO_Hhe2EHNZKPBYrDQaLA,33.436293,-112.011827,12,[33.436293,-112.011827,33.436293,-112.011827],[99,11]
_d7JPhUHOhEYXwBVvifpHQ,33.56977875,-111.97845575,71,[33.4657898,-112.0323598,33.6737677,-111.9245517],[99,126,11,210,26]
ChuqJqawOJpLN6cpnrCtGA,33.4429634924582,-112.039915395746,200,[33.4373684849164,-112.0776917,33.4485585,-112.002139091492],[24,11,38,26,39,40]
Suv_fSnlcZyZmGuOPLOHjQ,33.439648,-112.026154,1,[33.439648,-112.026154,33.439648,-112.026154],[38,99,26,39,11]
pmzpT9mn5ZOfqo1234EsWQ,33.4542695,-111.9094198,42,[33.4542695,-111.9094198,33.4542695,-111.9094198],[168,11]
qYCAR7Q4u6xvAWLVR56W3A,33.46820263066125,-112.00299575,12,[33.4248802613225,-112.0712152,33.511525,-111.9347763],[99,11,7,108,24,202,72,292,142,15,6,191]
m3nNFZlaAXNE_i4sFseUPQ,33.50049385,-111.92716075,4,[33.499006,-111.9276185,33.5019817,-111.926703],[38,48,39,11,212,126,293]
q7Zn9s5wXAjhhSJMf7GiVg,33.4258375,-111.9535013,200,[33.305675,-112.0322126,33.546,-111.87479],[28,17,29,224,11,24,7,108,63,46,6,38,205,39,40,49,368,265]
3RpaZ97DNS2q8VOVCbTZog,33.647457,-111.915815,1,[33.647457,-111.915815,33.647457,-111.915815],[28,17,29]
6JYJbdv5dbyfjOQSymBueg,33.5239227,-112.045069,1,[33.5239227,-112.045069,33.5239227,-112.045069],[371,54]
h04t_byEqQCAB0oSIXhNMA,33.670616,-112.031964,1,[33.670616,-112.031964,33.670616,-112.031964],[26,11]
mFuo-10DMYljWZcAXj9XHg,33.6119413,-111.9987462,27,[33.6119413,-111.9987462,33.6119413,-111.9987462],[38,145,57,88,39,298,11]
BsdeNa2x4V2d5mNGJTyEww,33.39813205,-111.84445149999999,200,[33.3350531,-112.00644,33.461211,-111.682463],[28,170,33,11,63,27,178,17,49,29]
abh2aHNZQp-N3OhDkFkPCQ,33.5100097,-112.0152845,3,[33.5100097,-112.0152845,33.5100097,-112.0152845],[48,11]
fyJEBTGuwjxGzqCivtd7uQ,33.4951447,-112.0118398,15,[33.4951447,-112.0118398,33.4951447,-112.0118398],[43,11]
2tYWRBQDd6xSQO2ohgE7Lg,33.5829321,-112.1928442,1,[33.5829321,-112.1928442,33.5829321,-112.1928442],[135]
Y66tK6ik9gP7AW9exNoRug,33.53095225,-112.05630115,4,[33.4944525,-112.073536,33.567452,-112.0390663],[44,192,11,117,210]
fYayRBmQjB8f5eyH1WR-1w,33.5708529,-111.9274772,77,[33.362719,-112.0715044,33.7789868,-111.78345],[126,97,11,33,57,145,38,39,40,48,109,27,63,251,24,129,79,4,5,6,88,89,7,8,26,119,120,10,139,225,162,32,95,222,148,117,142,194,177,140,168,298,49,231,52,98,189,212,361,99,43,292,77,35,76,206,186,12,61,13,114,224,137]
nJLig4yYOL9jffP9mh3MOQ,33.4961814880371,-111.928810119629,2,[33.4961814880371,-111.928810119629,33.4961814880371,-111.928810119629],[119,48,201,11]
Qzn8YChYM6AG4dizFlnW5w,33.449233,-112.065458,3,[33.449233,-112.065458,33.449233,-112.065458],[27,11]
XOlT4aOXjhP11krFiwxRuQ,33.5095354,-112.0275918,3,[33.5095354,-112.0275918,33.5095354,-112.0275918],[33,11]
q6x99TASrtjH8AcqBBzK2w,33.40632085,-111.9056526,7,[33.303233,-112.0687564,33.5094087,-111.7425488],[7,48,47,11,88,38,39,33]
Zw88uQnHmHKcTUMo-PBL1Q,33.35266695,-111.86743795,31,[33.2854679,-111.9787576,33.419866,-111.7561183],[7,142,33,44,11,149,126,212,49,146,39,341,43,185,24,38,47,88,48,26,177,140,72,154,8,6,45,80,82,59,148,373,251,153,127,63,27,9,10]
hTiac3FXUjOcqdH-B7Lfmw,33.3939372,-111.8772849,3,[33.3939372,-111.8772849,33.3939372,-111.8772849],[97,11]
MGwuJ3cwTMNOo3F-xxGS7A,33.4797420689751,-111.994993686676,3,[33.4797420689751,-111.994993686676,33.4797420689751,-111.994993686676],[33,99,11]
