RHlvKe47FZcum-6n90syBg,33.4441749,-111.97210079999999,4,[33.37831,-112.0827836,33.5100398,-111.861418],[33,38,39,11,224,40]
slsiPF_qbWTqv6YIVICd3A,33.6394264,-112.2763421,3,[33.6394264,-112.2763421,33.6394264,-112.2763421],[43,11]
1K9GyovezB1OcFA7zTQBgA,33.555064599999994,-111.99522275,2,[33.474605,-112.065107,33.6355242,-111.9253385],[149,126,11,48]
DrWLhrK8WMZf7Jb-Oqc7ww,33.467499849999996,-112.012903,200,[33.3351559,-112.23758,33.5998438,-111.788226],[26,11,265,185,177,192,7,142,292,71,72,96,184,36,38,39,27,63,224,99,128,10,24,108,210,309,285,8,138,139,33,44,88,98,182,225,74,40,48,109,112,6,70,9,119,49,52,57,333,127,368,307,212,43,137,145,205,47,126,162,28,17,29,327,293]
xfw8eOYmfMphj7qe8rDZOg,33.53120725,-112.079949,6,[33.4527955,-112.123848,33.609619,-112.03605],[141,6,26,127,11,98,7,404]
wiHOas2iKghTQxRkDJ-ilg,33.5690606322968,-111.890093032168,3,[33.5690606322968,-111.890093032168,33.5690606322968,-111.890093032168],[24,11]
NnTJeOILXE1cYUZ2X02eMg,33.4234408327431,-111.939622163773,2,[33.4234408327431,-111.939622163773,33.4234408327431,-111.939622163773],[109,38,27,39,11]
D7jwKOWdE_dq_wYQkjB1vA,33.4888364,-112.1102579,11,[33.3488009,-112.3768048,33.6288719,-111.843711],[38,26,39,11,57,327,99,44,49,80,59,223,27,309,285]
JWIehSHalzTix-Nx_cQhuw,33.5827671,-112.1515375,2,[33.5827671,-112.1515375,33.5827671,-112.1515375],[98,7,139,138]
VW7x5Jo1Yi0c34-kOT63pQ,33.4518099,-112.0733182,1,[33.4518099,-112.0733182,33.4518099,-112.0733182],[28,17,29]
_yplQuwYGy2BT7Jb0GkfUQ,33.54976355,-111.9955583,5,[33.4650225,-112.0657374,33.6345046,-111.9253792],[26,11,6,284,35,97]
JI_QW4DhOLXO-zb551zVDw,33.62365,-111.978418,1,[33.62365,-111.978418,33.62365,-111.978418],[65,133]
cVUJrTgmJ1j7XepKv1fcng,33.6670532,-112.2054933,1,[33.6670532,-112.2054933,33.6670532,-112.2054933],[65,133]
duHBgKnubDNGBDb8BgR1lA,33.4354553,-112.0739136,1,[33.4354553,-112.0739136,33.4354553,-112.0739136],[309,285,11]
zvyVAKR0nS8PnRrkDNQ4Eg,33.6247596,-111.9329381,3,[33.6247596,-111.9329381,33.6247596,-111.9329381],[28,17,29]
1AeJ47_XBZmodCFFq_nyqA,32.878326,-111.708319,1,[32.878326,-111.708319,32.878326,-111.708319],[28,17,29]
vPOfOsGzKoLOBfxX2MNSbw,33.407163499999996,-112.0192251,13,[33.4069356,-112.0916761,33.4073914,-111.9467741],[71,72,224,11]
AIWOhIAlQ3Ia57InsMjzdQ,33.5097768,-111.9957399,3,[33.5097768,-111.9957399,33.5097768,-111.9957399],[38,48,39,11]
QcLcoQQgq0bEgx-lkh96qg,33.655007116866855,-111.94531046624749,5,[33.63416,-111.966733932495,33.6758542337337,-111.923887],[7,108]
UIcaP91tQQysau4_cpAYAg,33.362719,-111.8761389,1,[33.362719,-111.8761389,33.362719,-111.8761389],[89,11]
--dofeOsROFpm0q_dmqTTA,33.4837225,-112.0476668,2,[33.4837225,-112.0476668,33.4837225,-112.0476668],[98,7,10,192,11]
gRjU7BUYWqvG_G-Bclw3OQ,33.5753658,-112.112607849614,4,[33.4354553,-112.151302099228,33.7152763,-112.0739136],[33,99,117,11,309,285]
tGk7kn1d5K4k_H_pDjNlyw,33.4964751,-112.0839659,34,[33.4964751,-112.0839659,33.4964751,-112.0839659],[99,11]
lg9z3SzfcSVmN3HU9G7QEg,33.5703101,-111.5244723,16,[33.5703101,-111.5244723,33.5703101,-111.5244723],[7]
BlSlcDEEeBg5KGqBkE-Lng,33.468285550000004,-111.97577165000001,44,[33.3350458,-112.0741143,33.6015253,-111.877429],[7,108,72,287,38,48,39,11,210,24,142,251,224,212,43,313,27,88,89,162,119,168,42,40,13,6,4,5,425,160,47,63]
6OXhZ_d1LyWiqLFKq7ssFw,33.305264,-112.0534197,34,[33.305264,-112.0534197,33.305264,-112.0534197],[296,11]
KR-75qDiXWTPAnuAW0qJeQ,33.3334981,-111.9116464,1,[33.3334981,-111.9116464,33.3334981,-111.9116464],[111,112,113,6,17]
UrzwY6lU3f7hxag8N5N_Sg,33.46469,-112.2797718,16,[33.46469,-112.2797718,33.46469,-112.2797718],[120,11]
yZXQ0kAoQNYLz5md93VsOw,33.49687315,-111.9278328,5,[33.4942423,-111.9302928,33.499504,-111.9253728],[224,11,38,39,63,48,24]
SBC-GYlXQ_AZG75epz3YYw,33.546801849999994,-111.9752802,12,[33.4543305,-112.0649208,33.6392732,-111.8856396],[7,142,202,72,93,3,251,11,185,57,258,38,40,39]
Gwyct4fcpLcLrEK43chwQg,33.526260300000004,-112.01408085,13,[33.4514039,-112.0545587,33.6011167,-111.973603],[64,65,185,11,46,6,57,69,48,71,72]
ZH7X6zfPYZ2HsSip9AL03Q,33.5779821,-112.1185366,7,[33.5779821,-112.1185366,33.5779821,-112.1185366],[48,11]
SPrbI6K7m_cjJR_uMETgXw,33.545329,-112.043169,5,[33.545329,-112.043169,33.545329,-112.043169],[26,17,18,11]
V0dPna7OtEw9SgjQJTZwSw,33.42564455,-111.88424025,4,[33.3501281,-111.9286947,33.501161,-111.8397858],[206,11,373,97,248,6,250,7,108]
drg5JzQdG_4uTyO44UrOig,33.57570175,-112.02948549999999,2,[33.5108735,-112.134201,33.64053,-111.92477],[65,133,43,11]
bAN_dk6ZPvKAa4stXORLdQ,33.317906,-111.964138,2,[33.317906,-111.964138,33.317906,-111.964138],[33,11]
GD9dD6lnEgl2P_JR-NI8vQ,33.638626,-112.217296,2,[33.638626,-112.217296,33.638626,-112.217296],[212,361,11]
dQaj0CvAnud757Dq0pmapw,33.4219485,-112.03421915,3,[33.337696,-112.0739253,33.506201,-111.994513],[49,326,57,56]
lxm_i3XCvoOFeAVyyHFxIQ,33.690368500000005,-112.1168313,2,[33.667746,-112.122882,33.712991,-112.1107806],[84,147,44,11]
gm3CnTfisn53jvRWprh91g,33.423546,-111.937394,15,[33.423546,-111.937394,33.423546,-111.937394],[48,11]
vx2rNZ_zroLQLsB1PWYt0Q,33.392617,-111.940498,1,[33.392617,-111.940498,33.392617,-111.940498],[57,145,38,101,39,48,11]
zKWGQ2kbJx8qwpfc9eIxig,33.430614000000006,-111.9361885,13,[33.366193,-112.047259,33.495035,-111.825118],[33,117,11,7,138,139,26,192]
eEU_nPPgP6I6HuN0SSRiGw,33.457788,-112.067113,5,[33.457788,-112.067113,33.457788,-112.067113],[7,108,186,6,57]
4diYJNLfKN4RFfJCZkr-bA,33.542135,-112.260301,1,[33.542135,-112.260301,33.542135,-112.260301],[28,17,29]
KMIRiJOWb6yQk_RQXyOijg,33.5394273,-111.9245481,1,[33.5394273,-111.9245481,33.5394273,-111.9245481],[64,65]
oziKrQusQSHo9QKwYKpl0g,33.5681208,-112.0110407,68,[33.4576266,-112.0474748,33.678615,-111.9746066],[168,26,11,182,48]
UycKjuA7MhoPfTVsgIQB7g,33.49914,-111.923364,3,[33.49914,-111.923364,33.49914,-111.923364],[104,65]
tzCzCKTPUS-CQTeRIOuEDA,33.5477379286892,-112.1616449,200,[33.4566960573784,-112.2581306,33.6387798,-112.0651592],[119,11,7,33,142,120,38,265,39]
9UMSx6L8LtHRhOP9zkkJxg,33.266696887038,-111.99153418078,2,[33.266696887038,-111.99153418078,33.266696887038,-111.99153418078],[28,29,17,11]
RecfnAYr9FlG5cEyU7GgPA,33.6657791,-112.1170476,1,[33.6657791,-112.1170476,33.6657791,-112.1170476],[54,324,11]
_IBuP5TOW6-83rDm5zSLhA,33.4973896,-111.9223075,38,[33.4973896,-111.9223075,33.4973896,-111.9223075],[38,126,39,11]
rBeuXzsBkGxM5pJujH2zAQ,33.4636993546901,-111.9090955215425,64,[33.3068367093802,-112.074519,33.620562,-111.743672043085],[48,206,11,119,7,98,10,9,27,109,38,39,475,373,97,26,33,112,6,142,292,440,260,65,133,57,18,209,17,64,47,128,210,99]
pufs3C1rB3PwGONrkDqOJQ,33.4960516,-111.9303102,2,[33.4960516,-111.9303102,33.4960516,-111.9303102],[119,11]
MfBVS__OS-2Nm-zzmo7gEA,33.3805696,-111.7888113,6,[33.3805696,-111.7888113,33.3805696,-111.7888113],[38,99,128,39,296,11]
zvfGidbeZn9A_kkRWK6JLw,33.3934802,-111.8082864,1,[33.3934802,-111.8082864,33.3934802,-111.8082864],[7,8]
3fwbds_Au5EfN9v0E5EH7w,33.496647,-111.926503,1,[33.496647,-111.926503,33.496647,-111.926503],[7,313,27,11]
EKJoaKmVfNiVb2pcL31LxQ,33.4237402,-111.9773033,2,[33.4237402,-111.9773033,33.4237402,-111.9773033],[72,269]
htC49ZwXiKNka5cp0GKBfQ,33.50911295,-111.9868889,247,[33.3365399,-112.183988,33.681686,-111.7897898],[57,69,43,11,109,38,39,40,99,128,41,7,292,33,98,10,192,108,88,298,48,137,8,139,182,140,168,24,36,119,6,145,186,309,285,219,218,333,251,210,49,66,52,206,26,212,445,101,15,25,47,338,181,229,63,97,149,46,138,177,126,27,307,223,470,244,28,170,259,260,224,127,14,247,185,17,18,68,366,77,35,76,400,205,44,142,191,144,30,13,120,60,250,322,56,440,80,82,59,117,486,169,463,313,194,323,157,103,208,172,89]
S_S06oA6xGAPr-HC1kLVlQ,33.61867691518355,-111.9799249,19,[33.4566960573784,-112.080631,33.7806577729887,-111.8792188],[48,11,63,98,7,206,311,88,38,39,26,109,201,119,120,352,251,99,142,108]
iHCv55JuoIPy-qMF0Sa6TA,33.5129164787913,-112.108329049614,4,[33.4572489,-112.151302099228,33.5685840575826,-112.065356],[33,11,6,270,7,108]
ykijv6Xyw60Pwaxzevg3ZQ,33.51958965,-111.94836845,67,[33.4931793,-111.96828,33.546,-111.9284569],[33,11,26,127,39]
jDIh9jRcB9dIszjDcOzUJA,33.449392950000004,-111.88717614999999,58,[33.418418,-111.9347763,33.4803679,-111.839576],[7,36,38,39,109,108,24,11,26]
zj1Sq6UuHFywxg5oLmvaVg,33.510225,-112.0394,1,[33.510225,-112.0394,33.510225,-112.0394],[177,140,11]
0hG2xeIG79AqGj6s7F5O7g,33.536319649999996,-111.9838848,4,[33.4493238,-112.0718824,33.6233155,-111.8958872],[141,6,99,11]
H7-LxCHp1NXEtveZvjOaig,33.4956214,-112.0998877,3,[33.4956214,-112.0998877,33.4956214,-112.0998877],[181,11]
3dnlm7ojgHB-cSuDONVzww,33.4803159,-112.0805886,2,[33.4803159,-112.0805886,33.4803159,-112.0805886],[24,172,11]
OHVMxQFtT0eU9geORhLxqA,33.4658141,-112.0798659,1,[33.4658141,-112.0798659,33.4658141,-112.0798659],[78,79]
5_AC861hJKjMaiA4mC5oQw,33.4876029,-112.0824895,6,[33.4876029,-112.0824895,33.4876029,-112.0824895],[41,11]
jpvELM1Diw-cxwJTFwhNUQ,33.4713355,-111.99967665,88,[33.4483771,-112.0740373,33.4942939,-111.925316],[28,241,26,11]
0bIha3TN6o0gF-L28yqgnw,33.5385356,-112.1791827,1,[33.5385356,-112.1791827,33.5385356,-112.1791827],[64,65]
BsOmYKIia1VMxnm-U_J16g,33.4993831,-111.99538945,20,[33.4925951,-112.0647931,33.5061711,-111.9259858],[7,292,265,11]
eEo1W07PkjR0jLRkMF5m1g,33.507349499652,-111.94963540011,73,[33.34697,-112.0915007,33.667728999304,-111.80777010022],[26,11,57,145,38,101,39,48,14,15,6,33,185,69,212,361,265,205,74,27,49,4,13,160,322,56,52,25,88,40,273,96,72,119,99,182,7,98,10,9,41,12,61,114,43]
nuVdH_NjMu8rPhDTaTYUPA,33.5025941,-111.9296765,89,[33.5025941,-111.9296765,33.5025941,-111.9296765],[265,48,11]
zyMcgGk6bSUdHbl4StOIeA,33.54760575,-111.95421953103,70,[33.449233,-112.065458,33.6459785,-111.84298106206],[28,158,17,29,11,322,57,190,27]
YsNq7ankDqKAYlibI7NrWA,33.4645484,-112.2797864,8,[33.4645484,-112.2797864,33.4645484,-112.2797864],[99,11]
phcbQqoiRrjld9hoFUzU9Q,33.6359333,-111.9137013,28,[33.5706,-111.9253026,33.7012666,-111.9021],[11,63,38,48,99,39]
w8dA5ow3a3hLbX5AaQLRew,33.3947699,-111.9088938,1,[33.3947699,-111.9088938,33.3947699,-111.9088938],[33,117,48,11]
Os8-vaTz_A9juC5XkD_rvg,33.55944135,-111.92483734999999,10,[33.4949678,-111.9255304,33.6239149,-111.9241443],[48,11,63]
kdg9I9r4EVg06cmEaQcwbQ,33.492053,-112.332821,4,[33.492053,-112.332821,33.492053,-112.332821],[224,11]
KUCfXSAuHZ41aahOMfb1dQ,33.6222859533147,-111.904171575451,1,[33.6222859533147,-111.904171575451,33.6222859533147,-111.904171575451],[218,41,323,11]
DkwuzJwXHAK1CBuzFhIkbw,33.562407899652,-112.0088635,20,[33.4570868,-112.134201,33.667728999304,-111.883526],[43,11,126,97,322,57,39,145,265,49,193,59,210,26,38,48]
ZpMpggQcCBfg2im__Hvjqw,33.3439375110552,-111.966004371643,1,[33.3439375110552,-111.966004371643,33.3439375110552,-111.966004371643],[71,72,297]
8IJWkwpGFdfqqnpFNgl1Hw,33.3518,-111.8036,76,[33.3518,-111.8036,33.3518,-111.8036],[7,142]
lKrK510vO8m5KV2rKx3BAg,33.4946757,-112.0449608,2,[33.4946757,-112.0449608,33.4946757,-112.0449608],[26,11]
kAMGHCEOlJxlY0wtxao9Rw,33.415501,-111.837456,21,[33.415501,-111.837456,33.415501,-111.837456],[10,48,24,11]
gAdPoa_pmDX3k2FXejIA2Q,33.621274848681,-111.899064353952,4,[33.621274848681,-111.899064353952,33.621274848681,-111.899064353952],[26,11]
pano9IginH1phYO5oQbnVg,33.382139699999996,-111.89378705,5,[33.3478272,-111.9261561,33.4164522,-111.861418],[224,11,182]
Rgg7ZptcKFC7b3_ZWt3rng,33.4366655,-111.9403254,14,[33.4366655,-111.9403254,33.4366655,-111.9403254],[285,185,11]
RIVRgEWlDZ7KnfkOrnabtw,33.41351255,-112.00277034999999,4,[33.3897576,-112.0711771,33.4372675,-111.9343636],[159,32,7,139,416,26,11]
J2uKFrap275_b-UJLTnT-A,33.46631635,-112.2369941,5,[33.4221907,-112.3410882,33.510442,-112.1329],[119,99,11,43,84,343]
5fMiMJGruzF2mg_Q2YbzYA,33.379567,-111.893419,1,[33.379567,-111.893419,33.379567,-111.893419],[340,11]
FuIuKIITdr3_-uXhl5YeEg,33.511369,-111.97715,27,[33.508711,-112.02943,33.514027,-111.92487],[48,11]
HGdeyOc87sI6IBwYzIxTzA,33.4964751,-112.0839659,8,[33.4964751,-112.0839659,33.4964751,-112.0839659],[99,11]
mBpmQkqxKalWT1pUKslzCA,33.4657309,-112.0658841,1,[33.4657309,-112.0658841,33.4657309,-112.0658841],[54,55,266,122,256]
Cw-PSJBNFtzWvUNeBsLxTQ,33.494926542926,-112.02600495,35,[33.320203785852,-112.1868299,33.6696493,-111.86518],[126,97,11,33,123,65,63,27,192,44,88,38,39,298,10,24,48,185,84,124,125,6,45,99]
sT5_sFKD2EeLfwC1HAb3eQ,33.49112,-112.079081,3,[33.49112,-112.079081,33.49112,-112.079081],[26,11]
4bzJ4mc9YoMwgKhOwp7rEQ,33.6026665,-111.9784706,2,[33.6026665,-111.9784706,33.6026665,-111.9784706],[6,110]
d7_xVVx-Rys_aIzF6RWoHA,33.5311337,-111.9922594,1,[33.5311337,-111.9922594,33.5311337,-111.9922594],[197,23,344]
yOUPcpAGuELHTGWo_o9Dqw,33.48800695,-111.93090319999999,4,[33.3022462,-111.9638394,33.6737677,-111.897967],[99,126,11,48]
2UxchpEz-5vJVAeTIxyOCA,33.461211,-111.699563,2,[33.461211,-111.699563,33.461211,-111.699563],[63,27,11]
wIxUoMN1-71IuWydc_cY_w,33.6244671692423,-111.927910236417,5,[33.6244671692423,-111.927910236417,33.6244671692423,-111.927910236417],[24,11]
OxI4lPjHCtwitytwUfPHzA,33.6131142,-111.88591985,44,[33.4941704,-111.9260519,33.732058,-111.8457878],[33,38,117,39,11,28,17,29]
hdaZx2uwc7Vy9M8VG1N0aQ,33.4649388,-112.08935405,3,[33.4492,-112.1091081,33.4806776,-112.0696],[38,39,40,11,27,63]
iN5KVBYBgl8pODW-BdhzRg,33.5516206,-112.2632145,1,[33.5516206,-112.2632145,33.5516206,-112.2632145],[54,317]
_EzXvTXSVNqwgujyF89HPg,33.5742216,-112.03901665000001,10,[33.4787939,-112.1868299,33.6696493,-111.8912034],[98,7,119,10,11,126,97,177,140,251,224]
0ggcpMygpCbN04RnQPjO-A,33.4520238,-112.07483525,119,[33.4492,-112.0800705,33.4548476,-112.0696],[177,140,11,63,27,24]
XNodoRkZgavCyjexGkPcXw,33.49489675,-112.07382065,3,[33.4770236,-112.0740123,33.5127699,-112.073629],[109,38,48,39,11,63]
YRaGCXPTsF1kZSG1HM1kvQ,33.403689,-111.981986,200,[33.403689,-111.981986,33.403689,-111.981986],[7,292]
pq8UnlPDTjhB9sdoIotVrA,33.352666,-111.653604,2,[33.352666,-111.653604,33.352666,-111.653604],[7,18,247,49,276,17]
9UF0rdwwjrUVqjWKMdRSow,33.4360415,-111.9956337,6,[33.4360415,-111.9956337,33.4360415,-111.9956337],[28,240,241]
ryu1gXViHZJ38-o9fr9vVw,33.49112,-112.079081,14,[33.49112,-112.079081,33.49112,-112.079081],[26,11]
OmBgjwsF4GZju-Rg79O5lA,33.496175,-112.020561,1,[33.496175,-112.020561,33.496175,-112.020561],[11,63]
6Njii0drMvGyPQwEq3RSow,33.32135065,-111.8601709,3,[33.3088284,-111.977793,33.3338729,-111.7425488],[352,109,38,39,11,7,48,47]
NBbpxAYO_N-04uo7luwJyQ,33.3033574,-111.9842837,7,[33.3033574,-111.9842837,33.3033574,-111.9842837],[136,17]
_xgHmVtCsGvBU3sX7-vfeQ,33.6384066,-112.3625742,7,[33.6384066,-112.3625742,33.6384066,-112.3625742],[168,11,63]
D00lae40KptvTy4y6fxVDA,33.551923099999996,-112.06925465,6,[33.538748,-112.0737503,33.5650982,-112.064759],[48,11,99,26]
Yq_PNtMvdWixlCmxvRJ43w,33.3782241,-111.936102,1,[33.3782241,-111.936102,33.3782241,-111.936102],[177,11]
SkPYsxtWp4Vbde7DRWFF4w,33.5092118,-112.0431756,4,[33.5092118,-112.0431756,33.5092118,-112.0431756],[84,419]
iDWOi5KiCEctrDiNqR4SpA,33.404079100000004,-111.8239159,9,[33.3805962,-111.8933118,33.427562,-111.75452],[33,99,44,11,71,72]
9lcNtRp1A3fgywd0hzLeVg,33.498028,-111.927951,2,[33.498028,-111.927951,33.498028,-111.927951],[352,48,11]
-BVv1TDLLphHzgKw-eAJJQ,33.41812435,-111.9788956,61,[33.3406452,-112.0999122,33.4956035,-111.857879],[373,97,11,218,41,24,26,43,181,182,172,212,361,7,162,33,219,451,88,38,39,89,224,99,27,128,119,400,292,185,251,117,214,274,6,13,216,48]
6CjZaQ0S6fjLOxGFNkWzEA,33.378462999999996,-112.169354,5,[33.377771,-112.172339,33.379155,-112.166369],[43,11,129,175,332,79,121,7,8]
wVwtP4oHPkPm-DwgbE-4dw,33.58348,-111.883526,5,[33.58348,-111.883526,33.58348,-111.883526],[7,142]
6CcmjilbUSV2ro7Dtk9vTQ,33.459306600000005,-111.8893709,189,[33.3652366,-111.9248982,33.5533766,-111.8538436],[7,162,57,327,28,17,18,29,33,44,11]
0VptqMr6enVCnqRjVYs4NQ,33.56439290098115,-112.02975198063649,55,[33.4537869019623,-112.135621,33.6749989,-111.923882961273],[119,11,26,7,36,182,24,172,43,8,4,5,6,108,139,137,99,112,212,224,210,186,57,168,181,229,17,18,251,48,140,218,41,177,27,194,72,154,267,126,97]
ID0U4Y5IeuEbx2Uoj1klig,33.406846,-111.907542,18,[33.406846,-111.907542,33.406846,-111.907542],[84,147]
rbTVh8OC9tSd-w61nnwzKg,33.3358523,-111.8205495,3,[33.3358523,-111.8205495,33.3358523,-111.8205495],[109,38,48,39,11]
_HYKAlLnRLNWk_BCfCihTw,33.465368,-112.072134,2,[33.465368,-112.072134,33.465368,-112.072134],[7,108]
Ks5lPe_E14_-GheoA1A3UQ,33.4713924,-111.9195786103,12,[33.3197658,-111.9637082206,33.623019,-111.875449],[7,108,43,11,38,26,39,189,10,24,185,168,63,47,88,48,27]
sAI5GDcSlxmGr5X4EFk3jQ,33.6390345,-112.1798866,6,[33.6390345,-112.1798866,33.6390345,-112.1798866],[218,11]
2oi36Fe1lWEPUXLJl-0tIg,33.4772147,-112.0736348,1,[33.4772147,-112.0736348,33.4772147,-112.0736348],[265,11]
3XeRXQRpPyFuhEGaorfcEA,33.3782241,-111.936102,2,[33.3782241,-111.936102,33.3782241,-111.936102],[177,11]
xHBg0zMBCtTN39rzXjMeTA,33.492962,-111.927751,1,[33.492962,-111.927751,33.492962,-111.927751],[224,11]
fHx-A-2xTKHKtIO4CXfHPQ,33.6384066,-112.3625742,1,[33.6384066,-112.3625742,33.6384066,-112.3625742],[168,11,63]
gL8Hr3BZzUPTQ7hq0UfvCw,33.5879473,-112.1164668,2,[33.5879473,-112.1164668,33.5879473,-112.1164668],[168,169,11]
dXRrb0Df_c_HhfB0C6_GoQ,33.353062449999996,-111.9337021,200,[33.2664769,-112.026154,33.439648,-111.8412502],[48,11,28,29,17,161,65,7,108,170]
hNqqN2pR-qnGNUqI4X5rOg,33.661675,-112.187061,1,[33.661675,-112.187061,33.661675,-112.187061],[382,11]
ZL-Q41E2GAiAQz71VbNyrQ,33.463092,-112.34477,1,[33.463092,-112.34477,33.463092,-112.34477],[11,63]
_QS138Qw5fZh57QD8J3-9A,33.414369449999995,-111.97462965,4,[33.3370939,-112.073196,33.491645,-111.8760633],[7,162,251,11,182,172,43]
RqsbRb8-LfrBLi25BDFvYg,33.56803223714,-111.97093620000001,9,[33.464996,-112.043169,33.67106847428,-111.8987034],[99,11,26,17,18,218,38,39,27,128,63,28,388,241]
3c-HTCk1jSGU7NYaNgIYtA,33.57295835,-112.0006851,131,[33.4673017,-112.083886,33.678615,-111.9174842],[7,194,11,322,57,108,99,48,6,70,175,129,121,79]
quu0KAMxKo8H7W6dI_yj3A,33.4957558,-111.9159147,21,[33.4957558,-111.9159147,33.4957558,-111.9159147],[98,7,206,11]
kSdlQowPOtCYolWtFTVI7g,33.500545,-111.9264093,5,[33.500545,-111.9264093,33.500545,-111.9264093],[33,38,48,39,11]
g7uyHAp9CFb9w9ZwdQxgIw,33.5612589,-112.1156244,42,[33.5612589,-112.1156244,33.5612589,-112.1156244],[48,185,11]
9eeYnUj_x0bYaGm0880bKg,33.544057050000006,-112.0462928,3,[33.4474542,-112.0745395,33.6406599,-112.0180461],[38,48,39,11,27,63]
9nbyxBMR73qcGJePKxdtNw,33.4936497,-111.9245521,2,[33.4930044,-111.9248852,33.494295,-111.924219],[38,48,39,11,293]
xiTXgEZ3uA1PHc9VrAPEig,33.6789,-111.93753,1,[33.6789,-111.93753,33.6789,-111.93753],[4,13,6,160]
fI2DXCptbLcGbTWEhQ0Ddg,33.4740662,-111.9270986,1,[33.4740662,-111.9270986,33.4740662,-111.9270986],[10,11,24,63]
ur1hCrzqzOLB0vCnjONTzA,33.61680965,-111.927829,5,[33.5779349,-111.930343,33.6556844,-111.925315],[98,7,11,168,48,229,63]
o8zuOWtzdJWQCjzptnjbkw,33.503440100000006,-111.970518,9,[33.3939372,-112.065458,33.612943,-111.875578],[97,11,26,7,292,108,232,27]
HWPeDPx4MUsqdLkxscZCyg,33.4154269,-111.93871705000001,13,[33.3354566,-112.0010971,33.4953972,-111.876337],[99,48,296,11,7,162,43,119,149,229]
UemY5i38Zb2hSS-Vwu4r2Q,33.45345076678385,-111.98348604415301,12,[33.266696887038,-112.070932388306,33.6402046465297,-111.8960397],[97,11,126,41,43,104,64,105,65,26,12,13,6,22,274,49,80,82,59,28,29,17]
p9y5qcFZ6YRRQ9PnFcVn-g,33.523984,-112.04698,167,[33.523984,-112.04698,33.523984,-112.04698],[265,11]
9beDgmfivPL437WEuhLhpg,33.54404,-112.0816575,30,[33.503024,-112.116136,33.585056,-112.047179],[28,17,29,167,65]
5OiNZAaTvKz-dAtHIGm7Kg,33.49320315,-111.915902575065,18,[33.350068,-111.995355,33.6363383,-111.83645015013],[218,41,11,210,119,99,212,43,27,224]
XFL-zfQpXrJsRb1OaYXT0A,33.435436,-111.9273079,6,[33.435436,-111.9273079,33.435436,-111.9273079],[28,17,29]
3MmNlcODZL9qMbIIYdQCQw,33.611712,-112.180165,4,[33.611712,-112.180165,33.611712,-112.180165],[106,54,315]
YW54PsW88Z6E_4YNr5AGrA,33.3788652,-111.965930511055,3,[33.3118314,-112.07211772211,33.445899,-111.8597433],[11,27,63,38,99,39,128,185,57,327]
TYHGiO4uIMke46E-YjA1AA,33.413158,-111.875779,52,[33.413158,-111.875779,33.413158,-111.875779],[251,11]
sfUZ9BId50LRlH0HG-48AA,33.4879184,-111.99504250000001,200,[33.449233,-112.065458,33.5266038,-111.924627],[109,38,11,39,63,28,17,29,119,99,7,142,27,33]
EOgFe505FwuNI2mgKJY7cQ,33.476820599999996,-112.0148154,85,[33.449233,-112.065458,33.5044082,-111.9641728],[161,28,65,17,29,38,140,39,40,48,11,27]
Jwlk7kWgFc6siNP_9KmhvA,33.5960245,-111.9815055,4,[33.5937,-111.98164,33.598349,-111.981371],[32,95,222,93,3]
ZNBZzjvG3R5NBwnpKogsng,33.5247016,-111.941013,29,[33.4221126,-112.0272041,33.6272906,-111.8548219],[177,140,11,24,48,10,7,142,26,126,229,43]
YoBgKOdfpGH48LpIDSfoQQ,33.5013272,-112.07075280000001,126,[33.34697,-112.2619703,33.6556844,-111.8795353],[7,108,38,99,88,39,128,11,12,114,13,6,63,27,24,119,77,112,191,35,17,15,111,113,224,30,126,97,307,48,4,212,43,137,139,26,182,172,104,204,65,45,148,210,309,285,18,109,36,250,127,311,57,186,46,161,28,29,322,188,23,270,98,157,103,49,321,193,59,21,52,352,47,40,134,135,140,160,442,241,333,260,259,208,130,32,78,79,265,101]
e8xrkMtbKJTq33PvPQW37A,33.4988545,-112.308763,66,[33.459613,-112.357458,33.538096,-112.260068],[99,11]
1fujZVn5be9EooASzMkdng,33.426393250000004,-112.00460185,82,[33.399991,-112.0693177,33.4527955,-111.939886],[38,99,128,39,296,11,63]
jTaG2Td06bP5JLsayStEHQ,33.6494638260014,-112.037065082016,200,[33.425617,-112.149875164032,33.8733106520028,-111.924255],[48,11,46,6,126,97,13,4,49,59,12,193,160,28,271,33,44,307,7,449,161,29,17,65,372,30,142,292]
Bzu1tYN1r8aoQeipQJoiOA,33.4515068,-112.1247112,1,[33.4515068,-112.1247112,33.4515068,-112.1247112],[26,11]
I7kJgb8wrKKFFfv8BIS6ZQ,33.545741050000004,-112.05392714999999,5,[33.4795408,-112.1091081,33.6119413,-111.9987462],[33,120,11,27,63,38,145,57,88,39,298]
O8yJYmod34M9bJ7BARA2FQ,33.425938,-111.940346,4,[33.425938,-111.940346,33.425938,-111.940346],[114,13,6]
R8H5j3wGUfOf9wFq51YJjw,33.4537869019623,-111.927165985107,18,[33.4537869019623,-111.927165985107,33.4537869019623,-111.927165985107],[182,172,11]
FFZQNkvrqi3TZLyk1TlJhA,33.68910775,-112.15053839999999,13,[33.6672053,-112.186799,33.7110102,-112.1142778],[26,11,48]
6X4f6bB9XQ1H0qtz1eUaFg,33.473293,-111.925303,4,[33.473293,-111.925303,33.473293,-111.925303],[71,72]
qxItPVMf3-_-A79pTIm7rQ,33.574931187139995,-111.96704535,71,[33.4787939,-112.0474847,33.67106847428,-111.886606],[7,162,265,126,97,11,38,48,39,27,128,63,309,119,285]
c-qcByY0GHND3eTkj7VQGA,33.423128950000006,-112.1837551,4,[33.392538,-112.4268472,33.4537199,-111.940663],[140,177,192,11,126,7,138,48,139,26]
ecl4GUpM-6ghys5ScP6lsA,33.498028,-111.927951,2,[33.498028,-111.927951,33.498028,-111.927951],[352,48,11]
5gJ1maTgx-jSIRRwWqV1GA,33.5583535,-112.146799,6,[33.4770236,-112.219969,33.6396834,-112.073629],[141,6,182,48,140,11,109,38,39]
jfnhL65BMkf3oN49wdhPAQ,33.5189761,-112.08959585,19,[33.4716326,-112.2528786,33.5663196,-111.9263131],[7,142,8,33,44,11,265,99,192,84,124,313,48,224,38,39]
uV62WaTKq6iOkktrwO3Vng,33.4194512,-111.915926,12,[33.4194512,-111.915926,33.4194512,-111.915926],[38,7,47,88,39,48,11]
-vEOfeusSRTv9w0PfHiZ7g,33.6200301,-111.8739953,7,[33.6200301,-111.8739953,33.6200301,-111.8739953],[84,339]
FxxmuUQW2GJkFJ_DZzKujg,33.483281,-111.926895,59,[33.483281,-111.926895,33.483281,-111.926895],[63,27,11]
9JyHaurbbvFECEOJ9Ni3rA,33.298212,-111.898601,43,[33.298212,-111.898601,33.298212,-111.898601],[185,11]
EnipiNPKNcU-GOet7FMSdA,33.6252063328701,-111.941177845001,3,[33.6252063328701,-111.941177845001,33.6252063328701,-111.941177845001],[27,48,24,11]
3ltazFFclBfchSYlctX6iA,33.47449725,-111.997326,200,[33.4471735,-112.074714,33.501821,-111.919938],[7,108,119,11,265,185,84,262,63]
DVQWI4S3UVE-6hKsSELazg,33.422728,-111.951494,8,[33.422728,-111.951494,33.422728,-111.951494],[88,38,39,89,11]
QZVerju8yo8_C_epuFisUA,33.5310355,-111.918891,25,[33.42263,-111.940813,33.639441,-111.896969],[7,142,28,17,29]
W6bwqzy5JmFzFCvIkTwA7g,33.585056,-112.116136,8,[33.585056,-112.116136,33.585056,-112.116136],[28,17,29]
je0xJ_qIZfaSXkEQKcnKFw,33.557697,-112.07567399999999,26,[33.463308,-112.220679,33.652086,-111.930669],[265,126,97,11,7,187,139,54,55,122,210,57,99,36,69,140,192,407,106,408,109,38,48,39,128,334,181,224]
QTgPp-wrpQPzFrWFOCqvcA,33.594892,-112.222145,4,[33.594892,-112.222145,33.594892,-112.222145],[7,138,8,139]
W47zSCtsZztbPuLkGsTPbA,33.7150071,-112.1129733,2,[33.7150071,-112.1129733,33.7150071,-112.1129733],[27,11]
PFHNFqKOFmy4bW_PAedOzg,33.52318485,-112.0997925,40,[33.378951,-112.2724782,33.6674187,-111.9271068],[44,126,97,11,38,48,39,7,108,119,71,72,297,49,80,82,59,10,157,103,26,98,338,206,24,142,168,99]
vIkrSv2Eo-PNryNfG7z2KQ,33.55773,-112.0884412,10,[33.488527,-112.1163693,33.626933,-112.0605131],[41,26,11,251,123,65,43,463,212]
JLJt8cETFDAFhKBeNJPiGw,33.624036015123,-111.928024291992,61,[33.624036015123,-111.928024291992,33.624036015123,-111.928024291992],[206,11]
pgB3ZIh1rUc7eSq1-8OghA,33.494155899999996,-112.05584105,21,[33.4787943,-112.0638736,33.5095175,-112.0478085],[7,108,26,11]
ayklaXnWz-5lRMqm8SR-Yg,33.48398015,-112.00832199999999,17,[33.4544224,-112.030849,33.5135379,-111.985795],[7,8,26,11,120,215,32,98,27,63,57,56,39,145]
OfBO9TLxfdk5oKVzBJWzXg,33.4377111,-112.4268472,2,[33.4377111,-112.4268472,33.4377111,-112.4268472],[126,11]
qNlVQgmN6s1HYWF6jCAtRw,33.4617545158832,-111.92583554841,3,[33.4617545158832,-111.92583554841,33.4617545158832,-111.92583554841],[96,72,71]
dV_dYmUZzgzc4CjvPUchow,33.4208603,-111.84358156849649,28,[33.2711537,-112.072327136993,33.5705669,-111.614836],[126,212,11,96,72,71,63,119,7,36,142,97,65,133,10,48,24,108]
p3n-6FS1oETOo6GkyD863Q,33.57337175,-111.95900075,19,[33.5097768,-111.9957399,33.6369667,-111.9222616],[38,48,39,11,27]
UyYTw9kxQIEM-tWRYrNvTQ,33.580444394298,-111.87091637022499,5,[33.5737667,-111.9055104,33.587122088596,-111.83632234045],[223,11,27,63]
MGZk04vAfhORDpWZ8wzfrA,33.5672627,-111.9259052,3,[33.5672627,-111.9259052,33.5672627,-111.9259052],[109,38,48,39,11]
daCwtoylep8ivghIt76p9w,33.220784807586,-111.58327115097,130,[33.220784807586,-111.58327115097,33.220784807586,-111.58327115097],[190,28,140,11]
KxDh0tYpXrGEC1HZkYPFDQ,33.4503996,-112.0648845,5,[33.4503996,-112.0648845,33.4503996,-112.0648845],[322,57]
Pl4fs0QWR8FbnVNCzqF9lg,33.4745941,-111.95604854999999,46,[33.276942,-112.0704276,33.6722462,-111.8416695],[6,77,35,11,63,126,97,38,26,39,12,114,13,84,54,88,89,119,99,49,4,5,367,265,224,251,27,7,41,210,168,187,36,139,270,177,140,211,75,32,381]
ZriKdTt1Rn8QQR1GlltmRg,33.5950968646478,-112.065436542034,7,[33.5950968646478,-112.065436542034,33.5950968646478,-112.065436542034],[28,17,29]
XK3jzcg2pibsHm6nlCn08w,33.53582273462115,-112.0034956182085,32,[33.4471783,-112.079081,33.6244671692423,-111.927910236417],[109,38,48,39,11,24,33,403,79,265,14,15,6,27,63,307,172,26,7,162,182,140,181,40,57,69,49,80,82,59]
PUtvEEivMuLFQe9kaQc3gA,33.413158,-111.875779,1,[33.413158,-111.875779,33.413158,-111.875779],[196,11]
yLoMwBHYZWgQS6Hy0JQ6fA,33.5555237,-111.8987034,1,[33.5555237,-111.8987034,33.5555237,-111.8987034],[218,11]
zSux2uJLNufPIhAUeFAfiA,33.306349,-111.891192,41,[33.306349,-111.891192,33.306349,-111.891192],[24,11]
gZNQgsimukrZojE34iWg7w,33.3813788286892,-111.9735886184965,2,[33.3060616,-112.072327136993,33.4566960573784,-111.8748501],[7,313,119,11]
EYJKCjwcazliLeHqW3dK2A,33.39171655,-111.94841235,13,[33.2917881,-112.073196,33.491645,-111.8236287],[98,7,24,11,119,48,78,79,12,114,13,6,163,38,140,39,40]
Y0SdckBxI5SlUyjTdqak4A,33.6404484,-112.0677151,9,[33.6404484,-112.0677151,33.6404484,-112.0677151],[27,11]
bHe1uugTN4Sp-OK6SXivYQ,33.64053,-111.92477,3,[33.64053,-111.92477,33.64053,-111.92477],[65,133]
hM8wLdz9W8GyHebbmnDLDQ,33.588336749999996,-112.1652406,14,[33.4660792,-112.4254286,33.7105943,-111.9050526],[129,175,78,278,79,27,11,65,133,7,142,292,99,185,206]
BZH4jWoFMtexew7QXnuz3Q,33.4951002,-111.9286582,3,[33.4951002,-111.9286582,33.4951002,-111.9286582],[123,65]
d_bArAIlBiMpYrH3oYBhgA,33.47499525,-112.0390465,3,[33.4401954,-112.0824166,33.5097951,-111.9956764],[38,99,39,11,117,26]
lVzHoPlU0oQWs5q34GxwcA,33.362719,-111.8761389,2,[33.362719,-111.8761389,33.362719,-111.8761389],[89,11]
O4tuEmvsvxTOXHJMP_OpSg,33.46511065,-111.88707325,36,[33.3055423,-112.0832435,33.624679,-111.690903],[27,11,113,6,49,80,82,59,7,8,57,69,70,204,65,99,161,195,173,112,110,221,38,39,40,352,48,79,121,139,36,119,127,12,13,22,108]
bxnSb0_eryUbhJtEhQ0F0Q,33.4038635,-112.02829955000001,7,[33.304703,-112.0750411,33.503024,-111.981558],[219,218,41,11,212,99,26]
s0TwQH1Nkc0wZrrqTUh-sw,33.302973,-111.842536,1,[33.302973,-111.842536,33.302973,-111.842536],[98,7,24,11]
PjYgdtJeAQNG-gIUoSWFkA,33.4951366,-112.0012318,1,[33.4951366,-112.0012318,33.4951366,-112.0012318],[48,11]
3CiE338sJ-56jqv-aGdfMQ,33.3664541,-111.86563575,10,[33.2233728,-112.0275918,33.5095354,-111.7036797],[177,11,99,33,185,7,142,48,47]
xPkLS5DmQ_zHAOgNtnGsLA,33.4240504,-111.9400717,1,[33.4240504,-111.9400717,33.4240504,-111.9400717],[38,26,39,11]
SV7w8o_dtHjBMouk-9LDWQ,33.6273453541353,-112.028038186326,20,[33.4214126082706,-112.165567972652,33.8332781,-111.8905084],[38,260,39,40,259,11,7,108,48,63,27,24,46,6,206,26,149,177,140,352]
R3HE-m6b61D4xI3EdZg3mA,33.41674755,-111.8578495,2,[33.3547012,-111.9259092,33.4787939,-111.7897898],[7,108,48,11,309,119,285]
Z4bdQGUEw3UewQVTTeuT4g,33.435375699999994,-111.84370515,4,[33.3777,-111.9339561,33.4930514,-111.7534542],[7,98,10,9,11,28,17,29]
M_8hm169M6QDMng-tAntpA,33.48191305,-111.9791854,21,[33.3370939,-112.0823075,33.6267322,-111.8760633],[38,7,47,88,39,48,11,17,18,251,27,99,128,109,244,127,108,26,224,89,142,292,379,172]
W59i67yCUejO6HRfH6-PDQ,33.55234465,-112.16037084999999,2,[33.4641,-112.273257,33.6405893,-112.0474847],[63,27,11,33]
6YMQSGaNY2OJw-IDykAuDw,33.579228,-112.1800945,17,[33.534184,-112.186155,33.624272,-112.174034],[192,11,224]
x6C2vGSAxu-eD4aQZwn_pg,33.480017,-112.031501,66,[33.480017,-112.031501,33.480017,-112.031501],[28,17,29]
oyUX1Yg-pFUUb-LOviVqUQ,33.44213205,-111.95782635,27,[33.3742118,-111.9963126,33.5100523,-111.9193401],[26,11,88,38,39,89,7,8,247,224,48,181,63,27,33,119,99,206]
S37XK_4SxphDOgLnOLAO-A,33.486037,-112.363428,4,[33.486037,-112.363428,33.486037,-112.363428],[72,4,5,6,207]
GudUwh6EapiOn4umgKdJiQ,33.509975514548,-112.07141425,30,[33.458692129096,-112.1156244,33.5612589,-112.0272041],[98,7,108,38,210,26,39,11,65,133,129,79,121,48,185,54,324,49,50,52,43,84,345,6,346]
IEMX8U7iW8EKzffbeprF9Q,33.43475,-112.00644,35,[33.43475,-112.00644,33.43475,-112.00644],[28,170]
lFa_Rh34tK6hSPYAZZ8Jyg,33.38789315,-112.2432816,71,[32.943589,-112.7335422,33.8321973,-111.753021],[373,251,153,11,7,8,6,200,229,98,24,119,180,20,23,49,66,52,30,13,236,103,60,26,292,126,28,170,10,9,33,44,72,275,269,80,82,59,48,185,309,285,127,99,137,139,88,38,39,89,57,69,168,108,12,138,71,287,84,343,68,366,202,63,27,342,97,177,140,224,85,36,128,296,161,65,17,29,247,333,43]
itWDC1MoquLplv0uIn36xQ,33.494425449999994,-111.99970425000001,28,[33.4194512,-112.0834825,33.5693997,-111.915926],[105,65,38,39,40,168,298,88,11,101,7,139,36,109,63,104,195,48,108,47,182,140,145,57,205,119,120,26,99,311,143,33]
YVaOouu_PCAhJ-GwDlrMBQ,33.4454848,-111.73491390000001,2,[33.4391409,-111.7362002,33.4518287,-111.7336276],[27,11,33,44]
JKwo0pYnqGsEWcTHvzhCjA,33.247575,-111.63436,2,[33.247575,-111.63436,33.247575,-111.63436],[113,6,116]
mn0XMB-HtbkZ-gbWfko3gw,33.4878858,-111.9859764,19,[33.4787943,-112.0478085,33.4969773,-111.9241443],[26,11,48,293,39,101,38,63]
9Ysj3f3tI3m5QRDxvQAIKw,33.49088745,-112.0721757,109,[33.3406452,-112.236293,33.6411297,-111.9080584],[38,39,11,63,84,345,6,346,7,108,27,128,186,57,145,182,48,140,142,292,30,13,12,114,99,126,8,35,76,26,61,46,127,173,112,212,97,43,206,115,372,98,338,157,103,22,139,194,423,219,218,172,77,204,65,71,72,202,281,64,33]
FcyyFonYR4PrvFFxxXY3YQ,33.60943605,-112.00366754999999,15,[33.3501281,-112.138729,33.868744,-111.8686061],[38,39,40,46,6,7,108,182,48,140,11,482,157,103,99,101,88,57,69]
sZmINZtvzbC6WoLX05mGcQ,33.550274099999996,-111.98049715,15,[33.4219332,-112.0740123,33.678615,-111.886982],[7,292,99,48,11,168,265,126,212,43,24,63,12,61,13,6,114,47,27,119,38,33,39,128,109]
6RioJCCwaI3PAdLsg3FjNA,33.421192,-111.94406855,5,[33.3037399,-112.0986063,33.5386441,-111.7895308],[340,201,11,26,185,109,38,39,63]
8SySIHptpe6ABVBVhLzGsQ,33.969064,-112.728991,6,[33.969064,-112.728991,33.969064,-112.728991],[185,11]
8YWbHj2M0P4X8QLVp73siA,33.482601,-112.077617,23,[33.482601,-112.077617,33.482601,-112.077617],[28,17,29]
cp5WqSxk8f_LBq-cdZAg-A,33.674544299999994,-111.91988624999999,6,[33.5985136,-111.9795855,33.750575,-111.860187],[48,11,65,105,133,10,24,126,97]
qd_4Oc9RnxTmvOGtotYJzA,33.545377099999996,-112.0263082,200,[33.435156,-112.1341515,33.6555982,-111.9184649],[28,17,29,158,7,108,48,11,161,65,265,126,97,72,6,441]
5_5IvZQK3kaAUiyrHzajPA,33.5977955,-111.9777113,1,[33.5977955,-111.9777113,33.5977955,-111.9777113],[168,11]
oH1-qKP_ieiBRMjIj9CsrA,33.449233,-112.065458,6,[33.449233,-112.065458,33.449233,-112.065458],[27,11]
IcSsf2QCA7T-KpdraDxTew,33.415194,-111.919995,6,[33.415194,-111.919995,33.415194,-111.919995],[218,219,11]
DJIwm4UCnM-SOxXbARjPsQ,33.50847885,-112.08516975,77,[33.3774137,-112.2619703,33.639544,-111.9083692],[7,142,108,212,63,97,11,38,140,39,40,48,112,6,151,248,249,15,26,12,114,13,43,292,24,185,27,98,224,175,129,121,79,177,285,14,16,128,10,35,70,76,68,366,307,210,33,36,119,143,162,172,46,116,17,111,113,126,4,9]
n-cawb77DP86z_E2qmwRYg,33.67977625,-112.01894425,4,[33.5612589,-112.1204014,33.7982936,-111.9174871],[27,11,7,142,48,185,108]
_BixD7yelciWJchKldbKkQ,33.6664090822268,-112.005775741835,5,[33.6664090822268,-112.005775741835,33.6664090822268,-112.005775741835],[175,129,332,79]
63UaVdLeICrUy-mI97LpUA,33.41874315405795,-111.89657736758,91,[33.2125748081159,-112.1178872,33.6249115,-111.67526753516],[7,292,142,109,38,11,39,63,27,251,108,119,99,210,46,6,36,33,449,97,15,191,48,265,44,24,40,128,26,43,117,139,225,137,8,10,194,49,417,80,59,57,145,126,168,169,309,285,373,196]
ksM3_gv4pltUAlHkI7f0dg,33.4796464,-112.0301811,1,[33.4796464,-112.0301811,33.4796464,-112.0301811],[26,11]
cNuLPooumRf7fs9ZMRo-EA,33.546,-111.96828,197,[33.546,-111.96828,33.546,-111.96828],[161,195,65]
wWls7koANo5PPSpvaB_dbA,33.3624692,-111.77528785,12,[33.2906772,-111.8609857,33.4342612,-111.68959],[106,54,279,131,72,297]
ROru4uk5SaYc3rg8IU7SQw,33.423546,-111.937394,1,[33.423546,-111.937394,33.423546,-111.937394],[48,11]
uo_QrRmhVfv6iGIsZo-7Vw,33.363901999999996,-111.896095,4,[33.306501,-111.916969,33.421303,-111.875221],[373,97,11,251,43]
CezMZq_WqvlseBQCExShaQ,33.4915779,-111.925841,36,[33.4915779,-111.925841,33.4915779,-111.925841],[119,38,48,39,11]
FtUOM_uopEASH1nHoSEVFw,33.421657,-111.944749,1,[33.421657,-111.944749,33.421657,-111.944749],[224,11]
wW41WD_o9EQuO8172Vcl0Q,33.362439,-111.445693,1,[33.362439,-111.445693,33.362439,-111.445693],[49,178]
330uVLSamVfBMHDvvhAprw,33.43504435,-111.8987768573975,85,[33.233122,-112.0736348,33.6369667,-111.723918914795],[26,11,33,265,185,99,7,24,47,27,39,38,48,128,142,40,63,126,168,108,182,119,140,109,352,88,292,97,54,55,122,206,127,212,43,49,409,4,6]
lcNncIDyL4RRRVGFUi4ckw,33.4033669363438,-111.973214149475,8,[33.4033669363438,-111.973214149475,33.4033669363438,-111.973214149475],[28,17,29]
Z0Z5ZflPPV2i3KPejtziYQ,33.63341475,-112.19148905,3,[33.5517332,-112.2692793,33.7150963,-112.1136988],[7,27,48,47,11,99]
GIdCQEqpTPOjPMn2JVlxtQ,33.3216365,-111.687184,7,[33.248495,-111.752289,33.394778,-111.622079],[106,54,107,98,8,6,116,7,113]
iYcdqfldTIJ54Xzt7-n75A,33.457118,-112.0898162,1,[33.457118,-112.0898162,33.457118,-112.0898162],[183,65]
cNZCaxfNrYP69usoXIZ3AA,33.401074,-111.867994,6,[33.37942,-111.951494,33.422728,-111.784494],[192,11,24,474]
6GhMW-_kFnfb_RRWf2ryvw,33.523990850000004,-111.919001898422,7,[33.5019817,-111.96828,33.546,-111.869723796844],[7,119,41,11,99,48,127,26]
L9_zl1TNcXuQmTUD2mpzEA,33.495355472397,-111.93643295000001,10,[33.321061644794,-112.1868299,33.6696493,-111.686036],[26,11,7,189,10,24,28,442,241,57,39,145,99,212,361,38,140,40,48,126,97,296,128,33,44]
VodDricFb-bNUAWw84NtFQ,33.58207315,-111.86550495,3,[33.330835,-111.9387279,33.8333113,-111.792282],[7,36,410,307,172,11]
yPzUZxx_cDjrYbu85VLdFA,33.462078,-112.352936,1,[33.462078,-112.352936,33.462078,-112.352936],[54,324]
uPRz5JI11QQpwgNnSZZzaQ,33.554825,-111.899636,2,[33.554825,-111.899636,33.554825,-111.899636],[119,201,11]
3VIRjR2V29TOaI9u64hMig,33.409005500000006,-111.9951639,62,[33.304861,-112.0800705,33.51315,-111.9102573],[119,11,57,145,38,39,40,48,112,6,109,63,27,62,24,17,7,108,338,186,12,13,22,33,126,97,292,142,212,182,218,172,140,224,26,36,8,181,127,206,168,298,88,99,117,214]
lrAdni6sxn6ErArz1hxYSg,33.567239,-111.999717,9,[33.455863,-112.072167,33.678615,-111.927267],[48,11,352,63,38,265,39]
PRgn6fKjC1elU2tAMiG70Q,33.496660500000004,-112.005629,9,[33.484487,-112.083991,33.508834,-111.927267],[38,143,293,39,205]
fmsJOI_EwYj5QdFYXrjfow,33.4576184,-112.1004981,14,[33.3912528,-112.1691678,33.523984,-112.0318284],[7,142,185,11,74,24,26,265,148,120,99]
03Oz66jJqOPXszYgQKhusw,33.59278505,-111.6978215,29,[33.5823384,-111.7155019,33.6032317,-111.6801411],[7,379,210,108,11,48]
S_LAaGC89w7oW5SXKQO2tQ,33.47393725,-111.9284545,7,[33.3211423,-111.982113,33.6267322,-111.874796],[224,11,27,33,119,99,88,38,39,298,128]
_Ne1ZIVsyjAM1xnUE9J9Dw,33.395392,-111.84876249999999,9,[33.376439,-111.913031,33.414345,-111.784494],[192,11,474,27]
EHg4eM5opDbYt2U8HIx-0w,33.4443703,-111.95957200000001,6,[33.306499,-112.0772,33.5822416,-111.841944],[98,7,63,27,11,224,26,84,339]
ZuPJIsIWAidZgAuLiAv0uQ,33.3633604,-111.72109805,8,[33.347758,-111.756931,33.3789628,-111.6852651],[99,11,96,72]
LsqaHfnt7wKDKP_9-u7cyQ,33.44906,-111.925621,2,[33.44906,-111.925621,33.44906,-111.925621],[446,11]
hiDxBT4S8t8PhtPNYeLl_A,33.4891134,-112.0453868,61,[33.4564268,-112.0704276,33.5218,-112.020346],[28,17,29,126,97,11]
9nviCG-MmCwHgZ6woGlKaQ,33.49914,-111.923364,2,[33.49914,-111.923364,33.49914,-111.923364],[104,65]
56Hmjo6EatbebpuhkpW6uQ,33.4329724,-111.9043028,1,[33.4329724,-111.9043028,33.4329724,-111.9043028],[126,97,11]
ZaPfrcBYGA1GMk23B0MusQ,33.33041285,-111.96185925,2,[33.3184617,-111.9656825,33.342364,-111.958036],[17,152,212,43,11]
K6ydj-nGjEodeW0oA1JTSA,33.333612,-111.946871,5,[33.333612,-111.946871,33.333612,-111.946871],[43,11]
n7MaeazeXWF6RnPiXpWQ5w,33.0241115,-112.0505478,152,[33.0241115,-112.0505478,33.0241115,-112.0505478],[57,258]
nG4xjLw0syfXnzv3Na0hGw,33.52914535,-112.1144292,150,[33.4321397,-112.186851,33.626151,-112.0420074],[126,97,11,28,271,57,56,38,128,39,69]
BoyIX_eFdXSFsf7Sg2S06w,33.4735222,-112.3922365,3,[33.4735222,-112.3922365,33.4735222,-112.3922365],[65,133]
wze9WHVjqn-onlPdUPfOUA,33.4227315,-112.0189135,18,[33.394393,-112.059954,33.45107,-111.977873],[8,26,7,138,139,11]
n1Dp6-dEzvJMxielcgNmoQ,33.551448,-111.9493473,4,[33.424281,-111.9746066,33.678615,-111.924088],[119,120,11,99]
0uOEQHSMIsZKlig_Pe5Rqg,33.413555599999995,-111.90149185,2,[33.3350308,-111.9255527,33.4920804,-111.877431],[126,97,11,440,260]
4goE4n4vOo8bF2aB3P8foA,33.43798025,-111.9789208,10,[33.351069,-112.0999146,33.5248915,-111.857927],[12,114,13,6,250,163,49,319,59,112,151,181,11,7,142,108,194,292,24,185,27]
IzXGjAwvVqT4o_gN4PzDww,33.7108748,-112.191924,7,[33.7087649,-112.2723925,33.7129847,-112.1114555],[72,154,27,11]
uAcir87sXGtR-qKCxMUx_Q,33.4069382,-111.9129298,60,[33.3045866,-112.0364736,33.5092898,-111.789386],[7,108,38,11,99,128,39,43,36,48,97,26,126,224,169,251]
XLcobCgUrFAUf7BlANyF9A,33.5706,-111.9021,7,[33.5706,-111.9021,33.5706,-111.9021],[38,48,99,39,11]
q01EJuVT9tCHS_kO1qsTJw,33.514027,-111.92487,125,[33.514027,-111.92487,33.514027,-111.92487],[28,17,29]
bRO1u0MI5IY-7Te5--QXKQ,33.4357623,-111.91871195,10,[33.3785626,-111.927751,33.492962,-111.9096729],[65,133,224,11,119,99,192,371,106,54,131]
sNu9cT5OK9pnFzT007IbHA,33.304682,-111.982854,1,[33.304682,-111.982854,33.304682,-111.982854],[99,11]
Djgq0j3a8dylLDRsW7-1Jw,33.5336234,-111.9652641,119,[33.5336234,-111.9652641,33.5336234,-111.9652641],[161,28,65,17,29]
cWhIOGYKP7MX5jWqrrpwHw,33.260838,-111.7896154,27,[33.260838,-111.7896154,33.260838,-111.7896154],[26,11]
-0gh7015nDOhZlwzlNNxwA,33.484700849999996,-112.1081054,11,[33.4596905,-112.17,33.5097112,-112.0462108],[84,215,32,251,11,7,98,8,10]
iU8oI5YDJ4zj25RhiAN0DA,33.4681845,-111.96771335,2,[33.4240504,-111.995355,33.5123186,-111.9400717],[119,99,11,38,26,39]
Mikv4HTVQxefm68hOMFr6w,33.336234000000005,-111.85467700000001,26,[33.306806,-111.88557,33.365662,-111.823784],[177,140,192,11,71,72]
GysTKdBLUo9QsnXNMTQzUw,33.499236,-111.9177014,129,[33.499236,-111.9177014,33.499236,-111.9177014],[126,11]
PvZlZMua6J5h6IAXZ5kYzA,33.4881846,-111.9608249,2,[33.4881846,-111.9608249,33.4881846,-111.9608249],[48,11]
yv7PnwYM91y1Rd8ssKJotA,33.4787943,-112.0478085,7,[33.4787943,-112.0478085,33.4787943,-112.0478085],[26,11]
5dv3eK3CcMCLe-8fBhxu6A,33.5904237,-112.0997689,1,[33.5904237,-112.0997689,33.5904237,-112.0997689],[49,51]
i77ZUEN6jxkVi3WusN1o7w,33.52833805,-111.99979565000001,7,[33.4915779,-112.0737503,33.5650982,-111.925841],[109,38,210,39,11,119,48]
1TWVBaG-64DPsPsyyfKaGg,33.5094461,-112.0403946,35,[33.5094461,-112.0403946,33.5094461,-112.0403946],[63,27,11]
xXVk534KW5rnOCwIBIXi0w,33.513668294079,-112.07345021141501,2,[33.5136394,-112.0734885,33.513697188158,-112.07341192283],[7,142,108,292,48,11]
uVYsE8KsrMAndEAQeYc0TQ,33.320211,-111.912266,3,[33.320211,-111.912266,33.320211,-111.912266],[49,193,59]
SeUINpGxGUr9pd7gWACU4A,33.497976171321994,-112.03614258765,68,[33.421617342644,-112.12561,33.574335,-111.9466751753],[63,27,11,41,24,212,97]
tL26bYinligYxbr5X2IU9g,33.6114963,-112.07937685,2,[33.5839581,-112.1798866,33.6390345,-111.9788671],[218,11,182,307]
ZP-lKmBQAN4HIdLP4vDK6g,33.4807549,-112.0666183,34,[33.4549678,-112.0999146,33.506542,-112.033322],[212,97,11,26,7,108,119,260,48,99,307,172,38,181,39,40,501,54,242,109,142,194,210]
SGYZkhXJxltr7qPNwvRhkA,33.4719589,-112.0649208,200,[33.4719589,-112.0649208,33.4719589,-112.0649208],[251,11]
VfbOLyJB-0BwXAMG6v-8Dw,33.3702541,-111.9741847,1,[33.3702541,-111.9741847,33.3702541,-111.9741847],[265,11]
NooDSadOkv8kuU_Oefj-VA,33.4645484,-112.2797864,1,[33.4645484,-112.2797864,33.4645484,-112.2797864],[99,11]
0Q0n7MMyAGBSdFuU-kNjYA,33.4639303,-111.98878315,16,[33.3055809,-112.1728283,33.6222797,-111.804738],[224,11,192,413,211,328,32,63,27,84,336,96,72,182,48,140,71]
fev0iI-XDrteD4SYRKjiUw,33.35612630245705,-112.0219991054075,200,[32.8808576049141,-112.390394210815,33.831395,-111.653604],[33,11,97,43,119,99,168,144,15,16,6,38,48,39,185,7,9,10,169,128,24,45,77,35,76,309,285,63,49,66,181,229,26,88,292,70,27,210,120,40,51,109,108,62,17,322,19,57,20,23,44,187,139,327,307,56,89,142,112,254,69,80,59,12,13,79,121,92,265,162,311,340,74,212,248,192,18,30,47,172,175,129,28,178,29,373,423,140,177,298,114,465,145,251,258,41,8,224,247,276,194,239,313,204,65,36,250,186,244,182,61,102,103,52,361,225,101,312,146,152]
w4v7kXNFFuzn9B3Wo0xpyA,33.54308775,-112.037362925065,12,[33.440197,-112.2382757,33.6459785,-111.83645015013],[71,72,287,265,99,11,33,27,57,69]
5o-Bf5gvQ3nKC-EmQ5SP8A,33.625633199999996,-112.12385135,10,[33.5963849,-112.1352697,33.6548815,-112.112433],[96,72,71,25,6,44,212,11,208,35]
Rb6OHMPGbrFMsZEoC5zNCw,33.583142,-111.927321,2,[33.583142,-111.927321,33.583142,-111.927321],[27,11]
FFfBjFZWkjMnlZPwbufAkw,33.3296439,-111.84522045,13,[33.3045866,-111.9006511,33.3547012,-111.7897898],[7,108,48,11,99]
GTEMileSlrSCcNb2y_T5xA,33.538255899999996,-112.1583891,2,[33.5250021,-112.2691041,33.5515097,-112.0476741],[109,38,265,39,11,79,121]
oM8mEvA6fZLVS_Alcno0BQ,33.45397405,-112.003462076143,148,[33.411473,-112.0839659,33.4964751,-111.922958252286],[46,102,6,103,57,327,470,145,39,99,11,7,142,28,17,29,210]
hPW9jjG44JsPqJxv3qUwSg,33.385249900000005,-111.90212005000001,5,[33.3459373,-111.9636701,33.4245625,-111.84057],[127,11,38,26,39,293]
IkC2BKzADqgPlvaac5gRHg,33.625627800000004,-111.8725434,200,[33.3776765,-112.2641158,33.8735791,-111.480971],[49,445,66,52,265,11,26,27,177,140,28,190,99,57,69,48,7,47,276,208,6,35,39,38,128,64,65,112,254,33,44,142,119,327,210,98,8,10,221,40,201,117,80,82,59,127,185,17,18,206,166,102,103,45,169,63,29,114,13,115,24]
K68gSUolvcDoW1D1yMZrLQ,33.496175,-112.020561,4,[33.496175,-112.020561,33.496175,-112.020561],[11,63]
DWNNKLR4MFaGEE3s_JIutw,33.3061605,-111.8412502,22,[33.3061605,-111.8412502,33.3061605,-111.8412502],[161,65,11]
WORShVhq7IwMY4iizc1dAA,33.3194592,-111.96796660000001,6,[33.3184674,-111.9682552,33.320451,-111.967678],[168,11,109,38,265,39]
Xjp1Mo5341--6USSS03cfg,33.407088,-111.911549,1,[33.407088,-111.911549,33.407088,-111.911549],[126,97,11]
Lvu8O6tfgUaDLI17BBr9xg,33.4960515,-111.9302928,1,[33.4960515,-111.9302928,33.4960515,-111.9302928],[38,11,39,63]
kjbeBxTOfkJAt_wtifCLBQ,33.413158,-111.875779,18,[33.413158,-111.875779,33.413158,-111.875779],[43,11]
6AzKyBQAJoFcqCJ6rzjHbw,33.449233,-112.065458,2,[33.449233,-112.065458,33.449233,-112.065458],[27,11]
uCQc9rG__EHqCl4HgwgeSw,33.34309425,-111.8597844,9,[33.2711537,-111.9297442,33.4150348,-111.7898246],[43,11,126,212,182,48,140,33]
Uf-jZhhEYRIFxzyT1d5R6Q,33.55922645,-112.08760035,7,[33.4646899,-112.2797895,33.653763,-111.8954112],[12,114,13,6,22,57,69,38,145,205,39,40,7,8,45,126,11,98,24,221]
R_D6BOlT0hqSga9xdNE7xg,33.539260049999996,-111.93539115,8,[33.4787939,-111.9872563,33.5997262,-111.883526],[309,119,285,11,126,48,63,97,7,142,27]
WXhh6fsUPNrdpcnfkHiDhg,33.41752445,-111.7692542,4,[33.38323,-111.8026941,33.4518189,-111.7358143],[112,6,7,108]
5oPwG66useXJo9opoFokgQ,33.5102068,-112.0272041,2,[33.5102068,-112.0272041,33.5102068,-112.0272041],[99,11]
BrONhIA5hzsSnb8Ruk1j3A,33.5079352,-112.0477237,9,[33.5079352,-112.0477237,33.5079352,-112.0477237],[33,38,39,11]
pcYFt1EjfOizhvRJDiz3AA,33.480203,-111.9825532,1,[33.480203,-111.9825532,33.480203,-111.9825532],[26,11]
pzykdS-n8Ieb1F29ojCLcg,33.38158265,-111.94858685,7,[33.3482841,-111.9803928,33.4148812,-111.9167809],[27,11,101,38,39,177,140]
1D5q-rkfXgpx5_nAOF9LBw,33.5062078,-112.0739142,200,[33.5062078,-112.0739142,33.5062078,-112.0739142],[7,108]
TpSs9KJCX68yXAAzZ9_LIw,33.4940321,-111.9218306,1,[33.4940321,-111.9218306,33.4940321,-111.9218306],[119,26,185,11]
0BBO-d1_Dr16Tc55x--ejA,33.43736785,-111.9621131,16,[33.319212,-112.0836562,33.5555237,-111.84057],[11,218,46,6,43,38,26,39,61,13,70,48,99,40,127,109,63,28,240,241,24]
Qq_sUGEwyvG2vv6cJC0Zrg,33.45146905,-111.82307094999999,4,[33.4373518,-111.9279622,33.4655863,-111.7181797],[11,63,7,24,47,27]
Mx8Xug8FLHadxccgSyabUQ,33.64718055701305,-112.1658470558185,23,[33.6400079,-112.2481142,33.6543532140261,-112.083579911637],[161,65,26,11,177,140]
wkUcQbHYTcswwfbjADI5Xw,33.377437,-111.634661,1,[33.377437,-111.634661,33.377437,-111.634661],[26,11]
D9ScIZSCuEgmjLbYwAVx2g,33.5109234,-112.0740147,5,[33.5109234,-112.0740147,33.5109234,-112.0740147],[248,249,6,15]
toF7-gvjNHp8Fd65LsppYA,33.463017466371554,-111.9327105818865,4,[33.4234408327431,-111.939622163773,33.5025941,-111.925799],[119,48,24,11,109,38,27,39,46,6]
vxTvlAOvXXdBRppMTL0Apw,33.3307689546901,-111.76673092154249,3,[33.3068367093802,-111.7897898,33.3547012,-111.743672043085],[7,142,292,108,48,11]
0obYN--CF5i-73VPzkFmnw,33.7110102,-112.1142778,3,[33.7110102,-112.1142778,33.7110102,-112.1142778],[202,72]
tnp5gYJwsbYygX_uEKr53Q,33.4596905,-112.0462108,1,[33.4596905,-112.0462108,33.4596905,-112.0462108],[26,11]
PfuPTOzx5u0vucw4fLllKw,33.596199,-112.05044715,31,[33.5173991,-112.2021879,33.6749989,-111.8987064],[71,72,7,48,47,11,177,140,119,99,185,340,210,162,63,201,39,38,26,127,212,41,27,126,97,109,129,78,79,149]
e_F7A1KkgjPDqWDDw1cfpg,33.6459785,-111.9170571,2,[33.6459785,-111.9170571,33.6459785,-111.9170571],[33,265,11]
FCVknrnKGWvHx3nyprHC-w,33.5344212,-111.96144,7,[33.413158,-112.047101,33.6556844,-111.875779],[251,11,26]
ssavJWZO47MKQ55_pbeuqg,33.520070478689206,-112.02467291849649,124,[33.4566960573784,-112.072327136993,33.5834449,-111.9770187],[177,140,11,119]
Yq_dXtlD9QFcvBlCAwu7vA,33.7109976,-112.1573019,4,[33.710985,-112.200326,33.7110102,-112.1142778],[7,108,57,142]
wYsRF4FJUqw1OG9mC-ZFpg,33.6247911,-111.9257312,25,[33.6247911,-111.9257312,33.6247911,-111.9257312],[48,11]
TpDqld5fgNlOXI_uejW7GQ,33.4373684849164,-112.002139091492,29,[33.4373684849164,-112.002139091492,33.4373684849164,-112.002139091492],[38,26,39,40,11]
pvdXGtu6sAPDJiCIhfVBDQ,33.45878345,-111.9993994,32,[33.4245625,-112.0739136,33.4930044,-111.9248852],[38,99,39,128,185,11,309,285,48,7,47,127]
m6jqHG_eIHHyc67w0v6LZg,33.7983474731445,-111.978637695312,2,[33.7983474731445,-111.978637695312,33.7983474731445,-111.978637695312],[99,11]
jev0yrmMJulOsfjKoT6jyA,33.433533642472,-111.996050061055,3,[33.4222653,-112.07211772211,33.444801984944,-111.9199824],[38,99,39,128,185,11,7,98,10,9]
XlpWeuFSEqj9hH_aefJxHA,33.29498076920255,-111.86030229776,171,[33.2815660319081,-111.978392,33.308395506497,-111.74221259552],[57,145,258,39,28,17,29,41,43,11,7,36]
yvWUvG7Gb-_7JcgYQrbDVA,33.423546,-111.937394,2,[33.423546,-111.937394,33.423546,-111.937394],[48,11]
mWIEBT_Y_tmzKBiGI2tKpQ,33.6254845075615,-112.014377645996,2,[33.624036015123,-112.100731,33.626933,-111.928024291992],[212,26,11,206]
2oEjMPjq3G7lrf4hbgDkFQ,33.42505155,-111.939851,32,[33.4239428,-111.939864,33.4261603,-111.939838],[39,38,126,97,11,273]
b48NAHm3R12f7nRJXHVnCw,33.54369855,-112.117164589514,37,[33.43475,-112.3415813,33.6526471,-111.892747879028],[26,11,44,43,322,57,28,170,63,27,48,69,24,46,6,202,72,119,185,38,99,128,39,296,33,45,65,7,148,204,84,345,346,327,41,212,309,285,97,117]
IC_herUwBVQ1mt8Pf1to3w,33.4878318041353,-112.0214094447295,18,[33.4214126082706,-112.0998386,33.554251,-111.942980289459],[212,63,97,11,7,98,108,172,26,224,6,284,35,99,215,32,251,137,8,139,38,48,39]
31XmR-qW_8IAADrh2L73ng,33.30572225,-111.98573189999999,18,[33.3056067,-111.9927062,33.3058378,-111.9787576],[27,11,63]
7qmyFHxKSu6fJW76fwzhRw,33.5025941,-111.9296765,1,[33.5025941,-111.9296765,33.5025941,-111.9296765],[97,11]
ckpR2E9BDIU_bsG4bY8F8Q,33.39211815,-111.92011,15,[33.362444,-111.951184,33.4217923,-111.889036],[192,11,7,108,106,54,315,129,78,278,79,26,98,24,15,6,191]
6_uj1ivs0JB_5let8Fh79w,33.508954,-112.0293073,139,[33.508954,-112.0293073,33.508954,-112.0293073],[28,17,29]
H8W73HfNrz7vehgXtXztmA,33.4952780651017,-112.154901754132,137,[33.449233,-112.262291908264,33.5413231302034,-112.0475116],[26,11,28,17,18,29,27]
MKG7r52ExjXoAvIPG7sK0g,33.638937,-112.3553813,3,[33.638937,-112.3553813,33.638937,-112.3553813],[126,97,11]
wrXTHqRC38B91D3zqcKsug,33.306529,-111.872801,1,[33.306529,-111.872801,33.306529,-111.872801],[88,38,99,39,11]
C92dmVXrzul_R3ydjOeT2A,33.4951559,-112.0629953,1,[33.4951559,-112.0629953,33.4951559,-112.0629953],[99,11]
LxJUg7--8tuU448oNm-T0w,33.4541453,-112.0827178,2,[33.4541453,-112.0827178,33.4541453,-112.0827178],[98,7,26,11]
lHlQNEEIYGe-81re_7AtzA,33.408306249999995,-111.91865250000001,6,[33.3943472,-111.962441,33.4222653,-111.874864],[126,11,7,98,10,9,108,24]
fkuZoI-8IpBzDeH9H5-muw,33.576856199999995,-112.0217877,36,[33.498028,-112.1156244,33.6556844,-111.927951],[44,192,11,352,48,99,126,185,26]
eWb3LTlYzRGrP4DiQjHXcA,33.42001375,-111.98783750000001,23,[33.337009,-112.0999,33.5030185,-111.875775],[224,11,251,119,7,98,10,9,309,285,26,63,192,33,27]
VA03LXa3QmzE-w_P-K4VsA,33.6710502,-111.9403254,1,[33.6710502,-111.9403254,33.6710502,-111.9403254],[132,65]
kWLz79iD54o1cEqomx-qlw,33.545370500000004,-111.9695313,5,[33.492381,-112.0131157,33.59836,-111.9259469],[26,11,43,265,48]
04Bliog4JSekIOQiImkEKA,33.6239149,-111.9255304,13,[33.6239149,-111.9255304,33.6239149,-111.9255304],[48,11]
9q5Vb5jD6y1IZshaECvEDA,33.433994,-111.872544,2,[33.433994,-111.872544,33.433994,-111.872544],[72,297]
pCGW55GQXSgkneb9DC8XIw,33.50900033448755,-112.026049893338,5,[33.4797420689751,-112.0571061,33.5382586,-111.994993686676],[27,11,13,6,115,372,33,99]
mhpoWn7GhFxtDcF4W2Ylzg,33.629168,-111.89157,24,[33.629168,-111.89157,33.629168,-111.89157],[38,11,99,128,39]
uvQ40rims7sY3O5yl70caw,33.61419895,-111.9566685,9,[33.3947699,-112.076505,33.833628,-111.836832],[7,108,48,11,142,119,49,193,59]
4Utl9nWrSZueoEhlcVnLkQ,33.6382038313039,-112.363443374634,1,[33.6382038313039,-112.363443374634,33.6382038313039,-112.363443374634],[251,212,11]
Lu3i-nhnKYKas0BTgftw8w,33.4657642,-112.0431543,113,[33.4657642,-112.0431543,33.4657642,-112.0431543],[129,121,79]
FzAKROgBjmoNOQGd15dpFQ,33.4922985,-111.9245517,4,[33.4922985,-111.9245517,33.4922985,-111.9245517],[210,11]
ynNDpECccbn2HrSkkw4Nsg,33.509734,-112.025706,1,[33.509734,-112.025706,33.509734,-112.025706],[126,11]
qVCxw983JGAzECXiNOFcDQ,33.45126813898085,-111.8845595772095,58,[33.393841,-111.927080154419,33.5086952779617,-111.842039],[38,39,99,11]
8VhS5H_x0Q8F49qwuRpoqQ,33.352183,-111.911824,3,[33.352183,-111.911824,33.352183,-111.911824],[54,55,122]
JDNVrgx-ezevpd2QkAmPwg,33.5102068,-112.0272041,32,[33.5102068,-112.0272041,33.5102068,-112.0272041],[48,11]
Ag549xHUfERcugcn069vJg,33.28345105,-111.94578494999999,8,[33.070427,-112.0839659,33.4964751,-111.807604],[117,11,26,99,57,27,39,145,44,127,119]
lf_dhzlvKQb4f_CVpOhdKA,33.5356713795255,-112.259674072266,1,[33.5356713795255,-112.259674072266,33.5356713795255,-112.259674072266],[24,11]
U5JyHRVayfHRHipogAq84A,33.39007775,-111.9273759,8,[33.2711537,-112.0649272,33.5090018,-111.7898246],[43,11,465,57,39,145,373,97,13,6,115,372,126,212,26,28,17,29]
E6MaozT7xyHWoml-0faVLw,33.55296355,-112.00654865,8,[33.392791,-112.2054933,33.7131361,-111.807604],[65,133,24,11,7,142,57,27,39,145,338,382,206]
1A4eBVRH5FYoPN3jSvz50Q,33.5050753,-112.0826889,1,[33.5050753,-112.0826889,33.5050753,-112.0826889],[64,65]
UrY6acLfg1wlwpBFvMOJ_Q,33.560978500000004,-112.1925053,10,[33.495024,-112.3212546,33.626933,-112.063756],[33,11,212,26,38,99,181,39,48,7,139,225,375]
gSOh-tzXzxMtukKtu9DSwA,33.5999386,-111.9797159,2,[33.5999386,-111.9797159,33.5999386,-111.9797159],[126,97,11]
zIDna4Ur_6-kvpZb3PY6sw,33.4447935394845,-111.9835435,3,[33.378062078969,-112.055538,33.511525,-111.911549],[7,108,126,97,11,38,39,24]
QzOLMG9OXmsHPUb6CYxuSg,33.428574499999996,-111.89036785,9,[33.25107,-112.0641947,33.606079,-111.716541],[8,6,116,7,36,113,38,39,49,178]
Qpql_3wiT7W2XhljdNjJxQ,33.4803629,-112.06937535,3,[33.4590669,-112.0915007,33.5016589,-112.04725],[24,11,119,120,101,88,38,39,40]
YO7evzJc9HcoTJVE3FA4eg,33.519654349999996,-111.9172088,6,[33.495605,-111.929345,33.5437037,-111.9050726],[112,6,43,11]
2XywCcUKE2ofgSYMqrDirw,33.50201,-111.9313599,1,[33.50201,-111.9313599,33.50201,-111.9313599],[265,11]
m4y1_TjzbQQAyBTHM_nLjQ,33.5094352,-112.0464076,2,[33.5094352,-112.0464076,33.5094352,-112.0464076],[105,65]
ul3Qdnw9TTQqWwIoSbookA,33.611141,-112.165119,1,[33.611141,-112.165119,33.611141,-112.165119],[64,65]
AhQaxppm7AGUGdWD0oXz6w,33.450513,-111.48069,1,[33.450513,-111.48069,33.450513,-111.48069],[99,185,11]
oxac7g3AlhoDsmHNamWfzg,33.634308,-111.885422,1,[33.634308,-111.885422,33.634308,-111.885422],[95,32,164]
7CqpUZU4Dn_KTZQG_lcZ0A,33.184169999999995,-111.86224815,11,[32.902277,-111.9677833,33.466063,-111.756713],[28,17,29,48,11,49,80,82,59,99,185,72,390,7,24,47,27]
KcFrGCRMwGntOifAyOHgNQ,33.508954,-112.0293073,54,[33.508954,-112.0293073,33.508954,-112.0293073],[28,17,29]
Lr27v-P_PiETtLDiWbqRtA,33.5016589,-112.04725,1,[33.5016589,-112.04725,33.5016589,-112.04725],[119,120,11]
QD9zFX06J6Nqi8Ph_CE3CQ,33.66694175,-111.9464146,22,[33.5024095,-111.9955012,33.831474,-111.897328],[7,8,119,11,48,33,99,109,38,39,224]
S-lps2D8iETs0InF_jqoOg,33.421698,-111.98661290000001,7,[33.319412,-112.16745,33.523984,-111.8057758],[44,11,265,26]
VfqXp2gulTGbq5ENwbKUCQ,33.5227721,-111.9001502,6,[33.5227721,-111.9001502,33.5227721,-111.9001502],[10,63,24,11]
5cxCKTziUlcLAeKFOhpFjQ,33.54194245,-112.04778525,9,[33.4148812,-112.1787896,33.6690037,-111.9167809],[185,11,352,48,26,27,37,32,88,109,38,39,218,219]
LOS8ODmjvvDT4jeqyhefaA,33.532125,-111.96086,1,[33.532125,-111.96086,33.532125,-111.96086],[48,11]
PQX3aamy9cKJwL2tujiWsQ,33.6719791,-112.07277189999999,3,[33.632948,-112.1142778,33.7110102,-112.031266],[39,38,26,128,11,48]
2JXJpZ3vm9lQAB_iEhMn1g,33.416196,-111.9389787,2,[33.334824,-111.9487344,33.497568,-111.929223],[109,38,48,39,11,99,128,296]
uWr21MBjmfojZ4MFaVlong,33.475008200000005,-111.8347674,48,[33.3216034,-112.0995348,33.628413,-111.57],[26,11,239,251,15,25,6,244,109,38,39,63,229,7,313,126,8,119,84,147,143,48,89,57,306,33,307,212,43,224,192,138,139,142,44,97,56,17,18,116,36,113]
JWg5xtZ9olbmZGiEz3P2dw,33.4552907,-111.9878697,13,[33.4552907,-111.9878697,33.4552907,-111.9878697],[7,138,8,139]
7DLmeY-IZgC_mmNVTbS9Fw,33.46548935,-111.94664705,5,[33.3057949,-111.9677833,33.6251838,-111.9255108],[99,185,11,168,265]
XdiB6koT2DtTObnJAVA-Wg,33.64334,-111.899055,1,[33.64334,-111.899055,33.64334,-111.899055],[54]
10O3dYXmF3R_OMcXBnTkWg,33.5801144,-112.06487475,200,[33.49112,-112.2029357,33.6691088,-111.9268138],[27,11,63,26]
IM3dEtqBAGA2AVm4d-tH5Q,33.713010249999996,-112.33938465,20,[33.501383,-112.6837783,33.9246375,-111.994991],[84,346,126,97,11,27,38,212,39,0,1,2,3,7,9,119,144,361]
dPTtIXt1__JkM878pmEXdA,33.401558949999995,-111.9490635,9,[33.3478272,-111.9878697,33.4552907,-111.9102573],[88,38,39,298,11,224,182,7,138,8,139,57,48,145]
MNi_sMit3qJegQ7HIyD_Hg,33.2851403,-111.6855127,2,[33.2851403,-111.6855127,33.2851403,-111.6855127],[88,38,39]
Wp0fK5noASGF1-6PnKVMLA,33.47897245,-112.08949050000001,4,[33.4549264,-112.0999,33.5030185,-112.079081],[251,11,177,140,26]
KLAHSN1rNCECYIuzXIBF9Q,33.5530862,-111.9290945,3,[33.494238,-111.977849,33.6119344,-111.88034],[33,11,27,63,267,182,172]
VvJMuWrfxaiGQVbV1k2dBg,33.49112,-112.079081,200,[33.49112,-112.079081,33.49112,-112.079081],[26,11,28,17,29]
nMIMooopT2x_t_wTV60Yqw,33.559146049999995,-111.9590626,4,[33.4952769,-111.9884173,33.6230152,-111.9297079],[126,97,11,182,48,140]
O9-SR6cXtakMBTAxXKjPGg,33.432283,-111.9023395,2,[33.432283,-111.9023395,33.432283,-111.9023395],[6,32,302,110,1,141]
ky8uh65re8HtVTb8QmF_gg,33.551996599999995,-112.0317623,33,[33.4938414,-112.174034,33.6101518,-111.8894906],[224,11,27,7,365,41,26]
8ezsDfHtM44yrwBe_mYEhw,33.3086797,-111.7435862,89,[33.3086797,-111.7435862,33.3086797,-111.7435862],[27,11]
V1k7XMUX4qHVUi-3IUYzhA,33.455611367006,-111.96246662351501,12,[33.377697734012,-112.0152845,33.533525,-111.90964874703],[11,63,48,26,251,265,33,117]
x44kUtGnOWphkVMVXklp6Q,33.6556844,-111.9300279,4,[33.6556844,-111.9300279,33.6556844,-111.9300279],[99,11]
qdToFPk1HorjGXur72PUQQ,33.392791,-111.807604,21,[33.392791,-111.807604,33.392791,-111.807604],[57,27,39,145,11]
KHdL4qXibF-Sp0lqGCaQ9A,33.5612589,-112.1156244,182,[33.5612589,-112.1156244,33.5612589,-112.1156244],[48,185,11]
hG2lErbRV9KrWb2r7fTZPA,33.331295999999995,-111.84995225,3,[33.299873,-111.8761389,33.362719,-111.8237656],[89,11,119,33]
WzbssEldqf2C5GoAKHbaxQ,33.411316717126496,-111.87138137351499,153,[33.407162534253,-111.90964874703,33.4154709,-111.833114],[26,11,117]
uUrSBxjsXq6jKm7pc2MOSw,33.5214362,-112.35163655,3,[33.4031998,-112.4787184,33.6396726,-112.2245547],[4,6,284,35]
g2OWRDdKnf6rCuSUo6f25A,33.6247911,-111.9257312,62,[33.6247911,-111.9257312,33.6247911,-111.9257312],[48,11]
A0y-ani7THDFXYIMf-9_lA,33.42692925,-111.9409575,6,[33.357638,-112.077177,33.4962205,-111.804738],[71,72,11,206,63,38,140,39,40,48]
oPZGf-cVy6s39fczR-iB9Q,33.4587437,-112.0775732,4,[33.4587437,-112.0775732,33.4587437,-112.0775732],[182,48,140,11]
zzL0NsoMVMub2jmUTsFD4A,33.449233,-112.065458,200,[33.449233,-112.065458,33.449233,-112.065458],[27,11]
ERlSTeUWLO0czI6GEQiz-A,33.448333,-112.074127,9,[33.448333,-112.074127,33.448333,-112.074127],[99,11]
nLP3FD0PXOiqz9bnPl3_Nw,33.6367691,-112.3516813,3,[33.6367691,-112.3516813,33.6367691,-112.3516813],[345,6,35,264]
3PEKgnFdfGQdMfTuIkrhxg,33.4000956,-112.0944555,12,[33.305824,-112.1976,33.4943672,-111.991311],[7,139,416,48,11,142,185,150,113,6,17,333,26,177,140,24]
N4AduSQ64oI-HEQBhvEInQ,33.3350177,-111.9270792,6,[33.3350177,-111.9270792,33.3350177,-111.9270792],[49,4,5,6,367]
SAp3Evy8huZziLiUaOxq0g,33.69579985,-112.04303105,5,[33.678615,-112.1114555,33.7129847,-111.9746066],[373,48,24,11,26,27]
IqAc3XdwplzNNH5282T3dg,33.5075701,-112.0650259,21,[33.5075701,-112.0650259,33.5075701,-112.0650259],[27,11]
Xuo2Lu-0wm4Ur2p53aGY2A,33.4099785,-111.88591894999999,7,[33.2644333,-111.929773,33.5555237,-111.8420649],[224,11,182,218,8,7,138,139]
rsTtqVuaxeRM4-qGfcvvyg,33.351368,-111.945593,2,[33.351368,-111.945593,33.351368,-111.945593],[202,72,281,269]
Ezibqv9YAknQpnaSgc0A6Q,33.4609922541353,-112.0115253947295,7,[33.4214126082706,-112.0800705,33.5005719,-111.942980289459],[7,108,63,27,24,11]
USyOsCsV_bI9J4lpmAstcA,33.4948853,-112.0455993,1,[33.4948853,-112.0455993,33.4948853,-112.0455993],[185,11]
Jty-0MwLMBZmN9u1hvaeSg,33.62669895,-112.2110418,2,[33.5819949,-112.2370076,33.671403,-112.185076],[27,11,43]
XHsWD63vpZoo_uOqEvcKtw,33.39992770338725,-112.05071325,12,[33.3047714067745,-112.1336432,33.495084,-111.9677833],[44,26,11,119,144,33,117,24,99,185,7,139,423,97]
Xj1Pm8D2rvjhgLto7BxkYA,33.50354675,-111.93218565,171,[33.502239,-111.9325368,33.5048545,-111.9318345],[57,69,119,11]
GFzfxYhaoACR20Uc0cmuMg,33.55367315,-111.9945341,5,[33.4287313,-112.0475633,33.678615,-111.9415049],[206,11,28,342,240,241,185]
Ad7xAVWtkcB2dR6tLHQSsA,33.3128133471554,-111.847891492615,8,[33.306896,-111.94338798523,33.3187306943108,-111.752395],[43,11,126,48]
s_ZiEP8Q3yl52dgsTZpn_w,33.5831076,-111.9263652,13,[33.5831076,-111.9263652,33.5831076,-111.9263652],[71,72,73]
TTjO2JhQnEs44Mxp2WnDcw,33.389433350000004,-111.9315103,9,[33.2711537,-112.073196,33.507713,-111.7898246],[109,38,48,39,11,140,40,33,99,26,126,212,84]
qjB8z3qjRqfdfOPBTRfF-Q,33.4964315,-111.9293821,1,[33.4964315,-111.9293821,33.4964315,-111.9293821],[104,161,195,65]
DfewvXBVh68PdGWs4cT5YQ,33.508954,-112.0293073,143,[33.508954,-112.0293073,33.508954,-112.0293073],[28,17,29]
BZtffWtR2dGhSRYVtAzYtw,33.4656194,-111.929324,18,[33.4656194,-111.929324,33.4656194,-111.929324],[27,11]
4gNloWssHqKRUAzPI_izxA,33.561707,-112.02067065,26,[33.444799,-112.0667347,33.678615,-111.9746066],[57,327,97,11,27,6,45,63,104,65,133,26,46,210]
00dakCMMozVoqbO3ljgVIg,33.3068421,-111.7520473,2,[33.3068421,-111.7520473,33.3068421,-111.7520473],[57,69]
TAtDrc96dU3c3DwZygENHg,33.511747544079,-112.0428692,4,[33.5097979,-112.073765,33.513697188158,-112.0119734],[11,63,48]
VKNcKyIdJAoyxoHxhg977w,33.5094461,-112.0403946,2,[33.5094461,-112.0403946,33.5094461,-112.0403946],[63,27,11]
Esdd03CSMeNV3cIuXvF7qA,33.617644850000005,-112.02980844999999,200,[33.43475,-112.1299404,33.8005397,-111.9296765],[13,6,21,22,33,11,27,182,99,28,170]
u1IC7xORIeAkJEt6n4p3_A,33.58066645,-112.09322825,20,[33.4860023,-112.2948244,33.6753306,-111.8916321],[33,11,38,99,39,28,17,29,57,327,119,48,40,6,345,84,346,141,23]
ISQ91LncYATT8WzHNfyX5w,33.4239428,-111.939864,25,[33.4239428,-111.939864,33.4239428,-111.939864],[38,273,39]
xSR-9Ix4Ms2CkC1enXBxXA,33.4779724,-111.9500955,22,[33.4608045,-111.991453,33.4951403,-111.908738],[26,11,39,119,38,57,470,145]
uLrMv7IebmLuB_fQ_sKtWw,33.5846317,-111.8307432,1,[33.5846317,-111.8307432,33.5846317,-111.8307432],[65,133]
2I0i1-zEiCoYetsJsI8vLg,33.5239431,-112.0478898,3,[33.5239431,-112.0478898,33.5239431,-112.0478898],[137,7,6,139]
HqosnsRqIsZk4XamkN87-g,33.404126700000006,-111.92117809999999,11,[33.3056593,-111.944694,33.5025941,-111.8976622],[27,11,303,17,63,7,47,48]
d8_clgAjgqjrc-BJFlB2Jw,33.583272,-111.932695,10,[33.583272,-111.932695,33.583272,-111.932695],[28,17,29]
Tc-HKIMCjgs1purlZxgRww,33.4726619,-111.8821894,4,[33.3059969,-111.88516,33.6393269,-111.8792188],[48,11,26]
yly5chz9FzvlkY861fkgAg,33.621274848681,-111.899064353952,4,[33.621274848681,-111.899064353952,33.621274848681,-111.899064353952],[26,11]
wv77CHdNKjIJnebWIsXuBQ,33.4878314,-112.0304322,1,[33.4878314,-112.0304322,33.4878314,-112.0304322],[6,21]
j5EjlO-XvYjvJBoEf6swSA,33.2452342,-111.8390442,1,[33.2452342,-111.8390442,33.2452342,-111.8390442],[65,133]
HEUCV4mQHiLbbatWmYfWbQ,33.458341,-112.067833,1,[33.458341,-112.067833,33.458341,-112.067833],[7,108,119,11]
kDiaaeTYQmZ37foiF6pLnw,33.4994803,-111.92334375,5,[33.4978182,-111.9253728,33.5011424,-111.9213147],[11,28,17,18,29]
77C1-ZGI1eTjvSMmsf3cSQ,33.233122,-111.850915,2,[33.233122,-111.850915,33.233122,-111.850915],[54,55,122]
NoJ4qOO86-yWfUhYdMEcFw,33.3068367093802,-111.743672043085,1,[33.3068367093802,-111.743672043085,33.3068367093802,-111.743672043085],[7,142,292]
jFDpsSNYZl5ZgMUCigtmDQ,33.436293,-112.011827,15,[33.436293,-112.011827,33.436293,-112.011827],[38,128,39]
N8Ts_GPpK3lHsTHBnsEdHA,33.5833623,-112.0133311,11,[33.5833623,-112.0133311,33.5833623,-112.0133311],[7,108]
czWOuvs5IgY8eeRfxP3TwA,33.662063599999996,-111.9113137,5,[33.6230152,-111.9297079,33.701112,-111.8929195],[175,129,79,126,97,11]
-SC91ZBxiD6zLXwaW-NjQQ,33.544711649999996,-112.0929129,21,[33.4493238,-112.1201999,33.6400995,-112.0656259],[88,38,39,89,11,99,27,128]
nomlvrUmZHMvNhpK395eaA,33.419752700000004,-111.8939531,5,[33.2618144,-111.927632,33.577691,-111.8602742],[49,80,82,59,177,11]
WEtyH5vnolB-2t76qjCHRg,33.616418,-111.92631,1,[33.616418,-111.92631,33.616418,-111.92631],[265,126,97,11]
d1vSOBq_RauHGpCh7VN7KA,33.556179799999995,-111.964395,5,[33.472674,-112.064752,33.6396856,-111.864038],[27,11,48,63,26]
WFEb4Jle4IQey0MQbJW1kg,33.519428500000004,-111.91393500000001,5,[33.464349,-111.92358,33.574508,-111.90429],[43,11,28,17,29,224]
DGpLZKDLlKINxF-hVsJTsQ,33.427634,-111.899966,2,[33.427634,-111.899966,33.427634,-111.899966],[63,27,11]
0EvgOq0UPO9vMp-lxuoHgQ,33.59013505,-111.9100757,21,[33.5025941,-111.9296765,33.677676,-111.8904749],[27,11,265,48,49,178]
