7Bs8lNMawKohzdnwjPe9GQ,33.42263,-111.940813,1,[33.42263,-111.940813,33.42263,-111.940813],[27,11]
lDxmOwa66OhwmYxlbBd9EQ,33.497145,-111.9278401,5,[33.497145,-111.9278401,33.497145,-111.9278401],[38,128,39]
82i6il42oVYLFQeoOqwucQ,33.499504,-111.927891,1,[33.499504,-111.927891,33.499504,-111.927891],[48,24,11]
3cqhyvdDu_mPlywEiH-9Kg,33.55203,-112.100098,1,[33.55203,-112.100098,33.55203,-112.100098],[113,6,116]
uliUZShBIU1-V2MQC6xMVQ,33.464994250000004,-111.95896735,2,[33.4360415,-111.9956337,33.493947,-111.922301],[28,240,241,17,29]
OrVtmaML9UI99bsYrV6IQg,33.383123,-111.964485,196,[33.383123,-111.964485,33.383123,-111.964485],[99,11]
Z4IB0qxxntJalonbHvUAwg,33.339254,-111.86803355,6,[33.271662,-111.9810651,33.406846,-111.755002],[109,38,11,39,63,119,126,97,218,41,49,193,80,59]
NZE0bc595moiKbaeX4qx6Q,33.5515055,-112.2698024,1,[33.5515055,-112.2698024,33.5515055,-112.2698024],[7,108]
0s8CUKpnTUDvv13wuCdPdQ,33.4075879,-111.814358,8,[33.4075879,-111.814358,33.4075879,-111.814358],[7]
Txo4ZGYBVPVLjbKHyCr8aQ,33.400159099999996,-111.90821905,44,[33.3053504,-111.993252,33.4949678,-111.8231861],[33,11,89,185,28,17,29,168,126,97,48,26,144,99,63,27,119,62,24,117,38,128,39,7,36]
vZkseZ1ksQIzSROAD4ldpQ,33.6239133,-111.9251335,3,[33.6239133,-111.9251335,33.6239133,-111.9251335],[6,345,84,346,141,23]
CfWeBCqVvHze8bK_W5DcEg,33.5514432,-112.2705607,2,[33.5514432,-112.2705607,33.5514432,-112.2705607],[33,11]
e2EuTfaI4BfwtuLOJPgM7Q,33.4223387,-111.925234,3,[33.4223387,-111.925234,33.4223387,-111.925234],[39,439]
YODc7_eOLeAf8RV1ZgMwsA,33.4039,-112.004661,24,[33.4039,-112.004661,33.4039,-112.004661],[185,11]
FsBb6rmZMa_GUgEoXR_1zQ,33.5082924,-112.1342038,2,[33.5082924,-112.1342038,33.5082924,-112.1342038],[71,72]
sZo5MJ_xK-06nYk9ROqg6w,33.5785036,-111.925938,2,[33.5785036,-111.925938,33.5785036,-111.925938],[64,65]
8Z2bseYAN9Bzctv6INoXGw,33.58594395,-112.03752745,7,[33.531328,-112.06466,33.6405599,-112.0103949],[7,189,10,24,11,43]
eUaeKe9-BIwEuDAk-RdI_Q,33.478239,-111.94239575,3,[33.4342595,-111.9595033,33.5222185,-111.9252882],[265,11,48,7,142]
suHznJ7NRdiWj-HkWWsnXA,33.546,-111.96828,1,[33.546,-111.96828,33.546,-111.96828],[365,137,139,7,307,11]
-4gBNDCEv6qTm55abgHxCQ,33.554038,-112.152171,1,[33.554038,-112.152171,33.554038,-112.152171],[43,11]
38MAKYOxkhZDPlxFZj4mKg,33.631662,-112.013035,1,[33.631662,-112.013035,33.631662,-112.013035],[337,32]
qxf3q9MHsJDdqan7WwuVAw,33.4508902,-112.3504684,1,[33.4508902,-112.3504684,33.4508902,-112.3504684],[251,11]
pc7iOC2-zkU8_S2atxHxKQ,33.50349745,-111.9168735,14,[33.4217383,-111.9476151,33.5852566,-111.8861319],[106,54,226,26,11]
RDYT7h50ImWpFSkdqbip5g,33.266696887038,-111.99153418078,3,[33.266696887038,-111.99153418078,33.266696887038,-111.99153418078],[28,29,17,11]
CBZc_4EiVxmUnvsLrEukIg,33.4471735,-112.073781,21,[33.4471735,-112.073781,33.4471735,-112.073781],[48,11]
TDZMUyXPiOk2U9RmxQZujQ,33.471677,-111.926688,1,[33.471677,-111.926688,33.471677,-111.926688],[411,476,54,82,59,49]
t8C-Ex8TN9kpFCJr1TXgQQ,33.59431815,-111.92887565000001,34,[33.5638767,-111.9329381,33.6247596,-111.9248132],[28,17,29]
V9GhBVkfMtQ5-Y9hQfKByQ,33.48917855,-111.99747475,10,[33.4772147,-112.0736348,33.5011424,-111.9213147],[265,11,28,17,18,29,38,140,39,40,48]
avr95A4jY47QV8efwVDDjQ,33.487503000000004,-111.926533,10,[33.477178,-111.927267,33.497828,-111.925799],[119,48,24,11,109,38,201,39]
Bg-eLqwDpNUScu2KnHQbKw,33.5088975,-112.02857800000001,2,[33.479852,-112.063117,33.537943,-111.994039],[33,11,27]
_QrW0F17JNDfgao-bpz9Ng,33.57471945,-112.206010294153,5,[33.4384287,-112.3410882,33.7110102,-112.070932388306],[43,11,119,99,177]
HJAhlG1R7wGYeoE9VVDqDw,33.631111950000005,-111.95969455,2,[33.621564,-112.0180461,33.6406599,-111.901343],[71,72,11,27,63]
UJ2HpJdpVkM7rm9MKdS01A,33.41252095,-111.99194605,7,[33.3478272,-112.0736348,33.4772147,-111.9102573],[224,182,11,265]
k9dXf6Q4OPVNvMhSgn_fdQ,33.390792,-112.012504,1,[33.390792,-112.012504,33.390792,-112.012504],[109,38,48,39,11]
MufCFsB_4y_IaWv5i0ubcg,33.57876,-112.099169,1,[33.57876,-112.099169,33.57876,-112.099169],[32,433]
ZRlEIarl64DYooddYVrodQ,33.430770300000006,-111.96240675,14,[33.375362,-112.1172095,33.4861786,-111.807604],[106,54,280,26,11,57,27,39,145]
wbBq_kJzLMkjGh8tLBmlVw,33.4076118,-111.9470154,1,[33.4076118,-111.9470154,33.4076118,-111.9470154],[57,20,56,362,59,49,58,23]
3iowSBibaSXoEc3vC4atiQ,33.62299265,-112.40940610000001,3,[33.6071869,-112.4254286,33.6387984,-112.3933836],[129,175,278,79]
G_ckmbqcNs2FUh2wq1rIcQ,33.4936893,-111.9306348,6,[33.4936893,-111.9306348,33.4936893,-111.9306348],[7,194]
T9TTC-Eb3SpBItMnmA7zXg,33.444764250000006,-112.00833745,6,[33.3778548,-112.0653185,33.5116737,-111.9513564],[6,155,54,156,26,11,210,24,64,65]
UwivmkHD7MdYras93c_vzw,33.4218851,-111.916433,26,[33.4218851,-111.916433,33.4218851,-111.916433],[49,80,59]
-J06hZ3w7N2oV5QwaAjtwg,33.4078315,-111.9744286,44,[33.304138,-112.0730782,33.511525,-111.875779],[48,11,340,57,99,7,36,69,108,38,39,24,137,8,139,404,451,28,271,41,43,26,30,13,6,72,154,157,103,208,35,126,97,49,52,177,33,44,251,188,23,110]
Z8grR5fS0y48621_JnCLTQ,33.7413011,-112.3207963,1,[33.7413011,-112.3207963,33.7413011,-112.3207963],[27,11]
gzCQjTq5-GFosc64f4U8FA,33.698323,-112.1401701,2,[33.698323,-112.1401701,33.698323,-112.1401701],[65,133]
lx0sQOzYdJSblKZey8JdKA,33.474014,-111.9989755,200,[33.45,-112.07,33.498028,-111.927951],[63,27,11,26]
LzT8mSfliJHhs68RTwQW5w,33.6173888,-111.92625145,3,[33.6119344,-111.9271523,33.6228432,-111.9253506],[123,65]
xXSSjkkrqknuchB32G_nZQ,33.501161,-111.925513,8,[33.501161,-111.925513,33.501161,-111.925513],[206,11]
serHBW1qv9IN0n4sQuX4MA,33.5539842,-112.02179745000001,9,[33.452284,-112.113567,33.6556844,-111.9300279],[7,47,4,5,6,99,11,26,38,145,186,57,39,108,119]
cZbpUFLE2A6DOEglucSMWw,33.509467650000005,-111.9787198,110,[33.4354553,-112.0739136,33.58348,-111.883526],[44,212,43,11,28,17,29,309,285,158,7,142,161,65,38,99,88,39,40]
RgW1Jdt7cWAVKGexD-J1AA,33.42240302543,-111.9451056103,4,[33.34815905086,-111.9637082206,33.496647,-111.926503],[185,11,7,313,27,26]
oVskhQDjec9oXk5gTcJ4jA,33.509578,-112.060185,13,[33.509578,-112.060185,33.509578,-112.060185],[63,27,11]
og8YUfd6U1eaZO2wrrBjeg,33.51683175,-112.04782605,21,[33.378951,-112.1310941,33.6547125,-111.964558],[0,1,71,72,73,364,6,35,99,185,11,44,212,12,30,13,118,168,64,123,65,57,69]
IU6VhJntug9iZPcX9BCqwg,33.3488775,-111.9766013,1,[33.3488775,-111.9766013,33.3488775,-111.9766013],[7,10,9,11]
fA2J2Mt-B6wve1UrSHmpcQ,33.43475,-112.00644,38,[33.43475,-112.00644,33.43475,-112.00644],[28,170]
Yo6Eav3heqRxWC4R7DxK4g,33.5706,-111.9021,1,[33.5706,-111.9021,33.5706,-111.9021],[106,54,226]
fvbpKsDJBCCLNCzxkFf0-g,33.4715384,-111.99781429999999,200,[33.383123,-112.0799371,33.5599538,-111.9156915],[30,13,6,158,28,33,44,11,26,210,265,185]
8iGowUBb3MOsG4LSV5-6sw,33.498028,-111.927951,10,[33.498028,-111.927951,33.498028,-111.927951],[352,48,11]
LMoHJR_UK9YbDSzDnxO6iA,33.38811181595405,-112.12774615000001,9,[33.2815660319081,-112.358184,33.4946576,-111.8973083],[63,27,11,38,265,39,57,145,258,28,17,29,26]
DkRYv5n4VM1dX6o3O2c-ag,33.49112,-112.079081,8,[33.49112,-112.079081,33.49112,-112.079081],[28,17,29]
Sl0Vy1PxfkDvuojvCWbCPw,33.355377000000004,-111.9325991,2,[33.276004,-112.00644,33.43475,-111.8587582],[28,170,7,8,6,45]
CoPxR0_ove_vFdHt5TnRHA,33.5061904385714,-111.926436424255,50,[33.5061904385714,-111.926436424255,33.5061904385714,-111.926436424255],[48,11]
8d3AGso7vTLYxXrLrkO9aQ,33.4824475,-112.0005180707885,14,[33.422728,-112.0930104,33.542167,-111.908025741577],[265,11,33,119,99,88,38,39,89,140,177,285,298,57,145,128,40,205,27,48]
BDx8yOOvNE5UWs_xsIOXwA,33.453683749999996,-111.94996055,200,[33.4078685,-112.065458,33.499499,-111.8344631],[38,26,39,11,7,36,109,48,49,108,193,59,117,27]
koTB0T-WJWKmu9YS56GxVA,33.55229295,-112.045918282814,33,[33.305759,-112.18689,33.7988269,-111.904946565628],[78,79,38,48,11,128,39,99,208,130,6,32,35,7,108,26,17,62,251,338,74,24,10,9,212,97,57,36,69,84,345,346,87,71,72,168,181,229,292]
o16s6lyYepInNvXRc1mEUg,33.617303,-111.892594,1,[33.617303,-111.892594,33.617303,-111.892594],[106,54,131]
U4UU-S5qpcDrpvUPwkaRcQ,33.4194512,-111.915926,12,[33.4194512,-111.915926,33.4194512,-111.915926],[38,7,47,88,39,48,11]
taIivSuNH63GXk6Nw9rZdA,33.4781914,-112.0488471,13,[33.4471735,-112.1091081,33.5092093,-111.9885861],[6,45,11,27,63,202,72,33,140,177,285,212,307,172,24,48,7,36,340]
X3rvhYzmSOTp6gbHOAie9w,33.3061252,-111.8609857,1,[33.3061252,-111.8609857,33.3061252,-111.8609857],[106,279,54,131]
bK6v8n3zyycr7Eo0-PHJlg,33.4522097,-111.99510205,18,[33.3488957,-112.0915007,33.5555237,-111.8987034],[129,121,79,168,126,97,11,212,43,265,177,285,140,63,101,38,39,48,40,218,88,8,7,138,139,205]
s_6fPp2aw5r0cIQTNjalGg,33.5650982,-112.0737503,2,[33.5650982,-112.0737503,33.5650982,-112.0737503],[48,11]
ejM5KiECJRnBli_4-HOxLQ,33.6386535,-112.2048077,3,[33.6386535,-112.2048077,33.6386535,-112.2048077],[71,72,275,269]
fhV21-QB6n402-J9vR-7cQ,33.5285415,-111.9855728,55,[33.379229,-112.0966474,33.677854,-111.8744982],[39,298,57,145,11,26,27,63,38,181,40,48,127,88,89,7,36,8,224,273,128,99,177,140,69,244,24,78,79,119,251,129,277,182,172,109,142]
D59mzkj6NAx7tuLWn2Vgtg,33.3046998,-111.8423994,1,[33.3046998,-111.8423994,33.3046998,-111.8423994],[11,63]
UavU_dBPsRVobRLyfjMJ0w,33.447521,-112.063434,1,[33.447521,-112.063434,33.447521,-112.063434],[309,11]
ESdBD3mUB-2am7DG3C6-tw,33.388743500000004,-111.86006295,2,[33.362719,-111.8761389,33.414768,-111.843987],[89,11]
0OQN3ie9_Wk_AIQBOBRXRA,33.534403850000004,-111.99739174999999,12,[33.4058635,-112.065107,33.6629442,-111.9296765],[159,84,32,291,92,15,6,48,11,63]
vnCCj16sP7BjdyRue7QcdA,33.5612589,-112.1156244,4,[33.5612589,-112.1156244,33.5612589,-112.1156244],[48,185,11]
kAu19LLjDJnHddH58zyeew,33.5102764,-112.0463575,1,[33.5102764,-112.0463575,33.5102764,-112.0463575],[161,65,133]
3yWdnXigMSO8_eDAUaiuAQ,33.476680200000004,-112.06095719999999,9,[33.3781837,-112.1336432,33.5751767,-111.9882712],[99,48,11,44,296,265,26,39,38,128,144]
HJ67X0pxcjuLNGeCgilLLw,33.49794605,-111.93014975,11,[33.493298,-111.934032,33.5025941,-111.9262675],[46,6,26,11,126,212,38,39,40]
hDa7wT-9F5PHQd3n4H6RrA,33.592624,-112.371176,1,[33.592624,-112.371176,33.592624,-112.371176],[253,32,90]
ekWMmADTmIGMK7IWs36Bag,33.4076218,-111.9160366,1,[33.4076218,-111.9160366,33.4076218,-111.9160366],[26,11]
n4Zx8uMn8opaJmbJjPAAHA,33.400575149999995,-111.91588345,13,[33.305971,-112.0050934,33.4951793,-111.8266735],[117,11,26,126,97,239,149,96,72,71,73]
bsy-yoSztwK-5RisX1FXVw,33.3181,-111.8332,1,[33.3181,-111.8332,33.3181,-111.8332],[49,319,59]
4efQBXfSD2dVmYezw6hO4Q,33.36136,-111.47115,2,[33.36136,-111.47115,33.36136,-111.47115],[27,11]
dZXfEa2OD0P1fej-yTdiXQ,33.507549,-112.047066,1,[33.507549,-112.047066,33.507549,-112.047066],[140,11]
jtT3RFcI8isonLupfH7RwA,33.536051150000006,-112.00248835,12,[33.431043,-112.0657374,33.6410593,-111.9392393],[26,11,27,63,177,140,32,291,84,199,159,1,33,99]
ksJmOji5HBELowhDLGm_3g,33.4449117,-111.95235604999999,6,[33.3947699,-111.9958183,33.4950535,-111.9088938],[142,7,11,292,117,44,27,63,33,48]
IDsOMcCgPuzCfMzbdb8gDQ,33.4808672,-111.9090441,25,[33.4796348,-111.9093213,33.4820996,-111.9087669],[26,11,99,44]
pFq6bd8WjU1IMmkHhFfGMA,33.500805,-112.0740863,3,[33.500805,-112.0740863,33.500805,-112.0740863],[4,5,6]
AtEYAeRoJ_6YKMMour2wVw,33.135288,-111.70647389999999,77,[32.877785,-111.807604,33.392791,-111.6053438],[57,27,39,145,11,30,8,13,6,7,110,46,28,170,26]
Les7_9h8xQDZuZbHhjVYkw,33.5401591048764,-111.961779215069,172,[33.43475,-112.00644,33.6455682097528,-111.917118430138],[28,170,158,17,29]
A8Hbr-TFR3cgPtNi_urEzQ,33.705703,-112.150494,3,[33.705703,-112.150494,33.705703,-112.150494],[215,32]
h7tav911HHlLqu9woM-iiA,33.5661576,-112.08451360000001,5,[33.4946362,-112.239118,33.637679,-111.9299092],[26,127,11,43,101,38,39]
XWWY_FInjY6l50z91IEKAg,33.474977949999996,-111.9316559,200,[33.2664769,-112.073781,33.683479,-111.7895308],[48,11,38,119,109,39,24,27,182,140,28,29,17,185,161,65,244,172]
NBH3XqNs3iUk5bP-CBFb1Q,33.3637562,-111.9100616,1,[33.3637562,-111.9100616,33.3637562,-111.9100616],[49,54,193,242,59]
iIX-WHqVextljDMcmrBbFw,33.4074465,-111.8717753,4,[33.4074465,-111.8717753,33.4074465,-111.8717753],[11]
SBKzy4sXKX3mibovXQNG6Q,33.5102068,-112.0272041,62,[33.5102068,-112.0272041,33.5102068,-112.0272041],[48,11]
Zmf48_ZKIxVQZoE2vYCjUA,33.3051122,-111.99506,3,[33.3051122,-111.99506,33.3051122,-111.99506],[7,108,119,172,11]
YwauLnOdWNqt_nJHgULEHA,33.639951900923,-112.019165147988,2,[33.639951900923,-112.019165147988,33.639951900923,-112.019165147988],[97,11]
9MJAacmjxtctbI3xncsK5Q,33.5539048,-111.91785715,82,[33.4360201,-112.0740373,33.6717895,-111.761677],[27,11,38,145,57,205,39,40,49,445,66,52,63,24,48,26,126,229,43,201,119,212,307,98,7,28,240,241,361,206,10,97,109,265,142,352,127,108,99,128]
5UNK_BE5w2HV8t-bi_yKRQ,33.47997355,-112.00778765,14,[33.421303,-112.0986063,33.5386441,-111.916969],[26,11,182,48,140,373,97]
mA14soH_Nwa2xeIlfgQJ3g,33.4950082,-112.0114032,11,[33.4950082,-112.0114032,33.4950082,-112.0114032],[182,172,43,11]
G6Wi6OF7S8J8cXjuL11Y-Q,33.44238,-112.34971999097,1,[33.44238,-112.34971999097,33.44238,-112.34971999097],[38,143,39]
lu1zt75gGktMCB4VL_w06Q,33.447521,-112.063434,1,[33.447521,-112.063434,33.447521,-112.063434],[309,11]
C0vujI9rPTA30iHyBYKlfg,33.586068599652,-112.01747060074999,72,[33.5044082,-112.1192497015,33.667728999304,-111.9156915],[72,154,158,28,265,11,483,322,57,39,145,161,65,17,29]
cPnMdJw155GDKYHoOsNOFg,33.495758550000005,-111.92515975,76,[33.488923,-111.9296765,33.5025941,-111.920643],[46,6,57,327,28,17,29,126,97,11,48,26,127]
sIT8iy61FkPMaZGqFklNYA,33.5521559,-112.257911,2,[33.5521559,-112.257911,33.5521559,-112.257911],[7,108]
vIFHGFTpBU4pt-V2mTQBxg,33.501821,-111.919938,1,[33.501821,-111.919938,33.501821,-111.919938],[265,185,11]
lv0di4bvmeenJZOYS-j-kw,33.3473259,-111.9631291,3,[33.3473259,-111.9631291,33.3473259,-111.9631291],[38,99,273,39,128,11]
l6hqLdNqW-bjyKE79FEv7Q,33.477178,-111.925799,2,[33.477178,-111.925799,33.477178,-111.925799],[119,48,24,11]
WxQysGZlxxfVXy73ldm5EA,33.491764572397,-111.95540445739749,18,[33.321061644794,-112.18689,33.6624675,-111.723918914795],[7,142,108,17,62,99,11,109,38,39,63,26,88,298,140,40,48,292,24,185,27,33]
eLIQPTKwXdp2thXP8MPz1w,33.626933,-112.100731,9,[33.626933,-112.100731,33.626933,-112.100731],[212,26,11]
rozuLStirVTyRAN8Ex_B_Q,33.304775,-111.947948,9,[33.304775,-111.947948,33.304775,-111.947948],[33,11]
20gZYje7iG5CRE4QkIplLg,33.4977299,-111.9263351,17,[33.4977299,-111.9263351,33.4977299,-111.9263351],[38,11,26,128,39]
g4YxzSmBYO7EFMlFNWi_SQ,33.4772147,-112.0736348,1,[33.4772147,-112.0736348,33.4772147,-112.0736348],[265,11]
kzeEjNaZBPFhrrHwqdzj_w,33.4272811,-111.9400902,22,[33.4272811,-111.9400902,33.4272811,-111.9400902],[119,48,11]
0q1cRMrvUnjLfleIndWegg,33.511143149999995,-111.79197035,13,[33.3897438,-112.0188193,33.6325425,-111.5651214],[71,72,117,11,84,6,21,359,43,434,103,106,54,107]
-r9gQLmzxwtH6wT0cRC1BQ,33.4922985,-111.9245517,30,[33.4922985,-111.9245517,33.4922985,-111.9245517],[210,11]
8T2Qa24mtPWOvODkvla2yA,33.465368,-112.072134,1,[33.465368,-112.072134,33.465368,-112.072134],[7,108]
fBM_puT7h3HYpikjtb6r3g,33.530604,-111.925522,17,[33.420571,-111.942444,33.640637,-111.9086],[63,27,11,38,168,298,88,39,188,23,49,178,333]
_Si0t2IOZl5Lfgl2vRWvxg,33.580149,-112.237342,2,[33.580149,-112.237342,33.580149,-112.237342],[113,6,116]
9-QKR5TcSXsUv_se5PF13A,33.4212935,-111.9258672,1,[33.4212935,-111.9258672,33.4212935,-111.9258672],[26,11]
i6COqpWaXhCr9KIa89h7Xw,33.2624818,-111.85757,1,[33.2624818,-111.85757,33.2624818,-111.85757],[65,133]
ALdQALS5_1WPqWR_K4O77g,33.4930514,-111.9339561,48,[33.4930514,-111.9339561,33.4930514,-111.9339561],[28,17,29]
ZzO0NZjyA8E78ciG9pIH9A,33.618535699999995,-112.03095395,2,[33.581387,-112.13188,33.6556844,-111.9300279],[26,11,251]
PdjTAOxX3sjAAXTZJJyJvw,33.559670499999996,-111.91690249999999,112,[33.483281,-111.930343,33.63606,-111.903462],[63,27,11,38,265,39,28,17,29,101,128,161,65,26,168,48,229,6,77,35,76]
ISlPeW8xL-ji0WxvuYFevg,33.305264,-112.0534197,1,[33.305264,-112.0534197,33.305264,-112.0534197],[296,11]
8ax0jtzFg6pLKqgs3rw8hA,33.6401752,-111.9951643,2,[33.6401752,-111.9951643,33.6401752,-111.9951643],[33,99,26,11]
A-bgJ4pbMs34ZVzgNbitJg,33.4355906,-112.1817668,7,[33.3777355,-112.3926148,33.4934457,-111.9709188],[78,79,26,11,129,278]
0q2hbNMUTYjFdGB0Tr6jpA,33.451265608401,-111.957724986445,7,[33.407162416802,-112.0050934,33.4953688,-111.91035657289],[117,11,404,451,26,177,140]
qy_EyU7Jg_XfTfZmauWxRw,33.4642695,-112.0741442,3,[33.4642695,-112.0741442,33.4642695,-112.0741442],[11,63]
pYXWo61PkIKYq5W-derECQ,33.4804384,-111.9990577,1,[33.4804384,-111.9990577,33.4804384,-111.9990577],[71,72,275,269]
zmhr9vjcM_wFkgzlnKuxBg,33.4657522,-111.9948111184965,4,[33.4075613,-112.072327136993,33.5239431,-111.9172951],[137,7,6,139,119,11,57,38,39,145,108]
C1YefVtpLOufXc_-t3ED6g,33.43058015,-111.91546425,10,[33.3637707,-111.9223075,33.4973896,-111.908621],[38,126,39,11,43,7,108]
akdKzHHWBylKCEPVXS8oGA,33.4492,-112.0696,3,[33.4492,-112.0696,33.4492,-112.0696],[119,11]
JqaoA7MvLGf6IBCmAVjAcw,33.501821,-111.919938,1,[33.501821,-111.919938,33.501821,-111.919938],[265,185,11]
i_IysV2svhe85mS6H-_Ytw,33.36356405,-111.85717725,3,[33.3366819,-111.8589887,33.3904462,-111.8553658],[43,11,97]
Sjd_ga_kdYbaQTFF5iAgNg,33.6118515,-112.104615587317,18,[33.491645,-112.363443374634,33.732058,-111.8457878],[119,99,11,39,48,38,265,126,26,140,40,218,33,117,251,212,108,7,201,375,139,168,181,229]
CSeX-BgaL6vWDLW66YlwFg,33.581154,-111.927268,3,[33.581154,-111.927268,33.581154,-111.927268],[54,238]
7AeG4-icp6BtnxiCoQmFRw,33.509702,-112.042514,1,[33.509702,-112.042514,33.509702,-112.042514],[26,11]
u0OYugEPDE0lUD5Jg1Gu5g,33.3998353,-111.95030704999999,2,[33.3045866,-111.999963,33.495084,-111.9006511],[33,117,11,99]
EnDMUURKt0WovFx8XjDrMg,33.4966643,-111.9308914,10,[33.4966643,-111.9308914,33.4966643,-111.9308914],[161,65]
z3jUQ5WkgS-MjsV6b-hTwg,33.449188,-112.0772,2,[33.449188,-112.0772,33.449188,-112.0772],[126,97,172,11]
ezJJB5XvFbWTsRh5BZrtjQ,33.4296459,-112.00824515,16,[33.3203054,-112.2619703,33.5389864,-111.75452],[181,229,11,26,185,7,421,65,168,99,117,24,4,6]
ZRO2VehxtGjklUpolENz9Q,32.8791409,-111.6889923,5,[32.8791409,-111.6889923,32.8791409,-111.6889923],[99,11]
h5OpOkIb9IzC4hGh5pfWZw,33.3774019,-111.908621,6,[33.3774019,-111.908621,33.3774019,-111.908621],[7,108]
2ck7-c7MhrHFVWUAv4fntw,33.608705,-112.133418,6,[33.534184,-112.174034,33.683226,-112.092802],[185,11,224,7,162]
LPWB83ytqR8AcqbPi02ffw,33.34187775283735,-111.965641092442,31,[33.305759,-111.993252,33.3779965056747,-111.938030184884],[99,11,33,119,24]
cwkK4H0O02GoeXpYZsEoJg,33.3776817,-111.99131675,7,[33.305824,-112.0656645,33.4495394,-111.916969],[224,11,7,108,338,449,97,373]
te1zSNOen-vcY8hfh0NJRA,33.3411384,-111.9256876,3,[33.3058378,-111.9927062,33.376439,-111.858669],[180,20,23,126,11]
ZVgo1ey76GIiYy8cn4hGqA,32.9103236,-111.7573007,64,[32.9103236,-111.7573007,32.9103236,-111.7573007],[26,11]
o3N16H5_FiI1_2OiQTz6vQ,33.624719,-111.8957729,98,[33.503323,-111.9329381,33.746115,-111.8586077],[33,11,49,178,28,17,29]
PpfcnTCedZU_n95aCSShFg,33.379574,-111.772697,1,[33.379574,-111.772697,33.379574,-111.772697],[38,11,99,128,39]
45tnCbGrQ53aLPjJJRMjKA,33.49112,-112.079081,1,[33.49112,-112.079081,33.49112,-112.079081],[26,11]
S0PBYPPnkkFRBw98whub3g,33.458097,-112.078064,1,[33.458097,-112.078064,33.458097,-112.078064],[61,13,6,21]
dREmiOjwSxdP-8eKdA8Lcg,33.8303701,-111.9317707,10,[33.8303701,-111.9317707,33.8303701,-111.9317707],[48,11]
CYefNOCXufOg59_681CRZg,33.49518045,-111.99419015,2,[33.495084,-111.999963,33.4952769,-111.9884173],[33,117,11,182,48,140]
AefI_Bqdk6Qrm8Agzugk7g,33.5705669,-111.886606,4,[33.5705669,-111.886606,33.5705669,-111.886606],[126,97,11]
Jiq-8zFgC9OtoYyTVBwrhw,33.4592286,-111.95217165,6,[33.4194512,-111.9884173,33.499006,-111.915926],[127,11,182,48,140,109,38,39,7,47,88,212,126,293]
ukcNuYLUuj6Hm2rw5Bo3NQ,33.6318069,-111.91155585,2,[33.6280896,-111.9253385,33.6355242,-111.8977732],[149,126,11,71,72]
9oanrcKFZPDGLbpyUIfefA,33.43475,-112.00644,154,[33.43475,-112.00644,33.43475,-112.00644],[28,170]
i5YFwxft6L08woEmDnBzFA,33.486237700000004,-112.0515265,5,[33.448775,-112.079564,33.5237004,-112.023489],[57,39,145,99,11,38,40,127]
vUO0qwFeYvKFE3YiR9kAoQ,33.52938515,-112.1746709,2,[33.470823,-112.232875,33.5879473,-112.1164668],[168,169,11,57,39,145]
sjxfYuFTQ1OciMYEQZ0H4Q,33.538748,-112.064759,4,[33.538748,-112.064759,33.538748,-112.064759],[99,26,11]
uN0_HvHrJ_IHkBCvhEcErw,33.4566960573784,-112.072327136993,3,[33.4566960573784,-112.072327136993,33.4566960573784,-112.072327136993],[119,11]
WGx285iVXK6EOrx60NAnvw,33.449233,-112.065458,1,[33.449233,-112.065458,33.449233,-112.065458],[27,11]
JzBhKwVBnrUUi4HDuPGx3w,33.595881,-112.134443,15,[33.595881,-112.134443,33.595881,-112.134443],[33,117,24,11]
3W9dTdG9a2nEPY50Qj5tDA,33.529249,-112.197651,3,[33.529249,-112.197651,33.529249,-112.197651],[337,32]
UcOkM4Kb8QButR7FiVeaOQ,33.524841,-112.103641,6,[33.524841,-112.103641,33.524841,-112.103641],[6,156]
AyEiHIMRZmgda_seZy1PZQ,33.43470730449825,-112.00032524082201,2,[33.4346646089965,-112.00644,33.43475,-111.994210481644],[28,170,48,11]
qNBXPH_m3tSeSs_JbOyW3Q,33.383949,-111.843786,200,[33.383949,-111.843786,33.383949,-111.843786],[119,99,11]
dNrCMfRRZ5ZgRG1NeaAQxA,33.5094068,-112.0301019,18,[33.5094068,-112.0301019,33.5094068,-112.0301019],[27,11]
qgXy56RmdHniYz_urCL11A,33.265725,-111.683607,4,[33.265725,-111.683607,33.265725,-111.683607],[27,11]
5adZVQUI-lwNAw74nIg_gA,33.494295,-111.924219,1,[33.494295,-111.924219,33.494295,-111.924219],[11,48,293,39]
Rx6tKXYtIw9f2Tn_8WjntQ,33.6379017,-112.2330497,177,[33.6379017,-112.2330497,33.6379017,-112.2330497],[33,44,11]
Kdpn1OROwjqvyYnehoc0Rw,33.52528555,-111.92574995000001,24,[33.5083781,-111.9258659,33.542193,-111.925634],[161,28,65,17,29,265,126,97,11]
reIuRUFzpFeLjPGmyV593w,33.5086952779617,-111.927080154419,19,[33.5086952779617,-111.927080154419,33.5086952779617,-111.927080154419],[99,11]
AgiL6mxdqN_2e-MH5BDMeg,33.50043345,-111.93984915,4,[33.498915,-111.9514403,33.5019519,-111.928258],[206,11,265]
Fzfa_HD-8JHGCVCXV9vjcA,33.5022879,-111.92696575,5,[33.5019817,-111.9296765,33.5025941,-111.924255],[126,97,307,11,38,48,39,7,292,99,46,6,28,17,29]
-IKlaySH3coKetmFAH_Rlg,33.50131975,-112.1424803,7,[33.4218047,-112.3581024,33.5808348,-111.9268582],[33,48,307,11,63,119,99,149,97]
3kezOVQ1sMsiJXr_IilqIg,33.513697188158,-112.07341192283,3,[33.513697188158,-112.07341192283,33.513697188158,-112.07341192283],[48,11]
FxJxvj3JYs29WH4LidnclA,33.4960516,-111.9303102,9,[33.4960516,-111.9303102,33.4960516,-111.9303102],[119,11]
vBJoA6KZvsZuIhnaxP6vgQ,33.4346646089965,-111.994210481644,5,[33.4346646089965,-111.994210481644,33.4346646089965,-111.994210481644],[48,11]
SnrINFrW2eXf2BRwgVKiOQ,33.605472649999996,-112.01156135,200,[33.5840123,-112.100731,33.626933,-111.9223917],[212,26,11,7,313]
DhpZyyIsy8cEtOHX8MERHQ,33.534921350000005,-112.07345905,10,[33.4943672,-112.0999471,33.5754755,-112.046971],[177,140,24,11,251,210,119,64,65]
g86V6TZ00sZAfcsW2Fy7rA,33.2985428,-111.8932204,12,[33.2985428,-111.8932204,33.2985428,-111.8932204],[28,17,29]
86q85pcHCMMfcOQBvyecmg,33.66284815,-112.17767055,9,[33.655418,-112.2017491,33.6702783,-112.153592],[137,7,8,138,139,162]
GWXNyNlaNF1X_iyszwrgRA,33.6029318153084,-111.981189677656,200,[33.6029318153084,-111.981189677656,33.6029318153084,-111.981189677656],[7,98,10,9,11]
6NzCgqo1_V3aITvCLf5PMg,33.4734882,-111.7100027,1,[33.4734882,-111.7100027,33.4734882,-111.7100027],[49,178]
G6vFXzXLRExzg8Ui99Hrdw,33.53712685,-112.1624202,11,[33.463629,-112.347038,33.6106247,-111.9778024],[26,11,141,6,97,218,41,30,13,7,8,45,65,148,204,63,27,120,194,201]
J0E9Eni31I9Z-Hr3nqCfew,33.494247,-111.92975,1,[33.494247,-111.92975,33.494247,-111.92975],[109,38,48,39,11]
sIfhOaNp2JUPrXNy7v_rYQ,33.4772147,-112.0736348,9,[33.4772147,-112.0736348,33.4772147,-112.0736348],[265,11]
mR4JOr7uw_99MSDHRRbLzA,33.247038,-111.839786,24,[33.247038,-111.839786,33.247038,-111.839786],[26,11]
SUgUtfEwUQ9l64VDeRSTPw,33.3127224349404,-111.851319893359,17,[33.306176258386,-111.981797218323,33.3192686114948,-111.720842568395],[43,11,99,27,63]
VFMVKqSOjzbwephsVxBCIQ,33.677854,-111.978579,2,[33.677854,-111.978579,33.677854,-111.978579],[7,108,201,119,11]
oIVsVM8H273aoT1JUmsDIg,33.611494,-112.14497755,163,[33.3491162,-112.5016551,33.8738718,-111.7883],[7,8,6,204,65,49,28,178,17,29,279,54,63,27,24,11,292,33,142,93,3,403,121,79,137,139,38,128,39,48,340,52,26,99,181,126,97,25,161,88,298,177,36,108,12,114,13,109,46,372,30,206,32,203,90,84,419,339,322,57,145,44,506,224,61,187,10,327,205,40,313,119,127,98,208,35,76,70,225,250,22,140,185,168,341,387,69,56,186,212,265,71,72,47,15]
VsVqZ-K1bXe0wehiTUIfwA,33.55301335,-112.07204229999999,12,[33.4953688,-112.1500692,33.6106579,-111.9940154],[177,140,11]
jl4wHYkmrJAzwjvxAv_f8w,33.495263,-111.928554,2,[33.495263,-111.928554,33.495263,-111.928554],[26,11]
V0YWClwfodj9V32blPuPjg,33.421657,-111.944749,2,[33.421657,-111.944749,33.421657,-111.944749],[224,11]
WZoUhsq0WGwLO_xtmXDr8g,33.501821,-111.919938,3,[33.501821,-111.919938,33.501821,-111.919938],[265,185,11]
7rWjNduE-I1a925of-0-5g,33.5024095,-111.9955012,73,[33.5024095,-111.9955012,33.5024095,-111.9955012],[27,11]
CtQppFqazk7pZnI4y5L-Gw,33.635186,-111.950812,2,[33.635186,-111.950812,33.635186,-111.950812],[134,135]
-LZnto8cNbazcP-J1i1d2Q,33.2847441,-111.8410244,1,[33.2847441,-111.8410244,33.2847441,-111.8410244],[7,194]
L7Hl7veYqJOfEw_XFs5W0A,33.4462721,-112.0893682,2,[33.4462721,-112.0893682,33.4462721,-112.0893682],[49,51]
1Ct4WYGtXXC1T3KgH0Nd4g,33.55161195,-112.12843699999999,2,[33.5393789,-112.183341,33.563845,-112.073533],[7,36,99,11,26]
FCQA4vfy7aCQDDRWYBr-_A,33.455036,-112.038676,2,[33.455036,-112.038676,33.455036,-112.038676],[8,7,138,139,192,323,11]
FKX2dv5dDkSqw7srEr8FIg,33.4495944,-112.0732071,200,[33.4495944,-112.0732071,33.4495944,-112.0732071],[28,17,29]
G1U3eIo-s4eJrDKAtNNg0Q,33.4640982988196,-112.073568999767,90,[33.4640982988196,-112.073568999767,33.4640982988196,-112.073568999767],[212,97,11]
zg_hK4hnS1ldEfTa76vH4A,33.3345426,-111.9611033,2,[33.3345426,-111.9611033,33.3345426,-111.9611033],[57,273,6,4,186,39]
zCRBklNYQ51vWHvAnm00Qg,33.3929982,-111.9127599,1,[33.3929982,-111.9127599,33.3929982,-111.9127599],[215,32]
4lGTx_JYGXhx_O3sQ_nlPw,33.4964316,-112.0366563,6,[33.4964316,-112.0366563,33.4964316,-112.0366563],[32,95,222]
GtG3kX_CWnK0YF5kKYTDGA,33.602895950000004,-111.9253267,4,[33.581877,-111.9255304,33.6239149,-111.925123],[48,11,27]
7cyH1m7lxAIZSloqR_TrAw,33.50201,-111.9313599,17,[33.50201,-111.9313599,33.50201,-111.9313599],[265,11]
77O13o2tfK6jytCsqeOOQg,33.4951403,-111.991453,3,[33.4951403,-111.991453,33.4951403,-111.991453],[26,11]
KtSEziHaD34ZWPGTYD28lw,33.447405,-112.00945949999999,42,[33.369969,-112.103641,33.524841,-111.915278],[7,108,49,193,59,186,6,57,48,11,156]
CJuXnIyfWZpATEufu13fhA,33.5846602,-111.9958054,5,[33.530141,-112.0656012,33.6391794,-111.9260096],[27,11,38,39,161,28,65,17,29]
j8B7SjhJS5jLfgXW3TyoNg,33.4801716,-111.9105545,1,[33.4801716,-111.9105545,33.4801716,-111.9105545],[39,38,128,11]
EU-2Z3L--juInsWnF-95Yg,33.6672053,-112.186799,1,[33.6672053,-112.186799,33.6672053,-112.186799],[26,11]
9y_bwN_9FPk_Jr3m-hGRUg,33.49900035,-112.1791356,6,[33.4587437,-112.280698,33.539257,-112.0775732],[296,11,177,500,140,192,182,48,251]
-I3dVtxwrgzqYFtRSrcYFw,33.650664449999994,-111.9964405,74,[33.4691316,-112.0475116,33.8321973,-111.9453694],[26,11]
fqo9_FD2i0T33cAQyFA3Fg,33.59034975,-112.0297497,96,[33.4787939,-112.134201,33.7019056,-111.9252984],[309,119,285,11,141,6,39,48,38,99,7,142,43,24,63,182,140]
UhlcsQfKLA33HHYGYhfRJg,33.43475,-112.00644,132,[33.43475,-112.00644,33.43475,-112.00644],[28,170]
d7pAoCiquF5ZRvwy47YlMA,33.43539575,-112.00103684999999,200,[33.43475,-112.00644,33.4360415,-111.9956337],[28,170,240,241]
Ixl3na8mScZbE4rVrwHPrA,33.3781837,-112.0106146,1,[33.3781837,-112.0106146,33.3781837,-112.0106146],[39,38,99,128,11]
d6y3GGhsQ7sJQf49u02hLQ,33.798888,-112.128533,1,[33.798888,-112.128533,33.798888,-112.128533],[7,8]
jswqJJzrzGWeXVrlAVUA5g,33.32557638811,-111.6876027905,6,[33.32557638811,-111.6876027905,33.32557638811,-111.6876027905],[26,11]
NR6PtyLDPeRbfdrT_ORTiw,33.5030129,-112.0039285,3,[33.5030129,-112.0039285,33.5030129,-112.0039285],[195,65]
MwFIzGzYbep71j_jmPEw6w,33.47908535,-111.918013,4,[33.4658722,-111.9271068,33.4922985,-111.9089192],[210,11,63,27,44,126,97,65,133]
JEfRjBaNqdInGz2_Zx3mxQ,33.62117105,-111.92526219999999,167,[33.616418,-111.92631,33.6259241,-111.9242144],[265,126,97,11,48,39,205]
c2HMtn9NW2kYET7x4Om3oA,33.4840845,-112.0672835,3,[33.479992,-112.076718,33.488177,-112.057849],[117,11,32,95,222]
VTy78_cwc6stR_3fP5BnjA,33.37571705,-111.92945850000001,7,[33.3184617,-111.983142,33.4329724,-111.875775],[218,41,11,43,212,251,361,33,177,140]
1OSnZTbS7p366J_Bt3_Ygw,33.441893,-111.95635200000001,2,[33.418418,-112.072134,33.465368,-111.84057],[38,26,39,11,7,108]
tL0gBISWdQfwyAJuGBVLUA,33.46490665,-112.06821579999999,6,[33.4587919,-112.0715044,33.4710214,-112.0649272],[26,11,57,145,38,39,40,48]
baLUt33bv3Io8rxoYs335Q,33.4931627,-111.9310456,4,[33.4931627,-111.9310456,33.4931627,-111.9310456],[11,27,63]
LupASMEE14gLE1yUlAWcKQ,33.5125462,-111.94026439999999,14,[33.413158,-112.0047498,33.6119344,-111.875779],[239,11,99,182,48,140,38,212,41,39,267,172,219,218]
RcXymdpWNDlwJa91gfeIDQ,33.4146511,-111.9327744,1,[33.4146511,-111.9327744,33.4146511,-111.9327744],[7,212,391,11]
hEZXGTKv9IVbnZj-gSM1yg,33.2696964,-111.87797235,5,[33.233662,-111.8960397,33.3057308,-111.859905],[7,8,6,45,97,11]
ky5-mOk8-9M-NlLr8Jh8rA,33.546559099999996,-111.978468961415,38,[33.4194512,-112.07341192283,33.673667,-111.883526],[109,38,39,206,11,224,126,97,48,168,265,175,129,79,71,72,54,55,122,256,400,49,80,82,59,395,108,7,119,201,47,88,84,419,13,6,17,62,440,260,229]
CjarXVS2FDUtJLWPI5Yyow,33.461781,-111.8187719,9,[33.298078,-111.891628,33.625484,-111.7459158],[26,11]
V4zHDLZmQQonBv_QbQHu5w,33.3051037,-111.9993439,2,[33.3051037,-111.9993439,33.3051037,-111.9993439],[7,108]
TmC0qdyUgXCkKK47vwLRPQ,33.549131999652005,-112.1683554972445,19,[33.430535,-112.3581968,33.667728999304,-111.978514194489],[181,11,7,36,138,48,139,24,229,322,57,39,145,26,168,218,41,244]
VtAarMk5ZxQvLNUqm3kbkA,33.55944115,-112.03671795,4,[33.449233,-112.1868299,33.6696493,-111.886606],[27,11,126,97]
ThSOZh3aGak9SbLP3viB_g,33.4321397,-112.0420074,9,[33.4321397,-112.0420074,33.4321397,-112.0420074],[28,271]
WvwZ2JPGOXFS3_Wl993uRw,33.50380845,-112.09838955000001,10,[33.4368038,-112.1841291,33.5708131,-112.01265],[26,11,39,205,8,7,138,139,15,6,191,24,108,43]
5oLJL8ImlYLkFm05J6oKqQ,33.4062265,-111.9331244,52,[33.3022462,-112.076718,33.5102068,-111.7895308],[7,292,99,48,11,108,38,39,139,6,225,250,194,33,98,24,27,63,26,10,189,142,119,88,89,36,8,117,219,218,41,14,15,9,120,313,168,109,25,307,172,185]
7jBDAmmio1YDfgbuAzccHw,33.5050227,-112.12152135,11,[33.3702541,-112.268858,33.6397913,-111.9741847],[99,11,26,39,265]
gQm2p1gmBPQ4f1sHxgRlbw,33.4250442,-111.89897235000001,6,[33.354467,-112.0998877,33.4956214,-111.698057],[374,32,95,318,26,11,181]
dv8X5uglDB_foGqju_lJDg,33.5630405,-111.9603397,3,[33.5024095,-111.9955012,33.6236715,-111.9251782],[27,11,38,48,39,40]
H6v03QpAmDfy5-D8M6whxQ,33.4433363,-111.9597822,21,[33.3058378,-111.9927062,33.5808348,-111.9268582],[126,11,33,48,307]
qHCEXMPiIuT8gyPCVce5AQ,33.547365,-112.07143595,13,[33.5094461,-112.2204802,33.5852839,-111.9223917],[182,48,140,11,99,24,185,49,368,399,63,27,109,38,39,26,10,137,7,6,139]
00PjBksrk0DYsG1LiJBnHQ,33.70570045,-111.9893174,20,[33.5814339,-112.125528,33.829967,-111.8531068],[265,185,11,38,39,99,43,48,101,212,229,44]
K8vdN2YU9kec8VmEReKhTg,33.4427145,-112.0412442,61,[33.435529,-112.0739,33.4499,-112.0085884],[44,24,11,33]
Cqbisly6OmUeVla1ffoYog,33.4360415,-111.9956337,63,[33.4360415,-111.9956337,33.4360415,-111.9956337],[28,240,241]
R5g5WD7raGW8z1e0GwEiOw,33.5336234,-111.9652641,19,[33.5336234,-111.9652641,33.5336234,-111.9652641],[161,28,65,17,29]
FjjmikAb-9QEmqnf4KM3_A,33.421453,-111.950563,4,[33.421453,-111.950563,33.421453,-111.950563],[224,11]
8JC-Yb3UDUv2FUl5ym1nVg,33.5071216,-111.8259764,200,[33.303233,-112.1142778,33.7110102,-111.537675],[72,154,63,27,11,10,24,177,285,140,7,137,8,139,43,251,127,292,142,194,98,26,44,6,204,65,60,224,202,38,39,40,48,244,88,89,116,36,113,33,173,112,119,99,288,84,32,213,12,114,13,22,138,17,18,149,281,265,126,97,28,29,128,49,80,82,59,182,109,440,225,101,47,108,318,4,160,135,464,192,212,345,346,141,23,219,218,41,189,71,30,54,324,170,9,293,305,445,66,52,352,77,35,76,57,327,449,296,21,420,147,155,123]
E8FSWBUXArSJU7cWpBXF7Q,33.38323,-111.8026941,2,[33.38323,-111.8026941,33.38323,-111.8026941],[11]
RTcAbL5jC-TUyNurAu8c4A,33.5296924,-112.0211546,34,[33.449233,-112.065458,33.6101518,-111.9768512],[27,11]
ntUpAxMcQX1Ux3qSt6-UTg,33.4932177,-111.92571,2,[33.4932177,-111.92571,33.4932177,-111.92571],[33,26,11]
qX5smYIbztZlwln8T_0GhA,33.6243102,-111.9257316,1,[33.6243102,-111.9257316,33.6243102,-111.9257316],[7,292,99,48,11]
aWsydYw7jWpXPTQUQHGSJA,33.4077705,-111.9537169,1,[33.4077705,-111.9537169,33.4077705,-111.9537169],[7,81,194,54]
WppsxSFYKyYVCRWuNlyLQw,33.802965,-111.923193,2,[33.802965,-111.923193,33.802965,-111.923193],[161,65]
NMNiUVcUFLPWjQme5Fo6Dg,33.45834685,-111.956109,75,[33.4145027,-111.996292,33.502191,-111.915926],[465,57,39,145,38,7,47,88,48,11,109,63,33,119,24,99,44,168,298]
AC84oF7Ciuw7M52RszgWUA,33.4315119,-112.0561119,59,[33.4315119,-112.0561119,33.4315119,-112.0561119],[26,11]
V8bVr5KmqNIUAvtPclbfzQ,33.55854305,-111.98770475,20,[33.492962,-112.0476585,33.6241241,-111.927751],[224,11,48,168,265]
v7L_5bg8w_sgD4LYMfkqmg,33.575049050000004,-112.0371938,16,[33.4953983,-112.1490084,33.6546998,-111.9253792],[97,11,265,149,73,72,26,192,126]
Umy-uSxk44uVG149DryrvA,33.4483771,-112.0740373,1,[33.4483771,-112.0740373,33.4483771,-112.0740373],[32,95,222]
VMJKy1ZmKttT4an8xTYKfA,33.494972149999995,-112.35690065,7,[33.4946576,-112.358184,33.4952867,-112.3556173],[38,26,39,11,49,28,178,17,29]
aNAPLo9fty9_nJSPEaPpAA,33.493947,-111.922301,29,[33.493947,-111.922301,33.493947,-111.922301],[28,17,29]
86XHElUa9J3SduW1AO-s4A,33.4354553,-112.0739136,28,[33.4354553,-112.0739136,33.4354553,-112.0739136],[309,285,11]
nXAXQeF-xJySzu8YHJJ9fQ,33.2664769,-111.9918702,1,[33.2664769,-111.9918702,33.2664769,-111.9918702],[49,276]
D4cpeg5GgFuobn1ZYTMQIw,33.406846,-111.907542,1,[33.406846,-111.907542,33.406846,-111.907542],[218,41,11]
MX9jskRo55UqxdSlDD-M2A,33.45643545,-112.08043785,3,[33.453804,-112.0915007,33.4590669,-112.069375],[57,69,101,88,38,39,40]
qchN6lzYTSA8Ze96f65bDQ,33.68210355,-112.24982985,92,[33.632441,-112.2628637,33.7317661,-112.236796],[28,17,29,11,63]
jAC8GCiu8Z01pGdpT_-TlA,33.266586893519005,-111.99170219038999,149,[33.2664769,-111.9918702,33.266696887038,-111.99153418078],[28,29,17,11,48]
Oljp1b5hKYuD5q-kvznRQA,33.557996,-112.24945199999999,7,[33.4917397,-112.4244222,33.6242523,-112.0744818],[26,11,24,27]
76kndyKBVinZVWSJ01rPYw,33.35701245,-111.95755685,15,[33.2587342,-112.0739,33.4552907,-111.8412137],[127,11,340,201,126,43,251]
cNeOX-W3M7pHfTTMMFu-Fg,33.50293715,-111.8330656,200,[33.423414,-111.9873561,33.5824603,-111.6787751],[57,258,126,11,28,17,18,29]
U57ebl1SZYVYJqe9Ksvnkw,33.40280765,-111.8988134073975,20,[33.2994442,-112.0737079,33.5061711,-111.723918914795],[7,108,48,24,11,99,162,201,194,338,119,8,292,98,251,44,296]
R4xEg6vO4mNoSWB35HifIA,33.5466082,-111.8906861,1,[33.5466082,-111.8906861,33.5466082,-111.8906861],[333]
6yrjzgueV1tkK2_38qDlnA,33.49702415,-111.91803395,6,[33.466199,-111.9258624,33.5278493,-111.9102055],[11,27,63,61,13,6,331,26,7,162]
x1kwelinSK14FqDTM9w8Wg,33.52821215,-112.0065897,3,[33.4492414,-112.072854,33.6071829,-111.9403254],[38,39,40,221]
HZ3ItZ23xZHqjUjRIdPi7Q,33.430442153792995,-111.880577675485,147,[33.220784807586,-112.1778842,33.6400995,-111.58327115097],[27,11,119,72,395,65,133,54,317,7,108,322,49,57,52,48,182,140,39,38,99,128,98,63,212,28,170,43,8,247,96,13,6,30,109,163,331,33,117,24,47,44,26,21,35,77,17,29,157,103,172,10,101,88,89,14,15,190,138,139,168,181,229,298,192,244,397,56,145,403,121,79,470,273,333,265,71,46,112,254]
BXCtrx6cNkfUvzQygLM_kg,33.421303,-111.916969,1,[33.421303,-111.916969,33.421303,-111.916969],[373,97,11]
MdnxEjulE8ajZx1iZcJnTg,33.444405849999995,-111.99025750000001,9,[33.4146742,-112.067113,33.4741375,-111.913402],[119,201,11,172,123,65,7,108,8,247,251,182,307]
H5BDp-fOXgjglled53Y87A,33.5790354,-112.03054315,27,[33.4802168,-112.0825073,33.677854,-111.978579],[98,7,10,192,11,108,201,119,44]
BS9brS2803V956KiLFsHJw,33.415501,-111.837456,1,[33.415501,-111.837456,33.415501,-111.837456],[10,48,24,11]
fVMcCSqSNvq3mrs11nj0fA,33.509554,-112.015207,25,[33.509554,-112.015207,33.509554,-112.015207],[168,265,11]
UjKzJ78F4mUi1rNS0EjH_Q,33.5612842,-112.01444964999999,20,[33.4075613,-112.1129733,33.7150071,-111.915926],[119,11,38,168,298,88,39,7,142,57,145,89,109,63,181,229,48,27,47,40,33,105,65,26]
FbK78P1JqU_aWUXJgGMwqw,33.32014,-111.891393,3,[33.32014,-111.891393,33.32014,-111.891393],[54,317]
nQCdvSxGuISTz68p7FNUHg,33.3055793,-111.8999977,3,[33.3055793,-111.8999977,33.3055793,-111.8999977],[11,63]
o1IKKMxnl5lDR3-z4SucgA,33.538083,-112.01438301041401,200,[33.449233,-112.100731,33.626933,-111.928035020828],[26,11,212,17,18,48,57,470,145,39,33,119,99,28,29,168,27]
refpbsxQK6WFaw-1kvTDVg,33.538927,-112.048079,1,[33.538927,-112.048079,33.538927,-112.048079],[6,156]
tu0ulicth-HaZtG6XmnO5w,33.3928301,-111.94468585,5,[33.3051232,-111.9797877,33.480537,-111.909584],[26,11,71,72,96]
ZEzE8WJsyUgdRrDBBIZ-Fg,33.4659256,-111.9216144,3,[33.4659256,-111.9216144,33.4659256,-111.9216144],[26,11]
LNNkiFNQDK8RKE7KeSe-uQ,33.4460879,-112.0741278,2,[33.4460879,-112.0741278,33.4460879,-112.0741278],[43,11]
8tcsvx2Va4r_UoC4eiF9hA,33.3864042,-111.79725834999999,2,[33.3354566,-111.876337,33.4373518,-111.7181797],[11,63,7,162,43]
nWp3eeRsjv1ol3wCt3Ry7Q,33.55464685,-112.04429895000001,6,[33.4552907,-112.170133,33.654003,-111.9184649],[38,140,39,40,48,11,28,158,17,29,202,72,154,65,7,138,8,139]
PUL8BV55Mq0yVe2yWVLLww,33.471315367912496,-112.00305827713,76,[33.307983735825,-112.2618153,33.634647,-111.74430125426],[265,126,97,11,182,99,28,17,29,251,212,7,108]
0GYg2rOpuCz1jw9MXCD1_w,33.5370761,-112.0474792,1,[33.5370761,-112.0474792,33.5370761,-112.0474792],[63,27,11]
wEbzRq2f8YmmVaZZ_VdBXw,33.4940321,-111.9218306,3,[33.4940321,-111.9218306,33.4940321,-111.9218306],[38,88,39,352,48,11]
44c_jjIAwhWH7hg3cGZQyw,33.5067575,-111.926258,200,[33.483281,-111.926895,33.530234,-111.925621],[28,17,29,63,27,11,33,38,48,39]
_OAu7G03E42LMr39as19Gw,33.4942939,-111.925316,1,[33.4942939,-111.925316,33.4942939,-111.925316],[26,11]
0UXkwMMrLbwb10sJhkAKXA,33.4950878,-112.0316226,3,[33.4950878,-112.0316226,33.4950878,-112.0316226],[98,7]
HIp4Rb5Q6eStAz1r_Rfc6w,33.4571599,-112.0699779,4,[33.4571599,-112.0699779,33.4571599,-112.0699779],[38,48,39,11]
D5OsccvdRypNOSwU9e2ydQ,33.436150490626346,-111.94360750000001,132,[33.303233,-112.0455993,33.5690679812527,-111.8416157],[28,17,29,185,11,7,138,8,139,108,97,338,214,206,251,126,39,205,33,48,47,119,99]
c2otsFIJHoqXI_2CfuHNzA,33.519989499999994,-112.053988,15,[33.488527,-112.182342,33.551452,-111.925634],[265,126,97,11,129,121,79,251,43,38,39,40]
LCi2EFBdsn4aYQwBbpis9A,33.634308,-111.885422,3,[33.634308,-111.885422,33.634308,-111.885422],[95,32,164]
d075w5E3ZAiC3TJBo2qTQg,33.798073,-111.926458,4,[33.798073,-111.926458,33.798073,-111.926458],[161,65,133]
fJTq39fyj0EPMydqKwz-Rw,33.32065915,-111.85955734999999,11,[33.2762703,-111.92938,33.365048,-111.7897347],[7,108,48,11,26,99,247,292,142,109,38,39,63,333,98,10,9]
PtgK-rx2-qBdgSDFumDLpw,33.5612284,-111.926901,3,[33.498915,-111.928258,33.6235418,-111.925544],[64,65,26,11]
A85CoBQ6qSX8d1vVlvPgpw,33.5624628,-111.98726055,85,[33.4527955,-112.100731,33.6721301,-111.8737901],[6,45,65,7,148,204,38,48,39,11,97,185,24,119,212,26,133,127,57,69,210,120,54,55,122,238,64,161,8,99]
t6QTe-r-un4QJwUsDj5uRw,33.3222306,-111.90814904999999,7,[33.294803,-111.99506,33.3496582,-111.8212381],[485,106,54,226,43,11,26,7,108,119,172]
DHZ-kZ9sPDMmpnyFGXQ4hg,33.452324250000004,-112.06895585000001,200,[33.451853,-112.0693177,33.4527955,-112.068594],[46,13,6,30,26,11]
d_u6ztf8pFMaPS-7jZx4gQ,33.620562,-111.8963279,1,[33.620562,-111.8963279,33.620562,-111.8963279],[119,11]
ESm6p7ErJTzueVKvGKR1aA,33.459917450000006,-112.00709985,18,[33.407065,-112.0740123,33.5127699,-111.9401874],[43,11,109,38,39,63,7,189,10,24]
zWUQmRH9KDpTGQAQWkKTsA,33.531246100000004,-111.93779445,11,[33.3788924,-112.1201999,33.6835998,-111.755389],[64,65,7,98,10,9,11,161,195,39,38,27,128,24,192,140]
PVPsm0nVNgruyQkPuhAwYw,33.492335,-111.9236549,14,[33.492335,-111.9236549,33.492335,-111.9236549],[38,99,39,40,11]
U41AN_EIC07lsHoqkDb37Q,33.4537841,-111.9532638,200,[33.4537841,-111.9532638,33.4537841,-111.9532638],[49,368]
RL1gGQE0cGPqIc5JUfPlCQ,33.526705,-112.180766,1,[33.526705,-112.180766,33.526705,-112.180766],[85,6]
_lA4GgcUKW1f892o5jGhBQ,33.56349605,-112.0364718,14,[33.4483771,-112.098337,33.678615,-111.9746066],[177,140,11,10,119,26,57,145,38,39,40,48,182,24,212,97,169]
N2rRTG5sfrOtLTn9djZ5mw,33.5748734,-112.0763891,16,[33.509562,-112.1167282,33.6401848,-112.03605],[15,25,6,26,11,197,198,23,7,9,10,1,301,32,302,137,8,139,63,36,54,55,122]
SQqQW0jclvqeGcGfsGccTg,33.43475,-112.00644,41,[33.43475,-112.00644,33.43475,-112.00644],[28,170]
QrOs6KvIlYllvuCd_a32Tw,33.4506624,-111.8294455,7,[33.4506624,-111.8294455,33.4506624,-111.8294455],[71,72]
e1mbmFmQI6Ou_mBil49rGA,33.5604975,-112.162163295485,10,[33.44238,-112.34971999097,33.678615,-111.9746066],[38,48,39,11,84,147,7,108,112,6,254,36,143,126,97]
STah-lyVxvzgBbHJASWr3A,33.573050798244495,-111.94052232375,175,[33.4930514,-111.9953287,33.653050196489,-111.8857159475],[7,8,38,99,88,39,40,11,28,17,29,212,43]
bD7kFkdlMSp-u6VPLJMWvQ,33.62739905,-112.03152435,11,[33.4548476,-112.1350865,33.7999505,-111.9279622],[99,11,41,400,63,27,24,43,7,47,137,6,139,38,140,39,40,48,33,74,296]
VJ-ArboDeIF_LHZTHqMp0g,33.4575748,-111.93184512675501,9,[33.4219869,-111.9366872,33.4931627,-111.92700305351],[33,11,27,63,88,38,39,89,182,172]
SI3lVUBaTi3d69KI1VaK1w,33.53212,-111.9606301,6,[33.4969773,-111.995355,33.5672627,-111.9259052],[109,38,48,39,11,101,26,119,99]
MP-w-W67xVZJFIpTYiFEqQ,33.5160857786892,-112.04631085,5,[33.4566960573784,-112.0986063,33.5754755,-111.9940154],[119,11,26,177,140]
Ryolnmpuq3F70CYgBNRPvw,33.57490645,-111.9960939,10,[33.4719589,-112.0649208,33.677854,-111.927267],[352,48,11,123,65,251]
rte6BWNIxiz7d641upaQ4A,33.619998,-111.874158,2,[33.619998,-111.874158,33.619998,-111.874158],[6,45]
95IEsFmxF1QsxehdioSYzg,33.4525847,-112.0478328,1,[33.4525847,-112.0478328,33.4525847,-112.0478328],[72,287]
pOub66bscu0-K798HITUxQ,33.5668050728745,-111.92547082901,1,[33.5668050728745,-111.92547082901,33.5668050728745,-111.92547082901],[224,11]
qpL0xn3ilFUyEMYbtmnTrw,33.53684749008665,-112.0473190546415,11,[33.4330350801733,-112.18908,33.6406599,-111.905558109283],[44,296,11,99,27,63,26,212,140,109,38,265,39]
3rZANqOuujtsbAfyGABVbg,33.4219869,-111.9366872,115,[33.4219869,-111.9366872,33.4219869,-111.9366872],[33,11]
fC-RY2rEgh9288n27QZpmw,33.415619,-111.563683,3,[33.415619,-111.563683,33.415619,-111.563683],[24,11]
bPWCuFEaVL5F6dT3JgivLw,33.580830149652,-111.93539115,60,[33.4939313,-111.9872563,33.667728999304,-111.883526],[88,38,39,298,11,26,126,251,224,210,48,128,27,149,24,49,312,57,504,91,7,142,340,99,33,322,145,63,265,185,97,119,120,36,17,18,62,40,43,177,140,307,117,69]
1Bmmwb8V3SfZ1qHLu88Q4g,33.7129908,-112.1130158,1,[33.7129908,-112.1130158,33.7129908,-112.1130158],[7,108]
dwG0Sk3rQMjCuzOjiMktFw,33.43475,-112.00644,119,[33.43475,-112.00644,33.43475,-112.00644],[28,170]
VSIQ9f_O6GxAOsiHwsnPyA,33.450192,-111.773266,1,[33.450192,-111.773266,33.450192,-111.773266],[6,284,35]
ceAiIDpaBAjYjKw9UtO3MA,33.49977775,-111.89265305,8,[33.384398,-111.9264331,33.6151575,-111.858873],[308,54,242,238,57,69,119,11,48,62,17]
dHlNnMw5wAeH_lWWtxJGuQ,33.48214645,-112.0545697,6,[33.4548476,-112.0800705,33.5094453,-112.0290689],[63,27,24,11,224,98,7,129,79]
yUZc4PQdOVw5sQyjqgWpNQ,33.5328495,-112.02255629999999,15,[33.448426,-112.1185366,33.617273,-111.926576],[6,35,84,112,254,339,265,11,7,292,98,248,139,225,416,138,187]
df0YRtus3XaN64pzs8iteg,33.490694000000005,-111.96058485,95,[33.4787939,-111.9953287,33.5025941,-111.925841],[119,38,48,39,11,99,126,309,285,88,40,7,142]
jm4oPtWPx8iy_hC3gJ_mDg,33.4426797,-111.9440894,6,[33.3060589,-112.0129435,33.5793005,-111.8752353],[64,179,65]
vJVQrgRoPdRxFfoPe0EAGg,33.5222185,-111.9595033,200,[33.5222185,-111.9595033,33.5222185,-111.9595033],[28,17,29]
0LItxUlJZyJkknjhZou7Ow,33.592291349999996,-111.7230234,200,[33.5746711,-111.7295047,33.6099116,-111.7165421],[7,9,201,11,27,206]
IlZM0BVbx0RH1Va8qM37bA,33.771197,-111.979587,2,[33.771197,-111.979587,33.771197,-111.979587],[84,147]
vfnYajSKMWgrtoEFVAwMgg,33.304814,-111.977708,2,[33.304814,-111.977708,33.304814,-111.977708],[7,142]
vyXd1WCCwiAiuDoyamsODw,33.3967575,-111.9268011,9,[33.369969,-111.944758,33.423546,-111.9088442],[48,11,49,193,59,106,54]
mdvx5w9B2urC74xZAEZSTQ,33.4075851,-111.9844826,5,[33.3350308,-112.0915342,33.4801394,-111.877431],[38,39,40,7,36,24,11,126,97,8,138,139]
7H6TgnJAxZjK4ZWdq8-Tqg,33.373094,-111.7980255,36,[33.351089,-111.84303,33.395099,-111.753021],[229,11,149,126]
yyVaDXsgGPw3vl2bv-1R3w,33.52253635956975,-112.1627744,26,[33.378951,-112.3590018,33.6661217191395,-111.966547],[63,27,11,149,33,185,43,97,251,126,38,99,39,296,26,168]
J6SKpug2Qspv7DVzUKOwNQ,33.2912857,-111.9697344,1,[33.2912857,-111.9697344,33.2912857,-111.9697344],[71,72,287]
4EzpGjoFZXjQOeAk92ZKOg,33.6320635,-111.98651885,6,[33.6235377,-112.0474847,33.6405893,-111.925553],[63,27,11,7,108]
qjb4c1sjS7GBSCo1RyHVTQ,33.5181403,-111.87491975,70,[33.3805962,-111.9953195,33.6556844,-111.75452],[44,11,126,97,202,72,7,9,10,49,231,181,229,117,63,98,26]
Ohko8xl3GWX29VgcGQJLiA,33.545497600000004,-112.05529175000001,9,[33.4504828,-112.0915007,33.6405124,-112.0190828],[101,88,38,39,40,26,11,205,7,142,108,28,17,29,8,24]
sjBu1c71uh0bfoJWN6ktvA,33.517213,-112.082103,1,[33.517213,-112.082103,33.517213,-112.082103],[6,70]
2URPAzG5RELkB1cCm1ASJw,33.443422999999996,-111.9843845,4,[33.421385,-112.075677,33.465461,-111.893092],[279,54,57,56,55,122,256,26,11]
-x2kDS9hWVtOvv3lnnULpw,33.4132855,-111.984087,14,[33.391821,-112.00644,33.43475,-111.961734],[28,170,26,11]
zMhkzu9VXFULKQ8YCCsDVQ,33.566037,-111.970471,36,[33.494238,-112.060185,33.637836,-111.880757],[33,38,39,11,7,108,292,340,49,193,59,142,99,48,17,152,182,140,88,128,28,271,26,63,27,177,98,119,24]
5_GxM3rifzPNG9DIwc1jAw,33.376241199999996,-111.966729,3,[33.3053089,-112.073781,33.4471735,-111.859677],[38,39,11,26,48]
UyyLhw6PbZ0fcvXuC3QC-g,33.2994442,-111.8988633,1,[33.2994442,-111.8988633,33.2994442,-111.8988633],[99,11]
Jq_apJB3Uf3Q_R9OeEuqBA,33.5529971,-111.908657,200,[33.43065,-111.973603,33.6753442,-111.843711],[48,11,57,327,185,63]
o4CAGmcD-voehPNOb5tLPg,33.5028492,-112.0033483,7,[33.4541453,-112.0827178,33.5515531,-111.9239788],[98,7,26,11,168,265]
rs_SGdqbZ6uYCJyYaaGbnA,33.4578311,-111.98835600000001,18,[33.350564,-112.0737503,33.5650982,-111.9029617],[6,32,433,35,252,77,48,11,38,39,7,455,139,251,149,97,159]
OVMjtZ6iPMmKRHJL9528Aw,33.461287,-112.3407485,9,[33.456909,-112.341273,33.465665,-112.340224],[11,27,63]
ZHp6SqN8x2aGxsiJ0F02tw,33.344158,-111.963722,200,[33.344158,-111.963722,33.344158,-111.963722],[101,38,26,39,11]
UgYLY4-QhuxfD9TLlqSBxQ,33.686596550000004,-111.97592560000001,16,[33.546,-112.0657374,33.8271931,-111.8861138],[7,292,232,26,11,10,36,8,177,140,98,108,44,24,27,126,97,192,33]
jGeNUXDGqC9W-yDfW_jjtQ,33.556778550000004,-111.92861875,34,[33.5025941,-111.9296765,33.610963,-111.927561],[7,142,11,63]
T54Wi7W2HG1Hsz2fpivR4g,33.5102068,-112.0272041,10,[33.5102068,-112.0272041,33.5102068,-112.0272041],[48,11]
aowt6Q8OCARWtA7KzluLaw,33.644665,-112.03286385,200,[33.445002,-112.133957,33.844328,-111.9317707],[26,11,119,99,48,309]
9RnATpzQh4W4ouNZoCV9Hg,33.436514450000004,-112.0121343,200,[33.43475,-112.0178286,33.4382789,-112.00644],[117,11,28,170]
kKy10HlcwxqI76B732HP5Q,33.4957558,-111.9159147,2,[33.4957558,-111.9159147,33.4957558,-111.9159147],[98,7,206,11]
IguPuYTXfb3PKE7UQF9Jmg,33.4548476,-112.0800705,1,[33.4548476,-112.0800705,33.4548476,-112.0800705],[63,27,24,11]
vW6BqipzAl5VFc9lxa11Fg,33.40010015,-111.8622187,6,[33.377935,-111.9199824,33.4222653,-111.804455],[84,339,166,6,127,11,26,7,98,10,9,194]
AGMssx_LrDb6r5iLYAzS8A,33.47532905,-111.9780861330955,200,[33.4046581,-112.029651966191,33.546,-111.9265203],[26,11,28,388,394,290,241,265,7,292,99,48,127]
CCvzosMib3os8LYdFupYeg,33.5610729,-111.90873635,4,[33.4942423,-111.9264472,33.6279035,-111.8910255],[39,119,48,38,11,24,177,140]
4YkCgP0UYkRch0Iptopj-w,33.42218415,-111.94421405,4,[33.4217383,-111.9476151,33.42263,-111.940813],[26,11,27]
JIr-fCHgwLtp_xHucJOTRA,33.43981895,-112.01697235,7,[33.420571,-112.0915007,33.4590669,-111.942444],[26,11,101,88,38,39,40,168,298,7,108]
sMUxBNQdCsBcow0fkXnxGQ,33.500545,-111.9264093,4,[33.500545,-111.9264093,33.500545,-111.9264093],[119,99,11]
IOl55EFyCJt1Ha_vzupEjg,33.62511655,-111.92767735000001,182,[33.6241241,-111.9307637,33.626109,-111.924591],[168,265,11,10,24]
vN25DTdMDr718zMCAgJvQQ,33.58514355,-111.99597605,38,[33.337009,-112.1161771,33.8332781,-111.875775],[20,23,243,38,39,11,63,7,138,8,139,340,210,212,43,27,185,126,26,218,205,40,265,97,224,112,6,248,108,48]
zlprnJhxUBgAYorZ_ZGyqg,33.405860399999995,-111.97751865000001,8,[33.3345061,-112.078974,33.4772147,-111.8760633],[64,65,33,168,11,7,142,265]
2kZQi3pGOXFNewK0AI83Dg,33.325697500000004,-111.9121497,5,[33.303233,-111.9819,33.348162,-111.8423994],[97,11,7,33,48,47,63,26]
C2AjIvsIb5glWoPD7_Vp1g,33.455077700000004,-111.99818805000001,11,[33.4075613,-112.079081,33.5025941,-111.9172951],[57,38,39,145,140,40,48,11,104,6,204,65,7,168,298,88,63,27,28,17,29]
YELU5TN4M9U6B264EBO4eQ,33.494247,-111.92975,3,[33.494247,-111.92975,33.494247,-111.92975],[109,38,48,39,11]
PzeWNJ_hrhDzs8NdcBA06A,33.4211681,-111.942514,1,[33.4211681,-111.942514,33.4211681,-111.942514],[421,65]
34I8X5bIOl2jef3N0H1Qng,33.4587437,-112.0775732,2,[33.4587437,-112.0775732,33.4587437,-112.0775732],[182,48,140,11]
YnEI2v1WLJ0aXXYHBjSlBA,33.6839876,-112.1161771,1,[33.6839876,-112.1161771,33.6839876,-112.1161771],[63,27,11]
GugQ7WapnKuC6l76P78Law,33.416797,-111.805626,8,[33.416797,-111.805626,33.416797,-111.805626],[84,345,6,346]
w3vaAEovbaHTIJg6iKI72g,33.499601,-112.0265084,5,[33.491645,-112.073196,33.507557,-111.9798208],[38,140,39,40,48,11,10,119]
AD5WnaITfZoW1Wk4ldLf9w,33.4957888,-112.5125131,44,[33.4957888,-112.5125131,33.4957888,-112.5125131],[38,109,39,63,27,11]
eBo3ZZL6bRqGw6BXYmosYw,33.5855504,-111.9267692,12,[33.5855504,-111.9267692,33.5855504,-111.9267692],[98,7]
-xfJn_BLOsD3hfefrGM7VA,32.8796747,-111.7500696,2,[32.8796747,-111.7500696,32.8796747,-111.7500696],[11]
gswviH9OHdkoxJJUmqbmCQ,33.5250892,-111.9253313,5,[33.5250892,-111.9253313,33.5250892,-111.9253313],[7,142,338,11]
r01IWWKaHFEnMZkaWdUyEA,33.5726156912808,-112.118439674377,53,[33.5726156912808,-112.118439674377,33.5726156912808,-112.118439674377],[57,146,91,51,49,312]
lF7HkYdeDyCSBrbtQP91ew,33.656662100000005,-112.23870395,6,[33.6322642,-112.239905,33.68106,-112.2375029],[265,11,38,212,39]
voZ037n5dYitK9_R5oB0bw,33.449188,-112.0772,2,[33.449188,-112.0772,33.449188,-112.0772],[126,97,172,11]
4ISG7_E0jmpjIZlBBtZnQQ,33.4863575,-112.136256245485,29,[33.44238,-112.34971999097,33.530335,-111.9227925],[11,27,63,38,143,39,205,7,313,109,48,33,43,26,24,333,49,80,59,167,65,99,8,119]
O9HXzHNjieCQM9ne3A6TQQ,33.3993185,-111.993808,2,[33.303908,-112.025669,33.494729,-111.961947],[13,6,22,35,200]
B5uh48Lh9tEjM1I7xCPsag,33.465184,-112.2739855,2,[33.465184,-112.2739855,33.465184,-112.2739855],[11,63]
SAPt3B0CXxM2MxkApnbWyQ,33.46575755,-112.00128905,9,[33.4217383,-112.0740241,33.5097768,-111.928554],[26,11,38,48,39,177,140,24]
S5SQYgMd7YfDpqAy2xh_vg,33.59424455,-111.92134555,7,[33.542193,-111.925634,33.6462961,-111.9170571],[33,265,11,26,126,97]
hCxZYa2d6aUKlwTPm0zW5g,33.3930051,-111.910786,1,[33.3930051,-111.910786,33.3930051,-111.910786],[493,11]
o96uJm8Xj2EDvl3v94k13Q,33.6242523,-112.4244222,1,[33.6242523,-112.4244222,33.6242523,-112.4244222],[27,11]
ixcdEEPKh9vx0VZ4IaMHXg,33.42472255,-111.84767475,2,[33.4144828,-111.8692413,33.4349623,-111.8261082],[273,39,11,63]
ZjkMTevGx5uI3OaQghEaDA,33.377625,-111.940074,2,[33.377625,-111.940074,33.377625,-111.940074],[84,419]
0M7o_TSDxET5Bw-8YUwyCg,33.5160662,-112.029562,15,[33.5160662,-112.029562,33.5160662,-112.029562],[161,28,65,17,29]
66tWp8ThwPATFUxYNPyYLw,33.441339,-111.9391603,163,[33.25539,-112.2581306,33.627288,-111.62019],[6,204,65,99,11,33,119,129,175,332,79,121,7,162,106,54,107,189,10,24,49,265,146,192,108,39,298,57,145,38,128,185,9,88,98,62,17,77,35,76,362,20,23,224,61,13,70,127,43,126,48,47,470,28,29,8,68,366,322,208,130,32,212,293,27,84,147,101,30,110,317,138,139,36,247,69,44,56,205,296,104,167,195,26,109,115,327,63,55,122,113,116,60,15,191,351,309,50,52,97,112,151,152,25,262,442,241,90,314]
-pDdkPwZK5l47O7yu5qNxA,33.50141605,-111.92829875,17,[33.500238,-111.9296765,33.5025941,-111.926921],[182,99,11,126,97]
6AjD60lOn4Np6zTR__UW0A,33.487057500000006,-112.0679296,68,[33.334712,-112.2610692,33.639403,-111.87479],[38,6,145,186,57,39,185,11,65,133,224,265,69,27,63,212,126,293,338,382,206,251,26,182,172,43,24,168,181,229,33,44,99,48,109,41,32,95,222,7,8,45,188,23]
7U3DklnPQUd4NEkrDO5etA,33.31207145,-111.927859,15,[33.3059969,-111.970558,33.318146,-111.88516],[28,17,29,26,11]
ZoiBl0VS-36RXokRTJPlSw,33.168762099999995,-111.72272799999999,161,[32.8795022,-111.964485,33.458022,-111.480971],[43,11,78,79,279,54,7,84,72,393,213,141,6,99,27,184,297,26,162,12,114,13,115,299,24,4,100,425,44,96,41,63,28,17,29,108,208,35,148,33,14,15,345,212,153,265,97,301,32,49,52,106,280]
9jUZNC6W1C79nK2HCgIXGA,33.4128485,-111.8991947573975,28,[33.2475,-112.0744706,33.578197,-111.723918914795],[48,11,224,98,7,24,201,119,99,340,27,265,149,126,63,49,80,59,97,33,47,229,41,65,167,133]
VZQO7DGVd2TQkfZ8N2gNgg,33.315619,-111.948238,1,[33.315619,-111.948238,33.315619,-111.948238],[84,291]
MKRCgvlZ1ZnnHqaEXMzJAw,33.590152,-111.960174,15,[33.590152,-111.960174,33.590152,-111.960174],[49,158,178,28]
qkgk-0v5hcGWSrPneCM21Q,33.28330595,-111.85138620000001,6,[33.2644333,-111.8601,33.3021786,-111.8426724],[224,11,126,39]
E-sk1EtZushUQRFI_fxa7w,33.525707,-112.08630930000001,3,[33.5127699,-112.0986063,33.5386441,-112.0740123],[109,38,11,39,63,26]
GlYZNwYbOF0CCj-1y4r48w,33.447521,-112.063434,4,[33.447521,-112.063434,33.447521,-112.063434],[309,11]
tLVkJAi02KzjfARmaXVEEw,33.32092485,-111.9050123,19,[33.3059393,-111.9080449,33.3359104,-111.9019797],[26,11,63]
uTEhgjhxFtIYI2ufdDD3NQ,33.4940321,-111.9218306,2,[33.4940321,-111.9218306,33.4940321,-111.9218306],[119,26,185,11]
3_eIloSMHvjnfdFXd8C54Q,33.355706822396996,-111.7568779573975,22,[33.321061644794,-111.789837,33.390352,-111.723918914795],[99,11,7,142]
XAEQyL2pnwEFZgtWN2nTEg,33.4949678,-111.9241443,5,[33.4949678,-111.9241443,33.4949678,-111.9241443],[11,63]
oCWEG16z5HazbTfCByxwxQ,33.5409028386777,-111.869723796844,1,[33.5409028386777,-111.869723796844,33.5409028386777,-111.869723796844],[7,119,41,11]
P0oMcxect43NE7QPw_AyKA,33.457584,-111.90356944999999,152,[33.413158,-111.9313599,33.50201,-111.875779],[38,99,39,40,11,119,352,48,63,7,108,265,126,97,27,251,212,293]
R2zUblDq54cU3GccJpcKeA,33.4950947,-111.9292934,6,[33.4950947,-111.9292934,33.4950947,-111.9292934],[168,48,11]
FMz2gZtSt7G1p3mODlpjoA,33.433095605043,-111.99560065,75,[33.348763010086,-112.0823075,33.5174282,-111.9088938],[27,11,117,214,7,142,292,307,172,33,24,119,201,38,47,88,39,48,62,17]
zmNXA7mZyGGd9z_3OJSajg,33.5025941,-111.9296765,3,[33.5025941,-111.9296765,33.5025941,-111.9296765],[99,126,11]
_N-DeS909pOyryxC0mMAjw,33.5887903,-111.89218995,134,[33.377523,-112.0561119,33.8000576,-111.728268],[24,11,26,8,7,138,139,119,106,54,280,27,33,265,185,63,10,65,158,17,28,161,29,74,109,38,39,88,89]
uiMTavYKLw9hxskV4xB2tg,33.321061644794,-111.723918914795,200,[33.321061644794,-111.723918914795,33.321061644794,-111.723918914795],[99,11]
WTuU3HZdivdhjo2f7wA4wg,33.576408,-111.97048459999999,3,[33.497145,-112.0131291,33.655671,-111.9278401],[7,108,119,38,109,39,11,128]
BnRmF1vsWQu8tAVyfeLvkQ,33.5090334784787,-112.10519705,4,[33.3037399,-112.229329,33.7143270569574,-111.9810651],[119,11,109,38,39,63,26]
979AKRLmKfKx7pX7-x1Weg,33.548313,-112.11252045,3,[33.455794,-112.151282,33.640832,-112.0737589],[126,11,7,292]
45ndsXexADeQhKIH3pw5TA,33.5832073,-112.0131291,6,[33.5832073,-112.0131291,33.5832073,-112.0131291],[108,7,119,38,109,39,11]
7uksXo1fm_QWFSBUc62IhA,33.48092345,-112.03690635000001,8,[33.4315119,-112.0718179,33.530335,-112.0019948],[26,11,119,24,48]
fiitg-cNHxKnnlcNO0iEKA,33.45454305,-112.01294085,5,[33.3478272,-112.1156244,33.5612589,-111.9102573],[224,182,11,48,185]
0L3StYROKFDTksOOg-Hr3A,33.3488957,-111.9766015,1,[33.3488957,-111.9766015,33.3488957,-111.9766015],[168,126,97,11]
gIEBnBWyRlspOJhYm2vLjw,33.5160662,-112.029562,42,[33.5160662,-112.029562,33.5160662,-112.029562],[161,28,65,17,29]
iSjhUVGU8NeDolA8wcn5cw,33.3350458,-111.877429,2,[33.3350458,-111.877429,33.3350458,-111.877429],[123,65]
ESoKH0Hs6Jhd3GJC7IfQLA,33.4571312,-112.01658705,90,[33.4253394,-112.1125311,33.488923,-111.920643],[28,17,29,57,327,38,99,128,39,296,11]
DcAXYbOV56_hpEeC7jOrlw,33.385147322397,-111.8946884573975,11,[33.321061644794,-112.065458,33.449233,-111.723918914795],[42,43,11,99,63,27,224]
8ioLO0Bptz5JeWuZLBSfNQ,33.500780500000005,-111.96820725,5,[33.406669,-112.222145,33.594892,-111.7142695],[7,138,8,139,44,26,11,181]
ZHmI4LNm4WegnNr7Jo4C8w,33.50147375,-112.0324578,100,[33.3210491,-112.2043438,33.6818984,-111.8605718],[251,11,43,10,24,27,49,325,326,52,126,97,63,309,119,285,38,48,39,182,140,98,7,26,142,99,108,162,8,6,116,36,113,292,168,42,229,28,17,29,79,121,175,129,161,65,33,117,202,72]
Bw6LT6jf8jA8ZoS5X40aTQ,33.511393049999995,-112.05454645,5,[33.5089901,-112.0651937,33.513796,-112.0438992],[97,11,265,27]
npOMBu_zHAibPd4rntH0HQ,33.5006098,-112.01774284999999,5,[33.4952769,-112.0470684,33.5059427,-111.9884173],[182,48,140,11,72,154]
dy4PkoO_kJbr6dBdlbBWbg,33.5381018,-111.9085143,11,[33.5381018,-111.9085143,33.5381018,-111.9085143],[126,97,11]
36xg3TVpq2KIdNorKXbg-w,33.6077095,-112.0662499,40,[33.6077095,-112.0662499,33.6077095,-112.0662499],[48,11]
N8lBLKzsvzvjhQQIgib2fA,33.541341849999995,-112.3419152,31,[33.3705837,-112.5910284,33.7121,-112.092802],[26,11,229,185,43,265,30,8,13,6,7,110,27,24,99,48,57,69,44,142]
YDuK0AhZ-dPtXKMQZZ605Q,33.3850516,-111.77396445,10,[33.3550442,-111.791744,33.415059,-111.7561849],[65,133,96,72,71,26,11,185]
JdD0gCczDXEopNqDu5tfCQ,33.4787943,-112.0478085,2,[33.4787943,-112.0478085,33.4787943,-112.0478085],[26,11]
qK_o6Chm8VakPzeMCurtWA,33.479161,-111.956802,53,[33.460294,-111.985653,33.498028,-111.927951],[28,17,29,352,48,11]
fRxsxrX71_qMpeF2MFJcYw,33.5086952779617,-111.927080154419,9,[33.5086952779617,-111.927080154419,33.5086952779617,-111.927080154419],[99,11]
zA5zJBmd0Jzhb_mblIDlfA,33.52291515,-112.06573595,19,[33.508834,-112.083991,33.5369963,-112.0474809],[126,97,11,38,143,39,205]
sYzKXeygqWfvJQp9zAnn7Q,33.616418,-111.92631,1,[33.616418,-111.92631,33.616418,-111.92631],[265,126,97,11]
zMK4n9kccIO1ltCXzVy-Bw,33.43689775,-112.00318165,200,[33.4245625,-112.065458,33.449233,-111.9409053],[27,11,127]
XuEyWYx4OlGw4kJirP2V5Q,33.5379429,-111.8890142,11,[33.5379429,-111.8890142,33.5379429,-111.8890142],[57,69]
28Feb3wy4_CgUAyUTWhnwg,33.466132280478746,-111.92922555,7,[33.3497113609575,-111.9301931,33.5825532,-111.928258],[7,108,338,201,11,38,212,41,39,26]
3ZlmRMwWaoyYBGqy3IoMRg,33.3652919683632,-111.787699264713,1,[33.3652919683632,-111.787699264713,33.3652919683632,-111.787699264713],[48,26,11]
Wh5pL_iTBOj3R4W7cJWEkw,33.545032500000005,-112.09834914999999,44,[33.449233,-112.2707018,33.640832,-111.9259965],[63,27,11,7,48,47,142,33,38,39,99,140,40,108,119,126,120,26,24,128]
UJSGUW-8wN8Iakos1gmuFw,33.6239149,-111.9255304,14,[33.6239149,-111.9255304,33.6239149,-111.9255304],[48,11]
2fV_aUYoiXFfBMyc3Zx0Xw,33.494282549999994,-111.9893504,21,[33.4074111,-112.074398,33.581154,-111.9043028],[84,345,6,346,21,201,11,419,7,46,188,23,112,57,186,38,47,88,39,48,210,142]
g-NDDtPiSC2ZX7GhtFLuZg,33.439975849999996,-112.2195961,20,[33.3840503,-112.512882,33.4959014,-111.9263102],[352,201,11,49,28,178,17,29,6,45,265,185,26,99,173,420,112,44,123,65]
yIW90G6gQem38mqOxzmrig,33.433833,-111.8668424,61,[33.433833,-111.8668424,33.433833,-111.8668424],[265,99,185,11]
US3AZyMVZJxg_3Tzs4xoEA,33.50821655,-112.12045845,15,[33.448514,-112.174519,33.5679191,-112.0663979],[28,190,241,394,7,139,225,375,322,57]
CwwdTbdTWYyn3u8FVu4Rtw,33.511799249999996,-112.32866035,3,[33.4945805,-112.3595377,33.529018,-112.297783],[27,11,119,99,120]
fCrETXpDvnS7HL_6CJ4yog,33.3488741,-111.96352354999999,6,[33.3480722,-111.9819,33.349676,-111.9451471],[212,361,11,98,7,62,17,24,224,251,26]
PIusZLLfyUukYxCeyO4fBQ,33.483856450000005,-112.0797321,200,[33.4802381,-112.0830342,33.4874748,-112.07643],[28,17,29,26,11,24,224]
nk0r7DYQSJoS3ywfX9oFeg,33.5364584,-111.8883276,3,[33.5364584,-111.8883276,33.5364584,-111.8883276],[123,65]
ot0YvCAlw9b2_VtGKiDFwQ,33.457863,-112.068359,1,[33.457863,-112.068359,33.457863,-112.068359],[38,48,39,11]
JATLalor8UmBOjxxu9BIrA,33.4743013,-112.0649235,1,[33.4743013,-112.0649235,33.4743013,-112.0649235],[27,11]
dii_9idmKstLp4tiaa7l1Q,33.57075055,-111.95455575,7,[33.5025941,-111.979435,33.638907,-111.9296765],[141,345,6,43,11]
PjbSw8t08IpZJ1ow_lUehQ,33.4953972,-112.0010971,2,[33.4953972,-112.0010971,33.4953972,-112.0010971],[7,162,119,11]
DjdlL9rpNRtsGknchgqLAg,33.4787939,-111.9259092,40,[33.4787939,-111.9259092,33.4787939,-111.9259092],[309,119,285,11]
w22zbaf5ERGr8jcrzPB1CQ,33.511022,-112.003083,8,[33.382596,-112.117267,33.639448,-111.888899],[119,11,33,48,307,294,106,54,265,483]
TihCCoPTBI-mlkvdbAaEog,33.57563525,-111.9281817,12,[33.3069425,-112.133957,33.844328,-111.7224064],[26,11,4,6,24,117,33,44]
UY-Vo1HErkyMa1R5PxDrTg,33.3195828,-111.8592461,2,[33.3195828,-111.8592461,33.3195828,-111.8592461],[43,11]
gL3okH3XDCIaqDn7WBvu3Q,33.376744,-111.723709,1,[33.376744,-111.723709,33.376744,-111.723709],[106,54,280,317]
ZyRhFxJXQTiDI4XSpVoxJQ,33.42479930098115,-111.8844410425535,4,[33.3958117,-111.927165985107,33.4537869019623,-111.8417161],[182,172,11,15,25,6,71,72,287,269]
t9K1768NmgXRReY8998P1A,33.545415500000004,-111.97721515,2,[33.508954,-112.0293073,33.581877,-111.925123],[28,17,29,27,11]
TfOHE-5tq4WAyigAqyUJ1g,33.6181515,-112.2914278,2,[33.6181515,-112.2914278,33.6181515,-112.2914278],[113,6,116]
kS-zOetVeNWpm7f0Cie4-g,33.4891365,-111.963402690979,17,[33.476082,-111.996292,33.502191,-111.930513381958],[99,11,109,38,39,63,98,7,292,17,62]
B2g0U1oHSZprt8VXNTY4pQ,33.578941386428056,-111.90431234886401,173,[33.5756408,-111.9262786,33.5822419728561,-111.882346097728],[28,17,29,7,98,10,9,11]
7nyJzjvzshcBMdyryHuMyQ,33.4960411,-111.9975702,9,[33.3210491,-112.1345686,33.6710331,-111.8605718],[161,195,65,168,42,43,11,28,17,29,26,126,63]
6r-WELTsUsWe77AEBdVG3A,33.4946604,-112.00321249999999,17,[33.3058418,-112.081655,33.683479,-111.92477],[24,11,27,117,214,44,126,212,26,229,109,38,39,63]
e3wjGyeeT2woxS698LBi-A,33.3923439,-111.8873512,7,[33.3652366,-111.915926,33.4194512,-111.8587764],[7,162,38,47,88,39,48,11]
qQb4pg5uqvjMOfGPWbIkeQ,33.4794866,-112.03254100000001,111,[33.3478272,-112.165116,33.611146,-111.899966],[26,11,224,10,24,117,8,7,138,218,139,182,48,140,74,27,149,229,38,47,88,39,28,170,89,168,298,41,127,57,145,101,177,192,377,40,99,246,119,17,423,98,9,49,52,126,97,63,33,96,72,71,244,142,265,307,212,43]
I5LKbEg-qbubyfdHwOy1UA,33.40248335,-111.9320043,14,[33.349676,-111.9878697,33.4552907,-111.8761389],[89,11,98,7,62,17,24,43,185]
m4Hklaq7Kq3U1kQK-TU9Uw,33.3059393,-111.9019797,7,[33.3059393,-111.9019797,33.3059393,-111.9019797],[26,11]
0fWyq8bc9TYp7WAgYh2CeA,33.436378000000005,-111.79101349999999,16,[33.380375,-111.980757,33.492381,-111.60127],[63,27,11,265,48,10,123,65,24]
t7Q29WBtZOY7kqDMKKWmhQ,33.3331493,-111.96359584999999,2,[33.31819,-111.969203,33.3481086,-111.9579887],[97,11,361]
3p7Pgmofr46rPincUFrX3w,33.632912700000006,-112.0216131,14,[33.4354553,-112.1114555,33.8303701,-111.9317707],[26,11,309,285,210,27,48,72,28,241,394,395]
dTTbYe3Kniw0KLpNUYinVA,33.6243155,-112.4169902,1,[33.6243155,-112.4169902,33.6243155,-112.4169902],[64,65]
QYgcusG-G0bwUOt0b5rT6w,33.3997868861375,-111.87927450000001,125,[33.233464772275,-112.0739136,33.566109,-111.6846354],[7,162,108,261,54,55,30,8,13,6,11,63,48,26,251,265,185,24,47,149,138,139,33,44,43,200,168,42,309,38,145,57,205,39,40,212,292,338,206,142,110,99,28,170,109,229,457,285,49,341,440,27,20,23,182,127,80,59,126,97,224]
qGj-sCmGbvSBMzpEjWlpCA,33.511858700000005,-111.96433455,3,[33.4951665,-112.0027958,33.5285509,-111.9258733],[251,224,212,43,11,6,156]
aOGle_pq-6i9SkOP_WdSaw,33.5692813,-111.95843869999999,5,[33.5093706,-112.0273984,33.629192,-111.889479],[99,11,123,65]
1dR97Rdc2lqSPWuVf_Jo1A,33.683479,-111.966112,1,[33.683479,-111.966112,33.683479,-111.966112],[212,229,11]
V82IKvQfGJ6_RK9Eun4OHA,33.5104737,-111.9863556,1,[33.5104737,-111.9863556,33.5104737,-111.9863556],[104,105,65]
