GGIEWghD15TmL37JbDijGw,33.4548476,-112.0800705,1,[33.4548476,-112.0800705,33.4548476,-112.0800705],[63,27,24,11]
Gg7nFd_DM5auhZYCq4yrXw,33.4228477,-111.8747053,3,[33.4228477,-111.8747053,33.4228477,-111.8747053],[39,11]
O6w4ZRi7cuCVvXA_WhpS6w,33.4537841,-111.9532638,21,[33.4537841,-111.9532638,33.4537841,-111.9532638],[49,368]
sa7il4kQ410lLe0KnRedGQ,33.348109,-111.912238,1,[33.348109,-111.912238,33.348109,-111.912238],[65,133]
TlVapUorkzfMmtrM2OqZUA,33.52429705,-111.94897825,6,[33.5025941,-111.96828,33.546,-111.9296765],[26,127,11,7,292,99,48]
tPPRZhvTZ-lUuDCxOeZEsQ,33.64069465,-112.22506680000001,12,[33.6397913,-112.225578,33.641598,-112.2245556],[33,11,169]
IpFzO5XeBTlkrns5cwBInw,33.616418,-111.92631,2,[33.616418,-111.92631,33.616418,-111.92631],[265,126,97,11]
Px8WbZhFuV2--5Te_c3YCA,33.3833071,-111.6853576,1,[33.3833071,-111.6853576,33.3833071,-111.6853576],[126,11]
Ig33VQMa6ykHQysEWGWOnA,33.5236728,-112.11916295,6,[33.5092756,-112.166508,33.53807,-112.0718179],[48,11,63]
02opZRjrfcjxsYzzD8FQ5g,33.519455199999996,-111.90363785,8,[33.4828323,-111.9085693,33.5560781,-111.8987064],[39,38,26,127,11,119,201,135,464]
G38blAd1VnWO1r5vzuSIUg,33.640832,-112.151282,3,[33.640832,-112.151282,33.640832,-112.151282],[126,11]
0B72lj8x6TXrKuAYpaHL3w,33.5910988,-111.89257505,5,[33.5577181,-111.8987131,33.6244795,-111.886437],[185,11,371,54,195,238,65,192,168,99]
0naTokbupO3677BIZugTjQ,33.504599549999995,-111.94935029999999,7,[33.4803679,-111.9730855,33.5288312,-111.9256151],[7,139,98,375,65,133,6,45,148,204,108,24,11,93,3]
ue-8K-dBaohg2cgYmLhrjA,33.5062078,-112.0739142,1,[33.5062078,-112.0739142,33.5062078,-112.0739142],[168,181,229,11]
_tVI6-YW4917BSzKodlpOQ,33.51747520000001,-112.1260056,10,[33.3941184,-112.3428904,33.640832,-111.9091208],[57,69,11,63,169,38,145,205,39,40,13,6,22,21,212,361,46,30,26,126]
95-XxJfGAiPZcke2tFcLuw,33.4961,-111.929344,1,[33.4961,-111.929344,33.4961,-111.929344],[64,347,6,204,65]
jk_P-yYspg7uz-8xSCRdGA,33.5322635,-111.91724515,25,[33.4088426,-112.0986063,33.6556844,-111.735884],[44,97,11,212,26,218,41,323,251,149,126,63,7,194,239,43]
5cwHcdHXp1TusRFC5vBcuQ,33.6032317,-111.7155019,1,[33.6032317,-111.7155019,33.6032317,-111.7155019],[7,379,210,108,11]
Yh_O_ztux1RhrdgvhYaC6Q,33.49570835,-112.04298035,200,[33.4949416,-112.0839659,33.4964751,-112.0019948],[119,24,11,99]
w9yneCFjacLCEEeG8ET5lw,33.505269,-112.024654961415,14,[33.480203,-112.07341192283,33.530335,-111.975898],[7,47,48,11,26]
YLtFrgwwfe_Bnl7H2NCg_Q,33.313244572397,-111.8514652573975,200,[33.3054275,-111.9790116,33.321061644794,-111.723918914795],[99,11,119]
3-DGBWNyHKsO26EREFHOSg,33.624647,-112.186182,2,[33.624647,-112.186182,33.624647,-112.186182],[11,27,63]
xLPWL-Cgd7jg1j05rJpq8Q,33.424499499999996,-111.971159,45,[33.414249,-112.00644,33.43475,-111.935878],[28,17,29,170]
oC0lrbIiBffftdnO2NLgOg,33.678615,-111.9746066,7,[33.678615,-111.9746066,33.678615,-111.9746066],[98,7,119,24,11]
t1G2FUnxaghok0CboYqxQg,33.385548,-111.7541801,1,[33.385548,-111.7541801,33.385548,-111.7541801],[126,97,11]
Gj4A808J-edy3XZm6Z9W6A,33.499499,-111.927402,1,[33.499499,-111.927402,33.499499,-111.927402],[48,11]
Bv16boLVSNb_uGtZOQ-jNQ,33.47379705,-111.9923596,2,[33.4531351,-111.9953287,33.494459,-111.9893905],[38,99,88,39,40,11,28,17,29]
E9nIcVFDC7s8Z1n3ZBsKuA,33.3501369,-111.912932,3,[33.3501369,-111.912932,33.3501369,-111.912932],[78,79]
utnYwQbhOyUmpPMrRooHfA,33.6390283,-112.18908,4,[33.6390283,-112.18908,33.6390283,-112.18908],[26,11]
hIFu8fkzzTvyKgS0c_t36g,33.3650631,-111.7495419,6,[33.3650631,-111.7495419,33.3650631,-111.7495419],[72,269]
xsRZe5bgmbByp3QbAj78VA,33.511905,-111.97585295,130,[33.50201,-112.020346,33.5218,-111.9313599],[265,11,28,17,29]
Onfb9hNIBfK90kobhxvlOA,33.2711537,-111.7898246,4,[33.2711537,-111.7898246,33.2711537,-111.7898246],[126,212,11]
KvJPs1Yvn4RAVVHWxeRx9w,33.54081765,-112.16431614999999,65,[33.444799,-112.2619703,33.6368363,-112.066662],[38,99,128,39,296,11,7,142,57,69,49,326,52,28,17,29,4,6,327]
hk-19MNlnZxC4T0KqLTsvw,33.5266038,-111.924627,7,[33.5266038,-111.924627,33.5266038,-111.924627],[27,11]
bxQ0ONnN-zG--CH5XX9nVw,33.732058,-111.8457878,6,[33.732058,-111.8457878,33.732058,-111.8457878],[33,38,117,39,11]
hp2anx4hTj_opww4MVYerw,33.306607,-111.998885,1,[33.306607,-111.998885,33.306607,-111.998885],[104,308,54,195,65]
H_bxM2xr04wESCOPfPd6ZA,33.4360415,-111.9956337,24,[33.4360415,-111.9956337,33.4360415,-111.9956337],[28,240,241]
eAOsF78HoOp4bcZAYVxtxg,33.59995505,-112.2813489,181,[33.5384434,-112.3796119,33.6614667,-112.1830859],[7,57,209,311,11]
GbNZI0RsSDOxreqm9SkZoQ,33.37745163271,-111.619774103165,1,[33.37745163271,-111.619774103165,33.37745163271,-111.619774103165],[74,27,11]
7TfLb1pOB3blVNGTBhpJrQ,33.4933743,-112.3579364,1,[33.4933743,-112.3579364,33.4933743,-112.3579364],[84,86]
Rr-2Juyqvl-_NY_-5p8Eng,33.2762703,-111.8753205,1,[33.2762703,-111.8753205,33.2762703,-111.8753205],[99,11]
vnSz2VT6s-gdRBjlFDACYg,33.480203,-111.9825532,1,[33.480203,-111.9825532,33.480203,-111.9825532],[26,11]
DwflRX_vh5BKFRVEG05E1g,33.405540099999996,-112.123843495485,123,[33.3022462,-112.34971999097,33.508834,-111.897967],[38,143,39,205,46,6]
58me_Jn3rs_ypWdPqgXq0g,33.448102,-111.962991,1,[33.448102,-111.962991,33.448102,-111.962991],[96,72]
ek4Knf0ZNVnqre9aO0HMGQ,33.463092,-112.34477,4,[33.463092,-112.34477,33.463092,-112.34477],[11,63]
0EVJRYAg9G1ZkGhP30jtsQ,33.51482465,-112.0720485,13,[33.362444,-112.232875,33.6672053,-111.911222],[6,270,26,11,14,15,191,429,32,38,145,57,205,39,40,7,108,17,62,16]
zuSmHtpHolTAQDNJMweY_A,33.3782241,-111.936102,1,[33.3782241,-111.936102,33.3782241,-111.936102],[177,11]
ZoPonYijsrC4E3aV-3qPaA,33.3967254,-112.0321735,1,[33.3967254,-112.0321735,33.3967254,-112.0321735],[136,17]
GgWlnDvTpxwyRXugqNkOfQ,33.5100097,-112.0152845,3,[33.5100097,-112.0152845,33.5100097,-112.0152845],[48,11]
wgyE92HRuM-Suxtwk2HONQ,33.516294200000004,-112.08147174999999,7,[33.3216034,-112.200326,33.710985,-111.9626175],[149,11,27,63,24,126,99,43,7,108,57]
lV4vv6sVXDHT03OW5YrMEA,33.62886785,-111.9531246,17,[33.583968,-111.9799772,33.6737677,-111.926272],[49,80,82,59,7,108,24,11,167,65,99,126]
8uheGcYSCDIUklELVv4Ycw,33.333678,-111.86433410000001,3,[33.2599449,-111.9389734,33.4074111,-111.7896948],[106,54,107,317,84,419,7,33,48,47,11]
_Rjh0T26n0kTvPTEUNRr_Q,33.516374642472,-112.21350075000001,14,[33.444801984944,-112.363237,33.5879473,-112.0637645],[38,99,39,128,185,11,212,65,133,169,168,33,182,27,24]
lyxhMJSEaCq7GiuT2LJ-lQ,33.429944899999995,-112.0056359,200,[33.349683,-112.0714186,33.5102068,-111.9398532],[28,17,29,99,44,11,38,205,39,128,57,327,46,6]
Y7KPDStL-Ntv5bf5oaUXEg,33.4471783,-112.0744503,13,[33.4471783,-112.0744503,33.4471783,-112.0744503],[57,145,38,39,48,11]
sELE9gPbLJKk3wuoOeowhA,33.3478272,-111.9102573,200,[33.3478272,-111.9102573,33.3478272,-111.9102573],[224,182,11]
chVqlYUxM7gSPID9md4i2g,33.637989,-112.2712148,4,[33.637989,-112.2712148,33.637989,-112.2712148],[224,11]
A3rVURmKXK41bJVkleOmKw,33.477407,-112.219346,3,[33.477407,-112.219346,33.477407,-112.219346],[210,11]
MFY9-gBAKrJYROJhHU1j1A,33.515223999652,-111.9684783,22,[33.362719,-112.0608177,33.667728999304,-111.8761389],[84,124,125,88,38,39,89,11,7,108,57,69,137,8,139,212,63,97,26,322,145,404,451,218,219]
eE-A13r3gAOIzaO91vTzsg,33.463092,-112.34477,1,[33.463092,-112.34477,33.463092,-112.34477],[11,63]
LH3e4CvIxgcKItEmdQFkNg,33.426351,-111.940137,169,[33.426351,-111.940137,33.426351,-111.940137],[1,427,384,507,426]
8xgBvjq3G-a4PXIrQxYXoQ,33.436293,-112.011827,34,[33.436293,-112.011827,33.436293,-112.011827],[99,11]
-8c6Yub0qiRyctRTnnN-JQ,33.45400255,-111.98965989999999,7,[33.3986293,-112.0742672,33.5093758,-111.9050526],[7,108,119,11,129,175,78,278,79,168,26]
d0srTA1w7RHtmYAtAjASYg,33.32041,-111.963831,10,[33.32041,-111.963831,33.32041,-111.963831],[33,44,11]
KN49AdoF_nA3KPevcNs3Cg,33.306359,-111.887397,1,[33.306359,-111.887397,33.306359,-111.887397],[41,11]
tWIuvutWAvl2odOzxrlSTg,33.5785036,-111.925938,2,[33.5785036,-111.925938,33.5785036,-111.925938],[64,65]
0bf_zvgBrEOnx7TLh8dxOQ,33.49112,-112.079081,173,[33.49112,-112.079081,33.49112,-112.079081],[26,11]
RR3t1m23pin_d8fUviuEdQ,33.380969,-111.70048,3,[33.380969,-111.70048,33.380969,-111.70048],[37,32]
-a8cJNSuvaG1kSW4YSO8pg,33.2475,-111.87918,92,[33.2475,-111.87918,33.2475,-111.87918],[48,11]
lyEs5x9hvzlaYeygYzBO7g,33.506081949999995,-111.98696484999999,14,[33.3947699,-112.0650359,33.617394,-111.9088938],[363,1,7,292,33,117,48,11,32,95,222,90]
eURDQ5lE3Csox2pix41Y7w,33.5666685,-111.98196,9,[33.449858,-112.0734116,33.683479,-111.8905084],[48,11,62,27,17,212,229,322,57]
ACeqiaLMN41QQ-RL7GiiBA,33.5520555,-112.01326499999999,3,[33.477178,-112.100731,33.626933,-111.925799],[119,48,24,11,212,26]
cuj7jh6-CU22gAXimXHHLg,33.31648,-111.968041,1,[33.31648,-111.968041,33.31648,-111.968041],[99,11]
-Bx-m1RskxgTeJmOgYVbug,33.6672997,-112.1695699,1,[33.6672997,-112.1695699,33.6672997,-112.1695699],[54,55]
G8pwDjGpxuYJmrTS-VJV1Q,33.493947,-111.922301,2,[33.493947,-111.922301,33.493947,-111.922301],[161,65]
0xtvFabzUi36GuBys6JHyw,33.4734005,-111.99068635,15,[33.449233,-112.065458,33.497568,-111.9159147],[27,11,119,99,109,38,48,39,98,7,206]
a_raVbErFAEx848zV-pgkQ,33.561016300000006,-111.96900865,96,[33.4915779,-112.029503,33.6304547,-111.9085143],[49,312,57,504,91,38,99,39,40,48,11,265,84,345,6,346,119,126,97,7,142,36,69,27,33,137,8,139]
SNBJb9xiaRJ0ohHhugwn_g,33.45412305000001,-111.90434955,200,[33.405652,-111.9334531,33.5025941,-111.875246],[251,126,11,149,46,6,188,23]
IHgoy9QtSr2kJUhmz21sxg,33.50225035,-111.97626005000001,5,[33.4942939,-112.0272041,33.5102068,-111.925316],[109,38,48,39,11,26,63]
upf205pCDjBS4ONj6uOUlQ,33.3379567,-111.93592344999999,5,[33.3056593,-111.9741847,33.3702541,-111.8976622],[265,11,7,47,48,27]
5sLs1tZJKQSZMpfdh__H1A,33.375351,-111.80858,3,[33.375351,-111.80858,33.375351,-111.80858],[54,324,317]
VlPalcT0hoEWwdUlEfKHwQ,33.56618725,-111.94996825,6,[33.4922985,-112.004291,33.640076,-111.8956455],[48,11,224,126,97,26,210,43]
EQl85CM6iJ7yG0q4GWMIog,33.403689,-111.981986,4,[33.403689,-111.981986,33.403689,-111.981986],[7,292]
pv8cZW0MLnMMx536us7H4g,33.421901399999996,-111.9331579,7,[33.304705,-112.004102,33.5390978,-111.8622138],[27,11,7,10,9,26,265,24]
H3iEDX5tJCC9qSR0wVpdYA,33.5754755,-112.0651592,5,[33.5754755,-112.0651592,33.5754755,-112.0651592],[119,11]
mkJzYKrkhkduxMOQW1Qs8g,33.5474006048764,-111.991529865069,3,[33.449233,-112.0659413,33.6455682097528,-111.917118430138],[38,39,27,11,28,158,17,29]
s0JvVpNcu1KacfWXboVuvw,33.4060544015235,-111.8757098,7,[33.3775942,-111.911549,33.434514603047,-111.8398706],[126,97,11,119,99,120]
ycOASFrz8JbFBc-5JBG2Pw,33.732153,-111.8537306,63,[33.732153,-111.8537306,33.732153,-111.8537306],[28,17,29]
9Ri2GGLjS0DPmQ82dAvbeA,33.51102465,-111.9827161,7,[33.3986293,-112.0735262,33.62342,-111.891906],[24,11,99,221,38,39,40,168,26]
HxMkDhc-nyZbt9KZHMZF9Q,33.48247245,-111.9678395,30,[33.33985,-112.075677,33.6250949,-111.860002],[49,80,82,59,119,11,98,7,24,313,202,72,281,47,48,247,64,65,26,142,108,292,63,373,196,43,4,13,6,115,160,133,54,55,122,256,105]
rOwGCh6FpsX_8LeD-WjWKA,33.5981407,-111.9790935,1,[33.5981407,-111.9790935,33.5981407,-111.9790935],[71,72]
0Dngp-JFYvvXD4cy6plvbA,33.4666536,-112.01813704255349,21,[33.4261603,-112.1091081,33.5071469,-111.927165985107],[39,38,126,97,11,26,57,145,40,48,6,186,27,101,88,7,8,119,260,182,172,63,120]
Ha2nti0HJG4zwz25c4S6Xg,33.58687985,-111.953303199202,8,[33.4951447,-112.0118398,33.678615,-111.894766598404],[7,142,43,11,126,97,57,69,48,63,26]
_FF9KTe3TfLgTdHZNASxYw,33.38545125,-111.925297,5,[33.306529,-111.977793,33.4643735,-111.872801],[352,109,38,39,11,149,88,99]
5qHu6jYL0cdtbOa3KrkjMQ,33.5039109,-111.97730455,6,[33.497615,-112.0272041,33.5102068,-111.927405],[145,38,57,39,40,265,11]
GI7QmqUVWONkwzl9jfZruw,33.45282125,-112.07007245,55,[33.4423345,-112.074519,33.463308,-112.0656259],[88,38,39,89,11,40,109,48]
OhBJc7XNr6sGYjE5VQnXOw,33.50292345,-112.0896277,6,[33.4315119,-112.12561,33.574335,-112.0536454],[41,11,43,430,26,251]
MbqbQqrVCTfHxsWbncWy2A,33.5835237,-112.0134134,7,[33.5835237,-112.0134134,33.5835237,-112.0134134],[140,192,11]
dnfdifcm5krZlJWlZtdu7g,33.549712650000004,-112.1756486,20,[33.449233,-112.425566,33.6501923,-111.9257312],[7,108,98,24,11,126,97,48,27,8,38,128,39,142,63]
8_G-YC3RDQbNr5Xmkct8Xw,33.4211681,-111.942514,1,[33.4211681,-111.942514,33.4211681,-111.942514],[421,65]
q6MZrXnnsef2qloDjsFudw,33.386417,-112.073079,1,[33.386417,-112.073079,33.386417,-112.073079],[99,11]
E2o5O3j32jIpRLraJl2g_g,33.452293600000004,-111.88852305,4,[33.304861,-111.9872563,33.5997262,-111.7897898],[126,97,11,224,7,108,48]
om8_0x2EprkynYwXwoKMzQ,33.460914,-111.98093940000001,59,[33.3386028,-112.5161858,33.5832252,-111.445693],[49,178,265,185,11]
aIjx92U6ig4pQtHqPIHGsg,33.5095354,-112.0275918,1,[33.5095354,-112.0275918,33.5095354,-112.0275918],[33,11]
JZV-hoZz5qJCqjcgX1RcPw,33.356187,-111.842606,1,[33.356187,-111.842606,33.356187,-111.842606],[32,203]
Qa8Ji6lJA2gM4wcUUO3vcQ,33.317906,-111.964138,2,[33.317906,-111.964138,33.317906,-111.964138],[33,11]
cvMC0ZsZo2TmS5DvKwT3nA,33.48865683523885,-112.050061557823,200,[33.3354566,-112.223786115646,33.6418570704777,-111.876337],[7,292,108,162,43,11,309,119,285]
hO1ZjxN8f1jsw1YJFAGwcQ,33.4492269,-112.0951787,2,[33.4492269,-112.0951787,33.4492269,-112.0951787],[102,103]
XNxDRpKnbJKLFP8EKgF9mQ,33.5038769,-111.86623829999999,10,[33.3782275,-111.9297442,33.6295263,-111.8027324],[13,6,115,33,11,57,69,63,27,17,99,62,153,7,108,72,345,35,282,264]
xdaRYQvc8W4QXk4TZklJfw,33.501742,-112.09869485,2,[33.480501,-112.186792,33.522983,-112.0105977],[129,278,79,96,72]
bkv0EMVYiwWf6ULKbEdqRw,33.541455,-112.14513855,21,[33.459613,-112.358184,33.623297,-111.9320931],[39,26,127,11,38,27,177,99,63,265]
uldnQm-zqA7C5sOKjGDLqA,33.344357,-111.842811,3,[33.344357,-111.842811,33.344357,-111.842811],[32,95,222]
LoYy8ruCxPZZPF78_Bu2eQ,33.4257544108394,-111.853968516224,40,[33.2341019292333,-111.964485,33.6174068924455,-111.743452032448],[39,439,38,99,128,296,11,48,120,7,40,63,27,26,43,138,8,139,119,155,54,6,156,224,185,221,55,122,265,168,298,88]
CSYsxP80N_cmMhN84Hamug,33.5320588,-112.1230501,66,[33.425711,-112.3625742,33.6384066,-111.883526],[7,142,108,292,99,48,11,39,26,127,57,306,98,10,9,63,38,128,33,224,194,84,124,213,62,17,69,27,181,168,126,97,24,192,145]
UlF9QddRCygQrmmXuwIFjg,33.5020036165904,-111.928035020828,42,[33.5020036165904,-111.928035020828,33.5020036165904,-111.928035020828],[168,99,11]
dvKnVFINyHhScukBaWVPzA,33.4452469,-111.97464790000001,4,[33.3848019,-112.040429,33.5056919,-111.9088668],[84,124,54,238,97,11]
xFvZ3QVl-daf6leGBY7GDg,33.61928665,-112.1258485,200,[33.3013903,-112.778692,33.937183,-111.473005],[33,26,11,62,17,48,27,99,28,29,65,161]
gb2JIM7M2mj7thEjdbfksA,33.47061155,-112.0320994772095,8,[33.4315119,-112.1371188,33.5097112,-111.927080154419],[99,11,26,309,285,251,334,181]
qIBYQIYycmzyn34SxGMqcQ,33.362587149999996,-111.9362275,4,[33.299014,-111.939838,33.4261603,-111.932617],[39,38,126,97,11,129,277,278,79]
blZ6EdMrvm9wJuT3__TLWQ,33.4938219,-111.9259965,9,[33.4938219,-111.9259965,33.4938219,-111.9259965],[7,142]
HaDXmw1R9-MiqAdQQQfROw,33.6107405,-112.1310941,1,[33.6107405,-112.1310941,33.6107405,-112.1310941],[64,123,65]
reiH9iY_GnBSCxYXc8q0vg,33.4732683,-112.0649453,1,[33.4732683,-112.0649453,33.4732683,-112.0649453],[7,33,142,24,11]
cQQUDJCA-i9OC2ieXKX8mg,33.456894,-111.92965050000001,6,[33.421453,-111.950563,33.492335,-111.908738],[224,11,38,99,39,40,119,26]
kRFgUqqsRRUJAmKk3Nswjg,33.2664769,-111.9918702,3,[33.2664769,-111.9918702,33.2664769,-111.9918702],[48,11]
BWSjbAsxw3XxccfNEYeJdw,33.336307,-111.8763371,1,[33.336307,-111.8763371,33.336307,-111.8763371],[64,65]
LesSf56iJBX6Ugt5VDbizw,33.5094352,-112.0464076,1,[33.5094352,-112.0464076,33.5094352,-112.0464076],[10,24,11]
6QJ9eS4urNatNyL5sAw-Lg,33.5015167,-112.0822622,1,[33.5015167,-112.0822622,33.5015167,-112.0822622],[6,35,70,76]
4YJRvI__DA8mUHC1ItoBPw,33.4772147,-112.0736348,35,[33.4772147,-112.0736348,33.4772147,-112.0736348],[265,11]
K369PlJr1t-P0JR7znShZg,33.3439601,-111.962545,3,[33.3439601,-111.962545,33.3439601,-111.962545],[84,262]
E7E2hHRClbixWzYJ-wuKcg,33.443008750000004,-111.94919745,19,[33.31898,-111.97993,33.5670375,-111.9184649],[33,44,11,63,26,127,28,158,17,29]
EGkMzsfn5BoZdPdkFirbmw,33.500545,-111.9264093,62,[33.500545,-111.9264093,33.500545,-111.9264093],[65,133]
QQZQKs19pL8PqZv94pztxw,33.639747,-112.047055,2,[33.639747,-112.047055,33.639747,-112.047055],[120,26,127,11]
KuArWzyJBuK3opwu38KvBw,33.380928999999995,-111.826274516224,8,[33.28024,-111.909097,33.481618,-111.743452032448],[185,11,49,80,59,63]
aj_VbxKC0WnN9mBR1JX8Lw,33.4936893,-111.9306348,1,[33.4936893,-111.9306348,33.4936893,-111.9306348],[7,194]
wIlj-RC7x8wra4BCMWI0WA,33.46801085,-112.07042775,53,[33.300506,-112.2400695,33.6355157,-111.900786],[24,11,26,48,99]
PbB3AkY8cZbaAfoZaZB10w,33.5530902,-112.1363998,5,[33.5530902,-112.1363998,33.5530902,-112.1363998],[99,11]
xVYsCHZB3CKkyUeK5B0N1w,33.3934682,-111.77962755,3,[33.378463,-111.804455,33.4084734,-111.7548001],[71,72,26,11]
K9VvtKQWrU8GJMBPF6jUeg,33.35361620405795,-112.01672576758,11,[33.2125748081159,-112.358184,33.4946576,-111.67526753516],[38,26,39,11,85,6,63,10,24]
YFczgSeJ2J-kJ287AIUOWQ,33.4359028,-111.7190196,2,[33.4359028,-111.7190196,33.4359028,-111.7190196],[78,79]
Lyg-0HILobCBdwE4bcFs5g,33.60061465,-111.93391704999999,8,[33.5025941,-111.978579,33.6986352,-111.8892551],[7,108,6,204,65,142,17,62,126,11,49,193,59]
gjWZpn73ZWOPL52Yns1pFw,33.3046733,-111.97991135,5,[33.3037399,-111.9810651,33.3056067,-111.9787576],[109,38,11,39,63,27]
0RrgEy-Yk1kWvAXEbOG5Nw,33.4743309,-111.935361826143,200,[33.4402837,-111.9477654,33.5083781,-111.922958252286],[168,99,11,46,6,102,103,57,470,145,39,161,28,65,17,29,141,345,12,13,49,52,30,119,38,48,353,26]
Vf_hLf2nZXLU03rZLRb58g,33.64076,-112.023792,2,[33.64076,-112.023792,33.64076,-112.023792],[49,80,82,59]
zkE7IbkliBoopOdNcgdXaA,33.45415415,-112.08217735,2,[33.4492414,-112.0915007,33.4590669,-112.072854],[38,39,40,101,88]
mwx5f-ZtRAG_fWrBiahC3A,33.3774958,-112.1705068,1,[33.3774958,-112.1705068,33.3774958,-112.1705068],[49,80,82,59]
44o1P-YxDB-1vpd1SLf9aQ,33.52530755,-111.93154749783349,200,[33.425824,-111.938976,33.6247911,-111.924118995667],[119,99,11,63,28,17,29]
2CI_HxYSKKSB4CuRpMGKTg,33.6241241,-111.9307637,12,[33.6241241,-111.9307637,33.6241241,-111.9307637],[168,265,11]
vZKWSh8K3MoFZ9Z9hcaAJw,33.427634,-111.899966,4,[33.427634,-111.899966,33.427634,-111.899966],[63,27,11]
R2KgDrHRLRfyBARskKAY9w,33.448717,-112.059954,99,[33.448717,-112.059954,33.448717,-112.059954],[26,11]
UK9U_bkSzUj8p-2FVtvmtQ,33.422853700000005,-111.94241035,8,[33.421657,-111.944749,33.4240504,-111.9400717],[88,109,38,39,26,11]
DGPkybHfo1devj2ocqXEUQ,33.5054706,-112.0370088,2,[33.5054706,-112.0370088,33.5054706,-112.0370088],[38,11,99,128,39]
ppUPCCj5WGh9c4kG3Nf1ng,33.425077,-111.98091,153,[33.425077,-111.98091,33.425077,-111.98091],[28,17,29]
2H0A4Gxhvs7gTvg0kCgvJQ,33.6322642,-112.2375029,1,[33.6322642,-112.2375029,33.6322642,-112.2375029],[265,11]
IRdo5yFpHIsoq67TPbhGeQ,33.678615,-111.9746066,1,[33.678615,-111.9746066,33.678615,-111.9746066],[99,11]
GAbtBZeYtCJLNqVXRJcYkg,33.45762165,-112.02565615,49,[33.3045866,-112.1506612,33.6106567,-111.9006511],[7,142,99,11]
p8dSifN8MWzbygrSqoqOyA,33.529118350000005,-111.986407326976,35,[33.4219147,-112.0737503,33.636322,-111.899064353952],[26,11,109,38,48,39,53,54,55,122,119,24,265,212,126,293,352,44,101,128,63,168,210,224,27,440,260]
miNCSxncLEbwJb0GVKq6ow,33.4227105541353,-111.9398337447295,200,[33.4214126082706,-111.942980289459,33.4240085,-111.9366872],[33,11,7,108,38,99,39]
DJtAXYV4ObaxcDWAtvCfUQ,33.3051122,-111.99506,191,[33.3051122,-111.99506,33.3051122,-111.99506],[49,193,59]
U7YFvv_FItCU3G7mEq6skw,33.504546000000005,-112.04178300000001,54,[33.4382789,-112.0657374,33.5708131,-112.0178286],[48,27,11,26]
WqaaMPZFEZQEPeQmJ9dRMg,33.5802421,-111.9258314,2,[33.5802421,-111.9258314,33.5802421,-111.9258314],[48,206,11]
TI4UvfDnxxzz5NiI16ac7Q,33.6427992,-112.1158817,9,[33.6427992,-112.1158817,33.6427992,-112.1158817],[28,17,29]
KRWIuM-iHcPSZBHeW6N2dA,33.5014735919008,-111.943487272438,6,[33.4217931838016,-111.959706544876,33.581154,-111.927268],[185,11,84,345,6,346]
dytEzCAoJl4LAMWFQIYPpA,33.53390385,-111.93349319999999,8,[33.500545,-111.96828,33.5672627,-111.8987064],[119,11,365,137,139,7,307,48,39,38,26,127,99,109]
kM0WUuT1seshuVF0dsDzbQ,33.4939313,-111.9256266,1,[33.4939313,-111.9256266,33.4939313,-111.9256266],[185,11]
oW4rrYNAiJC823X-vjd9ww,33.4572819,-111.92226704999999,3,[33.4222653,-111.9245517,33.4922985,-111.9199824],[210,11,7,98,10,9]
uY_ab3pHExugQ2PU65D-Kw,33.465357,-112.35646,18,[33.465357,-112.35646,33.465357,-112.35646],[218,11]
IQTk7FS2EF657T8wJqr-sw,33.64907585,-111.9820608,16,[33.4772147,-112.0736348,33.820937,-111.8904868],[38,48,39,11,33,44,149,126,109,99,40,185,265]
naGkDQXA0fxaCJhZf7hS-Q,33.6302528,-112.3401876,3,[33.6302528,-112.3401876,33.6302528,-112.3401876],[337,431,32]
u65Wk1-FJtFsLvibX9mdDQ,33.491645,-112.073196,1,[33.491645,-112.073196,33.491645,-112.073196],[38,140,39,40,48,11]
-6VXEHyZ9s0JFMQnVwbsPA,33.5839581,-111.9788671,35,[33.5839581,-111.9788671,33.5839581,-111.9788671],[11,63]
Cc4k7m1_CWeAz5JWSkoVpw,33.49997505,-111.91302970000001,3,[33.477178,-111.9259092,33.5227721,-111.9001502],[10,63,24,11,119,48,251]
F8Jw7_ESOo6PzL84izU2ig,33.354467,-111.698057,1,[33.354467,-111.698057,33.354467,-111.698057],[374,32,95,318]
KdeUy-TKeRNznRtQ8e2YPQ,33.525936650000006,-112.0112687,10,[33.4354553,-112.0962274,33.616418,-111.92631],[251,11,44,26,104,161,195,65,430,43,265,126,97,309,285]
u0WonCIA6LzosBzMhxjgDw,33.46469,-112.2797718,2,[33.46469,-112.2797718,33.46469,-112.2797718],[26,11]
kMBqEL9xvOVH6nSHzC7GPA,33.6387989,-112.3582339,5,[33.6387989,-112.3582339,33.6387989,-112.3582339],[7,142]
ToK9rJVnX4ZG0hYU7n6zlw,33.407407,-111.9392616,3,[33.407407,-111.9392616,33.407407,-111.9392616],[38,99,39,11]
GpBKdOw0Dhm7ElOKXYv7_A,33.52007005,-111.9735058,4,[33.5094352,-112.0464076,33.5307049,-111.900604],[10,24,11,63,6,57,25,56]
Acl3hg7RPM6tj4zkPvdz1Q,33.439648,-112.026154,2,[33.439648,-112.026154,33.439648,-112.026154],[28,240,241]
jNTv_ICjmvE5xpid3yga3w,33.3700502,-111.92157745,44,[33.3053504,-112.0561119,33.43475,-111.787043],[97,43,11,26,28,170,38,128,39]
CT6vRjzN0rqpJ4WiUiwx3g,33.6119344,-111.9271523,1,[33.6119344,-111.9271523,33.6119344,-111.9271523],[117,11]
8oSl79A8feoXYZqUF_7LGw,33.6481072,-111.92739895,134,[33.64053,-111.9300279,33.6556844,-111.92477],[126,11,26]
I2bfdV-az_iB681P8qTHtw,33.370873293415,-111.923505505838,8,[33.3637683,-111.936617211676,33.37797828683,-111.9103938],[181,11,33]
DrWxZXXZSZoL2kx9cSDMjg,33.5386441,-112.0986063,16,[33.5386441,-112.0986063,33.5386441,-112.0986063],[26,11]
cGB8QwXbA87QndyeqotxrA,33.756671499999996,-111.85000550000001,11,[33.697603,-111.915851,33.81574,-111.78416],[49,52,66,99,11]
66VpA-xzwrPNuD8R8zs0Og,33.545702649999996,-112.0140164,8,[33.5081693,-112.0477108,33.583236,-111.980322],[48,11,294,106,54,104,65,202,72,281]
br1XWZFp5pe7rvvduZwqjg,33.42197645,-112.16176625820299,20,[33.3490097,-112.359924316406,33.4949432,-111.9636082],[7,162,168,99,11,63,27,64,65,24]
hsnowHlwBBGBiKqQCAHbiw,33.4492414,-112.072854,2,[33.4492414,-112.072854,33.4492414,-112.072854],[38,39,40]
b92Y3tyWTQQZ5FLifex62Q,33.462013421322,-111.9701251,18,[33.421617342644,-111.9955012,33.5024095,-111.944749],[224,11,63,27,7,8,119]
NXR9Zlf0R0O0Xn1D30YlGQ,33.606795000000005,-111.863713,3,[33.59017,-111.891906,33.62342,-111.83552],[44,27,11,24]
ahAu3PgNW2rOq9iMD3pZew,33.47729845,-112.07693195,3,[33.4571599,-112.083886,33.497437,-112.0699779],[38,48,39,11,27,7,108]
VJAcgA7zTolWhp1OuSKR3w,33.468735550000005,-112.03744405,4,[33.4423345,-112.0736563,33.4951366,-112.0012318],[11,63,48,38,39,40]
D009EOch4tvc3hTEnfmzFw,33.42135,-111.924806,1,[33.42135,-111.924806,33.42135,-111.924806],[84,124,125]
wKJkk9sdP1xuwwd0Okha_w,33.56481705,-111.9862639,10,[33.4941099,-112.0471893,33.6355242,-111.9253385],[60,6,30,13,149,126,11,12,401]
CVBaYz1K1XtpwPrRGSlEsQ,33.34225495,-111.83054095,3,[33.2333299,-111.8580919,33.45118,-111.80299],[7,142,33,11]
rBCacnZ1ILOxcswgCOiO3w,33.5105146,-111.93693114999999,4,[33.421303,-111.9872563,33.5997262,-111.886606],[126,11,97,373,34,6,32,35]
ctZ2rmNfCEUXSmwS90wrYg,33.42241129145495,-111.969631941968,3,[33.3346157829099,-112.0272041,33.5102068,-111.912059783936],[48,11,352]
rz9clJi_pIj_JxI_wG0wNg,33.48188583854285,-111.996549,19,[33.4218047,-112.073781,33.5419669770857,-111.919317],[119,38,99,39,11,212,202,72,63,27,24,48,163,12,13,6,22,7,108,33,26,182,307,172,43,98,206]
AFo7Qm-C4qspc5uDUUKkdQ,33.425711,-111.94047,19,[33.425711,-111.94047,33.425711,-111.94047],[7,108]
9VF522wucngr7m9wzXa5nw,33.43046955,-111.92057305,25,[33.304861,-111.9819,33.5560781,-111.8592461],[38,39,40,26,11,251,127,43,168,48,128,99,185,7,47,218,41,474,224]
ez3AXTDwueKEwwx3-8qJDw,33.45320005,-111.8772406,61,[33.2817211,-112.0745395,33.624679,-111.6799417],[7,108,98,10,9,11,6,45,48,24,8,26,265,99,27,400,63,84,124,125,129,332,79,175,121,15,191,139,36,126,97,114,13,292,96,72,57,69,92,35,76,38,39]
ZzqJuInG9XvzF0EZHtu8bQ,33.56290095,-112.02076650000001,7,[33.507425,-112.0645143,33.6183769,-111.9770187],[211,32,11,63,26,177,140]
Njlz1LHZGeN0m1i_VyEwSQ,33.510026,-112.024174,113,[33.510026,-112.024174,33.510026,-112.024174],[48,11]
q1Slo9SKAlM2FKVPvKNyeQ,33.5160662,-112.029562,1,[33.5160662,-112.029562,33.5160662,-112.029562],[161,28,65,17,29]
r63D6SDvVnl61L5ASo1Csg,33.5966507,-111.82897005000001,6,[33.5823384,-111.977799,33.610963,-111.6801411],[7,11,63,27,43,109,38,48,39,26]
UNQGvkrHusGUATTejTeAvQ,33.4336774955193,-112.001445002113,22,[33.4336774955193,-112.001445002113,33.4336774955193,-112.001445002113],[98,7,206,11]
H6F14bmjDRibx8yi3s-1FA,33.645908500000004,-112.32274045,4,[33.6385838,-112.3554635,33.6532332,-112.2900174],[11,7,139,416]
hvpt7Qyn9hj4Y98-t6plsw,33.39598035,-111.83524059999999,4,[33.3086797,-111.926895,33.483281,-111.7435862],[63,27,11]
hqJuL8kEWfKf_MmLBWfY5g,33.5709933,-111.97067985,3,[33.4431437,-112.101312,33.6988429,-111.8400477],[7,36,138,139,140,11,159,32]
z0lYOQ-MpCirgOdnjswZ7Q,33.634043,-111.6520167,1,[33.634043,-111.6520167,33.634043,-111.6520167],[17,18,39]
qnJqf5yBJQRxO8PIbp68Rg,33.38231315,-111.8416282,3,[33.375351,-111.8746764,33.3892753,-111.80858],[54,324,317,106,280]
8R_D8gXoLU2AjEs0dOxXow,33.5018673,-112.03291665,5,[33.494459,-112.0718179,33.5092756,-111.9940154],[48,11,38,99,88,39,40,177,140,63]
B84_jVH5SYE9NZn25IjbdQ,33.610648600000005,-112.00865705,24,[33.5812009,-112.0914962,33.6400963,-111.9258179],[38,11,128,39,7,36,8,4,5,6,84,124,108,119,109,49,57,327,330,63,230,80,231,59]
ENm9toO_hoH0Euj64err2w,33.5019519,-111.9514403,2,[33.5019519,-111.9514403,33.5019519,-111.9514403],[265,11]
d6lnZz7UemQVM8R6ht5OFQ,33.503985549999996,-111.98901900000001,8,[33.379643,-112.0999,33.6283281,-111.878138],[126,97,307,11,26,251,210,177,140]
LFhsyJqH8UPJVEhzYV83jA,33.4925020001075,-111.924118995667,104,[33.4925020001075,-111.924118995667,33.4925020001075,-111.924118995667],[119,99,11]
ZciI0j4ZqwMP79Pqb6IMEQ,33.4462721,-112.0893682,14,[33.4462721,-112.0893682,33.4462721,-112.0893682],[49,51]
pTK0uF2_w0Iy2KfZMc9hPQ,33.6235377,-111.925553,2,[33.6235377,-111.925553,33.6235377,-111.925553],[7,108]
zw7zabEyNpfdEwa9tT_ZYw,33.3811586,-111.82702755,18,[33.31081,-111.9617894,33.4515072,-111.6922657],[33,11,44,185,127,177,140,322,57,340,201,63]
P_CVOUXLvFfkC6N_HeskOA,33.54994135,-111.98455495,3,[33.4726589,-112.0734644,33.6272238,-111.8956455],[224,126,97,11,322,57]
wtQ7R_TtqRYuXRbyf4tCfw,33.477178,-111.925799,1,[33.477178,-111.925799,33.477178,-111.925799],[119,48,24,11]
Shrx_7HCsJRav2hqU5U0gw,33.5062577,-112.0388617,1,[33.5062577,-112.0388617,33.5062577,-112.0388617],[177,140,11]
laA6wsTDW-e67MeD3SNCdw,33.582113,-112.181577,1,[33.582113,-112.181577,33.582113,-112.181577],[202,72,281,269]
UrXaAg4_TBlROnpk7iNzuw,33.639403,-112.180066,4,[33.639403,-112.180066,33.639403,-112.180066],[338,382,206,11]
DrLDcvbZxBUZWLhz1b0_hA,33.46081395,-111.96427714999999,3,[33.426351,-111.9884173,33.4952769,-111.940137],[182,48,140,11,38,99,39]
65eWghLFu7RluQRNe0DXAw,33.375057,-111.687177,1,[33.375057,-111.687177,33.375057,-111.687177],[48,11]
iOzMzaRBL3lnBc9Pn74RyA,33.35686905,-111.8688104,4,[33.3350531,-111.9445728,33.378685,-111.793048],[7,9,27,11]
KEeUEjaYa8M5MvDYRcfTrw,33.530933486428054,-111.90356675,14,[33.479625,-111.926638,33.5822419728561,-111.8804955],[33,44,11,7,162,142,38,265,39,157,103,137,8,139,98,10,9,108]
5GzJqqhJ7XMKIDwldGUtrg,33.5499515,-112.10711535,9,[33.5386441,-112.1156244,33.5612589,-112.0986063],[26,11,48,185]
1pP0PR_g9sXEvwhtkpSfqg,33.677854,-111.978579,1,[33.677854,-111.978579,33.677854,-111.978579],[7,108,201,119,11]
ecKkmBIZ7QcqfTd4o2Zdvg,33.6397913,-112.2245556,1,[33.6397913,-112.2245556,33.6397913,-112.2245556],[6,21]
02GMDKso6dqshbBGe2iCzg,33.421617342644,-111.9466751753,1,[33.421617342644,-111.9466751753,33.421617342644,-111.9466751753],[63,27,11]
RLHONx-99q8W_2U3Bnodmg,33.633411,-112.427972,1,[33.633411,-112.427972,33.633411,-112.427972],[1,263]
wHJOaznFDWzoAwQskGgAJg,33.5094663,-112.2031379,7,[33.4805123,-112.2223461,33.5384203,-112.1839297],[11,27,63]
HsKPpfcATrQ5Bb0ab9VQNg,33.5834449,-111.9770187,200,[33.5834449,-111.9770187,33.5834449,-111.9770187],[177,140,11]
9iMpqkp1S1F_MbcA8LkR5w,33.3057133,-111.901824,2,[33.3057133,-111.901824,33.3057133,-111.901824],[173,6,112]
ZxturuGk-mcM91Jj6VS_0A,33.5689961,-112.00466945,9,[33.3057949,-112.113011,33.8321973,-111.8963279],[7,292,119,11,38,99,39,48,182,140,185,26,109,33,142,24]
VA8i_V7GfRGOWz8DfZ9IGw,33.3494314853698,-111.757328510284,1,[33.3494314853698,-111.757328510284,33.3494314853698,-111.757328510284],[97,11]
eNADBi_K1Gr0HQZG8QWJNA,33.385525,-111.698011,1,[33.385525,-111.698011,33.385525,-111.698011],[72,297]
2BY14URkHRjhjt1Y7NSK9Q,33.5698411,-112.116569,9,[33.4772147,-112.18689,33.6624675,-112.046248],[7,162,108,17,62,48,11,265]
iC_P_RvZqXHDEr1moLyM1w,33.39549414230605,-111.93766174999999,68,[33.2795972846121,-112.0922495,33.511391,-111.783074],[49,80,82,59,212,361,11,7,8,14,15,6,191,71,72,73,407,106,54,33,93,3,45,130,32,57,69,110,297,97,177,140,26,28,170,35,208,264,96,119,24]
GpAp2f53RBVDbwRvIU8NBg,33.55131085,-112.0705494,13,[33.4329724,-112.236796,33.6696493,-111.9043028],[7,108,126,97,11,63]
nNq1IcsIChdUz96PdFpDDw,33.55278845,-112.22447399999999,4,[33.5521559,-112.257911,33.553421,-112.191037],[27,11,7,8]
D9JzZ-fMrundw2EnaAcjng,33.408351428829306,-111.816567004883,3,[33.3950458576586,-111.944749,33.421657,-111.688385009766],[64,65,224,11]
shkzY0VnbnCjFH51s0W-sw,33.60949025,-111.99703804999999,17,[33.5403655,-112.120286,33.678615,-111.8737901],[78,79,212,361,11,119,10,24,33,44,120,224,126,97,38,99,57,91,39,128]
02adxBzRiT2U5k8FUzMbJw,33.384163,-111.803119,6,[33.384163,-111.803119,33.384163,-111.803119],[212,126,97,11]
i-CJBNCO0A_i2jzYkP3uCg,33.50201,-111.9313599,13,[33.50201,-111.9313599,33.50201,-111.9313599],[265,11]
U6Dq6Y9nJ8DapmknW8OeAQ,33.50066225,-111.9618796,25,[33.498915,-111.9955012,33.5024095,-111.928258],[7,8,119,11,63]
5psEjVKfM6AOHXIcc-WLOQ,33.4990986,-111.9259123,14,[33.4990986,-111.9259123,33.4990986,-111.9259123],[38,265,39,11]
jLBZU_MxPxMKdfy_m1nW-A,33.4151843,-111.8314724,1,[33.4151843,-111.8314724,33.4151843,-111.8314724],[32,95,222]
siS-k56QvYx3QlUkiTFLcw,33.4803718,-112.0727251,88,[33.4803718,-112.0727251,33.4803718,-112.0727251],[28,17,29]
hta2zDXeERawwcZG_o9ojg,33.52389875,-111.9981861,105,[33.420571,-112.100731,33.6272265,-111.8956412],[38,168,298,88,39,11,212,26,7,47,48]
NeECANy-fRBpkYXBhcEoxQ,33.50961945,-112.08375285,14,[33.451715,-112.1371078,33.5675239,-112.0303979],[84,339,26,11,364,6,32,35,314,7,187,10,139,182,48,140,38,39]
1z5g776arNE0zf9Z_YAdvQ,33.4543420707369,-111.8920333215425,29,[33.2333299,-112.0403946,33.6753542414738,-111.743672043085],[109,38,48,39,11,7,33,47,189,10,24,108,168,99,182,140,12,114,13,6,142,292,63,27,210,119,22,35,265]
ZySD-z6C97Q0kc-_PeN0Vw,33.50169185,-111.95728645,4,[33.4327837,-112.0124729,33.5706,-111.9021],[38,48,99,39,11,168,7,109,36,119]
iEbb7ZkEY8oskNPPhARaZQ,33.41078924745085,-111.8729799985885,15,[33.348763010086,-112.056201696396,33.4728154848157,-111.689758300781],[119,62,24,17,11,7,9,38,48,39,210,224,168,126,97]
rNQYPSLO1rIAV3HWAKdwVw,33.581236700000005,-112.21638949999999,3,[33.5811244,-112.230375,33.581349,-112.202404],[7,8,30,13,6,110]
3nZmdlyJ-11H1ImZ_HKbmw,33.4592643,-111.9744922,5,[33.3188024,-112.0740194,33.5997262,-111.874965],[126,11,224,182,48,140,7,137,8,139]
YwdwK2SJcwOX3Jx7TDkhZw,33.4207679,-111.9334531,2,[33.4207679,-111.9334531,33.4207679,-111.9334531],[188,23]
3wRcrJGvMTjVl9-LuOyaNQ,33.60780605701305,-112.0996021558185,2,[33.5612589,-112.1156244,33.6543532140261,-112.083579911637],[48,185,11,177,140]
EdTOfyShPKmil_A-IWdTPQ,33.52609445,-111.98685855,21,[33.3785219,-112.084462,33.673667,-111.8892551],[27,11,219,218,7,189,10,24,126,352,48,12,114,13,6,119,377,35,76,70,17,62]
6NXQQUBGpbqagR-Yg_cwKA,33.5207157174182,-112.143814595395,5,[33.508282,-112.26042509079,33.5331494348364,-112.0272041],[7,142,41,11]
6JeA6LEcUl1mREyynYrpOw,33.51947775,-112.04686085,18,[33.49112,-112.079081,33.5478355,-112.0146407],[33,38,39,11,28,17,29]
w1xiu0diVkPEyTH0ebmN6Q,33.45998875,-111.93338804999999,4,[33.423546,-111.937394,33.4964315,-111.9293821],[48,11,104,161,195,65]
SGPf4XJFAcYvCcxx9o7StQ,33.46659,-112.05539005,3,[33.392833,-112.168385,33.540347,-111.9423951],[6,358,257,72,268,32,269]
2Fvd7ncQ08x3f3JNfNXIcw,33.3358872,-111.8590672,5,[33.3358872,-111.8590672,33.3358872,-111.8590672],[88,38,99,39,11]
f01B5tRtqf3k6ak1pPSAWw,33.4906602,-111.91935910000001,104,[33.3034664,-112.0830443,33.677854,-111.7556739],[48,11,63,27,7,142,108,201,119,292,140,38,181,39,40,109,24,99,36,8,26,49,128,341,307,172,313,137,139,206,309,285,13,6,61,35,70,76,33,224,145,186,57,117,214,112,210,98,182,126,127,193,65,194,59,195,225,250,246,17,423,10,192,12,114,168,229,64,104,133,97,88,89,251]
jZNVpITYEBwQlRHMJ6ln4A,33.39365705,-111.9145285,6,[33.3637662,-111.936853,33.4235479,-111.892204],[185,11,177,192,211,75,32,381,7,10]
3bf2zi1lv7ebH8Zxq7mOvw,33.4873782,-111.9262334,1,[33.4873782,-111.9262334,33.4873782,-111.9262334],[11,63]
826ux2MFl0fMGvT4DU5psg,33.5097999,-112.0122745,17,[33.5097999,-112.0122745,33.5097999,-112.0122745],[48,11]
XfDBDEm2-HEcvYO_nso1Kg,33.5663918,-112.0719455,91,[33.4221126,-112.263551,33.710671,-111.88034],[177,192,11,61,13,6,70,7,142,333,138,8,139,338,382,206,28,17,29,322,57,56,210,169,48,26,38,39,40,128,63,99,43,27,182,108,33,307,140,168,265,47,306,224,212,119,258]
8g33RUqKYzWnR1IBhmj8FQ,33.665863,-112.187126,4,[33.665863,-112.187126,33.665863,-112.187126],[7,9,119,11]
gHaSQYNfyI_s-k0GKUprmA,33.4740332,-112.11919384999999,14,[33.421909,-112.287703,33.5261574,-111.9506847],[43,11,27,244,57,333]
VS88Oc7-wp5TOKJvLlyZrg,33.4881846,-111.9608249,1,[33.4881846,-111.9608249,33.4881846,-111.9608249],[48,11]
SReQDm9bcrDBBA31vBeQIw,33.4978009,-112.0837798,2,[33.4978009,-112.0837798,33.4978009,-112.0837798],[175,129,121,79]
UgQ8vm8aZb6Laqpdiz7PWw,33.5042265,-111.98748265,119,[33.499499,-112.0475633,33.508954,-111.927402],[28,17,29,206,11,48]
H043-7y6dUj0XZKGsfkUIg,33.563370649999996,-111.9067168,102,[33.5019817,-111.9329381,33.6247596,-111.8804955],[7,137,8,139,98,10,9,11,126,97,99,48,28,17,29]
e1ATVR801QFpIYBG_4NIxg,33.7317661,-112.2628637,3,[33.7317661,-112.2628637,33.7317661,-112.2628637],[28,17,29]
kN32J5QQepJXHqehEMJqYA,33.4218047,-111.9533039,3,[33.4218047,-111.9533039,33.4218047,-111.9533039],[33,119,99,11]
78orKzXOmtVN3_7kgZNY_w,33.50794125,-112.09504319999999,77,[33.3779808,-112.2330497,33.6379017,-111.9570367],[33,44,11,119,26]
axrhzW-tTLU_iWO-U0y6Jg,33.360804,-111.859837,1,[33.360804,-111.859837,33.360804,-111.859837],[229,11]
PegnkgsFNKxiUz-M8R2PZQ,33.414096400000005,-111.8965062,5,[33.413158,-111.9184724,33.4150348,-111.87454],[182,48,140,11,7,162,251]
bDHJ7WRFSQr2m-jzmkx82Q,33.400067699999994,-111.88500794999999,5,[33.3021074,-111.927951,33.498028,-111.8420649],[224,11,352,48,251,43]
ue3llQnlQXXawjSEy_u1rg,33.4590034,-112.3579588,16,[33.4590034,-112.3579588,33.4590034,-112.3579588],[28,17,18,29]
zHKTOQkQS7Twd3m6d6RpJw,33.498714,-111.921122,3,[33.498714,-111.921122,33.498714,-111.921122],[65,133]
Mcdt7tUA7jqiqCtyxXgq4g,33.7114452,-112.2731482,2,[33.7114452,-112.2731482,33.7114452,-112.2731482],[112,57,6]
vNWURZCuNNMUQqFJwy7aXg,33.4950343,-112.0040429,2,[33.4950343,-112.0040429,33.4950343,-112.0040429],[15,6,191]
NbI8bO5Cn1W8xxhO9MPw9Q,33.4066151,-111.96594239999999,6,[33.3051122,-112.027582,33.508118,-111.9043028],[182,172,11,7,108,119,57,99,36,69,15,6,191]
0-PeU2TfwTo_j64X9b26ig,33.327481,-111.85675069999999,4,[33.304894,-111.991311,33.350068,-111.7221904],[26,11,6,35,76,218,41,219]
cr_NcSRXak5UDKtBYT7JRw,33.4564268,-112.0704276,1,[33.4564268,-112.0704276,33.4564268,-112.0704276],[126,97,11]
LZzfAmM-4bi3Zz9uyL0t0Q,33.3794103,-111.941519,6,[33.3794103,-111.941519,33.3794103,-111.941519],[7,139]
ioi5QPmLn4_EF7dWu8srFA,33.375057,-111.687177,2,[33.375057,-111.687177,33.375057,-111.687177],[7,108]
HTVR8dTjwMLsfCNRtHuBwQ,33.4655863,-111.9279622,12,[33.4655863,-111.9279622,33.4655863,-111.9279622],[7,24,47,27,11]
mnqDRTE2SbyEYEzifWRCDQ,33.421617342644,-111.9466751753,14,[33.421617342644,-111.9466751753,33.421617342644,-111.9466751753],[63,27,11]
JUpufEtSZfDf0L-32XO-bA,33.4887305465745,-111.955038654442,17,[33.406669,-112.02249,33.570792093149,-111.887587308884],[11,27,63,333,7,138,139,181,218,88,38,39,89,182,172,44]
COV9oDq42uEG7JllRpXWoQ,33.4636416,-112.165234,3,[33.448474,-112.253741,33.4788092,-112.076727],[6,57,56]
0VfJi9Au0rVFVnPKcJpt3Q,33.500432700000005,-112.09469165,93,[33.2997534,-112.3495127,33.701112,-111.8398706],[177,140,11,88,7,38,47,39,26,27,63,48,126,97,109,99,143,120,8,33,313,142,108,340,210,44,219,218,41,181,251,84,98,10,192,101,49,17,152,341,119,43,153,62]
bb3Fjp9KRRIoTkTJ3i9lxQ,33.463629,-112.369811,5,[33.463629,-112.369811,33.463629,-112.369811],[54,55,122,256]
HyeYj6KmUMt307qHbopzog,33.6400079,-112.0872865,2,[33.6400079,-112.0872865,33.6400079,-112.0872865],[26,11]
bxgmlObi9mpYa6hQZgFNWA,33.6241241,-111.9307637,1,[33.6241241,-111.9307637,33.6241241,-111.9307637],[168,265,11]
FdxUhQ2orufg_eMgWAoH6Q,33.5766698,-112.0131538,32,[33.3211423,-112.115841,33.8321973,-111.9104666],[27,24,11,43,7,142,108,119,63,39,38,26,128,44,313,175,129,79,449,78,6,200,99,144,10,48,161,195,65,307,172,224,162,98]
eV7L_vigJWQIC3E_T1MWTA,33.4629329,-112.0605037,5,[33.4487268,-112.0737094,33.477139,-112.047298],[26,11,7,98,108]
J3961EVWPgjQWxp13Y_iYA,33.383949,-111.843786,2,[33.383949,-111.843786,33.383949,-111.843786],[119,99,11]
XrrTxbKVGIuPwaM4lAt_Gg,33.512800799999994,-112.02857689999999,9,[33.5095354,-112.029562,33.5160662,-112.0275918],[33,11,161,28,65,17,29]
RJMVlZZypSVvQNsikW1Nng,33.603747150000004,-112.19373139999999,2,[33.5958042,-112.2226374,33.6116901,-112.1648254],[251,11]
aBgPT0TnUprRqVXGE_C-Ww,33.4566960573784,-112.072327136993,3,[33.4566960573784,-112.072327136993,33.4566960573784,-112.072327136993],[119,11]
f14wt2kkLP4hqBGlWXafXQ,33.63251785,-112.2353147,38,[33.6312007,-112.235873,33.633835,-112.2347564],[49,18,51,17,185,11]
fGr8hL3odsxRnIgxYg3f1A,33.316873,-112.004102,1,[33.316873,-112.004102,33.316873,-112.004102],[105,133,65]
CnSyvmRJGWkfuky5qzO7Dw,33.4851735,-111.908736,1,[33.4851735,-111.908736,33.4851735,-111.908736],[113,6,116]
iEjUBBSkVQ6Ijo-m6b3Kxw,33.42254305,-111.930953761055,33,[33.220295,-112.07211772211,33.6247911,-111.7897898],[212,361,11,192,7,189,10,24,74,27,43,26,8,119,265,48,98,9,99,63,38,39,128,185,108]
DLMtzSl1Z9-0LCzsvs4Qcw,33.422728,-111.951494,1,[33.422728,-111.951494,33.422728,-111.951494],[88,38,39,89,11]
aYpO4xX9yWRGfF09Co4SXw,33.435106700000006,-112.00671464999999,200,[33.43475,-112.0069893,33.4354634,-112.00644],[38,128,39,28,170]
Pm3c-nVBW73_IjS0AOI7iw,33.3022462,-111.897967,2,[33.3022462,-111.897967,33.3022462,-111.897967],[6,204,65]
Hd8PWEpsPNs8BIxtM4GTZg,33.4490445,-112.0716505,29,[33.4487652,-112.0718824,33.4493238,-112.0714186],[99,11,38,128,39]
H32BavVo9z2s4OKJrBI7QQ,33.538748,-112.064759,200,[33.538748,-112.064759,33.538748,-112.064759],[99,26,11]
hZKkRldTlzfbghxyLur58g,33.757516,-111.969733,2,[33.757516,-111.969733,33.757516,-111.969733],[32,90]
aTi0NVrcPJWbN6jAsJVcAw,33.5319498,-111.9912954,200,[33.3852846,-112.0998386,33.678615,-111.8827522],[49,272,66,52,99,126,11,7,8,108,6,45,61,13,10,28,170,120,137,139,307,212,43,41,247,157,103,17,29,4,5,202,72,281,30,115,372,109,38,39,63,21,119,87,84,124,128,185,204,65,125,110,111,112,113,57,327,148,22,18,24,142,46,35,182,177,285,140,60,236,104,132,105,12,114,44,161,59,80,101,26,149,97,98,96,154,265]
12W-E1Ta5Fr0NMjq-ZssVQ,33.496280999999996,-111.93058865,47,[33.4930514,-111.9339561,33.4995106,-111.9272212],[109,38,11,39,440,48,352,28,17,29]
CudlbVQsaP4d8LATjkgfFw,33.450597200000004,-111.948266516084,21,[33.319212,-112.00644,33.5819824,-111.890093032168],[48,24,11,182,172,28,170,109,38,39,440,27,6,45,65,7,148,204,33,117,49,178,26,168,99,127,126,97]
ylbgyS2p_uSZndpqrqIv-Q,33.435137999999995,-111.9626208,80,[33.362719,-112.0491027,33.507557,-111.8761389],[38,39,40,128,11,26,89,27,108,7,182,139,137]
nX8uAoc0_PgIc1YBhfW7zQ,33.56289425,-112.05579995,34,[33.4471735,-112.1868299,33.678615,-111.92477],[7,292,142,123,65,109,38,11,39,63,48,98,8,13,6,61,35,70,76,108,182,218,307,126,97,185,78,79,27,99,88,40,26,24]
m011mMHSFa3nXSk5anCVKA,33.3475105,-111.971307,8,[33.2475,-112.063434,33.447521,-111.87918],[7,139,48,11,309,99,246,119,24,17,423]
O6JwI9Ide_fIn_t_6k5IQg,33.524919558295196,-111.996676760414,138,[33.5020036165904,-112.0653185,33.5478355,-111.928035020828],[177,140,11,98,7,108,33,38,39,168,99,210,28,17,29]
rg7KYOPmje2pNYIWZFNRMQ,33.8319615,-111.9471619,3,[33.8319615,-111.9471619,33.8319615,-111.9471619],[119,120,11]
NKcsDDgHh7MPbWODXQDhyw,33.5855504,-111.9267692,114,[33.5855504,-111.9267692,33.5855504,-111.9267692],[98,7]
ag22TPlGdsKwJe1OxSfDCg,33.5081693,-112.0477108,1,[33.5081693,-112.0477108,33.5081693,-112.0477108],[202,72,281]
Qs-v7jcKjmFwR--fFLOnDA,33.509135,-112.0867893,1,[33.509135,-112.0867893,33.509135,-112.0867893],[26,11]
9g55g1EYVbdwUUF80MVTIA,33.528892400000004,-112.0648719,9,[33.491645,-112.073196,33.5661398,-112.0565478],[26,11,38,140,39,40,48]
C0WhCeFcuuBgKEHrQlyP1A,33.48358815,-112.0217859,15,[33.379229,-112.1164668,33.5879473,-111.927105],[7,139,36,39,38,126,97,11,99,128,185,168,169,24,48,88,89,33,27,63,273,119,140,177,285]
zSJpB4ky-oipEjrJU1Ri3g,33.620562,-111.8963279,15,[33.620562,-111.8963279,33.620562,-111.8963279],[119,11]
3wsa1_1PRq_o95AIZAsIeA,33.6119344,-111.9271523,6,[33.6119344,-111.9271523,33.6119344,-111.9271523],[267,182,172,11]
kJp7OZTVHZWSPqwwjrACBA,33.508954,-112.0293073,68,[33.508954,-112.0293073,33.508954,-112.0293073],[28,17,29]
bLiqSbQIxaRZvfn2TfkWOw,33.52251575,-112.00100415,12,[33.4799333,-112.0737503,33.5650982,-111.928258],[26,11,6,21,129,78,332,278,79,7,108,24,109,38,210,39]
0Ef8Vt_bbCyI2rxtMy6kJw,33.4471735,-112.073781,65,[33.4471735,-112.073781,33.4471735,-112.073781],[28,17,29]
nBOc59r9lHm1bqlFAyBM7g,33.587805,-112.247024,14,[33.587805,-112.247024,33.587805,-112.247024],[43,11]
ff7qyc4tn-BhzY9oAqjK-g,33.6147395,-111.92757119999999,9,[33.546,-111.96828,33.683479,-111.8868624],[212,229,11,43,71,72,265]
g2mozOU_F1nzpjLDY4CfzQ,33.5591315,-112.0693886,31,[33.439648,-112.2400641,33.678615,-111.8987131],[38,99,88,39,40,11,49,417,101,195,65,48,97,126,98,7,168,26,117,251,140,177,285,27,127,13,6,115,62,17,206,43,224]
u7trrdM_TMFDT8TOoHTdNQ,33.46543595,-111.8545904,6,[33.4503349,-111.9216144,33.480537,-111.7875664],[24,11,71,72,224,26]
PSGsfSkBO6Nk7SxY1urjAA,33.43475,-112.00644,76,[33.43475,-112.00644,33.43475,-112.00644],[28,170]
XlvUsOxE4gvwP-8JMGNmBg,33.4937015,-111.9318095,2,[33.348162,-111.9819,33.639241,-111.881719],[119,11,26]
-nXHRW7dTwoq-16dPMIFiQ,33.527215749999996,-111.9981979867525,115,[33.4724491,-112.1345686,33.5819824,-111.861827373505],[26,11,38,99,128,39,106,54,107,27]
ZsLPGNGap84hB1RzmAupbA,33.495156,-112.0010502,10,[33.495156,-112.0010502,33.495156,-112.0010502],[27,11]
wTBgQBe5fTO5FScY9KOuKg,33.3117903,-111.8412173,7,[33.3117903,-111.8412173,33.3117903,-111.8412173],[149,11]
0VTZOBAwjW42u1ZipXxBfQ,33.681348,-112.225017,1,[33.681348,-112.225017,33.681348,-112.225017],[54,242]
dWSgEIHadtE_pc2Wz5X-pA,33.60191695,-112.04440245,8,[33.5674956,-112.1674092,33.6363383,-111.9213957],[97,11,41,43,181,212]
ZyCq_wg5PW3uuro1JM1YLw,33.545008499999994,-112.00473925,36,[33.406538,-112.0478085,33.683479,-111.96167],[212,229,11,26,28,17,29]
fQaI7De-AYSXQ1sJrr-h7Q,33.4083805,-111.9608015,11,[33.3798704,-111.977873,33.4368906,-111.94373],[57,39,145,71,72,282]
52MX_-irDVA-r5Of87CDpg,33.4910156,-112.0694972,21,[33.4590669,-112.0915007,33.5229643,-112.0474937],[101,88,38,39,40]
h021hDapXg9DMi5TNYviWw,33.5100084467657,-112.029651966191,2,[33.5100084467657,-112.029651966191,33.5100084467657,-112.029651966191],[7,292,99,48,11]
_Li1-mskJaqD2lhQRlWo0A,33.4558319286892,-112.07571466849649,34,[33.4549678,-112.0791022,33.4566960573784,-112.072327136993],[119,11]
oGWF7K6W_YnhVsy-O3HbnA,33.55302445,-111.9067146,14,[33.477178,-111.9264472,33.6288709,-111.886982],[39,119,48,38,11,126,212,43,99,24]
TrV5UYXZsbyjXiUh2QmGkg,33.6222859533147,-111.904171575451,4,[33.6222859533147,-111.904171575451,33.6222859533147,-111.904171575451],[218,41,323,11]
VYC-AhhcfwF7CoGFsJNOSw,33.661228050000005,-111.9261376,17,[33.495263,-111.928554,33.8271931,-111.9237212],[26,11,27,24]
lMkxaZdPu744Ct-kMzbyMg,33.423805,-111.735789,5,[33.423805,-111.735789,33.423805,-111.735789],[99,11]
DBeha4FDb3kTLKSfzWmB3Q,33.653050196489,-111.8857159475,4,[33.653050196489,-111.8857159475,33.653050196489,-111.8857159475],[7,8]
E5z_IQHF_zTFo0Bmg5iGrw,33.464005,-112.238603,2,[33.464005,-112.238603,33.464005,-112.238603],[28,17,29]
2VA48l8CoWOnd0nluFGfuA,32.878774899999996,-111.73069655,15,[32.87808,-111.7521124,32.8794698,-111.7092807],[62,26,17,11,97,7]
CUIX6FcoHYQvsijPNTAwrw,33.293696,-111.899509,2,[33.293696,-111.899509,33.293696,-111.899509],[6,200]
R0IJx1_alR_OXhHkTFq_Vg,33.5014656,-111.9786177,31,[33.4194512,-112.0737094,33.58348,-111.883526],[7,142,74,27,11,229,38,47,88,39,48,108,352,185,285,265,126,97,205]
-3yavSqHchsUPyAp9LVBCw,33.415501,-111.837456,2,[33.415501,-111.837456,33.415501,-111.837456],[10,48,24,11]
FXbDtMtmR3zF50ljxeQueA,33.48739795,-111.94591735,5,[33.320569,-112.0667347,33.6542269,-111.8251],[65,133,104,183,251,11]
A_-0vyzxhIamBpAnWo5I8Q,33.3024823,-111.8422821,1,[33.3024823,-111.8422821,33.3024823,-111.8422821],[48,206,11]
LQ8Do_vS2FHGbK3ELJf-WA,33.6815794,-112.2355449,1,[33.6815794,-112.2355449,33.6815794,-112.2355449],[113,6,116]
_q107YQfLaUlxmmZclUsSg,33.449528,-112.0477155,2,[33.449528,-112.0477155,33.449528,-112.0477155],[26,11]
MbmbTqa5sEyxwsW3qn0z1Q,33.4952268,-112.0138632,1,[33.4952268,-112.0138632,33.4952268,-112.0138632],[49,321,59]
QcFlxmKVqvI52VMMMcF2jA,33.5648709,-112.0086172,8,[33.4882838,-112.1156244,33.641458,-111.90161],[48,185,11,7,8,71,72,26]
OOWOffvMMw-q6_dg5q5rTg,33.4248317,-111.93982525000001,2,[33.4243474,-111.9398364,33.425316,-111.9398141],[27,11,38,128,39]
AV8ZpKdcf3vw8KqJXKqAsQ,33.538155399999994,-111.9234717,2,[33.4922985,-111.9245517,33.5840123,-111.9223917],[210,11,182,48,140]
uw93GAHVaIbJi8aQjnI_7g,33.56110765,-111.97796645,60,[33.449233,-112.065458,33.6729823,-111.8904749],[27,11,168,265]
tPAMBqwJIumw4SqjI9WvaQ,33.4075498,-111.957916,2,[33.4075498,-111.957916,33.4075498,-111.957916],[26,11]
hBOYJk_C7ymhVRMDMwyBDQ,33.360804,-111.859837,1,[33.360804,-111.859837,33.360804,-111.859837],[229,11]
7oT-oBK-wqnk0O58cx-AKQ,33.517238,-111.9222962,14,[33.4522676,-111.9261275,33.5822084,-111.9184649],[28,17,29,265,126,97,11,158,119]
Gqjk0U8QKcPjLl92wTsksQ,33.5159815,-112.021245,2,[33.43475,-112.03605,33.597213,-112.00644],[28,170,26,11]
Ri7q4U9D8aUhJw4rSIs-WA,33.450461,-112.261141,1,[33.450461,-112.261141,33.450461,-112.261141],[26,11]
N9iTCYtxD4ost8XbbyS7Eg,33.5164285,-112.26196775,9,[33.465357,-112.35646,33.5675,-112.1674755],[6,100,26,11,30,13,218]
b3LwrPrDpDcONzcNNTj75w,33.472892099999996,-112.0663702,22,[33.3058962,-112.3040101,33.639888,-111.8287303],[97,11,7,142,33,38,39,168,42,43,63,27,307,137,8,139,49,59,108,109,126,117,24,149,26,120]
7K3rf1c0LjLBXUoRMekjJg,33.426275149999995,-112.00679895,3,[33.3931549,-112.0742496,33.4593954,-111.9393483],[71,72,73,7,108]
iBn8GUVgKHPQ42lIkSk5Aw,33.421909,-111.9506847,33,[33.421909,-111.9506847,33.421909,-111.9506847],[244,11]
BXesGvORCe79Cfa0BcwIDQ,33.403603200000006,-111.93848355,17,[33.357612,-112.0732071,33.4495944,-111.80376],[32,203,28,17,29]
7UoXfjSqe4ZE1eStdeoziw,33.396804599999996,-111.9861919,11,[33.298212,-112.0737828,33.4953972,-111.898601],[223,11,7,162,119,99,44,285,185,108,338,26,382]
OcTd5DsCah8XuYUXaViGjw,33.49112,-112.079081,10,[33.49112,-112.079081,33.49112,-112.079081],[26,11]
jTXscj56Hpx2YeLyNsxceA,33.425938,-111.940346,4,[33.425938,-111.940346,33.425938,-111.940346],[114,13,6]
uQJDCJN-k_ZCgAkxrCrznA,33.458794,-111.95888735,12,[33.393338,-112.0388617,33.52425,-111.878913],[72,154,177,140,11,206,27,54,55,122,37,32,255]
KWJNL25TVFMmcX-kzmjYcA,33.51315,-112.073765,1,[33.51315,-112.073765,33.51315,-112.073765],[11,63]
uk05fdDMxpI4IY3DW2mheQ,33.471996700000005,-111.9951825,5,[33.4423345,-112.0744503,33.5016589,-111.9159147],[119,120,11,38,39,40,98,7,206,49,128,341]
KULTByBxylNCSxWPZ8XH-g,33.2915794964691,-111.752586364746,1,[33.2915794964691,-111.752586364746,33.2915794964691,-111.752586364746],[28,17,29]
L6eRQUOLUWByJ9VJD-2fJw,33.3478272,-111.9102573,1,[33.3478272,-111.9102573,33.3478272,-111.9102573],[7,292,98]
wrhu8Rs4pLQKjUTDXgU8GA,33.492551,-111.92694705,82,[33.483281,-111.9339561,33.501821,-111.919938],[63,27,11,322,57,56,28,17,29,265,185]
kqbAR7hVxbENHTNJIkGH2Q,33.5754755,-112.0651592,2,[33.5754755,-112.0651592,33.5754755,-112.0651592],[119,11]
SSv_g_PkUM4kRj4HnuV5CA,33.5386441,-112.0986063,1,[33.5386441,-112.0986063,33.5386441,-112.0986063],[26,11]
8jtwnr_7f0z2PIDGrgUy0w,33.516012804498246,-111.987780890822,19,[33.4346646089965,-111.994210481644,33.597361,-111.9813513],[63,27,11,48]
-W2gbkXg9BxGBajBq81hfw,33.54885695,-111.98924894999999,154,[33.4514309,-112.0701129,33.646283,-111.908385],[48,11,28,17,29,475,63,161,65]
JaR-vQ0sYKZYR5eLR38qiw,33.33605,-111.844836,3,[33.33605,-111.844836,33.33605,-111.844836],[48,296,11]
vjPYZNNXVvZ1Mw2rbikMYw,33.4542695,-111.9094198,3,[33.4542695,-111.9094198,33.4542695,-111.9094198],[168,11]
YwAh79IW7G12u0sJGyhTqg,33.4547529,-112.00256569999999,200,[33.2985428,-112.115821,33.610963,-111.8893104],[39,38,40,206,11,6,87,28,17,29,109,140,208,35]
mt2quiVkin3qgESR2Bw3uw,33.36756545,-111.8121414,5,[33.319395,-111.875578,33.4157359,-111.7487048],[182,48,140,11,7,292,108,98]
3FDzGcaNWihEDfUhCQ11nQ,33.3789539,-111.8917862,2,[33.3789539,-111.8917862,33.3789539,-111.8917862],[43,11]
TaHBkYzzmhKxEZ0xJEauzA,33.480016,-112.080631,4,[33.480016,-112.080631,33.480016,-112.080631],[119,120,11]
CyQiqsr_X0mYIciLGkNapA,33.7129847,-112.1114555,1,[33.7129847,-112.1114555,33.7129847,-112.1114555],[27,11]
2Qv94nrmyX6sYEUpZTQ6Gw,33.5019817,-111.9276185,7,[33.5019817,-111.9276185,33.5019817,-111.9276185],[307,212,43,11]
lx1zT6DOck6Ww8t11ivUdA,33.37203675,-111.8585614,2,[33.3640435,-111.8774978,33.38003,-111.839625],[26,11,33,44]
gsdklYmeKMJ_-AOPmARfig,33.6403357,-111.9607275,11,[33.6403357,-111.9607275,33.6403357,-111.9607275],[65,133]
jz5yxyXO7vt8AqFwzWBx1Q,33.51381694792415,-111.985914439514,11,[33.407162534253,-112.079081,33.6204713615953,-111.892747879028],[210,11,26,38,7,47,88,39,48,117,63,24,212,97,89]
6VZNGc2h2Bn-uyuEXgOt5g,33.48725795,-111.985457,129,[33.4216219,-112.07454,33.552894,-111.896374],[14,15,6,1,32,302,7,108,265,11,26,127]
41ZMxjJElyNsnrLl1_Bcdw,33.530141,-112.0563984,2,[33.530141,-112.0563984,33.530141,-112.0563984],[38,39,11]
uZyzPG8Gkjwld9fHpPBd1g,33.66468395,-112.07269170000001,28,[33.4587919,-112.1707825,33.870576,-111.9746009],[119,11,7,108,27,24,371,54,64,104,105,65,38,39,57,145,40,48,99,84,336,63,147,26]
3qMUN6NGDq1GWtAJSuvXIQ,33.473423,-112.05476145,29,[33.3351559,-112.1830859,33.6116901,-111.926437],[7,138,139,11,57,306,265,483,224,251,43,74,24,311]
F4UqIMhypQ3SOkJTcL5cvA,33.405636900000005,-111.80733085,11,[33.3086797,-111.9296765,33.5025941,-111.6849852],[8,6,116,7,36,113,11,108,12,13,22,27]
3MIXmxmewdE8QU0XoU95kQ,33.5227721,-111.9001502,4,[33.5227721,-111.9001502,33.5227721,-111.9001502],[10,63,24,11]
lbW1zgZp0sZXIEzCkumbtg,33.62819725,-111.8936056,14,[33.6272265,-111.8956412,33.629168,-111.89157],[38,11,99,128,39,7,47,48]
uiLVEDmyVWq6ruoQiRbx9w,33.6389129,-112.1810524,44,[33.6389129,-112.1810524,33.6389129,-112.1810524],[168,11,63]
G98RRk0biQMm8JrmzNu8Kg,33.453296,-111.8805025,8,[33.407088,-111.927891,33.499504,-111.833114],[24,11,126,97,182,48,140,10,63,26]
FBE0gDdN4fZH-6uo-mWgPQ,33.099276450000005,-111.82977514999999,62,[32.8791409,-111.970558,33.319412,-111.6889923],[26,11,99,28,17,29]
nqVQzC05lCwUJCDHN_KreA,33.4483606,-111.9866864,5,[33.4483606,-111.9866864,33.4483606,-111.9866864],[28,17,29]
L9VddKya43Zd69Q6C_uZ5w,33.403512,-111.838804,2,[33.403512,-111.838804,33.403512,-111.838804],[84,370]
BKuS-8AQdQ4h3pzUAMdJDA,33.53898,-112.070104,6,[33.5071469,-112.0744706,33.5708131,-112.0657374],[48,11,109,38,210,39,26]
NAIH8HY7OlZ4k1fAE3YwLg,33.30396265,-111.92871675,9,[33.2762703,-111.982113,33.331655,-111.8753205],[7,189,10,24,11,33,119,99]
L0XzCJwhb-weYexSmp1_nw,33.421558,-111.945394,2,[33.421558,-111.945394,33.421558,-111.945394],[27,11]
HR3zESVI09g9Wi1m_W7Xpw,33.50201,-111.9313599,27,[33.50201,-111.9313599,33.50201,-111.9313599],[265,11]
5jO2RMO-MYZDWTIYzr3dSA,33.6587186801459,-112.02042689999999,10,[33.6029318153084,-112.1142778,33.7145055449834,-111.926576],[97,11,71,72,96,73,182,48,140,177,10,24,7,98,9,212,26,36]
y22xQxyqQ1oT1sum3s4Jrg,33.607835,-112.0633045,1,[33.607835,-112.0633045,33.607835,-112.0633045],[54,55]
h2vP7AXI-U48GgqsD5Bh5Q,33.551880999999995,-112.2351027,4,[33.492985,-112.286067,33.610777,-112.1841384],[7,142,139]
hIrsvgPPLUolL7EAyPtmOQ,33.479524,-112.227821,9,[33.479524,-112.227821,33.479524,-112.227821],[26,11]
tRWAI4oyEmmZBfcyUXUtLA,33.61445745,-111.90941585,5,[33.581877,-111.9258843,33.6470379,-111.8929474],[27,11,26,6,87,177,140,218,41,323]
2-xLV_tit_LV75rYOPdtYw,33.46247895,-112.24047145,6,[33.4326594,-112.5563912,33.4922985,-111.9245517],[27,11,119,38,48,39,210]
9tEUv5Qa8ObSkFaS5bbzcg,33.304775,-111.947948,2,[33.304775,-111.947948,33.304775,-111.947948],[33,11]
bBMVAQ7Qilmb2a8vw2HqFQ,33.41589,-111.561513,2,[33.41589,-111.561513,33.41589,-111.561513],[11]
ZwJJvDR4o9yp9MuJLHzJTQ,33.557882,-112.273587,22,[33.557882,-112.273587,33.557882,-112.273587],[104,183,421,65]
rZKjZyizOZObHWBNmBdosw,33.3350308,-111.877431,2,[33.3350308,-111.877431,33.3350308,-111.877431],[126,97,11]
bPwOD7cpuM21CImk79THnA,33.4611804411431,-112.359774112701,1,[33.4611804411431,-112.359774112701,33.4611804411431,-112.359774112701],[98,7]
vSlO67EsdSfAJFKXCgvaPA,33.448333,-112.074127,6,[33.448333,-112.074127,33.448333,-112.074127],[99,11]
L5xcdwxzkxQi46z6V-n4vw,33.5874955,-111.8390112,151,[33.5874955,-111.8390112,33.5874955,-111.8390112],[11,63]
5CqD_efRdiw_lDiTGMZEkA,33.5266038,-111.924627,1,[33.5266038,-111.924627,33.5266038,-111.924627],[119,120,11]
Ob_10cEN7DY_f1c1Zwdapg,33.331044,-111.791284,2,[33.331044,-111.791284,33.331044,-111.791284],[27,11]
mPWfkiqDTKBa-IWVZgpx0w,33.48296995,-112.07312415000001,2,[33.465368,-112.0741143,33.5005719,-112.072134],[7,108]
fxT9Fk628H4mw7WNHuPn7Q,33.551797224647146,-112.02578044139099,4,[33.5057744492943,-112.040011882782,33.59782,-112.011549],[39,119,48,38,11,112,6,254]
4t1pxLwhKt8GTyuyubU-MA,33.5369963,-112.0474809,4,[33.5369963,-112.0474809,33.5369963,-112.0474809],[126,97,11]
ZsK1zCtpakNDwqwwiAquqw,33.499499,-111.927402,26,[33.499499,-111.927402,33.499499,-111.927402],[48,11]
p9Loz-u7f-d8twFmhTD3oQ,33.747716092069254,-112.08182605,13,[33.6308784,-112.2382757,33.8645537841385,-111.9253764],[27,11,63,265,99,224]
crYsXSL3Q8R4mNcy0k5pow,33.4641,-112.273257,2,[33.4641,-112.273257,33.4641,-112.273257],[33,11]
i_1MnSpesXFbZMSO5UNbOQ,33.49447605,-112.0130091,16,[33.3637683,-112.1156244,33.6251838,-111.9103938],[33,11,48,185,265,168,126,97]
RXxbOlzngFuIWaxqasMouw,33.5266038,-111.924627,38,[33.5266038,-111.924627,33.5266038,-111.924627],[27,11]
NzzcEg6KUEy39r9GnbXgaw,33.40286585,-111.88421335000001,128,[33.303233,-111.9258947,33.5024987,-111.842532],[7,292,33,48,47,11,206]
b9X9LOCS775Uti9yJ5nDUg,33.3665021,-111.9366715,9,[33.313553,-111.957417,33.4194512,-111.915926],[26,11,38,7,47,88,39,48]
jWpRKDvIzIIS5LhDK98F7Q,33.605621850000006,-111.98150964999999,20,[33.597213,-112.03605,33.6140307,-111.9269693],[119,11,26]
RSBpPixPILehXxTyuGgEyg,33.3804268,-111.75564815000001,2,[33.380284,-111.7888113,33.3805696,-111.722485],[38,99,128,39,296,11,64,65]
jB1u_xoLezgKeXhVZEZqoA,33.3626866,-111.928167,1,[33.3626866,-111.928167,33.3626866,-111.928167],[279,321,54,82,59,49]
yDV0K-SVAVHnOpVBJhgBFA,33.414219,-111.9181775,8,[33.407088,-111.924806,33.42135,-111.911549],[219,218,41,11,168,126,97]
z_9yBfUcGBEtDnXXLjHw1g,33.4587437,-112.0775732,5,[33.4587437,-112.0775732,33.4587437,-112.0775732],[182,48,140,11]
eVoGcFwue-tG-8zQPga_wQ,33.3943472,-111.874864,1,[33.3943472,-111.874864,33.3943472,-111.874864],[126,11]
POl7XsE65dvY23V7IpmWWw,33.4213695,-111.9249127,200,[33.4074496,-111.9249272,33.4352894,-111.9248982],[99,48,296,11,33,44]
AP0rpl8YTmgeRLXuCbkuEg,33.68106,-112.239905,1,[33.68106,-112.239905,33.68106,-112.239905],[38,212,39,11]
pu6R2UDRTMEOP8qysMjTwg,33.494205,-111.931447,64,[33.494205,-111.931447,33.494205,-111.931447],[48,11]
XyNBsfkgJ1FfNExsKTNtVg,33.6247911,-111.9257312,1,[33.6247911,-111.9257312,33.6247911,-111.9257312],[48,11]
gRqTtnhgfqvE0ZYJOmVDEg,33.580692299999995,-112.1217475,6,[33.4503996,-112.200326,33.710985,-112.043169],[26,17,18,11,63,109,38,210,39,212,322,57]
KwUOJ2v_2SNZonrdLw1gLg,33.4594809,-111.961183,200,[33.4194512,-112.00644,33.4995106,-111.915926],[88,38,39,89,11,26,28,17,29,170,99,298,48,168,7,47,127,109,440]
QwSxUiDTXLu05t1YAmahcQ,33.398729200000005,-111.72706275,8,[33.381723,-111.754566,33.4157354,-111.6995595],[48,26,11,39,38,99,128]
cvnBCoNJ5nsjxfOm_Ej2nw,33.5506075,-111.93107800000001,2,[33.4940321,-111.9403254,33.6071829,-111.9218306],[119,26,185,11,63]
deYK-oHDMXFSxYNQFL4JrQ,33.40630765,-111.92750255,5,[33.3373133,-112.0147669,33.475302,-111.8402382],[181,11,57,56,39,145]
amaOlY9CAFta9AMwn6q1Tw,33.6272906,-111.8548219,1,[33.6272906,-111.8548219,33.6272906,-111.8548219],[48,11]
ioXyHvNmPlx3qItwZjx0cw,33.40367985,-111.920013,3,[33.304861,-111.927065,33.5024987,-111.912961],[224,11,123,65,7,292]
KeoPjzZldhjQq7rZPzWBrw,33.493303350000005,-111.97534715,3,[33.4765807,-112.024174,33.510026,-111.9265203],[26,11,168,265,48]
ube8QwmN_qIV4YWTHYMeHw,33.6753306,-111.9633729,2,[33.6753306,-111.9633729,33.6753306,-111.9633729],[38,48,39,40,11]
zQP7cLujr-MJ207uuNFC1w,33.534724800000006,-112.08156685,10,[33.3998003,-112.1868299,33.6696493,-111.9763038],[32,314,90,126,97,11,84,1,125,437]
iIOkFCqT5A2o9GwFTqUCTA,33.3058378,-111.9927062,7,[33.3058378,-111.9927062,33.3058378,-111.9927062],[126,11]
S6qiYtfn75-4ils3xteRjg,33.320203785852,-111.9446939218,3,[33.320203785852,-111.9446939218,33.320203785852,-111.9446939218],[126,97,11]
KJWK5UThoVAYqi2RULKlxA,33.5612589,-112.1156244,1,[33.5612589,-112.1156244,33.5612589,-112.1156244],[48,185,11]
H2YSnKL0kelaipR1xp9u0A,33.5111019,-111.9862958,56,[33.5111019,-111.9862958,33.5111019,-111.9862958],[119,11]
KZXop1WqIs-IHTYVabwHsA,33.499006,-111.926703,1,[33.499006,-111.926703,33.499006,-111.926703],[39,212,126,293,11]
-sdiBaiM7R3OZ_CtEEAdIw,33.336569,-111.952224,200,[33.336569,-111.952224,33.336569,-111.952224],[57,228]
0lt9RDVIYOQx_j-C_0mKCA,33.6241241,-111.9307637,7,[33.6241241,-111.9307637,33.6241241,-111.9307637],[168,265,11]
9GX38BiWWsQqJmvy575o5Q,33.3358523,-111.8205495,3,[33.3358523,-111.8205495,33.3358523,-111.8205495],[109,38,48,39,11]
fSLyFeOWXc1Th_yY1BMYfw,33.53856745,-111.9581895,35,[33.4517161,-112.079081,33.6254188,-111.837298],[26,11,32,95,222,63,48,38,39,49,193,59,137,7,6,139,1,217,17,152,72,184,142,251,57,145,126,97,108,210,232,212,202,281]
cp33mMnE7wgUM_Q8atDKng,33.22952933519935,-112.008434642043,13,[33.0243086703987,-112.048614084086,33.43475,-111.9682552],[28,170,109,38,265,39,11,57,48,40,69,99,168,63]
TBHbiXzo4YkE9hIBCmyJzQ,33.4909816286892,-112.0697909,26,[33.4566960573784,-112.0995348,33.5252672,-112.040047],[119,11,33,99]
ALrPrgfMjPdlj_cX3eNtWQ,33.4354544,-112.0070357,6,[33.4354544,-112.0070357,33.4354544,-112.0070357],[99,11]
-r8xXdMbOg_HuOi_J5M05w,33.6547572135419,-111.9697228561035,2,[33.6538229,-112.012825012207,33.6556915270838,-111.9266207],[6,35,45]
OLdY4EQFnUc3JIOg0F9HnQ,33.4585842041353,-111.96050405,7,[33.4214126082706,-112.0050934,33.4957558,-111.9159147],[117,11,7,108,49,193,82,59]
vpJpE5E0MAjrqL6PAW2Ijg,33.4803555,-112.1530731,4,[33.4803555,-112.1530731,33.4803555,-112.1530731],[43,11]
H45_aBOVSVGlCp16YGqpAA,33.315619,-111.948238,3,[33.315619,-111.948238,33.315619,-111.948238],[84,291]
7zwKBjaapCmu0eLH_ZyNHQ,33.6526315,-112.2350645,35,[33.6526315,-112.2350645,33.6526315,-112.2350645],[7,108]
YCu1Ud8twkKpWSjEnfJqcA,33.4952769,-111.9884173,2,[33.4952769,-111.9884173,33.4952769,-111.9884173],[182,48,140,11]
4Wt2GfZQEwav03KX2tJBNg,33.3050704,-111.9918344,1,[33.3050704,-111.9918344,33.3050704,-111.9918344],[64,65]
PLgIlX8t8u40LlE-FERM4Q,33.48284413898085,-111.710040010414,36,[33.456993,-111.928035020828,33.5086952779617,-111.492045],[161,28,65,17,29,102,190,103,168,99,11,27]
p7AWkEjBewuxk5E9hcho8g,33.4354553,-112.0739136,93,[33.4354553,-112.0739136,33.4354553,-112.0739136],[309,285,11]
DNz_O4SoPSmLWzJSlrQlIA,33.624036015123,-111.928024291992,115,[33.624036015123,-111.928024291992,33.624036015123,-111.928024291992],[206,11]
dc8Fa0k8KgiJx8D3grtspQ,33.4770236,-112.073629,2,[33.4770236,-112.073629,33.4770236,-112.073629],[109,38,48,39,11]
rgucz1a4A2M1W1f9Ds1SZg,33.40354295,-112.0004664,7,[33.3051042,-112.0733143,33.5019817,-111.9276185],[38,48,39,11,97,33]
68GwyGcv8bQRRAdL4PjRdA,33.5093434,-112.0318109,17,[33.5088428,-112.03603,33.509844,-112.0275918],[33,11,265,4,6]
XK7_GWi6doOa4ppVwoKQoQ,33.463543,-112.341878,2,[33.463543,-112.341878,33.463543,-112.341878],[126,97,11]
H6ziG06xhDt2GF0PiipNAA,33.6077660588006,-112.481632232666,113,[33.6077660588006,-112.481632232666,33.6077660588006,-112.481632232666],[12,13,6]
D8W5xMnKO6ATRp8RGir9fQ,33.363225650000004,-111.95700604999999,6,[33.304659,-111.985429,33.4217923,-111.9285831],[26,11,65,133,7,189,10,24,106,54,424,98]
zPEU7RRx6INZi1iSqU1QvA,33.627158,-111.880694,2,[33.627158,-111.880694,33.627158,-111.880694],[129,277,278,79]
wwdRyRFoB-zBjXmJ5ClKrg,33.606651902329,-111.84298106206,157,[33.606651902329,-111.84298106206,33.606651902329,-111.84298106206],[322,28,57,190]
XljLc1tK_jAqjelgS93ReQ,33.502655000000004,-111.921895,27,[33.42183,-111.960264,33.58348,-111.883526],[7,142,98,292]
kBSWUuNzldAYR_105-XFQA,33.711728,-112.200106,4,[33.711728,-112.200106,33.711728,-112.200106],[96,72,73]
JdNERlRX2ghg3v_rNSt8Hg,33.655901,-112.064207,1,[33.655901,-112.064207,33.655901,-112.064207],[26,11]
161ZPpvifgOCUKsFW-TGbQ,33.4732463,-112.07565015,4,[33.4548476,-112.0800705,33.491645,-112.0712298],[57,69,38,40,39,63,27,24,11,140,48]
BfsjJKw0daRK64a4uARuNA,33.3669319926849,-111.781302405142,4,[33.3494314853698,-111.8052763,33.3844325,-111.757328510284],[97,11,99]
f9K-tQH3Rl2_o9bZEe20Gg,33.5386441,-112.0986063,2,[33.5386441,-112.0986063,33.5386441,-112.0986063],[26,11]
dgX04RZOxtoipH9Dwf3MXQ,33.47132955,-112.08513909999999,34,[33.304775,-112.2223302,33.6378841,-111.947948],[373,182,41,11,311,33,101,38,26,39]
