d4EHGUTKgNywZ93Tw9RbWw,33.475302,-111.925588,2,[33.475302,-111.925588,33.475302,-111.925588],[6,156]
Z-nQR4IqmW5IqVXtpOvUYQ,33.4222653,-111.9199824,13,[33.4222653,-111.9199824,33.4222653,-111.9199824],[7,98,10,9,11]
q77aOIx2IZwl4f4x4-uoTA,33.50074035,-111.92751025,10,[33.499499,-111.9276185,33.5019817,-111.927402],[38,48,39,11]
m1oOYd-IMLtAle0WUzVW9Q,33.491546,-111.923427,9,[33.491546,-111.923427,33.491546,-111.923427],[26,11]
GwfmT_ZAq8fbovzkAbmEjg,33.4069948,-111.9266542,4,[33.4069948,-111.9266542,33.4069948,-111.9266542],[49,4,5,6,367]
7RXtu3n5OfNsgmRT3b2x7Q,33.545958150000004,-112.0332171750825,27,[33.378951,-112.202396350165,33.7129653,-111.864038],[105,65,7,313,38,11,99,128,39,30,13,6,45,85,139,225,27,49,50,52,33,117,96,72,200,8,270,28,17,29,231,57,69,142,36,373,48,24,188,23,345,84,346,141,168,88,298,267,182,172,212]
W4WTf4RaEmKNh4756oYZoQ,33.70863675,-111.89100335,3,[33.585312,-111.9471619,33.8319615,-111.8348448],[119,120,11,168,26,127]
GV65kVak8ygOYx0-ZcBndw,33.4960515,-111.9302928,6,[33.4960515,-111.9302928,33.4960515,-111.9302928],[38,11,39,63]
NqPTKAIWnQP-UE6sqRL1wg,33.3054275,-111.9790116,2,[33.3054275,-111.9790116,33.3054275,-111.9790116],[119,11]
HfEjLlPBsJIfUy4EBlbxZQ,33.500198999999995,-112.05138495,53,[33.362719,-112.226631,33.637679,-111.8761389],[26,127,11,219,218,41,7,292,99,48]
AftmPonuJiN3XoAdc9YDew,33.3747909,-111.913802,24,[33.3022462,-112.0734239,33.4473356,-111.7541801],[46,6,38,99,128,39,296,11,7,142,33]
dji-3ZSLA33ndPPYT0p7BA,33.49496335,-111.97601275,105,[33.276942,-112.1114555,33.7129847,-111.84057],[7,162,28,17,29,108,38,143,39,205,33,142,24,11,177,285,140,6,70,26,292,139,225,250,351,57,109,27,30,13,36,8,41,247,145,186,61,35,76,148,49,193,80,59,322,63,4,5,367,9,10,400,168,119,120,60,373,48,56,181,229]
vVPG3n0BLWmZLREfzg-C8A,33.354467,-111.698057,2,[33.354467,-111.698057,33.354467,-111.698057],[374,32,95,318]
0aK3o0Vd1LDc3EWX4-PJeg,33.499313,-111.983758,4,[33.499313,-111.983758,33.499313,-111.983758],[7,142]
MNNDEUXuoRwuRECn5mmM1g,33.497568,-111.929223,1,[33.497568,-111.929223,33.497568,-111.929223],[109,38,48,39,11]
V59ry8w5AOkLus_fflSHtw,33.403007,-111.795856,1,[33.403007,-111.795856,33.403007,-111.795856],[37,32]
0CDKPyRcun_V9UFJhUxZcQ,33.5302696775354,-111.926350593567,4,[33.5302696775354,-111.926350593567,33.5302696775354,-111.926350593567],[109,38,265,39,11]
6xqWhgIXd5HemaHsRpy0RA,33.4979523445284,-111.922446626143,14,[33.4946746890568,-111.922958252286,33.50123,-111.921935],[46,102,6,103,39,38,26,128,11]
mqF1otI_dKs6lbydnfoI9Q,33.390792,-112.012504,2,[33.390792,-112.012504,33.390792,-112.012504],[109,38,48,39,11]
g6j53vuBbVA1dxY3Q9byig,33.607105,-112.063427,1,[33.607105,-112.063427,33.607105,-112.063427],[65,133]
Cz14fLzWMXg-7-oRpBGFag,33.56902085,-111.92426725,33,[33.5019817,-111.9730855,33.63606,-111.875449],[7,139,98,375,43,11,168,48,229,63,27,15,6,182,140,400,99,108]
BwbqIhTie8AnMRHhnhGRrw,33.5668050728745,-111.92547082901,1,[33.5668050728745,-111.92547082901,33.5668050728745,-111.92547082901],[224,11]
qArjqku3OjRrHmIQJ-jZaw,33.4951403,-111.991453,3,[33.4951403,-111.991453,33.4951403,-111.991453],[26,11]
BB6QMlYAzEamOm0YynMnaQ,33.638405,-111.979837,3,[33.638405,-111.979837,33.638405,-111.979837],[30,4,13,6,160]
XovqgtaRybQn9gEu9I5F3g,33.497568,-111.929223,1,[33.497568,-111.929223,33.497568,-111.929223],[109,38,48,39,11]
k8QnA7UNbe5DBCmYqxYs8Q,33.36955625,-111.89991675,2,[33.3118314,-111.9400902,33.4272811,-111.8597433],[11,27,63,119,48]
4Z7ZaiQe4Fteo_At7pDZdg,33.70635845,-111.94029645,2,[33.5823468,-111.9488222,33.8303701,-111.9317707],[48,11,83,6]
SZyo9fK-aGvoEeiHxvOCUw,33.48917045,-112.0150324,5,[33.4691316,-112.0475116,33.5092093,-111.9825532],[340,11,26]
FyTru6j3I5awXag0rfVIZw,33.65145015,-112.01871349999999,10,[33.4772147,-112.1142778,33.8256856,-111.9231492],[7,36,177,140,11,27,182,218,307,265]
GqQ7Lon6_BZWHLCpttr8Tg,33.5962499,-112.2015591,1,[33.5962499,-112.2015591,33.5962499,-112.2015591],[6,110]
kwQmVXIrqYGlz7FU3j-TEA,33.436027,-111.9956337,18,[33.436027,-111.9956337,33.436027,-111.9956337],[99,11]
ZsiEZ0dTZfTsUV3-siDz4A,33.5635937082952,-111.926772910414,6,[33.5020036165904,-111.928035020828,33.6251838,-111.9255108],[168,265,11,99]
Eb3GDC4N03LxVpgJt1B4Gg,33.4245151,-111.9431827,1,[33.4245151,-111.9431827,33.4245151,-111.9431827],[28,17,29]
lTI9e-pYf07dhN94uGkIcA,33.638183,-111.92861,2,[33.638183,-111.92861,33.638183,-111.92861],[38,99,128,39,296,11]
IZmrFHhUeAdK7Iz3-ds5xQ,33.545400400000005,-112.02088485,9,[33.4799784,-112.1310283,33.6108224,-111.9107414],[119,11,212,63,27]
7NzmzC0yVPDg2cohahdgqg,33.626933,-112.100731,1,[33.626933,-112.100731,33.626933,-112.100731],[212,26,11]
aL-H5HeZd7R6iCWYldHEnA,33.47480805,-111.6862534,17,[33.362439,-111.9268138,33.5871771,-111.445693],[33,119,11,49,178,27,38,48,39,120,99,26,190,4,6,28,7,142]
6xCG90N3So4NGMH0oZgj5A,33.342198,-111.864934,10,[33.342198,-111.864934,33.342198,-111.864934],[49,50,52]
PHLZcTZPGTf10RmKB1En5Q,33.5175821,-112.064846,34,[33.5175821,-112.064846,33.5175821,-112.064846],[10,119,11]
CmbbYXevHnQhE8zdHSh6Zg,33.49239575,-111.99986085,3,[33.4922985,-112.07517,33.492493,-111.9245517],[49,80,82,59,210,11]
ztN6LYDNcxM0d6x6zOBkxg,33.492195,-111.9312992,1,[33.492195,-111.9312992,33.492195,-111.9312992],[19,20,6,21,22,13,23]
R0mPtTlBhFn-Qq1a69YaXQ,33.271662,-111.809029,1,[33.271662,-111.809029,33.271662,-111.809029],[119,11]
LAyhoxf90n_QEF-5TxjJDg,33.4443234,-111.97342180000001,14,[33.37844,-112.0704276,33.5102068,-111.876416],[11,63,126,97,210,39,38,40,206,251,32,95,222,224]
vZkrh1eB6ac7IqFzgeQpDA,33.462815916371554,-111.9679570818865,22,[33.4234408327431,-111.996292,33.502191,-111.939622163773],[109,38,11,39,63,27]
clWtiDfDE-dtLKVIYnQDnw,33.5102803,-112.0720329,4,[33.5102803,-112.0720329,33.5102803,-112.0720329],[49,193,59]
QG_zQPYzh1JTvHtmgJMvzw,33.4483606,-111.9866864,3,[33.4483606,-111.9866864,33.4483606,-111.9866864],[28,17,29]
4lkTIhTuMhLprQprGlTRlA,33.430808403793,-111.893408025485,132,[33.220784807586,-112.2035449,33.640832,-111.58327115097],[7,36,106,65,220,104,54,294,27,11,48,12,61,13,6,114,108,210,57,470,145,39,49,52,445,66,98,26,224,56,28,158,17,29,148,193,59,142,292,10,24,38,99,201,63,43,40,205,33,126,97,111,112,113,80,119,69,251,58,469,137,139,172,109,138,8,169,225,250,88,47,22,21,128,341,177,140,422,168,30,190,194,202,72,281,340]
bgrev1MDK7W050KSb6Eztg,33.4156535,-111.5745539,2,[33.4156535,-111.5745539,33.4156535,-111.5745539],[7,108]
C2OY6T4jeqzANVG-xVFUvA,33.486378099999996,-112.08638525,2,[33.4561612,-112.098838,33.516595,-112.0739325],[106,54,107,7,292,27,11]
9yqY3rqWzDpe5CA8eOVKGw,33.4953013,-112.0001334,1,[33.4953013,-112.0001334,33.4953013,-112.0001334],[126,43,11]
MMeNMCy0RWW4cM04IKZO4Q,33.4992338,-111.9318605947295,8,[33.4144553,-111.942980289459,33.5840123,-111.9207409],[27,11,182,307,172,48,140,119,44,7,108]
U4sIJYSvJXmT0KEHXeBzLw,33.498163,-111.923683,9,[33.498163,-111.923683,33.498163,-111.923683],[40,38,39,205]
Rjok7vI33LGO3LF3GbjnRA,33.542944028689206,-111.9809030684965,9,[33.4566960573784,-112.072327136993,33.629192,-111.889479],[33,24,11,338,7,142,119,212]
VpbeFJmYdRGuEXQBQUKviA,33.498028,-111.927951,1,[33.498028,-111.927951,33.498028,-111.927951],[352,48,11]
GIRYn496_jvO2oSxT0WUVg,33.493753,-111.928103,72,[33.493753,-111.928103,33.493753,-111.928103],[65,133]
_A6Cq2day7XFnw_h8F7nVw,33.53324331761385,-112.064312294092,3,[33.5062078,-112.0739142,33.5602788352277,-112.054710388184],[168,181,229,11,101,38,39,88,7,47]
9ymlFMs2NEUXBHgH_vjrLw,33.532125,-111.96086,8,[33.532125,-111.96086,33.532125,-111.96086],[48,11]
Ksm_R7lneKDRa0yaUoBp3A,33.361360403793,-111.969444225485,148,[33.220784807586,-112.3556173,33.501936,-111.58327115097],[126,11,190,28,140,99,265,109,38,48,39,41,43,40,26,143,97,7,108,27,49,178,17,29,224]
W4lAXu-SpXI4_ioVDfmPAw,33.4549678,-112.0791022,4,[33.4549678,-112.0791022,33.4549678,-112.0791022],[33,119,99,11]
BPde0dz-vM4_fZCNPRT8sA,33.50377915,-111.97596775,12,[33.423546,-112.045816,33.5840123,-111.9061195],[119,11,38,99,39,40,48,182,140,7,9,10,212,126,293,194,27,28,17,29]
HbMJpymPZM9Tx3E-X0zTHA,33.45,-112.07,10,[33.45,-112.07,33.45,-112.07],[48,11]
jqkFPSOqaY-kFhKvBkaPBA,33.5667871934451,-111.924934387207,2,[33.5667871934451,-111.924934387207,33.5667871934451,-111.924934387207],[166,6,21]
d7aABYu7c54YMAZvQKIsWg,33.4576266,-112.0474748,2,[33.4576266,-112.0474748,33.4576266,-112.0474748],[168,26,11]
sMiqBDhg1oasooQ7pWBQ_Q,33.494205,-111.931447,2,[33.494205,-111.931447,33.494205,-111.931447],[48,11]
KnhD16LRku2SFADeZodYyQ,33.63649149343,-111.92411975507,3,[33.63649149343,-111.92411975507,33.63649149343,-111.92411975507],[6,32,302,110,1,141]
NfyrHToGY6aJu22U9oS8Xg,33.42167355,-111.96956845,200,[33.304703,-112.0986063,33.5386441,-111.8405306],[26,11,265,48,177,140,168,63,38,39,27,49,322,57,146,52,119]
XyaIK2hN3SNMohT5AbKxbg,33.552498249652004,-112.05425455,43,[33.4372675,-112.1841291,33.667728999304,-111.92438],[7,139,36,26,127,11,126,206,177,140,251,97,98,10,9,224,99,307,212,43,27,109,38,39,63,48,192,322,57,145,449,108,24,41,42,423,247]
OZboiEv9wUuItn8CHfSnJQ,33.319395,-111.874965,3,[33.319395,-111.874965,33.319395,-111.874965],[182,48,140,11]
50JXhF3YpFJ1B4EAdy6F7g,33.499499,-111.927402,1,[33.499499,-111.927402,33.499499,-111.927402],[48,11]
Nqc2Xd_6gx-9OlX9tzaYmA,33.58474065,-111.9451154978335,9,[33.4860023,-111.966112,33.683479,-111.924118995667],[119,99,11,127,33,212,229]
kWgHu1FgoaQDYFSJNPNYSw,33.5634891,-112.14752250000001,7,[33.487843,-112.247024,33.6391352,-112.048021],[43,11,33,141,25,6,41]
k3nRVafhnj-cdZLyfCF3PA,33.5578007,-111.9101062,3,[33.4874997,-111.9289893,33.6281017,-111.8912231],[38,48,39,11,88,298,108,145,7,57,351]
vn3lecMsL3kXVe-7hg3gLg,33.4586707,-112.01719565,200,[33.261657,-112.227394,33.6556844,-111.8069973],[30,13,6,45,25,26,11,98,7,24,292,99,48,108,27,84,339,129,78,332,278,79,33,119,120,36,8,162,46,194,28,170,403,236,103,126,97,155,54,137,139,240,241,142,49,445,66,52,338,63,127,72,395,200,174,195,65,210,21,294,106,55,122,44,296,117]
hzHo3WIWqoyhmgx5l-pw2Q,33.4239428,-111.939864,3,[33.4239428,-111.939864,33.4239428,-111.939864],[38,273,39]
rR5W8Bj-IGu6sw1_1v4m7g,33.232181,-111.73593650000001,200,[32.881807,-112.107623,33.582555,-111.36425],[24,11,126,57,69,56,33,38,39,7,137,8,139,27,6,21,109,63,292,99,48,71,72,108,192,127,142,26,106,54,107,97,41,140,40,190,28,182,172,43,88,17,18,297,119,465,145,112,212,224,9,10,210,36,89,244,219,218,45,65,148,204,49,341,78,79,298,104,161,195,333,29,47]
uMxGricI_UKn9gB38i5Awg,33.5997262,-111.9872563,3,[33.5997262,-111.9872563,33.5997262,-111.9872563],[126,11]
Q8clQkjfSjk50sHNhMcVKQ,33.4443537,-111.9203232,10,[33.306499,-111.9819,33.5822084,-111.8587464],[224,11,119,26,168,42,43,149,251]
uq5C5qFHN7iqvdX83VwrlA,33.45099775,-112.06945884999999,32,[33.4492,-112.0696,33.4527955,-112.0693177],[26,127,11,177,140]
1MCgRQCGGv9KEH7n4dvX6w,33.457863,-112.068359,9,[33.457863,-112.068359,33.457863,-112.068359],[38,48,39,11]
F66ALXcvZJcpGMbJ90zS8g,33.4178338,-111.91404875,97,[33.2972473,-112.26167,33.5384203,-111.5664275],[7,98,10,9,11,27,63,108,129,175,332,79,121,26,48,24,99,41,8,6,116,36,113,173,112,57,327,208,35,38,128,39,33,49,316,74,182,4,100,425,157,103,162,168,46,139,225,375,72,184,297,142,292,12,114,13,115,322,127,44,306,45,30,110,146,341,120,17,62,52,15,191]
N2Oip_yWL3ewNuTTmEAfwg,33.48932394245675,-112.0233500003815,52,[33.4566960573784,-112.072327136993,33.5219518275351,-111.97437286377],[119,11,49,445,66,52]
QQEKEXrSbO8dtATYJEyMWQ,33.5092556,-112.0378823,11,[33.5092556,-112.0378823,33.5092556,-112.0378823],[7,142]
onGShWtxnrsB62P6OMIJWQ,33.4948197,-111.9798208,2,[33.4948197,-111.9798208,33.4948197,-111.9798208],[177,11]
Ooc298cJRTvQBTglxwIF1w,33.4460879,-112.0741278,1,[33.4460879,-112.0741278,33.4460879,-112.0741278],[43,11]
RYh0uRAk_l54NHz_34OlrA,33.5254487,-111.91540309999999,6,[33.4931793,-111.9320931,33.5577181,-111.8987131],[39,26,127,11,168,99]
lQ003fkB1ODSdXs__Rs9Rw,33.5386441,-112.0986063,14,[33.5386441,-112.0986063,33.5386441,-112.0986063],[26,11]
MroMYiuD6GdmKb3Ak37Z3A,33.35374745,-111.96428549999999,9,[33.3049899,-112.05577,33.402505,-111.872801],[88,38,99,39,11,7,47,96,72]
EFvoDZ_B47s7-akDMN7aQg,33.5854169,-112.00628044999999,23,[33.4922188,-112.1230703,33.678615,-111.8894906],[11,63,27,112,6,7,365,41,259,260,47,48,307]
FUwYoUNJv7ExQeESj_gpHQ,33.41538,-111.94765100000001,7,[33.348162,-111.9819,33.482598,-111.913402],[7,24,47,27,11,251,26,177,192,33,119,99]
C-EeFdEX9aLcossGmBe92w,33.4471735,-112.073781,1,[33.4471735,-112.073781,33.4471735,-112.073781],[119,99,11]
zGLzpRlor83RVDcUjBCp1Q,33.5190616,-112.06976875000001,139,[33.317906,-112.2691041,33.7202172,-111.8704334],[57,56,17,18,26,11,109,38,265,39,182,99,3,93,376,335,28,29,33,117,7,139,8,36,251,168,169]
jha2PQuC6rXMwllkBEEPPw,33.4341014,-111.784771,2,[33.416797,-111.805626,33.4514058,-111.763916],[84,345,6,346,78,79]
Pwil2kkb1mNO6jVsAI84wA,33.38215400405795,-111.97227341758,22,[33.2125748081159,-112.2692793,33.5517332,-111.67526753516],[33,11,63,27,7,48,47,43,38,39,10,24,265,196,168,99]
EifetnRzHgiSTm40hQvByQ,33.5403597,-111.8842066,23,[33.5403597,-111.8842066,33.5403597,-111.8842066],[130,32]
WJhG3YGrc72Lncv0ACNbwQ,33.3425583,-111.8786959,25,[33.2631834,-111.967861,33.4219332,-111.7895308],[212,26,43,11,361,88,38,99,39,7,33,48,47,224,65,133,71,72,54,55,122,57,69,137,8,139,61,13,6,185,12,114,126,97,27,127,84]
cykCXyNrk3Xpo5ScViqA3w,33.51029885,-111.95508684999999,48,[33.321864,-112.1839297,33.6987337,-111.726244],[126,97,11,43,7,292,27,63,139,48,24,108,119,98,17,62,49,325,326,52,26,38,99,39,40,117,338,201,142,311,88,89,137,6,185,221,475,352,265]
GnTGApuhE3TBn8Lt05RfIQ,33.4781256,-111.91851915,19,[33.4542695,-111.9276185,33.5019817,-111.9094198],[168,11,38,26,128,39,99,48]
TJzZTQ9Wex5hbHFXFgiM_Q,33.4726901926666,-111.868286132812,1,[33.4726901926666,-111.868286132812,33.4726901926666,-111.868286132812],[328,32]
aW-t1HTjXygsOWVk4gRQDQ,33.475971099999995,-111.99117475,20,[33.4495327,-111.9955012,33.5024095,-111.9868483],[168,11,7,8,119]
vAngqOQ_oL97L_FEcoIUfg,33.5236268,-111.93782075,8,[33.3637746,-111.966112,33.683479,-111.9095295],[265,11,63]
RL9bXO8nwTq4gM2kU08ieg,33.581003,-112.0013036,28,[33.4909729,-112.1173399,33.6710331,-111.8852673],[126,97,11,38,99,39,7,8,119,265,48,26,128,140,40,127,28,17,29,53,54,55,122,168,212,361,109,274,6,13,205,106,295,63,27]
zkYVynne6WGty88k474KBA,33.447654,-111.997989,2,[33.447654,-111.997989,33.447654,-111.997989],[49,57,327,330]
nw2Tm5drc_7GiBlV8f6-wA,33.6753306,-111.9633729,2,[33.6753306,-111.9633729,33.6753306,-111.9633729],[38,48,39,40,11]
yoXjXUKF0jUBu3PLkrb3yg,33.523984,-112.04698,3,[33.523984,-112.04698,33.523984,-112.04698],[265,11]
koj-Xa7KKafdyp06M_qn5g,33.379624,-111.755389,2,[33.379624,-111.755389,33.379624,-111.755389],[24,11]
ueYWB1LvKpu3XONT2yOiQQ,33.320203785852,-111.9446939218,3,[33.320203785852,-111.9446939218,33.320203785852,-111.9446939218],[126,97,11]
SDwqxiWJCQqcXCCqysorow,33.586021599999995,-112.25705228731701,13,[33.5331251,-112.363443374634,33.6389181,-112.1506612],[251,212,11,38,265,39,10,27,168,63,33,7,142]
nlwMrftoUQbHjd3fe9Uc3g,33.28348565,-111.87852645000001,46,[33.261388,-111.8998179,33.3055833,-111.857235],[7,142]
6mre9Wbn3QIBXzh3OeLEeQ,33.56354090000001,-112.01267825,16,[33.5005043,-112.0999,33.6265775,-111.9254565],[43,11,251,33]
dCiMlrTEOJNarFBZBIftOA,33.5818251,-112.1250101,3,[33.5818251,-112.1250101,33.5818251,-112.1250101],[65,133]
RpXX7xe99wvZ-V8-j5dq6w,33.313774,-111.859677,1,[33.313774,-111.859677,33.313774,-111.859677],[26,11]
NAsj-ZjW21koObNQMSF2Ag,33.4922985,-111.9245517,18,[33.4922985,-111.9245517,33.4922985,-111.9245517],[210,11]
QB49hhSLpPMaZ_rqBjP8uQ,33.4679567,-112.01151469999999,7,[33.4401954,-112.0972094,33.495718,-111.92582],[26,11,71,72,168,144,99,33]
NNy1kBkDONGbJ-Bz1zkB3A,33.5092898,-112.0364736,1,[33.5092898,-112.0364736,33.5092898,-112.0364736],[169,11]
YIMPs38Pq_klbHvVt36NaQ,33.2349701,-111.7708012,3,[33.2349701,-111.7708012,33.2349701,-111.7708012],[49,52]
W_HP7bsjtt2-iaiRJz60bQ,33.5018833583035,-112.01459326255599,8,[33.4952337,-112.029066725112,33.508533016607,-112.0001198],[49,82,59,210,11]
xlAQFeVoBWdPW0kdb9_BtA,33.683479,-111.966112,101,[33.683479,-111.966112,33.683479,-111.966112],[161,28,29,17,65]
JMoFqNU2hbkefKcaSkgHmw,33.523430000000005,-112.07207890000001,13,[33.407457,-112.2183588,33.639403,-111.925799],[119,48,24,11,338,382,206,177,7,108]
6C30U6eLu10KNJYfhCUL2Q,33.30610505,-111.75778840000001,9,[33.3014001,-111.772012,33.31081,-111.7435648],[7,11,63,168]
mWa_7TJrjQ_Y4VOLZw_49g,33.5094461,-112.0403946,1,[33.5094461,-112.0403946,33.5094461,-112.0403946],[63,27,11]
Xafv2eDKqe_iSx3QhJv3KQ,33.4495394,-112.0656645,3,[33.4495394,-112.0656645,33.4495394,-112.0656645],[7,449,97,11]
BU5ZDfvoLLtNdWEBVf33BQ,33.40632085,-111.9556442,35,[33.303233,-112.0687564,33.5094087,-111.842532],[88,7,38,47,39,33,48,11]
FopAKid3OBQQ-jVmY8HCPA,33.557539899999995,-112.1003263,13,[33.4593954,-112.2706247,33.6556844,-111.9300279],[109,38,48,39,11,99,7,108,33,117,57,20,56,362,23]
De2aVaPaLxyLC7NWBN-cAQ,33.624353,-111.9256308,18,[33.6239149,-111.9257312,33.6247911,-111.9255304],[48,11]
4qHDTXscBB8zrz5wXaoXfw,33.43475,-112.00644,1,[33.43475,-112.00644,33.43475,-112.00644],[28,170]
KoplwVOqt46ON4MWnTb_4g,33.5071469,-112.0744706,2,[33.5071469,-112.0744706,33.5071469,-112.0744706],[48,11]
JgA7_pHUf4KKWj-n9vB-8A,33.5680128,-112.0222276,28,[33.5242874,-112.0474855,33.6117382,-111.9969697],[99,127,11,63]
wvtPNO4_6v6hq9ZYy3njdQ,33.4211681,-111.942514,3,[33.4211681,-111.942514,33.4211681,-111.942514],[421,65]
5JIO9gQSv1CqVdKbeuvR5g,33.5814339,-111.8795353,6,[33.5814339,-111.8795353,33.5814339,-111.8795353],[48,11]
MbFmL9erGrwv1DyCSg4R7Q,33.447944,-112.03393,2,[33.447944,-112.03393,33.447944,-112.03393],[28,271]
DS9UoVvnVDOxuQzb877utg,33.627288,-111.89567,4,[33.627288,-111.89567,33.627288,-111.89567],[7,9,119,10,11]
DnEn4DrIdhLqm9y6frQmvQ,33.581288900000004,-112.066465,6,[33.4966128,-112.203707,33.665965,-111.929223],[99,11,43,26,109,38,48,39]
F98yAgA43QQR0woD80Voaw,33.4797222,-112.42738,2,[33.463543,-112.512882,33.4959014,-112.341878],[352,201,11,126,97]
cavJUMP2BExeGXfOHnGpWw,33.354849200000004,-111.89955175,11,[33.3216034,-111.9626175,33.388095,-111.836486],[49,312,146,17,152,251,11,126]
3x-0B1BXggcqtEEL--mO1Q,33.4477082,-112.070093,1,[33.4477082,-112.070093,33.4477082,-112.070093],[168,265,99,11]
OxiEJ8lMQTTDQQ6UyHG2Pw,33.4222143,-112.03112580000001,73,[33.3492306,-112.1858356,33.495198,-111.876416],[212,361,11,26,251]
9g6N8Hq0nIjaHQHgN90Z_A,33.4315119,-112.0561119,1,[33.4315119,-112.0561119,33.4315119,-112.0561119],[26,11]
J-RR0HXhUgd-Hep_U06PJA,33.8000576,-111.9280264,16,[33.8000576,-111.9280264,33.8000576,-111.9280264],[65,158,17,28,161,29]
rU0NJVq15UpaEsm55slz5w,33.700033,-111.888462,2,[33.700033,-111.888462,33.700033,-111.888462],[218,11]
MSgZpSWlf8T2H_46OWNgCQ,33.867201449999996,-112.1416834,4,[33.8644291,-112.1480614,33.8699738,-112.1353054],[185,11,28,17,18,29]
6MkOKVxt_Mz8nb1LHrkWwg,33.4973896,-111.9223075,1,[33.4973896,-111.9223075,33.4973896,-111.9223075],[38,126,39,11]
fCDsJINnhFsnJNHGp0nSsA,33.560655,-112.0408176,14,[33.479852,-112.112471,33.641458,-111.9691642],[7,8,26,11,194,239,161,28,65,17,29,119,99,4,5,6,73,72,71]
GRc24m8FZtjicz1tpccQbg,33.4645681900305,-112.272752523422,2,[33.4645681900305,-112.272752523422,33.4645681900305,-112.272752523422],[177,500,140,192,11]
WwFuWnyLatdSynp6f8NTiA,33.5283691243405,-111.953026826976,3,[33.4354634,-112.0069893,33.621274848681,-111.899064353952],[98,7,24,11,26]
vfPEUi1O4RwC754M9p9bsg,33.543593099999995,-112.15366265,7,[33.4471783,-112.232875,33.6400079,-112.0744503],[57,39,145,26,11,38,48]
IzTrBTvhU0QdsFP-2G896Q,33.5562781,-112.26409765,13,[33.4466932,-112.3410693,33.665863,-112.187126],[7,9,119,11,218,41,43]
2ily1A1ZOIvirbe83jnk5g,33.4964751,-112.0839659,6,[33.4964751,-112.0839659,33.4964751,-112.0839659],[99,11]
922TKMD60Oor4uHsPjL5Hg,33.65963835,-112.022293207698,24,[33.4548476,-112.1353054,33.8644291,-111.909281015396],[340,210,11,43,7,108,10,24,63,27,57,470,145,39,38,48,40,49,52,333,326,119,185,26]
XfslRGEPm_MtzPqmQxRmKg,33.7129847,-112.1114555,5,[33.7129847,-112.1114555,33.7129847,-112.1114555],[27,11]
D9BTg0QydXDrXOjpqnTsVg,33.5104108,-111.93586435,75,[33.4537841,-111.9532638,33.5670375,-111.9184649],[28,158,17,29,49,368]
ja5S2Meu_59oiYOv6KNk2g,33.337881422397004,-111.75685435739749,2,[33.321061644794,-111.7897898,33.3547012,-111.723918914795],[7,108,48,11,99]
ZWOj6LmzwGvMDh-A85EOtA,33.3195828,-111.8592461,200,[33.3195828,-111.8592461,33.3195828,-111.8592461],[43,11]
ARiIISWbA3shCt1rp-9z4g,33.50658305,-111.9176233,13,[33.4853168,-111.926503,33.5278493,-111.9087436],[259,63,260,48,11,7,313,27,8,109,38,39,4,6,219,218]
FBnMnm-1YbcJynWD4Wi28A,33.3206771730815,-111.86993642252,10,[33.233122,-111.88895784504,33.408232346163,-111.850915],[54,55,122,71,72,287]
ip1aLMenP551gUcrHdDgLQ,33.682132,-112.103734,1,[33.682132,-112.103734,33.682132,-112.103734],[288,32]
eovbigPsdg3kv5yI-B_skw,33.6856870620715,-111.925299167633,2,[33.6856870620715,-111.925299167633,33.6856870620715,-111.925299167633],[202,72]
jd5BnirFuN4ahn6shwCtlA,32.94577,-112.725502,155,[32.94577,-112.725502,32.94577,-112.725502],[28,17,29]
Milv8k4zZsoCaNFZugKtJw,33.377732449999996,-111.695006,200,[33.2984719,-111.897967,33.456993,-111.492045],[38,39,28,102,190,103,185,11,7,292,99,48,17,29]
XOqbhX2cyy6tgIpcLnFHnw,33.261388,-111.857235,1,[33.261388,-111.857235,33.261388,-111.857235],[126,11]
96QoVG4OvT3sdeaDsoOrog,33.46743945,-112.00207355,39,[33.427732,-112.0744706,33.5071469,-111.9296765],[26,11,46,6,48,28,170]
9OsD0gC4-jDkXeDHhexHGw,33.40084115,-111.885277,10,[33.306503,-112.012504,33.4951793,-111.75805],[7,9,108,48,11,117,99,246,119,139,24,17,423]
0nGhcoAEiOFNQBswqifYWA,33.413857,-111.553733,1,[33.413857,-111.553733,33.413857,-111.553733],[208,6,35]
C1kD2ti9LQnK2ZvDVvEcvQ,33.3633375,-111.9112218,7,[33.3633375,-111.9112218,33.3633375,-111.9112218],[43,11]
YM_5GOT6xx1siB9QN-GFaQ,33.56907365,-112.2822679,45,[33.5324161,-112.3010423,33.6057312,-112.2634935],[28,17,29]
KqdLO5Q3-DB1qSl5OtErsQ,33.5019817,-111.9276185,3,[33.5019817,-111.9276185,33.5019817,-111.9276185],[38,48,39,11]
UekShf_4sXFHweCBGrRwIg,33.5963393,-112.1530705,1,[33.5963393,-112.1530705,33.5963393,-112.1530705],[141,25,6]
xsI9eY9aQfuoE9bvkUohbQ,33.5144179243405,-111.982015476976,3,[33.407561,-112.0649666,33.621274848681,-111.899064353952],[119,201,11,88,38,99,39,26]
IKwvOnxRU_98g8CLJyTZ6w,33.4024145,-111.8314062,19,[33.390352,-111.8729754,33.414477,-111.789837],[24,11,168,144]
jznsDrQnVS8uwjH_Kjjv9g,33.4801394,-112.0915342,3,[33.4801394,-112.0915342,33.4801394,-112.0915342],[24,11]
NSjcfqI-Wbpmwa60UOcaOw,33.4911196,-112.06847685,3,[33.4719589,-112.0720329,33.5102803,-112.0649208],[351,57,39,251,11]
XZa7RH-oeileVFFE5AQuFw,33.37728,-111.95455,61,[33.346843,-111.958297,33.407717,-111.950803],[6,87,224,11]
1VyqxZ4LawfHiRghQryVWw,33.4999947,-111.92532525,170,[33.4994444,-111.9264093,33.500545,-111.9242412],[38,145,57,205,39,40,119,99,11]
wzNbeocGtQkE9Wwi-Oz_Mg,33.38211665,-111.77336679999999,2,[33.3786853,-111.7925535,33.385548,-111.7541801],[126,97,11,48,120]
WRbxG3XIqzJWe4Tpdzgrlg,33.5831442,-112.1553012,3,[33.5831442,-112.1553012,33.5831442,-112.1553012],[38,11,99,39,296]
jiqhmK6HOPJ8cJDFwR3DXQ,33.5839581,-111.9788671,1,[33.5839581,-111.9788671,33.5839581,-111.9788671],[11,63]
zQE0aulnd-gcfVw17HeULg,33.41355525,-111.99959455000001,12,[33.305264,-112.072854,33.5218465,-111.9263351],[27,11,38,26,128,39,296,210,7,36,40]
mtTuStg5y1yGRBjGIk9SxA,33.36390365,-111.9255333,7,[33.3487772,-111.9741847,33.3790301,-111.8768819],[167,65,44,24,11,265]
3CxtJeQDgV_a7COCd-zu6w,33.4949678,-111.9241443,8,[33.4949678,-111.9241443,33.4949678,-111.9241443],[11,63]
ohORUUNmUIgPxwiqyNMkMQ,33.396076328689205,-111.9743320684965,23,[33.3354566,-112.072327136993,33.4566960573784,-111.876337],[7,162,43,11,119]
Pju7Py7miiFtNBq5ZuYPww,33.567556,-112.1539593,89,[33.567556,-112.1539593,33.567556,-112.1539593],[97,11]
57ZoiEQ0pYnMXRyOJEMhgg,33.50488845,-111.95885475,7,[33.3344463,-112.071339,33.6753306,-111.8463705],[38,11,128,39,33,265,185,126,97,119,120,48,40]
eWYLYS8sNkSxYjD50aSi9g,33.3940717,-111.8729639,24,[33.3940717,-111.8729639,33.3940717,-111.8729639],[119,99,24,11]
7qXMPTvqkEQJ3j1mPpZ7Ow,33.461344,-112.3584829,1,[33.461344,-112.3584829,33.461344,-112.3584829],[7,142]
8PFb8PlqbStwicbTXevqYA,33.3856574,-112.01113889999999,3,[33.315619,-112.0740398,33.4556958,-111.948238],[84,291,7,36,8,247]
nF3tkX7cdrnlg0u_F8xYpw,33.496625,-111.928044,1,[33.496625,-111.928044,33.496625,-111.928044],[98,7]
VajCyjfF5NFLl4ljd4cSjg,33.3051122,-111.99506,16,[33.3051122,-111.99506,33.3051122,-111.99506],[7,108,119,172,11]
lEHtQHILKqpIko6m1E1awA,33.6239149,-111.9255304,5,[33.6239149,-111.9255304,33.6239149,-111.9255304],[48,11]
9EeQNwobM-OWGlsYb8v3wA,33.4712477,-112.0650649,2,[33.4712477,-112.0650649,33.4712477,-112.0650649],[48,11]
cjhSTaDI5XffCXRJsXPmSQ,33.5246804,-111.941449,15,[33.4787939,-111.996292,33.5705669,-111.886606],[49,82,59,126,97,11,174,54,195,65,161,109,38,39,63,48]
bIZiqk9KkgrnVizFB5feLA,33.63236,-112.13216,1,[33.63236,-112.13216,33.63236,-112.13216],[49,319,80,82,59]
d1o01mHoY7Yv5hzDZE9VBg,33.50264235,-111.9779265684965,26,[33.4218047,-112.072327136993,33.58348,-111.883526],[38,128,39,119,11,99,88,40,7,142,33,43,48,162,114,13,6]
aDWoiU4vSN9Qdd_I5LGfWA,33.426351,-111.940137,6,[33.426351,-111.940137,33.426351,-111.940137],[38,99,39,11]
kBlISlM0QgdkS_a15aRMkA,33.5538292,-111.994394,13,[33.407065,-112.071339,33.7005934,-111.917449],[11,63,48,26,202,72,43,119,99,38,128,39]
i5Cu3OeBoznJILCO6J_DAg,33.4962205,-111.9641728,10,[33.4962205,-111.9641728,33.4962205,-111.9641728],[38,140,39,40,48,11]
_0szALNJcjAWCPyF7uxbKA,32.8791409,-111.6889923,59,[32.8791409,-111.6889923,32.8791409,-111.6889923],[99,11]
Jsb83d2TamXZN9s2W1L47A,33.509692,-112.061069,1,[33.509692,-112.061069,33.509692,-112.061069],[7,36]
UJQSSHG2uMx6o9K1tGxiDQ,33.47185785,-112.0209119,5,[33.3488977,-112.065439,33.594818,-111.9763848],[63,99,11,168,48]
8Gj7JC6oApvq4DN76hjOPw,33.5641855,-111.85991765,5,[33.5403597,-111.8842066,33.5880113,-111.8356287],[130,32,7,162]
xE9PJ8UEJugtuZ6sc82U9g,33.4608264,-112.05226339999999,5,[33.455863,-112.072167,33.4657898,-112.0323598],[212,11,26]
YKF3WvLMhVeshHBvcr6yFA,33.4702022,-112.0653186,1,[33.4702022,-112.0653186,33.4702022,-112.0653186],[182,172,11]
Cx8A3PrqJ_cQZZF_eOzmig,33.378705,-111.9635493,12,[33.378705,-111.9635493,33.378705,-111.9635493],[28,17,18,29]
jCIERTSh2kSDW5IlIeNGLQ,33.5020654,-111.9242599,19,[33.5020654,-111.9242599,33.5020654,-111.9242599],[28,17,29]
6e0dfWZ75F9RlZ0wnsGcIw,33.34024346483,-111.859514995224,200,[33.34024346483,-111.859514995224,33.34024346483,-111.859514995224],[43,11]
WBth5OOvugUKkLHJme_JrQ,33.5089234546901,-111.9289749215425,66,[33.3068367093802,-112.1142778,33.7110102,-111.743672043085],[71,72,33,119,11,219,218,41,7,142,292,127,63,27,192,24,98,10,9,177,140,38,48,39,40,182,168,99,210,265,126,97,8,138,139,323,377,12,13,6,205,351,57]
bnOiCYL0uCvOfxL9L7sA8w,33.45506625,-111.9907934,8,[33.4542695,-112.072167,33.455863,-111.9094198],[168,11,212]
XstCaSApBsuaygh9_ceX0w,33.654362,-112.1169683,1,[33.654362,-112.1169683,33.654362,-112.1169683],[28,17,29]
GJxgafXp77dMwU50vnqfIA,33.50251,-111.922671,6,[33.50251,-111.922671,33.50251,-111.922671],[28,17,29]
UTt78HkUgvATBJxhXIPZJw,33.496362000000005,-111.9998776,15,[33.455863,-112.0739142,33.536861,-111.925841],[48,11,7,108,5,6,4,168,181,229,38,128,39,63,119,47,137,139,27]
tHJ1gauJJyZj7peHBZ22Cw,33.48632,-111.990194,3,[33.477035,-112.051043,33.495605,-111.929345],[57,186,6,112]
SeE7Om9dLCv6LmiXOkjUMg,33.43475,-112.00644,200,[33.43475,-112.00644,33.43475,-112.00644],[28,170]
bxVMhH1rH8_JX2JoHGVRuw,33.344661,-111.964764,1,[33.344661,-111.964764,33.344661,-111.964764],[71,72,184,297]
jUl5dX0swzoZ4Cqa1Dks_w,33.5560781,-111.8987064,6,[33.5560781,-111.8987064,33.5560781,-111.8987064],[39,38,26,127,11]
3xkpmZ2O0cntZ-xI0CULyA,33.6099116,-111.7295047,33,[33.6099116,-111.7295047,33.6099116,-111.7295047],[7,9,201,11]
Gc2HgeugdfddetscYkNoOg,33.4864053,-111.98707279483949,26,[33.3488957,-112.0722782,33.6239149,-111.901867389679],[177,48,11,65,133,109,38,39,63,119,99,24,168,126,97,43,265,7,108,189,10,64,224]
63HOmdiJzMOw9figAu14QQ,33.53072935,-112.0132539,21,[33.421909,-112.100731,33.6395497,-111.9257768],[27,11,486,38,128,39,7,108,172,99,244,212,26,120,48,127,126,97,182,43,109,63]
2ilke9R54R_45T1xcSXmbw,33.43475,-112.00644,200,[33.43475,-112.00644,33.43475,-112.00644],[28,170]
AX9RoaxW2E2XZjV9HW22RQ,33.4658736,-112.0507475,2,[33.4658736,-112.0507475,33.4658736,-112.0507475],[210,11]
EPqrzm6kYxCJqifhMB4xVw,33.6387746,-112.1709674,7,[33.6387746,-112.1709674,33.6387746,-112.1709674],[99,120,11]
D1oVrDJs-oRo3aLnwZff_g,33.6644693,-112.1172333,2,[33.6644693,-112.1172333,33.6644693,-112.1172333],[106,279,398,54]
JCx3wTsBcN91i7uF1RM-aA,33.624785,-111.87950745,9,[33.416355,-112.0739689,33.833215,-111.685046],[33,117,11,49,178,27,63,24,38,48,39,185]
Rt-M0Vz3xolu7Me045AjvA,33.467744744079,-112.012297961415,7,[33.4217923,-112.07341192283,33.513697188158,-111.951184],[48,11,206,98,7,24]
2XA5eFA-8fgvbwCPYF4RLQ,33.4499,-112.0739,21,[33.4499,-112.0739,33.4499,-112.0739],[26,11]
y9XkuHae3bugfMDdRxSKNQ,33.38003,-111.839625,3,[33.38003,-111.839625,33.38003,-111.839625],[33,44,11]
TCEqENMcnIjsBCjlI_Stzg,33.54011,-112.117936,200,[33.217804,-112.613772,33.862416,-111.6221],[46,6,26,11,49,409,7,4,142,292,119,48,108,15,191,93,3,94,32,95,44,127,24,38,99,128,39,296,10,212,77,35,76,30,13,194,8,110,98,33,153,62,17,63,54,324,80,59,97,84,124,125,304,387,43,72,345,282,264,45,47,106,82,130,9,193,206,182,14,200,27,148,25,57,327,208,280,100,425,36]
Cs30FCG38uKQdVSx2eGPLg,33.3787291,-111.8806807,86,[33.2587342,-112.073781,33.498724,-111.6875804],[161,65,133,48,11,26,117,251,43,126,97,7,47,212,361,109,38,39,108]
214Mx3IZyu8fH3-UuHbm1w,33.385612439484504,-111.92314238936001,3,[33.378062078969,-111.93822637872,33.3931628,-111.9080584],[7,108,64,65]
FzuWeJeVwjOBQW846M5PuA,33.4661264,-111.9175425,60,[33.4661264,-111.9175425,33.4661264,-111.9175425],[98,7]
GKLLr7IQyycrfAtduvOR2A,33.30167984294905,-111.73322756571801,6,[33.298078,-111.7459158,33.3052816858981,-111.720539331436],[26,11]
3LBIRBV0s25CU09MfOQm-Q,33.44114385,-111.74495825,50,[33.3580003,-112.0474855,33.5242874,-111.442431],[99,127,11,27]
lviDcQ3XJhSDV6505H7JfA,33.5643028142578,-112.000565244824,20,[33.4719589,-112.1345686,33.6566467285156,-111.866561889648],[48,11,251,26,63,27,119,185,38,265,39]
rIPRarmwppHRqP8NHjnknA,33.561196699999996,-111.94855085,2,[33.495157,-112.0014474,33.6272364,-111.8956543],[26,11,63]
RFZ1_u3HVXZxj0iUQzQe8g,33.457249,-112.0712298,1,[33.457249,-112.0712298,33.457249,-112.0712298],[57,69,38,40,39]
ke4L0Q9VinEc5t-mna17Zw,33.638557434082,-112.365898132324,2,[33.638557434082,-112.365898132324,33.638557434082,-112.365898132324],[7,189,10,24,11]
R5U8Der16p8qVVNOJzebng,33.572269,-112.115428,109,[33.572269,-112.115428,33.572269,-112.115428],[28,17,29]
YcSWekAZIjdcuZJxzGcRSQ,33.341890322397,-111.80002890739749,26,[33.321061644794,-111.8761389,33.362719,-111.723918914795],[89,11,99]
Ym_lh7123xjqliWgPWdCmQ,33.413909280298,-111.69928375555,3,[33.413909280298,-111.69928375555,33.413909280298,-111.69928375555],[106,54,424]
Mmu71kQx4bgtxAHFVfo73A,33.5093758,-112.0742672,1,[33.5093758,-112.0742672,33.5093758,-112.0742672],[7,108]
XwHONAP0bPlJcNMGInTShg,33.4939313,-111.9256266,20,[33.4939313,-111.9256266,33.4939313,-111.9256266],[185,11]
U2KOex5rXGYvmtrv8MpL1Q,33.4922985,-111.9245517,3,[33.4922985,-111.9245517,33.4922985,-111.9245517],[210,11]
qatz7bAPIdEMKZgShee_gA,33.3135389,-111.8412612,2,[33.3135389,-111.8412612,33.3135389,-111.8412612],[26,11]
8y6Ya7Qfoir0o4YyqyacAg,33.4941704,-111.9260519,4,[33.4941704,-111.9260519,33.4941704,-111.9260519],[179,65]
VyFU_G1GgwzVmkNDP8q1tQ,33.334619,-111.84268,23,[33.334619,-111.84268,33.334619,-111.84268],[340,201,11]
7FuLnS_-b79GG-33mwLaMg,33.47328295,-111.96884645,200,[33.4243474,-112.011827,33.5222185,-111.9258659],[98,7,99,11,28,17,29,48,27]
BRmDAQb3IrPuZw0dNR-XgA,33.453695499999995,-112.11918825000001,40,[33.248163,-112.5909435,33.659228,-111.647433],[6,77,35,76,38,48,39,11,265,99,34,27,57,56,17,18,404,208,106,54,226,69,126,97]
4dKM5G_-NLqi43T4oGwNSw,33.48197635,-111.99558735,3,[33.4738952,-112.0649195,33.4900575,-111.9262552],[311,88,38,39,11,193,65,7,194,59,49,195]
Hxnt8_ju0Jb1KTwEWpBXqw,33.70293275,-112.05163495,5,[33.6400995,-112.1201999,33.765766,-111.98307],[308,54,39,38,27,128,11]
DaigwUvJxdky45rXnxuB0Q,33.6836757,-112.0984072,79,[33.6836757,-112.0984072,33.6836757,-112.0984072],[7,33,142,11]
Vtey4fTvKn5SsZ0SZ0m62A,33.360295750000006,-111.87846235,4,[33.3208915,-111.9686247,33.3997,-111.7883],[161,105,195,65,168,11,63,89]
2L9sVctOXuI3eFN3nPIMVA,33.510465,-111.993542,1,[33.510465,-111.993542,33.510465,-111.993542],[452,32]
eGAfB-vUSAMp2UFgpDwPjw,33.5671829,-112.09494245,104,[33.4075588,-112.3367781,33.726807,-111.8531068],[26,11,7,36,38,128,39,99,265,145,57,88,298,185,93,3,32,90,120,24,41,43,292,48,27,205,28,17,29,285,40,33,181,166,6,44,169,168,12,13]
YsnIirPTKW7y9FuvlqB0hg,33.5083781,-111.9258659,14,[33.5083781,-111.9258659,33.5083781,-111.9258659],[161,28,65,17,29]
1LfUXEdm0O3qhEqkKZjztA,33.446368928689196,-112.03376371849649,134,[33.4360418,-112.072327136993,33.4566960573784,-111.9952003],[119,11,28,170]
XwL86w-gZoO2x_ACHbD2Hw,33.3488854,-111.9789093,1,[33.3488854,-111.9789093,33.3488854,-111.9789093],[26,11]
9Zg-jvt5Rp0jDD4ZFCOnbA,33.5978789,-112.0374763,3,[33.5978789,-112.0374763,33.5978789,-112.0374763],[65,133]
SbMBGJ9z4pzOca3IbwnRPg,33.4161245,-112.0079201,11,[33.4161245,-112.0079201,33.4161245,-112.0079201],[28,17,18,29]
r5SyTpppl88oWkv2rZO3hw,33.6071829,-111.9403254,4,[33.6071829,-111.9403254,33.6071829,-111.9403254],[221,38,39,40]
RUpw3yekf5u4jsErFqXwCw,33.3057308,-111.8960397,2,[33.3057308,-111.8960397,33.3057308,-111.8960397],[97,11]
rGaZmAwROLkDFo7lR9-Dzg,33.48642365,-112.19514715,5,[33.463502,-112.351228,33.5093453,-112.0390663],[117,11,106,408,54,38,210,26,39]
nUyME-PXSm8O9CBQSYOSPw,33.479858899999996,-111.9511922,3,[33.464349,-111.9940154,33.4953688,-111.908369],[119,11,224,177,140]
VUOtKrXdJ_5ddqmdUlCyMg,33.49885105,-112.00658945,7,[33.495108,-112.0835024,33.5025941,-111.9296765],[113,6,77,35,119,11,182,99]
0qbfCsqgn7ol9m9CgAJ3WQ,33.5865585,-111.9811273058185,21,[33.495263,-112.083579911637,33.677854,-111.8786747],[224,11,54,55,122,206,177,140,251,26,99,27,7,194,24,39,38,128]
rJFV07VmtHERqlkX0wkx-g,33.52647465,-112.0501673,7,[33.413158,-112.2245556,33.6397913,-111.875779],[26,11,251,43,224,33]
WGMGe_OQeMVDl0QcaHDLLw,33.5814235,-111.7962101,28,[33.578197,-111.8307432,33.58465,-111.761677],[201,48,11,195,65,133]
G4W3ZHFYvA_R-XnejQjHaQ,33.3148631,-111.8595869,1,[33.3148631,-111.8595869,33.3148631,-111.8595869],[177,140,11]
h9FvuiV-YcvrAYBQhdSoEQ,33.5957994,-112.14393525,19,[33.4787943,-112.240062,33.7128045,-112.0478085],[177,140,11,44,285,296,26,7,36,99,24,74,185,168,41,33,142,120,27,63,10]
-Gylxh4yUIsUbOeXyrqeHQ,33.66599595,-112.0384062,23,[33.4998215,-112.151282,33.8321704,-111.9255304],[182,48,140,11,49,320,321,193,59,126]
1X5BItB--PO2zn69nyfvLw,33.312166500000004,-111.958626,4,[33.305824,-111.991311,33.318509,-111.925941],[65,133,7,108,338,11]
88jRBbDskBGdCFRv2CiFPA,33.49112,-112.079081,2,[33.49112,-112.079081,33.49112,-112.079081],[28,17,29]
ZUDLaIaRzPYA8w670mpZwA,33.5247464,-111.98881664999999,100,[33.511391,-112.069119,33.5381018,-111.9085143],[126,97,11,10]
Z1NGjOdbiFvnDqDVxB3QYw,33.536229000000006,-111.9664285,3,[33.457863,-112.068359,33.614595,-111.864498],[7,108,38,48,39,11,64,133,65]
I75jkqOEoSWfYznUGhDldw,33.502191,-111.996292,1,[33.502191,-111.996292,33.502191,-111.996292],[109,38,11,39,63]
PJeiXjIWuODjiUKeIsvEwg,33.6029318153084,-111.981189677656,162,[33.6029318153084,-111.981189677656,33.6029318153084,-111.981189677656],[7,98,10,9,11]
31rfWOWO2PZPh1bcdmUIUg,33.67847305,-112.0326712,46,[33.492517,-112.1353054,33.8644291,-111.930037],[38,7,57,18,109,209,17,39,43,11]
6ScMLX2QRURnxWiN2tM2JQ,33.430535,-112.345359,4,[33.430535,-112.345359,33.430535,-112.345359],[24,229,11]
I4EIRTgGREZKTMThz1LihA,33.4948111,-111.9263601,7,[33.4948111,-111.9263601,33.4948111,-111.9263601],[7,108]
atGMs2cdm5kzM2dFmSHtrg,33.392791,-111.807604,31,[33.392791,-111.807604,33.392791,-111.807604],[57,27,39,145,11]
Ff93FfhHKbK_vJwLc1169Q,33.67447385,-112.21312900000001,4,[33.636811,-112.241265,33.7121367,-112.184993],[7,108,57,144,11,119,99,43]
bkwfiTVLpI_36uXfPDys4g,33.5650982,-112.0737503,3,[33.5650982,-112.0737503,33.5650982,-112.0737503],[48,11]
T--thRwIQFe-25UvNl0TSw,33.4556584,-112.0719926,1,[33.4556584,-112.0719926,33.4556584,-112.0719926],[38,181,39,40,11]
rei8mFCeX19SezP_Gb94Lw,33.49204845,-111.91778915,5,[33.4862787,-111.9253728,33.4978182,-111.9102055],[98,7,24,206,11,27,63]
m7cQ0IDmsc7BdE4ApNNiKg,33.48664235,-112.0562808,7,[33.4495394,-112.072167,33.5237453,-112.0403946],[38,181,39,40,11,48,63,27,212,7,449,97]
qDfvrTTxysFCIGjdAlZLVw,33.4973432,-111.9252357,200,[33.4949678,-111.9263271,33.4997186,-111.9241443],[11,63,38,99,39]
iC2CM8UDmBolX3e5TWnu0A,33.304371889931,-111.74337686106,1,[33.304371889931,-111.74337686106,33.304371889931,-111.74337686106],[44,11]
xdXeen8BVL51ySXu9ByY6Q,33.62360065,-111.96940380000001,50,[33.4222653,-112.0467405,33.824936,-111.8920671],[57,69,48,11,7,98,10,9,449,89,32,314,38,99,39,40,119,109,24,71,72,120]
vxconXVb9KS_OGHqRO2P-g,33.6749989,-111.9776027,3,[33.6749989,-111.9776027,33.6749989,-111.9776027],[182,48,140,11]
fuziOdxUTuZGLYx5uIOhSg,33.49536875,-112.1002943,8,[33.3350531,-112.2705607,33.6556844,-111.9300279],[251,11,27,33]
3D5fuC_-2EQfVeSq-VhuTg,33.428903250000005,-112.04907155000001,5,[33.3999435,-112.068359,33.457863,-112.0297841],[185,11,38,48,39]
GS-3MAQVPsVuKmMV8K94iA,33.4424729,-112.0737871,3,[33.4424729,-112.0737871,33.4424729,-112.0737871],[7,139,423,138]
krUK2SnB7KGH1ihAycgQRA,33.633717,-111.924669,1,[33.633717,-111.924669,33.633717,-111.924669],[39,38,48,128,11]
5pqj24r1tWW28-tZorYScg,33.435106700000006,-112.0401768,200,[33.43475,-112.0739136,33.4354634,-112.00644],[98,7,24,11,28,170,309,285]
j1VvNTVzPQ6N8TgV7gjRzQ,33.2889872,-111.86926055,6,[33.2644333,-111.897553,33.3135411,-111.8409681],[17,62,224,11,12,114,13,6,22]
Zx0DYFWldPXh6VVpljBWqw,33.6071829,-111.9403254,2,[33.6071829,-111.9403254,33.6071829,-111.9403254],[221,38,39,40]
o8rC1YhHR7hiMdjtMRYl-w,33.50201,-111.9313599,2,[33.50201,-111.9313599,33.50201,-111.9313599],[265,11]
rnzSiTvDhdEF77TOFpE0jg,33.3960765,-111.8397858,3,[33.3960765,-111.8397858,33.3960765,-111.8397858],[248,6,250]
SgjR6pUm_mpmX0f-XH1Ztw,33.6119413,-111.9987462,3,[33.6119413,-111.9987462,33.6119413,-111.9987462],[38,145,57,88,39,298,11]
hn5bgMW0Zy3MNdFNw_tjOg,33.145155349999996,-111.90137585,29,[32.9103236,-112.045451,33.3799871,-111.7573007],[119,11,371,54,242,238,26,181]
D6EF2jDH7fR43oWtUQLOKw,33.538927,-112.048079,7,[33.538927,-112.048079,33.538927,-112.048079],[26,11]
JwVd8Ba7vg1hRHKjijqJlA,33.47222025,-112.07125685,7,[33.4527955,-112.073196,33.491645,-112.0693177],[99,48,11,38,140,39,40]
f8tvK2M7DbzXCxZUaWZ4yg,33.43475,-112.00644,61,[33.43475,-112.00644,33.43475,-112.00644],[28,170]
L_K5MArmDAdXUVZUXJhOfA,33.6400995,-112.1201999,2,[33.6400995,-112.1201999,33.6400995,-112.1201999],[39,38,27,128,11]
OO8KoP-ht10ka7nDH62mfA,33.363638321322,-111.91884205,11,[33.3056593,-111.9780071,33.421617342644,-111.859677],[63,27,11,26,117,7,47,48,38,265,39,99,33,44,36,126,97]
d-frkSNgJWsK3Tzg5SmFPg,33.4853445,-112.0737081,4,[33.4853445,-112.0737081,33.4853445,-112.0737081],[11]
yks29rTIlIPdaTZZ3AIbJg,33.44037665,-112.06448295000001,21,[33.4315119,-112.072854,33.4492414,-112.0561119],[38,39,40,26,11]
-iP5virnxrYp5e2M4ixUgw,33.509839,-112.109379,1,[33.509839,-112.109379,33.509839,-112.109379],[99,120,11]
E7Obdu4woxquGDmbF4DpXA,33.42183,-111.960264,2,[33.42183,-111.960264,33.42183,-111.960264],[24,11]
bIS1zw9AAik4XPisRNxzUw,33.48160444701935,-112.3261047554075,34,[33.4290058940387,-112.390394210815,33.534203,-112.2618153],[57,327,182,99,11,44]
mmQAW7F-77VeTU5_1DUZ6A,33.63268755,-112.1230121,8,[33.6116901,-112.1648254,33.653685,-112.0811988],[97,11,26,251,7,182,194,172]
EnmBJTTxVIKeJLR-skQx8Q,33.5668050728745,-111.92547082901,20,[33.5668050728745,-111.92547082901,33.5668050728745,-111.92547082901],[224,11]
A5glMhF_ZsjYi2OWCGI5nA,33.4982894,-111.9275491,4,[33.4982894,-111.9275491,33.4982894,-111.9275491],[7,108]
5IbtK6ujcXULvYKscpsrCQ,33.266696887038,-111.99153418078,68,[33.266696887038,-111.99153418078,33.266696887038,-111.99153418078],[28,29,17,11]
UzVIZit6D8sxlHc3ZqhGjg,33.56251455,-111.9263261,2,[33.500238,-111.926921,33.6247911,-111.9257312],[11,63,126,97]
gLG4gYTljeygQSkDWlilvw,33.610067,-112.1984405,5,[33.5662639,-112.276615,33.6538701,-112.120266],[64,65,27,11,63]
0FEIIx4JAKV58xOf6751Jg,33.266696887038,-111.99153418078,7,[33.266696887038,-111.99153418078,33.266696887038,-111.99153418078],[28,29,17,11]
oHZfUlRf5zOn1MatysljuQ,33.4039,-112.004661,1,[33.4039,-112.004661,33.4039,-112.004661],[185,11]
dfDk4093rs4pxw1jmydK6w,33.424522,-111.940409,6,[33.424522,-111.940409,33.424522,-111.940409],[88,38,39,40]
n8p3rKVbR5ldUXaFqpI2AA,33.569728,-111.886203,2,[33.569728,-111.886203,33.569728,-111.886203],[39,38,212,128,11]
RRB3v5oVAGdsrRCGSiaDyA,33.39292535,-111.9002165,3,[33.363936,-111.925242,33.4219147,-111.875191],[224,11]
9EcDTdTZ7rCI81LgmGInKA,33.5818622,-111.9345638,2,[33.5818622,-111.9345638,33.5818622,-111.9345638],[49,80,54,59]
6lg55RIP23VhjYEBXJ8Njw,33.6410593,-111.977935,1,[33.6410593,-111.977935,33.6410593,-111.977935],[11,27,63]
x0jojQoWmedtaXiSAjuXbg,33.3849345,-111.95209600000001,200,[33.344158,-111.963722,33.425711,-111.94047],[101,38,26,39,11,7,47,48,128,119,62,24,17]
NVVz3v-2j3Cy3AEOHRzMlA,33.492393199999995,-111.9286151,11,[33.4916237,-111.9310456,33.4931627,-111.9261846],[38,39,11,27,63]
DGTip0-KD3Rr39Oafz3ncg,33.502156549999995,-112.01202215,5,[33.4949678,-112.0999,33.5093453,-111.9241443],[38,48,39,11,210,26,63,251]
oPy23hyxvP3wgt7i7_Vk6A,33.434845147585,-111.86769035699,78,[33.434845147585,-111.86769035699,33.434845147585,-111.86769035699],[48,24,11]
E1ZNZA0vSwzvqLlPfn_v3w,33.457863,-112.068359,7,[33.457863,-112.068359,33.457863,-112.068359],[38,48,39,11]
kAw0HygRTr8QJ56Vsc_6WQ,33.5750268,-111.9042882,11,[33.4514039,-111.973603,33.6986497,-111.8349734],[224,11,33,177,140,26,185,63]
0Y3t1hePmgTsZfFpRZV8zg,33.4471735,-112.073781,1,[33.4471735,-112.073781,33.4471735,-112.073781],[48,11]
8qe2c5uRlAkvNFvDriBm1Q,33.495330499999994,-112.00505625,185,[33.335243,-112.153592,33.655418,-111.8565205],[26,11,10,7,8,138,224,139,27,43,38,168,298,88,39,119,296,137,182,97]
-QwmhDWljbhTkwqNJkYkbg,33.609937,-112.031987,1,[33.609937,-112.031987,33.609937,-112.031987],[134,135]
11H_4vCUJjQ4KpV04lc3mQ,33.44722025,-112.0612244,3,[33.43475,-112.1160088,33.4596905,-112.00644],[28,170,168,144,11,7,98,8,10]
k3rGr7CpQu_wQj9N1bP69g,33.5094461,-112.0403946,2,[33.5094461,-112.0403946,33.5094461,-112.0403946],[63,27,11]
_Sucb8GQpwJcN4NS_R_mrg,33.56326405,-111.92567075,5,[33.5025941,-111.9296765,33.623934,-111.921665],[27,11,7,142,10,24,182,48,140,63]
nHdc9BIfm_xToIExIRv8jg,33.59357,-112.176187,34,[33.59357,-112.176187,33.59357,-112.176187],[32,203,90]
uSTOzCE6WHUnyllbgiSShQ,33.65801235,-112.15169995,5,[33.6515554,-112.1861666,33.6644693,-112.1172333],[106,279,398,54]
Weem0jfLYBDJlyfKXgvMpw,33.5575185,-112.2056115,10,[33.461736,-112.371176,33.653301,-112.040047],[33,99,11,169,227,32,251,253,90,126,97]
OAWop7e3tUzl-kt3-OwPIQ,33.48738315,-112.00682950000001,47,[33.33563,-112.174034,33.6391363,-111.839625],[7,142,26,11,98,139,218,210,224,206,196,63,27,48,185,182,140,292,265,483,43,49,52,99,162,109,38,39,244,33,44,313,10,41,137,6,172]
7SpxuD6Jf-bLFgNPKfEw3A,33.54518145,-112.19740185888651,9,[33.479705,-112.260360717773,33.6106579,-112.134443],[33,11,43,117,24,177,140,157,103]
imlhSpqG_f39ORm_bhrmgg,33.4492414,-112.072854,2,[33.4492414,-112.072854,33.4492414,-112.072854],[38,39,40]
I_i3bHwfSFne6eTHPe4tMQ,33.534614250000004,-111.95737845,8,[33.502191,-111.996292,33.5670375,-111.9184649],[6,204,65,109,38,11,39,63,28,158,17,29]
8KBmUXP4gUoGPxNKnHLpjw,33.53469595,-111.99878455000001,33,[33.394393,-112.0739142,33.6749989,-111.9236549],[48,11,168,181,229,38,99,39,40,265,140,224,26,126,97]
AEBuGhObPbejMMlulLgNwQ,33.49168755,-112.3054123,4,[33.4508902,-112.3504684,33.5324849,-112.2603562],[251,11,99]
5Lj1Ox3Hf6yfKVSuJUlTbg,33.561173,-112.345676,1,[33.561173,-112.345676,33.561173,-112.345676],[71,72]
BFFRsCotHBem0KZxiHU0rw,33.4165057,-111.7330654,1,[33.4165057,-111.7330654,33.4165057,-111.7330654],[79,121]
DR8Kbm6sd97gTNhiwWwfFg,33.6235377,-111.925553,6,[33.6235377,-111.925553,33.6235377,-111.925553],[27,11]
Pw-01oERAk8bTdQy_MRE4w,33.662248,-112.1883568,11,[33.662248,-112.1883568,33.662248,-112.1883568],[11,63]
zfTWrhGi8rJScODD4qOz9Q,33.558757099999994,-111.98202475,6,[33.492335,-112.0403946,33.6251792,-111.9236549],[7,47,48,11,38,99,39,40,63,27,293]
e7cG4_RN7Z3izBKNt5Zcng,33.552114,-112.056705,1,[33.552114,-112.056705,33.552114,-112.056705],[6,45]
dk2hdhgUuLIhTwkHvzMkAQ,33.8337069,-111.936832,5,[33.8337069,-111.936832,33.8337069,-111.936832],[168,265,307,11]
3mregZxJSBzxg6B9O_E82g,33.3845355,-111.93342275,200,[33.2664769,-111.9918702,33.5025941,-111.8749753],[28,29,17,11,119,49,305,127,7,292,99,48]
9-fgje9uB04AB-opm4yChw,33.4720905777243,-112.39201426506,1,[33.4720905777243,-112.39201426506,33.4720905777243,-112.39201426506],[126,11]
iuESk0s7uICx6NaURsi53g,33.3783016,-111.906522,2,[33.3783016,-111.906522,33.3783016,-111.906522],[43,11]
f_V2mxL1oK4k2gzxN7Q-pw,33.439669550000005,-111.8878866,2,[33.395974,-111.9351219,33.4833651,-111.8406513],[26,11]
kKdoPdoddk3cEsMwO9tXPg,33.5005719,-112.0741143,2,[33.5005719,-112.0741143,33.5005719,-112.0741143],[7,108]
QuQoF0LM9HOmxadQTlXNMA,33.33216655,-111.90569984999999,4,[33.2854407,-111.9701824,33.3788924,-111.8412173],[6,77,35,76,192,140,11,149]
1_3k0SfgMEU21xcg9o_RmQ,33.55677563898085,-111.80361062720951,3,[33.5086952779617,-111.927080154419,33.604856,-111.6801411],[99,11,48]
C8A0nTFO5JWTLqBwS_W3Rg,33.530189449999995,-112.03125335,23,[33.421909,-112.1350943,33.6384699,-111.9274124],[182,48,140,11,57,69,38,40,39,26,99,244,41,7,138,8,416,139,162,27,251]
hIWlVkf-N1Yzj7I-dfF7qA,33.48911635,-111.98205485,70,[33.3052504,-112.0736348,33.6729823,-111.8904749],[27,11,0,1,71,72,24,98,7,119,26,48,38,140,39,40,44,20,231,59,49,23,415,99,88,292,232,206,182,308,54,242,238,3,450,335,219,218,41,202,33,117,128,384,436,127,63,212,211,32,381,265,309,285,47,376,377,185,224,55,122,172,340]
mgJ9m6amUajAUgWiqXOH5g,33.4920033,-111.9258022,4,[33.4920033,-111.9258022,33.4920033,-111.9258022],[126,97,11]
1-JrCzop9dKgMCoLo2F77g,33.3478272,-111.9102573,7,[33.3478272,-111.9102573,33.3478272,-111.9102573],[224,182,11]
cFoiVWF42HSXQEtqxDvdWQ,33.555379450000004,-112.08172695,5,[33.4798805,-112.2382757,33.6308784,-111.9251782],[44,296,11,41,38,48,39,40,265,99,169]
DfsrWRuuiET_-CEupb5NdA,33.48447525,-112.0394025,8,[33.4587437,-112.0775732,33.5102068,-112.0012318],[251,11,48,182,140,99]
dBuIsbWjGziup-3FHtx3EQ,33.49112,-112.079081,3,[33.49112,-112.079081,33.49112,-112.079081],[28,17,29]
mMxwdwk9hl4wwqnmSjLNJw,33.507549,-112.047066,2,[33.507549,-112.047066,33.507549,-112.047066],[140,11]
Xkyhy9jCwIavbyk4rshXug,33.451046149999996,-112.11369685,6,[33.43475,-112.2209537,33.4673423,-112.00644],[99,265,11,28,170]
H5TfZwG2ysyeajahFnZo4w,33.4925020001075,-111.924118995667,14,[33.4925020001075,-111.924118995667,33.4925020001075,-111.924118995667],[119,99,11]
f8wOEYCAINZqDM8ddJ7u6A,33.36820525,-111.96539606849649,10,[33.2339118,-112.072327136993,33.5024987,-111.858465],[48,11,57,69,7,292,39,212,126,293,109,38,265,206,119]
F8v7cXbo-uA2QeNcHptE1g,33.64053,-111.92477,1,[33.64053,-111.92477,33.64053,-111.92477],[126,11]
_eqR7bsvN7pQrAGAMrcLSg,33.4150348,-111.9184724,4,[33.4150348,-111.9184724,33.4150348,-111.9184724],[182,48,140,11]
Aha3myLLFKh5gHYz9R_fVw,33.50201,-111.9313599,29,[33.50201,-111.9313599,33.50201,-111.9313599],[265,11]
Uf6G7Q_f5DICVLfX4H46gA,33.59319095,-112.05232985,4,[33.574335,-112.12561,33.6120469,-111.9790497],[129,78,278,79,41,11]
n2227Q6UQZiSuwR5LTO9tg,33.449233,-112.065458,117,[33.449233,-112.065458,33.449233,-112.065458],[27,11]
dv2JvxzYKSkOfbZtKlVX4w,33.5001978,-112.07544945000001,39,[33.49112,-112.079081,33.5092756,-112.0718179],[28,17,29,48,11]
e2ws5f6PJonmJ_6JpG1HiQ,33.45908465,-111.9403246,14,[33.278073,-112.0914962,33.6400963,-111.789153],[26,11,99,265,49,57,327,330]
gkCb6ngzXxSXREI2qCvXaA,33.4982165,-111.9238925,10,[33.466199,-111.927951,33.530234,-111.919834],[352,48,11,7,162,28,17,29]
8ibauDl3YPrbyOjie-e5Hg,33.492335,-111.9236549,3,[33.492335,-111.9236549,33.492335,-111.9236549],[38,99,39,40,11]
OPccchNx2fz1FHFStnXrnw,33.45684675,-111.92194409999999,4,[33.4194512,-111.9279622,33.4942423,-111.915926],[38,7,47,88,39,48,11,119,24,27]
CjwrNXuVnhYpLfd9cYOQyA,33.6259859,-111.9601744,5,[33.6251838,-111.994838,33.626788,-111.9255108],[63,27,11,168,265]
DHUxDJwlJgkGswMxW3ALng,33.3637985,-111.78722400000001,6,[33.347738,-111.973021,33.379859,-111.601427],[38,128,39,28,17,29]
ttcesQk3iA2Fj-Yo7h51Fw,33.337009,-111.875775,1,[33.337009,-111.875775,33.337009,-111.875775],[7,138,8,139]
YUANBYr9LKlqPu1P6us1RA,33.620562,-111.8963279,2,[33.620562,-111.8963279,33.620562,-111.8963279],[24,11]
adPDuAyGqPzHjeegTR1Gkw,33.6239149,-111.9255304,27,[33.6239149,-111.9255304,33.6239149,-111.9255304],[48,11]
6KqmzwgrNCJftOtcGwBzqw,33.3350531,-111.9445728,6,[33.3350531,-111.9445728,33.3350531,-111.9445728],[27,11]
zWFPMz4avpraBiFell_sMA,33.514027,-111.92487,68,[33.514027,-111.92487,33.514027,-111.92487],[28,17,29]
NZDYjKN3ZiIxj3opOoGFPA,33.58010815,-112.120521291746,94,[33.572269,-112.125614583492,33.5879473,-112.115428],[28,17,29,168,169,11,26]
6EMPZFcztGZzbYgiwGUxig,33.48033985,-112.0798326,6,[33.4587437,-112.082092,33.501936,-112.0775732],[182,48,140,11,26]
CpVcUhod0evi8O4sOO9iaw,33.5496126,-111.9478853,177,[33.499499,-111.9872563,33.5997262,-111.9085143],[126,11,97,48]
l53FUDHRHLg7BQ89KgAtxQ,33.5679435,-112.07022854548501,200,[33.304492,-112.34971999097,33.831395,-111.7907371],[7,137,8,139,57,56,39,145,44,126,97,11,163,13,6,115,4,114,12,160,327,38,140,40,48,26,77,36,35,148,70,84,124,125,168,99,24,33,262,60,101,43,67,68,63,181,46,116,112,17,111,113,28,170,372,293,10,289,76,108,98,119,228,21,143,34,69,338,206,142,198,23,27,109,440,14,15,186,41,30,45,128,129,121,79,292,49,193,80,59,9,117,62,229,157,103,202,72,169,285,205,61,368,177,212,182,52,158,178,341,236,208,120,246,423,265,88,298,204,65,188,296,191,254,173,210,18,312,504,91,185,309,247,161,29,51,200,162,138,133,284,175,250,382,127,420,141,146,400]
h7cq7F_IdB52UstfmGTumQ,33.528528,-111.9771216,4,[33.4931793,-112.02943,33.5638767,-111.9248132],[39,26,127,11,48,28,17,29]
xM2Olwq8iztCZgJcnyle0A,33.9688207,-112.7296486,3,[33.9688207,-112.7296486,33.9688207,-112.7296486],[38,265,39,11]
meADblwH1QBbvsG-YQRrZA,33.57358258898085,-111.9974421,12,[33.5086952779617,-112.0734885,33.6384699,-111.9213957],[27,11,212,43,7,142,108,292,63,28,17,29,26,99]
LiNbZqDdHLqueYz4nORWzg,33.44372272338285,-111.8659848,26,[33.377437,-112.0973086,33.5100084467657,-111.634661],[7,8,6,45,26,11,108,123,65,43,63,27,24,38,99,128,39,292,48,33,44]
GJdFAwg-EbNAtGDP_SR1OA,33.4868954,-111.9528099,6,[33.477178,-111.9798208,33.4966128,-111.925799],[43,11,119,48,24]
rlcJkEoYzuiS7iF5XfXCMA,33.50113845,-112.0100778,101,[33.327278,-112.1826996,33.6749989,-111.837456],[182,48,140,11,39,119,38,251,26,210,219,218,41,99,265,440,260,161,65,133,168,181,229,109,33,6,70,40,134,135,7,57,18,209,17,63,142,108,292,27,10,24,43,449,117,214,128,185,126,327,98]
1BT-An28SXXMzLpzMtchyA,33.495981,-112.029012,1,[33.495981,-112.029012,33.495981,-112.029012],[104,133,65]
n7_WjTgKB9QSvcNS7ZGvYw,33.492335,-111.9236549,3,[33.492335,-111.9236549,33.492335,-111.9236549],[38,99,39,40,11]
ULaLDw26ZdivSbygeK3ocw,33.46380865,-112.0684567,2,[33.4556584,-112.0719926,33.4719589,-112.0649208],[38,181,39,40,11,251]
LoT8eZaLH_j3BXJGHjQR3g,33.304775,-111.947948,16,[33.304775,-111.947948,33.304775,-111.947948],[33,11]
fUmu2OulTy_TZ0gpmX0neg,33.5234678011645,-111.90877353103,8,[33.4402837,-111.974566,33.606651902329,-111.84298106206],[7,292,139,49,52,161,195,65,46,102,6,103,99,48,11,322,28,57,190,20,23,247,243]
ZGw8hEngmuB92_XlsTWeqg,33.4829096,-111.9347479,2,[33.4829096,-111.9347479,33.4829096,-111.9347479],[101,38,39]
tqIdoVKUaaoeO0QxKIbQIA,33.501882949999995,-111.9868702,3,[33.327278,-112.1156244,33.6764879,-111.858116],[48,185,11,72,251]
5BlOjQ3X63X8ra9Rthjh0w,33.533378566870496,-111.9720682,4,[33.446195133741,-112.0478085,33.620562,-111.8963279],[265,11,26,119]
8mlRe-hXufxNBE_c5d3pbQ,33.54658225,-112.04531295000001,77,[33.545329,-112.0474569,33.5478355,-112.043169],[99,265,11,26,17,18,28,29]
hYvEu8Fl0seOqxoYcXoEyA,33.5273331,-112.05199335,6,[33.5093372,-112.0608177,33.545329,-112.043169],[26,17,18,11,212,63,97]
4q4GBS0Uj04ZKAwHGAJzug,33.3848452,-111.80250914999999,47,[33.0546833,-112.1129733,33.7150071,-111.492045],[33,11,185,62,17,109,38,39,49,265,146,224,28,102,190,103,445,66,52,43,48,7,8,247,126,97,212,41,142,27]
r1e3MIt71rRpLmToCEFxUw,33.496028,-112.022231,6,[33.496028,-112.022231,33.496028,-112.022231],[39]
NduGDKc6hLcb1S6OtW62XQ,33.497302250000004,-111.96127325,200,[33.492195,-112.0012318,33.5024095,-111.9213147],[177,48,11,7,8,119,99,26,17,28,29,18,39,38,19,20,6,21,22,13,23,313,27,185]
5Tq24YaFnF3SVdi2s_-B2A,33.6264628,-112.0111959,2,[33.6264628,-112.0111959,33.6264628,-112.0111959],[43,11]
KN2MmPzL-kDtD87i3Shwiw,33.6215679,-111.8971547,1,[33.6215679,-111.8971547,33.6215679,-111.8971547],[60,6]
yxxQL1UGNzApM65DAOCbQA,33.3636252041353,-111.9373589,14,[33.3058378,-112.012504,33.4214126082706,-111.8622138],[99,246,7,119,139,24,17,423,11,108,265,126]
yZjK443FYeBJXmtB8HxrHQ,33.584581,-111.928048,1,[33.584581,-111.928048,33.584581,-111.928048],[84,147,339]
EmCYM2jPtMduSUuiJQmQqA,33.261388,-111.857235,8,[33.261388,-111.857235,33.261388,-111.857235],[7,142]
9Nh6ae0UgBAMTwvfkuVqVA,33.6286743,-111.98731595,4,[33.582018,-112.011259,33.6753306,-111.9633729],[38,48,39,40,11,63]
1eqABVIZN5jcroowp3_oEg,33.4560252,-111.9138818,18,[33.4155753,-112.0839659,33.4964751,-111.7437977],[7,139,99,11,48]
437IAR2paH5Or2zPbR-z0Q,33.3876436,-111.788226,157,[33.3876436,-111.788226,33.3876436,-111.788226],[99,11]
EVAjaGIKOE1bN1Yf1zX1Bg,33.494108,-112.287703,4,[33.494108,-112.287703,33.494108,-112.287703],[43,11]
FcvqNBLEdsZx8RfI_XgYng,33.5355321244436,-111.929186516084,53,[33.5020036165904,-111.96828,33.5690606322968,-111.890093032168],[24,11,168,99,26,127,10,63]
kAhX0cQfCwDquJb3U4qiJQ,33.6128816,-111.9778065,4,[33.6128816,-111.9778065,33.6128816,-111.9778065],[43,11]
vwY8UjyX1A9ClLQMZJr4aA,33.3193788,-111.9778751,4,[33.3193788,-111.9778751,33.3193788,-111.9778751],[63,27,11]
IzAHGTkF41fhhZ8pRnGgww,33.5515531,-111.9239788,200,[33.5515531,-111.9239788,33.5515531,-111.9239788],[168,265,11]
rznfPNuxmVcFWnVygIcctA,33.335767,-111.687299,42,[33.335767,-111.687299,33.335767,-111.687299],[28,17,29]
CZLFEZcpsi8bjY5eeZAs0A,33.667149699999996,-111.95231725,50,[33.6556844,-111.9746066,33.678615,-111.9300279],[26,11,99,126,7,47,38,48,39,40,27]
go2w20bxu8Vvj61inipE-Q,33.37066235,-111.95218270000001,195,[33.3065747,-112.00644,33.43475,-111.8979254],[28,170,17,29]
K_4Eulxwh9fPH-BwqTBSBw,33.5025941,-111.9296765,25,[33.5025941,-111.9296765,33.5025941,-111.9296765],[265,48,11]
qryLRtNCpyx7BLmKbXL8TQ,33.557965300000006,-111.99864195,3,[33.4770236,-112.073629,33.638907,-111.9236549],[38,99,39,40,11,177,140,109,48]
DirJsdKrWB82R3FnLDuaKg,33.8323207,-111.9489261,15,[33.8323207,-111.9489261,33.8323207,-111.9489261],[28,190]
VD101SO18FEaE0vM7x4iEQ,33.533884099999995,-112.1302383,26,[33.4129192,-112.373782,33.654849,-111.8866946],[119,120,11,97,311,101,38,39,40,33,128,27,63,145,57,439,48]
xQyx6TU1r8lVeCspzYdrAQ,33.54414999965201,-112.0827195,19,[33.420571,-112.236216,33.667728999304,-111.929223],[38,168,298,88,39,11,48,109,63,7,36,8,64,161,65,322,57,145,27,54,55,122,256,119,120]
Y3KeitZfNGSK3a0QzSexQQ,33.40936565,-111.85797199999999,4,[33.3117903,-111.926536,33.506941,-111.789408],[475,48,11,119,149]
xszAr-jtMDU-M-hTNOXh9g,33.408686,-112.017695899649,4,[33.272043,-112.055160999298,33.545329,-111.9802308],[49,265,146,11,119,99,26,17,18,63,27,24]
APxlT9PXS8oMsdY0aGNToQ,33.6117382,-111.9969697,8,[33.6117382,-111.9969697,33.6117382,-111.9969697],[11,63]
4E8h_rcH4j3nOGDWTLsOWw,33.4915779,-111.925841,1,[33.4915779,-111.925841,33.4915779,-111.925841],[119,38,48,39,11]
MraGN3Uszkmp9IE97GX8Hg,33.463814850000006,-111.80705605,110,[33.2497757,-112.0764371,33.677854,-111.537675],[57,39,145,38,48,11,49,305,27,7,138,139,126,229,43,97,182,140]
UYYgPW2aqROyexoEhdE2dw,33.56708795,-112.05480320000001,55,[33.495263,-112.1810524,33.6389129,-111.928554],[168,11,63,26]
RF74LWUXaoZjNPpt4782pQ,33.43475,-112.00644,200,[33.43475,-112.00644,33.43475,-112.00644],[28,170]
x7X7vlV-YfRIqQ8eYG1TWg,33.512929650000004,-112.0733102,2,[33.4877201,-112.0834721,33.5381392,-112.0631483],[33,11,7,142,108]
dnivIWwK4kLSLRZexfC41Q,33.4471783,-112.0744503,112,[33.4471783,-112.0744503,33.4471783,-112.0744503],[57,145,38,39,48,11]
XQS0MX2_j1MCo1aVpcaCvQ,33.5113583,-111.6838988,4,[33.5113583,-111.6838988,33.5113583,-111.6838988],[333]
pJK1iS2seiKKNpigBHw8tA,33.40952525,-111.91287615,23,[33.2644333,-111.9855141,33.5546172,-111.8402382],[26,11,27,88,38,39,298,74,24,1,217,17,152,63,99,7,142,149,33]
gazO18Jr9T8EGWixTvgK3A,33.416355,-111.685046,1,[33.416355,-111.685046,33.416355,-111.685046],[185,11]
6JfYbXo_3wbjpcPzniXQOQ,33.56178050553365,-111.9109207420885,27,[33.5025941,-111.9296765,33.6209669110673,-111.892164984177],[44,296,11,7,292,99,48]
bPqgDPOwjI7UgPMI319ArA,33.530335,-112.047101,13,[33.530335,-112.047101,33.530335,-112.047101],[26,11]
Qt6BOpwL1eTQgCzuZzwlxw,33.408455849999996,-111.92914285,11,[33.261388,-112.0693177,33.5555237,-111.788968],[26,127,11,218,224,7,33,48,47,119,99,142]
Y8XcOGOn-T2u_U_0NSUP2w,33.52013805,-111.998248911415,3,[33.4913431,-112.07341192283,33.548933,-111.9230859],[322,57,56,48,11]
U_fAIe7CUaGMejwSdNvMgw,33.56049645,-111.93518935,123,[33.3014388,-112.1429531,33.8195541,-111.7274256],[33,11,259,260,7,36,38,39,49,445,66,52,142,27,63,72,28,241,394,395,192,99,182,172,212,361,126,97,377,323,26,340,265,224,163,13,6,251,17,18,43,80,82,59,96,30,32,130,35,208,264,127,140,373,41,218,185,322,102,57,103,236,15,191,8,110,219,146]
thxwzCVbaEeL0rXj8Je87g,33.4354553,-112.0739136,1,[33.4354553,-112.0739136,33.4354553,-112.0739136],[309,285,11]
6dRFbM8DLYEyf_VlERNazw,33.43475,-112.00644,200,[33.43475,-112.00644,33.43475,-112.00644],[28,170]
7ieg0qMBD7b6hqwJ4F6D_w,33.491695,-111.925624,1,[33.491695,-111.925624,33.491695,-111.925624],[48,11]
nLLNFEB-Q__YLg4j9sU1Gw,33.473303099999995,-112.03522695000001,11,[33.4368294,-112.074714,33.5097768,-111.9957399],[7,139,416,119,24,11,108,33,142,36,8,38,48,39,26]
g0esbBnDgOl7BX1TVVfOHw,33.527040150000005,-112.0479189,3,[33.5237453,-112.0487368,33.530335,-112.047101],[99,127,11,38,48,39,26]
gM0sIR19KRNp7Rl5KK1mZg,33.536387399999995,-112.01253145000001,15,[33.449233,-112.0995189,33.6235418,-111.925544],[48,11,7,8,6,45,30,13,64,65,133,27,157,103,38,145,186,57,39,63,24,119,202,72]
5bjv4kQfdyfmCRZXvs03ew,33.4405348,-111.94105005,60,[33.3788385,-112.070093,33.5022311,-111.8120071],[126,97,307,11,168,265,99,7,108,185]
kJfFhQASj0_KRkWXE1WQXQ,33.4969404,-112.08123415,12,[33.4549678,-112.097523,33.538913,-112.0649453],[6,35,76,7,33,142,24,11,108,119,99,309,38,48,39,57,69,40]
Teto38IWqAQlLw_x2eXpNQ,33.495466,-112.003105,4,[33.495466,-112.003105,33.495466,-112.003105],[38,11,128,293,39]
s1e9sYuS1sCL49tEIWqgAg,33.4217923,-111.951184,4,[33.4217923,-111.951184,33.4217923,-111.951184],[98,7,24,11]
QiLOh5KHp81eiju-n-z1Ng,33.5677766655327,-111.95331665,74,[33.4340647310654,-112.0207733,33.7014886,-111.88586],[26,11,33,44,134,135,99,27,57,69,7,142,108,8,28,170]
7zxheaKDjuSCeM8IwU0D9Q,33.63886919971805,-112.0651873422115,2,[33.6376847,-112.067994484423,33.6400536994361,-112.0623802],[83,6,98,7,119,11]
yABx0xGZzIuuSkcQeinv_w,33.5832073,-112.0131291,1,[33.5832073,-112.0131291,33.5832073,-112.0131291],[108,7,119,38,109,39,11]
FUoWFqGaXAAqopNCjvVrDA,33.34857025,-111.9562263,6,[33.318913,-111.9827084,33.3782275,-111.9297442],[63,27,11,33]
CUqtEmjVwslAXXcephcFnw,33.47214350786835,-112.01163844999999,83,[33.4346825157367,-112.091917,33.5096045,-111.9313599],[109,38,48,39,11,168,265,99,26,33,44,28,17,29,212,63,97,24,126,128]
aM0LYqvjHQcx1cgihiFhRg,33.4347797,-112.03416279999999,3,[33.3044612,-112.0737503,33.5650982,-111.9945753],[7,187,36,139,109,38,210,39,11]
SWHGcw8fLa5VPsqcv9E5vg,33.406538,-111.96167,4,[33.406538,-111.96167,33.406538,-111.96167],[28,17,29]
gY_6lHZroyMj5V3KMTRPuw,33.277037,-111.826282,1,[33.277037,-111.826282,33.277037,-111.826282],[71,72]
lCVLT95VUnlZfboVoZJCZA,33.522550715954054,-111.94965859999999,89,[33.2815660319081,-112.131889,33.7635354,-111.7674282],[39,26,127,11,99,119,38,40,137,7,6,139,10,142,108,150,17,18,98,292,62,57,306,43,140,48,126,97,109,168,219,218,128,212,293,106,54,424,15,191,181,229,28,388,394,290,241,136,63,27,265,352,24,210,340,61,13,70,33,44,84,124,22,35,339,71,72,184,297,49,333,52,145,258,29,262,117,214,113,116,166,36,8,247,244,129,78,278,79]
oOS5b_zw5WFxDIlqI7G3jg,33.41480511048185,-111.945831757251,2,[33.3198334209637,-111.9957399,33.5097768,-111.895923614502],[7,33,99,142,11,38,48,39]
OIPeZcLv5997SLDxr0_Fug,33.5881007,-111.923485995996,8,[33.5299053,-111.928024291992,33.6462961,-111.9189477],[26,11,265,483,206]
hqHOdtJuaGvZLcN8vPSeBw,33.510026,-112.024174,142,[33.510026,-112.024174,33.510026,-112.024174],[48,11]
fsApaj36JwtA367jhCyZ0A,33.4194512,-111.915926,32,[33.4194512,-111.915926,33.4194512,-111.915926],[38,7,47,88,39,48,11]
24yF4xbKSeOf1dhCSSvXvw,33.4592959416966,-112.395467777214,5,[33.4592959416966,-112.395467777214,33.4592959416966,-112.395467777214],[30,8,13,6,7,110]
zd0CS-ymWah_OQrE7OgEWQ,33.6464133,-112.2365732,1,[33.6464133,-112.2365732,33.6464133,-112.2365732],[265,126,11]
ssYq8ks7KS1JWEWF_zKszg,33.4340647310654,-111.994457244873,1,[33.4340647310654,-111.994457244873,33.4340647310654,-111.994457244873],[98,7]
hOpShL879KdUlMLCbnDAfQ,33.64032,-112.361552,1,[33.64032,-112.361552,33.64032,-112.361552],[63,27,11]
vz--hEPGI1CVw2_pGqLcBg,33.070427,-112.04595,1,[33.070427,-112.04595,33.070427,-112.04595],[26,11]
8EaO99Q3E_SS8KzOR1rFrA,33.353018522397,-111.74631395,21,[33.321061644794,-111.8036,33.3849754,-111.6890279],[26,11,7,108,48,99,24,119,47,27,49,80,59,185]
61OH3hGZp0QXumPmh6fzHQ,33.483338450000005,-112.0531363,17,[33.4571599,-112.0827836,33.509517,-112.023489],[38,39,40,88,101,48,11,298,57,145]
G0SYr6wE8NADPjUGUUSZVg,33.665807,-112.1867434,1,[33.665807,-112.1867434,33.665807,-112.1867434],[44,26,11]
FaIl5hn9UFz_x-K1e_pYMA,33.4422855,-112.0093716573975,70,[33.3059943,-112.2948244,33.5785767,-111.723918914795],[106,54,317,38,205,39,40,14,15,6,192,11,71,72,33,119,24,117,7,108,30,13,177,140,57,69,285,185,26,99,63,27,101,115,374,165,32,95,137,8,139,43,327,143,98,48,128,10,96,84,124,293,273]
G9LX30zvtOMlRmQICPlAsQ,33.56645435,-112.05534085,70,[33.449233,-112.0984072,33.6836757,-112.0122745],[48,11,26,27,7,33,142,99]
KK14ue88dhbcc7mCBKEWHw,33.5227721,-111.9001502,2,[33.5227721,-111.9001502,33.5227721,-111.9001502],[10,63,24,11]
tjIuyIxMflLdCzcZpgSDGw,33.4217923,-111.951184,1,[33.4217923,-111.951184,33.4217923,-111.951184],[98,7,24,11]
KW5IteDuDwsuysw-V7lPbQ,33.48673,-111.925595,111,[33.48673,-111.925595,33.48673,-111.925595],[99,11]
5Tnx5vT9cJM7QTVqJy56Pw,33.47835091376755,-111.96860505000001,6,[33.43475,-112.00644,33.5219518275351,-111.9307701],[49,445,66,52,7,108,28,170]
klYG4eY3ngtMCNcYl884Uw,33.401362,-111.728268,10,[33.401362,-111.728268,33.401362,-111.728268],[106,279,54]
8HwEoEq3YZDT_w3kcxiDew,33.478628549999996,-112.0023111,14,[33.4548476,-112.0800705,33.5024095,-111.9245517],[11,63,26,27,24,7,108,210,352,48,38,181,39,40]
5CttQfnbWHYaHH9ivMNBXw,33.44529215,-111.88845555,7,[33.393607,-111.9275971,33.4969773,-111.849314],[57,258,38,40,39,145,48,128,11,101,26,373,251,153]
rG0tH4v1xVocAKfzHcN6Zw,33.6071829,-111.9403254,5,[33.6071829,-111.9403254,33.6071829,-111.9403254],[221,38,39,40]
JlCjjf4H8rs2_lkj7xWRZA,33.5584307,-112.072884,29,[33.477178,-112.219969,33.6396834,-111.925799],[38,39,7,292,142,109,11,63,311,88,139,6,225,250,119,48,24,99,128,126,26,65,133,440,108,101,265,483,210,182,140,117]
HXYLERyRPDzKoBmblKau4Q,33.345683949999994,-111.91949305,7,[33.3060833,-111.964558,33.3852846,-111.8744281],[48,11,46,6]
bahaW9HFoMzQ_rZp0r47sg,33.6556844,-111.9300279,1,[33.6556844,-111.9300279,33.6556844,-111.9300279],[99,11]
FeCZwcx-qaR1DKpwqUVOHQ,33.5086952779617,-111.927080154419,19,[33.5086952779617,-111.927080154419,33.5086952779617,-111.927080154419],[99,11]
HSKrdp21e5W_uIVcsHQTHw,33.5096558576542,-111.99498245,200,[33.4163799,-112.0912518,33.6029318153084,-111.8987131],[168,99,11,57,56,17,18,98,7,177,140,24,224,28,158,29,8,46,6,10,9]
91E2S3Sg_46gPO_SF4Vp4w,33.6302695,-111.925411,20,[33.444799,-112.066662,33.81574,-111.78416],[49,445,66,52,39,26,127,11,57,327,33]
GGx560YuuFyrRo7X_-d-Vw,33.563914049999994,-111.97131594999999,7,[33.4528292,-112.0685027,33.6749989,-111.8741292],[117,214,11,7,108,137,8,139,27,98,172,182,48,140]
qMaTK8a_k7apZn023zJy5Q,33.3057308,-111.8960397,3,[33.3057308,-111.8960397,33.3057308,-111.8960397],[97,11]
wM9gSkTJ0BstBzRfzIz5Jw,33.47619065000001,-111.91599819999999,2,[33.466379,-111.9264164,33.4860023,-111.90558],[33,119,11,84,147]
HAopoBYfmCuzsBG3XqLHag,33.4598034,-112.3415576,1,[33.4598034,-112.3415576,33.4598034,-112.3415576],[119,11]
2gDRo9PT0r2N21Sq9hF9ww,33.4346646089965,-111.994210481644,200,[33.4346646089965,-111.994210481644,33.4346646089965,-111.994210481644],[48,11]
MPRRpCrzvYA9jbNVEcMDDA,33.50246085,-111.955837,198,[33.3947699,-112.0772,33.6101518,-111.834474],[28,17,29,7,98,108,172,11,57,69,10,27,182,43,192,126,97,63,36,8,247,142]
THlfor7z4n3EPcgjRch7mQ,33.606249,-111.720061,1,[33.606249,-111.720061,33.606249,-111.720061],[49,341]
P4-5VtLQ3PaJgY-Gkijq7g,33.6022813,-112.01150965,12,[33.4915779,-112.1114555,33.7129847,-111.9115638],[65,133,119,38,48,39,11,27,99]
3gOsJTTe6_NXV8SU6iBlgw,33.435146,-111.998367,86,[33.435146,-111.998367,33.435146,-111.998367],[44,11]
p5JVI5TkPtUtKq2_J3DrDA,33.4611240075615,-111.98726815,26,[33.298212,-112.0759353,33.624036015123,-111.898601],[265,11,27,182,48,140,12,13,6,38,39,26,7,57,18,109,209,17,99,40,24,206,210,127,49,362,20,23,59,185]
