DSOTdn8XZ9RzV47gMUhp7Q,33.4013272200182,-111.707608673642,200,[33.266696887038,-111.99153418078,33.5359575529984,-111.423683166504],[99,11,28,29,17,265]
SMezBhXVe7op2XaMVlju6g,33.560899,-111.9559278,68,[33.422728,-112.0739689,33.69907,-111.8378867],[26,11,27,38,265,39,88,89,43,119,109,24,65,105,133,127,99,98,7,137,8,139,177,140,126,97,48,63,47,128,296]
D2NKLp8yrK-49RKslrOnpw,33.522841843519004,-111.900182,134,[33.266696887038,-112.113038,33.7789868,-111.687326],[38,99,39,40,48,11,88,128,71,72,227,32,33,119,126,63,10,24,109,6,21,7,108,311,161,65,117,26,44,224,265,133,43,47,27,84,147,206,28,17,29,127]
YJgZeQioaCkuAD0v9deUwA,33.4823893,-112.3408511,2,[33.4823893,-112.3408511,33.4823893,-112.3408511],[212,11]
i1tYKIBkqPny-dWx7ZPyvg,33.461736,-112.335666,2,[33.461736,-112.335666,33.461736,-112.335666],[169,11]
Z0JA5F3Y5s1hex4WvfC8eQ,33.6005624,-111.7163108,3,[33.6005624,-111.7163108,33.6005624,-111.7163108],[27,11]
UaA9YZn7IFdFoAS-xJBWtg,33.5612589,-112.1156244,31,[33.5612589,-112.1156244,33.5612589,-112.1156244],[48,185,11]
yREhYZ0TudwAEdR8ZffNvA,33.480359750000005,-112.03343605,11,[33.4484009,-112.0715171,33.5123186,-111.995355],[27,11,119,99]
JDAmEJa3SewzcYlYDZBuwQ,33.6247911,-111.9257312,32,[33.6247911,-111.9257312,33.6247911,-111.9257312],[48,11]
F_lFukQvFjvYVFs1Ba7BvQ,33.4211681,-111.942514,41,[33.4211681,-111.942514,33.4211681,-111.942514],[421,65]
pukLywoJKqOSvgULK0mcAA,33.45092640098115,-111.92709309255349,200,[33.4480659,-111.927165985107,33.4537869019623,-111.9270202],[182,172,11,218]
hiNH6p7Tl7IIjWt1S4wYtQ,33.7609667,-111.9162373,5,[33.6986352,-111.9174871,33.8232982,-111.9149875],[379,48,11,7,142,108]
6qxNeUpK9NjIOYIWZA6e1w,33.3702541,-111.9741847,7,[33.3702541,-111.9741847,33.3702541,-111.9741847],[265,11]
ey6qVUQVufOupF4qXNhdkg,33.5385792,-112.1783249,11,[33.5385792,-112.1783249,33.5385792,-112.1783249],[168,11]
Bs-v1fTmq8dqJFQwo-JMWw,33.657932450000004,-111.9944562,12,[33.6402889,-112.025073,33.675576,-111.9638394],[84,1,125,263,182,48,140,11,49,54,242,82,59,99,126]
DVdo0BqGwZiPA0-gTnnt1Q,33.37450545,-111.9362809,4,[33.354241,-111.963668,33.3947699,-111.9088938],[7,108,71,72]
ixQLGjXSW7FTBdiVKf5O0w,33.2727524,-111.8924091,2,[33.2664769,-111.9918702,33.2790279,-111.792948],[99,11,48]
Tv3CgVoXOfRaI6WRMl7-Ag,33.5010895,-111.92558844999999,136,[33.500169,-111.9313599,33.50201,-111.919817],[265,11,39,38,99,128]
KpdzI3J77mhZ1dZvkTvx1w,33.4942423,-111.9264472,1,[33.4942423,-111.9264472,33.4942423,-111.9264472],[39,119,48,38,11]
2qJ7UwwtHcXss-8vYg3DRw,33.30705195,-112.00279850000001,4,[33.2961979,-112.041459,33.317906,-111.964138],[195,65,374,32,95]
4mRx2noRJ1FFRPlzSVEEdQ,33.4957101,-112.00407050000001,29,[33.4492272,-112.083886,33.542193,-111.924255],[126,97,307,11,7,108,10,24,265,38,140,39,40,48,168,119,177,26,27,63,8,138,139,88,89]
rypEW8jkl6hyiT6nhOFlQw,33.4925020001075,-111.924118995667,3,[33.4925020001075,-111.924118995667,33.4925020001075,-111.924118995667],[119,99,11]
2HQecKs94C6UV8dyy7ABUA,33.639241,-111.881719,4,[33.639241,-111.881719,33.639241,-111.881719],[119,11]
xun6oJrhEsFC8pBJfui5JQ,33.4346646089965,-111.994210481644,16,[33.4346646089965,-111.994210481644,33.4346646089965,-111.994210481644],[48,11]
JTdjh--wZqOkVkKGmuF1kw,33.449233,-112.065458,122,[33.449233,-112.065458,33.449233,-112.065458],[27,11]
fyvdpE8TOxh00TotZ3NuAg,33.3317204,-111.7907371,1,[33.3317204,-111.7907371,33.3317204,-111.7907371],[99,11]
wafpFBnX43dLcou_-YfxcA,33.4922985,-111.9245517,182,[33.4922985,-111.9245517,33.4922985,-111.9245517],[210,11]
ZKQ_pynNUVC-EsUTzZ7qVw,33.37701075,-111.87366639999999,3,[33.3210491,-111.9043028,33.4329724,-111.84303],[126,97,11,149,168,42,43]
czRDJwMKXhrLSt6NqWmFlA,33.5112142,-111.93844965,13,[33.4764284,-111.96828,33.546,-111.9086193],[6,284,32,35,337,7,292,98,182,99,11]
SGsVjQ0Oyo2-1DM6zd14QQ,33.495911,-111.931525,12,[33.495911,-111.931525,33.495911,-111.931525],[28,17,29]
tM6nRnRb49sNmf0tYUBayw,33.4150348,-111.9184724,3,[33.4150348,-111.9184724,33.4150348,-111.9184724],[182,48,140,11]
iANRT8IC71PhLdeyqs9sjQ,33.499922,-111.919818,81,[33.499922,-111.919818,33.499922,-111.919818],[26,39,11]
jj6Hs7QH4pmEUD_XXyvW_A,33.413062,-111.875533,1,[33.413062,-111.875533,33.413062,-111.875533],[98,7]
8b6wCqCx9x3Ma6FI_QrwGw,33.426368,-111.9398551,5,[33.426368,-111.9398551,33.426368,-111.9398551],[88,38,39,298,11]
LTpS6z8yOwMDBlvAZ5wl4A,33.582683,-111.926996,22,[33.582683,-111.926996,33.582683,-111.926996],[64,65]
JG4hYCxStBSWCKzEeAsnRg,33.5024039,-112.0131305,8,[33.5024039,-112.0131305,33.5024039,-112.0131305],[54,55,122,256]
2il8_F_usJWXyJnXUhNwPA,33.2932948,-111.7889313,1,[33.2932948,-111.7889313,33.2932948,-111.7889313],[84,336]
Ol-eHpT91IvruP3Gf-6zow,33.53811265,-111.9543792,200,[33.4354553,-112.0739136,33.64077,-111.8348448],[309,285,11,168,26,127,224,265,126,97,177,140,28,17,29]
i_ZtfGL738mlh-BMmMOvtw,33.172162150000005,-111.9982277,2,[32.8800213,-112.276376,33.464303,-111.7200794],[26,11,38,99,33,39,128]
9PmD9FdQ0bWflFMTr9DAMQ,33.56729875,-112.07877245,9,[33.4950535,-112.168382,33.639544,-111.9891629],[71,72,27,307,11,99,117,63,181,229,41,43,38,210,26,39]
r6W1RK67Gmfts4HUacNsBQ,33.5381018,-111.9085143,2,[33.5381018,-111.9085143,33.5381018,-111.9085143],[126,97,11]
VD5XVYIA2644upO0z9-ZSw,33.493947,-111.922301,200,[33.493947,-111.922301,33.493947,-111.922301],[28,17,29]
slAdwQk0i984K7lxzsWQGw,33.43784155,-111.98648305,134,[33.3197625,-112.0739689,33.5559206,-111.8989972],[126,97,11,38,39,24,382,188,23,27,99,128,63]
66SD9OBBddlyt8_Pfri3Cw,33.7110102,-112.1142778,1,[33.7110102,-112.1142778,33.7110102,-112.1142778],[33,11]
nq6wqfAYedGIAOEYznvywA,33.538748,-112.064759,86,[33.538748,-112.064759,33.538748,-112.064759],[99,26,11]
xox0n6mXqq9i4NoGGxOGUA,33.633731499999996,-112.0127505,2,[33.626933,-112.100731,33.64053,-111.92477],[126,11,212,26]
2ZHgb94cusppPcRjOl3zog,33.4787939,-111.9259092,2,[33.4787939,-111.9259092,33.4787939,-111.9259092],[309,119,285,11]
yQgnaOeVmIXU0ZLS81SPkQ,33.5850504,-112.05801985,21,[33.4986978,-112.1897722,33.671403,-111.9262675],[7,138,139,97,11,43,108,17,62,218,27,126]
0y5v52UzgI_QZ5Nmm1d19w,33.2644333,-111.8601,1,[33.2644333,-111.8601,33.2644333,-111.8601],[224,11]
qRcaq18LOdDllgqz69qElw,33.683479,-111.966112,101,[33.683479,-111.966112,33.683479,-111.966112],[161,28,29,17,65]
kE8vEuC9_fAOWPgAp2o5Qw,33.5823384,-111.6801411,20,[33.5823384,-111.6801411,33.5823384,-111.6801411],[28,17,18,29]
UunGWWIRkqAM8LTlbNetwg,33.5840123,-111.9223917,3,[33.5840123,-111.9223917,33.5840123,-111.9223917],[7,313]
F0ecO_eKomXZN1iGr0K7pw,33.528242649999996,-111.98621775000001,15,[33.4787943,-112.0478085,33.577691,-111.924627],[26,127,11,49,321,193,59,119,99,27,195,65,109,38,39,63,133]
IT5t3VVpgNOY3-OxXGEjeQ,33.4003998,-111.9445576,6,[33.3056593,-111.991453,33.4951403,-111.8976622],[7,47,48,27,11,26]
UsB8ugrhZwhKhBim_FD3GQ,33.48214685,-112.06023255,5,[33.4548476,-112.0800705,33.5094461,-112.0403946],[63,27,11,24,33,119,99,182,48,140]
5I5dztANa4U58DILi5-UPA,33.4329724,-111.9043028,1,[33.4329724,-111.9043028,33.4329724,-111.9043028],[126,97,11]
qeI_G--4jYh7Dzc5U60jGQ,33.475348,-111.9941160611555,8,[33.4483771,-112.0740373,33.5023189,-111.914194822311],[54,55,122,7,137,8,139,261,256,84,419,317]
njyqdZryeHBwD7LdRN9Epg,33.4991526,-112.22775865,3,[33.4952867,-112.3556173,33.5030185,-112.0999],[48,11,251]
Shj3t-RLRu86hTJrjU-1-Q,33.4574035,-112.04553250000001,6,[33.41563,-112.083015,33.499177,-112.00805],[279,54,119,11]
APsF5HOTsMNWgD5NjyUDeQ,33.347758,-111.756931,1,[33.347758,-111.756931,33.347758,-111.756931],[99,11]
T34nVrowYkVKRzT7seVdbA,33.56563785,-111.9624766,4,[33.5102068,-112.0272041,33.6210689,-111.8977491],[224,212,11,48]
BB6wgxaYs9vcYcY35VYglA,33.5163565,-111.974492,24,[33.449233,-112.065458,33.58348,-111.883526],[27,11,7,142,119,99]
aZiGKvrCSf9xAUfpOlzIkw,33.3932601,-111.8686061,1,[33.3932601,-111.8686061,33.3932601,-111.8686061],[24,11]
CFnQ4sgy1O7SH916K2NtQQ,33.51855955,-111.9074795,2,[33.4982894,-111.9275491,33.5388297,-111.8874099],[7,108,77,6,32,35,75,76]
bpSv0mk3kdYx-ici-NgjOg,33.6071829,-111.9403254,12,[33.6071829,-111.9403254,33.6071829,-111.9403254],[210,11]
H_2L3vnOTDoOdUQc39lkLQ,33.4954526514139,-112.000054830225,2,[33.4954526514139,-112.000054830225,33.4954526514139,-112.000054830225],[49,193,59]
i2m-sG9-zsO5I-BU7wIySQ,33.45107,-112.055957,108,[33.45107,-112.055957,33.45107,-112.055957],[8,26,7,138,139,11]
rmnrwyrbTCDjK2gOtEwm8A,33.5019972,-112.01146025,9,[33.494459,-112.0275918,33.5095354,-111.9953287],[33,11,38,99,88,39,40]
oI0Mk99b-32nFpaZFGmDoA,33.50909,-112.031693,4,[33.50909,-112.031693,33.50909,-112.031693],[10,24,11]
X1pyFmjN35GNJc-2Qdyxow,33.305675,-111.897004,3,[33.305675,-111.897004,33.305675,-111.897004],[11,63]
te8U9fQUtknesnTbo1yjWA,33.4962205,-111.9641728,18,[33.4962205,-111.9641728,33.4962205,-111.9641728],[38,140,39,40,48,11]
d5SjgINIM77nkukTYvQdWA,33.2664769,-111.9918702,175,[33.2664769,-111.9918702,33.2664769,-111.9918702],[48,11]
CHnSp6logJJND0Tx86LTgA,33.444562250000004,-112.14998095,32,[33.3051122,-112.3924499,33.5840123,-111.907512],[48,11,63,98,7,119,99,108,38,39,142,182,172,49,80,59,26,17,18,340,140,24,33]
PZjcDFCnPQXqp0Aru2ITaQ,33.521950000000004,-112.3890174,7,[33.4326594,-112.5563912,33.6112406,-112.2216436],[43,11,27]
FZXXSGOw4BBWmB7eyAGSnw,33.47987755,-112.06519885,39,[33.3210491,-112.2705607,33.638706,-111.859837],[57,327,33,11,79,121,96,72,13,6,30,7,36,8,168,42,43,38,39,250,35,76,138,97,139,229,137,108,24,40,395,308,54,242,238,434,103]
c5cLig9YQt-Qzmk0_9kdeg,33.5612589,-112.1156244,8,[33.5612589,-112.1156244,33.5612589,-112.1156244],[48,185,11]
bQ2vFkDGKmvW4Zk7lwNvgA,33.495466,-112.003105,1,[33.495466,-112.003105,33.495466,-112.003105],[38,11,128,293,39]
sd8kiO7cthNCOgc3XOFQKA,33.5018903,-112.06315925000001,2,[33.4548476,-112.0800705,33.548933,-112.046248],[63,27,24,11,48]
sm79L6YVF4l7M7T3hmn_Hg,33.48435305,-111.92360925,3,[33.466112,-111.9296765,33.5025941,-111.917542],[182,99,11,98,7,307,162]
RLr2I3jiNUY7k0QfLvsAcQ,33.6128816,-111.9778062,1,[33.6128816,-111.9778062,33.6128816,-111.9778062],[84,339]
XRxWFNXj2QHdZM1AuN0RUw,33.47141805,-112.07775905,3,[33.4517161,-112.079081,33.49112,-112.0764371],[26,11,57,39,145]
kCXKKXr_FAOrjaWbojyXtw,33.556241799999995,-111.98637995,16,[33.4495394,-112.0656645,33.6629442,-111.9070954],[7,449,97,11,54,238,17,152,119,48,201]
eEaQW2LUVRlCCKMKVy4Vkw,33.51517025,-112.04693575,13,[33.4548476,-112.0824683,33.5754929,-112.0114032],[11,206,63,224,7,36,99,126,97,182,172,43,27,24,108,139,137]
u2bGZGxtL13Eup6NH-D4Pg,33.638673,-112.42524,2,[33.638673,-112.42524,33.638673,-112.42524],[65,133]
3fE6EG73EFSufnmER291gQ,33.5693997,-112.0740526,2,[33.5693997,-112.0740526,33.5693997,-112.0740526],[26,11]
jzWUbmK5fFjRmrUvKeS_bw,33.5025941,-111.9296765,1,[33.5025941,-111.9296765,33.5025941,-111.9296765],[265,48,11]
eWVDEDkFn1FU5KwtuggYqQ,33.299873,-111.842586,1,[33.299873,-111.842586,33.299873,-111.842586],[33,119,11]
Jo1zPMTQCP-qxQkSCOj7Bw,33.47374835,-111.9012985,8,[33.319395,-111.927632,33.6281017,-111.874965],[88,38,39,298,11,99,293,26,168,265,7,47,48]
n0bn_DJxCj2m9y5AMhnA1g,33.477106,-112.106582,158,[33.422728,-112.26167,33.531484,-111.951494],[88,38,39,89,11,57,327]
B0QZQX-RVoub4d1HUYAiLw,33.479852,-111.994039,4,[33.479852,-111.994039,33.479852,-111.994039],[177,140,11]
H-ZA_eRz4BzyPSH6cahFkQ,33.485706,-112.012549,2,[33.485706,-112.012549,33.485706,-112.012549],[106,54,107]
HlKEavaz3vXJmfo5LnU9XQ,33.279348299999995,-111.79073875,2,[33.2774922,-111.7913671,33.2812044,-111.7901104],[57,69,44,11]
VmPF4sczXNotAatKCwHrKQ,33.394386100000006,-111.90268090000001,7,[33.377251,-111.9402788,33.4115212,-111.865083],[27,11,288,84,32,213,49,80,59,82]
_MGUzXMVM7l-5NczZo3Hqg,33.495981,-112.029012,2,[33.495981,-112.029012,33.495981,-112.029012],[104,133,65]
sC3BmovA2vr1SYvRrt7fhw,33.5708131,-112.0657374,13,[33.5708131,-112.0657374,33.5708131,-112.0657374],[26,11]
n50JchTjQuWyZ5zDPwLCkw,33.46251255,-111.9945302,26,[33.3637662,-112.1156244,33.5612589,-111.873436],[27,11,43,185,48,157,103,109,38,39,206,7,9,26,208,6,35,210,119]
VQThfUHzjjYHyUcXp__J_Q,33.498915,-111.928258,2,[33.498915,-111.928258,33.498915,-111.928258],[11,63]
kAY3g4QY9TIX6aNQ-XnX0Q,33.5195399,-112.04659335,4,[33.3999435,-112.150244,33.6391363,-111.9429427],[210,11,185,26,127]
JBhGzrSPPQwi66h0KGPnww,33.6237191,-111.9255427,2,[33.6237191,-111.9255427,33.6237191,-111.9255427],[126,11]
9FAzW4w1M3VBBR1e-6xbmg,33.638183,-111.92861,52,[33.638183,-111.92861,33.638183,-111.92861],[38,99,128,39,296,11]
0PMnL6q6z8a8276xoimZww,33.36469425,-111.90504204999999,6,[33.3021074,-111.9682552,33.4272811,-111.8418289],[109,38,265,39,11,224,119,48,7,162,108]
FvUWCfM4ZcVVhf8Wq4R4nA,33.5102068,-112.0272041,1,[33.5102068,-112.0272041,33.5102068,-112.0272041],[39,38,40,206,11]
jLYKzLyQ9NXlgEbC38PyeQ,33.322155,-111.876336,1,[33.322155,-111.876336,33.322155,-111.876336],[7,162,201,194,11]
b6TTtKyOjeQjgLT7OB6Cow,32.9487058,-112.7100657,13,[32.9487058,-112.7100657,32.9487058,-112.7100657],[7,142]
8oB4zAsjvL49H2qSczzy4Q,33.4483771,-112.0740373,200,[33.4483771,-112.0740373,33.4483771,-112.0740373],[26,11]
WRPkAeaakUATrStlrZwQCg,33.552877,-112.132431,3,[33.552877,-112.132431,33.552877,-112.132431],[7,138,139,11]
-6ZUlcTFRg6jFMzkJdBK2w,33.4930514,-111.9339561,31,[33.4930514,-111.9339561,33.4930514,-111.9339561],[28,17,29]
beh87cnFFvOPcW5PHsLd1Q,33.53472645,-112.03996559999999,48,[33.5307049,-112.064759,33.538748,-112.0151722],[99,26,11,63]
1ppOAsPAD2281OjbaPm1Hg,33.347738,-111.973021,63,[33.347738,-111.973021,33.347738,-111.973021],[28,17,29]
Vw1Kt0smSXu0mkSRHzTC_A,33.484487,-112.07643,29,[33.484487,-112.07643,33.484487,-112.07643],[224,11]
l3vSqK_uLQ76jbtWMmpC7Q,33.626933,-112.100731,6,[33.626933,-112.100731,33.626933,-112.100731],[212,26,11]
-nMFhiNl5X_ZY9PY1jd2qg,33.4948197,-111.9798208,1,[33.4948197,-111.9798208,33.4948197,-111.9798208],[119,11]
08uQiHjASwzu4Js7FT18_Q,33.6556844,-111.9300279,3,[33.6556844,-111.9300279,33.6556844,-111.9300279],[99,11]
Wtak9ZqDewUNXkHV44XlbA,33.4923301,-111.924946,1,[33.4923301,-111.924946,33.4923301,-111.924946],[38,48,39,11]
IuNBGKh9KgxgRgcRqK-KTg,33.4184832,-112.0526433,84,[33.3090064,-112.2641158,33.52796,-111.8411708],[57,327,26,11,38,99,39]
xPAgJ010mPkjCtys1pgUlg,33.45650345,-111.9658182,5,[33.305824,-111.991311,33.6071829,-111.9403254],[7,108,338,11,210]
d7iK3UZSVwcfwV2N1tMeuQ,33.524663527731946,-111.9551499126305,19,[33.5101474,-111.9866292,33.5391796554639,-111.923670625261],[27,11,98,7]
hmYpPS4PKS_TETw-piMzjA,33.6523855,-112.1707425,4,[33.638908,-112.187126,33.665863,-112.154359],[7,9,119,11,26]
zOaifkFrrySqQVaOFC0xJw,33.458256,-111.907685,5,[33.458256,-111.907685,33.458256,-111.907685],[251,43,11]
urjcdkdIKZA5JCbh9CopBA,33.44422025,-111.94125310000001,8,[33.3496805,-112.073079,33.53876,-111.8094272],[26,11,27,99,212,63,10,24,182]
zCu1akPs0-RpZZ9jWOxXHg,33.5290439,-112.0931485,67,[33.5266038,-112.26167,33.531484,-111.924627],[57,327,119,120,11]
zmuyxKjl3RS5vqbqn2wFuA,33.4081365,-111.7735674,2,[33.4081365,-111.7735674,33.4081365,-111.7735674],[84,125]
Lj5pFZqCgbOqRaNat5F2vQ,33.495487350000005,-112.00053439999999,5,[33.4948197,-112.021248,33.496155,-111.9798208],[119,11,99]
FVSpUG2tCifMcs2sFTTzqw,33.582385,-112.005917,5,[33.582385,-112.005917,33.582385,-112.005917],[365,137,139,7,307,11]
iTs6ytEvovRSthP2PrvMAw,33.453023650000006,-111.92194620000001,14,[33.3181,-112.1164668,33.5879473,-111.7274256],[49,319,59,38,39,99,11,24,168,169,128,126,97,7,36]
_UroR-PVu7ZK6Iv_1TSY_w,33.621895,-111.874989,1,[33.621895,-111.874989,33.621895,-111.874989],[6,21]
G1hS7QRhx169qKo_Y__83g,33.414333,-111.923735,2,[33.414333,-111.923735,33.414333,-111.923735],[168,11]
Y5SZJEwGcxOJ_ZteqjgK9g,33.4360415,-111.9956337,1,[33.4360415,-111.9956337,33.4360415,-111.9956337],[28,240,241]
6lH5VSUUSHtge2oDxEpXiw,33.4978182,-111.9253728,1,[33.4978182,-111.9253728,33.4978182,-111.9253728],[224,11]
wdg8yySU-Wx5JTsG3hPw0A,33.3791486,-111.805341,1,[33.3791486,-111.805341,33.3791486,-111.805341],[212,126,11]
EMy6UdnvSUhOA40CPgFa_A,33.449233,-112.065458,48,[33.449233,-112.065458,33.449233,-112.065458],[27,11]
ZfbTq6ESFVwFAQRSSlFkbQ,33.3068367093802,-111.743672043085,15,[33.3068367093802,-111.743672043085,33.3068367093802,-111.743672043085],[7,142,292]
TwXNOYg9zndOf1OWxaWxqw,33.6106247,-111.9778024,1,[33.6106247,-111.9778024,33.6106247,-111.9778024],[97,11]
uu5a4PiUfNnECYm4ozw6Gg,33.6273043125159,-111.894766598404,1,[33.6273043125159,-111.894766598404,33.6273043125159,-111.894766598404],[57,69,48,11]
r8xfTpifZ7gP5Cd5CSQaIQ,33.4086604,-111.9068909573975,200,[33.307114,-112.089863,33.5102068,-111.723918914795],[88,38,39,89,11,99,48,322,57,7,162,43,63,27,24,186,6,56,145,108,8,119,206,47,251,77,112,191,35,17,15,111,113,18,46,205,40,61,13,109,142]
uq1y9VRH9vOy91x8f4TQSg,33.456509350000005,-112.04172295000001,145,[33.3022417,-112.1841384,33.610777,-111.8993075],[109,38,11,39,440,126,99,265,7,313,27,224,483,108,201,168,439,46,6,63,48,24,273,43,212,293,97,309,119,285,149,142,182,140,292,8,53,54,55,122,145,57,205,40]
nHMctnIQIV7O3GsTjvQqJg,33.3490394,-111.9100097,10,[33.3490394,-111.9100097,33.3490394,-111.9100097],[57,69]
cXO6Prlk8VSwOeBAWJkYbw,33.49513215,-111.99571449999999,28,[33.4194512,-112.075503,33.5708131,-111.915926],[265,11,10,24,26,38,7,47,88,39,48]
6zP2KjnFtunwKq9ZrMdHCw,33.5840123,-111.9223917,8,[33.5840123,-111.9223917,33.5840123,-111.9223917],[182,48,140,11]
91BBne4fTRykJxrft4Ai2g,33.5950968646478,-112.065436542034,4,[33.5950968646478,-112.065436542034,33.5950968646478,-112.065436542034],[28,17,29]
ergzjT2C16zRrV9W7jQ-Sw,33.4880033,-111.92302455000001,5,[33.42263,-111.954417,33.5533766,-111.8916321],[57,327,27,11]
hw9irUmYqNe5zSW1V1ybbw,33.460294,-111.985653,1,[33.460294,-111.985653,33.460294,-111.985653],[28,17,29]
evYAmzE8-gNrPMeun3RlJQ,33.50933225,-112.0547417,5,[33.5092556,-112.0716011,33.5094089,-112.0378823],[7,142,41,400,11]
BCsifr1B2QuymNgJ7Alz3w,33.488648350000005,-111.98730075,8,[33.465623,-112.0653185,33.5116737,-111.909283],[71,72,210,11,38,99,39,40]
0vNa9fpMlvsA6tZCGSwUQg,33.379421,-111.923529,1,[33.379421,-111.923529,33.379421,-111.923529],[27,11]
7nfjjh7lTNxgsly0mRsTTw,33.384163,-111.803119,2,[33.384163,-111.803119,33.384163,-111.803119],[212,126,97,11]
42d2tLnvlksgonof4-7w9Q,33.5535397,-111.959372,13,[33.3090064,-112.0775732,33.798073,-111.8411708],[26,11,63,27,33,38,39,182,48,140]
Y-nr6eaHwP3HF1jV4JKDJw,33.36943385,-111.9405803,169,[33.3194165,-111.9652346,33.4194512,-111.915926],[38,7,47,88,39,48,11,63]
J_lABwKxxwjh5mqMtQLBNQ,33.4941704,-111.9260519,1,[33.4941704,-111.9260519,33.4941704,-111.9260519],[104,105,65]
YVyzM5JuquEGmSxWrlXzeg,33.39057435,-111.94765014999999,111,[33.2486638,-112.261001,33.5324849,-111.6342993],[7,30,8,13,6,46,18,17,44,127,11,296,45,28,442,241,32,95,222,99,41,57,228,72,148,154,327,170]
fKYP2YKR5yp_cNHPzBxxKw,33.5202217,-112.02154395,43,[33.33985,-112.1830859,33.7005934,-111.860002],[311,11,382,7,449,97,117,43,251,224,63,27,24,72,395,265,119,177,140,10,38,39,40,48,14,15,6,373,196,26,212,142,9,218,41,323]
i-_UteYqxPZl5u-CPPAOBQ,33.4230656,-111.93858675,7,[33.321266,-112.0476735,33.5248652,-111.8295],[337,32,43,11,149,97]
MNhzs0rk99XT38m0LTzXmg,33.220784807586,-111.58327115097,175,[33.220784807586,-111.58327115097,33.220784807586,-111.58327115097],[190,28,140,11]
j472C2lnLtcdyXz4qA0YrA,33.4685398,-112.0137828,36,[33.413158,-112.1517866,33.5239216,-111.875779],[212,97,11,44,224,71,72,26,196,182,223,140,24,63,7,9,10,251,43,138,8,139,119,28,240,241,202,281]
cX8yJPjbJFrmSGsEUpSwtw,33.868744,-112.1387323,1,[33.868744,-112.1387323,33.868744,-112.1387323],[65,133]
p5cJMxId0pnJosSvFxYFew,33.5821186,-112.1549576,1,[33.5821186,-112.1549576,33.5821186,-112.1549576],[44,26,11]
tMR534A8JM8lc2GWRQ1hcw,33.422728,-111.951494,1,[33.422728,-111.951494,33.422728,-111.951494],[88,38,39,89,11]
VCRt0FcNpUfUySdVxrtt9g,33.4222653,-111.9199824,125,[33.4222653,-111.9199824,33.4222653,-111.9199824],[7,98,10,9,11]
rDtxgae1nUeawSGwOpgDiA,33.4486711,-112.0662996,53,[33.4486711,-112.0662996,33.4486711,-112.0662996],[322,57]
5rFrAz6PxVE68G8qDHlZ_g,33.3805962,-111.75452,1,[33.3805962,-111.75452,33.3805962,-111.75452],[33,99,44,11]
Q245Wp3b8YG8MVVHMVT6iA,33.5100484,-112.01379525,8,[33.5100455,-112.01408,33.5100513,-112.0135105],[126,97,11,7,108]
oRomrOrRGth0OENlfejenQ,33.581569,-111.931282,31,[33.581569,-111.931282,33.581569,-111.931282],[224,11]
UyUgQz91YcA8Lt_Q5KYKTw,33.4253394,-111.9398532,9,[33.4253394,-111.9398532,33.4253394,-111.9398532],[38,99,205,39,128,11]
3dfm7ErrW8IC-R2srUkPbA,33.47233625,-112.03421145,4,[33.3350535,-112.123848,33.609619,-111.9445749],[309,285,11,119,24,141,6]
B5oQI_7wYN2EGoxIE4jgpw,33.647901450000006,-111.92639654999999,3,[33.4977299,-111.926458,33.798073,-111.9263351],[26,11,38,128,39]
-Gdjho_gZhgTXkYmSPy0qw,33.50418212328965,-111.9262030623205,200,[33.499499,-111.927402,33.5088652465793,-111.925004124641],[97,11,63]
82hxm6d66SCZur4ph3bJ9A,33.448927,-112.07139749999999,15,[33.448654,-112.073195,33.4492,-112.0696],[7,108,24,11,119]
NA0jSKcjGQEdhj7uLgDafg,33.304808,-111.977712,1,[33.304808,-111.977712,33.304808,-111.977712],[7,162]
jKlyRb6aCW2RD1nf5p27-Q,33.421748050000005,-111.87303645,6,[33.3650631,-111.996531,33.478433,-111.7495419],[72,281,177,192,11,57,69]
tbMCWLAL_EJPFJpEoXInCQ,33.4888433,-112.03374450000001,55,[33.465368,-112.072134,33.5123186,-111.995355],[119,99,11,7,108]
WBhPf-vb5dHUku9kWnaw_w,33.59231175,-111.95832375,4,[33.5102068,-112.0272041,33.6744167,-111.8894434],[26,11,109,38,265,39]
JsFyvHnhklEU2AWEiKEmng,33.700033,-111.888462,1,[33.700033,-111.888462,33.700033,-111.888462],[27,11]
zwTZreQmb5V9b0yoZ1_3eQ,33.355706822396996,-111.78249595739749,8,[33.321061644794,-111.841073,33.390352,-111.723918914795],[99,11,72,154,24,49,341]
8ZchNx1nHZMXe1WpVTbDcw,33.4585129,-112.09096705464151,18,[33.421657,-112.276376,33.4953688,-111.905558109283],[99,11,27,7,162,177,140,88,38,39,89,202,72,192,323,10,33,128,28,240,241,24,224,26]
IsDEpSZZDc89rvSsID-7Vg,33.5025941,-111.9296765,1,[33.5025941,-111.9296765,33.5025941,-111.9296765],[265,48,11]
3o9TQ3nkLmMdAtpO0fY9zg,33.26884175,-111.859059,5,[33.2181007,-111.8592461,33.3195828,-111.8588719],[43,11]
WBQbTzFviB7yK0otUlnCcA,33.506941,-111.926536,5,[33.506941,-111.926536,33.506941,-111.926536],[475,48,11]
CPRTEYJYiYaMPQRaaASGTQ,33.532302650000005,-111.9824929,13,[33.423546,-112.0275918,33.6410593,-111.937394],[33,11,27,63,7,142,48]
ZVEczpUvryy8aAHVn5y05g,33.40997,-112.260868,56,[33.377809,-112.557111,33.442131,-111.964625],[28,170,44,11,72,154,7,8]
686n6A10siZbYHDA63yF7w,33.617303,-111.892594,1,[33.617303,-111.892594,33.617303,-111.892594],[106,54,131]
4XHnRQ83hywLqLfXy854_w,33.444799,-112.066662,200,[33.444799,-112.066662,33.444799,-112.066662],[57,327]
SUs-dkLoFI600NHq53xUhg,33.608725500000006,-112.27237500000001,8,[33.578541,-112.391176,33.63891,-112.153574],[7,108,8,64,65,49,469,146]
jObqGGg0vNDdu_TVOmslOw,33.4373684849164,-112.002139091492,75,[33.4373684849164,-112.002139091492,33.4373684849164,-112.002139091492],[38,26,39,40,11]
tNSMXpLUSDk6TxtSAKLkIg,33.5222185,-111.9595033,3,[33.5222185,-111.9595033,33.5222185,-111.9595033],[28,17,29]
yfAE2xxLc2w3qNzsn-52Lw,33.415285563916,-111.916131529541,2,[33.378303527832,-111.9261275,33.4522676,-111.906135559082],[28,17,29,26,11]
DQ2m9lnTRcmFGl1diRvNhw,33.3679418,-111.77167275,4,[33.3545993,-111.7898391,33.3812843,-111.7535064],[6,32,302,110,1,141,119,99,11]
LpSNcr2VkEDwQmCwihZ_Gw,33.4986953,-111.91932025,200,[33.4865166,-111.9296765,33.510874,-111.908964],[99,126,11,46,6,26,28,17,29,38,128,39,84,125,87,98,7]
3PrvtLsXVbxVYaIfh4y05w,33.4471735,-112.073781,2,[33.4471735,-112.073781,33.4471735,-112.073781],[48,11]
EqBPlcCzCrzx4eg9LHfDNw,33.5418145286892,-112.0865290684965,2,[33.4566960573784,-112.100731,33.626933,-112.072327136993],[119,11,212,26]
KhnR6nDdzj5P_TsgOcI-bQ,33.517586316148396,-111.96857951608399,7,[33.466112,-112.047066,33.5690606322968,-111.890093032168],[24,11,98,7,307,162,44]
AQK4zkdtQPu0lOBbGV89WQ,33.581302,-112.25351,2,[33.581302,-112.25351,33.581302,-112.25351],[26,11]
QEy_xoEcmL0y6N8YLPUhCw,33.468739822397,-111.903666655882,34,[33.321061644794,-112.083414396969,33.616418,-111.723918914795],[48,11,49,193,59,38,99,39,40,44,26,214,168,181,229,224,210,119,251,265,126,97,212,27,24,96,72,182,140,63,307]
GnnuqvyK_EYHFork9XMbxA,33.4671079,-111.9086211,5,[33.4671079,-111.9086211,33.4671079,-111.9086211],[97,11]
sR8KHaUektJ86tOJZS6xvA,33.3998302,-111.76628515,5,[33.3845874,-111.8057823,33.415073,-111.726788],[26,11,311]
kQdngkkcJbgOa4XVkhdMVA,33.450341550000005,-112.02108485,3,[33.3490097,-112.1341113,33.5516734,-111.9080584],[27,11,192,63]
Cy4tE3RIae4cadipZzJtHg,33.3072791,-111.7565009,1,[33.3072791,-111.7565009,33.3072791,-111.7565009],[39,38,48,128,11]
rO3WEI9L-_deUR9-JHuNQw,33.443867749999995,-111.97359134999999,182,[33.2649732,-112.26167,33.6227623,-111.6855127],[7,142,33,44,11,212,361,162,224,194,26,98,201,48,47,182,99,239,265,483,46,13,6,30,18,17,8,137,139,126,97,104,204,65,38,128,39,296,108,27,77,35,76,12,114,89,88,168,169,41,43,117,49,445,66,52,119,138,434,103,218,323,50,148,45,292,416,36,9,24,57,327,69]
MJyONJfSTzm-3ZxwvthaUw,33.51894155,-112.07328054999999,3,[33.5061711,-112.081768,33.531712,-112.0647931],[210,11,7,292,84,339]
i0lWrr_87zCEUqEC7KshPw,33.5019817,-111.9276185,10,[33.5019817,-111.9276185,33.5019817,-111.9276185],[38,48,39,11]
v2cSt95i0zvlfd66z4yGdA,33.348576,-111.983734,1,[33.348576,-111.983734,33.348576,-111.983734],[26,11]
GKCELYocCbAyEzYjtfBoCg,33.304861,-111.927065,19,[33.304861,-111.927065,33.304861,-111.927065],[7,292,182,218,11]
YwcacxA7WCB9fryDHDxF8w,33.471852,-111.9944815,200,[33.43475,-112.066662,33.508954,-111.922301],[28,17,29,57,327,170]
0GbvM6-bHZ3drBx2SMjJUw,33.434948000000006,-112.0024035,8,[33.43475,-112.00644,33.435146,-111.998367],[28,170,119,38,99,39,11]
8vy0A_j5kkSakFMsHsQ82g,33.4660061,-111.893476,2,[33.4660061,-111.893476,33.4660061,-111.893476],[7,36]
yC_9khwKP1y2JhrPkFpa3w,33.4861585,-111.9258777,112,[33.4861585,-111.9258777,33.4861585,-111.9258777],[28,17,29]
7BDKTrTZPBkiFAhldhES4w,33.581511,-111.879218,13,[33.581511,-111.879218,33.581511,-111.879218],[212,43,11]
KDTxm8pwg9IIneY652do7g,33.4969414,-111.92620115,4,[33.4949678,-111.928258,33.498915,-111.9241443],[11,63]
D7orLrwLAXbaAVwqTSSY7w,33.6244671692423,-111.927910236417,1,[33.6244671692423,-111.927910236417,33.6244671692423,-111.927910236417],[24,11]
UDKqRX67-neAJky7ctNlJA,33.26169240405795,-111.72363976758001,8,[33.2125748081159,-111.772012,33.31081,-111.67526753516],[7,11,63,10,24]
nBFyVu9NZ9zhY49LRoULKA,33.485674,-111.98926130000001,19,[33.3313401,-112.0872865,33.6400079,-111.8912361],[63,27,11,119,99,26,265,126,97,38,48,39,40,127,7,88,47,128,109,221,140]
JVPUixQJDIudSEziVX2xvw,33.654849,-112.373782,3,[33.654849,-112.373782,33.654849,-112.373782],[63,27,11]
2Iq_-vHSKWwlDyWpAEY1Hw,33.4984491,-111.92161205,4,[33.414345,-111.9301931,33.5825532,-111.913031],[38,212,41,39,11,192]
RS0_mhAZlaxTKJzNj6OrLA,33.4949678,-111.9241443,1,[33.4949678,-111.9241443,33.4949678,-111.9241443],[11,63]
V6iuXEJoJFKbCWSYwMgMrg,33.5668050728745,-111.92547082901,2,[33.5668050728745,-111.92547082901,33.5668050728745,-111.92547082901],[224,11]
tEcs-jlMsL7Ui4ZakTPbpA,33.820937,-111.9228454,27,[33.820937,-111.9228454,33.820937,-111.9228454],[48,11]
qD57XlUaLt3j-XEn7A1KVA,33.476084,-112.065637,1,[33.476084,-112.065637,33.476084,-112.065637],[7,8,218,41,11]
1cXrR3PEokniKrVDHzF2yA,33.4078685,-111.8344631,22,[33.4078685,-111.8344631,33.4078685,-111.8344631],[117,26,11]
M6rTx_5AYT5gagrKmJNdmw,33.497828,-111.927267,9,[33.497828,-111.927267,33.497828,-111.927267],[352,48,11]
Vt4TE7IB95eAHUoQPuOufg,33.5069036,-111.90797225,12,[33.4329724,-111.9296765,33.5808348,-111.886268],[11,63,46,6,7,108,33,48,307,30,274,13,57,69,56,27]
Jf67LRtOhdIa9VTSGrA3qg,33.559326104498254,-112.055193790822,19,[33.4346646089965,-112.1161771,33.6839876,-111.994210481644],[48,11,63,27]
CGUtR64mOD2E-BX5KHSFgQ,33.477139,-112.047298,9,[33.477139,-112.047298,33.477139,-112.047298],[7,98,108]
jOQQJbs7EO4X0vEIS7FCcw,33.5403655,-111.8852673,2,[33.5403655,-111.8852673,33.5403655,-111.8852673],[212,361,11]
Dw5WdASjubM-EcC8g4iGjQ,33.52796,-112.2641158,200,[33.52796,-112.2641158,33.52796,-112.2641158],[57,327]
8KCUDaMhHkv5ixutvpBlZw,33.4588485,-112.072544,9,[33.37844,-112.273257,33.539257,-111.871831],[123,65,251,11,33]
yG3NMrad4aFa56taa17p-w,33.5815498714519,-112.122052609921,1,[33.5815498714519,-112.122052609921,33.5815498714519,-112.122052609921],[7,142,99,11]
Mw5ODEfASfOQ_FEl7QqyLw,33.65406585,-112.1265749058185,11,[33.640832,-112.1695699,33.6672997,-112.083579911637],[177,140,11,126,54,55]
KaWduvyLhPyICEm8dJzLRA,33.425116849999995,-112.0121516,13,[33.3117903,-112.1830859,33.5384434,-111.8412173],[311,11,26,43,149,168,63,185]
SqwMM_3A4344Ya8hop5wpA,33.32773005,-111.74329800000001,2,[33.2903691,-111.755002,33.365091,-111.731594],[7,247,49,193,80,59]
HVNECmj4SI2rbuPz3uIpdA,33.501161,-111.925513,1,[33.501161,-111.925513,33.501161,-111.925513],[206,11]
qqrEek9jLUAic4_aVMiX2g,33.5257555,-111.91396795,200,[33.414477,-112.0047498,33.637034,-111.8231861],[44,24,11,119,26,168,144,99]
jVNpBd3oF5Tch8O74BkEDw,33.445054150000004,-111.9341856,3,[33.424522,-111.940409,33.4655863,-111.9279622],[7,24,47,27,11,88,38,39,40]
tFU36bos8yPXk4q4cXfgig,33.43726505,-111.81880910000001,89,[33.42263,-111.940813,33.4519001,-111.6968052],[265,11,307,212,43]
ze0TFfYEeAWfWTtvgLWcIg,33.5327116,-111.8949366,15,[33.4915779,-111.925841,33.5738453,-111.8640322],[119,38,48,39,11,8,6,116,7,36,113]
UH8mMznp-uwInLUMSDc0dA,33.4925020001075,-111.924118995667,51,[33.4925020001075,-111.924118995667,33.4925020001075,-111.924118995667],[119,99,11]
RTZ_v3ju7LzwRYk-OJ_mWg,33.409865800000006,-111.8225451,12,[33.4064076,-111.873436,33.413324,-111.7716542],[43,11,33]
nYIhP-f_ixlVf7zo4KYsEQ,33.47023705,-111.9669655,12,[33.3135411,-112.100731,33.626933,-111.8332],[175,129,121,79,48,11,43,7,142,139,375,17,62]
hol0NM4lkt0jfoyIcfyPfg,33.595925199999996,-112.3161269,11,[33.5515304,-112.361552,33.64032,-112.2707018],[119,11,63,27]
vzsOB4jaPZ7TkZNN6fdaLg,33.321061644794,-111.723918914795,1,[33.321061644794,-111.723918914795,33.321061644794,-111.723918914795],[99,11]
aXyYU0tIjZVzNV6Nwf5WqQ,33.5808419,-111.929453,36,[33.5808419,-111.929453,33.5808419,-111.929453],[54,55,122]
Ki71iAFTxsPPQfX430c99Q,33.4900723,-111.97812925,200,[33.304814,-112.0745395,33.6753306,-111.881719],[38,48,39,40,11,49,128,341,7,10,9,119,99,108,88,185,292,126,172,313,26,33,293,212,142,109,352]
9Xiwbbn_nM4Si56lVMzRVg,33.48430075,-111.999735,9,[33.4770236,-112.073629,33.4915779,-111.925841],[109,38,48,39,11,296,119]
_w_fJpUp6zZZmobQfFLZLA,33.3075344,-111.84634405,4,[33.2937998,-111.970802,33.321269,-111.7218861],[99,11,265,27,98,7,24]
0kL6b3ZNrc5vU1Jojv3Z2g,33.5090018,-112.0409994,8,[33.5090018,-112.0409994,33.5090018,-112.0409994],[13,6,115,372]
6nDl60XJ9oLXNTLuMVYAsw,33.54726865,-112.03278205000001,17,[33.379261,-112.1250121,33.7152763,-111.940552],[97,11,63,27,24,41,126,48,33,99,117,177,140,26,43]
fuPLnJdMh7aeKWb7JjlLqw,33.3812843,-111.7535064,1,[33.3812843,-111.7535064,33.3812843,-111.7535064],[475,10,11]
UYv84uHF14pNT7VP25cPEg,33.616418,-111.92631,1,[33.616418,-111.92631,33.616418,-111.92631],[265,126,97,11]
KJTQhPgjDCzpbSXjh0E5eg,33.6071829,-111.9403254,1,[33.6071829,-111.9403254,33.6071829,-111.9403254],[210,11]
Ue9mYNOxPcicrU_UzhGluQ,33.58049765,-112.0985947,51,[33.445899,-112.2747334,33.7150963,-111.922456],[99,185,11,7,139,416,38,39,27,128,63,26,96,72,57,327,292,48,265,74,33,44,8,6,45]
Tvtjkm4OZM7b85nanzZDuw,33.567030349999996,-111.9277584,9,[33.4948197,-111.9798208,33.639241,-111.875696],[44,127,11,7,142,33,117,48,119,38,99,128,39,26]
IorFc1uV-udec4VLXc0YEw,33.473419500000006,-111.995299,200,[33.447521,-112.063434,33.499318,-111.927164],[7,36,142,309,11]
9bH8fbjXPQKSlYDZOmzbbg,33.505928999999995,-111.9760347,200,[33.5024987,-112.0261747,33.5093593,-111.9258947],[7,292,168,99,11]
yr_E5r2oMyWa2nUjtxUC1g,33.47673945,-112.35508175,3,[33.459657,-112.784167,33.4938219,-111.9259965],[7,142,72,154]
aQxooJB5YCqiYRhas5zd8w,33.488251,-112.3485095,2,[33.484449,-112.364198,33.492053,-112.332821],[224,11,7,142]
2DD9CFcpxnD-cUOmDz2nyg,33.601047,-112.319179,5,[33.601047,-112.319179,33.601047,-112.319179],[253,32]
tbwQUiXCuxudfSmwVfCMng,33.329129,-111.795261,1,[33.329129,-111.795261,33.329129,-111.795261],[57,69]
1DobDCVC6X38RK5odssksg,33.415194,-111.919995,1,[33.415194,-111.919995,33.415194,-111.919995],[218,219,11]
Ski6Zq6r-t4qYuyxE0045w,33.117110600000004,-111.73624204999999,17,[32.879177,-111.7895308,33.3550442,-111.6829533],[185,11,119,26,24]
FN8F9pNKMIwCjwxLulVF_A,33.5266038,-111.924627,2,[33.5266038,-111.924627,33.5266038,-111.924627],[119,120,11]
1fERJYlHjZx-dn7NMrOKvg,33.59813035,-112.095223,22,[33.483281,-112.263551,33.7129797,-111.926895],[63,27,11,182,99,7,48,47,307,212,43,142]
pjoghjb0ZcuDWHvz02dSVA,33.421113000000005,-111.9311656294935,4,[33.365048,-111.936532258987,33.477178,-111.925799],[119,48,24,11,49,417,80,231,59,99]
NhCiwD1tKXMqjs2ajPQzDQ,33.66213,-111.91882625,12,[33.4922985,-111.9471619,33.8319615,-111.8904906],[177,140,11,210,119,120,64,161,65,33,117,7,292,139]
dOwcREeiPsl-THOz7ccXNQ,33.700033,-111.888462,1,[33.700033,-111.888462,33.700033,-111.888462],[27,11]
JDomeP43HUjNceEI1RqPzQ,33.59670525,-112.00243975000001,14,[33.4922985,-112.1156244,33.701112,-111.8892551],[104,105,65,224,11,24,126,97,210,26,17,62,48,185,27]
2SqN-3-d3TSyspd6j1CkVw,33.3107008,-111.8749872,4,[33.3107008,-111.8749872,33.3107008,-111.8749872],[129,277,278,79]
ZG4PF8P2BUZf5mjuIlE4Cg,33.248163,-111.647433,1,[33.248163,-111.647433,33.248163,-111.647433],[208,6,35]
of23DD-S_kl3mIup7NR9yg,33.53949125,-112.0819243,200,[33.426351,-112.2383046,33.6526315,-111.925544],[7,162,38,99,39,11,108,64,65,138,8,139,168,212,26,27]
VdE5jhzmujV1uvH3bKoJqA,33.560044500000004,-112.0434398,22,[33.5092093,-112.0982935,33.6108797,-111.9885861],[340,11,98,7,239]
RRTraCQw77EU4yZh0BBTag,33.44368195,-111.96533185000001,50,[33.3057949,-112.0734213,33.581569,-111.8572424],[6,32,130,35,208,264,119,11,126,97,27,33,229,117,10,57,39,145,311,88,38,24,63,48,109,7,139,416,36,120,177,182,140,192,26,219,218,41,212,43,99,185,47,224]
elzVsq5Zt9_95gD1yh4Fgg,33.63155365,-111.9759457,6,[33.6262339,-112.066419,33.6368734,-111.8854724],[7,449,108,20,499,23]
BCsG2v_pwoIfXCJ_zykjJg,33.4321397,-112.0420074,2,[33.4321397,-112.0420074,33.4321397,-112.0420074],[28,271]
MpH9KwoQdpAyraAfzuQ3Ug,33.575415,-112.0651595,72,[33.575415,-112.0651595,33.575415,-112.0651595],[33,11]
4bHbfuCnJ2_sb_6eaAa7MA,33.4743644,-112.00294224999999,4,[33.439261,-112.0793635,33.5094678,-111.926521],[161,65,113,6,116,28,17,29]
A7ITgZjMLO3u2r-P3kKuiQ,33.492962,-111.927751,21,[33.492962,-111.927751,33.492962,-111.927751],[224,11]
BzU_wtN6tOVY7PR39Ob_iQ,33.452364,-112.0245899,6,[33.4240504,-112.1091081,33.4806776,-111.9400717],[49,80,59,11,27,63,38,26,39,54,55,122,256]
GnfhkMo0Y5qDsEOGSpvD7A,33.40315595,-111.90842925,14,[33.3203096,-111.9264164,33.4860023,-111.8904421],[65,133,105,369,33,117,48,11,64,119,49,80,82,59,7,139,225,142,126,9,136,17]
Y1I3WqFjl17gyhzxMdOe6w,33.6411275,-112.231129,1,[33.6411275,-112.231129,33.6411275,-112.231129],[71,72]
TBi-83lYEqTIM0pK9EAV-A,33.4890245,-112.0737864,19,[33.4471735,-112.081699,33.5308755,-112.0658738],[99,11,57,145,38,39,48,201,10,7,108,119,4,5,6,84,147,129,78,278,79,24]
Qm9QOYeVXYiNh0Osg8jo4Q,33.571243,-112.065998,8,[33.571243,-112.065998,33.571243,-112.065998],[253,32]
F7uzfIgO0fqYV2HkjZ_d9w,33.47980525,-111.99719264999999,6,[33.479131,-112.0096143,33.4804795,-111.984771],[7,8,99,44,11]
Jsb8Y-c2LtamVN1DE6-1sg,33.4712477,-112.0650649,3,[33.4712477,-112.0650649,33.4712477,-112.0650649],[48,11]
4eQRXiCtStqN5UfJNE7lLQ,33.5183691,-112.0047498,1,[33.5183691,-112.0047498,33.5183691,-112.0047498],[99,11]
CAXlysheDCG0oZwB5ECSAA,33.52928645,-111.916418,15,[33.4219513,-111.941266,33.6366216,-111.89157],[465,168,265,39,11,33,24,38,99,128,7,292,361]
KUmDXd9CCzUJYbKzJf6NvA,33.393707,-111.813894,1,[33.393707,-111.813894,33.393707,-111.813894],[197,84,343,23,344]
N4OzOc3hxBCAqUtDKEs5ig,33.451673,-111.772871,1,[33.451673,-111.772871,33.451673,-111.772871],[44,27,11]
XwEY9qjfXtdpNbmRY2p_bA,33.5677661,-112.08078574999999,51,[33.424522,-112.238107,33.7110102,-111.9234645],[71,72,275,269,48,11,27,38,128,39,43,185,126,97,24,99,7,142,26,33,189,10,44,265,88,40]
t9IGDFk6eqs5eU1O2wvvBQ,33.4801394,-112.0915342,1,[33.4801394,-112.0915342,33.4801394,-112.0915342],[24,11]
dDEtlZoeJzrRA--Q8ccvWQ,33.49112,-112.079081,5,[33.49112,-112.079081,33.49112,-112.079081],[26,11]
fYUkppl-3IORhJmBNV0GNg,33.332847,-111.790888,3,[33.332847,-111.790888,33.332847,-111.790888],[7]
bKSYlksA-ahHiTm-wu8s7w,33.302888,-111.969927,1,[33.302888,-111.969927,33.302888,-111.969927],[28,17,29]
lD-p9WrzgbE3dWcTBOYtIQ,33.53058835,-111.99823235,21,[33.421453,-112.1223355,33.6397237,-111.8741292],[206,11,98,7,24,63,218,41,27,65,133,224,126,97,48,108]
LFZEPbbOMHJRBLki7V5XNg,33.629468,-111.9360485,200,[33.629356,-111.938205,33.62958,-111.933892],[49,178,28,17,29]
68WiOF02xISzb9Q6VLQRkA,33.49225345,-112.041401465187,43,[33.3774019,-112.222145,33.607105,-111.860657930374],[98,7,265,48,11,39,26,127,119,138,139,224,63,27,24,210,251,8,292,108,99,246,17,423,10,219,218,41,38,149,43,192,129,79]
Q07J2TiFSJvO8jpwQNGLMg,33.399991,-111.939886,4,[33.399991,-111.939886,33.399991,-111.939886],[11,63]
66c6P3qV3oC_f1qGHPsrjw,33.430535,-112.345359,64,[33.430535,-112.345359,33.430535,-112.345359],[24,229,11]
XHAB0E6oJo27KMopmAEc6A,33.4946689,-112.0423328,2,[33.4944525,-112.0455993,33.4948853,-112.0390663],[185,11,117]
QIrTZwlEM_lPq0c0l-GPaw,33.43131755,-111.9500658,56,[33.3702541,-111.9741847,33.492381,-111.9259469],[265,11,48]
wiK6D8YMuyKnARQ3iDC1zw,33.410045,-111.684349,1,[33.410045,-111.684349,33.410045,-111.684349],[43,11]
v10WwWFKPAK6aKjghrLj3g,33.501821,-111.919938,19,[33.501821,-111.919938,33.501821,-111.919938],[265,185,11]
EDN_wou8EEkuaj5Pd83cQA,33.42201525,-111.9020982,109,[33.3652366,-111.94542,33.4787939,-111.8587764],[10,24,11,26,309,119,285]
IZlJwcC8Fgf4BMgXD6kB0g,33.43065,-111.843711,3,[33.43065,-111.843711,33.43065,-111.843711],[208,130,6,32,35]
8ZE93bwK80eW3MN9-MOeyA,33.58348,-111.883526,1,[33.58348,-111.883526,33.58348,-111.883526],[7,139]
ckbfrV9plHGUoBeovjbPWg,33.464277,-112.269802,2,[33.464277,-112.269802,33.464277,-112.269802],[161,65]
_rk4cINsGKNy9bR_grbE0w,33.8504832,-112.1166506,6,[33.8504832,-112.1166506,33.8504832,-112.1166506],[65,133]
BLyne083dmXK2MVZ0fH0zA,33.4657394,-112.0724302,119,[33.4657394,-112.0724302,33.4657394,-112.0724302],[224,11]
lQqm3BzVp9itrfgbLKJk0w,33.382994999999994,-111.95126590000001,19,[33.272043,-111.9802308,33.493947,-111.922301],[28,17,29,49,265,146,11]
JGHaZ4pv1qDmcSCKe1rzSw,33.620562,-111.8963279,2,[33.620562,-111.8963279,33.620562,-111.8963279],[119,11]
spf0Xy1QeIPTkLAmJSUBnA,33.6391363,-112.150244,110,[33.6391363,-112.150244,33.6391363,-112.150244],[210,11]
k5Fi7yzulree-h07MNYFcg,33.592285000000004,-111.973577771017,10,[33.545329,-112.065436542034,33.639241,-111.881719],[28,17,29,26,18,11,119]
0bY7XTLpcN65SSnyNM0TiQ,33.423022,-111.940654,2,[33.42263,-111.940813,33.423414,-111.940495],[27,11,126]
Y521-OMaIw2F2Q4YYpky2w,33.4943672,-112.0912518,3,[33.4943672,-112.0912518,33.4943672,-112.0912518],[177,140,24,11]
H7OGq5Upv2FwuSORESv6Kg,33.43520905,-112.078111495485,34,[33.288633,-112.34971999097,33.5817851,-111.806503],[38,48,39,11,143,205,99,88,40,140,211,32,6,45,49,80,82,59,127,210,26,27,7,108,98,119,96,72,33,126,314,128,8]
z3r8mJ-otQYrwjlBI9KGyA,33.6037278,-111.94521335,7,[33.532125,-112.011752,33.6753306,-111.8786747],[38,48,39,40,11,161,195,65,84,124,54,55,122]
DJzbBORAJjTiTzFCEdoMQQ,33.313270599999996,-112.27673254999999,73,[32.9479262,-112.7128951,33.678615,-111.84057],[38,39,40,168,298,88,11,7,47,63,27,24,181,229,210,26,8,138,139,97,49,50,52,206,251,99,128,140,192,323,36,142,126,48,212,117,214,224,193,59,188,23,98,108,172,143,205,341,119,120,57,145,109]
kvLw4gjG6Jnmn2Sp119ZZQ,33.514027,-111.92487,19,[33.514027,-111.92487,33.514027,-111.92487],[28,17,29]
e3CQ697_wxfTiLmgWABOVA,33.2548001,-111.87055835000001,20,[33.2333299,-111.8830248,33.2762703,-111.8580919],[99,11,33,48]
WozD8e087LDylHUqoMaeig,33.6009522,-111.7159509,19,[33.6005624,-111.7163108,33.601342,-111.715591],[7,108,27,11]
JVeCUlDmcwJ3pteEdmzeHg,33.509190943519,-111.9803574573975,152,[33.266696887038,-112.236796,33.751685,-111.723918914795],[7,139,36,109,38,11,39,440,28,158,17,29,265,240,241,4,6,84,147,27,182,48,140,224,98,99,246,119,24,423,96,72,373,41,62,3,335,13,5,425,160,126,97,40,137,8,26,185,10,322,57,190,130,32,9,33,46,79,121,63,419,49,193,59,129,175,332,230,80,231,202,148,30,88,35,264,25,219,218,205,229,142,110,65,133,108,292]
Y2cKZXJUekpjbzDy9sA0dg,33.5529166,-112.1871122,1,[33.5529166,-112.1871122,33.5529166,-112.1871122],[120,11]
ixgYqRHucl21_3-qtPcVoA,33.486473816767045,-111.985920926624,39,[33.261657,-112.111108853248,33.7112906335341,-111.860733],[38,39,11,7,142,33,117,48,27,24,99,128,292,265,229,185,108,338,10,88,298,189,296,119,181,177,140,97,126,309,285,47,26]
b3utbpQRR9_OxKgK0tY8rA,33.5808348,-111.9268582,26,[33.5808348,-111.9268582,33.5808348,-111.9268582],[33,48,307,11]
fFn26KHxboC-iy-sHcgcgg,33.56750695,-111.98752525,24,[33.4571599,-112.0699779,33.677854,-111.9050726],[105,65,127,11,7,108,119,43,63,99,126,38,48,39,265,97]
Wez_y8WTXlaVspe5T0_0cw,33.477627549999994,-111.94273625,11,[33.3480722,-111.9451471,33.6071829,-111.9403254],[11,63,224,251]
6k2jpiK16efI8MURkOyEig,33.450424549999994,-111.9699729,9,[33.390792,-112.0143931,33.5100571,-111.9255527],[440,260,11,224,99,246,7,119,139,24,17,423,27,26,48,63]
4vzhlW-fUcID2sA-DJXrBg,33.347758,-111.756931,1,[33.347758,-111.756931,33.347758,-111.756931],[43,11]
3UeF9ThuT90mpzSy47hPoQ,33.5100398,-112.0146407,1,[33.5100398,-112.0146407,33.5100398,-112.0146407],[33,38,39,11]
pTzdWFmI3E01SaGcf4W3Ug,33.3900536,-111.93581085,12,[33.327278,-112.0685027,33.4528292,-111.803119],[212,126,97,11,117,224,214,251]
6_oIBE1IwWxMYqU1GWk7uQ,33.5851921,-112.05746265,8,[33.4435772,-112.2618185,33.726807,-111.8531068],[6,200,35,76,57,56,265,185,11,63]
uQNo2_J8MBbXOzLicnznAQ,33.379618,-111.757045,1,[33.379618,-111.757045,33.379618,-111.757045],[373,24,400,11]
SwFSx58vRK0WlWyMW5xwoA,33.503569150000004,-111.9875879,14,[33.4948197,-111.995355,33.5123186,-111.9798208],[119,99,11]
D5YNTYWpcsvNt-392vxftg,33.458692129096,-112.065567970276,2,[33.458692129096,-112.065567970276,33.458692129096,-112.065567970276],[98,7,108]
3tVcT7W64u_IHlqRaUyfpg,33.494205,-111.931447,2,[33.494205,-111.931447,33.494205,-111.931447],[48,11]
6UqRpma6bm80yx1tB8O1ig,33.43475,-112.00644,4,[33.43475,-112.00644,33.43475,-112.00644],[28,170]
ywdRZsx3GSRHn92qdPLN4Q,33.6952088,-112.19175925,5,[33.6391716,-112.204085,33.751246,-112.1794335],[72,184,269]
FCCr2d3w72r4u5wIQNyYbw,33.341904650000004,-111.883684,9,[33.3197658,-111.944694,33.3640435,-111.822674],[64,65,27,11,26,38,39]
2jZ9ABA3_YtzlVfDjxchtw,33.3060918,-111.8663347,2,[33.3060918,-111.8663347,33.3060918,-111.8663347],[71,72]
yov4PgFnEIOimzKdU2wV0g,33.6708968,-112.11465425,3,[33.639888,-112.3040101,33.7019056,-111.9252984],[43,11,63,27,307]
KNKcc5vF5k-vbAVIaZ-mGg,33.48188245,-111.9884916,12,[33.33985,-112.1169812,33.6239149,-111.860002],[60,61,13,6,182,172,11,7,108,48,373,196,43]
FotryrraSq3tubHJCFiVWg,33.495625399999994,-112.00411645,8,[33.481474,-112.012493,33.5097768,-111.9957399],[73,72,38,48,39,11]
44mrgkfQ6ZglLwF6vbNEZA,33.3344463,-111.8463705,4,[33.3344463,-111.8463705,33.3344463,-111.8463705],[101,38,99,39,11]
_cw9UBk_v0ABz8qv5SgT6w,33.4573393,-112.3933033,3,[33.4573393,-112.3933033,33.4573393,-112.3933033],[7,194]
hMKy_d8OTr3Ra2Mpu-ZnNw,33.55614,-111.9941284,9,[33.55203,-112.100098,33.56025,-111.8881588],[72,269,113,6,116]
Jb5uR0br80znL6ElNGVvKg,33.637034,-111.9217796,200,[33.637034,-111.9217796,33.637034,-111.9217796],[26,11]
aaZbN3eBB7GgDHOM-Bafdw,33.5793005,-112.0129435,1,[33.5793005,-112.0129435,33.5793005,-112.0129435],[64,179,65]
7UhBV3q1JQLV3XC5OjmRNQ,33.578698700000004,-111.99968989999999,96,[33.4253394,-112.153592,33.732058,-111.8457878],[7,8,119,11,99,465,57,39,145,33,38,117,212,63,97,379,109,48,137,138,139,49,158,178,28,142,126,293,182,140,265,26]
4Zqht9koUSRBt4O46IfjLQ,33.6674187,-112.1203279,2,[33.6674187,-112.1203279,33.6674187,-112.1203279],[98,7,119,11]
MeZyb6E6xfLNLJWE75TJ3Q,33.337104,-111.970377,1,[33.337104,-111.970377,33.337104,-111.970377],[7,36]
lGHGgbkOj3aoVLKcOnARxg,33.532081500000004,-111.91434955,72,[33.385548,-112.074519,33.678615,-111.7541801],[48,11,7,47,27,126,97,63,109,38,39,265,32,95,222,182]
meXB2eJmWVxYekJqm50RmQ,33.47420175,-111.99785800000001,2,[33.4471735,-112.073781,33.50123,-111.921935],[48,11,39,38,26,128]
tzjHQDM01tpJss_QuhOCFg,33.4698587,-111.89426755,2,[33.3203054,-111.8980932,33.619412,-111.8904419],[117,24,11,44]
xr_NNxB2DMOTQJWH1iMXqg,33.5005043,-112.0827581,1,[33.5005043,-112.0827581,33.5005043,-112.0827581],[43,11]
d7cPVfUhlcKLl171wquzzg,33.4401106,-112.01275905,6,[33.422728,-112.0740241,33.4574932,-111.951494],[177,140,24,11,88,38,39,89]
_yM1lAE62d41f4-4ht2E_A,33.54651145,-112.01860185000001,29,[33.509578,-112.060185,33.5834449,-111.9770187],[63,27,11,127]
RM_5CWn0o8-GcI59DmGebg,33.581787,-111.923672,1,[33.581787,-111.923672,33.581787,-111.923672],[104,65]
Yy-_T7cNpsNsf0546rR-mQ,33.4940321,-111.9218306,2,[33.4940321,-111.9218306,33.4940321,-111.9218306],[119,26,185,11]
llelRMS9VWbp7g8TYOyvcg,33.4585425,-111.9532112,114,[33.4222653,-111.98644,33.4948197,-111.9199824],[28,17,29,119,11,309,285,7,98,10,9]
7xTgEaq1foDv1jj3K61u_Q,33.639241,-111.881719,2,[33.639241,-111.881719,33.639241,-111.881719],[119,11]
8qTu9gzp7e1heO_mTQ2-Zw,33.8195509,-112.1429536,36,[33.8195509,-112.1429536,33.8195509,-112.1429536],[285,11]
nLXfL00a9nSjB7T_OqKscw,33.52856265,-112.14730209999999,6,[33.5092898,-112.2581306,33.5478355,-112.0364736],[28,17,29,38,265,39,11,169]
svvUBKfLmrMecLkdzqyaIw,33.50667905,-112.0913816,3,[33.4590669,-112.0999796,33.5542912,-112.0827836],[38,39,40,15,25,6,101,88]
b2MFVRK2koH_z6pa48Zwog,33.420471972396996,-111.97219955739749,6,[33.321061644794,-112.2204802,33.5198823,-111.723918914795],[43,11,99,63,49,368,399]
HzOXWuppsLyjy2iXEuXjRQ,33.483166,-112.06313,112,[33.463308,-112.079081,33.503024,-112.047179],[28,17,29,39,11,219,218,41,265,109,38,48]
ZzG60u4gGR31bMtE6ZjFJg,33.500367999999995,-111.924098,5,[33.498915,-111.928258,33.501821,-111.919938],[26,11,7,36,142,265,185]
hv1tWKTCoMYXYyF6EdK99g,33.603007,-111.92665765000001,4,[33.5808348,-111.9404813,33.6251792,-111.912834],[7,11,63,33,48,307,49,319,82,59,99]
B1E6OxpAc_ZRplnBPA-y8w,33.4271761,-111.9794522,66,[33.3369531,-112.0824683,33.5173991,-111.8764361],[126,97,11,42,43]
lYmFWouWQU6dpSwm5qp7Aw,33.3028522,-111.8422556,1,[33.3028522,-111.8422556,33.3028522,-111.8422556],[27,11]
8Ro_EL6kjmOmQBRTwFwFdg,33.4487652,-112.0714186,2,[33.4487652,-112.0714186,33.4487652,-112.0714186],[38,11,99,128,39]
lRAAwerR8ATxR9oppZ4I3w,33.6174589,-111.926272,1,[33.6174589,-111.926272,33.6174589,-111.926272],[7,108,24,11]
hdYpA2lM9pF6yPp1FYtniw,33.4653362,-112.0827836,5,[33.4653362,-112.0827836,33.4653362,-112.0827836],[38,39,40]
KFTliDVTQSKO4t5mBAGNJQ,33.5388471,-111.9641728,8,[33.5388471,-111.9641728,33.5388471,-111.9641728],[11,63]
zicBz3SB-pAyAWiWdL0O6A,33.4673017,-112.0734116,2,[33.4673017,-112.0734116,33.4673017,-112.0734116],[322,57]
-5r8_8w_6XHTEZ8nKhZZyA,33.47466075,-111.73983899999999,200,[33.3770525,-112.115428,33.572269,-111.36425],[333,28,17,29,57,470,145,39,26,11,126]
xHgysFgq8nlOL9tVTF_Brg,33.5065107,-112.15673665,6,[33.475498,-112.2393135,33.5375234,-112.0741598],[119,11]
_fYurOhUh42yskTGNsBhkQ,33.6839876,-112.1161771,1,[33.6839876,-112.1161771,33.6839876,-112.1161771],[63,27,11]
THneaiQiebI4v3vq34h3dw,33.5023189,-111.9179955,3,[33.5023189,-111.9179955,33.5023189,-111.9179955],[54,55,122]
2vVqrI3o2pGrpLXecbkQCw,33.472040050000004,-111.99391499999999,200,[33.425711,-112.047693,33.5183691,-111.940137],[38,99,39,11,26,63,7,47,48,128,265,120]
CqmpyO-koTXFRPNryz1dbw,33.50201,-111.9313599,200,[33.50201,-111.9313599,33.50201,-111.9313599],[265,11]
I27jnh2qzMyzq8OIAP-w8Q,33.36530615,-111.72031685,2,[33.2937998,-111.7218861,33.4368125,-111.7187476],[65,133,99,11]
FbExpUiiAP6NiebgsN8zzw,33.51957945,-111.98706425,15,[33.4150348,-112.0741625,33.6241241,-111.899966],[119,11,24,182,172,109,38,48,39,63,27,168,298,88,265,140,7,455,139]
rgjJM5a7mn-FZzAbKJsYtg,33.5019817,-111.9276185,2,[33.5019817,-111.9276185,33.5019817,-111.9276185],[166,6]
St8YV8NlCnaQrucx4-W10g,33.580412,-112.013517,1,[33.580412,-112.013517,33.580412,-112.013517],[7,138,8,139]
FFN8mUG9Am21mRElMzvY1g,33.451555299999995,-111.99751409999999,200,[33.390792,-112.0791022,33.5123186,-111.915926],[7,24,47,27,11,119,13,6,115,372,108,38,88,39,48,99,246,139,17,423,26]
FPNVYi2ulObUDuBiUliBwg,33.6223677,-111.8970148,2,[33.6223677,-111.8970148,33.6223677,-111.8970148],[48,400,11]
zpBozEF0ueaedqJ_OGfSJA,33.4548476,-112.0800705,6,[33.4548476,-112.0800705,33.4548476,-112.0800705],[63,27,24,11]
Im0Zkbz3rCtV-GzlxeszPw,33.581111899999996,-112.1517825,8,[33.449233,-112.238107,33.7129908,-112.065458],[38,128,39,7,9,10,11,26,27,108,182,48,140]
nDSdlpXMSoZ09j4YU99Tdg,33.491645,-112.073196,1,[33.491645,-112.073196,33.491645,-112.073196],[38,140,39,40,48,11]
FAHfgmPqVDgo2wR0HjhdnA,33.6222859533147,-111.904171575451,1,[33.6222859533147,-111.904171575451,33.6222859533147,-111.904171575451],[218,41,323,11]
jGsdqvkgi9BpBVS_OQNrVg,33.46940925,-112.0734885,2,[33.4471735,-112.073781,33.491645,-112.073196],[38,140,39,40,48,11]
25Y0w-aWSadF7Wm-CVMorQ,33.3206347,-111.9041141,2,[33.3201271,-111.9104666,33.3211423,-111.8977616],[27,11,10,44,24]
DDo7BexMbY1YAgEJLHumUA,33.5428976,-112.11169609999999,8,[33.5044082,-112.254228,33.581387,-111.9691642],[161,28,65,17,29,26,11,63,27,24,208,75,6,32,35]
aoEstrgivMOQevi8ECj3VQ,33.5808348,-111.9268582,5,[33.5808348,-111.9268582,33.5808348,-111.9268582],[33,48,307,11]
ACCUr3Ydw5XyPCmoIEdnpw,33.42228041659655,-111.97272285,200,[33.2617311,-112.0846008,33.5828297331931,-111.8608449],[74,27,11,38,99,39,101,88,89,49,52,33,44,128,26,119,24,205,7,98,10,9,182,137,8,139,63,32,95,222,296]
uCyllxYEIdDx4nAKtQoa0g,33.5625041,-112.2651357,7,[33.486037,-112.363428,33.6389712,-112.1668434],[72,4,5,6,207,113,116]
dX2vpN2iPa-NObdKe-kMVA,33.4952045,-112.0142961,2,[33.4952045,-112.0142961,33.4952045,-112.0142961],[98,7,119,24,11]
0ESKCRpuN5i7msbn1m_aFw,33.6455682097528,-111.917118430138,21,[33.6455682097528,-111.917118430138,33.6455682097528,-111.917118430138],[28,158,17,29]
pI3X549nb5ASgTQX5D--1g,33.66275335,-111.96338109999999,14,[33.4951366,-112.0012318,33.8303701,-111.9255304],[106,54,280,126,11,57,69,48,24,119,99,177,140]
Ll6ylUmTNClcH2fwDfrDrw,33.4516361,-111.9979602,53,[33.4516361,-111.9979602,33.4516361,-111.9979602],[28,17,29]
Lnj2GvSe9a3HSoSpanJrtQ,33.690967,-111.924586,1,[33.690967,-111.924586,33.690967,-111.924586],[78,79]
BxF2Xutb53dcjue6408tXA,33.45713375,-111.97619745,10,[33.34723,-112.03393,33.5670375,-111.9184649],[11,63,28,271,49,312,57,146,91,26,352,48]
5xNbDvuw8F_iTv-6JXqFvA,33.357143872397,-111.7967846073975,5,[33.321061644794,-111.8696503,33.3932261,-111.723918914795],[43,11,99,49,341]
by2WhWockh5hh16y968WXg,33.498028,-111.927951,3,[33.498028,-111.927951,33.498028,-111.927951],[352,48,11]
R1Qu24ueGhIu2y92Qcpo9g,33.43475,-112.00644,5,[33.43475,-112.00644,33.43475,-112.00644],[28,170]
kv5NMZ-vLQ17UIpqr1o9EQ,33.4932762,-112.103157,3,[33.4471735,-112.183341,33.5393789,-112.022973],[99,26,11,48,43]
LABKzJqIEuzXmmik8AUi8g,33.578056849999996,-111.9668965,12,[33.5090018,-112.0409994,33.6471119,-111.8927936],[13,6,115,372,7,108,345,84,346,141,23,8,149,224,43,11]
sY-9KL0hHKm7MA--5Jy7Dg,33.4556584,-112.0719926,2,[33.4556584,-112.0719926,33.4556584,-112.0719926],[38,181,39,40,11]
cl4eWnHLIS5ta5fr5tX_0Q,33.4770236,-112.073629,4,[33.4770236,-112.073629,33.4770236,-112.073629],[109,38,48,39,11]
hieVDOyVxxitOi1v2m1lhw,33.505646666870504,-112.025685857095,98,[33.446195133741,-112.0764371,33.5650982,-111.97493461419],[101,38,39,99,128,11,119,201,26,48,127,63,27,24,88,89,265,109,57,145]
jhHCbN1H-8yyQpQHwkgjJA,33.43559375,-111.99700035000001,2,[33.435146,-111.998367,33.4360415,-111.9956337],[28,240,241,7,108]
OggRAInXNACUGdFrezx8hA,33.493267050053745,-111.9229747978335,20,[33.4925020001075,-111.924118995667,33.4940321,-111.9218306],[119,99,11,26,185]
Sve2h1r-jOyaoGY2GYL0WA,33.42774435,-111.866339536133,74,[33.2997534,-112.259674072266,33.5557353,-111.473005],[7,138,8,139,24,47,27,11,92,15,6,248,109,38,48,39,57,145,40,322,49,52,33,142,292,119,83,99,206,88,298,84,43,26,32,95,222,63,104,204,65,14,265,183,140,177,192,36]
d8UVyZ3R1wH9JNuIwzuT6A,33.499236,-111.9177014,1,[33.499236,-111.9177014,33.499236,-111.9177014],[126,11]
eyfjUIfmRGrQ0MiozapMiA,33.3488009,-111.9766002,6,[33.3488009,-111.9766002,33.3488009,-111.9766002],[49,80,59]
cOC-vwKsDri2lzehW4NHZg,33.51532,-112.1346305,3,[33.449071,-112.337979,33.581569,-111.931282],[224,11,7,9]
gjuGV0llM71Islcvt2OIHw,33.4163635,-111.91658455000001,12,[33.337009,-111.991453,33.495718,-111.8417161],[15,25,6,33,11,4,5,168,144,99,7,138,8,139,98,10,9,224,26,44,127]
AYSDnMdm1-LDyhUtMq6_dw,33.376412,-111.972034,8,[33.376412,-111.972034,33.376412,-111.972034],[49,178]
Gb74e3NProDiMq88JGvjpw,33.434948000000006,-112.0024035,200,[33.43475,-112.00644,33.435146,-111.998367],[28,170,44,11]
nOvomjiLQrpc3TGke11_hQ,33.465341,-112.166488,1,[33.465341,-112.166488,33.465341,-112.166488],[28,17,29]
gsN8wEHy637JOJFI1kk0yw,33.491645,-112.073196,12,[33.491645,-112.073196,33.491645,-112.073196],[38,140,39,40,48,11]
4gxj0VnbHBgUAnBTJOUKnw,33.430535,-112.345359,7,[33.430535,-112.345359,33.430535,-112.345359],[24,229,11]
pg0ikuPvJy1P7W7aVRG6Zg,33.538332,-112.174519,3,[33.538332,-112.174519,33.538332,-112.174519],[7,139,225,375]
AHsAgmi_1t_3SwObv9p-XA,33.796232,-112.117989,2,[33.796232,-112.117989,33.796232,-112.117989],[78,79]
Hh8XMF-SCaEawMoabhy5kQ,33.554402100000004,-112.12539290000001,4,[33.5530902,-112.1363998,33.555714,-112.114386],[28,17,29,99,11]
w9r2bDWydh3HSwZBTlHOFQ,33.52664875,-112.00085274255349,20,[33.4423345,-112.0745395,33.610963,-111.927165985107],[182,172,11,7,98,108,8,104,105,65,43,48,63,27,38,39,40,99,201,10]
u7fkBhl2yGR1ZGZMue2B5w,33.5062415,-111.76421635,181,[33.37844,-111.876416,33.634043,-111.6520167],[17,18,39,251,11,224]
MhmeAeXo0cH9NB5ujAhJIA,33.5670375,-111.9184649,14,[33.5670375,-111.9184649,33.5670375,-111.9184649],[28,158,17,29]
bQG8u4lp78ImFMXw-__VvA,33.6283281,-112.013151,1,[33.6283281,-112.013151,33.6283281,-112.013151],[11]
_GEFAi813MPH9Zjnmla94A,33.407561,-111.9475246,3,[33.407561,-111.9475246,33.407561,-111.9475246],[88,38,99,39,11]
X53WpXH8f6e7Y4W3LRogTw,33.539137,-111.88310235,5,[33.492962,-111.9313599,33.585312,-111.8348448],[28,17,29,98,7,265,11,224,168,26,127]
NnMEfjf7pMK6_gJO5cziWg,33.683479,-111.966112,108,[33.683479,-111.966112,33.683479,-111.966112],[161,28,29,17,65]
iPpUR_GwhlP7UBQGR766VQ,33.4543305,-111.8856396,9,[33.4543305,-111.8856396,33.4543305,-111.8856396],[57,258,38,40,39]
4ctChLcAngO5Uyf6osUT-g,33.5174772,-112.1363643,5,[33.481453,-112.2581306,33.5535014,-112.014598],[38,265,39,11,33,44,7,138,8,416,139]
Y7CLCx9zWb8UzZKaIb7QmA,33.43266495,-112.0165872,200,[33.406538,-112.0715044,33.4587919,-111.96167],[57,145,38,39,40,48,11,28,17,29]
uzDSAprZVL1zy3uLSs7_8g,33.3929982,-111.9127636,3,[33.3929982,-111.9127636,33.3929982,-111.9127636],[7,9]
Qjz1VDx5bC7CuK3WMDsaVg,33.34215595,-111.79000595,7,[33.2528,-112.0561119,33.4315119,-111.5239],[43,11,26]
stOEq9iwh5bt_msGkFD_LQ,33.424522,-111.940409,1,[33.424522,-111.940409,33.424522,-111.940409],[88,38,39,40]
CULDPeUDIEAnhi0VA52E_w,33.3950097,-111.6846403,9,[33.3950097,-111.6846403,33.3950097,-111.6846403],[224,11]
kxF7St0L3F_qVVl5ZT27hA,33.60757815,-112.05401144999999,84,[33.502191,-112.1117309,33.7129653,-111.996292],[109,38,11,39,63,161,28,65,17,29,98,7,24]
Um8eFxZBCxCR4FNGO0DeEA,33.646524600000006,-112.1439671,50,[33.4593423,-112.364213,33.8337069,-111.9237212],[49,193,59,38,57,39,145,7,108,48,11,26,15,6,191,27,24,97,63,140,33,117,99,43,8,119,40,129,78,278,79,168,265,307,206,44,161,65]
76H2ZLgglkXNTRId8-jg4g,33.4504828,-112.0739897,1,[33.4504828,-112.0739897,33.4504828,-112.0739897],[28,17,29]
oGzab3FQ5D8K2bp_2ESigQ,33.47145435,-112.07320835,3,[33.4423368,-112.080631,33.5005719,-112.0657857],[26,11,7,108,119,120]
_hCoELWb_ERmEhR_ZJdgPw,33.458459899999994,-112.03565739999999,5,[33.4218663,-112.0824166,33.4950535,-111.9888982],[26,11,27,63]
bz2K88Sw376z_dtmy2pSjg,33.64079045,-112.0646981,10,[33.5025941,-112.203627,33.7789868,-111.9257692],[104,6,204,65,43,11,63,127,57,69,149,33,117]
zXep0XGeRkUUz9eFWTSaUg,33.6194903,-111.8964356,7,[33.6194903,-111.8964356,33.6194903,-111.8964356],[13,6,272,4,5,49,160]
Dphi7UucZ8dJTVWAmFJlJg,33.4854107,-111.97870685000001,17,[33.3366819,-112.098425,33.6341395,-111.8589887],[210,11,98,7,10,192,126,26,97,84,345,6,346,24,27,63,17,18,38,99,39,40,212,30,13,177,140]
_caYjV_hptPhQTYCxUaqzA,33.4587811,-112.0722742,1,[33.4587811,-112.0722742,33.4587811,-112.0722742],[26,172,11]
Rj-pcAO08X4Kkjyu20iv6g,33.633075,-111.903223,1,[33.633075,-111.903223,33.633075,-111.903223],[6,378,32,35,76]
-KknSWSTlBBMaz9HwJcevQ,33.50201,-111.9313599,18,[33.50201,-111.9313599,33.50201,-111.9313599],[265,11]
-jgGsPzZ4W2TyGh7KOwl9Q,33.51603815,-112.00136,187,[33.4222653,-112.119194,33.609811,-111.883526],[7,139,416,98,10,9,11,38,99,128,39,24,8,36,26,138,33,44,117,27,182,57,327,28,17,29,13,6,4,5,425,160,142,63,119]
rqcbEGEPmtHd5kDpZxylGQ,33.52789455,-111.90708415,7,[33.4765807,-111.9275971,33.5792084,-111.8865712],[24,11,101,38,26,39]
p1ve-ud5Vcm7mPlbW_ImQA,33.39992305,-111.849305,3,[33.378678,-111.942514,33.4211681,-111.756096],[192,11,119,421,65]
o4nf5yvdb3uq9T-HSc5LfQ,33.474469,-111.99634,114,[33.449233,-112.065458,33.499705,-111.927222],[27,11,38,48,39,40]
ExEtGH13c2ECMltaIKQLAA,33.617273,-111.926576,1,[33.617273,-111.926576,33.617273,-111.926576],[7,139,225]
9H7ZVn9IHjMUC7hQXguxOQ,33.509554,-112.015207,1,[33.509554,-112.015207,33.509554,-112.015207],[168,265,11]
dZyLdr2gGcBM9HrWEylNRw,33.5805982,-112.10459574999999,7,[33.4483919,-112.1374355,33.7128045,-112.071756],[38,48,39,11,44,26,205]
e5vgFpzyEyjjjfG1zyu5Xw,33.4562752,-112.08246475,200,[33.3794253,-112.2581306,33.5331251,-111.9067989],[28,17,29,120,11,170,38,265,39,4,13,6,115,160,240,241,57,145]
5WAOYgkRBA_i8RUkcJ2KhA,33.58212005,-112.14542700000001,6,[33.449233,-112.225396,33.7150071,-112.065458],[26,11,27,98,7,24,189,10,126]
vjPbewJfT9t-Ikp_ztB_DA,33.5515531,-111.9239788,2,[33.5515531,-111.9239788,33.5515531,-111.9239788],[168,265,11]
Z5EtlcgcLvQLAw5-EYSg4g,33.0359595,-111.387416,1,[33.0359595,-111.387416,33.0359595,-111.387416],[62,26,17,11]
MEKT4CmY8Hv7hDbYkt7GLg,33.4128717,-112.03502750000001,8,[33.3782224,-112.1336327,33.447521,-111.9364223],[7,142,309,11,43]
_6NI9_kujXCUEiwrnDI53g,33.5159830075615,-111.99614605,28,[33.40793,-112.0740123,33.624036015123,-111.9182798],[71,72,73,101,38,39,11,99,88,40,119,48,206,57,470,145,128,65,133,109,440,63,26,306,210]
NiWubdnBvQo1R8S92LPrrQ,33.38559065,-111.9398373,11,[33.3054251,-111.9718284,33.4657562,-111.9078462],[27,11,8,7,138,218,139,43,63,219,41,24,182]
vtESplowvwkxPa56wsxo4Q,33.459391049999994,-112.00756899999999,36,[33.334824,-112.099212,33.5839581,-111.915926],[27,11,99,38,128,39,296,126,127,109,63,10,119,48,265,7,47,88,153,185,177,140,26,17,18,108,43,28,29,206]
UYzF-J8qTXNwlEBmAPr8UA,33.5065554,-112.0388616,26,[33.5065554,-112.0388616,33.5065554,-112.0388616],[108,7,182,139,137,11]
KS3-M0LtbZFMUkls-LfuKw,33.4861786,-112.1172095,1,[33.4861786,-112.1172095,33.4861786,-112.1172095],[26,11]
rRHMOTJlHs0tUxJtPhnm3Q,33.4548476,-112.0800705,2,[33.4548476,-112.0800705,33.4548476,-112.0800705],[63,27,24,11]
63FT2RenrN1CKIctDkWgHw,33.583142,-111.927321,1,[33.583142,-111.927321,33.583142,-111.927321],[27,11]
bxL8718Xgx5enbdN-VRc-A,33.5822084,-111.9216835,14,[33.5822084,-111.9216835,33.5822084,-111.9216835],[119,11]
WwGllFX_onO8SySPj1ZcxQ,33.43475,-112.00644,39,[33.43475,-112.00644,33.43475,-112.00644],[28,170]
Ubfq_TG1FbtSvMhJ96TsGQ,33.4213537,-111.8807829,7,[33.409735,-111.9043028,33.4329724,-111.857263],[38,26,39,11,224,126,97]
99Jm9c6QZjvElZznML2Y8A,33.469181899999995,-112.05120105,9,[33.3999435,-112.1839297,33.5384203,-111.9184724],[33,117,11,27,63,26,24,98,7,10,192,185,177,223]
n8w9HsGVK1aBZnUW8pskMg,33.3056888,-111.8973083,134,[33.3056888,-111.8973083,33.3056888,-111.8973083],[38,265,39,11]
CBg4tUWdAZY5QRFbCrQCrQ,33.37919685,-111.78051450000001,7,[33.3750117,-111.806509,33.383382,-111.75452],[33,11,474,99,44,26,24]
X_8UssrmBpck7vuFPaAUhQ,33.439546899999996,-111.95895014999999,6,[33.3785219,-112.0741143,33.5005719,-111.843786],[27,11,119,99,7,108,26,189,10,24]
atlnEioO4gXtH-ri9QIo1A,33.551452,-112.182342,3,[33.551452,-112.182342,33.551452,-112.182342],[65,133]
laL5zSK79YraUV6AfxXPwg,33.626933,-112.100731,1,[33.626933,-112.100731,33.626933,-112.100731],[212,26,11]
79JSvNNh7qbNqdCYQRgAww,33.569414800000004,-112.0897755,8,[33.4702022,-112.132496,33.6686274,-112.047055],[120,26,127,11,63,27,24,48,177,140]
6FBWEJ6l7xep9O9wXqWNLA,33.5086952779617,-111.927080154419,6,[33.5086952779617,-111.927080154419,33.5086952779617,-111.927080154419],[99,11]
DAcQ0h-qwHwyUY3Q7GjcOA,33.3365399,-111.8763382,19,[33.3365399,-111.8763382,33.3365399,-111.8763382],[7,108]
HjpzhIQFRQbFmc_7CtFDmg,33.71198785,-112.43848695,25,[33.4577454,-112.7428224,33.9662303,-112.1341515],[72,6,441,169,11,44,26,182,48,140,207,30,8,13,7,110,65,133,99,404]
uSsUpdb-UiQC8abi6UDsnw,33.596212,-111.985681,7,[33.596212,-111.985681,33.596212,-111.985681],[28,17,29]
MqkLRMtATtr9TnXZV5neDg,33.5200773,-112.1732428,140,[33.5200773,-112.1732428,33.5200773,-112.1732428],[129,32,79]
gGMe2WxN434j6-uKVyUWSQ,33.574024699999995,-112.1907144,2,[33.5091313,-112.3531229,33.6389181,-112.0283059],[38,265,39,11,33]
PY_BOIHNK1tPu2kgHCifOA,33.388108321321994,-111.88069139999999,200,[33.3545993,-111.971852,33.421617342644,-111.7895308],[119,99,11,185,158,28,63,27,182,48,140]
VwSLSLk4AbLQsp14gM8gaA,33.5005719,-112.0741143,1,[33.5005719,-112.0741143,33.5005719,-112.0741143],[7,108]
14imgvSBK_F20aCM3BhYJQ,33.5102068,-112.0272041,5,[33.5102068,-112.0272041,33.5102068,-112.0272041],[99,11]
m083wszlmVHWEY-AiYqnqg,33.35367,-111.964931,1,[33.35367,-111.964931,33.35367,-111.964931],[7,139,423,189]
Fy9LFVOGvB6MWDwX96V7Iw,33.5596564575615,-111.95746015,97,[33.4952769,-111.9884173,33.624036015123,-111.926503],[206,11,7,313,27,182,48,140,265,119,127]
QKMJRSIuNrbb7mcJRdaAlQ,33.6239846,-111.8921258,33,[33.6239846,-111.8921258,33.6239846,-111.8921258],[65,133]
kyDg10Hoxz9LdLniTNTIGA,33.53679675625796,-111.92510965,100,[33.4462892,-112.1341113,33.6273043125159,-111.716108],[88,38,39,298,11,28,17,18,29,26,27,57,145,99,128,101,296,146,91,51,49,312,69,48,89,119,120]
0t4LKnwQooz7pFwuMwLLcA,33.8332781,-111.9513452,5,[33.8332781,-111.9513452,33.8332781,-111.9513452],[7,108,48,11]
3clwRoVJ0ng0r9P-blF1iw,33.629168,-111.89157,3,[33.629168,-111.89157,33.629168,-111.89157],[38,11,99,128,39]
kNjopydrBFBTXPN_6aYA8g,33.4975697286892,-112.16677656849649,6,[33.4566960573784,-112.261226,33.5384434,-112.072327136993],[311,11,38,99,181,39,48,119]
Jo70t91Ym0ZFGFqDZJzQBw,33.4595022,-112.00528265,5,[33.3950613,-112.0731713,33.5239431,-111.937394],[4,5,6,48,11,137,7,139]
y96CV_ML3MGld3asJxzusw,33.567302671322,-112.04307798765001,18,[33.421617342644,-112.1394808,33.712988,-111.9466751753],[137,7,6,139,63,27,11,24,108,5,4,8,57,69,64,65,142,98,119,265,99,185]
PnpioWkRqqUUJPriwWKoRg,33.5819949,-112.2370076,1,[33.5819949,-112.2370076,33.5819949,-112.2370076],[43,11]
-nt-buRWQvDsbXuvhole0w,33.55314975,-112.04977675,34,[33.306349,-112.2234146,33.7999505,-111.8761389],[99,11,7,8,57,186,6,108,119,89,26,24,43,48,30,13,110]
3dZf9Rut579XF2GR_K00NA,33.45759665,-111.81287305000001,34,[33.332733,-111.946971,33.5824603,-111.6787751],[7,142,65,133,57,258]
ThOb8OjRC_H8EsmtMgcD9Q,33.577759400000005,-111.98630589999999,5,[33.530335,-112.047101,33.6251838,-111.9255108],[26,11,168,265]
2T-v3y2vSiExozv-YFTA_Q,33.6749989,-111.9776027,176,[33.6749989,-111.9776027,33.6749989,-111.9776027],[182,48,140,11]
L6-vcEBhxluE2x8LXf1-og,33.5022049,-112.0650257,2,[33.5022049,-112.0650257,33.5022049,-112.0650257],[49,80,59,167,65]
iZ4x2i1aC2-SDdUdhx1FVQ,33.40470005,-111.90762325,22,[33.306806,-111.9296765,33.5025941,-111.88557],[63,27,11,46,6]
