gzRsfkwkxS1OAcMvh6muDQ,33.4861506,-111.9089192,1,[33.4861506,-111.9089192,33.4861506,-111.9089192],[63,27,11]
xP3o3-r0KRUnZqBSdIGJjw,33.65808695,-111.92517699999999,7,[33.488847,-111.926482,33.8273269,-111.923872],[54,324,11,307,63,84,125]
BkZkPdsT7GkToS4s2eayfw,33.56771465,-112.06523250000001,18,[33.5599538,-112.0653058,33.5754755,-112.0651592],[119,11,26]
Cw_f-K74pUnQs-A16itmEg,33.5053116,-112.04381240000001,3,[33.5005719,-112.0741143,33.5100513,-112.0135105],[7,108]
5RtJforBznyxFKQpdvBZDQ,33.415152094079,-111.957677961415,12,[33.316607,-112.07341192283,33.513697188158,-111.841944],[98,7,39,38,48,128,11,33,169,119,109,126]
EehRGu2OUo-2E7_SLcN4Zg,33.7008997,-111.8943178,26,[33.6556844,-111.9300279,33.746115,-111.8586077],[49,178,99,11]
9QJJ7YBacqcpzNE3Yo9n5A,33.5222185,-111.9595033,31,[33.5222185,-111.9595033,33.5222185,-111.9595033],[48,11]
b4oaytz1e-zbyMb9qPRt4Q,33.44217699816305,-111.971627267456,29,[33.4351659963261,-112.0772,33.449188,-111.866054534912],[26,11,28,271]
CU1SN19SVJ2dmBwD7xv9wg,33.46943615,-111.9306071,3,[33.4368906,-111.94373,33.5019817,-111.9174842],[7,108,64,65,57,39,145]
uw9D-gJsrHxzvrTssjpRug,33.532180600000004,-112.09632355,7,[33.5109065,-112.1101623,33.5534547,-112.0824848],[26,11,123,65]
crZgvDuwdQATFeeMu3c8Gw,33.545329,-112.043169,3,[33.545329,-112.043169,33.545329,-112.043169],[26,17,18,11]
f9o14kvLQfiymR22IqlQow,33.5160662,-112.029562,8,[33.5160662,-112.029562,33.5160662,-112.029562],[99,11]
yg2jbu92u93FFFCDB0bepw,33.4995106,-111.9272212,29,[33.4995106,-111.9272212,33.4995106,-111.9272212],[109,38,11,39,440]
gHeu0foMjdk2BkSDFskwyA,33.5738796048764,-111.95670521506901,84,[33.502191,-111.996292,33.6455682097528,-111.917118430138],[28,158,17,29,109,38,11,39,63]
R517O1CoHP0wgegCEP5pqQ,33.616418,-111.92631,2,[33.616418,-111.92631,33.616418,-111.92631],[265,126,97,11]
6JIWKNmnhh_0GaQ4C91_CA,33.5491965,-112.00193905,25,[33.457863,-112.167585,33.64053,-111.8362931],[6,38,48,39,11,126,49,322,57,146,52,7,47,84,339,32,95,222,134,135,27,108,201,375,139,10,24,63,210]
GRLp75CpY3eY4fT4YVvYMQ,33.449233,-112.065458,8,[33.449233,-112.065458,33.449233,-112.065458],[27,11]
qKzbPBfxqdX9ZlHjkxmUSg,33.572455000000005,-112.0983081,6,[33.49112,-112.2698024,33.65379,-111.9268138],[7,108,65,133,27,11,26]
e9T0tyMXRPDBIHE5BE35UA,33.481049999999996,-112.03480775,5,[33.4596905,-112.0741143,33.5024095,-111.9955012],[7,108,26,11,98,8,10,142]
eUyFtxZPT-YeUAcI9kfXPw,33.4492272,-112.0722653,1,[33.4492272,-112.0722653,33.4492272,-112.0722653],[177,26,11]
8n4SarsuI9Km6lEtydiE0w,33.523646,-111.96608935,148,[33.420359,-112.100731,33.626933,-111.8314477],[71,72,157,103,26,11,49,368,7,162,119,48,57,186,6,142,35,76,36,182,24,39,70,27,8,112,254,173,38,140,40,43,14,15,65,133,33,292,108,192,98,404,177,61,34,13,224,115,372,126,97,212,25,84,339,403,121,79,10,109,69,307,172,56,145,168,181,229,60,201,99,12,114]
e-G2NEjH2PCIl_Z6jbXIrA,33.3854052,-111.95092174999999,14,[33.3488957,-111.9766015,33.4219147,-111.925242],[168,126,97,11,224]
sAFOZbX0nIpop-uzQ9VMGw,33.4537869019623,-111.927165985107,53,[33.4537869019623,-111.927165985107,33.4537869019623,-111.927165985107],[182,172,11]
sKEiWnJ5_LFQ9bijQ1nOyg,33.4958505,-111.9290106,11,[33.4958505,-111.9290106,33.4958505,-111.9290106],[57,186,6]
6AP_Ymssk0PwdJyZPF0uQg,33.393642,-111.8533195,13,[33.393642,-111.8533195,33.393642,-111.8533195],[88,298,39,38,11]
L6PIOGCml2CFw56HENKbXg,33.3197757,-111.975537,2,[33.3197757,-111.975537,33.3197757,-111.975537],[112,6,151]
15feqDjrFz2a80XpPROddA,33.4883800961059,-111.93092203550651,4,[33.4827129922118,-111.934992671013,33.4940472,-111.9268514],[38,26,39,333,11,12,61,13,6,22]
qm5xGd3d47RfLWib0ryMAg,33.4632333041353,-111.99910615,18,[33.4214126082706,-112.0741143,33.505054,-111.924098],[33,119,99,11,7,108,27,64,65,28,170,38,48,39,98,24,14,15,6,182,172,12,114,13]
VwvyouWqnzwWbDaB56F4bg,33.496647,-111.926503,7,[33.496647,-111.926503,33.496647,-111.926503],[7,313,27,11]
FfLGSodVZE3-g965yMMHiA,33.629858,-111.900187,1,[33.629858,-111.900187,33.629858,-111.900187],[49,80,82,59]
u6tUgKKQckYSGFZ6klzcQg,33.48986285,-112.35991515,5,[33.484439,-112.364213,33.4952867,-112.3556173],[11,63,38,26,39,49,28,178,17,29]
PXq3g4IEKj9C21z5uySeew,33.408375,-111.923047,1,[33.408375,-111.923047,33.408375,-111.923047],[321,238,54,82,59,49]
WtSYoPoKd4m3OFibZFrQXA,33.379099,-111.7871938,1,[33.379099,-111.7871938,33.379099,-111.7871938],[7,36,8]
RbRgf2_N18vAlWdwnGsDKQ,33.48148175,-111.82813594999999,24,[33.3072791,-111.9300279,33.6556844,-111.726244],[89,11,7,24,108,119,48,47,71,72,49,80,59,99,36,8,33,44,57,69,185,39,38,128,63]
c3wHf2zRTvERUodUuGt_wQ,33.5810924,-111.9258492,2,[33.5810924,-111.9258492,33.5810924,-111.9258492],[101,38,39]
eAZZM5k_Os8dYE2fDb_cUg,33.421614399999996,-111.87517785,2,[33.3550442,-111.9608249,33.4881846,-111.7895308],[48,11,185]
0w2i4-YkTGfnW9yhDBortg,33.4880819,-111.97186099999999,46,[33.466124,-112.015464,33.5100398,-111.928258],[11,27,63,33,38,39]
i-irTdF9JerNf0hG64EpEg,33.351259637140004,-111.78706455,114,[33.0314508,-112.186786,33.67106847428,-111.3873431],[99,296,11,7,142,383,427,384,436,1,36,27,33,48,47,57,39,145,407,106,408,54,208,6,35,202,72,49,445,66,52,210,228,26,117,28,17,29,333,326,293,402,258,309,285,38,24,128,63,84,124,125,214,126,247,109,212,93,3,185,108,101,43,4,5]
hTWj9YiiCLCi3TZr0ceLbA,33.462277799999995,-111.9547661,9,[33.34908,-112.0739972,33.5754756,-111.835535],[38,48,39,40,11,24,119,26,113,6,116]
i3VA4fQJnTmCgLu5MgIp2g,33.51907315,-112.07130860000001,6,[33.4743013,-112.0837798,33.563845,-112.0588374],[175,129,121,79,27,11,7,36,99,38,210,26,39]
H2QHZI2n_Ts6qoigxfOJMg,33.4573113,-112.0690581,200,[33.4564268,-112.0704276,33.4581958,-112.0676886],[126,97,11,38,6,145,186,57,39]
RcpEosPiIh0w5qOooXcmPg,33.4293859,-111.85006095,8,[33.363016,-111.916969,33.4957558,-111.7831529],[197,23,344,373,97,11,7,142,292,149,98,206,49,146,276]
fe0GNBqTbAa6gh-3s4M9LA,33.509785949999994,-111.99570815,2,[33.5097768,-111.9957399,33.5097951,-111.9956764],[38,48,39,11,99]
0fpXd8qek-dZnZ7pqqFjLQ,33.60912,-112.255836,1,[33.60912,-112.255836,33.60912,-112.255836],[65,133]
rr1Tvu8dlVKDOLBC5Ecv1w,33.4504575,-112.0743441,1,[33.4504575,-112.0743441,33.4504575,-112.0743441],[39,298,57,145,11]
HW62PK3ONIL6wuiB-jt5hw,33.362487099999996,-111.9465135,12,[33.3022462,-111.99506,33.422728,-111.897967],[177,11,7,108,119,172,192,38,47,88,39,48,36,8,26,89,49,54,193,242,59]
6bWxHiWqDmVFQDDK1fBInw,33.4216799,-111.9909874,24,[33.3941184,-112.072854,33.4492414,-111.9091208],[212,361,11,88,38,39,89,40]
v5k-__wHo2xPI25WO-dcQA,33.4923383,-112.04913235000001,177,[33.3060616,-112.2234146,33.678615,-111.8748501],[43,11,33,99,44,24,109,38,39,63,119,48,6,145,186,57,293,274,13,216,49,445,66,52,26,182,27,126,97,88,298,40,7,292,47,101,128,177,140,108,251,212,14,15,224,12,22,142,28,17,29,127,168,265,210,16,309,285,185,172,54,238,202,72,154,368]
OoeBFJkotSez3PDP7OM6Zg,33.4194512,-111.915926,3,[33.4194512,-111.915926,33.4194512,-111.915926],[38,7,47,88,39,48,11]
te4zq6s8b1vp76esPk3UAw,33.3397090286892,-111.9311105684965,9,[33.222722,-112.072327136993,33.4566960573784,-111.789894],[117,11,57,27,39,145,119,26,49,178]
b60JsTGYbVqUGYbI81aOsw,33.4222309,-111.96035900000001,62,[33.3350531,-112.083886,33.5094087,-111.836832],[101,38,39,40,11,224,119,109,24,99,246,7,139,17,423,43,26,6,145,186,57,127,63,27,48,88,212,168,298,56,192,108,47,162,98,292,177,49,193,59,33]
DXl1SBBYH5hJN32QiABqtw,33.462634050000005,-111.91009224999999,200,[33.3547012,-112.0656645,33.5705669,-111.75452],[7,108,48,11,57,470,145,39,33,99,44,449,97,126,251,212,210]
Yc5bdE55TOfpGevhd8mkBw,33.4961814880371,-111.928810119629,1,[33.4961814880371,-111.928810119629,33.4961814880371,-111.928810119629],[119,48,201,11]
yLvMU99gxci3WL0LgfDdsw,33.500388,-112.0768105,3,[33.49112,-112.079081,33.509656,-112.07454],[26,11,12,114,13,6]
nU42YzPHpoGbb0gONorshg,33.46488205,-112.3798341,6,[33.4377111,-112.4268472,33.492053,-112.332821],[224,11,126]
X75A3afL_kDJoKnC45vsQw,33.50115786340865,-111.9244221655005,15,[33.4914417268173,-111.926420331001,33.510874,-111.922424],[28,17,29,185,11]
5RVUt3bCDSA7F_SahuwZ8w,33.6158883,-111.88790785,15,[33.4997186,-111.9300279,33.732058,-111.8457878],[168,265,11,99,38,39,33,117,27]
DpECHiiKQxqWY_armacRCg,33.461539,-112.07434075,146,[33.45977,-112.074519,33.463308,-112.0741625],[109,38,48,39,11]
6NitasD88Pu5KNGmHiaBzA,33.37545795,-111.8579872,3,[33.3290012,-111.925242,33.4219147,-111.7907324],[49,341,224,11]
xHDWj46hpl2sUFBLHzpvpQ,33.4240504,-111.9400717,1,[33.4240504,-111.9400717,33.4240504,-111.9400717],[38,26,39,11]
cuQoSYWtm-Mymx9VpZL4KQ,33.319207199999994,-111.859201,3,[33.3021074,-111.8763371,33.336307,-111.8420649],[64,65,224,11]
dFDLQFWpDDBTR07CHaLLQQ,33.4139669,-111.9748626,8,[33.321726,-112.0739142,33.5062078,-111.875811],[7,292,109,38,27,39,11,108,89,219,218,41]
7NcjcM2MYwT_Dmuttpjiag,33.401109500000004,-111.988946,6,[33.304331,-112.054775,33.497888,-111.923117],[340,11,54,55,266,38,205,39,40,48]
SwFbQrbTboesoC9hUb4vOw,33.40058855,-111.96135435,8,[33.3060217,-112.0822129,33.4951554,-111.8404958],[26,11,224]
bEaAznWPetRWxrkDwn5iLA,33.6272906,-111.8548219,1,[33.6272906,-111.8548219,33.6272906,-111.8548219],[48,11]
CHaAOURY7KWrcfIv2JBmqg,33.465921800000004,-111.98399359999999,9,[33.4217923,-112.0438992,33.5100513,-111.924088],[7,108,265,11,98,24,49,66,210,8,119]
j7b459zzWxfxOftjpQ5o3w,33.5127699,-112.0740123,3,[33.5127699,-112.0740123,33.5127699,-112.0740123],[109,38,11,39,63]
m2k9z9OzBnMKEMUl3APPxg,33.5019817,-111.9276185,3,[33.5019817,-111.9276185,33.5019817,-111.9276185],[99,48,11]
Ui00Ci0DO3TCElTJ1rVY6w,33.57904695,-111.915975675065,43,[33.5024095,-111.9955012,33.6556844,-111.83645015013],[7,8,119,11,99,27]
k1coIN6KCohR0lc2LxWv0A,33.582839,-112.03240245,12,[33.4526933,-112.1830859,33.7129847,-111.881719],[38,11,39,27,128,63,28,17,29,26,311,119,7,99,47]
SLpN3T12QITWx_turWI6-A,33.5384434,-112.1830859,4,[33.5384434,-112.1830859,33.5384434,-112.1830859],[311,11]
nji5QOoB7NC_HaEzMdN67g,33.3637562,-111.9100616,14,[33.3637562,-111.9100616,33.3637562,-111.9100616],[49,54,193,242,59]
RDyMpYntwHW7HSlb1IknXg,33.41164445,-111.84071635000001,10,[33.3885389,-112.00644,33.43475,-111.6749927],[84,345,6,346,159,32,291,28,170]
iXxGxmWG5QgpyCWXAqD_KQ,33.5557353,-111.8988152,2,[33.5557353,-111.8988152,33.5557353,-111.8988152],[48,11]
8Z3pBpwMcz7lJ6bKl3QSNw,33.6094380925246,-112.06668779254,1,[33.6094380925246,-112.06668779254,33.6094380925246,-112.06668779254],[48,39,11]
a89BrWkaBblvdBGdFy1YUg,33.42199825,-112.0287818,19,[33.3053504,-112.1826996,33.5386461,-111.874864],[182,172,11,101,38,39,119,99,128,26,6,70,168,298,88,48,71,72,7,142,126]
HLbhD2OyiMCUDRR4c1iXaw,33.625180549999996,-112.1971762,6,[33.6116901,-112.229527,33.638671,-112.1648254],[251,11,96,72]
awdy054fsYMZ7gcLPqSOGQ,33.5754755,-112.0651592,108,[33.5754755,-112.0651592,33.5754755,-112.0651592],[119,11]
HS_TT_rPCsQR84-uHkGFbw,33.509899950000005,-111.976032,4,[33.449233,-112.065458,33.5705669,-111.886606],[126,97,11,307,28,17,29,27]
FtAjeOvxnMum8gG0SLmBnQ,33.3585142,-111.89562225,2,[33.304845,-111.951499,33.4121834,-111.8397455],[120,11,17,62,71,72]
tYYc1-_kI40IYLoyahZ_WQ,33.49737225,-111.95997345,4,[33.492335,-111.996292,33.5024095,-111.9236549],[38,99,39,40,11,7,8,119,109,63,212]
XoMzKAmqRWN9XN0Mz6uXRA,33.48295995,-112.1077337,100,[33.4526933,-112.2948244,33.5132266,-111.920643],[28,17,29,57,327,265,11]
P8A9l3x2_UIMsNyO1NOndw,33.8699738,-112.1480614,1,[33.8699738,-112.1480614,33.8699738,-112.1480614],[28,17,18,29]
WOvk1xbVe-F_FrZK5fEKQA,33.63782,-111.996763,3,[33.63782,-111.996763,33.63782,-111.996763],[261,54,412,55]
gaBCr5tJMXsp7ltdFRQCwg,33.428648,-111.96418,47,[33.428648,-111.96418,33.428648,-111.96418],[28,17,29]
amgtXOllSQidraIuDViDfw,33.5050225,-112.0824801,5,[33.5050225,-112.0824801,33.5050225,-112.0824801],[183,65]
Bk2-B8naXQroksPRn4Y3dQ,33.62629204852816,-111.93974850000001,8,[33.597866,-111.97931,33.6547180970563,-111.900187],[71,72,49,80,82,59,27,11,7,137,8,139,265]
3LiO07C9AFpYsC8Gtf2lwA,33.564883800000004,-111.9269666,2,[33.495263,-111.928554,33.6345046,-111.9253792],[97,11,26]
jUvFrTTsjUvoJNGdyUHKBQ,33.411395586080204,-111.8809380114455,5,[33.3779891872164,-112.07211772211,33.444801984944,-111.689758300781],[38,99,39,128,185,11,224]
CigwFFWea3xtMY76BPOvLQ,33.5379429,-111.8890142,2,[33.5379429,-111.8890142,33.5379429,-111.8890142],[57,69]
_DfaU5uhMx-34wRfTj15pw,33.54583595,-111.98368665000001,6,[33.507557,-112.041489,33.5841149,-111.9258843],[46,6,7,142,373,48,24,11]
X4JIUjFwhPukctyiVTSi4w,33.4130141,-111.979193,10,[33.4130141,-111.979193,33.4130141,-111.979193],[188,23]
e6-2lU_rPys8m3K9fodY-w,33.592804,-111.9799772,2,[33.592804,-111.9799772,33.592804,-111.9799772],[49,80,82,59]
e9xarZH-GNlipN2pQpi1WA,33.6045537,-112.2987587,5,[33.6045537,-112.2987587,33.6045537,-112.2987587],[48,11]
VQZTCwJ4Afbg0GvJ6zkngg,33.9662303,-112.7428224,21,[33.9662303,-112.7428224,33.9662303,-112.7428224],[26,11]
jb8eCzL-bfLtlPLlWoveRg,33.581930299999996,-112.07332295,4,[33.4881846,-112.185821,33.675676,-111.9608249],[7,449,99,11,106,54,107,48]
WsX2bMnTpaoMXl1QdwIaDg,33.5123186,-111.995355,22,[33.5123186,-111.995355,33.5123186,-111.995355],[119,99,11]
2tsJAZg5C8kWkj-9XvbkVg,33.5020654,-111.9242599,129,[33.5020654,-111.9242599,33.5020654,-111.9242599],[28,17,29]
k3oBsWmfPlvXXbGd_uZ-VA,33.48914895,-111.9268005,4,[33.4787939,-111.927891,33.499504,-111.92571],[33,26,11,309,119,285,48,24]
WU_SRtlqggrGxT9ZFW7Nlw,33.373465,-111.971852,87,[33.373465,-111.971852,33.373465,-111.971852],[48,11]
uOIJB_nrqhy-u27KfmBhVw,33.44834125,-112.0024697,2,[33.4240085,-112.064752,33.472674,-111.9401874],[11,63,38,99,39]
ZDk-suGNP0WqvJukwyfYmQ,33.39627,-112.0735441,2,[33.39627,-112.0735441,33.39627,-112.0735441],[168,144,24,11]
LLrHF7kRhNB1fvVkfJs0pA,33.37844,-111.876416,1,[33.37844,-111.876416,33.37844,-111.876416],[251,11]
L5VXsEEjf7BOgVPEtRTF8w,33.5386441,-112.0986063,1,[33.5386441,-112.0986063,33.5386441,-112.0986063],[26,11]
Ll-ILdELsRg-iZ5jSzB1vA,33.4657903,-111.90190295,7,[33.3939372,-111.926521,33.5376434,-111.8772849],[97,11,161,65,10,24,84,339,224]
mEUDhFvrX886gjWbwdkhAg,33.4925020001075,-111.924118995667,1,[33.4925020001075,-111.924118995667,33.4925020001075,-111.924118995667],[119,99,11]
mPlWlo5ocGY_pAaFhn6olw,33.531718350000006,-111.87869760000001,44,[33.478805,-111.926652,33.5846317,-111.8307432],[38,128,39,65,133]
21K798dTqPOA0Al4QSKKog,33.5093372,-112.0608177,84,[33.5093372,-112.0608177,33.5093372,-112.0608177],[212,63,97,11]
0KM2PyYW6TSPxTgzwNtmrQ,33.622887,-112.392505,1,[33.622887,-112.392505,33.622887,-112.392505],[7,8]
Xr-DzjsaQAPx5Yp8NxYTow,33.5155279,-112.02672190000001,6,[33.5092093,-112.0648577,33.5218465,-111.9885861],[210,11,340]
qOQjwzKxR9UlBNr2OBJ0AQ,33.4293603,-111.930115,6,[33.42183,-111.960264,33.4368906,-111.899966],[7,162,63,27,11,57,39,145]
3Z9tKRSsw58UK0bklEENLg,33.50201,-111.9313599,3,[33.50201,-111.9313599,33.50201,-111.9313599],[265,11]
CaqZ_iB8dJh4jLBoEpji5Q,33.3390824,-111.9071257,2,[33.3046998,-111.971852,33.373465,-111.8423994],[11,63,158,28]
wQGZfLnM20PyT3GhlzM60w,33.626933,-112.100731,3,[33.626933,-112.100731,33.626933,-112.100731],[212,26,11]
zN_Gocf7PvuiILUJgjCyrg,33.4797420689751,-111.994993686676,1,[33.4797420689751,-111.994993686676,33.4797420689751,-111.994993686676],[33,99,11]
GZTl2jYpBV5nFnjeoksyCw,33.509578,-112.060185,200,[33.509578,-112.060185,33.509578,-112.060185],[63,27,11]
Hc5ppfycEJS4n-hxUp3vBQ,33.500545,-111.9264093,1,[33.500545,-111.9264093,33.500545,-111.9264093],[33,38,48,39,11]
w4aiSe6rTnYsY85km3BJHA,33.4596905,-112.0462108,200,[33.4596905,-112.0462108,33.4596905,-112.0462108],[7,98,8,10,11]
yGb99LvM0UF8DCN489a6vA,33.5025941,-111.9296765,3,[33.5025941,-111.9296765,33.5025941,-111.9296765],[265,48,11]
24f7wKVNsll36teFKCdzqQ,33.461736,-112.335666,5,[33.461736,-112.335666,33.461736,-112.335666],[169,11]
KFMmXJUCuIx-FnJu2wAh4g,33.4165103,-111.96160425,9,[33.305824,-112.0482435,33.5271966,-111.874965],[182,48,140,11,119,99,311,340,206]
saiZmxzBIowJbMgPBW1Now,33.4997365,-112.0457495,200,[33.360804,-112.231662,33.638669,-111.859837],[98,7,168,169,11,109,38,39,63,36,43,27,24,224,229,26,41,57,258]
EUgv13qRQ0OhmG40x_fcFg,33.6308784,-112.2382757,11,[33.6308784,-112.2382757,33.6308784,-112.2382757],[265,99,11]
Ojt8xdhwABwdSGqiH2UKZQ,33.306771,-111.854917,1,[33.306771,-111.854917,33.306771,-111.854917],[54,55,266]
geAY6RGyvkjUm6Les9EpEA,33.5818708,-112.0651799,40,[33.5818708,-112.0651799,33.5818708,-112.0651799],[49,52]
VPA0nd1GVdrmLACNSRU22A,33.6308711,-112.02580714999999,8,[33.3929982,-112.1388544,33.868744,-111.9127599],[7,108,119,11,6,204,65,482]
r46fg3yYJganUaF9mCzf-w,33.4106935,-111.93791825,17,[33.319377,-111.966307,33.50201,-111.9095295],[265,11,38,48,39,212,229,109,27,63]
D6KISbGmAyw11c_4u-R4aw,33.4716326,-111.9263131,3,[33.4716326,-111.9263131,33.4716326,-111.9263131],[265,99,11]
PWjdlug88aWpFEfPMJbSVg,33.5495929,-111.9118069,27,[33.427081,-111.9400878,33.6721048,-111.883526],[38,265,39,11,109,7,142,260,40,259,27,63,28,158,17,29,119,26,99,48,108,172,185,49,80,82,59]
k6oiiHPqNRr-MZIFpo_29Q,33.5087368,-111.9953195,1,[33.5087368,-111.9953195,33.5087368,-111.9953195],[11,63]
GsNB-KVGhlL9uwHMXi6P_w,33.5464209,-112.05154618675249,61,[33.3798704,-112.241265,33.7129714,-111.861827373505],[202,72,26,11,119,7,162,189,10,24,27,36,39,99,38,128,6,200,33,8,45,57,69,123,65,212,44,108,282,142,120,83,273,293]
dWInjMCMryEzx6Ug5e5cJw,33.5173991,-112.0824683,2,[33.5173991,-112.0824683,33.5173991,-112.0824683],[126,97,11]
ScGRHKYZb79rr1KJi01EZw,33.4930514,-111.9339561,43,[33.4930514,-111.9339561,33.4930514,-111.9339561],[28,17,29]
UVnU2e7f5S9_9GK-_cZTFw,33.4772147,-112.0736348,5,[33.4772147,-112.0736348,33.4772147,-112.0736348],[265,11]
rn-S3h35NiiAvKvEMDbtZg,33.58261081823195,-112.0988895,38,[33.4527955,-112.2382757,33.7124261364639,-111.9595033],[38,11,99,128,39,26,33,27,63,48,265,185,112,6,151,109]
Ky5D2mvUIgaLN44lay2W-g,33.490106,-112.0403055,5,[33.4702022,-112.0653186,33.5100098,-112.0152924],[38,99,39,11,128,26,24]
YJYU2Rk4TT8FIh500GWj8w,33.5803924,-111.8804955,1,[33.5803924,-111.8804955,33.5803924,-111.8804955],[27,11]
rXR-UEqPGjv0Kf4jbCrkRQ,33.555254386437255,-111.915271714505,2,[33.5437037,-111.92547082901,33.5668050728745,-111.9050726],[224,11,43]
2RjxUP1CM0aL9yIzanAK1w,33.550268450000004,-111.98785104999999,13,[33.3999435,-112.08407,33.7005934,-111.8916321],[185,11,126,26,57,327]
rNEir5liNCnpPj0xGEbSog,33.640660693630295,-112.0579050645315,10,[33.6403191,-112.068088329063,33.6410022872606,-112.0477218],[26,11,175,129,79]
YdsG6qN_PaAwyQ7p95Jf0Q,33.466986649999996,-112.04490344999999,8,[33.4549939,-112.0868317,33.4789794,-112.0029752],[57,56,48,11,130,32]
qR9MjR-hUXyZ-3KqmdQKaA,33.4922985,-111.9245517,47,[33.4922985,-111.9245517,33.4922985,-111.9245517],[210,11]
hxcjqz1m0fwpdRrMdgZ1Qw,33.492722,-112.073346,17,[33.492722,-112.073346,33.492722,-112.073346],[26,11]
5fPTQulecWNd_j787MFEKA,33.51487605,-111.8963166,43,[33.4462721,-112.0893682,33.58348,-111.703265],[11,63,101,38,39,13,6,61,35,34,12,7,108,119,142,112,48,27,24,109,88,89,265,483,57,145,126,97,307,69,333]
ZTEDWDjRFr-8bVVD8Tkvfw,33.2851939715441,-111.796875,113,[33.2851939715441,-111.796875,33.2851939715441,-111.796875],[6,112,152,17,111,246,113]
5-9WDfH8R_Ow11zcofa1Rg,33.5019817,-111.9276185,8,[33.5019817,-111.9276185,33.5019817,-111.9276185],[99,48,11]
dXcDIxbDcYdzoNuyOKMEOw,33.5228217,-112.00420005000001,10,[33.492381,-112.0824532,33.5532624,-111.9259469],[26,11,265,48,7,47,57,99,36,69,33,38,39,43]
OflPfxKORn-B05hESzW26Q,33.47355725,-111.9683511,33,[33.3652366,-112.1322472,33.5818779,-111.804455],[26,11,101,38,57,39,145,27,96,72,119,44,24,49,146,99,400,6,284,35,130,32]
rZzVQEXDKXWdun2U7gv7HA,33.59082,-111.837298,2,[33.59082,-111.837298,33.59082,-111.837298],[32,95,222]
gnwYUsQDvuZoFLsGoekjAQ,33.460465400000004,-112.348558,7,[33.4502598,-112.356892,33.470671,-112.340224],[11,27,63,113,6,116,49,178]
yHZGzN6jFSGIpMU27g-RWg,33.383123,-111.964485,59,[33.383123,-111.964485,33.383123,-111.964485],[99,11]
XWkoXZJQNjTG991oyWfF8Q,33.448474,-112.076727,4,[33.448474,-112.076727,33.448474,-112.076727],[99,11]
n3j5V4tqOB3KioGl6qOBcA,33.501448249999996,-111.9258374,17,[33.4643259,-111.985982,33.5385706,-111.8656928],[104,195,65,127,11,265,7,108]
5sKAhB0DXcxeomHeFo3KNg,33.611537,-112.238173,4,[33.611537,-112.238173,33.611537,-112.238173],[26,11]
VrDppoXuilvABpjYqxBNjg,33.5288312,-111.9730855,37,[33.5288312,-111.9730855,33.5288312,-111.9730855],[161,195,65]
s6qwpG0SzUYjXFqx0L3-qg,33.4360415,-111.9956337,10,[33.4360415,-111.9956337,33.4360415,-111.9956337],[28,240,241]
nYJ07jJ45QxsxfvHObwj-g,33.3365788066646,-111.859488487244,3,[33.3365788066646,-111.859488487244,33.3365788066646,-111.859488487244],[97,11]
k9Reu5x23SUs9K7_l950jw,33.5160662,-112.029562,7,[33.5160662,-112.029562,33.5160662,-112.029562],[99,11]
MCXb9tiMIAv4C55ttogbqA,33.398680999999996,-111.9976425,161,[33.348162,-112.0696,33.4492,-111.925685],[7,142,119,11,26,99,246,139,24,17,423,10]
Z34z321lvyLRmTT5fugzdg,33.59555,-112.210922,1,[33.59555,-112.210922,33.59555,-112.210922],[57,56]
KHAcoCmnrD9w5jWASHxF3w,33.5599538,-112.0653058,5,[33.5599538,-112.0653058,33.5599538,-112.0653058],[26,11]
TtPrtOhy6xBMwNor5x69ew,33.431762649999996,-111.8711159,200,[33.377523,-111.9532638,33.4860023,-111.788968],[7,292,142,49,368,33,119,11,26]
zkt7XPH09H_3CVGJTbdaeA,33.0908742,-111.82765954999999,7,[32.8795022,-111.897967,33.3022462,-111.7573521],[48,126,11,37,32]
bJZpA9_zstijiME0jqrUxA,33.54476611643505,-111.9616604,187,[33.4643259,-112.0010198,33.6252063328701,-111.922301],[224,11,7,108,27,48,24,28,17,29]
L7CulHC3DeKOzUOUkSN7ZQ,33.43475,-112.00644,44,[33.43475,-112.00644,33.43475,-112.00644],[28,170]
9F9O1ewWziu0IBxL-O0pNg,33.3804798,-111.7560625,1,[33.3804798,-111.7560625,33.3804798,-111.7560625],[88,38,39,298,11]
Vcc3DfRbIiTJba8mYuhKRg,33.435146,-111.998367,1,[33.435146,-111.998367,33.435146,-111.998367],[119,38,99,39,11]
j7QuHGTuFCkm585AOnmu_A,33.631662,-112.013035,2,[33.631662,-112.013035,33.631662,-112.013035],[337,32]
R60HoSrkfm0kCayaNbmjCQ,33.4238237,-111.82276475,2,[33.3938633,-111.9532638,33.4537841,-111.6922657],[33,11,49,368]
n1p-xOcivPZrItMq1l9KTA,33.451228799999996,-111.95422285000001,4,[33.3932472,-112.0462319,33.5092104,-111.8622138],[24,11,265]
8eDcgzuDPVVkuV0CQtTvTQ,33.7114452,-112.2731482,1,[33.7114452,-112.2731482,33.7114452,-112.2731482],[26,11]
0178DFrWNvyhTxqT-2XfUw,33.502191,-111.996292,2,[33.502191,-111.996292,33.502191,-111.996292],[109,38,11,39,63]
_YFR6-hazqMoElCx9iyrXA,33.4498179,-111.9266107,2,[33.4498179,-111.9266107,33.4498179,-111.9266107],[99,11]
6XsWu4FeF4di93CAJW0n5A,33.47192115,-111.98441965,6,[33.3056593,-112.0711771,33.638183,-111.8976622],[7,139,416,47,48,27,11,6,155,54,156,38,99,128,39,296]
eP7qzVR70FtceNmOqgVzqQ,33.488527,-112.1001451,2,[33.488527,-112.1001451,33.488527,-112.1001451],[251,43,11]
BqVc6ZXEG49GfJeBHWc8Ug,33.4797226,-111.99141645,3,[33.4719589,-112.0649208,33.4874863,-111.9179121],[106,54,280,251,11]
45Cf2MLgLhwnXoLY_zY2EQ,33.5928198,-111.99520975,2,[33.5672627,-112.0645143,33.6183769,-111.9259052],[211,32,109,38,48,39,11]
DqRKRNTbIUqD9ZGcbzn4Jw,33.6744167,-111.8894434,2,[33.6744167,-111.8894434,33.6744167,-111.8894434],[109,38,265,39,11]
sU_4Sjlo_h6Yls-7_INhFQ,33.6000087,-111.9852655,1,[33.6000087,-111.9852655,33.6000087,-111.9852655],[57,56]
7Q19r09Wewbr8k5r3yrvWQ,33.348763010086,-111.9443510501,2,[33.348763010086,-111.9443510501,33.348763010086,-111.9443510501],[119,62,24,17,11]
nVQa8qgHbdosO-ZDY9-d_g,33.46848355,-111.9242835,200,[33.434736,-111.924312,33.5022311,-111.924255],[28,17,29,126,97,307,11]
SovEAf90E9SEt6gyk1aUjg,33.4659652,-112.07893974999999,2,[33.4354553,-112.0839659,33.4964751,-112.0739136],[99,11,309,285]
R7NAtGy2jRI_KXwfiA1OlA,33.638108,-112.167852,1,[33.638108,-112.167852,33.638108,-112.167852],[282,72]
RrnoFFacwKaimH5XnK2JbQ,33.5958042,-112.2226374,51,[33.5958042,-112.2226374,33.5958042,-112.2226374],[251,11]
FC4tcWBVH28z13nvrtAbyQ,33.662248,-112.1883568,4,[33.662248,-112.1883568,33.662248,-112.1883568],[11,63]
IwSnmYCT8g7XFCl2Hoe6Yg,33.507635,-112.0400815,21,[33.507557,-112.040116,33.507713,-112.040047],[33,99,11,27]
IN2wXfbLLJMvMW5Qf0CsIw,33.61878015,-111.95620255,3,[33.5997853,-111.9869486,33.637775,-111.9254565],[11,63,119,201,99,33]
dYj2bFCak_Q3TXN4aGHZeg,33.546703421322,-112.08390800000001,200,[33.421617342644,-112.2618153,33.6717895,-111.9060007],[28,17,29,48,11,38,39,26,127,182,99,6,145,186,57,309,119,285,140,168,229,7,98,10,9,265,169,63,27,18]
tiBMBRhBc1XBwb1oGe4GRA,33.567862,-111.9653697,70,[33.5097999,-112.0122745,33.6259241,-111.9184649],[48,39,205,11,28,158,17,29]
ox9aEGJAhuKQTR3IirnpRQ,33.62685205,-111.93232785000001,2,[33.6241241,-111.933892,33.62958,-111.9307637],[49,178,168,265,11]
nN3Ym_sgqI5EQuC4AIJprA,33.5527901,-111.87779474999999,85,[33.2723652,-112.0841165,33.833215,-111.671473],[101,38,26,39,11,97,49,312,57,504,91,33,117,99,208,6,35,8,7,138,139,178,265,185,48,40,1,301,32,302,145,258,28,17,29,246,429,43,200,128,69,224,93,3,24,18,63,177,140,212]
qlbiTIcn1-hDeHhEF1PLyg,33.61256215,-112.0896366,38,[33.3931628,-112.2712148,33.8319615,-111.9080584],[177,140,11,224,41,137,7,8,138,139,38,39,40,48,218,185,26,27,119,144,33,117,24,212,361,13,6,115,42,43,105,65,120,251,99]
zw-bIcZP4_VEi3UetomDeg,33.449585049999996,-111.96918495,200,[33.390792,-112.012504,33.5083781,-111.9258659],[119,11,465,57,39,145,28,240,241,161,65,17,29]
riMQlablRBMJhIjdAx4mNw,33.4272811,-111.9400902,2,[33.4272811,-111.9400902,33.4272811,-111.9400902],[119,48,11]
OvqT-4SaCSflxvQziHUFeQ,33.4729112,-111.9548259,6,[33.4656194,-111.9825532,33.480203,-111.9270986],[26,11,10,24,63,27]
RHHzNpWiNCIea-aATmslvw,33.583510450000006,-112.01337029999999,33,[33.5400879,-112.100731,33.626933,-111.9260096],[212,26,11,161,28,65,17,29]
Pmls9eFmrSMJ3Ro7AwRC6g,33.353063500000005,-111.83195605,2,[33.348489,-111.8591741,33.357638,-111.804738],[71,72,39,43,11]
0KuR8Sy6NKE46MZf4O6MBA,33.30631185245705,-112.055441530748,69,[32.8808576049141,-112.2628637,33.7317661,-111.848019361496],[28,17,29,38,128,39,49,178,271]
mFBzqon9WSKq-TMKW4_1GQ,33.536066,-112.263551,1,[33.536066,-112.263551,33.536066,-112.263551],[7,48,47,11]
rVmQaGFY2bbu5SDJVZQKQA,33.48740735,-112.0327174,16,[33.4796744,-112.0739818,33.4951403,-111.991453],[26,11,185]
1yFJ4NWC5ctpMRKGZ1zo3Q,33.3947699,-111.9088938,1,[33.3947699,-111.9088938,33.3947699,-111.9088938],[7,142,172,11]
aLWpne__AtzidX5q11J6gA,33.5389709,-112.132693,2,[33.5389709,-112.132693,33.5389709,-112.132693],[33,99,120,11]
R0XRmWrZyZJ-e1uTUeL4AQ,33.403689,-111.981986,4,[33.403689,-111.981986,33.403689,-111.981986],[7,292]
Xhcr6YBV6SgYQwSh5ibvyQ,33.504890599999996,-112.0313502,7,[33.5005719,-112.0741143,33.5092093,-111.9885861],[7,108]
61FMUKz0Z0bCConUAOAIqQ,33.413158,-111.875779,9,[33.413158,-111.875779,33.413158,-111.875779],[251,11]
Ip5uK0SNw5LzCHHNGdWaAA,33.509702,-112.042514,5,[33.509702,-112.042514,33.509702,-112.042514],[26,11]
fyhg70aQCroJEGI6yCaWbg,33.4398604894845,-111.9939077,20,[33.378062078969,-112.067833,33.5016589,-111.9199824],[7,108,119,11,120,98,10,9]
LO0jqGJkTfxbpOWwZRX0Gw,33.4214126082706,-111.942980289459,2,[33.4214126082706,-111.942980289459,33.4214126082706,-111.942980289459],[7,108]
UBIeuiLY9PobybSgo0qhWw,33.524115966371554,-111.986587,106,[33.4234408327431,-112.0744706,33.6247911,-111.8987034],[251,11,109,38,27,39,48,40,99,212,128,126,340,440,26,88,218,140,309,119,285,168,265,7,108,127,205,293,292,63,33]
Vg8K5fvPEnxEdco5EfdmzQ,33.52631565,-111.82008935,8,[33.4787939,-111.9259092,33.5738374,-111.7142695],[44,26,11,309,119,285]
o0i98YJ5KQRHbpXDMKSn2w,33.48838225,-112.13310565,12,[33.4667074,-112.3408385,33.5100571,-111.9253728],[224,11,265,99,218,41,27,140,26,13,6,21,22,63,38,48,39]
3MoghgXc3USMbgm1S1Nkdw,33.6556844,-111.9300279,31,[33.6556844,-111.9300279,33.6556844,-111.9300279],[126,97,11]
Dy85t4kpa6mMZY11WZnjfA,33.435146,-111.998367,1,[33.435146,-111.998367,33.435146,-111.998367],[119,38,99,39,11]
J6znf7lizfUyLtwb-46PEg,33.47294495,-112.03271720000001,32,[33.4514309,-112.0701057,33.494459,-111.9953287],[38,99,88,39,40,11,96,72,71,48]
ALhS3YlrJz9de7RiwIpkDg,33.5019817,-111.9276185,4,[33.5019817,-111.9276185,33.5019817,-111.9276185],[38,48,39,11]
lF1pxEjXyGBEKpvwzhyRPg,33.5044193,-112.0475633,14,[33.5044193,-112.0475633,33.5044193,-112.0475633],[206,11]
hQhkAuCP7Bks4y5f8fxnTg,33.425077,-111.98091,5,[33.425077,-111.98091,33.425077,-111.98091],[28,17,29]
rivubbM_yTYPWbCYbioOIw,33.44263780449825,-112.03420424082199,43,[33.4346646089965,-112.074198,33.450611,-111.994210481644],[38,205,39,40,48,11]
DoR-2HFurPSXyBBezmMaqA,33.5540707,-111.9604922,19,[33.4820996,-112.0122175,33.6260418,-111.9087669],[26,11]
8WvOke9T6ReCxlgyXQOcZQ,33.659143799999995,-112.09958065000001,7,[33.6396726,-112.2245547,33.678615,-111.9746066],[119,99,11,4,6]
nH9ud6hUrBF6X4OPc5HrPQ,32.9479262,-112.7128951,9,[32.9479262,-112.7128951,32.9479262,-112.7128951],[119,99,120,11]
DBtKDk4LbhtbTfuCqnuVZg,33.6624675,-112.18689,2,[33.6624675,-112.18689,33.6624675,-112.18689],[7,108,17,62]
xoTq_ZF7CdYexLmMenCzKw,33.4629168,-112.0730782,16,[33.4629168,-112.0730782,33.4629168,-112.0730782],[157,103]
zcgggMqoYxQxLN9zwKE7vg,33.623539,-112.220737,1,[33.623539,-112.220737,33.623539,-112.220737],[132,105,65]
mZYNV4inEFDTkWjP0bEugA,33.5593736,-111.925452,5,[33.4926382,-111.926313,33.626109,-111.924591],[127,11,63]
ek6-v4wCQ_a2h3-acpPRFQ,33.509884,-112.270429,16,[33.509884,-112.270429,33.509884,-112.270429],[28,17,29]
LGsvzojkrQBB_ri-Pm5eQg,33.50741,-112.031029,1,[33.50741,-112.031029,33.50741,-112.031029],[7,108]
jRteemWmPzYuTxFe0L0xJQ,33.47441980000001,-111.9162597,200,[33.421643,-111.9401874,33.5271966,-111.892332],[120,11,38,99,39,119]
JuTPZZS1hieijwl9l_mJdg,33.39617075283735,-111.99146465000001,8,[33.3779965056747,-112.1336153,33.414345,-111.849314],[192,11,39,38,99,128,373,251,153,33,119,24,43]
v1PxgfLviKc4WgFgYCgFgg,33.5229858,-112.0476585,2,[33.5229858,-112.0476585,33.5229858,-112.0476585],[48,11]
7kDVUNAZ-CrTkhkJVojwMA,33.2840137,-111.8151205,8,[33.2611314,-111.877846,33.306896,-111.752395],[224,11,7,142,33,48,47,43,126]
NN0BHECXxA3ppqEv4_HDXQ,33.51531095,-111.9151943,3,[33.4869182,-111.925316,33.5437037,-111.9050726],[39,119,26,38,11,43]
zNtMI_25pQdB7jFIk245MQ,33.540288700000005,-111.9088994,3,[33.4960515,-111.9302928,33.5845259,-111.887506],[33,99,24,11,38,39,63]
HGe8xG0BNQWLvpKAUINHKg,33.498915,-111.928258,9,[33.498915,-111.928258,33.498915,-111.928258],[206,11]
-_ilQMnX9m3hthIioMGNwg,33.4368974,-111.9300378,4,[33.4368974,-111.9300378,33.4368974,-111.9300378],[33,44,11]
kEMptrAD-6yiSTV3ddqSKQ,33.76389325,-111.92361700000001,6,[33.7005934,-111.9237212,33.8271931,-111.9235128],[27,24,11,26]
TqnHAb7rUBJuX249qA8yNw,33.5102068,-112.0272041,2,[33.5102068,-112.0272041,33.5102068,-112.0272041],[48,11]
7lzhcGURRnQb-xf8ARz-Eg,33.5086952779617,-111.927080154419,68,[33.5086952779617,-111.927080154419,33.5086952779617,-111.927080154419],[99,11]
F4sfffJ8-VCNFLUT0q6Gtg,33.4984652,-111.9248784,83,[33.4982604,-111.9251128,33.49867,-111.924644],[101,38,39]
GonttGYE_CpQQWQ2JZv1rg,33.47316075,-112.00743270000001,6,[33.4366655,-112.07454,33.509656,-111.9403254],[150,17,152,12,114,13,6,49,59]
CgV5nAbH7qT4Mkpi-O841A,33.4172802,-111.9388217,16,[33.3847024,-112.071886,33.449858,-111.8057574],[33,11,26,48,377,224,10,24]
dTWz_SBu5RyrEP8P_BWmXQ,33.407607999999996,-111.923984,15,[33.392586,-111.940813,33.42263,-111.907155],[7,162,27,11]
Pr_FB-Pe8xZpo8n-LsqULw,33.39857085,-111.99215235,7,[33.3478272,-112.0740474,33.4493145,-111.9102573],[224,182,11,43]
DPRuvIWm4Iqus2_LLb7i4Q,33.384787,-111.9775872,94,[33.334824,-112.00644,33.43475,-111.9487344],[38,99,128,39,296,11,28,170]
a-Cv7OmGh_dPqawBKQAXmw,33.509702,-112.042514,2,[33.509702,-112.042514,33.509702,-112.042514],[26,11]
CfL-EyGv8IiMJoJOoBsOvg,33.4673443,-112.1084323,11,[33.3056067,-112.238107,33.6290819,-111.9787576],[26,11,38,128,39,63,27]
8U62AxwgEJUTa8F-v57LCA,33.5299053,-111.926437,19,[33.5299053,-111.926437,33.5299053,-111.926437],[265,11,483]
9Y5Sk4iKWv42MWhTGKAxow,33.5100013,-112.09659880000001,3,[33.4587437,-112.1156244,33.5612589,-112.0775732],[48,185,11,182,140]
auVkTXPmA8o3oU8barlBSw,33.48100145,-112.02149505,200,[33.449233,-112.0827836,33.5127699,-111.9602065],[7,108,265,11,88,101,38,39,119,99,40,27,168,181,229,49,193,59,26,109,63,48,28,17,29]
eC4XgwVaOSXzRs8bSWRhPg,33.0546833,-112.043887,2,[33.0546833,-112.043887,33.0546833,-112.043887],[185,11]
ChBZhrjYi4TvkvV-JWL_hQ,33.4483771,-112.0740373,1,[33.4483771,-112.0740373,33.4483771,-112.0740373],[57,56]
cNU3hw0Gvm2iNGOOvrhWMg,33.4252933,-111.94315205000001,100,[33.3045866,-111.985653,33.546,-111.9006511],[28,17,29,39,26,127,11,99,265,48,126]
o1M5NDzaqXLMNT0LJg7uBw,33.400192849999996,-111.99960659999999,4,[33.3350177,-112.072134,33.465368,-111.9270792],[7,108,292]
uTUAtZcm5u67Lb-YZ6ecvQ,33.43459095,-111.967971,2,[33.4251869,-111.9957122,33.443995,-111.9402298],[72,28,241,394,395,236,103]
pwxAaWgzQuVEsb_MwVJmbQ,33.597213,-112.03605,2,[33.597213,-112.03605,33.597213,-112.03605],[26,11]
P-mTLZ4dvsGjR7bbJJnwCg,33.4739654,-111.99586275,34,[33.449233,-112.065458,33.4986978,-111.9262675],[126,11,27]
3dItnvUtKYCDyhcJrxtowg,33.499499,-111.927402,200,[33.499499,-111.927402,33.499499,-111.927402],[48,11]
SLiKl1y0kEsql064ApaGww,33.5645064,-112.09180885,44,[33.4577071,-112.261226,33.6713057,-111.9223917],[84,147,43,11,99,120,117,8,6,116,7,36,62,17,113,142,38,181,39,48,63,182,140,212,26,313,292,224]
BFLqGQ0ZhtG8Smf6p5O0Fw,33.495263,-111.928554,127,[33.495263,-111.928554,33.495263,-111.928554],[26,11]
-AqSOlTs1_1pawyCD-78IA,33.4932177,-111.92571,53,[33.4932177,-111.92571,33.4932177,-111.92571],[33,26,11]
BwkTv3TlgyM4itPXvUlplw,33.5677516,-112.0695562,1,[33.5677516,-112.0695562,33.5677516,-112.0695562],[71,72,354,269]
SdgbvTXll5ZUdilm5oB5iw,33.375434,-111.955591,2,[33.301668,-112.0696,33.4492,-111.841582],[104,65,105,369,177,140,11]
JG8XVMM3JDv4wZRFAsZlFQ,33.45040924147335,-112.0151354549605,25,[33.3192686114948,-112.122052609921,33.5815498714519,-111.9082183],[14,15,6,41,400,11,38,168,298,88,39,265,7,142,99,33,119,8,27,108,161,28,65,17,29,157,103]
MJxsptokRoxljo5_qcYMMA,33.348162,-111.9819,3,[33.348162,-111.9819,33.348162,-111.9819],[43,11]
7Yye8K6Ei9ROVcx41To19g,33.45998265,-112.00765405,15,[33.4253394,-112.0912518,33.4946259,-111.9240563],[38,48,11,128,39,33,99,296,88,27,140,26,177,24,219,218,41]
5duQ4ooaZI_oS8blYsbqow,33.3339921,-111.7554945,1,[33.3339921,-111.7554945,33.3339921,-111.7554945],[27,11]
dSZC2miAzDrwmZ8xsnDvCw,33.6222859533147,-111.904171575451,3,[33.6222859533147,-111.904171575451,33.6222859533147,-111.904171575451],[218,41,323,11]
NgfDePUXUvnf6UmmZ_w7vw,33.5100523,-111.9963126,5,[33.5100523,-111.9963126,33.5100523,-111.9963126],[206,11]
U0p7oC_szKfhOqtthsX4yw,33.6054001,-111.94644845,8,[33.5102068,-112.0272041,33.7005934,-111.8656928],[119,24,11,48,26,104,195,65]
20hPsSyN_eNp0hKMrT7-KA,33.4046298,-112.06167970000001,7,[33.336677,-112.2797864,33.4725826,-111.843573],[63,27,11,7,8,6,45,99]
Ls3HDj4RiME1u6n1csFMXg,33.5385773,-112.0300886,5,[33.4951366,-112.0648577,33.582018,-111.9953195],[11,63,210,48]
x0todUuqtIRFFJMONKKsAw,33.4329724,-111.9043028,10,[33.4329724,-111.9043028,33.4329724,-111.9043028],[27,11]
UqxQ7UY7InWeXuftPPF5bw,33.362719,-111.8761389,4,[33.362719,-111.8761389,33.362719,-111.8761389],[89,11]
JFh7wo0BCRbI3nlmuVHJcw,33.3906625,-112.1336327,1,[33.3906625,-112.1336327,33.3906625,-112.1336327],[7]
UWCzBeEy5dH1-irdfxpF4g,33.49495,-112.0318117,2,[33.49495,-112.0318117,33.49495,-112.0318117],[136,17,453]
32I7moHYL0wYD-wiOnLWAw,33.47703041933885,-111.898113398422,13,[33.413158,-111.926503,33.5409028386777,-111.869723796844],[7,138,8,139,313,27,11,108,119,41]
C5bRl5BKt_P27MuGkTB9sA,33.385548,-111.7541801,1,[33.385548,-111.7541801,33.385548,-111.7541801],[126,97,11]
zlEr99PWgm5_EqAVIcop9g,33.4659771,-112.1696016,2,[33.4659771,-112.1696016,33.4659771,-112.1696016],[43,11]
9J3fJyCvTHJtOkrqMgTrAg,33.4744125,-111.99995899999999,3,[33.455863,-112.072167,33.492962,-111.927751],[224,11,212]
g_L785Vm8xtA1VAuoUfvyw,33.47963262013545,-112.0926056,5,[33.3480423402709,-112.2400641,33.6112229,-111.9451471],[224,251,11,10,24,126,97,212,41,43]
IHXLU0bFY3gvX7IzT2a34A,32.8773814,-111.7536705,3,[32.8773814,-111.7536705,32.8773814,-111.7536705],[119,24,11]
4k3-pyX966dnSMuvuBvLjA,33.414983,-111.629764,13,[33.414983,-111.629764,33.414983,-111.629764],[26,11]
HrYiV0YnjT1Cvu7lxQjafw,33.479935,-111.92777,1,[33.479935,-111.92777,33.479935,-111.92777],[224,43,11]
tuwEFyhuPmfIzTHQS_2-dA,33.9686412,-112.729622,6,[33.9686412,-112.729622,33.9686412,-112.729622],[7]
odIGdKmOHssrNxmbb6Al6w,33.471490900000006,-111.94972200000001,4,[33.4514039,-111.973603,33.4915779,-111.925841],[185,11,119,38,48,39]
phR0nQC82r6HPghHwsNWrQ,33.5478355,-112.0474569,200,[33.5478355,-112.0474569,33.5478355,-112.0474569],[99,265,11]
u6MdSh3myu9A-z5c75ZE8g,33.678615,-111.9746066,1,[33.678615,-111.9746066,33.678615,-111.9746066],[104,161,195,65]
CgB_kh2SCnXQXLu12Ab1tg,33.3181023,-111.9629937,3,[33.272043,-111.9802308,33.3641616,-111.9457566],[84,147,49,265,146,11]
6cZuyvWcccCrJeqWF5WPoA,33.4922985,-111.9245517,122,[33.4922985,-111.9245517,33.4922985,-111.9245517],[210,11]
cuKrjx91r3HNDDXi2YqRZQ,33.612765598528156,-112.05769674999999,9,[33.5708131,-112.2289957,33.6547180970563,-111.8863978],[43,11,7,8,6,45,26,137,139,27,41]
orh0tnnrzTY4DCzsHh_hdA,33.4657106,-112.0674695,1,[33.4657106,-112.0674695,33.4657106,-112.0674695],[7,8]
ThdoCyMkTcz6qmXQDwj8WQ,33.50141085,-111.99598259999999,53,[33.4219869,-112.065107,33.5808348,-111.9268582],[109,38,27,39,11,26,48,33,307,88,89]
vRa2DevBVhRxOQJjM7tYvw,33.4947329,-111.9155609,67,[33.4947329,-111.9155609,33.4947329,-111.9155609],[26,11]
RLrzO8HyZ5EwDj2NZVGuzA,33.48283445,-111.96581954999999,27,[33.2994442,-112.1240351,33.6662247,-111.807604],[127,11,229,27,63,177,192,57,69,56,120,39,145,212,26,43,244,172]
p-fpthtV0r52mseQxEQ7cQ,33.7129797,-112.1117351,7,[33.7129797,-112.1117351,33.7129797,-112.1117351],[307,212,43,11]
dDMF8e7XVQI8HVrBzCMbRQ,33.487821800000006,-112.04470155,15,[33.3059943,-112.203627,33.6696493,-111.8857761],[126,97,11,30,13,6,43,49,368]
qgI2cU2DaNHzv_qwwDoqyQ,33.50602535,-111.95614434999999,19,[33.383949,-112.0685027,33.6281017,-111.843786],[88,38,39,298,11,26,7,47,48,119,99,404,451,117,214,4,6,100,425,189,10,24,27]
z3ekJC9q19EChHI7y8lAyw,33.4084694,-111.92778448765,6,[33.3947699,-111.9466751753,33.4221689,-111.9088938],[39,38,27,128,11,33,117,48,63]
amKnlpVd-NocivoaySJUvQ,33.4925020001075,-111.924118995667,65,[33.4925020001075,-111.924118995667,33.4925020001075,-111.924118995667],[119,99,11]
ZMK9a5boeU0kgt7SRD0PFg,33.3702541,-111.9741847,11,[33.3702541,-111.9741847,33.3702541,-111.9741847],[265,11]
_wyCFNqRGkS3A0EmGCUNJQ,33.422728,-111.951494,4,[33.422728,-111.951494,33.422728,-111.951494],[88,38,39,89,11]
uQsCIC6_Ioj5-R4qbhQ7zw,33.47347874501525,-112.306801811711,2,[33.4645681900305,-112.3408511,33.4823893,-112.272752523422],[212,11,177,500,140,192]
zXhAN9iwvttoGPDHMs_FpA,33.42874875,-111.99385015,200,[33.421657,-112.0429513,33.4358405,-111.944749],[28,271,170,224,11,49]
CqmwGwbSGBh0CzHwsDcH4w,33.4460879,-112.0741278,3,[33.4460879,-112.0741278,33.4460879,-112.0741278],[43,11]
bi9COAGNGGFWaScZ2DgMzQ,33.5237453,-112.0487368,2,[33.5237453,-112.0487368,33.5237453,-112.0487368],[38,48,39,11]
pMKWEH9496dsdIHKm_EsbA,33.5829091,-112.0144276,2,[33.5829091,-112.0144276,33.5829091,-112.0144276],[49,146,17,18]
HK35ai8frY75iMYBVdD_Pg,33.581867,-112.241596,1,[33.581867,-112.241596,33.581867,-112.241596],[0,1,2,3]
YiTrAuaKH0QGBHYe0h18Gw,33.5086952779617,-111.927080154419,18,[33.5086952779617,-111.927080154419,33.5086952779617,-111.927080154419],[99,11]
OazxM5v9i8PQ6NXWQDxCGQ,33.46701255000001,-111.90881545,200,[33.3939372,-111.940346,33.5400879,-111.8772849],[7,148,117,11,251,292,142,126,97,33,119,161,28,65,17,29,27,63]
q3rsW9J0X5SFeHgkXzdFgg,33.458203499999996,-112.0678335,3,[33.458066,-112.067834,33.458341,-112.067833],[127,11,7,108,119]
Qq9aOsSQm7FR1j_RyrL0rw,33.3782381,-111.9297441,3,[33.3782381,-111.9297441,33.3782381,-111.9297441],[127,11]
hMn6kUXISva_wuwv8OM1gA,33.49119142576385,-111.967077255249,15,[33.4076218,-112.072327136993,33.5747610515277,-111.861827373505],[26,11,265,38,99,128,39,119]
DAS_Vz9n9Vl9NncOmrq4Dw,33.464277,-112.269802,1,[33.464277,-112.269802,33.464277,-112.269802],[65,133]
f7-hEPWejNEGX-breVnKhA,33.465496,-112.081138,1,[33.465496,-112.081138,33.465496,-112.081138],[112,6,151]
zNjguoWpQ5vmHq0q5uvJGg,33.9662303,-112.7428224,6,[33.9662303,-112.7428224,33.9662303,-112.7428224],[26,11]
c3yJNjz_K--z4CIpR7yhvQ,33.593121350000004,-112.0426469,200,[33.2174671,-112.7210438,33.9687756,-111.36425],[33,119,11,126,109,38,48,39,28,240,241,6,77,35,98,7,24,168,42,43,162,49,52,265,12,13,21,22,142,292,326,322,57,231,108,30,26,186,333,224,76,19,20,23,99,44,27,63,194,137,139,46,372,251,8,304,368,104,105,65,313,475,247,146,417,80,59,69,36,111,112,113,17,232,117,97,56,18,185,403,121,79,239,127,47,285,284,214,201,40,350,71,72,96,145,470,15,191,387,34,45,32,235,212,138,276,133,9,206]
FprptlFwsq6xivqIhawHoQ,33.529938,-112.03635583335401,9,[33.4481859,-112.1648254,33.6116901,-111.907886266708],[48,11,251,46,6,33,49,50,52,63]
Pc7TT-21elgJ2ocxFMB6hQ,33.5636638582952,-111.97636725000001,8,[33.5020036165904,-112.0272041,33.6253241,-111.9255304],[48,11,168,99,265,119,120]
ln3n37Cuzjo3yPZ5L05XpQ,33.451376,-112.393973,144,[33.451376,-112.393973,33.451376,-112.393973],[72,154]
6YZnu2cKqxG1u4lLPqxNeg,33.6239149,-111.9255304,170,[33.6239149,-111.9255304,33.6239149,-111.9255304],[48,11]
vAZEQTXiDtM-64SXy9FUuw,33.50170375,-112.06266565,19,[33.455572,-112.136914,33.5478355,-111.9884173],[28,17,29,65,133,104,7,108,15,6,191,38,181,39,40,11,137,139,182,48,140]
LqMpbjrAR2SZGCyahK-9Gw,33.560735550000004,-112.0230819,27,[33.3210491,-112.185592,33.800422,-111.8605718],[10,119,11,168,42,43,208,6,35,48,206,430,38,39,364,7,98,9,210,205,40,109,293,26,17,18,142,292,30,13]
w6p8_VUdILJWq-yITm9cKg,33.501161,-111.925513,19,[33.501161,-111.925513,33.501161,-111.925513],[206,11]
5l7AlywlvqU-58vXwhy04A,33.4552907,-111.9878697,2,[33.4552907,-111.9878697,33.4552907,-111.9878697],[43,11]
aOM3UJG0stZaDD75C9H5lA,33.30617,-111.9747,5,[33.30617,-111.9747,33.30617,-111.9747],[119,11]
K-kjPGv-6udTh9dUpb7YJw,33.50877115,-111.99535295,19,[33.4787943,-112.064759,33.538748,-111.9259469],[99,26,11,265,48]
q_BsHvzytSbMvnLJVSQa3Q,33.43475,-112.00644,200,[33.43475,-112.00644,33.43475,-112.00644],[28,170]
JnJDO8c37PnwsP0P7-1v0w,33.647097,-111.8928229,1,[33.647097,-111.8928229,33.647097,-111.8928229],[84,147]
jOjk76AiRDxWtRqtKovDmw,33.56815305,-112.05079925000001,28,[33.4233153,-112.1856838,33.7129908,-111.9159147],[97,11,7,108,48,24,99,65,133,142,36,224]
HlnY8xWkfONz256u3Tp_Wg,33.4569062,-111.996603,14,[33.4258484,-112.084175,33.487964,-111.909031],[411,476,54,82,59,49,136,17,193]
Wip7_hubkhOpK-IT8dWD0w,33.55919985,-111.92696425,3,[33.5019817,-111.9276185,33.616418,-111.92631],[265,126,97,11,99,48]
nQ-atFICOhcIYpb6c0deNw,33.4772147,-112.0736348,2,[33.4772147,-112.0736348,33.4772147,-112.0736348],[265,11]
a0XibHLbAzXCnWkSnrfgzQ,33.403689,-111.981986,57,[33.403689,-111.981986,33.403689,-111.981986],[7,292]
ioTLeBk0Kw7H95g-rtzXrQ,33.4510181,-111.90003695,15,[33.2994442,-112.0839659,33.602592,-111.716108],[119,11,88,38,39,40,26,99,182,48,140,33,27,177]
vtqdtjgGwAbAE6wFcUZlxA,33.4951447,-112.0118398,2,[33.4951447,-112.0118398,33.4951447,-112.0118398],[43,11]
g0DVfxJtk5ORyoamIpijIw,33.52907875,-111.99877295,27,[33.49112,-112.079081,33.5670375,-111.9184649],[28,17,29,265,11,158]
0AATs8lhF0IcDQVK9VhgPQ,33.5083781,-111.9258659,67,[33.5083781,-111.9258659,33.5083781,-111.9258659],[161,28,65,17,29]
eA0N0NTkOxPB66YI7BYaYA,33.4770236,-112.073629,5,[33.4770236,-112.073629,33.4770236,-112.073629],[109,38,48,39,11]
0Betmnrp8P6JqhNnTqDCRg,33.3034101,-111.8581996,2,[33.3023282,-111.873637,33.304492,-111.8427622],[212,26,43,11,7,292,142]
dAthsgqH0iOXBglmvV5rvg,33.54800415,-112.23056815,4,[33.4573393,-112.3933033,33.638669,-112.067833],[168,41,11,7,194,108,119]
ox3MwynubI9wM4fj8TXpmQ,33.5014225,-111.9200294,2,[33.5014225,-111.9200294,33.5014225,-111.9200294],[155,54]
2zhM5ltP5FF6Npb_Ja9dyQ,33.4320859998357,-111.864777803421,2,[33.4320859998357,-111.864777803421,33.4320859998357,-111.864777803421],[30,8,13,6,7,110]
KckzOFAk7YokMHTyqLvpIw,33.505579499999996,-112.07015340000001,11,[33.455863,-112.09925,33.555296,-112.0410568],[168,26,11,119,120,27,84,6,166,339,126,97,212,63,192,140,88,298,39,38]
RixpjJjJRhcdt4IxKz3P2w,33.5020036165904,-111.928035020828,1,[33.5020036165904,-111.928035020828,33.5020036165904,-111.928035020828],[168,99,11]
_r233CP60yEM4tvHDR37Tw,33.4399403,-111.9274148,1,[33.4399403,-111.9274148,33.4399403,-111.9274148],[72,287]
PCyFIFvFCrKgINztGjNyEg,33.348908,-111.874796,2,[33.348908,-111.874796,33.348908,-111.874796],[88,38,39,298,11]
Z1HxgIDFnaMJDileYeeI1Q,33.470353,-112.06844,3,[33.470353,-112.06844,33.470353,-112.06844],[54,55]
I1g6PbC0XQs2MD_-h9L7LQ,33.493947,-111.922301,9,[33.493947,-111.922301,33.493947,-111.922301],[28,17,29]
BsvtMYxXhpS0APi9CMDgFw,33.52333885,-111.98219879999999,177,[33.4194512,-112.0687564,33.6272265,-111.8956412],[7,47,48,11,38,88,39]
eFY6bJpTcpZPXK_2tuOj_A,33.46778325,-111.9883665,200,[33.4329724,-112.0724302,33.5025941,-111.9043028],[182,99,11,26,6,21,224]
2JnHNk1RxNH1O2h3yw0ETQ,33.6706548,-112.2029218,3,[33.6706548,-112.2029218,33.6706548,-112.2029218],[7,108]
x46c5z1ldZHuYcLlrIf1nA,33.4746046,-112.00892215,18,[33.4368906,-112.0741143,33.5123186,-111.94373],[7,108,119,99,11,57,39,145,109,38,63,48,8,26,128,33,142,24]
cSgy4HsMc7GHYhD0s0ZsNA,33.421657,-111.944749,1,[33.421657,-111.944749,33.421657,-111.944749],[7,36]
ydNFYMs95yRyLgXADwPl1Q,33.533525,-111.965872,2,[33.533525,-111.965872,33.533525,-111.965872],[265,11]
l10Z3-aGfOokEutif0niag,33.62460405,-112.207238,12,[33.6101798,-112.225396,33.6390283,-112.18908],[26,11,7,189,10,24,27]
rlPEDCtrJQ_w8NWefr47NQ,33.507765,-112.08781250000001,2,[33.449188,-112.098425,33.566342,-112.0772],[126,97,172,11]
ThZw3MFhwjxU4bjeFL3Pcg,33.48425985,-111.92564544999999,5,[33.4659256,-111.9296765,33.5025941,-111.9216144],[26,11,99,126]
xBfzrzySwmogGGbNoTHAgg,33.45395545,-111.94868539999999,31,[33.2333299,-112.0736348,33.674581,-111.823736],[97,11,119,109,38,48,39,24,99,337,32,265,33,90]
v9Fp-PajpDKI11fJwb3IEg,33.39429905,-111.9215585,11,[33.3072791,-112.151114,33.481319,-111.692003],[11,63,168,26,99,28,17,29,49,178,18,39,38,48,128]
XHue0FWZvtXnsMsDIjPQcA,33.419779649999995,-111.92478299999999,4,[33.413399,-111.939838,33.4261603,-111.909728],[38,39,205,11,99,128]
JW9m7KU5QAESEWv4OKBHSA,33.45306395,-111.960521,17,[33.392643,-112.047693,33.5134849,-111.873349],[33,44,11,120,26,96,72]
9y7Ni5EInmU20ySEs8ymyw,33.421552250000005,-111.9960863,16,[33.3197625,-112.1001451,33.523342,-111.8920275],[251,43,11,27,33,117,57,327,4,5,6,10,126,97]
V758b0OO8E1LxuKRrGbNFw,33.62508425,-112.0192643,37,[33.425938,-112.1156244,33.8242305,-111.9229042],[11,63,26,48,185,99,10,7,36]
Q8rumFOKFM-BcR4cS3Fb-A,33.463225,-111.93955199999999,26,[33.2475,-112.072164,33.67895,-111.80694],[7,247,108,24,11,224,33,119,99,48,26,71,72,162,140,177,192,136,17,161,65,38,39,229]
84XhBgCd2yi1OMuKp934zA,33.512420407654204,-112.01229914999999,142,[33.421909,-112.0739136,33.6029318153084,-111.9506847],[7,98,10,9,11,309,285,244]
wvgrZfnzoqvXgjmRsoO7xg,33.7084086,-112.272659,1,[33.7084086,-112.272659,33.7084086,-112.272659],[27,11]
IrsaCOc33wEgU8VriaCd0g,33.58034635,-112.0983386,32,[33.4499,-112.2690587,33.7107927,-111.9276185],[26,11,49,102,103,52,265,99,322,57,7]
C5hDZleIfHtcXS9p4ZYBuA,33.36114300405795,-111.88574746758,71,[33.2125748081159,-112.0962274,33.5097112,-111.67526753516],[7,98,10,9,11,43,44,24,63,27,49,319,59,99,6,204,65,142,251,33,4,5,367,26,126,97,133,38,39,117,48,161,8,45,292,229,309,119,285,162,108,35,76,168,42,340,201]
R4Arglb6M2j6BbKZBY-fpg,33.634675349999995,-112.23484099999999,77,[33.633835,-112.235873,33.6355157,-112.233809],[185,11,24]
SXAaQxq374YDFD5-6lnaeg,33.477314500000006,-112.34865245,14,[33.4593423,-112.356892,33.4952867,-112.3404129],[33,44,11,49,28,178,17,29,39,38,99,128,63]
zes-tYxOLWpg2tbYzL-GQg,33.3843141623149,-111.756711602211,2,[33.3843141623149,-111.756711602211,33.3843141623149,-111.756711602211],[12,13,6]
5VnTqGce5Hf8FKQ9QY4p5Q,33.5040604,-111.95623509999999,25,[33.4974247,-111.9865579,33.5106961,-111.9259123],[38,265,39,11,352,177,140]
MAVKUoJCh522xWoqbtvZDg,33.50223205,-112.00814629999999,4,[33.495018,-112.0403946,33.5094461,-111.975898],[7,47,48,11,63,27]
lnP7h3slD1eM84GWuPys6w,33.42103565,-111.99744899999999,19,[33.304861,-112.067833,33.5372103,-111.927065],[49,66,52,38,251,39,40,11,7,108,119]
bveQ0KZMNXSXgDhr410KbA,33.3935197,-111.5998386,3,[33.3935197,-111.5998386,33.3935197,-111.5998386],[119,11]
ebCOe-Bavz5fYCVL716KIA,33.423823299999995,-111.92452589999999,11,[33.4146742,-111.944749,33.4329724,-111.9043028],[224,11,212,361,251,33]
epqjmEm2SOuNmQi15XrOYw,33.47048938598555,-111.8587659365235,4,[33.45168,-111.916537,33.4892987719711,-111.800994873047],[26,11,49,387]
FCaLhX_Cu4DH-5eOe_PWoQ,33.4360415,-111.9956337,1,[33.4360415,-111.9956337,33.4360415,-111.9956337],[28,240,241]
n6o5EZFOYsPkcqgXyNkC8w,33.4057405,-111.94361079999999,14,[33.389824,-111.9475246,33.421657,-111.939697],[88,109,38,39,32,95,222,99,11]
uVO-X-GyoZsw7BmVmG7Jyw,33.418293000000006,-111.9822455,98,[33.304861,-112.261226,33.531725,-111.703265],[38,168,298,88,39,11,48,224,6,32,302,110,1,141,285,185,63,33,99,44,40,265,127,129,175,332,79,121,7,15,108,191,292,101,128,120,12,61,13,114,27,212]
XNvsdCHUwsrDdVRsEpNOvg,33.45987145,-111.9268541,7,[33.4480659,-111.9270202,33.471677,-111.926688],[224,11,182,218]
qyeFxgEBumNAbGy61zF-zg,33.462744,-112.3581958,7,[33.462744,-112.3581958,33.462744,-112.3581958],[64,6,204,65]
2l8rt0DwFiD-UAb303c0Dw,33.510957338767696,-111.9997732967835,200,[33.491645,-112.073196,33.5302696775354,-111.926350593567],[48,11,109,38,265,39,63,140,40]
k9c8Sb58NmttrRlB9iwZhg,33.4218047,-111.9533039,4,[33.4218047,-111.9533039,33.4218047,-111.9533039],[33,119,99,11]
ux1nBPRbH_h9jl_wg04ROw,33.29342575,-111.8418052,3,[33.2847441,-111.842586,33.3021074,-111.8410244],[7,194,224,11,33,119]
H-BEkqEHD079fhqcQ_1QwQ,33.638405,-111.979837,12,[33.638405,-111.979837,33.638405,-111.979837],[30,4,13,6,160]
hVkQbDk61hmIi5iVm3IkZw,33.42280465,-111.9088891,67,[33.321864,-112.0915342,33.5237453,-111.726244],[88,38,39,40,7,49,108,193,59,24,11,98,172,210,181,48,26,4,5,6,57,69,119,47,127,201,145,79,121,182,139,137]
3Rv9pU5SSZlPXx9BVYZpHg,33.473386500000004,-112.23138259999999,3,[33.4377111,-112.4268472,33.5090619,-112.035918],[49,80,82,59,126,11]
y8qJqvcrwd16KINREI5JTw,33.55262336643505,-111.96048622250049,49,[33.4800404,-111.9797946,33.6252063328701,-111.941177845001],[27,48,24,11,28,17,29]
nCyr1AlucN2ZN9cZ1EA7cQ,33.392791,-111.807604,7,[33.392791,-111.807604,33.392791,-111.807604],[57,27,39,145,11]
VP9x_PAUYML3ZWIwCPTYdw,33.798073,-111.926458,1,[33.798073,-111.926458,33.798073,-111.926458],[26,11]
hFHeUJAtYk618_S8VwjrFw,33.49632345,-111.9779992121275,6,[33.4765807,-112.029562,33.5160662,-111.926436424255],[48,11,38,39,99,26]
6mxreFBfK6AB0kiqkIG5Ug,33.4003711,-111.97356055626,10,[33.3351559,-112.03119511252,33.4655863,-111.915926],[98,7,99,11,185,38,47,88,39,48,101,26,24,27,194,208,6,35]
wB-HG5r-pXS38dOXJg5U-A,33.5864346,-111.8349734,23,[33.5864346,-111.8349734,33.5864346,-111.8349734],[224,11]
eOHxACRWXUC1t4TfanUt7A,33.4926382,-111.926313,1,[33.4926382,-111.926313,33.4926382,-111.926313],[11,63]
F5w9TkVTLvAKFGptELOi8Q,33.32705405,-111.9738325,12,[33.305824,-111.991311,33.3482841,-111.956354],[96,72,71,177,140,11,43,26,99,49,312,57,146,91,208,6,35]
j0KVSX1QWLgjqVoYLjLqEA,33.43475,-112.00644,11,[33.43475,-112.00644,33.43475,-112.00644],[28,170]
kIICyT8b5MJanNVqjToI4A,33.5022311,-111.924255,2,[33.5022311,-111.924255,33.5022311,-111.924255],[126,97,307,11]
uVywgLchTCdLmlMV7yaWOg,33.5030185,-112.0999,1,[33.5030185,-112.0999,33.5030185,-112.0999],[251,11]
RYIcW3TskNcX13YVFfha2w,33.6729823,-111.8904749,107,[33.6729823,-111.8904749,33.6729823,-111.8904749],[27,11]
jNQNr11-gW1LxEGlonJKuw,33.478433,-111.996531,1,[33.478433,-111.996531,33.478433,-111.996531],[57,69]
1np8m00IO1XCsW5N8Z_72A,33.323662404057956,-111.84085376758,6,[33.2125748081159,-112.00644,33.43475,-111.67526753516],[11,63,28,170,10,24,265,7,148,138,8,139]
dUQ4_JCHtqBRAs8sJUo-IA,33.542167,-111.925061,10,[33.542167,-111.925061,33.542167,-111.925061],[38,128,39]
le5Y0XVbaUJpQ0IkZaJsTA,33.635724,-111.884144,2,[33.635724,-111.884144,33.635724,-111.884144],[72,184]
jzq8m3B6kW8TGwxgvLflWQ,33.4354634,-112.0069893,200,[33.4354634,-112.0069893,33.4354634,-112.0069893],[98,7,24,11]
O4VqoyRlZ4jcEaWWXx-sag,33.302973,-111.842536,6,[33.302973,-111.842536,33.302973,-111.842536],[98,7,24,11]
bc3SCW1ccSPWbmGtcpeExg,33.4951554,-112.0822129,1,[33.4951554,-112.0822129,33.4951554,-112.0822129],[224,11]
WqexWh_N1E9s41e1Q0ZCTw,33.4555814,-112.0736316,2,[33.4555814,-112.0736316,33.4555814,-112.0736316],[333]
RpMaIvO4JTEvh55UfU2qDw,33.5530823,-112.1256063,1,[33.5530823,-112.1256063,33.5530823,-112.1256063],[308,54,195,65]
6g-G_Mkl_eNT5Qn8sjzD1w,33.4673423,-112.2209537,30,[33.4673423,-112.2209537,33.4673423,-112.2209537],[99,265,11]
f6l-y78wa7xqzauwPbooTg,33.443990448681944,-111.930214,11,[33.30564,-111.99901,33.5823408973639,-111.861418],[33,11,224,64,65,26]
_J6wQsfK_2QMWxRLbLtxrw,33.443864,-112.070061,1,[33.443864,-112.070061,33.443864,-112.070061],[39,38,48,128,11]
qjygnNcjEWRrxKUeV92VtQ,33.6153679,-111.892415,3,[33.6153679,-111.892415,33.6153679,-111.892415],[6,155,54,156]
wM7VQJ2SXIQWEDTEokG99g,33.549353100000005,-112.09040755,125,[33.4608045,-112.2330497,33.6379017,-111.9477654],[33,44,11,57,470,145,39]
bcnAYXA0axwRwxo5wt287Q,33.5524145,-112.01228745,41,[33.42135,-112.0997689,33.683479,-111.924806],[48,11,198,23,109,38,39,119,33,177,140,24,7,108,65,133,27,63,26,142,430,6,45,161,49,51,219,218,41,181,40]
PO1H81tZBIjRK84sWpCsVQ,33.5711015,-111.95184885,27,[33.464349,-111.9953287,33.677854,-111.908369],[38,11,26,128,39,7,162,48,292,119,24,99,88,40,206,108,201,224,44,27,84,345,6,346,167,65]
0Kz7-hBrrtBTdKBpEqb6AA,33.510843351164496,-111.93972733103,200,[33.4150348,-112.0364736,33.606651902329,-111.84298106206],[322,28,57,190,223,11,7,313,292,169,470,145,39,56,119,26,38,181,229]
Pl8Z-vrOHKZaMfrYAWKDyw,33.4493238,-112.0718824,14,[33.4493238,-112.0718824,33.4493238,-112.0718824],[99,11]
LQODVvWTFfe7peg6b3gf6Q,33.798477,-112.066857,1,[33.798477,-112.066857,33.798477,-112.066857],[32,203]
DnnhOR2fRgTn7829OeFhRg,33.3889034,-111.8403127,3,[33.3889034,-111.8403127,33.3889034,-111.8403127],[39,340,38,11]
NfLyune1sAOVrHUAeQ9L-g,33.476048750000004,-111.9183434,58,[33.4542695,-111.927267,33.497828,-111.9094198],[168,11,352,48]
1VuITS4ERZ4fuPZHYja4Yw,33.417729699999995,-111.82414145,46,[33.383949,-111.843786,33.4515104,-111.8044969],[119,99,11,65,133]
BXRWIUONLsTvpG-ESWLEBQ,33.3585733,-111.88470758765,87,[33.2918072,-111.9466751753,33.4253394,-111.82274],[7,8,6,45,63,27,11,24,38,99,128,39,296]
581sTcCdZ3154zJamwqKsg,33.408304,-111.9256689,6,[33.392617,-111.942444,33.423991,-111.9088938],[99,11,38,168,298,88,39,33,117,48,57,145,101]
witSW_8O0DETVXEk0UW4RA,33.5963849,-112.1352697,2,[33.5963849,-112.1352697,33.5963849,-112.1352697],[25,6]
5u4_I_vrsJiXg-0ieQkKtg,33.40328485,-111.9443353,5,[33.2587342,-112.0474569,33.5478355,-111.8412137],[251,43,11,99,265,48]
6MycdED9HLVVrrtz4f0Jhw,33.505352849999994,-112.12002079999999,3,[33.4315119,-112.1839297,33.5791938,-112.0561119],[48,11,26,27,63]
djOWVr3n9ZE_ssgkvGaTqg,33.3216034,-111.9626175,1,[33.3216034,-111.9626175,33.3216034,-111.9626175],[126,11]
cTngfv34Cz1h5b3YJztysA,33.5854942,-112.013359,4,[33.5854942,-112.013359,33.5854942,-112.013359],[224,11]
G_4Y3xehWo89vWTgSMejJQ,33.4154351,-111.6938963,6,[33.4154351,-111.6938963,33.4154351,-111.6938963],[26,11]
VQ7nPLCcCGPITtp--GrUOQ,33.635724,-111.884144,76,[33.635724,-111.884144,33.635724,-111.884144],[72,184]
fyeY3Qqz-vAfKbv2cjniOw,33.569511500000004,-112.086771,4,[33.429487,-112.27311,33.709536,-111.900432],[26,11,7,43]
13HdCKY0kcmiC_lW3Z7QeA,33.5109055,-111.90765049999999,4,[33.447193,-111.911599,33.574618,-111.903702],[49,146,65,133,62,27,17,11]
2Efi9Xvl-I5-Eg674NGP_w,33.321266,-111.911648,1,[33.321266,-111.911648,33.321266,-111.911648],[43,11]
gy3ppWpEyN_yk1hFF7hAwg,33.4516715,-112.0733143,1,[33.4516715,-112.0733143,33.4516715,-112.0733143],[48,11]
JsnWMYYKYH1-nsXGR91OmQ,33.5020036165904,-111.928035020828,2,[33.5020036165904,-111.928035020828,33.5020036165904,-111.928035020828],[168,99,11]
QEPZq3EB-j4ElbGr_Fxldg,33.6399408,-112.0121172,2,[33.6399408,-112.0121172,33.6399408,-112.0121172],[78,79]
jeYq5h7hzm9RGda0BvIarg,33.604219549999996,-111.9584304,3,[33.5385767,-112.030859,33.6698624,-111.8860018],[71,72,354,154,251,11]
LSNWMSAOhZzrSRg2pPxA0Q,33.4237766269266,-111.908025741577,153,[33.4237766269266,-111.908025741577,33.4237766269266,-111.908025741577],[265,11]
P1OwxkbGZ6SdZs-Birg07A,33.5025941,-111.9296765,2,[33.5025941,-111.9296765,33.5025941,-111.9296765],[6,21]
NZNpCIEkzdUfdVlWKAp_mg,33.545329,-112.043169,1,[33.545329,-112.043169,33.545329,-112.043169],[26,17,18,11]
JyEnbdMb5E2QyXBKTBuxPg,33.4144356,-112.0077891,5,[33.4144356,-112.0077891,33.4144356,-112.0077891],[28,17,29]
WoiNKyV2LIAuPSbHUS2FzQ,33.4930514,-111.9339561,8,[33.4930514,-111.9339561,33.4930514,-111.9339561],[28,17,29]
MeOB5NvOPRZaHkO89Yr6ag,33.4315119,-112.0561119,116,[33.4315119,-112.0561119,33.4315119,-112.0561119],[26,11]
ULzroKSSU9pKiwK6-qJjqw,33.4657117,-112.0657286,1,[33.4657117,-112.0657286,33.4657117,-112.0657286],[26,11]
b74D_ZUTMg7Tb86yO2D0nw,33.677854,-111.978579,1,[33.677854,-111.978579,33.677854,-111.978579],[65,105,133]
bB3KKlu0lxN0e3vJMD5gzg,33.726807,-111.8531068,5,[33.726807,-111.8531068,33.726807,-111.8531068],[265,185,11]
89k681gvhM3FVzcS3jV8qg,32.99950925,-112.0705649,61,[32.974907,-112.090582,33.0241115,-112.0505478],[28,17,29,41,11]
ncGJflmR94CP1LuG1LNHMw,33.4803901,-111.9102319,1,[33.4803901,-111.9102319,33.4803901,-111.9102319],[185,11]
t7b5fghNqdVsODIQztn2yw,33.407162534253,-111.90964874703,4,[33.407162534253,-111.90964874703,33.407162534253,-111.90964874703],[117,11]
ePGgMrQ7JmBSeDUPsqioEA,33.5127699,-112.0740123,5,[33.5127699,-112.0740123,33.5127699,-112.0740123],[109,38,11,39,63]
2ujmwzummpvGHhtWpJJOBA,33.457249,-112.0712298,2,[33.457249,-112.0712298,33.457249,-112.0712298],[57,69,38,40,39]
zVNc8gzdfmuDcddIX5uHhg,33.56087635,-112.0402759,22,[33.4948197,-112.100731,33.626933,-111.9798208],[212,26,11,119]
2vH7TrQJ2HxuiAEnuJPpYg,33.5555237,-111.8987034,1,[33.5555237,-111.8987034,33.5555237,-111.8987034],[218,11]
O7LlFfU5iImfXuBB-pftyA,33.540758265954054,-112.005110048864,12,[33.2815660319081,-112.127874,33.7999505,-111.882346097728],[119,99,11,6,77,35,76,7,292,48,98,10,9,28,17,18,29,57,145,258,39,126,65,133]
fNfLXX_ce2TQPrdHCqPzZQ,33.446287153793,-111.849447775485,130,[33.220784807586,-112.1156244,33.6717895,-111.58327115097],[27,11,12,13,6,22,274,7,142,292,139,202,72,281,98,24,38,273,39,26,265,288,31,32,314,119,99,49,52,63,57,69,56,28,17,29,10,9,36,30,48,225,113,116,109,33,43,194,169,351,46,47,128,185,126,200,341,313,108,41,8,21,81,54,439,322,145,177,137,212,229,117,375,65,133,104,204,258,40,115,470,64,327,192,84,339,114,14,15,191,190,140]
HZt4etUhumjchiwvyfUbeQ,33.413274,-112.059405,2,[33.377348,-112.0696,33.4492,-112.04921],[27,11,7,108,119]
Ho-mq-fpaKltu44fUjkamA,33.4655863,-111.9279622,6,[33.4655863,-111.9279622,33.4655863,-111.9279622],[7,24,47,27,11]
JhWVn2xiBruJVu0wiwMVqg,33.52607015,-111.93722395,114,[33.3828091,-112.2691041,33.6693312,-111.6053438],[7,139,382,11,32,203,33,142,120,49,193,59,63,109,38,265,39,84,86,168,169,80,46,13,6,30,54,324,48,212,26,224,78,79,55,242,195,65,133,8,218,21,292,10,98,99,182,128]
h7hE7x5lhbx8n4DADfHlhg,33.4953761,-112.0030783,1,[33.4953761,-112.0030783,33.4953761,-112.0030783],[84,6,21,359]
MU37FQamZakOSE8c8TlhGQ,33.610963,-111.927561,6,[33.610963,-111.927561,33.610963,-111.927561],[7,11,63]
AfdK49HoMd7ftTYonJsxCg,33.448775,-112.079564,24,[33.448775,-112.079564,33.448775,-112.079564],[57,39,145]
Gq4udzaMOX_0VbrIKCFqtQ,33.4237766269266,-111.908025741577,138,[33.4237766269266,-111.908025741577,33.4237766269266,-111.908025741577],[265,11]
7mqhV16NyehMAJlG6kX_WQ,33.444336172397,-111.9123795073975,38,[33.321061644794,-112.1008401,33.5676107,-111.723918914795],[99,11,26]
66DOBT6m3l3uf5o0-cBSBQ,33.420941,-111.966874,1,[33.420941,-111.966874,33.420941,-111.966874],[24,11]
l_25fEpQCdKJo4GZQGAiLg,33.4408405,-112.3165235,4,[33.370156,-112.577509,33.511525,-112.055538],[108,7,38,39,11,24,138,139]
Lcrmu5W1vUOzun2M5opBEg,33.5215644,-111.9760514,2,[33.4873935,-112.0532876,33.5557353,-111.8988152],[48,11,279,54]
yGhTkVx3O6uZNEQkx5x_Qw,33.4420495,-111.992005,22,[33.320666,-112.076727,33.563433,-111.907283],[38,48,39,11,63,126,7,162,108,98,27,128,117,54,55,122,57,56,6,250,212,293,177,140,36,142]
4MnVm1LWQ2ZXso4ORe_fZA,33.4186589,-111.9746839,31,[33.327278,-112.0912518,33.5100398,-111.858116],[57,145,38,39,40,48,11,12,114,13,6,115,265,99,120,33,119,56,186,177,140,24,212,43,143,27,26,251]
Hnv1vKvOlAbRni7tAhHzJw,33.335767,-111.687299,2,[33.335767,-111.687299,33.335767,-111.687299],[28,17,29]
GtKx5zjZyqRporjT7MrmSA,33.378062078969,-111.93822637872,4,[33.378062078969,-111.93822637872,33.378062078969,-111.93822637872],[7,108]
ez6Gqa_hpuwSMBIK6tpzZQ,33.4944583,-112.0997608,1,[33.4944583,-112.0997608,33.4944583,-112.0997608],[71,72]
6_cDyXmu_P0yRurzBEosqA,33.713107,-112.113011,1,[33.713107,-112.113011,33.713107,-112.113011],[182,48,140,11]
lVKz3QdzpCfYYvm-6_W3NA,33.37033405,-111.9063355794935,6,[33.362444,-111.936532258987,33.3782241,-111.8761389],[89,11,177,15,6,191,49,417,80,231,59]
ASFr8VLPJqVrdfLYPNZ7rg,33.49447,-111.924226,4,[33.49447,-111.924226,33.49447,-111.924226],[38,39,28,17,29,11]
gP-l_Gb8PWTsqupoKqsccQ,33.55956105,-111.955242420225,59,[33.3210491,-112.0741625,33.798073,-111.83632234045],[43,11,26,251,182,48,140,109,38,39,27,218,41,323,285,185,168,40,63,99,42,223]
KVYEjEFmaUd8bLJNnoj6uw,33.54572665,-112.01862925,13,[33.4514309,-112.1113493,33.6400224,-111.9259092],[309,119,285,11,7,162,48,177,140,43]
nNsO-duwxhxlcxoblV3Mhw,33.6459785,-111.9170571,4,[33.6459785,-111.9170571,33.6459785,-111.9170571],[33,265,11]
xDRjF5yS30MISvifsmuYFQ,33.4446614,-111.8715899,11,[33.380586,-111.9953195,33.5087368,-111.7478603],[49,80,82,59,11,63,192,90,32,314]
h9BNKfe4thhrX1YP8nu15Q,33.52392815,-112.1250737,6,[33.4354553,-112.18441,33.612401,-112.0657374],[309,285,11,26,63]
TUdFSn-HscK6nZVaJlNpAw,33.513697188158,-112.07341192283,5,[33.513697188158,-112.07341192283,33.513697188158,-112.07341192283],[48,11]
dmDge9hDL_EusnS1_HIByw,33.413158,-111.875779,176,[33.413158,-111.875779,33.413158,-111.875779],[196,11]
TRmQXHCMg7wrVxDKl974Bg,33.55507045,-111.89957695000001,5,[33.5546172,-111.9004505,33.5555237,-111.8987034],[218,11,99]
9X1Pd1Sq9KcMreZyq7PGtA,33.2504097,-111.6341365,1,[33.2504097,-111.6341365,33.2504097,-111.6341365],[168,11]
xIGZqwHqEdleLtEcKlWuHQ,33.49104785,-112.00533490000001,9,[33.487276,-112.030849,33.4948197,-111.9798208],[119,11,120]
IesljAJj3q9-qH9pm1h8VQ,33.34206965,-111.90266305,6,[33.3202484,-111.9131101,33.3638909,-111.892216],[26,11,7,142]
RSPGzQX39eTQ0Cdp17KS7w,33.3754715,-111.94927150000001,9,[33.299873,-112.055957,33.45107,-111.842586],[126,11,8,26,7,138,139,33,119,168,97]
kk0M97Mcx96hGipjki29dQ,33.5386441,-112.0986063,1,[33.5386441,-112.0986063,33.5386441,-112.0986063],[26,11]
mD1ulerHM-6jFo2fMWqzdw,33.6205439,-111.91801,21,[33.6205439,-111.91801,33.6205439,-111.91801],[28,271]
Sm53KPY5o66rC5TXFFMI3A,33.479705,-112.2579442,2,[33.479705,-112.2579442,33.479705,-112.2579442],[43,11]
JnDcxjJPCm4LbDF72l4nqA,33.5051821226121,-111.988808533354,3,[33.4874196,-112.0697308,33.5229446452242,-111.907886266708],[49,50,52,106,54]
PuR5j1Eg9eQ0rgqf41sOiA,33.507962,-112.028682,1,[33.507962,-112.028682,33.507962,-112.028682],[95,374,32,164]
LZ8bl-TpVx74NjyJEtHZ5g,33.275588,-111.84261835000001,2,[33.2464762,-111.8428373,33.3046998,-111.8423994],[11,63,7,142]
QEk_x7oWA21-7EpfgAMsAA,33.44331455,-111.89936405,7,[33.384398,-111.9398551,33.5022311,-111.858873],[88,38,39,298,11,126,97,307,185,26,119]
N8FjTaUo3fF3nE4W4EusbQ,33.5592449,-111.98300695,2,[33.5065554,-112.0388616,33.6119344,-111.9271523],[267,182,172,11,108,7,139,137]
6agvIhpGlgV0MBKb6UL4uw,33.3344463,-111.8463705,2,[33.3344463,-111.8463705,33.3344463,-111.8463705],[377,323,11]
lU3iNbuwbkTJaZZUlcV9eg,33.4503592,-112.2744769,2,[33.4503592,-112.2744769,33.4503592,-112.2744769],[235,32,90]
aaXv9udLUCDnyMWh1hA2Ow,33.53730995,-112.26032860000001,113,[33.5324849,-112.2603562,33.542135,-112.260301],[99,11,28,17,29]
M1Rg7XBm5Jv2UI1rE1Frhg,33.5097768,-111.9957399,1,[33.5097768,-111.9957399,33.5097768,-111.9957399],[38,48,39,11]
f7_ESzdPC-IbjDhDtXN73w,33.42135,-111.924806,57,[33.42135,-111.924806,33.42135,-111.924806],[244,172,11]
