tF3hDgKfuAEWm26edLjKpQ,33.5531735,-112.00014685,6,[33.427732,-112.0570577,33.678615,-111.943236],[26,11,7,99,47,48,292,142]
0YifiFGpDyel027itcHnXw,33.61755135,-112.16879885,3,[33.5963281,-112.1709674,33.6387746,-112.1666303],[44,24,11,99,120]
cxMDMb71JkqkoknVm62lVg,33.676079,-112.1105113,4,[33.639913,-112.1191236,33.712245,-112.101899],[117,11,99]
xJy2_UKDGZegVNyyW6H_3g,33.3926383,-111.9110915,1,[33.3926383,-111.9110915,33.3926383,-111.9110915],[7,108]
-pkSexE7LgNo3ZXPVHrBhg,33.276540499999996,-111.85896775,4,[33.25107,-111.8753205,33.302011,-111.842615],[109,38,48,39,11,49,99,178]
9pn3fWdbLLQpDXHUv5gU0A,33.3466066,-111.772139030258,13,[33.31081,-111.791284,33.3824032,-111.752994060516],[8,6,116,7,36,113,11,44,119,48,212,26,63,27]
9jAGh1-u0eyguTQncljuhQ,33.5958042,-112.2226374,1,[33.5958042,-112.2226374,33.5958042,-112.2226374],[251,11]
DZdK1KeDdOylz7TOscNIxA,33.625502850000004,-112.11144974999999,2,[33.6108071,-112.1525131,33.6401986,-112.0703864],[64,65,175,129,79]
q9q8s9l0aEyqLhNUdvzylA,32.8773814,-111.7536705,12,[32.8773814,-111.7536705,32.8773814,-111.7536705],[119,24,11]
0Ur5nkVzxjS_iXgtJttcyA,33.6409728,-112.1179247,1,[33.6409728,-112.1179247,33.6409728,-112.1179247],[57,69]
XNbE5peCGX2H5Gv_4hps5Q,33.624036015123,-111.928024291992,3,[33.624036015123,-111.928024291992,33.624036015123,-111.928024291992],[206,11]
fL9qw4HaSEXyNz_dkmvW-Q,33.535651599999994,-112.16468445000001,15,[33.4315119,-112.273257,33.6397913,-112.0561119],[33,11,26,6,204,65]
3b7nEqEsggBl_2P-Pg4NmA,33.65208,-111.986352,1,[33.65208,-111.986352,33.65208,-111.986352],[413,32]
lwdWD0ncHkbnEtxr1_14YQ,33.274698,-111.8602,1,[33.274698,-111.8602,33.274698,-111.8602],[1,199]
ivFOfAlY_dpyHHWKFgyVXQ,33.4871494,-111.9934069,4,[33.414345,-112.0737828,33.5599538,-111.913031],[192,11,377,26]
pd0HLV0NoNZI8lgDp8x4ww,33.3366819,-111.8589887,2,[33.3366819,-111.8589887,33.3366819,-111.8589887],[26,11]
Q2Jsv4VgaCsuvfOd0JD5yA,33.37767305,-111.9485348,9,[33.333612,-111.95738,33.4217341,-111.9396896],[99,127,11,43,119]
zSLJxOfdnRtyMrVDFTMxRQ,33.499499,-111.927402,11,[33.499499,-111.927402,33.499499,-111.927402],[48,11]
bIYNgJDNeLZvTQDVTTDa4A,33.4855165,-111.99448235,23,[33.449233,-112.065458,33.5218,-111.9235067],[28,17,29,38,48,11,128,39,27,119]
fQZymhy8n3JcC1301ABMAg,33.5222185,-111.9595033,34,[33.5222185,-111.9595033,33.5222185,-111.9595033],[28,17,29]
ZQDeomNCA8LuAC86PuWidw,33.4986978,-111.9262675,1,[33.4986978,-111.9262675,33.4986978,-111.9262675],[126,11]
mCT1FOL5yLMN38FTJggiwA,33.43065,-111.843711,7,[33.43065,-111.843711,33.43065,-111.843711],[6,21]
u6d9dhHbPycGTnWPVsDZsA,33.5093736,-112.0409502,3,[33.5093736,-112.0409502,33.5093736,-112.0409502],[39,38,99,128,11]
JHRr3FeXZXW2mbTfaoAG2g,33.4482331,-112.0737845,13,[33.4482331,-112.0737845,33.4482331,-112.0737845],[49,80,59]
jYWOsUU7j3vMsTd1Ut90Rg,33.2815660319081,-111.97295665741,5,[33.2815660319081,-111.97295665741,33.2815660319081,-111.97295665741],[57,145,258,39,28,17,29]
2LdmDvRyrXgFsVL1KoRfRA,33.6061505,-112.0654131,14,[33.499504,-112.2029352,33.712797,-111.927891],[7,9,10,11,63,26,48,24]
Y9Vq3obpp6bZRG5D8DQVeg,33.431043,-111.9392393,7,[33.431043,-111.9392393,33.431043,-111.9392393],[32,291,84,199,159,1]
PhwgVPqpJlxu40AxAOUBbg,33.6183225181719,-111.9506202747375,200,[33.4033669363438,-111.973214149475,33.8332781,-111.9280264],[99,11,28,17,29,65,158,161,7,108,48]
qbzVVyk9w84pG5mfYU6fng,33.5898141,-112.15556525,22,[33.5531196,-112.204539,33.6265086,-112.1065915],[224,11,27,49,161,65,231,233,80,59,82]
1GGrSk0VdMQ9ThX1iau5cg,33.477262028689196,-111.99979706849649,6,[33.4566960573784,-112.072327136993,33.497828,-111.927267],[119,11,352,48]
UZ_Uq9XGzMViO9474Obabw,33.318440100000004,-111.905491,3,[33.3022462,-111.913015,33.334634,-111.897967],[43,11,46,6]
d3rsz09litqwVDGC6egItg,33.58716455,-111.990943,9,[33.4964751,-112.09836,33.677854,-111.883526],[26,11,7,142,340,210,99,27,109,38,39,440]
ipogAKEKMsZ-CsbQ7CGt5A,33.4150462,-111.8733645,3,[33.4150462,-111.8733645,33.4150462,-111.8733645],[65,133]
40FoHJuymZm8FgI5Bc1HwA,33.5086952779617,-111.927080154419,200,[33.5086952779617,-111.927080154419,33.5086952779617,-111.927080154419],[99,11]
Z4zWKygyEfgs0eP7UkNroQ,33.5083056,-111.97798565,32,[33.500545,-112.029562,33.5160662,-111.9264093],[161,28,65,17,29,99,11,119]
82IMwHfXtr8bjidycFMyIA,33.49582910785445,-111.9911634922025,14,[33.4537869019623,-112.055160999298,33.5378713137466,-111.927165985107],[182,172,11,63,27,24]
5-2JHDnSsoSaoRKDHPeTtQ,33.51594240701305,-112.0247323,47,[33.3775316,-112.1897722,33.6543532140261,-111.8596924],[26,11,27,63,7,138,139,97,33,38,39,43,119,212,309,120,182,48,140,265,109,219,218,149,142,194,181,40,36,99,404,483,153,62,17,10,185,177,285,210,224,24,41]
Y3-_VW3uhlJt_ODg1aqOHg,33.5655132,-111.98518385,10,[33.4556958,-112.0740398,33.6753306,-111.8963279],[7,36,8,247,322,57,39,145,119,11,24,218,41,38,48,40,26]
wlwp0BDSVE79nIo2dphSIw,33.43475,-112.00644,32,[33.43475,-112.00644,33.43475,-112.00644],[28,170]
NLni_-0clvu7xoHISwhSNw,33.4803883,-112.0603538,4,[33.4691316,-112.073196,33.491645,-112.0475116],[26,11,43]
LWAZxNJqQGLFEiO0ccMLgA,33.3717278861375,-111.89534530051401,7,[33.233464772275,-112.103239,33.509991,-111.687451601028],[43,11,109,38,48,39,340,201]
Cfki5aAyrFwqO38Y1eCeyw,33.427732,-111.943236,63,[33.427732,-111.943236,33.427732,-111.943236],[26,11]
hU9b1gVEG8jHMgYspd-Nug,33.472015,-111.9263479,84,[33.362444,-111.9402788,33.581586,-111.912417],[27,11,63,98,7,24,182,48,140]
XTlbUWpiBdm6V6FMwoDYag,33.4473356,-112.0734239,2,[33.4473356,-112.0734239,33.4473356,-112.0734239],[38,99,128,39,296,11]
cy0grqOhtaOBirSwMNhWaw,33.4511945,-112.0000508,18,[33.4511945,-112.0000508,33.4511945,-112.0000508],[265,185,11]
_v3rSWQNbfxayqyNGCy4bw,33.4117290269766,-111.9294307,10,[33.3931628,-111.950803,33.4302952539532,-111.9080584],[192,11,224,32,291,84,199,159,1,7,189,10,24,404,451,182,48,140]
6oDX05oHe_vG3EomghoOPQ,33.4882437,-111.90567899999999,2,[33.4327837,-111.9062854,33.5437037,-111.9050726],[43,11,168]
IIXXXi4Wuo_UPkN-XEN4FQ,33.638977749999995,-112.0490193,8,[33.6157075,-112.1883568,33.662248,-111.9096818],[24,11,155,54]
XcNkbDodXItvSYu7PtP3cg,33.4240207,-111.93982685,3,[33.423991,-111.9400717,33.4240504,-111.939582],[38,26,39,11,99]
YVYq9Gd7noSUDaWPUPgHgQ,33.3471812,-111.817959232666,14,[33.2812044,-111.875779,33.413158,-111.760139465332],[7,138,11,251,139,24,43,26,44,168,42]
nTpprsKsqK4pE9dgwdJodg,33.543654882497506,-111.955209525065,4,[33.5006532,-112.0739689,33.586656564995,-111.83645015013],[27,11,63,24]
zL4yPZ4WQvDgJU4IpQOhGg,33.5612589,-112.1156244,4,[33.5612589,-112.1156244,33.5612589,-112.1156244],[48,185,11]
JUM4K4ycYHNMTC3ym9IzwQ,33.539762499999995,-111.96604121168599,4,[33.533525,-111.96828,33.546,-111.963802423372],[137,7,139,24,11,161,28,65,17,29,119,127,265]
lwpHMcCoeuwWpoCARlSQFQ,33.67788987633855,-111.945233345032,3,[33.6765685033475,-111.965789794922,33.6792112493296,-111.924676895142],[33,99,11,27]
HY9A-ShZQ1MvdFvEhNY4LQ,33.868913,-112.150449,1,[33.868913,-112.150449,33.868913,-112.150449],[112,248,6,173]
BH0h6NgDWu33ntH4WEFy1A,33.449233,-112.065458,138,[33.449233,-112.065458,33.449233,-112.065458],[27,11]
Sgv9qFkfyVtp72aad7ulXw,33.6032427,-112.5016551,200,[33.6032427,-112.5016551,33.6032427,-112.5016551],[49,28,506,52]
udIDbfMFP0zE9jlrpIh58w,33.4938414,-111.9268138,1,[33.4938414,-111.9268138,33.4938414,-111.9268138],[27,11]
w6VmsIvCdqWu53H0_pPYbQ,33.248218,-111.647354,1,[33.248218,-111.647354,33.248218,-111.647354],[106,54,107]
mTee424bU1YJMftJCwWIpQ,33.78278895,-111.8948475,2,[33.731871,-111.936832,33.8337069,-111.852863],[48,11,168,265,307]
fDrV0w95wXGZLFTm0HpzOw,33.492962,-111.927751,3,[33.492962,-111.927751,33.492962,-111.927751],[224,11]
8WDJRnfsLW--ffoeOCQM6A,33.5822084,-111.9216835,1,[33.5822084,-111.9216835,33.5822084,-111.9216835],[119,11]
Xj8_uH9j98szzpcM_9E6Pw,33.44912255,-111.933555,30,[33.4194512,-111.951184,33.4787939,-111.915926],[98,7,24,11,251,38,47,88,39,48,27]
c1DnIzJfCPKL0AUyFwEZWQ,33.45012745,-111.9753671,20,[33.3180465,-112.17908,33.5822084,-111.7716542],[206,11,167,65,119,7,292,63,57,99,91,185,33,142,26]
4pf1c_P5zyd7nw0tbvMXZw,33.3774019,-111.908621,1,[33.3774019,-111.908621,33.3774019,-111.908621],[7,108]
BgIFCMaF5wefV0cpUbsPsw,33.44456325,-112.0899256,2,[33.4238102,-112.2416908,33.4653163,-111.9381604],[26,11,88,38,39,24]
W7Wyu4Fau5w6TKHQpmPM2A,33.49602275,-112.0484955,32,[33.4803718,-112.07643,33.5116737,-112.020561],[11,63,210,38,143,293,39,140,40,48,28,17,29]
xwcvsSC8Virgl7CveVvB4w,33.43475,-112.00644,200,[33.43475,-112.00644,33.43475,-112.00644],[28,170]
yZRbrS79HYOPZ6a-oiuwAQ,33.8000606,-111.9280364,2,[33.8000606,-111.9280364,33.8000606,-111.9280364],[48,11]
FgpukW0i4Dp239pCzE0qyA,33.50162505,-111.9977851,97,[33.4938414,-112.0687564,33.5094087,-111.9268138],[88,7,38,47,39,27,11]
6dDaq4bzuIyS-RfUYGuHgQ,33.458029499999995,-111.96960985,67,[33.4216,-111.9953287,33.494459,-111.943891],[7,8,247,38,99,88,39,40,11]
V-xWBJJzY-k-Id8Zbzu14w,33.5090842324975,-111.950722375065,15,[33.4315119,-112.0649946,33.586656564995,-111.83645015013],[26,11,6,65,112,151,204,300,27,137,7,139,39,38,99,128]
v6CGBT0OoLRht9dzo7vaXg,33.56635165,-111.90032955000001,129,[33.300506,-112.0476381,33.8321973,-111.753021],[7,24,47,27,11,63,26,10,99,17,152,229,39,127,48,38,88,117,181,182,140,108,128,101,57,91,89,212,126,293,185,292,265,189,192,54,242,238,97,68,366,40,177,36,109,142,273,55,122,307,33,298,361,260,259,296,119,172,8,162,224,49,80,82,59,145,28,29,120,309,285,103,158,465,6,250,163,13]
IJWMHet9JY_DysAUp3hFjw,33.464653,-111.98644,96,[33.464653,-111.98644,33.464653,-111.98644],[28,17,29]
4U9kSBLuBDU391x6bxU-YA,33.498028,-111.927951,200,[33.498028,-111.927951,33.498028,-111.927951],[63,27,11]
DUAe3ArTENasfbKjew7QiA,33.4217923,-111.951184,1,[33.4217923,-111.951184,33.4217923,-111.951184],[98,7,24,11]
zaU8PcfO0UkqdFS_APB5_A,33.8256856,-111.9231492,1,[33.8256856,-111.9231492,33.8256856,-111.9231492],[177,140,11]
yXltZVmfksC9GiUnewDC7A,33.5576032,-112.10033834999999,6,[33.4492414,-112.203707,33.665965,-111.9969697],[38,39,40,11,63]
4v0yhd9qvE3U0FtXOf_H6A,33.49506325,-111.92590935,3,[33.4922985,-111.927267,33.497828,-111.9245517],[352,48,11,210]
BpixBbjot5Wl8brVj5hT-Q,33.4444831,-111.97538445,28,[33.321269,-112.1609791,33.5676972,-111.7897898],[38,143,39,265,99,11,109,27,7,108,48,43,177,140,24,41,130,32,49,193,59,210,26]
SAEFBBHtHVrLlngrx49TYQ,33.6216076,-112.0310202,1,[33.6216076,-112.0310202,33.6216076,-112.0310202],[64,65]
TPj2H2OD4mEyxIjRTbFagw,33.5332204,-112.06479025,55,[33.3345698,-112.3912643,33.731871,-111.7383162],[382,11,126,97,63,307,212,43,6,204,65,48,224,7,8,161,28,17,29,108,33,57,470,145,39,327,265,99,116,36,62,113,182,194,38,119,109,24,157,103,168,15,191,279,54,181,27,47,30,13,85,87,120,4,49,59,12,193,160,64,114,37,32,203,26,18,96,72]
yKYY9HMRDpWPl4E10U7WBg,33.505875200000006,-112.0910503,3,[33.4951554,-112.0998877,33.516595,-112.0822129],[106,54,107,224,11,181]
sYzvJEDTt4sxaxvMbtK7Zw,33.550330450000004,-111.94337245,70,[33.5336234,-111.96828,33.5670375,-111.9184649],[161,28,65,17,29,119,127,11]
mLQ2AgBGevBslf52JnkiAw,33.4930514,-111.9339561,5,[33.4930514,-111.9339561,33.4930514,-111.9339561],[28,17,29]
jpmVHF6Kvmr_BQQOEXq12A,33.4351659963261,-111.866054534912,9,[33.4351659963261,-111.866054534912,33.4351659963261,-111.866054534912],[26,11]
A4OSs01clCb6WttuHET-tw,33.55454335,-112.00069174999999,8,[33.5019817,-112.073765,33.607105,-111.9276185],[26,11,63,38,48,39]
g2nXIMRQCIb2ITPNvwuQwA,33.421315,-111.917022,3,[33.421315,-111.917022,33.421315,-111.917022],[39,57,293,402]
jLCs6KA79xRjdAghhmTlwg,33.421315,-111.917022,1,[33.421315,-111.917022,33.421315,-111.917022],[39,57,293,402]
pHSj0I3fHWqyvAhGLx7y8g,33.3777355,-111.9709188,1,[33.3777355,-111.9709188,33.3777355,-111.9709188],[26,11]
mQb1W-yFIjVVuilCeuBOBw,33.499735,-111.9235067,1,[33.499735,-111.9235067,33.499735,-111.9235067],[38,48,11,128,39]
FLPQJhAULZ7ilOUPiP_kGw,33.394432,-111.875578,2,[33.394432,-111.875578,33.394432,-111.875578],[7,292,108]
CSCkJIG5EbXidAYFasdpUQ,33.5090619,-112.035918,1,[33.5090619,-112.035918,33.5090619,-112.035918],[49,80,82,59]
8GEVI2ed2dTW4_qYjYLfGA,33.489929950000004,-112.055402,52,[33.304861,-112.226631,33.6749989,-111.884173],[26,11,7,108,24,32,95,222,127,292,182,218,48,140,221,38,39,40,119,307,6,250,137,8,139,120,155,54,156,212,126,43]
2uwlUXtK87VyauSkNpF2GQ,33.47916775,-111.99259585,6,[33.4423345,-112.0744503,33.516001,-111.9107414],[251,11,112,6,254,212,54,55,122,38,39,40,57,145,48]
Fbf1TQqaubnPjzljDiP8-A,33.6371726,-112.2354666,4,[33.6371726,-112.2354666,33.6371726,-112.2354666],[57,145,205,39,48,11]
Pp-T524lINokAcXw3qODKw,33.463543,-112.341878,2,[33.463543,-112.341878,33.463543,-112.341878],[126,97,11]
hNAtvYe9fBtjltgKrRSARw,33.5222185,-111.9595033,20,[33.5222185,-111.9595033,33.5222185,-111.9595033],[48,11]
O6LS4ZwqYysNoISlFQfF7Q,33.475071772397,-111.9810129573975,70,[33.321061644794,-112.238107,33.6290819,-111.723918914795],[99,11,38,128,39,48]
fvA9uUWxND1qqX3dHIVsYQ,33.49590455,-111.92597685,63,[33.4922985,-111.927402,33.4995106,-111.9245517],[210,11,109,38,39,440,48]
sW64id1Q713niIaCchRKeg,33.507683549999996,-112.0134889,3,[33.5058219,-112.0413088,33.5095452,-111.985669],[49,58,57,56,59,321]
GgntaIPBbyuUIyXZsjGWOw,33.4518867,-111.92447325,2,[33.4366655,-111.9403254,33.4671079,-111.9086211],[285,185,11,33,48]
lklyR7fz2oTr3QmqBUbcaA,33.52365718047875,-111.9228882895155,5,[33.3497113609575,-111.929925579031,33.697603,-111.915851],[7,108,338,201,11,104,105,65,99,119]
MVfGPAdgtObvea3L0cHx7g,33.3045866,-111.9006511,2,[33.3045866,-111.9006511,33.3045866,-111.9006511],[99,11]
LSf-AF1UzGV4viB9LgoNjA,33.50140565,-111.99382835,25,[33.3778998,-112.1164668,33.6249115,-111.8711899],[49,80,82,59,26,11,126,97,172,168,169,182,48,140,212,119,201,24,44,285,46,6,39,205]
lsmxoikukNsd0dQFN4fYpQ,33.673667,-111.8892551,2,[33.673667,-111.8892551,33.673667,-111.8892551],[17,62]
fl3mDJ62rLlKIdF39Lv8MQ,33.50095440656155,-112.0374784118395,6,[33.4342431131231,-112.1490084,33.5676657,-111.925948423679],[149,97,11,7,108]
PwVkjWri9euI8ZPxT3h-Gg,33.270887253793,-111.686583575485,11,[33.220784807586,-111.789896,33.3209897,-111.58327115097],[7,162,190,28,140,11,142]
QsoZPdnTyiyeHES2tz77CQ,33.34815905086,-111.9637082206,9,[33.34815905086,-111.9637082206,33.34815905086,-111.9637082206],[185,11]
Jdip8JA5NA5e4UJgGkvXPw,33.489522,-112.030564,21,[33.489522,-112.030564,33.489522,-112.030564],[26,11]
cjXZev4K5CpLXSzESsjy0A,33.638669,-112.231662,2,[33.638669,-112.231662,33.638669,-112.231662],[168,41,11]
BRFD4b2jeetT2kt0j-pD7A,33.509578,-112.060185,1,[33.509578,-112.060185,33.509578,-112.060185],[63,27,11]
7KXBVMWEyRxlcCpb_umtHg,33.32623795,-111.89062200000001,12,[33.081722,-112.089241,33.5707539,-111.692003],[11,202,72,49,178,17,18,48]
EDKOkhhm61VpcbK_nn-Tkw,33.6262751,-112.0198194,4,[33.6262751,-112.0198194,33.6262751,-112.0198194],[84,336]
DDad5K6GNA0sXB7N1OB6wg,33.41597745,-111.913344,76,[33.261388,-112.0999,33.5705669,-111.726788],[185,11,48,117,214,127,285,373,251,153,182,218,26,24,7,108,338,63,27,162,43,149,8,97,212,192,126,311,138,139,292,449,224,352,119,265,98,206,99,42,196,430,47,440,260,10]
20A_aQKcQI88MJ5yP32yMg,33.496028,-112.022231,2,[33.496028,-112.022231,33.496028,-112.022231],[39]
10w2lxkgOsmequYYvOa1ig,33.43475,-112.00644,200,[33.43475,-112.00644,33.43475,-112.00644],[28,170]
OeT8bOoiLo3Pyuj36Qbf7g,33.369872,-111.789386,2,[33.369872,-111.789386,33.369872,-111.789386],[224,11]
DU4k-z7OYUGJVulZ83q51Q,33.484517600000004,-112.07142275000001,4,[33.4741375,-112.079081,33.4948977,-112.0637645],[119,201,11,185,26,27]
H0jBzLPgeusR84nqdkTO9Q,33.369677249999995,-111.9013702,97,[33.3545993,-112.0129013,33.3847552,-111.7898391],[49,158,178,28,119,99,11,89,229]
nO4qX5R21C9spJpofGCRPw,33.49690995,-111.91969005000001,20,[33.4940321,-111.9218306,33.4997878,-111.9175495],[119,26,185,11,195,65]
iFa0SLpNeLbx6aux65mNbQ,33.480631849999995,-111.90803635,92,[33.3055793,-111.9325467,33.6556844,-111.883526],[352,48,11,7,142,206,99,38,39,98,24]
SfHAIgFQ8vO8rrxF5iPUBg,33.4566960573784,-112.072327136993,46,[33.4566960573784,-112.072327136993,33.4566960573784,-112.072327136993],[119,11]
dXWlnBhVSjUVTLRmvuqKfA,33.4566960573784,-112.072327136993,35,[33.4566960573784,-112.072327136993,33.4566960573784,-112.072327136993],[119,11]
CGKlaBTfIk3Vl4NFrBqRYw,33.581936,-112.17549505,38,[33.523984,-112.3040101,33.639888,-112.04698],[265,11,63,27,307]
1BRxUcUk-Hee9MBr_THoBw,33.640162,-111.961383,1,[33.640162,-111.961383,33.640162,-111.961383],[129,78,278,79]
tu21UQUb1uYaEZkYsIXPnA,33.472218999999996,-111.92041077637501,13,[33.303908,-112.003887,33.64053,-111.83693455275],[33,11,63,117,24,13,6,4,5,425,160,49,447,208,35,7,108,319,82,59,126,200]
bLycm4eFD50zWlxnumRPtg,33.438304,-111.9908317,8,[33.3057949,-112.0657374,33.5708131,-111.915926],[38,7,47,88,39,48,11,9,108,24,33,117,99,185,8,119,63,27,26]
ak5BQwrcYBOApH394NICwg,33.439261,-111.926521,3,[33.439261,-111.926521,33.439261,-111.926521],[161,65]
kV9mBj3-pQiuXVMJtGipGQ,33.444129450000005,-112.04050434999999,3,[33.4354634,-112.0740194,33.4527955,-112.0069893],[98,7,24,11,26,224]
FGjbTBhBXqWDhpDt7eCxuA,33.5835237,-112.0134134,1,[33.5835237,-112.0134134,33.5835237,-112.0134134],[140,192,11]
Sbkg6T83MGQCUlFuPv_lPw,33.8332781,-111.9513452,52,[33.8332781,-111.9513452,33.8332781,-111.9513452],[7,108,48,11]
-4p4djWwMtve3yLfWbSVCw,33.4786145232413,-111.926500797272,1,[33.4786145232413,-111.926500797272,33.4786145232413,-111.926500797272],[4,5,6]
1zxih-b7w0WdGYHwKbe7qQ,33.55852905,-111.9287449,200,[33.4922985,-111.9329381,33.6247596,-111.9245517],[28,17,29,210,11]
Cjg1pd1MyZIEfvgIz-gU6A,33.45905595,-111.98686520000001,4,[33.3947699,-112.0648366,33.523342,-111.9088938],[4,5,6,84,339]
faQk8iPTLSUKErEp7tIoSA,33.2667155,-111.91873290000001,7,[33.261388,-111.9802308,33.272043,-111.857235],[7,142,49,265,146,11]
oKFqd2Lhz37jZQgI4gdbqA,33.437104054135304,-112.0061489947295,27,[33.4214126082706,-112.0693177,33.4527955,-111.942980289459],[7,108,26,127,11]
bOEWOxyMQM54__rJXl4AcA,33.5948508,-112.3782723,2,[33.5948508,-112.3782723,33.5948508,-112.3782723],[11,27,63]
APtQS0oE_OM-Np5x0szr4A,33.601204862090256,-112.08838460696751,29,[33.5108735,-112.202396350165,33.6915362241805,-111.97437286377],[43,11,49,445,66,52]
Tfd29pFVDdoZkOMMpMQADQ,33.5095354,-112.0275918,1,[33.5095354,-112.0275918,33.5095354,-112.0275918],[33,11]
AJj-X2uGMDBCfUyWUfW77g,33.495084,-111.999963,2,[33.495084,-111.999963,33.495084,-111.999963],[33,117,11]
l2tuSyXiYTiVBi-7pMnrYg,33.4770236,-112.073629,1,[33.4770236,-112.073629,33.4770236,-112.073629],[109,38,48,39,11]
hF1vYxKGlY2fI-W8mEc8Jg,33.509556,-111.911106,6,[33.509556,-111.911106,33.509556,-111.911106],[54,55,122]
G8UVBd0oWiTaZm-XP_-i5Q,33.53787815,-112.0730436,3,[33.5369963,-112.0986063,33.53876,-112.0474809],[212,11,26,126,97]
GLZyNZ6otiSAfYiohg4K9g,33.377348,-112.04921,2,[33.377348,-112.04921,33.377348,-112.04921],[27,11]
cQw4iMD9LfaykumvQxkUSA,33.54783015,-112.0782569,4,[33.507713,-112.1164668,33.5879473,-112.040047],[168,169,11,33,99]
YOFT5INEkyytUFWJP8FZGg,33.4759627,-111.744907,11,[33.3813585,-111.8894906,33.5705669,-111.6003234],[7,365,41,11,4,6,33,44,251,126,97,142,292]
M2MBHD0Jgz8cp3E68xRyTA,33.624036015123,-111.928024291992,34,[33.624036015123,-111.928024291992,33.624036015123,-111.928024291992],[206,11]
_22p_5AH3FaWC7uVeLauGQ,33.538748,-112.064759,1,[33.538748,-112.064759,33.538748,-112.064759],[99,26,11]
a37j8KTozUX4wYEjiZOfaw,33.700033,-111.888462,1,[33.700033,-111.888462,33.700033,-111.888462],[218,11]
yb7Mw3Re7ChTCMhjw6B5lw,33.4329724,-111.9043028,2,[33.4329724,-111.9043028,33.4329724,-111.9043028],[33,265,185,11]
IieMdHpQPRBoZeMUmu5e8w,33.5733689,-111.9993421,48,[33.5062078,-112.0739142,33.64053,-111.92477],[168,181,229,11,126]
Vista5VQkhbSMaN9kEKdfg,33.5024987,-111.9258947,1,[33.5024987,-111.9258947,33.5024987,-111.9258947],[7,292]
BOcaL0jswWJhV9oRupO_Ng,33.4659799,-112.2670185,19,[33.4659799,-112.2670185,33.4659799,-112.2670185],[28,17,29]
ABFwQf4XtVVgWCtuRiBd9g,33.4582251,-112.2724782,3,[33.4582251,-112.2724782,33.4582251,-112.2724782],[71,72,297]
uP-k3VT4Ss8fubITUybf-g,33.55263015,-112.20256025,10,[33.4435853,-112.373782,33.661675,-112.0313385],[224,11,382,169,48,120,161,65,133,63,27,109,38,39,206,49,178]
-cuzZPLeCXBp2_TsIzy9yA,33.4033669363438,-111.973214149475,200,[33.4033669363438,-111.973214149475,33.4033669363438,-111.973214149475],[28,17,29]
kqrr453fLFm06891ITf9NQ,33.3789793460745,-111.80544455011,2,[33.373795692149,-111.80777010022,33.384163,-111.803119],[99,41,11,33,44]
byIGqd1Chrzuv8RT0al35A,33.348162,-111.9819,3,[33.348162,-111.9819,33.348162,-111.9819],[26,11]
kAkH-xSO50507dj_oD1olg,33.5754225,-111.90857305,8,[33.477178,-111.927891,33.673667,-111.8892551],[119,99,11,48,24,210,17,62,10]
IXaxy5NZ_ku8rkXt04lxVQ,33.64815455,-112.10981100000001,10,[33.581302,-112.25351,33.7150071,-111.966112],[27,11,57,145,205,39,48,26,63,7,108,212,229]
Tay_naFHbc_hpCyPiOosLw,33.3345567,-111.9680279,1,[33.3345567,-111.9680279,33.3345567,-111.9680279],[27,11]
qPhKWxcnFpA2GOCwO_rLbA,33.5364584,-111.8883276,7,[33.5364584,-111.8883276,33.5364584,-111.8883276],[123,65]
zur5s4G5CTalLJ_48kEF_A,33.5242704,-112.0474619,6,[33.5242704,-112.0474619,33.5242704,-112.0474619],[48,11]
N5EjJ7mE-EHq3bDuDI2U_w,33.5805219,-112.12936160000001,6,[33.5773539,-112.1339119,33.5836899,-112.1248113],[10,11,24]
VDeCavStUS689hU8Pg0UGg,33.45101845,-112.07108585,7,[33.4492414,-112.072854,33.4527955,-112.0693177],[12,13,6,38,39,40]
McMS1Xw6qouR8M4pygTNDg,33.491368322397,-111.9554899573975,31,[33.321061644794,-112.187061,33.661675,-111.723918914795],[382,11,7,108,8,119,63,373,97,27,212,361,26,33,38,48,39,99,128,88,89,24,47,224,421,65,126,127]
a2GMr8hoB1M4cYK6K_RnFw,33.407162534253,-111.90964874703,18,[33.407162534253,-111.90964874703,33.407162534253,-111.90964874703],[117,11]
VTTZS-QqVeEOv8pvlYmj4Q,33.5024987,-111.9258947,5,[33.5024987,-111.9258947,33.5024987,-111.9258947],[7,292]
FJKcgL6_IgE8WpwkLpY7JQ,33.38800465,-111.90044875,21,[33.321864,-112.0827178,33.4541453,-111.7181797],[97,11,63,377,323,117,7,24,108,119,98,26,142,33,44,340,201,139,416,36,57,56]
G-F5tDA-yoc-ccRRi-uMPQ,33.6535262,-111.9253098,1,[33.6535262,-111.9253098,33.6535262,-111.9253098],[6,35,76]
BCPTNAgPXxYE9b4Rk4Cqhg,33.449858,-112.071886,118,[33.449858,-112.071886,33.449858,-112.071886],[28,17,18,29]
vDpNMIiwVIBmO8kbucC7oQ,33.331119285034205,-111.97174659999999,132,[32.983623,-112.100731,33.6786155700684,-111.8427622],[48,11,7,292,142,13,6,61,35,70,76,38,39,119,26,185,333,24,98,232,40,57,69,212,140,109,63,181,162,108,172,49,272,66,52,201,44,296,182,224,309,285,307,43,126,97,322,153,8,138,139,192,323,34,12,27,33,117,168,229,360,88,298,17,62]
5ioX1RjM7RIEkW45axhBCw,33.6119344,-111.9271523,4,[33.6119344,-111.9271523,33.6119344,-111.9271523],[43,11]
QGHqcWMrAQg7d1rwY1Xyuw,33.509298650000005,-111.9800889,10,[33.43065,-112.1164668,33.5879473,-111.843711],[119,99,11,26,17,28,29,6,21,38,39,40,185,168,169,161,65]
-_loVFMd357p7ryUkqcaHQ,33.4820658,-112.07730525,6,[33.4548476,-112.0800705,33.509284,-112.07454],[63,27,24,11,14,15,6]
ns9jBrXhSPWQLczNrbOwYA,33.4471778,-112.0744503,1,[33.4471778,-112.0744503,33.4471778,-112.0744503],[49,38,39,128,341]
u4euhczrd-JjYQQkbn5nrg,33.4797420689751,-111.994993686676,1,[33.4797420689751,-111.994993686676,33.4797420689751,-111.994993686676],[33,99,11]
nul9iFpBvTdipUW-3MMxMQ,33.383949,-111.843786,18,[33.383949,-111.843786,33.383949,-111.843786],[119,99,11]
yiHkeSEzTZWLnWUsgSUvDA,33.472700849999995,-111.85741505,15,[33.321864,-111.9885861,33.6235377,-111.726244],[7,247,108,48,11,24,119,26,475]
VlA1KTc4eNXvMddGIVq3MQ,33.4367449,-111.96112439999999,6,[33.3630958,-112.011028,33.510394,-111.9112208],[49,193,59,7,36,142,8]
qDBaslzhTlpzOPg7hARuzA,33.64355125,-111.95413654999999,39,[33.4226734,-112.1353054,33.8644291,-111.7729677],[57,69,185,11,26,7,139,416,138,187,33,120,265,106,488,54,201]
3SQVQUutC_QOL2HrW-wUyg,33.5020151,-111.9230997,3,[33.5020151,-111.9230997,33.5020151,-111.9230997],[26,11]
hf49J3TgNaiCmgcY3ehOjA,33.4639234,-111.9486481,4,[33.3058378,-111.9927062,33.622009,-111.90459],[126,11,251]
8WPy9sjKDWsGEkRoaoC1FA,33.7110102,-112.1142778,1,[33.7110102,-112.1142778,33.7110102,-112.1142778],[185,11]
J-BjROYmHmxkUtZPc-c9gg,33.5316825,-111.99153530000001,38,[33.422728,-112.0744706,33.640637,-111.9086],[48,11,49,178,333,309,285,88,38,39,89]
kpp1kfYLOmizV2OSkxvcOw,33.4951403,-111.991453,183,[33.4951403,-111.991453,33.4951403,-111.991453],[26,11]
Tg2wlTkDIIr-0upl6-xBbQ,33.3896935,-111.7022979,7,[33.31081,-111.772012,33.468577,-111.6325838],[7,11,63,43,138,139,24,117]
QkH5K_opnLf1lBrP0eXLqA,33.400432699999996,-111.93392885,7,[33.3350308,-111.9904267,33.4658346,-111.877431],[126,97,11,10,296,26,377]
1QuPfjWre54nbTsVnosPYA,33.6556844,-111.9300279,7,[33.6556844,-111.9300279,33.6556844,-111.9300279],[7,142]
Mex8qXT7nR89uTKX_qtgSA,33.5293481,-111.9548888,102,[33.3406452,-112.2383046,33.718051,-111.671473],[168,181,229,11,25,6,257,57,69,26,129,278,79,7,9,10,142,27,44,212,43,63,49,193,59,33,50,52,162,178,119,120,186,17,18,38,128,39,28,29,48,36,12,114,13,115,240,241,345,84,346,141,23,54,324,108,307,30,8,110,145,99,88,298,327,77,35,76,78,32,433,182,123,65]
_uPfI-nF_8CvMj2Dc4Z3BQ,33.5060065,-112.09567325,88,[33.480288,-112.26167,33.531725,-111.9296765],[7,162,57,327,99,126,11,38,181,39,48]
esomNneHvsEv91MmraM5ug,33.492468,-111.8187535,155,[33.304492,-112.273257,33.680444,-111.36425],[11,206,63,137,7,6,139,182,48,140,38,265,39,57,69,10,27,33,24,30,13,202,72,281,269,26,149,97,177,71,104,161,195,65,49,80,82,59,98,201,285,46,36,298,99,311,126,8,307,108,119,251,44,154,168,181,229,40,9,4,297,12,114,109,142,17,62,189,88,169,127,475,47,212,43,345,35,282,264,373,41,210,61,145,333,128,296]
laylYrDD5QeVqbQ20Oc6ew,33.4495394,-112.0656645,142,[33.4495394,-112.0656645,33.4495394,-112.0656645],[7,449,97,11]
SZiufr6e2M-P-29Wrv2xCA,33.478536,-112.0356077,4,[33.449188,-112.0772,33.507884,-111.9940154],[97,11,126,172,177,140]
QPwuEpeAQl93AMfff-bfVQ,33.511132,-112.02476,88,[33.511132,-112.02476,33.511132,-112.02476],[28,17,29]
Iz25U0b85XIt6__SklT9nA,33.581154,-111.927268,2,[33.581154,-111.927268,33.581154,-111.927268],[27,11]
m3zxfc6QteOmfFtRsjfoRQ,33.4373518,-111.7181797,2,[33.4373518,-111.7181797,33.4373518,-111.7181797],[11,63]
6tAAbmuN6b91ltAmQO_pEA,33.48824895,-111.99796789999999,8,[33.4772147,-112.0736348,33.4992832,-111.922301],[265,11,28,17,29,63]
Q0UguSgi2SvrtEo0sT7e5Q,33.427623600000004,-111.95875765,50,[33.3490394,-112.0830443,33.5062078,-111.834471],[168,181,229,11,212,361,57,69,182,172,4,5,6,33,183,65,70,49,367,39,145,100,257,88,38,89]
Mz4C1JmN0kaDIvy-GspOuQ,33.5100097,-112.0152845,1,[33.5100097,-112.0152845,33.5100097,-112.0152845],[48,11]
Y955L6F5cqwW3kddzwRIqw,33.61198695,-112.230126,6,[33.594892,-112.238107,33.6290819,-112.222145],[7,138,8,139,38,128,39]
DWT79TF2dSx1CYN6FKJXzg,33.590152,-111.960174,9,[33.590152,-111.960174,33.590152,-111.960174],[49,158,178,28]
IOAcBY2YzTn-x6b4rwd9uA,33.523812050000004,-111.91106669999999,44,[33.491546,-111.923427,33.5560781,-111.8987064],[39,38,26,127,11]
gG37IL4u7LelWLyXbD18uA,33.5411688,-111.95637606506901,200,[33.4360415,-111.9956337,33.6462961,-111.917118430138],[210,11,119,120,161,195,65,28,240,241,190,26,17,29]
aPiGRtrfo4jwyrBEr8Cb3g,33.3051122,-111.99506,4,[33.3051122,-111.99506,33.3051122,-111.99506],[7,108,119,172,11]
BFdT_zyMV8yPu8gD867kLg,33.6624675,-112.18689,2,[33.6624675,-112.18689,33.6624675,-112.18689],[65,105,369]
DCcJ-jgXIst-3UmWV4eRtA,33.425938,-111.940346,1,[33.425938,-111.940346,33.425938,-111.940346],[114,13,6]
6_1qkLbmilRxrwLoTHzOoA,33.4765807,-111.9265203,3,[33.4765807,-111.9265203,33.4765807,-111.9265203],[26,11]
3ZInYt4riVePeJ90jJqHDQ,33.3032807,-111.90267585000001,14,[33.2587342,-111.964138,33.3478272,-111.8412137],[97,11,168,42,43,251,7,137,8,139,224,182,377,323,108,195,65]
40cTP7JJlHVbZfyktP1wmg,33.5694594,-112.1093159,2,[33.5694594,-112.1093159,33.5694594,-112.1093159],[32,90]
I9K2C_xk_Wxv1J0msCJo_A,33.654355,-112.099227,1,[33.654355,-112.099227,33.654355,-112.099227],[44,11]
MH7kqvuj1756dT6LheRGQA,33.4926382,-111.926313,1,[33.4926382,-111.926313,33.4926382,-111.926313],[11,63]
ocH1kvFf2HR9I1yIuZMVBg,33.43562,-111.861593,8,[33.43562,-111.861593,33.43562,-111.861593],[28,17,29]
HL7NUwyAVtOKHz5xhB5Qfg,33.448333,-112.074127,1,[33.448333,-112.074127,33.448333,-112.074127],[99,11]
8lbKJkyIyt2bOybkir4s0g,33.4951366,-112.0012318,7,[33.4951366,-112.0012318,33.4951366,-112.0012318],[48,11]
kugEMm1WN-XXcNYGCsGAtQ,33.358797725334696,-111.9783778,6,[33.2815753506694,-112.0270114,33.4360201,-111.9297442],[212,11,63,27,177,33,28,240,241]
CiANDXF5k2nu7AcWp5omJg,33.5670375,-111.9184649,95,[33.5670375,-111.9184649,33.5670375,-111.9184649],[28,158,17,29]
U8uLJIN3GpJurFMbCkoIpA,33.5580035,-112.0717654,61,[33.3892,-112.290424,33.726807,-111.8531068],[46,6,265,185,11]
gpLqIpqAL9MAv3sSV4HWRA,33.44118795098115,-111.9450224925535,2,[33.428589,-111.962879,33.4537869019623,-111.927165985107],[28,17,29,182,172,11]
H1VI4in8hjh3lNlsHUUCcg,33.640162,-111.961383,1,[33.640162,-111.961383,33.640162,-111.961383],[129,78,278,79]
ah4PMazP6IYlarU7cu_UGQ,33.6664543151855,-112.124526977539,1,[33.6664543151855,-112.124526977539,33.6664543151855,-112.124526977539],[97,43,11]
b7HSQJVAugOdezHGQuu47A,33.5637142,-111.9083414,3,[33.4982604,-111.9251128,33.629168,-111.89157],[38,11,99,128,39]
LcnbFGiwYnpwQNPtvU606w,33.514027,-111.92487,1,[33.514027,-111.92487,33.514027,-111.92487],[28,17,29]
nJfx3mNGLyS1AUNIy_Z8pw,33.4745713,-112.00214475,5,[33.4548476,-112.0800705,33.494295,-111.924219],[63,27,24,11,48,293,39]
N3QhzjuiMZYwVRYsK58PlA,33.6384336,-112.3331529,1,[33.6384336,-112.3331529,33.6384336,-112.3331529],[123,65]
bX61-VTNmVnRuNY07MOM0Q,33.540118199999995,-111.92481724999999,16,[33.498028,-111.927951,33.5822084,-111.9216835],[119,11,352,48]
DnXHKWt3d3O_hqWSbPON8A,33.3055296,-111.8749144,1,[33.3055296,-111.8749144,33.3055296,-111.8749144],[6,45,65,7,148,204]
IGkoathSlJmIOBDGo9vUZg,33.48001410701305,-112.02670105000001,200,[33.305675,-112.3625367,33.6543532140261,-111.6908654],[33,119,24,11,106,54,280,317,7,148,48,27,63,112,6,254,21,35,70,76,39,38,143,120,57,69,32,130,208,264,99,162,26,15,191,182,172,251,41,205,77,318,177,140,145,28,17,29,365,142,292,65,133,30,13,34,400,258,40,107,202,72,154,43,137,8,139,355,356,44,138,218,56,115,64,250,117,74,296,49,146,341,12,22,36,225,224,101]
C-7sTsXvzUckTr2l2TvV1w,33.62559765,-111.9290368,5,[33.4354553,-112.0739136,33.81574,-111.78416],[309,285,11,49,52,66,445]
_M2Mt2whJMhXc_iPerB6rQ,33.557481550000006,-112.049484,100,[33.4483771,-112.26167,33.666586,-111.837298],[84,159,32,291,57,327,95,222,49,469,146,43,11]
iLBQwl-7zxVlNU1JmQA-Lw,33.5808348,-111.9268582,3,[33.5808348,-111.9268582,33.5808348,-111.9268582],[33,48,307,11]
Fm5S5V2QTNvxMNprbnq-Ew,33.4501149,-111.9130745,6,[33.319395,-111.951184,33.5808348,-111.874965],[98,7,24,11,33,48,307,26]
DIhY93zwQZy_RUg64t77SQ,33.411785949999995,-111.96941385,22,[33.3173142,-112.0388617,33.5062577,-111.899966],[126,11,65,133,38,7,47,39,48,128,177,140,181,63,27,99,127,33]
fwwcIfRQAt06VVVhxdNyWA,33.383949,-111.843786,1,[33.383949,-111.843786,33.383949,-111.843786],[119,99,11]
7FRi5k2A8fXECbBFwno1KA,33.732153,-111.8537306,200,[33.732153,-111.8537306,33.732153,-111.8537306],[28,17,29]
yneU_t0tfuG_8wcJIxAouA,33.5409028386777,-111.869723796844,2,[33.5409028386777,-111.869723796844,33.5409028386777,-111.869723796844],[7,119,41,11]
LA5SlWyJxM76zN7RbL6I0Q,33.287149964143396,-111.854020880084,6,[33.2195987282868,-111.9443510501,33.3547012,-111.763690710068],[49,231,7,108,48,11,142,119,99,62,24,17]
67z8bv7gkioAnwk5XBX-Gg,33.56921175,-111.93617245,20,[33.3051122,-111.99506,33.8333113,-111.8772849],[97,11,119,43,7,108,172,192,410,307,33,99,117,48,219,218,251]
Wd79xttTkXmaBLSOkwwDIQ,33.56475965,-111.98971,12,[33.493181,-112.082092,33.6363383,-111.897328],[212,43,11,206,38,48,39,40,26]
ZHy3g391YQwjNsH5dRzdng,33.5823408973639,-111.923882961273,4,[33.5823408973639,-111.923882961273,33.5823408973639,-111.923882961273],[26,11]
8RiFU8hsCtCSNZZliC7kpg,33.334202,-111.910655,1,[33.334202,-111.910655,33.334202,-111.910655],[71,72,154]
ULM_Y0_zZAs8am3Qoh_s8g,33.3705613,-111.97936975,2,[33.3637746,-112.04921,33.377348,-111.9095295],[27,11,63]
OM5h7aPuD8umL1c1bi19AQ,33.6192844,-112.06372365,200,[33.5599538,-112.1528407,33.678615,-111.9746066],[26,11,224,182,48,27,24,212]
KcnrpEOCMXEfI7-VK-H5AA,33.11313855,-111.865136,5,[32.8773814,-111.9766015,33.3488957,-111.7536705],[119,24,11,168,126,97]
V1F7D9udQkOXykFPvbBKmQ,33.4482331,-112.0737845,1,[33.4482331,-112.0737845,33.4482331,-112.0737845],[26,11]
BMWpDBMgkWr6kf__LNXEQw,33.51272535,-112.03760215,200,[33.5093845,-112.0456423,33.5160662,-112.029562],[7,36,99,11,161,28,65,17,29]
bAuqz0laGxVypneY7rx6Dg,33.368995850000005,-111.89979065,4,[33.3118314,-111.939838,33.4261603,-111.8597433],[74,27,11,63]
s2D7XmX2MPomwjHBi8TSuw,33.4350005,-111.8842018,10,[33.362444,-112.0734116,33.507557,-111.694992],[119,48,11,4,6,72,345,35,282,264,38,99,39,10,98,7,24,168,144,117,322,57]
bpnuv6VzoxNKpcJz19eISA,33.482871,-112.047946,2,[33.482871,-112.047946,33.482871,-112.047946],[65,133]
-WtEyxSW7rt19jF5mHN6Sg,33.5808348,-111.9268582,2,[33.5808348,-111.9268582,33.5808348,-111.9268582],[33,48,307,11]
86zGFuUqKnk5r_5wtrO9RA,33.661226400000004,-111.90773214999999,13,[33.6237191,-111.9255427,33.6987337,-111.8899216],[126,11,265]
NTEflpe8W1KtY8lzDG0EGw,33.51914925,-111.94641585,8,[33.4922985,-111.96828,33.546,-111.9245517],[26,127,11,210]
9PmtkNykvhKOmTbBjk3yPw,33.344157114840996,-111.96910467804,64,[33.266696887038,-111.99153418078,33.421617342644,-111.9466751753],[28,29,17,11,63,27]
Y9LxzNvQxKwLhy2Zo7R_4w,33.640637,-111.9086,66,[33.640637,-111.9086,33.640637,-111.9086],[49,178]
3HVnF9dkTIlAFJ8dD171kQ,33.41518535,-111.97921655,10,[33.3273522,-112.0999,33.5030185,-111.8585331],[43,11,251,7,162]
VhPBOAamXc4XPEHYFBxudg,33.5175821,-112.064846,2,[33.5175821,-112.064846,33.5175821,-112.064846],[98,7]
D0ZTDnjsXdKDHd5UM9XZiA,33.559568816435046,-111.94362985000001,8,[33.4939313,-111.9891177,33.6252063328701,-111.898142],[43,11,210,185,38,27,99,39,48,24]
8aRDI7ntpti3dpvUcteyAg,33.5824859,-111.892395,1,[33.5824859,-111.892395,33.5824859,-111.892395],[43,11]
KJs0wwwPaCxaCUrppfaCDg,33.556781650000005,-111.9165672,6,[33.5291033,-111.9261874,33.58446,-111.906947],[106,54,226,11,48,63]
ozqqWZCZMpZP2gdqZsHN3A,33.373465,-111.971852,17,[33.373465,-111.971852,33.373465,-111.971852],[158,28]
cgD3mG3fZkIccOk1R9O2UQ,33.420797750000006,-111.98491204999999,160,[33.319377,-112.0474748,33.5222185,-111.9223493],[43,11,28,17,29,212,229,168,26,49,66,38,39,40]
_agQJoobAyfYtMUn78NdtQ,33.572241604876396,-111.922688215069,19,[33.498915,-111.928258,33.6455682097528,-111.917118430138],[28,158,17,29,26,11,168,99]
6cUBq9WCu8_gPRCDT5IWkQ,33.54097175,-111.9597846,7,[33.5024095,-111.9955012,33.579534,-111.924068],[7,142,44,11,98]
0e6TGhfPN9aVGL9WgGLCnw,33.55922652516805,-112.01073271306899,2,[33.407162416802,-112.111108853248,33.7112906335341,-111.91035657289],[229,185,11,404,451]
dhhhnpr_elfbD1xjMfAEjg,33.538812449999995,-112.00183684999999,27,[33.473335,-112.0739972,33.6042899,-111.9296765],[7,108,224,11,13,6,115,372,65,133,166,177,140,274,106,54,280,47,48,119,38,109,39,36,182,24,49,146,17,18,96,72,71,73,8,200,43,157,103,167]
iacHRKlwKSLuSZuUPrSXTg,33.4604502,-111.9759463,2,[33.414345,-112.0388616,33.5065554,-111.913031],[108,7,182,139,137,11,192]
jLkvmwVrczPb_UyMdnjd-A,33.449233,-112.065458,32,[33.449233,-112.065458,33.449233,-112.065458],[27,11]
0oOZAdxpX9lG9eKczRxzrQ,33.52993865,-112.04561665,17,[33.421453,-112.1925299,33.6384243,-111.8987034],[96,72,57,39,145,218,11,126,119,120,224,7,36,99,88,38,89,26,97,109,27,33,10]
cw0n-pk-C9sSQd9ZoVLYjQ,33.3473259,-111.9631291,1,[33.3473259,-111.9631291,33.3473259,-111.9631291],[38,99,273,39,128,11]
dH4VZEH7yRbB3l8VtWI4cg,33.48022855000001,-112.00165275,7,[33.457863,-112.073629,33.5025941,-111.9296765],[265,48,11,38,39,109]
11WMiRoB2sQxo61aJdSg6Q,33.53531725,-112.20512175,67,[33.430535,-112.345359,33.6400995,-112.0648845],[181,11,208,6,35,49,17,152,341,24,99,44,119,180,20,23,38,128,39,296,72,154,27,7,8,322,57,45,65,148,204,26,177,500,140,192,265,63,69,120,229,108,33,142,469,80,59,4]
W3fWryMDRP4yRVh7U7oQ_A,33.4679462,-111.96387734999999,2,[33.43475,-112.00644,33.5011424,-111.9213147],[28,17,18,29,170]
YcdwGco3RP2WfxakOwtW7w,33.6376600625467,-111.987872447907,3,[33.6209669110673,-112.083579911637,33.6543532140261,-111.892164984177],[177,140,11,44,296]
W7u5E2rklR1yXjzLymdOmA,33.46194535,-112.00040725,3,[33.421909,-112.073196,33.5019817,-111.9276185],[244,11,26,38,140,39,40,48]
bP4PhgwJj_Uq5CcV-dIqZw,33.352729822396995,-111.7913959573975,3,[33.321061644794,-111.858873,33.384398,-111.723918914795],[99,11,119]
7KfPlPRmBYdoN5j86nyyyw,33.3700084,-111.7900539,1,[33.3700084,-111.7900539,33.3700084,-111.7900539],[20,6,243,35,34,23]
JxzRi5hzd54Le3KMyxcCog,33.49197945,-111.92589395,21,[33.4915779,-111.9259469,33.492381,-111.925841],[119,38,48,39,11,265]
pTdi1OiAxmGbQhOws0gUFQ,33.2183331740449,-111.564445495605,6,[33.2183331740449,-111.564445495605,33.2183331740449,-111.564445495605],[43,11]
tkEao6Zqe_khaRN7ylPmAg,33.428722,-111.907821,3,[33.428722,-111.907821,33.428722,-111.907821],[71,72]
4UEusklmkcQ8DsyFszkhfw,33.57593675,-111.87352229999999,4,[33.4512801,-111.9296765,33.7005934,-111.8173681],[127,11,71,72,32,95,222,26]
ZC43VIQLbAaAHRx_HLjDSQ,33.8303701,-111.9317707,2,[33.8303701,-111.9317707,33.8303701,-111.9317707],[48,11]
brQACdt3AUxRkGLeJREYyA,33.49835505,-112.01626590000001,2,[33.457863,-112.068359,33.5388471,-111.9641728],[38,48,39,11,63]
-JjElDUGDg1wHo2I-TAvKw,33.65,-112.1,2,[33.65,-112.1,33.65,-112.1],[84,336]
XkPD4vnY_60wgRR0imhowQ,33.500169,-111.919817,26,[33.500169,-111.919817,33.500169,-111.919817],[39,38,99,128,11]
DFr0LYHHTokLFCSniznohQ,33.5812359,-112.0996322,200,[33.5812359,-112.0996322,33.5812359,-112.0996322],[26,11]
_F7Pfexnpn9Rmn42oPmVmw,33.49112,-112.079081,96,[33.49112,-112.079081,33.49112,-112.079081],[26,11]
-Dof9NwAoQwRM-GVPZk5zw,33.52812,-112.12661360000001,110,[33.377625,-112.364213,33.678615,-111.8890142],[12,13,6,22,27,24,11,185,98,7,309,63,47,99,246,119,139,17,423,84,419,212,361,285,182,88,38,39,8,292,108,129,121,79,140,40,48,57,56,126,97,62,138,43,33,128,293,168,26,73,72,109,440,49,193,59,178,186,145,69,89,36,313,77,112,191,35,15,111,113,194,239]
YUIkpkiLNyfONh-cl3ir4Q,33.5400879,-111.9260096,3,[33.5400879,-111.9260096,33.5400879,-111.9260096],[161,28,65,17,29]
3gUxHXOvEXdzDhKDjnGgyA,33.491153999999995,-112.06045449999999,3,[33.470783,-112.065371,33.511525,-112.055538],[108,7,38,39,11,24,98,99]
ah81W7I-eWbCnBxPu_dL7g,33.650029,-111.925642,10,[33.650029,-111.925642,33.650029,-111.925642],[72,297]
LCZ6RRR6oI-oYlwIxUX2Kg,33.4949836,-111.9897452,1,[33.4949836,-111.9897452,33.4949836,-111.9897452],[65,133]
SJoMGpnY0DVtMlpjFK78-Q,33.5224052070276,-112.06644320000001,44,[33.42135,-112.222145,33.6234604140552,-111.9107414],[212,63,97,11,38,48,39,26,24,108,7,182,139,137,27,98,172,185,43,292,224,192,119,210,307,138,8,244]
KPHEpODNeC_M3iGZ_f-Lsg,33.537829900000006,-112.1276392,10,[33.4487268,-112.181569,33.626933,-112.0737094],[48,11,251,7,108,212,26]
uXX5gK0yR42-zK8BKtO6Ww,33.6108797,-112.0982935,19,[33.6108797,-112.0982935,33.6108797,-112.0982935],[98,7,239,11]
EwDRcpw1k_tsX61VGIVuMg,33.266586893519005,-111.99170219038999,115,[33.2664769,-111.9918702,33.266696887038,-111.99153418078],[28,29,17,11,48]
8dRphQ8Mw9MvDLvgQiLbhg,33.456771950000004,-111.9661746,83,[33.43475,-112.00644,33.4787939,-111.9259092],[309,119,285,11,28,170]
h-VD0aIPb2W1Lc-QDbAc2g,33.37912785,-111.87706655,21,[33.362444,-111.912417,33.3958117,-111.8417161],[15,25,6,191]
TlYkXtI5D9tT0aTFdXZyYg,33.3057949,-111.9677833,17,[33.3057949,-111.9677833,33.3057949,-111.9677833],[99,185,11]
Qb5GheTWyZpz-Y3-4GZGCA,33.5960732,-112.1417772,29,[33.5389864,-112.3614417,33.65316,-111.9221127],[4,6,33,11,79,121,7,8,45,54,317,64,123,65,21,229,27,99,44]
S3UHNa8tV83AHhX9959ruA,33.57295835,-112.0909202,64,[33.4673017,-112.2698024,33.678615,-111.912038],[99,201,11,57,69,33,63,98,7,46,6,13,115,372,12,30,118,162,108,227,32,265,119,9,10,28,17,29,24,49,39,341,302,110,1,141,120,48,212,44,26,177,140,139,27]
X0V2GK2cr2lDzttQKXD4JQ,33.500545,-111.9264093,1,[33.500545,-111.9264093,33.500545,-111.9264093],[119,99,11]
octkCjvkVaLVdtGPFEWsig,33.5222185,-111.9595033,1,[33.5222185,-111.9595033,33.5222185,-111.9595033],[48,11]
oTGQ2z8lX1evDLb7zyM6cw,33.4382789,-112.0178286,7,[33.4382789,-112.0178286,33.4382789,-112.0178286],[117,11]
PtOdQw47g6mocM37sgyYug,33.4146612,-111.9293037,1,[33.4146612,-111.9293037,33.4146612,-111.9293037],[7,232,26,11]
zK8uE0OU0M5yqOMJQ8xmvA,33.358664950000005,-112.0307693,35,[33.076048,-112.134201,33.6412819,-111.9273376],[43,11,322,57,49,178,99,33,44,7,108,189,10,24,188,23,96,72,71,69,48,185,84,343,30,8,13,6,110,126,97,127,52,63,27]
BqmMeZQD03LHJ_vibTOp2g,33.5083781,-111.9258659,8,[33.5083781,-111.9258659,33.5083781,-111.9258659],[161,28,65,17,29]
q_P9ITaqoIpE9w_557dOLg,33.4341007,-111.90013235,15,[33.3069425,-112.1156244,33.5612589,-111.6846403],[39,119,48,38,11,185,168,63,224,123,65,33,251,26,117,126,97]
rgVfp5VfUIf59bEBpD_spQ,33.370156,-112.577509,1,[33.370156,-112.577509,33.370156,-112.577509],[7,138,139]
nlmyNqKhcnMtF6_Sd-oxuA,33.4640911,-112.35643400000001,7,[33.4354452,-112.380047,33.492737,-112.332821],[26,11,224]
0qIsBt4EzBDCKrIviV55Ew,33.501019,-111.87931434999999,160,[33.2204347,-112.2209537,33.7816033,-111.537675],[24,11,38,212,39,40,27,99,265,307,172,26,7,292,48,185,126,97,449,33,128,14,15,6,101,63,108,49,178,142,309,119,285,88,89,168,41,144,44,45,351,57,186,206,340,98,10,9,298,109,440,182,140,229,43,141,8,120,149,305,28,170,470,145,127,218,219,139,416,113,423,162,84,345,346,313,17,29,177,52]
FtS6hdDuoLp_xMGWkK-coQ,33.5196342,-111.96673755,4,[33.4861506,-112.1500251,33.5531178,-111.78345],[27,11,57,69,4,6,425,63]
wZ2AaoY2EJNKH4aMdnauhg,33.4364689,-111.89409255,17,[33.3783016,-111.9476151,33.4946362,-111.84057],[38,168,298,88,39,11,28,17,29,117,126,97,26,7,9,101,27,43]
iP2sk2ek0sDyWJIZyU4j2g,33.5557353,-111.8988152,2,[33.5557353,-111.8988152,33.5557353,-111.8988152],[48,11]
0mNo5VmFRMsxHy2HKwuBfQ,33.6545567,-112.1000439,1,[33.6545567,-112.1000439,33.6545567,-112.1000439],[120,11]
O-wq7pT2L5ODKJ7gO_90ew,33.4804393,-111.9995818,2,[33.4804393,-111.9995818,33.4804393,-111.9995818],[38,145,57,101,39,439]
S-KIpKkdXc3ec734_mOj_A,33.616418,-111.92631,89,[33.616418,-111.92631,33.616418,-111.92631],[265,126,97,11]
Xd4bWdBZQRcaEThtiGFl_w,33.5707431494098,-112.0395669,19,[33.4640982988196,-112.100731,33.677388,-111.9784028],[126,97,11,53,54,55,122,256,168,181,229,119,7,108,99,185,38,128,39,296,212]
KO6WaWSJDmLHMrDgS9OeWg,33.3021074,-111.8420649,27,[33.3021074,-111.8420649,33.3021074,-111.8420649],[224,11]
fWmA_k8e9cNfUde8fN79Uw,33.3847552,-112.0129013,32,[33.3847552,-112.0129013,33.3847552,-112.0129013],[49,158,178,28]
jx6oX7wjEwRzdeV0AxNHjA,33.5997262,-111.9872563,5,[33.5997262,-111.9872563,33.5997262,-111.9872563],[126,11]
JhRy3v_Fni94rS7-jb9x7A,33.4566960573784,-112.072327136993,5,[33.4566960573784,-112.072327136993,33.4566960573784,-112.072327136993],[119,11]
ykTUd9nIYDkQYhpntgcTVw,33.4913765,-111.98011594113501,70,[33.304138,-112.122882,33.678615,-111.83734988227],[11,63,7,292,108,119,99,39,48,38,33,27,44,138,8,139,251,43,26,265,168,88,40,126,46,6,127,307,212,483,97,128,293,182,140,167,65,36,205,41]
2IzvIQSqn3RfKxQiCBZLIQ,33.49909715,-111.97086585,6,[33.4881846,-112.0152845,33.5100097,-111.9264472],[48,11,24]
QksTz7DfCOxxEjUkXPeVnA,33.42724596243115,-111.8259064346235,2,[33.419984,-111.828384,33.4345079248623,-111.823428869247],[28,17,29,7,8]
rmt3AL1nLdvi1IQKcwaljA,33.5036511,-111.97179475,8,[33.4949836,-112.0142961,33.5123186,-111.9292934],[119,99,11,7,108,168,48,98,24,292,65,133]
S9oh29bMRrHnWsGi_vdoDw,33.3644307,-111.9325616,12,[33.349969,-111.9364223,33.3788924,-111.9287009],[192,140,11,33,7,142,44,65,133]
TMpkKK6x_L3zUyCBJW8xFA,33.6753542414738,-111.965274810791,31,[33.6753542414738,-111.965274810791,33.6753542414738,-111.965274810791],[168,265,11]
1Sujllo0dj27Yn1GyjLc0A,33.50202865,-112.06720365000001,2,[33.4948853,-112.088808,33.509172,-112.0455993],[224,11,185]
JwaxWcEG0R_uHAxmbjyIiw,33.4473356,-112.0734239,6,[33.4473356,-112.0734239,33.4473356,-112.0734239],[38,99,128,39,296,11]
etErOxgYf_AZHfRwmbIkFA,33.50483275,-112.04744915,13,[33.4710214,-112.0986063,33.5386441,-111.996292],[109,38,11,39,63,26,17,99,62,153]
EU3oE_SNd0rnuGcQsjJXzQ,33.425207,-112.3566862,11,[33.425207,-112.3566862,33.425207,-112.3566862],[26,11]
6TScTiQlZWHTAW2__Lw93g,33.533574200000004,-111.96556805,144,[33.533525,-111.965872,33.5336234,-111.9652641],[161,28,65,17,29,265,11]
iyh_RJnD2RqOw_yyviRxUg,33.4127822192857,-111.92355055,23,[33.319374,-111.9878697,33.5061904385714,-111.8592314],[307,212,43,11,48,24,126,97,10,219,218]
-P9SkvexGLSavupPHMxZsA,33.33519415000001,-111.81849775,8,[33.3344463,-111.8463705,33.335942,-111.790625],[119,120,11,65,133]
SmXd2yQfCblsHG6LOselkw,33.5504734511645,-111.91963653103,11,[33.494295,-111.996292,33.606651902329,-111.84298106206],[109,38,11,39,63,48,168,99,293,322,28,57,190,7,36,8]
lwJs6kJFmFUcnKtxKQkHrw,33.44209015,-111.9970103,116,[33.34697,-112.0846008,33.5372103,-111.9094198],[49,52,66,168,11,265,483,28,17,29]
NvqgVxpAM7wKjL9QeVWnnA,33.53019125,-112.06040759999999,6,[33.492914,-112.1872492,33.5674685,-111.933566],[38,99,39,40,48,11,27,24,7,8]
RPxwEewLQmOY1BaTBGCa-Q,33.54204065,-112.0485229,11,[33.4149725,-112.2029357,33.6691088,-111.8941101],[26,11,63]
lfcSYHU96PiKq7n2QVMoKA,33.4500212,-112.073986,1,[33.4500212,-112.073986,33.4500212,-112.073986],[4,5,6]
0Se26K5VM-Y7vyEJEm4-nQ,33.5094589,-112.02831705,4,[33.508711,-112.02943,33.5102068,-112.0272041],[26,11,48]
uQPynTxs2LUNHerWP3Jbhg,33.303233,-111.842532,2,[33.303233,-111.842532,33.303233,-111.842532],[7,33,48,47,11]
Tv9RMLng5zRcS7aFe2fAoA,33.514065074713,-111.94386005,16,[33.391808149426,-111.9652641,33.636322,-111.922456],[265,11,13,6,4,5,425,160,38,39]
t5ngEWHYQNsAnO2aCCVYQQ,33.320504,-111.7889,2,[33.320504,-111.7889,33.320504,-111.7889],[26,11]
By8xnJhj4dHHIINpKKj6NA,33.4222653,-111.9199824,1,[33.4222653,-111.9199824,33.4222653,-111.9199824],[7,98,10,9,11]
5rCUee2ZMBgxR7VpBQbVuA,33.502191,-111.996292,2,[33.502191,-111.996292,33.502191,-111.996292],[109,38,11,39,63]
ZQNMfqBFzH6AlfqhcvuzJw,33.39446,-111.950007,1,[33.39446,-111.950007,33.39446,-111.950007],[98,7]
fcjBwypXICUpg-Pm0kOlsA,33.5520568,-111.98297205,2,[33.5370761,-112.0474792,33.5670375,-111.9184649],[99,11,63,27]
RlqCydII8MiMnjnUEBirVw,33.4348473,-111.88592105000001,8,[33.313774,-111.966307,33.5559206,-111.8055351],[279,54,317,26,11,212,229,38,7,47,88,39,48,382]
WFIrI7P5CVzZK6wnAllM9A,33.4163675,-112.01058040000001,138,[33.304775,-112.2641158,33.52796,-111.757045],[119,120,11,33,10,44,24,26,57,327]
125BWA95-0GR2tIQDZ23dQ,33.4953353,-111.9915336,50,[33.43475,-112.08407,33.5559206,-111.8989972],[99,11,119,24,38,210,26,39,48,43,126,97,172,28,17,29,212,63,40,205,170,18,309,285,145,57,185,65,133,382,109,113,6,200,35,76]
xCH0ATwOKfIC0AtCh1pBRQ,33.496463000000006,-111.9261781,4,[33.492381,-111.9264093,33.500545,-111.9259469],[119,99,11,265,48]
e_UWyLsNM4SxEwpXm8rOSg,33.501821,-111.919938,15,[33.501821,-111.919938,33.501821,-111.919938],[265,185,11]
mWd67mDkmGsvQh3xU99heg,33.6119344,-111.9271523,2,[33.6119344,-111.9271523,33.6119344,-111.9271523],[267,182,172,11]
oQZeITmS8rppOi9YukhbaQ,33.479455599999994,-112.01193950000001,8,[33.4492,-112.0962274,33.5097112,-111.9276516],[38,212,39,40,11,27,251,26,127,7,108,119]
NCIYKhB9sDv2b9hXBxSxZw,33.638731750000005,-112.2022335,2,[33.6385506,-112.2234146,33.6389129,-112.1810524],[99,11,168,63]
Y1n92SflzQycQd-wVCV0SQ,33.5238657,-112.1161565,6,[33.5238657,-112.1161565,33.5238657,-112.1161565],[61,13,6]
9_1T3QtRGl8_oFMOOzgakg,33.4951366,-112.0012318,1,[33.4951366,-112.0012318,33.4951366,-112.0012318],[48,11]
euNU5JdzTY3IUR2yOGjYrA,33.449233,-112.065458,29,[33.449233,-112.065458,33.449233,-112.065458],[27,11]
Wj6yCZZ6IGy1Afw4LdC-jg,33.501358350000004,-111.96637825,11,[33.4931627,-112.015207,33.509554,-111.9175495],[168,48,11,195,65,119,99,265,27,63,38,39]
eoAqEV-ZgdxQ1Y8QxZI5jA,33.56067965,-111.9320036,200,[33.4920033,-111.938205,33.629356,-111.9258022],[126,97,11,28,17,29]
2DZi1cRYEMgsrM0w6Fe7cg,33.4960516,-111.9303102,1,[33.4960516,-111.9303102,33.4960516,-111.9303102],[119,11]
UN6JuciMkKV8f7KTqrNtsw,33.43604025,-111.98492135000001,2,[33.4225411,-112.0656645,33.4495394,-111.9041782],[7,47,449,97,11]
U1ys7Ns02EpqhiQhrNui7A,33.5334707521351,-112.076718836326,7,[33.4552907,-112.165567972652,33.6116508042702,-111.9878697],[43,11,88,38,39,298,7,138,8,139,149]
rUkjzVMimlyQ5n6iePQ5FQ,33.515525499999995,-111.97771415,24,[33.393062,-112.2712148,33.637989,-111.6842135],[26,11,7,189,10,24,168,144,224,182,48,140]
HyEHMltRNlmOuTEuIkjcQw,33.626933,-112.100731,26,[33.626933,-112.100731,33.626933,-112.100731],[212,26,11]
sf8ZPI3fBKv8skv0ccMinQ,33.5803648724945,-111.97620615,29,[33.505045344989,-112.060185,33.6556844,-111.8922273],[63,27,11,7,142,10,24,98,119,99,4,13,6,115,160]
1HR67Td_pY3fokaQ291hSw,33.578957,-111.924071,2,[33.578957,-111.924071,33.578957,-111.924071],[104,105,179,65]
6Vyt3O5Tn0PEjd3st7xa_A,33.48532765,-112.0647606,5,[33.453804,-112.0824552,33.5168513,-112.047066],[57,69,26,11,248,249,6,15,44,24]
srjaWWb-lmXVMXcZEjow1g,33.4905711,-112.0259026,32,[33.426368,-112.1119501,33.5547742,-111.9398551],[28,17,29,88,38,39,298,11]
6OLYPJE34GLso6htvruISw,33.38111635,-111.95446480000001,16,[33.2664769,-112.0475116,33.4957558,-111.861418],[34,6,32,35,251,11,196,382,98,7,206,182,172,48,117,224,57,306,26,97]
eyis-TUPTQzFwFdS8ZFCCw,33.4425289,-112.0406421,200,[33.4354634,-112.0742949,33.4495944,-112.0069893],[28,17,29,99,11,33,117,140,177,26]
zVKwzHQWnFSgwnPO2Oe5Zw,33.63980235,-112.14135145,3,[33.5675047,-112.1708949,33.7121,-112.111808],[97,11,24]
X0AqSAXMZ62mu7hV0tVa0A,33.45588502576385,-111.8688011867525,52,[33.337009,-111.875775,33.5747610515277,-111.861827373505],[38,11,99,128,39,7,138,8,139]
4VaskLw9ByZSJhRnC4mwJg,33.509578,-112.060185,1,[33.509578,-112.060185,33.509578,-112.060185],[63,27,11]
0o-kY5ZswriHzjDdRAYh5g,33.4290058940387,-112.390394210815,3,[33.4290058940387,-112.390394210815,33.4290058940387,-112.390394210815],[57,327]
mJmYbLbWMvrsaSnUSVJGmg,33.637989,-112.2712148,6,[33.637989,-112.2712148,33.637989,-112.2712148],[224,11]
fXb9GE7B8OFDqkBr_V5wGg,33.4888955,-112.0306085,6,[33.470242,-112.074821,33.507549,-111.986396],[6,32,302,110,1,141,49,80,82,59,33,11]
Y6I6_0vaAbTZnnpXlZyYjg,33.4065733395384,-111.908111572266,3,[33.4065733395384,-111.908111572266,33.4065733395384,-111.908111572266],[63,48,140,11]
IHUXwBK3pjsCxzuS_g9jCw,33.5019817,-111.9276185,200,[33.5019817,-111.9276185,33.5019817,-111.9276185],[99,48,11]
rV7wiRdD7-v4FPzuewcnqw,33.49138415,-112.06872475,3,[33.4732683,-112.0736235,33.5095,-112.063826],[44,24,11,7,33,142,36,182]
s9GFWfh4WQTDfvTNOIMXUg,33.650029,-111.925642,4,[33.650029,-111.925642,33.650029,-111.925642],[72,297]
7EJJUCl3lHM5mYlFX0bLEQ,33.5567866743405,-111.93300607506501,200,[33.4922985,-112.029562,33.621274848681,-111.83645015013],[48,11,27,28,17,29,210,119,26,185,63,7,8]
RGc034CUBy93RE4qXQ1Scg,33.3013903,-111.8412989,117,[33.3013903,-111.8412989,33.3013903,-111.8412989],[62,26,17,11]
kdP1rcVc7dgyA9cmgoslIQ,33.382596,-112.117267,1,[33.382596,-112.117267,33.382596,-112.117267],[119,11]
c8bYKearX1jyL4f00_bIMA,33.5087485,-111.995296,1,[33.5087485,-111.995296,33.5087485,-111.995296],[11,63]
zHH2Iz49wCZYYDLBTv0YOg,33.568128,-111.94761505,200,[33.304861,-112.1091081,33.831395,-111.786122],[57,69,10,11,49,146,39,341,15,25,6,38,99,128,77,186,35,76,56,14,13,4,5,425,160,403,79,157,103,78,273,84,345,346,191,119,17,18,26,293,7,8,200,224,33,44,27,127,91,289,63,288,32,213,307,212,43,140,40,48,445,66,52,73,72,109,145,177,285,168,265,88,298,89,98,262,182,70,108,193,59,28,240,241,117,24,71,297,322,126,139,423,41,172,97]
iZyspxOxBFrO3EpjSR23yw,33.435838,-112.26552649999999,2,[33.421215,-112.269912,33.450461,-112.261141],[26,11]
LmGVIwZS1VIgNkOZHKdcXA,33.48078245,-112.05656836255599,8,[33.4518099,-112.08407,33.509755,-112.029066725112],[28,17,29,185,11,210]
jfdTS_6PVt5hox1BGnpI0g,33.385698899999994,-111.93626370000001,3,[33.261388,-112.0152924,33.5100098,-111.857235],[7,142,38,99,39,11]
JTM4Jx5akqzlfSIs3tSnWg,33.5670375,-111.9184649,13,[33.5670375,-111.9184649,33.5670375,-111.9184649],[161,65]
hjLU_sjxwxeVH88ZMlCFOw,33.319212,-111.967861,18,[33.319212,-111.967861,33.319212,-111.967861],[127,11]
iggXjAwG3PNN_MtRFPSIBQ,33.405969299999995,-111.98757094999999,15,[33.3057308,-112.0791022,33.5062078,-111.8960397],[24,11,7,108,119,182,48,140,168,181,229,38,39,33,99,148,57,145,40,97]
O4handkQpY1Dr3FKogr5iw,33.42983175,-111.988945,19,[33.3501281,-112.0737118,33.5095354,-111.9041782],[7,108,181,229,11,38,48,39,88,89,47,311,177,140,33,145,57,63,340,186,6]
benS2WXZOiToPseH8La2bQ,33.497341,-112.21462604999999,10,[33.463308,-112.3556173,33.531374,-112.0736348],[265,11,109,38,48,39,119,49,28,178,17,29]
RXXksF9jZXl9PYKBrDyR4w,33.4341900790355,-111.994339227676,200,[33.4341900790355,-111.994339227676,33.4341900790355,-111.994339227676],[7,108]
pYRjMuuKYYIDO6WkxX2-zg,33.4243474,-111.9398364,13,[33.4243474,-111.9398364,33.4243474,-111.9398364],[177,140,11]
M63jvrIgbY4kQ_ylpck8tw,33.4555814,-112.0736316,2,[33.4555814,-112.0736316,33.4555814,-112.0736316],[7,232,11,400,194]
wwNc6ME8QXEyPlGrFZY4tg,33.47702685,-112.207519245485,3,[33.44238,-112.34971999097,33.5116737,-112.0653185],[38,143,39,210,11,293]
z-nFzLSERYPvUSzBn-wqUw,33.401858399999995,-111.9027244,6,[33.3056888,-111.927951,33.498028,-111.8774978],[352,48,11,38,265,39,26,63]
3-F9Z5mNqtDcMPEIBExi8w,33.3037399,-111.9810651,137,[33.3037399,-111.9810651,33.3037399,-111.9810651],[109,38,11,39,63]
xXFeMpLAzMLci1B6LDrc8Q,33.6108797,-112.0982935,9,[33.6108797,-112.0982935,33.6108797,-112.0982935],[98,7,239,11]
xF-1gh_4mav5nAu5UKYYAg,33.6111967,-112.09010595000001,17,[33.5094087,-112.1114555,33.7129847,-112.0687564],[88,7,38,47,39,40,27,11]
Pm_sa1TjH78maTPmDDlRRA,33.678615,-111.9746066,2,[33.678615,-111.9746066,33.678615,-111.9746066],[53,54,55,122]
uqPEUvSEu8BU4d8tHeufBw,33.5160662,-112.029562,6,[33.5160662,-112.029562,33.5160662,-112.029562],[99,11]
xIYOzGZ66FBa5cJdbYBkRg,33.393576949999996,-111.91736315,5,[33.392384,-111.926508,33.3947699,-111.9082183],[167,65,27,11,33,117,48]
Pllc3jWFmwvkPcPYHTQs-g,33.4136865,-111.9471054,23,[33.321726,-112.0736613,33.505647,-111.8205495],[14,15,6,224,11,109,38,48,39,16,57,186,17,18,27,119,26,183,65,84,86]
azZ4t0S4r4IBM7EpDZVPQw,33.421104,-112.045298,6,[33.304138,-112.166508,33.53807,-111.924088],[119,120,11,41,43,7,177,38,101,33,39,128]
aWAzehzzbksicNXY0nT6_A,33.37534065,-111.85589155,2,[33.360804,-111.859837,33.3898773,-111.8519461],[32,222,17,28,95,29,229,11]
exjMRmxLHeiT9G7rnswgxg,33.5100398,-112.0146407,58,[33.5100398,-112.0146407,33.5100398,-112.0146407],[33,38,39,11]
v5z3V67bt1V1_rd5sL6tyw,33.65287898734185,-112.068011328513,200,[33.4322113,-112.149174357026,33.8735466746837,-111.9868483],[7,139,375,168,11,98,24,28,271,17,29,84,419,170,119]
nNr4hEet7h43szkdIwaXRg,33.491645,-112.073196,1,[33.491645,-112.073196,33.491645,-112.073196],[38,140,39,40,48,11]
wh5mqCxN7d1jlTQ4eIGmXQ,33.50055265,-112.10699299999999,25,[33.413158,-112.338207,33.5879473,-111.875779],[168,11,43,251,13,6,115,372,54,55,122,256,44,26,169]
rq8MmKWYJcaz89Io_BoAIQ,33.54804715,-112.1564995,13,[33.4435853,-112.380047,33.652509,-111.932952],[10,24,11,27,63,33,48,120,49,80,82,59]
z36CRF1lpUCktXOzybDH5w,33.55564175,-111.9291801,4,[33.5288312,-111.9730855,33.5824523,-111.8852747],[13,6,65,331,118,161,195]
LSHOVbkypKHKcFzFOZIF8Q,33.617273,-111.926576,3,[33.617273,-111.926576,33.617273,-111.926576],[7,142]
CWmQtAT6kdi1vyDFr4GNFg,33.6204713615953,-111.892747879028,1,[33.6204713615953,-111.892747879028,33.6204713615953,-111.892747879028],[63,117,24,11]
Zzv95OgdB5U4e8n4-kqkkw,33.4566960573784,-112.072327136993,1,[33.4566960573784,-112.072327136993,33.4566960573784,-112.072327136993],[119,11]
Ro9_hqEiR1froR6gbciAtA,33.4471735,-112.073781,2,[33.4471735,-112.073781,33.4471735,-112.073781],[48,11]
ZiSL-0G_x7fclCHAQjra4A,33.4438976,-111.97676165,38,[33.3051122,-112.0986063,33.582683,-111.854917],[26,11,185,13,113,6,480,22,7,142,292,108,251,8,119,172,186,57,60,48,98,162,449,212,63,97,105,65,474,219,64,54,55,266]
CWFNnkBBjFgs3Go5lmYrfw,33.58348,-111.883526,76,[33.58348,-111.883526,33.58348,-111.883526],[7,142]
KbA2W8E9yzN1DZcgfmq7-A,33.52453955,-112.08872855,3,[33.4528292,-112.2015591,33.5962499,-111.975898],[6,110,117,214,11,7,47,48]
mbsjbc0du0h-j3pxcTQrbQ,33.5006293,-111.9232551,4,[33.5006293,-111.9232551,33.5006293,-111.9232551],[27,11]
0guvtI7_02UsRQ67usKKWA,33.5573366,-111.8998486,2,[33.5573366,-111.8998486,33.5573366,-111.8998486],[10,24,11]
U39GEwB_O2_QpdINaeYekw,33.8321973,-111.9453694,144,[33.8321973,-111.9453694,33.8321973,-111.9453694],[26,11]
iOwgknqdvcxNz6FRtjPlMA,33.609395,-111.90766385,8,[33.5443733,-111.9258843,33.6744167,-111.8894434],[109,38,265,39,11,119,49,80,82,59,26]
o8p9kv-1KYtHVicVF4_kdA,33.423000200000004,-111.95238810000001,13,[33.3223,-112.0482435,33.5237004,-111.8565327],[26,11,168,28,17,29,99,201,27,127]
lV_fXEb5tNf0f7DIrvRKFA,33.3488775,-111.9766013,1,[33.3488775,-111.9766013,33.3488775,-111.9766013],[7,10,9,11]
TEM6mqCC2GPNzCPzpcU54A,33.44292175,-111.9200011503905,49,[33.2467072,-112.150244,33.6391363,-111.689758300781],[26,11,7,9,39,38,48,128,97,119,99,251,223,47,88,298,10,24,63,224,168,43,185,49,193,80,59,162,108,210,142]
Ar5MrA6uqtELDI71owQK-Q,33.4492414,-112.072854,6,[33.4492414,-112.072854,33.4492414,-112.072854],[38,39,40]
HXiba57vK9BPaMtNlHpVWA,33.4788473,-112.0658179,75,[33.4660496,-112.073196,33.491645,-112.0584398],[38,140,39,40,48,11,10,24]
l1B6C4bZeSWi6TjlMg7n3A,33.47999,-112.076505,1,[33.47999,-112.076505,33.47999,-112.076505],[7,142,108,119,11]
PO21aGhaNK7LkcUmr4i4vQ,33.476109,-112.067792,1,[33.476109,-112.067792,33.476109,-112.067792],[6,45]
4kod8kDXGrtCn8OSvg0EPQ,33.3354566,-111.876337,1,[33.3354566,-111.876337,33.3354566,-111.876337],[7,162,43,11]
HcWRrGoE4dDYM8v0Ew8uvQ,33.681385,-112.078661,4,[33.681385,-112.078661,33.681385,-112.078661],[37,32,203]
oLZWchzn9CRVDA3EjsWcGg,33.5044193,-112.0475633,29,[33.5044193,-112.0475633,33.5044193,-112.0475633],[206,11]
ozvA3Zz69nH4N0hujdPT5g,33.6397206,-112.1185603,2,[33.6397206,-112.1185603,33.6397206,-112.1185603],[61,13,6,118]
_30zceRU7DUptt-R4De4vg,33.53832815,-111.90922345,7,[33.4941704,-111.9260519,33.5824859,-111.892395],[218,41,11,219]
U-AcOn7dxEEcqwyDqWuGxA,33.53353,-112.06934625,3,[33.491645,-112.073533,33.575415,-112.0651595],[7,36,99,11,33,38,140,39,40,48]
rOdE8LjJGM9cVAw-pAYE1Q,33.666586,-112.203627,20,[33.666586,-112.203627,33.666586,-112.203627],[43,11]
AeULD3Z_eGIPYMnmDdk8cA,33.3421027,-111.88355775,24,[33.3060217,-112.0106146,33.3781837,-111.7565009],[7,11,63,39,38,99,128,49,80,82,59,185,26,48,142]
ztZgtKkS3f2uaQiZTdnARQ,33.41563,-112.00805,1,[33.41563,-112.00805,33.41563,-112.00805],[119,11]
GTkZ-E3Fpu4YNGLeA3JJjQ,33.55386698714,-111.97781635,11,[33.4366655,-112.047101,33.67106847428,-111.9085317],[285,185,11,99,38,39,27,128,63,62,17,26]
KGdwDsX6tQ8jdAXf7RjNwg,33.4474542,-112.0745395,1,[33.4474542,-112.0745395,33.4474542,-112.0745395],[33,11]
EjyKSva7FDi8ncNXq8ipdw,33.4635870327508,-111.84025457179851,4,[33.2902073655016,-111.9258843,33.6369667,-111.754624843597],[63,27,307,11,440,260,7,142,139,8]
54a8UjYGcM-EaUij5ocPZQ,33.378926,-111.964813,43,[33.378926,-111.964813,33.378926,-111.964813],[99,11]
5kMA-fpIqCIzCNGOMW0TYg,33.484439,-112.364213,14,[33.484439,-112.364213,33.484439,-112.364213],[11,63]
8DPNGCkUS0w28RDXtJ8bGQ,33.6150103,-111.9138752,2,[33.6150103,-111.9138752,33.6150103,-111.9138752],[57,20,58,59,49,56,23]
iHzZb-rFVIJNDiIAvWr7Eg,33.4498402786595,-112.070196793245,34,[33.446885057319,-112.07107588649,33.4527955,-112.0693177],[27,11,28,17,29,99]
X-j5Mv95ZmHAgE8_9Oc2EA,33.4218663,-111.9888982,1,[33.4218663,-111.9888982,33.4218663,-111.9888982],[26,11]
jVzT6yyixcLy0zu4zHPaNw,33.58423245,-112.0133988,3,[33.5835237,-112.0134134,33.5849412,-112.0133842],[140,192,11,44,97]
nP2HH7Qe5UtSsjeEH3NZuQ,33.5987918,-112.082273,26,[33.3999435,-112.220156,33.7976401,-111.94439],[33,99,117,11,340,210,177,140,185,43,10,24,169,27,48,211,32]
gJqKLwk_R0Gy1WlJlqwlUg,33.46924455,-111.88327475,12,[33.3550442,-111.9770187,33.5834449,-111.7895308],[185,11,177,140]
KqDSfGgWklpLLZnAOK83vg,33.4329724,-111.9043028,3,[33.4329724,-111.9043028,33.4329724,-111.9043028],[212,361,11]
V7DpQeuPmDfX4EY8V8y34Q,33.328575799999996,-111.78415444999999,9,[33.3021074,-111.8420649,33.3550442,-111.726244],[185,11,7,24,108,119,48,224]
iGqazZVwHce1S0CwI07GrA,33.460340599999995,-111.91911675,4,[33.4194512,-111.9223075,33.50123,-111.915926],[38,126,39,11,7,47,88,48,26,128]
cJNvYzqahf3gEM3OV45QdA,33.55407925,-111.9831119,110,[33.4952769,-111.9884173,33.6128816,-111.9778065],[182,48,140,11,177]
MSEfvU-Kicg3LbiKjDkvTA,33.3854775,-111.84120035000001,7,[33.351089,-111.84303,33.419866,-111.8393707],[177,140,11,149,126]
A_iuvYtP7JfMRHENvQm22A,33.3197988,-111.929773,2,[33.3197988,-111.929773,33.3197988,-111.929773],[84,345,6,346]
AncjKCDfkJraxwGxNI1F2Q,33.33870564034085,-111.746605577427,2,[33.31081,-111.772012,33.3666012806817,-111.721199154854],[119,201,11,7,63]
5vjRus3ZghFK2VlfUWlUBQ,33.5963369,-111.99794695,27,[33.4920804,-112.0741143,33.7005934,-111.9217796],[177,140,11,210,48,6,204,65,440,260,119,265,27,63,109,38,39,26,7,142,108]
HY53AFJzVN8DMHMn6Cd6jA,33.415248500000004,-111.79633895,5,[33.3931452,-111.8744982,33.4373518,-111.7181797],[26,11,63]
TTnwYRU-eiAIwnyKvmQ3OA,33.3086797,-111.7435862,1,[33.3086797,-111.7435862,33.3086797,-111.7435862],[27,11]
O-YcjnqoLd2m2OS725t_6w,33.5557312,-112.12227895000001,8,[33.4712477,-112.1798866,33.6402147,-112.0646713],[24,11,218,48,41,65,133]
duTNSjfU9i1uHXsetPyR3A,33.67027425,-112.0163317,7,[33.4962205,-112.133957,33.844328,-111.8987064],[39,38,26,127,11,140,40,48,109,63]
UL7y72yN63poF6ESShWbTQ,33.4862925,-111.94479,5,[33.362719,-112.013801,33.609866,-111.875779],[251,11,13,6,4,5,425,160,224,41,149,97,185]
iPRMM5u8ISeGvVaMDVtB-g,33.3700035,-111.92103900000001,11,[33.304861,-111.998367,33.435146,-111.843711],[373,182,41,11,224,251,119,38,99,39,24,7,108,63,27]
H7vCTn00KcfXf__5m65zpg,33.3284207,-111.7412715,5,[33.3284207,-111.7412715,33.3284207,-111.7412715],[49,50,52]
HvTcoZA6ZuWzgRBO6PVAbQ,33.465658149999996,-112.00011359999999,5,[33.4217383,-112.0739142,33.509578,-111.926313],[26,11,7,108,63,27]
IWxuc6K2wKL5QNSzv8RYXA,33.561285999999996,-111.906587523454,4,[33.50201,-111.9313599,33.620562,-111.881815146908],[265,11,7,108,65,54,220]
8QLmkzV80lAfPkUErDDAiA,33.409735,-111.857263,14,[33.409735,-111.857263,33.409735,-111.857263],[38,26,39,11]
QFox6_-oCyD8CV3knXVNWA,33.59603081676705,-112.10350399999999,8,[33.480771,-112.115428,33.7112906335341,-112.09158],[99,43,11,28,17,29,229,185]
XnuyGvUeJ7bVrZdqecz4kw,33.6233481110139,-111.931940317154,31,[33.6233481110139,-111.931940317154,33.6233481110139,-111.931940317154],[48,11]
kBIXlpUhm0ZChArucSea0w,33.639472,-112.071469,1,[33.639472,-112.071469,33.639472,-112.071469],[224,41,11]
XYhcO-FuE34zVQj04__dUA,33.53971275,-111.9694928,4,[33.4939313,-112.013359,33.5854942,-111.9256266],[224,11,185]
BK2r-60FMUlxq4X-ICP3Mg,33.491063100000005,-111.993469,3,[33.4146742,-112.073536,33.567452,-111.913402],[446,11,251,44,192]
vZP2AoM_YtFOhxuFqJbmeg,33.272043,-111.9802308,3,[33.272043,-111.9802308,33.272043,-111.9802308],[49,265,146,11]
n2oyv4gl6a0rZ03-j3zYzQ,33.321061644794,-111.723918914795,1,[33.321061644794,-111.723918914795,33.321061644794,-111.723918914795],[99,11]
OuaAwZIX__xEm4u8qrITVQ,33.5787154,-112.1659403,39,[33.4957558,-112.4159659,33.661675,-111.9159147],[382,11,265,99,38,48,39,475,98,7,206,109,27,224,251,212,43]
1wMGLaMIH7CcmJ2htS1rmw,33.46845075,-112.06601330000001,101,[33.298212,-112.34477,33.6386895,-111.7872566],[210,181,11,39,340,38,224,7,47,26,189,10,24,218,101,57,145,149,42,43,41,88,298,185,239,8,33,117,48,83,6,74,194,63,99,79,121,36,265,373,97,201,192,196,142,44,1,301,32,302,119,168,89,27]
TRgrepf1Ai05Q3OhbO3DxA,33.5271086,-112.0648465,1,[33.5271086,-112.0648465,33.5271086,-112.0648465],[202,72]
hUkd8t8Zm0nuhVwuEu9XnQ,33.41444395,-111.89185505,11,[33.3193525,-112.0275918,33.5095354,-111.7561183],[11,7,9,10,63,27,33,126]
xXS0fbS5tUpcf7ShTnT-Zw,33.431043,-111.9392393,5,[33.431043,-111.9392393,33.431043,-111.9392393],[32,291,84,199,159,1]
cpf4iow0LQoV9oKOskXK5w,33.444801984944,-112.07211772211,2,[33.444801984944,-112.07211772211,33.444801984944,-112.07211772211],[38,99,39,128,185,11]
kouO-oddtEFBbLVImEI6RQ,33.49027085,-111.98245225,5,[33.4876277,-112.0313385,33.492914,-111.933566],[109,38,39,206,11,99,40,48]
4byMIQZB9wBzJhdNeIkr0A,33.6749989,-111.9776027,1,[33.6749989,-111.9776027,33.6749989,-111.9776027],[182,48,140,11]
7R2h2e9AJRaML_XYQMObkQ,33.498028,-111.927951,23,[33.498028,-111.927951,33.498028,-111.927951],[352,48,11]
MhY9iN8svhwZYq4IEwh9Rw,33.247575,-111.63436,3,[33.247575,-111.63436,33.247575,-111.63436],[113,6,116]
a0lwNc96ygx_HdOdEBc4ew,33.383848,-112.131565,1,[33.383848,-112.131565,33.383848,-112.131565],[31,32]
RyhQ25rEbRFPbnxfLXZGBA,33.55158195,-112.0465242,9,[33.495981,-112.152723,33.6071829,-111.9403254],[26,11,7,292,99,48,63,49,59,104,133,65]
959JV8nD2DIO5qTXSAA_cg,33.5100097,-112.0152845,1,[33.5100097,-112.0152845,33.5100097,-112.0152845],[48,11]
f6Mnwo6WXeHfWbzOHvxjQg,33.5736474,-112.1246893,2,[33.5736474,-112.1246893,33.5736474,-112.1246893],[12,13,6]
BjVPSqvHqrqT37JcQVyZMg,33.43475,-112.00644,12,[33.43475,-112.00644,33.43475,-112.00644],[28,170]
jZL3u6BzkJWFqT3SPIokyA,33.0690759,-112.0458143,2,[33.0690759,-112.0458143,33.0690759,-112.0458143],[41,43,11]
CWsCKVIxr9OGGUdQJO9VNQ,33.4493777,-112.0656259,1,[33.4493777,-112.0656259,33.4493777,-112.0656259],[88,38,39,89,11]
z-JiJkKuxFIEJTh_kFSeNw,33.6049318,-111.977799,1,[33.6049318,-111.977799,33.6049318,-111.977799],[26,11]
PPYuCKkGHtcJCW0cLAYJxg,33.401480649999996,-111.8972285,9,[33.2174671,-112.0739689,33.5854942,-111.7204881],[137,7,139,119,11,27,63,24,224,186,57,60,6]
K1ujGjyAj6iQFjLRF4QFRw,33.456322650000004,-111.8925905,21,[33.2748213,-111.927065,33.637824,-111.858116],[224,11,28,17,29,43,99,127,251,177,140,46,6]
fy8u9MsHxUk1h78r4AlmGg,33.541851,-111.9631565,11,[33.502191,-112.047095,33.581511,-111.879218],[123,65,127,11,109,38,39,63]
JSeo22e-wQ9Sc3eXsQTovA,33.5097768,-111.9957399,2,[33.5097768,-111.9957399,33.5097768,-111.9957399],[38,48,39,11]
