4SzXh0CIdKHhdT0jAxaioQ,33.4441785,-111.7883958,5,[33.4374144,-111.7886093,33.4509426,-111.7881823],[7,162,108,96,72]
D6wyHBlGQCdow5Bx9Y2DrQ,33.425077,-111.98091,17,[33.425077,-111.98091,33.425077,-111.98091],[28,17,29]
7LhT5OW1lZ3wn9Mq1v8uDw,33.55299,-111.903869,2,[33.55299,-111.903869,33.55299,-111.903869],[32,95,222]
dihOuUPEg3sbEN-Qrt17wQ,33.5100084467657,-112.029651966191,1,[33.5100084467657,-112.029651966191,33.5100084467657,-112.029651966191],[7,292,99,48,11]
kOKMI6eTeuj_fr8VEV7-Aw,33.60784007326485,-112.068045794153,4,[33.5754755,-112.070932388306,33.6402046465297,-112.0651592],[43,11,119]
OqLxZhmd1mB8l_ZlvhlV_g,33.5706,-111.9021,4,[33.5706,-111.9021,33.5706,-111.9021],[38,48,99,39,11]
j0ZwQAbPa6uZ7jtik8wJbw,33.4976754,-111.9298957,3,[33.4976754,-111.9298957,33.4976754,-111.9298957],[49,82,59]
EzLd3QZNpRaqiuHvJoySWw,33.502191,-111.996292,10,[33.502191,-111.996292,33.502191,-111.996292],[109,38,11,39,63]
U1p9DkJmINIUqzcPTGz8Cw,33.44032125,-111.9198955,3,[33.3929982,-111.9270311,33.4876443,-111.9127599],[6,204,65,195]
Mibzg--TwrUZqLo8Vu5BRQ,33.4287561,-111.9384775,5,[33.3632172,-111.951494,33.494295,-111.925461],[101,38,39,128,28,17,29,26,11]
INevu6OWYEOI2q4zD3UCFA,33.4450074,-112.3062163,15,[33.4389448,-112.5564756,33.45107,-112.055957],[26,11,8,7,138,139]
mYWWZJfimREyTxcxROUs8A,33.305672,-111.9482415,18,[33.304861,-111.969418,33.306483,-111.927065],[28,17,29,7,292,182,218,11]
IjbWD1UbyqBx-U2AZ_Ep-Q,33.5219518275351,-111.97437286377,2,[33.5219518275351,-111.97437286377,33.5219518275351,-111.97437286377],[49,445,66,52]
BlHSg-UvDMx0wQ--JyF5ag,33.402192150000005,-111.8460262,7,[33.3892,-111.86058,33.4151843,-111.8314724],[7,292,46,6]
LbnPwmLiErYzP1B6mq4w3w,33.523140299999994,-112.09966375,4,[33.4503996,-112.134443,33.595881,-112.0648845],[33,117,24,11,322,57]
JzpirmiADM0xMUfZ80oaqw,33.3550442,-111.7895308,4,[33.3550442,-111.7895308,33.3550442,-111.7895308],[185,11]
hbe9w7UB6hvEWzbDQHYyDw,33.64497345,-112.06648179999999,8,[33.49112,-112.2029357,33.7988269,-111.9300279],[99,11,63,26,48,168,265,7,10,9]
P6EBeMvWH6R66FptYfxEvA,33.484507328689205,-111.9962981184965,30,[33.4566960573784,-112.072327136993,33.5123186,-111.9202691],[38,39,40,7,6,99,88,11,26,127,27,128,48,119,33,293,311,109,63,247]
P9uH4ExCm-yKrLEQgON1Dw,33.530234,-111.925621,19,[33.530234,-111.925621,33.530234,-111.925621],[28,17,29]
wdav3b3wA_eVbQT9iYkwfQ,33.304775,-111.947948,28,[33.304775,-111.947948,33.304775,-111.947948],[33,11]
kDpbzI8uwNEg-Z8pFT6vHg,33.3881313,-111.8538436,11,[33.3881313,-111.8538436,33.3881313,-111.8538436],[28,11,17,29]
Sjcigb248ywvyUBIaCGDQA,33.47357305,-112.0023111,76,[33.4548476,-112.0800705,33.4922985,-111.9245517],[38,48,39,11,63,27,24,210]
iit44Yp_Vbj6VTzSVErb_A,33.412936450000004,-112.03241539999999,8,[33.331655,-112.0827178,33.4942179,-111.982113],[40,38,39,205,57,145,33,119,99,11,98,7,26]
IA1HpXBGwxDgtdXtQkH-TA,33.61899995,-112.16768379999999,17,[33.5819949,-112.2370076,33.656005,-112.09836],[248,6,72,184,43,11,99,265,168,126]
hMCa20ILtOvgba1YSPFsCA,33.488814500000004,-112.0685965,4,[33.466104,-112.081655,33.511525,-112.055538],[24,11,108,7,38,39]
bC3By-saT9ylKu-dwWgtcw,33.4294382,-112.224654,200,[33.3939224,-112.557111,33.464954,-111.892197],[72,299,154,11,126]
A-N7nJbS9ik1eq8bm153Nw,33.548716799999994,-111.99884854999999,3,[33.472674,-112.064759,33.6247596,-111.9329381],[28,17,29,11,63,99,26]
lkVI64_aKZsruTlhHEKt4Q,33.6405124,-112.0190828,2,[33.6405124,-112.0190828,33.6405124,-112.0190828],[7,108]
n5TLfoRrKgfXaZBZRpe6gA,33.366796550000004,-111.8061501,11,[33.3547012,-111.8779993,33.3788919,-111.7343009],[49,52,7,108,48,11,12,114,13,6]
ddi7I_KdhhjlK_M2EEYO4g,33.5083781,-111.9258659,14,[33.5083781,-111.9258659,33.5083781,-111.9258659],[161,28,65,17,29]
NZVQMEoUBTbQg4tqU1W1Zg,33.3496805,-111.9487453,3,[33.3496805,-111.9487453,33.3496805,-111.9487453],[10,24,11]
R5yUN8OxQzspRJAY3t7lSA,33.425938,-111.940346,2,[33.425938,-111.940346,33.425938,-111.940346],[123,65]
AK98_a5Zia7kDiXZq5E4NA,33.46896019034085,-111.897274827427,2,[33.3666012806817,-112.0733505,33.5713191,-111.721199154854],[119,201,11,71,72]
f9BqMQClQ0VVVNr_lC8wag,33.37158475,-111.97923555,2,[33.3197625,-111.980464,33.423407,-111.9780071],[126,97,11,28,17,29]
B8pdV4pgJpy3cSTLLiAmug,33.4514039,-111.973603,1,[33.4514039,-111.973603,33.4514039,-111.973603],[185,11]
unIz19uB8CEHMewIn5ppKw,33.4528292,-112.0685027,1,[33.4528292,-112.0685027,33.4528292,-112.0685027],[303,17]
TC277HBu4RoogkLozM-3OA,33.6556844,-111.9300279,1,[33.6556844,-111.9300279,33.6556844,-111.9300279],[99,11]
2qnz2y_Z1nDo2HqqfxJxSA,33.5450801,-111.87933545000001,54,[33.3480722,-112.043169,33.742088,-111.7155019],[26,17,18,11,251,224,126,97,7,108,201,119,149,27,182,218,307,36,38,39,109,43,168,10,24,440,48,63,206,475,99,88,89,340,210,265,379]
7glaIwwjcSdxoIKaCLSWlw,33.37829,-111.859257,2,[33.37829,-111.859257,33.37829,-111.859257],[265,126,97,11]
NWbiPd4AhbIKjep_vgasog,33.504021550000004,-111.98932719999999,154,[33.4986978,-112.0588374,33.5093453,-111.919817],[39,38,99,128,11,126,109,63,229,40,48,210,26]
QSp6-XEPLjLVXAoILh3zMw,33.4958481,-112.1341270925535,7,[33.4384287,-112.3410882,33.5532675,-111.927165985107],[119,99,11,27,63,98,7,24,182,172]
W-Ol2dHCYdJhXjWFcu1Aew,33.481989,-111.935999,6,[33.481989,-111.935999,33.481989,-111.935999],[166,6]
GqoB4OgfvBdRNgKct_6UkQ,33.5674471,-112.1073361,2,[33.5674471,-112.1073361,33.5674471,-112.1073361],[19,20,23]
3mestfetw_JLoxjm-kApqQ,33.616418,-111.92631,1,[33.616418,-111.92631,33.616418,-111.92631],[265,126,97,11]
KauDAA3enAluJK_ay4vT-Q,33.5093244,-112.1182483,2,[33.5093244,-112.1182483,33.5093244,-112.1182483],[6,204,65]
WXi3Ulga_migZyvAUZdNCQ,33.48963945,-112.00964289999999,31,[33.4261603,-112.1089428,33.5531186,-111.910343],[38,48,39,40,11,177,140,6,70,35,76,63,126,97,24,99,98,7,206,142,108,292,311,88,109,182,309,119,285,4,5,8,26]
IvRIPcZVxwpBP-fycfSl3A,33.4377465,-112.0114223,1,[33.4377465,-112.0114223,33.4377465,-112.0114223],[26,11]
gxpYTCTO-EqDfzn9RyX7XA,33.348998241687596,-111.8152588961425,3,[33.3048512833752,-111.8744982,33.3931452,-111.756019592285],[168,43,11,26]
FoIG7yJObJ8MWSQA6tndfg,33.683226,-112.092802,2,[33.683226,-112.092802,33.683226,-112.092802],[7,9,10,11]
DbPjjgQaYajbx7ej7jFrtg,33.3055845,-111.9002766,4,[33.3055845,-111.9002766,33.3055845,-111.9002766],[6,21]
Sjq20F6TBdb1PD3SyM2sDg,33.560834658295306,-111.925240875743,3,[33.4860023,-111.9264164,33.6356670165906,-111.924065351486],[48,11,33,119,177,140]
b4IMebFN34WTFFf7aUKe1g,33.55881825,-112.13851065,3,[33.4516715,-112.203707,33.665965,-112.0733143],[26,11,48]
J0jywlzX6xwjDqPewyv7MA,33.5113942,-112.02615655,2,[33.5044193,-112.0475633,33.5183691,-112.0047498],[206,11,99]
7NtrU8wl0_K-CwqNzbh3Iw,33.5609651,-111.92898295,175,[33.498915,-111.9297079,33.6230152,-111.928258],[11,63,126,97]
DC6fzoDGbmXpLlRdZq0BPQ,33.3941184,-111.9091208,4,[33.3941184,-111.9091208,33.3941184,-111.9091208],[212,361,11]
1cw_Axi2i48IFUsIRpwbKg,33.247517,-111.624033,1,[33.247517,-111.624033,33.247517,-111.624033],[64,65]
51GXPkpMjupFnDjTpSjspQ,33.3021074,-111.8420649,2,[33.3021074,-111.8420649,33.3021074,-111.8420649],[224,11]
yVANfNfAdnIFqjvSKaDfCg,33.6005624,-111.7163108,3,[33.6005624,-111.7163108,33.6005624,-111.7163108],[27,11]
YlH8yt42S6nyKmpwGH4__A,33.334824,-111.9487344,3,[33.334824,-111.9487344,33.334824,-111.9487344],[38,99,128,39,296,11]
m9zDNvpl_9Cy3hEoYdyCzw,33.629885,-112.031241,1,[33.629885,-112.031241,33.629885,-112.031241],[7,162]
ovjDb5aqOPz_vQU4bTxhmA,33.304741,-111.996023,4,[33.304741,-111.996023,33.304741,-111.996023],[96,72,71]
aFh79e55bjxj5XD5vkob8Q,33.58791115,-112.03675799999999,60,[33.5044193,-112.185076,33.671403,-111.88844],[206,11,26,27,218,224,99,120,177,140]
60nJ0wohn1KAgzo4yAzHDQ,33.407162534253,-111.90964874703,30,[33.407162534253,-111.90964874703,33.407162534253,-111.90964874703],[117,11]
5b27MGCiV88yLvnI9wNQrw,33.4193475,-112.06119355,51,[33.304492,-112.2618153,33.534203,-111.8605718],[38,7,47,88,39,48,11,63,212,97,168,42,43,33,128,27,265,26,182,99]
Bx6ry4EzWNYElxiP4Mqhog,33.527824,-111.9270661,3,[33.527824,-111.9270661,33.527824,-111.9270661],[13,6,4,49,59,12,193,160]
VDISTthmF1D8kyGCFzU0sw,33.4402837,-111.9307701,2,[33.4402837,-111.9307701,33.4402837,-111.9307701],[49,52]
5IIRCCTddB4Yup65-HuauA,33.6543532140261,-112.083579911637,2,[33.6543532140261,-112.083579911637,33.6543532140261,-112.083579911637],[177,140,11]
62Xud28CmsoqJ-AEt3gZ1A,33.480017,-112.031501,1,[33.480017,-112.031501,33.480017,-112.031501],[57,56]
LeLVu-ijElqWWPKG2QYy_w,33.4608045,-111.9477654,5,[33.4608045,-111.9477654,33.4608045,-111.9477654],[57,470,145,39]
Wy7UEqtBkjvjIOjn60UcPQ,33.603258,-112.25297,5,[33.56627,-112.276611,33.640246,-112.229329],[27,11,26]
IO7stvN7CLfqPrQSXW6wFA,33.5928565,-112.3000159,2,[33.5928565,-112.3000159,33.5928565,-112.3000159],[7,108,201,11]
PuoheaRYsqcLcNtubxjfLQ,33.474605,-112.065107,3,[33.474605,-112.065107,33.474605,-112.065107],[48,11]
egC_WukduWPnqBYeNkPQRQ,33.48890595,-112.0637821,2,[33.4548476,-112.0800705,33.5229643,-112.0474937],[101,38,39,63,27,24,11]
AaHXbzxbLyNivuHHcdpGgw,33.596001799999996,-111.9282636867525,16,[33.4940321,-111.9947,33.6979715,-111.861827373505],[99,26,17,28,29,11,27,63,88,38,39,298,128,7,8,119,43,106,54,226,134,135]
uAC8oKSjt3fR8wqauM06lQ,33.498028,-111.927951,1,[33.498028,-111.927951,33.498028,-111.927951],[352,48,11]
4OFp34tCTh9Pps5nsjt_lw,33.51839364999999,-111.99669395000001,21,[33.4528292,-112.0685027,33.5839581,-111.9248852],[38,99,88,39,128,11,64,65,140,63,26,7,137,8,139,117,214,48,185,101,265]
UXESS4iyELXt1m4FU-u4Pw,33.5381023,-111.9085317,2,[33.5381023,-111.9085317,33.5381023,-111.9085317],[62,27,17,11]
InAWMO7WD0QaEwWFwBrBVw,33.624638,-111.930343,1,[33.624638,-111.930343,33.624638,-111.930343],[46,6]
K3jPGwsmcIR5F7CB67eSxA,33.2762703,-111.8753205,1,[33.2762703,-111.8753205,33.2762703,-111.8753205],[99,11]
Rir-YRPPClKXDFQbc3BsVw,33.3702541,-111.9741847,200,[33.3702541,-111.9741847,33.3702541,-111.9741847],[265,11]
CWNtVvvMMC1sMb0ZN4bFWQ,33.6222859533147,-111.904171575451,5,[33.6222859533147,-111.904171575451,33.6222859533147,-111.904171575451],[218,41,323,11]
7bLEJCYCqUQEy5jdr6aWXQ,33.5832073,-112.0131291,2,[33.5832073,-112.0131291,33.5832073,-112.0131291],[108,7,119,38,109,39,11]
w9FobM_vIS2TH0xU7NPPJA,33.3258398983891,-111.687473058701,12,[33.3258398983891,-111.687473058701,33.3258398983891,-111.687473058701],[185,229,11]
IVDSmFqBXhn7AUBmvoQU2Q,33.5086952779617,-111.927080154419,4,[33.5086952779617,-111.927080154419,33.5086952779617,-111.927080154419],[99,11]
gUCIwvqiN_kg3mEPIITp7A,33.5989116,-111.9813729,2,[33.5989116,-111.9813729,33.5989116,-111.9813729],[6,21]
T2QJ_ePTC1is9va-URN6nA,33.3729026,-111.85387804999999,37,[33.2920211,-111.9532638,33.4537841,-111.7544923],[147,7,84,148,149,11,28,17,29,49,368]
sUTQfzzxxc2c3g6cFH19pQ,33.5710802,-112.0517775,54,[33.3117903,-112.341878,33.8303701,-111.761677],[168,42,43,11,212,63,97,99,126,98,7,48,149,177,140,38,39,40,108,224,251,93,3,206,57,186,6,8,138,218,139,307,91,56,145,26,119,120,47,27,24,41,192,49,445,66,52,65,133,201,340,210,33,221]
iEk16PravYgF1j9kh7ZE9g,33.360528,-111.96964,16,[33.347591,-111.9819,33.373465,-111.95738],[119,99,11,158,28,38,128,39,26]
C44f6xOurhthSx9-0EB1IA,33.3216034,-111.9626175,2,[33.3216034,-111.9626175,33.3216034,-111.9626175],[126,11]
27NvNd6GQ2TIuDMq4rwetA,33.3846592,-111.7687405,200,[33.3789553,-111.8521234,33.3903631,-111.6853576],[27,48,11,126,7,36,8,28,17,29,6,45]
CiMlibhkS4uezVaHuU5Khw,33.516297436437256,-112.094482164505,22,[33.4657898,-112.2634935,33.5668050728745,-111.92547082901],[26,11,28,17,29,224,119,43]
axUUMWNRMyHSXfHj2BZaUQ,33.5836721,-112.1516571,56,[33.5836721,-112.1516571,33.5836721,-112.1516571],[273,39]
GemAGc2-nsKICSENOaZfDw,33.377767,-112.172642,1,[33.377767,-112.172642,33.377767,-112.172642],[65,133]
wMaarel1u6u3MFudiHY_DA,33.496805699999996,-111.92384344999999,31,[33.491546,-111.9242599,33.5020654,-111.923427],[26,11,28,17,29]
y41uv-OcU2OqQAWGvcT80g,33.712844000000004,-112.08083825,12,[33.5612589,-112.231662,33.8644291,-111.9300145],[168,41,11,126,212,185,130,32,7,138,139,140,48]
NhDhm1TZ9BE5Vg-BYwbQ6Q,33.41003965,-111.9117182,7,[33.2455959,-111.982113,33.5744834,-111.8413234],[33,119,99,11,6,32,302,110,1,141,185,120,48]
lESrKk1SGFhLzk96VD2tTg,33.4103264,-111.952179,12,[33.3045866,-112.029562,33.5160662,-111.874796],[161,28,65,17,29,10,44,24,11,99,88,38,39,298,26]
_QEz_4cXvMTKaKt1_vwv1g,33.6380393,-111.9259752,8,[33.6380393,-111.9259752,33.6380393,-111.9259752],[10,24,11]
X9VtoWGd-3BLfFqoPUGTSA,33.5739917,-112.05754565,12,[33.5092898,-112.1838093,33.6386936,-111.931282],[177,182,140,192,11,48,169,173,6,112]
1VYwbnwR7SY56s7YvJ20-A,33.626109,-111.924591,6,[33.626109,-111.924591,33.626109,-111.924591],[127,11]
34TwcChxsSVJvgNKdo2gFg,33.50954923186595,-112.025094773185,17,[33.3047714067745,-112.13983297348,33.7143270569574,-111.91035657289],[212,43,11,126,119,127,181,99,44,26,404,451,7,9,10,97,224,177,140]
3NwAgpjNFe7SnYgVuGElWg,33.44219791376755,-111.95124805,183,[33.362444,-112.079081,33.5219518275351,-111.8234151],[26,11,38,39,40,15,6,191,7,139,225,250,14,108,98,24,192,27,48,119,309,285,88,89,182,172,99,246,17,423,77,112,35,111,113,475,63,109,292,322,57,56,12,114,13,49,445,66,52]
QOiqdieu-luXMWPSSiLtKQ,33.4597165681719,-112.00138807473749,11,[33.4033669363438,-112.029562,33.5160662,-111.973214149475],[28,17,29,161,65]
1oR3-73q1Ywg9SqdI_uSFA,33.6043733,-112.01446525,4,[33.4957558,-112.1130158,33.7129908,-111.9159147],[7,36,182,24,11,108,292,98,206]
Wmb0mP7mNI68u_m9BjJsMA,33.480203,-111.9825532,3,[33.480203,-111.9825532,33.480203,-111.9825532],[26,11]
n9Zg0jlOGtxfIrvoPm6Hhw,33.5956083260014,-111.81296,196,[33.317906,-112.26167,33.8733106520028,-111.36425],[30,13,6,33,117,24,11,72,395,88,298,39,38,115,99,27,202,44,251,49,52,18,51,17,48,57,327,10,63,28,29,445,66,69,84,419,168,333,129,32,79,140,192,323,154,80,82,59,109,265,185,26,126,141,61,331,7,247,307,177,4,5,425,160,309,285,98,108,97,181,229,74,296,142,120,200,119,128,20,23,243,8,45,47,104,195,65,9,208,35,46,133,178,372,292,232,240,241,206,147]
GO5QVMnvvE4CABiJPgSYgw,33.5211451,-111.953696061055,14,[33.4150637,-112.07211772211,33.6272265,-111.8352744],[27,11,186,57,13,6,7,47,48,38,99,39,128,185]
gkLF4m_BlvFRhOuh1OGgyw,33.6411275,-112.231129,1,[33.6411275,-112.231129,33.6411275,-112.231129],[71,72]
xcxl_dMk8aRTPn3NIFZfsQ,33.50201,-111.9313599,1,[33.50201,-111.9313599,33.50201,-111.9313599],[265,11]
LSf-IajkL99JQBZ3PzXnjQ,33.5436389,-112.0853791,109,[33.4471783,-112.2452474,33.6400995,-111.9255108],[38,48,11,128,39,63,27,24,10,49,52,6,284,35,57,145,26,127,99,109,168,265,227,32,7,138,8,139,137,224,36,403,79,121,69,40,108,201,375,251]
n-XdkKrbKPs8x7rUuizx1g,33.507477699999995,-112.02411455000001,107,[33.4253394,-112.116136,33.589616,-111.9320931],[28,17,29,18,39,26,127,11,212,465,57,145]
nnbEhogXiXad6UN_3bMM8A,33.46355015,-112.0735548,24,[33.4354553,-112.0739136,33.491645,-112.073196],[38,140,39,40,48,11,309,285]
zLtM4KKIkiqhDN8i872TBA,33.545363071322,-112.0653964925535,18,[33.421617342644,-112.203627,33.6691088,-111.927165985107],[182,172,11,7,36,24,48,140,224,63,27,43,292,142]
pvtPj-DHhMvdZf5DpO2J_w,33.450906087022446,-111.8666902478025,49,[33.2183331740449,-112.168935,33.683479,-111.564445495605],[99,11,30,8,13,6,7,110,36,96,72,168,43,161,28,29,17,65,157,103,100,257,44,24,148,49,52,284,35,224,45,146]
l84ZmFLNEDOExSVjV2_0_w,33.4930514,-111.9339561,1,[33.4930514,-111.9339561,33.4930514,-111.9339561],[28,17,29]
N8-2gAaQKwLhmLsILRH5SA,33.266696887038,-111.99153418078,17,[33.266696887038,-111.99153418078,33.266696887038,-111.99153418078],[28,29,17,11]
IHaKxqYhBF_QiHM07Ncfiw,33.668628,-112.0462704,6,[33.610449,-112.239434,33.726807,-111.8531068],[265,185,11,7,108]
hfrW-RWoI7OjG6oyYRr6RQ,33.4770399,-112.0649071,1,[33.4770399,-112.0649071,33.4770399,-112.0649071],[74,11]
iVe2cQulgqO6UrD36fcQ0w,33.5123186,-111.995355,38,[33.5123186,-111.995355,33.5123186,-111.995355],[119,99,11]
j_4A9zTGaKGYXBJI5L_VmQ,33.46390735,-111.9328544,7,[33.425316,-111.9398141,33.5024987,-111.9258947],[7,292,38,128,39]
AGZTi_WK0bxnJtCfJhKVGA,33.5693997,-112.0740526,2,[33.5693997,-112.0740526,33.5693997,-112.0740526],[26,11]
ofFReH43TaifIzHYgO6R_A,33.6347337,-111.917676,3,[33.6347337,-111.917676,33.6347337,-111.917676],[208,130,6,32,35]
QQltfvEq-YYN7roLQarVsg,33.55090735,-111.99680025,32,[33.4770236,-112.073629,33.6247911,-111.9199715],[127,11,7,142,63,119,38,48,39,145,57,205,40,140,352,229,182,218,307,26,27,33,206,126,46,6,101,99,128,109]
WSegTe-Pl96EUzNrGXoODQ,33.640714,-112.065001,2,[33.640714,-112.065001,33.640714,-112.065001],[33,44,11]
bM2OTIopnFoaQGLxK2PxPg,33.4679462,-111.95287375000001,200,[33.43475,-112.00644,33.5011424,-111.8993075],[24,11,39,212,126,293,28,17,18,29,170]
lHZsCZ4KZsxeiixQ1lBxLA,33.509630099999995,-112.0143466,43,[33.3406452,-112.100731,33.678615,-111.9279622],[88,298,39,38,11,126,97,177,140,182,48,7,24,47,27,109,210,251,108,224,63,10,119,6,250,26,120,223,33,43,212,77,35,76,219,218]
3Zk6AL9ECMlG2q0FoTFRyQ,33.4420729,-112.13411959999999,4,[33.4210828,-112.358704,33.463063,-111.9095352],[30,13,6,117,11,97]
L4MRtxe25MUdtV8P1l16pg,33.4791764,-111.619471,12,[33.4791764,-111.619471,33.4791764,-111.619471],[49,52]
CiwOkv08wAHeVmyDh4lJuw,33.653343899999996,-111.97863765,9,[33.5086148,-112.0308173,33.798073,-111.926458],[7,9,26,11]
63vT0c5h4T9ihTplTWCGMQ,33.4234408327431,-111.939622163773,63,[33.4234408327431,-111.939622163773,33.4234408327431,-111.939622163773],[109,38,27,39,11]
Icx6jJhBpVZKC5r-H84iuQ,33.3780682,-111.9402788,1,[33.3780682,-111.9402788,33.3780682,-111.9402788],[27,11]
nH61p3gbGaT6ve020mxXgg,33.4925951,-111.9259858,55,[33.4925951,-111.9259858,33.4925951,-111.9259858],[265,11]
7TsjZ6KryG_3vZdMQ0LlBA,33.610449,-112.239434,1,[33.610449,-112.239434,33.610449,-112.239434],[7,142]
SI4Apv9Gm-UvlGPBxSOj8Q,33.665965,-112.203707,2,[33.665965,-112.203707,33.665965,-112.203707],[26,11]
HmpXvcl1oyz5XbciY7sxDg,33.4643591,-112.3727582,5,[33.4643591,-112.3727582,33.4643591,-112.3727582],[307,212,43,11]
hOs7tOxbc27hEQGcuxE_Fw,33.4571501,-112.3957085,4,[33.4571501,-112.3957085,33.4571501,-112.3957085],[7,108,482]
6LTdlcbn7UeaPxShG0fzDg,33.51315,-112.073765,3,[33.51315,-112.073765,33.51315,-112.073765],[11,63]
u1orfp4DADgDVHTex3YjdQ,33.50201,-111.9313599,30,[33.50201,-111.9313599,33.50201,-111.9313599],[265,11]
0qAgcZQ3uT4BrvA_P0LW0Q,33.4774977,-111.92164625,2,[33.4661264,-111.92575,33.488869,-111.9175425],[106,54,226,49,438,367]
HA3Z5utMBJCooYOha4sS3Q,33.5680276,-111.98460220000001,9,[33.4354618,-112.0999,33.7005934,-111.8693044],[185,11,26,251,202,72]
0IeBFppLi9VTvUSIp_KfRA,33.437090090626356,-111.9811622008575,15,[33.3051122,-112.072167,33.5690679812527,-111.890157401715],[6,77,112,191,35,17,15,111,113,49,193,59,33,119,99,11,338,214,206,7,108,24,172,212]
Ozv57KcbI6FeBiJWw8SnSA,33.400284,-112.000808,2,[33.400284,-112.000808,33.400284,-112.000808],[24,11]
fjSlQkLPhpBkclkvlpo6IQ,33.681047,-111.9703593,200,[33.678615,-111.9746066,33.683479,-111.966112],[161,28,29,17,65,98,7,119,24,11,141,6,57,99,91]
Dl4aYuhmIqbDoFRVV8CtBg,33.448717,-112.059954,41,[33.448717,-112.059954,33.448717,-112.059954],[26,11]
o9SscENMf5_P5yevyqL1QQ,33.62415355,-112.2964445,6,[33.610173,-112.357696,33.6381341,-112.235193],[307,212,43,11,7,8,27]
Zet4grAAibCHU2ESclhVGA,33.5966195,-111.8952025,112,[33.581586,-111.925693,33.611653,-111.864712],[26,11,63,27]
Ah7dG6IuANBFjkj1vIZ2tw,33.655643850000004,-112.0210905,156,[33.4608045,-112.1166506,33.8504832,-111.9255304],[7,292,65,133,48,11,57,470,145,39]
ofat_K13gHzuVXMcWiky3A,33.5183691,-112.0047498,5,[33.5183691,-112.0047498,33.5183691,-112.0047498],[99,11]
kJki2QrbPeIh8Yhaj2hWuw,33.26828145,-111.85031195,6,[33.2333299,-111.8580919,33.303233,-111.842532],[33,11,7,48,47]
Ek2kiXj-6ndGM5WW1QAwnQ,33.5500343743405,-111.91248677697601,3,[33.4787939,-111.9259092,33.621274848681,-111.899064353952],[251,11,26]
xKlCLPx09olhZsogLU-wJQ,33.6340901,-111.9253782,2,[33.6340901,-111.9253782,33.6340901,-111.9253782],[6,77,7,112,35,375,139,17,111,113]
QJImDH1HhWSzDTKUFyw4MA,33.5705669,-111.886606,5,[33.5705669,-111.886606,33.5705669,-111.886606],[126,97,11]
eS6V4zze6XuDxzdIWx64gg,33.463502,-112.351228,2,[33.463502,-112.351228,33.463502,-112.351228],[106,408,54]
KUc1JdWig5--_EeUVY2Y7Q,33.45101425,-112.06620835,147,[33.449233,-112.0693177,33.4527955,-112.063099],[27,11,28,17,29]
G21Eyv0nW7DRDwMniA7JQg,33.55809725,-111.96299995,22,[33.4931793,-111.996292,33.6230152,-111.9297079],[7,8,119,11,39,26,127,126,97,109,38,63]
6670GGYK2G11s-D5JQbgzg,33.362964899999994,-111.9673702,16,[33.3406452,-111.9701824,33.3852846,-111.964558],[6,77,35,76,46]
2yt6VEleLpPzAcVBO61EbQ,33.409627,-111.921346,23,[33.277061,-111.982113,33.542193,-111.860579],[33,119,99,11,265,126,97,177,140,38,128,39]
1ajv7CEuzebjrv7X-iwTmw,33.4796840557474,-112.01806295,11,[33.3192686114948,-112.1201999,33.6400995,-111.915926],[38,7,47,88,39,48,11,451,63,140,40,27,128,33,119,24,168,99,109]
FiFPjn283HObTt1o7MUwFA,33.345569,-111.831218,1,[33.345569,-111.831218,33.345569,-111.831218],[71,72]
3AZeFmmlJYw3xzPg6UTF1A,33.4780159,-112.254559,2,[33.4780159,-112.254559,33.4780159,-112.254559],[26,11]
OLYVUMDfGUlBbXfl5Vcy9w,33.47376075,-112.0090065,47,[33.42263,-112.0772,33.5248915,-111.940813],[7,108,186,6,57,24,119,11,307,212,43,250]
gvUr7aZmOFKPIbzPH3Jd1w,33.360804,-111.859837,3,[33.360804,-111.859837,33.360804,-111.859837],[63,27,11]
AnKetGR3sVcCzv8CLYHQVw,33.45003822543,-112.11716561029999,5,[33.34815905086,-112.270623,33.5519174,-111.9637082206],[185,11,99,26,57,69]
tuV1Lb_DYVAcsVT23DmzXg,33.4809894,-111.9609088,11,[33.3350458,-112.100731,33.626933,-111.8210866],[43,11,7,119,41,365,26,168,42,212,177,140]
Y0lD8cW2zqVrykio5T2Ocw,33.234537,-111.615091,3,[33.234537,-111.615091,33.234537,-111.615091],[32,203]
2yNl54UO56TxaEYakuWhtQ,33.3776765,-112.0265945,1,[33.3776765,-112.0265945,33.3776765,-112.0265945],[48,11]
5xrdJM88kiiFKpkp4CTfiw,33.4566960573784,-112.072327136993,1,[33.4566960573784,-112.072327136993,33.4566960573784,-112.072327136993],[119,11]
9Vqm1mtkWYKUvaCj495S5A,33.34815905086,-111.9637082206,1,[33.34815905086,-111.9637082206,33.34815905086,-111.9637082206],[185,11]
jW-JO3VtDrzvBv0OIy-dhw,33.3702541,-111.9741847,7,[33.3702541,-111.9741847,33.3702541,-111.9741847],[265,11]
A-5dC4TRdKWAK5OyhQmOuA,33.3350177,-111.9270792,5,[33.3350177,-111.9270792,33.3350177,-111.9270792],[7,292]
6YdlDDgPGTToXm5vTKh6iQ,33.54573430000001,-112.0089105,2,[33.507713,-112.040047,33.5837556,-111.977774],[11,33,99]
4Fxp59t5Gg9IQ50aEw_VQA,33.38703825,-111.8497515,19,[33.350068,-111.944983,33.4240085,-111.75452],[185,11,33,99,44,38,26,39,218,41]
UBXz2ByaX7J6oNdW0BsXvw,33.320648,-111.970335,1,[33.320648,-111.970335,33.320648,-111.970335],[289,6,35]
PsdnrZCfxLEzTnDJzi_PQQ,33.508118,-112.027582,9,[33.508118,-112.027582,33.508118,-112.027582],[57,99,7,36,69,11]
ytixgobKQ9x1qTg875PDGQ,33.583236,-111.980322,1,[33.583236,-111.980322,33.583236,-111.980322],[294,106,54,104,65]
UzckJqqSnDBlrFs0VX4dCQ,33.491695,-111.925624,1,[33.491695,-111.925624,33.491695,-111.925624],[48,11]
1HuQEFbUD10TXLu5Prjp8Q,33.3350308,-111.877431,1,[33.3350308,-111.877431,33.3350308,-111.877431],[126,97,11]
sjdQ7sAT6G3ibRRkFKrDlw,33.53775449971805,-112.0413037,108,[33.4354553,-112.1612117,33.6400536994361,-111.9213957],[98,7,212,43,11,309,162,119,224,26,285,265]
ICclRI9gNCvBYGfKA2969Q,33.4566960573784,-112.072327136993,4,[33.4566960573784,-112.072327136993,33.4566960573784,-112.072327136993],[119,11]
Fwm-1uymtQDYH_cfabjoOw,33.50512765,-111.9670285,3,[33.4799333,-112.01424,33.530322,-111.919817],[39,38,99,128,11,129,78,332,278,79,65,133]
0d8aK3J6erYIycfoVI259w,33.56490185,-111.96435915,10,[33.43475,-112.00644,33.6950537,-111.9222783],[28,170,157,103,119,120,11,7,292,99,48,47,27]
y6TszIl9rQiO9vWUUJJJZQ,33.39921159401855,-111.9915656546415,24,[33.3022417,-112.0775732,33.4961814880371,-111.905558109283],[309,119,285,11,38,143,39,311,88,48,201,99,26,33,7,47,40,182,140,185]
C3g1LgQF49slYdfivGoKfw,33.566109,-111.9244817,1,[33.566109,-111.9244817,33.566109,-111.9244817],[7,292,338,206,11]
v_S5R9PqJHEnKrFis7-RSA,33.5302518387677,-111.9259857967835,190,[33.530234,-111.926350593567,33.5302696775354,-111.925621],[28,17,29,109,38,265,39,11]
LAZ4pgoajGT4kmDFUPCmcA,33.50748045,-112.03515215,3,[33.502191,-112.0740123,33.5127699,-111.996292],[109,38,11,39,63]
4Q3pqQ-WR7kSBJyhQvRipw,33.5977963,-112.1614448,26,[33.5331251,-112.2581306,33.6624675,-112.064759],[7,108,17,62,43,11,142,63,27,57,145,205,39,48,99,120,26,38,128,265,338,382,206,24,185]
e_NxP7U6lRRbbBDwy5xMxQ,33.424281,-111.924088,2,[33.424281,-111.924088,33.424281,-111.924088],[49]
EpcyN9N03fDheFO5_nctMw,33.7990653,-111.9272422,67,[33.798073,-111.9280264,33.8000576,-111.926458],[65,158,17,28,161,29,26,11]
ExEpiLU0Jxquv9oxNt6IcA,33.4217923,-111.951184,23,[33.4217923,-111.951184,33.4217923,-111.951184],[98,7,24,11]
9hcMkuGEHHFN8pOWt79dMA,33.57261345,-112.153671,7,[33.5097112,-112.233809,33.6355157,-112.073533],[7,36,99,11,24,251]
DFfvg8RFrQdnT7eBS9U-dQ,33.672961,-111.9067043,8,[33.523891,-111.9154217,33.822031,-111.8979869],[161,28,65,17,29,88,38,99,39,11,101]
SvFtxW97zN74OT04Tx5qRg,33.6097989,-111.9271921,1,[33.6097989,-111.9271921,33.6097989,-111.9271921],[11,63]
BCdPrgBBLoF1o1JGNlRcvA,33.4358405,-111.95467,200,[33.4358405,-111.95467,33.4358405,-111.95467],[49]
LtWQfWczRtMg8KEiwUpfUA,33.4633341,-112.06551725,26,[33.3061062,-112.2707018,33.620562,-111.8603327],[7,139,225,8,142,61,13,6,30,27,11,108,119,126,97,57,48,62,17,69,36]
F5atzmqOAqEaYU86Oil2wQ,33.58193,-112.011752,1,[33.58193,-112.011752,33.58193,-112.011752],[84,124]
0XRFyY8-dxmrDheFPpe8Sg,33.5136828,-111.92286394999999,200,[33.500169,-111.9259109,33.5271966,-111.919817],[119,99,11,39,38,128]
rkgPZ6z27v0DxYMZo5haKg,33.400727700000004,-111.934909,6,[33.3216034,-111.994039,33.479852,-111.875779],[7,142,224,11,177,185,126,194,239]
ru0KRoDpPQGExExZTNfboA,33.436293,-112.011827,27,[33.436293,-112.011827,33.436293,-112.011827],[99,11]
QrvqDS7UzoVZRUOmxIr7fg,33.4860023,-111.9264164,4,[33.4860023,-111.9264164,33.4860023,-111.9264164],[33,119,11]
SqGee0U0-LgY_tWrGosddg,33.6353186,-111.9221127,2,[33.6353186,-111.9221127,33.6353186,-111.9221127],[61,13,6,85]
dp7543LZcoOyjK1y954N4A,33.48380875,-112.07704140000001,122,[33.4548476,-112.0800705,33.5127699,-112.0740123],[63,27,24,11,109,38,39]
wT8W3LDUHmgE_O4Mgp32uQ,33.49364045,-111.9188043,4,[33.447193,-111.9260096,33.5400879,-111.911599],[49,146,161,28,65,17,29]
qIQYGNpfRtmzj73C8z3jQg,33.551952799999995,-111.93016465,7,[33.4803679,-111.9347763,33.6235377,-111.925553],[7,108,24,11]
UpHMvyLaYYVPkt7YPnMkWQ,33.501821,-111.919938,1,[33.501821,-111.919938,33.501821,-111.919938],[265,185,11]
15J3D1xNze1NbO2SoqAQfg,33.40208105,-111.92461990000001,6,[33.3782241,-111.940346,33.425938,-111.9088938],[177,11,33,117,48,114,13,6]
DmfgRHMU8D6_P4MUqJ_7Eg,33.4950034,-112.0799371,1,[33.4950034,-112.0799371,33.4950034,-112.0799371],[33,44,11]
MXKgYJw7fsu56Dguv0oNMw,33.3355888,-111.7382907,1,[33.3355888,-111.7382907,33.3355888,-111.7382907],[11,63]
uiCDaVyG0Celns-1ZUJJIQ,33.379421,-111.923529,2,[33.379421,-111.923529,33.379421,-111.923529],[27,11]
j1ZxhaoJmt8NE_xeO_qwYg,33.7635354,-112.0714835,1,[33.7635354,-112.0714835,33.7635354,-112.0714835],[136,263,17,1]
7qz578k-9zTFQ6CLIg7ebg,33.4787939,-111.9259092,1,[33.4787939,-111.9259092,33.4787939,-111.9259092],[64,65]
pA6cwQ9EU5mceSy0axXe7g,33.425938,-111.940346,62,[33.425938,-111.940346,33.425938,-111.940346],[11,377]
3ZZ6RqfAbjO-a_2Ulb5KGQ,33.4473356,-112.0734239,1,[33.4473356,-112.0734239,33.4473356,-112.0734239],[38,99,128,39,296,11]
udo3q3WINYusmNzpq5gu2A,33.60770925,-112.15343725,21,[33.539257,-112.2760155,33.6761615,-112.030859],[251,11,43,41]
l24FFug31rAsXmkmKl1EPg,33.58348,-111.883526,200,[33.58348,-111.883526,33.58348,-111.883526],[7,142]
5PYYaVmk3q52bnMEyzCp2A,33.4946927,-111.9802875,3,[33.4946927,-111.9802875,33.4946927,-111.9802875],[7,108]
FOdKaVUkLGobvueWyDcLJw,33.4927969,-112.05293234999999,9,[33.4471735,-112.1839297,33.5384203,-111.921935],[49,38,39,128,341,210,11,27,63,64,428,65,48,26,168]
KIIUezwXntfQ1TPboPosTQ,33.46448929092,-111.927482626755,2,[33.46339228184,-111.9279622,33.4655863,-111.92700305351],[7,24,47,27,11,88,38,39,89]
zYaD3s_-6WkG1C10vyDvzA,33.49851385,-112.0206327,3,[33.4953688,-112.04725,33.5016589,-111.9940154],[119,120,11,177,140]
tWM0SfyOhevQfhj2r15Rwg,33.53063000005375,-111.9756415,4,[33.4925020001075,-112.064846,33.568758,-111.886437],[10,119,11,99,192,430]
Q3M4nhsALmRJJVxURP7sIw,33.337567,-111.93559945,7,[33.2475,-111.99506,33.427634,-111.8761389],[7,108,119,172,11,63,27,182,218,89,48]
tN8-JOg7CxCctRAg01jXuA,33.6355242,-111.9253385,4,[33.6355242,-111.9253385,33.6355242,-111.9253385],[149,126,11]
HcpLTXpMaUBcLs4oyczXxQ,33.5554247,-111.99944137592,6,[33.498915,-112.07341192283,33.6119344,-111.92547082901],[48,11,63,224,267,182,172,129,79]
oI0MvjfwSmyDIzTXiLlZaw,33.55043955,-111.98299715,36,[33.5173991,-112.0824683,33.58348,-111.883526],[7,142,126,97,11]
ejoraZyt7H3Ff9ZdwguRKA,33.5878609,-111.70922,5,[33.5878609,-111.70922,33.5878609,-111.70922],[26,11]
5a_j8E5wG86Btvjtr3VIfg,33.499236,-111.9177014,3,[33.499236,-111.9177014,33.499236,-111.9177014],[126,11]
s2PpELgBrqasMYvgiMs1NQ,33.4966555,-112.0376865,4,[33.49112,-112.079081,33.502191,-111.996292],[109,38,11,39,63,26]
JRxbsZ8gxeShsOwFLE61fw,33.66430425,-111.8898952,62,[33.5285509,-111.9280264,33.8000576,-111.851764],[49,178,251,224,212,43,11,26]
F5ha9Egw531-CwFWIA23FA,33.33605,-111.844836,2,[33.33605,-111.844836,33.33605,-111.844836],[48,296,11]
5EmSyNAw1PsQA51xldlkdg,33.33273845,-111.8834312661685,22,[33.2762769,-111.977072732337,33.3892,-111.7897898],[26,11,44,7,142,33,48,47,99,98,10,9,108]
vsinRHsVweitC-zLKllJYQ,33.3187306943108,-111.94338798523,1,[33.3187306943108,-111.94338798523,33.3187306943108,-111.94338798523],[43,11]
YdxEy5j7KYefQqSoTwwfGw,33.5094461,-112.0403946,31,[33.5094461,-112.0403946,33.5094461,-112.0403946],[63,27,11]
6h3Ukn8vLc7Y_GjTYkI06g,33.597213,-112.03605,1,[33.597213,-112.03605,33.597213,-112.03605],[26,11]
fNA5BVYkdyJVfebWrxyolQ,33.5940965,-112.076289945996,22,[33.509578,-112.2245556,33.678615,-111.928024291992],[126,97,11,182,48,26,38,99,33,39,128,265,63,27,7,36,206]
CLMUSytrkfKCXa0R8gXS_g,33.5386441,-112.0986063,1,[33.5386441,-112.0986063,33.5386441,-112.0986063],[26,11]
iWGP45n1_vORJY31T_2DzA,33.4930514,-111.9339561,3,[33.4930514,-111.9339561,33.4930514,-111.9339561],[28,17,29]
mQxfosBNKyRBr4FmYErgSw,33.5097999,-112.0122745,6,[33.5097999,-112.0122745,33.5097999,-112.0122745],[48,11]
r-yd21BCYUKS3S1TFd7rLw,33.4780686,-112.1936618,6,[33.446702,-112.340916,33.5094352,-112.0464076],[101,38,39,10,24,11]
1IPIiUKzagDI5DzRtrt8Sg,33.582323,-111.885977,13,[33.582323,-111.885977,33.582323,-111.885977],[54,324]
XDVABSG5JRXry3Dm45vnyA,33.52435745,-112.09043944999999,47,[33.3359104,-112.272834,33.7128045,-111.9080449],[43,11,33,117,24,63,98,7,119,38,26,39,44,48,185,27,138,139,140,285,194,57,69,212,46,13,6,30,10,9,8,41,400,309,99,120]
y9kKXDVOuPpaOaOyBr4KcA,33.5019602,-111.9514408,1,[33.5019602,-111.9514408,33.5019602,-111.9514408],[28,17,29]
3cgPgxKLayx-NeoI6Yp8DQ,33.5378713137466,-112.055160999298,7,[33.5378713137466,-112.055160999298,33.5378713137466,-112.055160999298],[63,27,24,11]
zR_dHZXyQGVupg2t9qMoxA,33.379553,-111.929601,63,[33.379553,-111.929601,33.379553,-111.929601],[7,137,8,139]
hE8cu6qYG474Gd2B9_qqog,33.495496,-111.988131,1,[33.495496,-111.988131,33.495496,-111.988131],[212,11]
aB_1_t8nAUHkS2nAFxcW0A,33.49331405,-112.04968455,2,[33.4770236,-112.073629,33.5096045,-112.0257401],[126,11,109,38,48,39]
Bdq--HStv8tRLuWO4c9N0w,33.5119753,-112.09630855,11,[33.4564268,-112.1371245,33.5675238,-112.0554926],[39,212,293,239,11,126,97,63,43,7,108]
Q2p1VXVqvbm2goVSYUQvCg,33.383482,-111.857962,1,[33.383482,-111.857962,33.383482,-111.857962],[12,114,13,6,115]
27hnEjiyfK3mQB9a8AA5Lw,33.4212935,-111.9258672,18,[33.4212935,-111.9258672,33.4212935,-111.9258672],[26,11]
MKnIpmTfppiMENTxclQLXg,33.641525,-112.066243,1,[33.641525,-112.066243,33.641525,-112.066243],[84,124]
pTw9Ya2A60V4BR0d77tR7g,33.5494156,-112.16549655,24,[33.4371562,-112.398055,33.661675,-111.9329381],[27,11,28,17,29,240,241,78,79,382,63,98,7,142]
51I0DyTPp7z4r3isfsizgQ,33.4108625,-111.9701785,6,[33.4108625,-111.9701785,33.4108625,-111.9701785],[28,17,29]
TK2LctzabbnhwQjIGcn80Q,33.538154,-111.924569,1,[33.538154,-111.924569,33.538154,-111.924569],[49,322,57,146,52]
M2I7j08uHcW0zKYpeE_WWw,33.4522006697692,-111.917689286133,4,[33.4065733395384,-111.927267,33.497828,-111.908111572266],[63,48,140,11,109,38,201,39]
-e05nnRNiUF_72rHS52Swg,33.5200455,-111.988255,176,[33.413158,-112.100731,33.626933,-111.875779],[212,26,11,24,196]
VW4B360TLOOcn9TybWl6pg,33.502191,-111.996292,13,[33.502191,-111.996292,33.502191,-111.996292],[109,38,11,39,63]
kB8PpNmszUWaA5C5GiZ1jA,33.3060616,-111.8748501,1,[33.3060616,-111.8748501,33.3060616,-111.8748501],[26,11]
RCFTdUoUEnUYErm7p27l3A,33.688544,-112.109199,3,[33.688544,-112.109199,33.688544,-112.109199],[289,6,35,76]
H05LO54veuaXraMQAM6bDQ,33.502074,-111.92002400000001,6,[33.50201,-111.9313599,33.502138,-111.9086881],[32,95,222]
sR4yjE01Z1ILFoUbLe7hUg,33.4493777,-112.0656259,8,[33.4493777,-112.0656259,33.4493777,-112.0656259],[88,38,39,89,11]
1hCHgjCiQ3h7Fxj5V2c4sA,33.5127089,-112.05511915,6,[33.4874748,-112.0830342,33.537943,-112.0272041],[33,11,26,48,7,142]
7o6OfRHsmcv44R1CjAh8dQ,33.6474821,-112.09102285,9,[33.6117382,-112.185076,33.683226,-111.9969697],[98,7,119,11,33,43,185,144,63]
oKnq3etc2jVRS-BYDJq88g,33.5022311,-111.924255,200,[33.5022311,-111.924255,33.5022311,-111.924255],[126,97,307,11]
E68jh1eDWm_96Yv7fwchpQ,33.491645,-112.073196,12,[33.491645,-112.073196,33.491645,-112.073196],[38,140,39,40,48,11]
aXees1cSB052WKyMUctn6A,33.3633606,-111.9112219,1,[33.3633606,-111.9112219,33.3633606,-111.9112219],[84,147]
HdjQphmUgZj0Ag5EkhnDGA,33.6321685,-111.95822960000001,23,[33.4321397,-112.0272041,33.8321973,-111.8892551],[119,127,11,39,48,38,26,63,7,139,36,27,108,109,455,40,168,17,62]
iW3G5Gqj99Vusf-_oP8Olg,33.30202665,-111.8936089,4,[33.2972473,-111.9016478,33.306806,-111.88557],[177,140,192,11,10]
qaaGrwL0oBOjHnEj5RJYtQ,33.2767132,-111.7888659,7,[33.2767132,-111.7888659,33.2767132,-111.7888659],[202,72]
i87D291iylTI9_UGwENMuQ,33.46710305,-111.81418289999999,24,[33.39926,-112.2641158,33.5349461,-111.36425],[15,6,216,33,48,11,57,39,145,69,49,66,250,157,103,406,52,327,84,125,87,34,32,35,56,186]
Pq7AbHnhY6jX96g40bXcBg,33.5708564,-112.01041839999999,2,[33.428722,-112.1130158,33.7129908,-111.907821],[71,72,7,108]
Zh9neHmaAt6HPYu-uBE3KQ,33.5365967,-111.8841279,3,[33.5365967,-111.8841279,33.5365967,-111.8841279],[46,6]
_bzHSbHqep5HvxSlwBgnxA,33.418418,-111.84057,10,[33.418418,-111.84057,33.418418,-111.84057],[38,26,39,11]
IeUtPivGy-S9PX0EFKjqEQ,33.359176403793,-111.779827975485,19,[33.220784807586,-111.9763848,33.497568,-111.58327115097],[63,27,11,190,28,140,294,106,54,89,129,79,99,7,108,48,57,56,39,439,88,38,298,65,23,487,133,119,98,24,168,33,109]
9KoKetohaOL0Xi_xPHN5HA,33.61368305,-111.85984719999999,2,[33.5910441,-111.922456,33.636322,-111.7972384],[265,11,413,328,32]
B9QqA0V6YP6-hCPZCAR0QQ,33.56200705,-112.28069719999999,31,[33.4647861,-112.390427,33.659228,-112.1709674],[99,120,11,30,8,13,6,7,110,63,27,307,119,72,184,106,54,226,142,108]
_L2cdicSee0N72-uilgHyg,33.466421249999996,-112.01208919999999,76,[33.4240085,-112.083991,33.508834,-111.9401874],[38,143,39,205,99,11]
pK6txzfZwIdDKEZKaONWaA,33.6499905,-112.1024675,3,[33.615591,-112.103672,33.68439,-112.101263],[7,162,108,201,11,32,95,222]
eMFD4FA8NVAlUAeBl4EVNw,33.546451028689205,-111.9793820684965,9,[33.4566960573784,-112.072327136993,33.636206,-111.886437],[26,11,119,38,99,39,192]
O5dNmqcrCiE7FG7VS3y-Cw,33.4946259,-111.989339,28,[33.4946259,-111.989339,33.4946259,-111.989339],[27,140,11]
_cfkppu33JhdiZknBSM50A,33.5007108828515,-112.155045,7,[33.477933965703,-112.236894,33.5234878,-112.073196],[224,11,38,140,39,40,48,33,117,43]
jTXONzO18eCO1BWhkgtPkg,33.5229643,-112.0474937,1,[33.5229643,-112.0474937,33.5229643,-112.0474937],[101,38,39]
FAaU6BY1Yb7Ic21mzmwRIQ,33.501821,-111.919938,2,[33.501821,-111.919938,33.501821,-111.919938],[265,185,11]
N1VXGApy-1aKNWxM945bqg,33.4951793,-112.0050934,2,[33.4951793,-112.0050934,33.4951793,-112.0050934],[117,11]
vavNK2thEATt_5TDX5llsA,33.4843611,-112.0048735,20,[33.4315119,-112.0800705,33.5372103,-111.9296765],[26,11,7,292,212,126,195,65,49,66,52,48,63,27,24,33,177,140,72,287,15,6,191,12,114,13,193,194,59,99,71,297]
yv4f3M2UIuRXpIJrjakW6g,33.45980365,-111.9225579,6,[33.42263,-111.940813,33.4969773,-111.9043028],[126,97,11,101,38,39,128,26,27]
RvM6eDZyLvYeAmu46RLf2A,33.304492,-111.873637,1,[33.304492,-111.873637,33.304492,-111.873637],[212,26,43,11]
6-qmC2WbZ-m-f29Ddah3LQ,33.3350109,-111.7851756,1,[33.3350109,-111.7851756,33.3350109,-111.7851756],[64,65]
h31sfRkSZMVevBGnTFgnaQ,33.47847055,-112.0696853,5,[33.378959,-112.1185366,33.5779821,-112.020834],[265,11,99,43,175,129,79,7,108]
-tDfNiL3AL97tMS9fP9XSg,33.569869,-111.876309,1,[33.569869,-111.876309,33.569869,-111.876309],[49,80,82,59]
0aQyjVmcytcjkiabuhkIgA,33.522181,-111.99153534999999,86,[33.415194,-112.0915007,33.629168,-111.89157],[38,39,40,11,99,128,26,307,212,43,218,219,57,145,48,210,168,123,65,119,7,313,27,101,88,142,201,98,206,181,229,340]
kF5Kr-R5Ku7pGu5VOVI0zw,33.4938414,-111.9268138,9,[33.4938414,-111.9268138,33.4938414,-111.9268138],[27,11]
1hyHvfo_-2ZqxNe3FiCYaQ,33.304845,-111.951499,2,[33.304845,-111.951499,33.304845,-111.951499],[120,11,17,62]
7eahxWN26Zfcv7Ta3DkH7g,33.40811155,-111.75090245000001,121,[33.362439,-112.0561119,33.4537841,-111.445693],[26,11,49,368,178]
fnO1oH3N5QMG-PvHA4F-VA,33.455972450000004,-112.1269002,40,[33.2333299,-112.3957085,33.678615,-111.8580919],[373,182,41,11,7,142,108,482,181,119,224,99,33]
k4z6CxGPriSVSTBr9UP7kg,33.4954235,-111.767022,2,[33.384163,-111.803119,33.606684,-111.730925],[212,126,97,11,26]
HkvyjhKQlzegVXiUK_1DuQ,33.630352099999996,-112.02369935,67,[33.6215679,-112.150244,33.6391363,-111.8971547],[60,6,210,11]
vUM21g3cPEdSlI89oDttgw,33.5537434,-112.19192054999999,62,[33.3285,-112.7037,33.7789868,-111.6801411],[74,24,11,7,292,28,17,18,29,224,161,65,33,117,126,27,182,48,140,120,169,26,105,338,382,206,97,142,185,63]
92mKVnMPJ4ao9ntNGF3Lrg,33.42263,-111.940813,2,[33.42263,-111.940813,33.42263,-111.940813],[27,11]
zMuycn8g11TiI_lMLw6zyw,33.5005719,-112.0741143,3,[33.5005719,-112.0741143,33.5005719,-112.0741143],[7,108]
yFsuKnzwW6dcOX1kQIi-4Q,33.4067888,-111.7885071,2,[33.4067888,-111.7885071,33.4067888,-111.7885071],[202,72,281,269]
fF8EZs86pdBYk9NlZWqK-g,33.3786848,-111.96349075,9,[33.3482841,-112.073662,33.4090855,-111.8533195],[88,298,39,38,11,43,177,140,101]
yb1kBNixPOHQc1jNWmgVNQ,33.500205623289645,-111.92375139999999,10,[33.491546,-111.929223,33.5088652465793,-111.9182798],[26,11,38,99,128,39,161,28,65,17,29,109,48,63]
X_dJbx2o2bVHgCATRYBxXA,33.450222350000004,-111.9302855,5,[33.333182,-111.983142,33.5672627,-111.877429],[43,11,109,38,48,39,168,42]
rAQG7AU26ggJfFWTHdN83w,33.6055675,-111.9998085,28,[33.498028,-112.113011,33.713107,-111.886606],[265,126,97,11,49,80,82,59,33,38,48,39,352,251,99,182,140,483,168]
MBabiZR_AUmUQPs32chktQ,33.50748325,-111.9813216,3,[33.4770236,-112.073629,33.5379429,-111.8890142],[38,210,26,39,11,57,69,109,48]
is7ewhQfvK0T5glxVVuT2g,33.4471735,-112.073781,2,[33.4471735,-112.073781,33.4471735,-112.073781],[48,11]
VBEbhE0ISjg6xowGNiGmgQ,33.4521091,-111.99137255,55,[33.304492,-112.1091081,33.5997262,-111.873637],[26,11,119,10,24,63,27,212,361,97,177,192,7,108,57,56,43,99,246,139,17,423,340,8,138,265,36,224,140,307,172,126,98,338,206]
vMR4rbIcpQ3d_inCmlLJlQ,33.330835,-111.792282,2,[33.330835,-111.792282,33.330835,-111.792282],[7,36]
dpq5YCbCWoyvN_cWqDL2gA,33.3844325,-111.8052763,6,[33.3844325,-111.8052763,33.3844325,-111.8052763],[99,11]
15yCp5tvgnnn26Fs_H7EFw,33.4245625,-111.9409053,8,[33.4245625,-111.9409053,33.4245625,-111.9409053],[127,11]
3INsJfghZDg8dHbyqdtrlQ,33.4399949,-111.9265,1,[33.4399949,-111.9265,33.4399949,-111.9265],[10,11]
sIe6iAAdRZCSMS63rJztzg,33.510482269451,-111.9115363084,2,[33.510482269451,-111.9115363084,33.510482269451,-111.9115363084],[44,24,11]
ZqAQBRnMzoELyiSCKTY9AQ,33.540098,-111.94885815,13,[33.348325,-112.0740123,33.731871,-111.823704],[155,54,6,156,127,11,48,109,38,39,63,88,89,97,65,133,7,142,108,292,55,122]
UnEMelzpvkw2elqPTfNa5g,33.3119803,-111.91498855,8,[33.3045866,-111.929326,33.319374,-111.9006511],[99,11,43]
QMX9Xg9SGxxLLaqRHAOGFg,33.4691316,-112.0475116,1,[33.4691316,-112.0475116,33.4691316,-112.0475116],[26,11]
asAtLxPiemUswg7SaaqAmA,33.6403623,-112.12587970000001,2,[33.5824016,-112.1401701,33.698323,-112.1115893],[65,133,1,460]
fd_6UxZiSPYmErw6tFJNjA,33.4898258,-112.2264794,15,[33.4898258,-112.2264794,33.4898258,-112.2264794],[322,57]
YxgcgzwzDcjIyUXNwl9RoQ,33.6387083,-112.1960532,1,[33.6387083,-112.1960532,33.6387083,-112.1960532],[167,65]
2fXa7GKrwQvQszQ_sdLN6g,33.3782275,-111.9297442,1,[33.3782275,-111.9297442,33.3782275,-111.9297442],[33,11]
J78I_XBYrU8buK3c1Pomrg,33.59277811686685,-112.0046239662475,166,[33.509702,-112.042514,33.6758542337337,-111.966733932495],[26,11,7,108]
aV1XxfRJg9knqaDkG59s9w,33.4514153,-111.9990055,13,[33.4511945,-112.0000508,33.4516361,-111.9979602],[265,185,11,28,17,29]
PlsSYq7A_1cRJo2pm2qRVQ,33.4338408949555,-111.868414878845,16,[33.4338408949555,-111.868414878845,33.4338408949555,-111.868414878845],[99,296,11]
R4fDKQJxVYfVhHNz70lWVA,33.531088499999996,-112.10121000000001,12,[33.378951,-112.235873,33.683226,-111.966547],[168,169,11,99,26,97,185]
hv1GEA9D_jBYHGFCbcUMmw,33.425047000000006,-111.93983005000001,4,[33.424778,-111.939846,33.425316,-111.9398141],[38,128,39,177,140,11]
O-ks0HpEiGs9X936DAxY6Q,33.4390648,-111.8746817,12,[33.3559111,-111.9595033,33.5222185,-111.7898601],[40,38,39,205,63,27,11]
9VmTOyq01oIUk5zuxOj1GA,33.640664400000006,-112.0218419,71,[33.407457,-112.1521138,33.8738718,-111.89157],[33,11,96,72,177,13,6,372,22,46,30,24,26,44,296,38,99,128,39,27,7,8,115,183,65,108,185,119,275,269,43,45]
SIEb1KKCaH2CMrxt4azv1A,33.5414895,-111.905464,200,[33.499499,-111.927402,33.58348,-111.883526],[43,11,41,400,48,33,307]
dQ43DAuZNneI1S0bllsWEA,33.5183691,-112.0047498,4,[33.5183691,-112.0047498,33.5183691,-112.0047498],[28,17,29]
nGYaT5sAuqKkd48dqX_2Kw,33.516135,-111.994403,51,[33.390792,-112.1201999,33.641478,-111.8686061],[63,27,24,11,33,265,185,99,26,168,169,119,7,162,108,48,38,39,40,57,145,251,43,128,47,109,78,79,83,6,88,126,97,212]
UBV_MYb-t0TzWHUWO17Ybg,33.434334,-111.895477,4,[33.322668,-111.96828,33.546,-111.822674],[265,11,27]
X1Yo7jLIKhhvuyDp42epzg,33.3793011,-111.78022575,3,[33.3777,-111.8069973,33.3809022,-111.7534542],[26,11]
bGi0Gm8Qr4BIhw75UullkQ,33.557188264548,-112.01497005,23,[33.458692129096,-112.0999122,33.6556844,-111.9300279],[119,99,11,7,292,24,185,27,26,98,108]
9HIRGw-eCJ0RGoGEFTvZfQ,33.4933043,-111.9245383,1,[33.4933043,-111.9245383,33.4933043,-111.9245383],[113,6]
RQwhrbB6MDwbdEEvFfOurw,33.6235418,-111.925544,2,[33.6235418,-111.925544,33.6235418,-111.925544],[64,65]
g0fDQL_S4LIBv-WXwS3ngA,33.5061631,-111.9797025,8,[33.3338729,-111.9818888,33.6784533,-111.9775162],[106,295,65,105,220,54,369,352,109,38,39,11,177,140,84,339]
LBxKOF8quwVGiqUqWiEEaQ,33.53183435,-112.08735965,35,[33.3922657,-112.2704165,33.671403,-111.9043028],[192,11,337,32,7,148,98,311,202,72,281,154,27,26,119,33,99,127,24,201,88,38,39,224,177,89,63,84,147,97,244,43,140,185,298,57,69]
YMngqhzE5Sr8YjWMuVNCGQ,33.3211152,-111.6896238,3,[33.3211152,-111.6896238,33.3211152,-111.6896238],[202,72]
i9WLauPO2m86WH5rPSemyw,33.57676825,-112.094121398422,38,[33.4366655,-112.318519,33.716871,-111.869723796844],[7,119,41,11,185,112,6,248,84,346,71,72,96,106,54,280,99,48,118,265,62,17,292,10,24,9,285,33,117]
SB37ySvE9n2GY0AJi47nug,33.506249499999996,-111.9706934,32,[33.376439,-112.0827178,33.63606,-111.858669],[48,24,11,39,212,126,293,38,143,120,265,99,185,7,142,180,20,23,194,26,27,63,92,15,6,127,98,43,205,8,44]
mge-pOpNNuO4IL2o-mXB-g,33.522384200000005,-112.00736545,23,[33.4105599,-112.0893682,33.6342085,-111.9253627],[264,6,77,35,34,24,11,27,63,32,90,109,38,48,39,84,147,129,78,278,79,336,201,26]
ausfIv_BkACT2A_uNSfm1g,33.5880305,-112.19257,3,[33.5389,-112.19974,33.637161,-112.1854],[265,126,11,129,332,278,79]
Kdcz7G0l1Fr5SxW3AzGNZA,33.6181715,-111.99999485000001,21,[33.594818,-112.078594,33.641525,-111.9213957],[202,72,7,108,114,13,6,161,133,65,84,389,378,32,433,30,45,85,8,123]
v-DN6nLa1lv5qOWfFQfaBw,33.499504,-111.927891,5,[33.499504,-111.927891,33.499504,-111.927891],[48,24,11]
ioKM01AiT5kYQrwdAZBUVQ,33.475656,-112.875482,5,[33.475656,-112.875482,33.475656,-112.875482],[120,11]
8TwEK5CEnXBqsvYIZti_8w,33.5218465,-112.0648577,1,[33.5218465,-112.0648577,33.5218465,-112.0648577],[210,11]
70XxStG4Z-1T31ISaV8n0g,33.4342595,-111.9252882,1,[33.4342595,-111.9252882,33.4342595,-111.9252882],[24,11]
rpa5wYCeXO2kvQ92KH_HvA,33.4666567,-111.98335315,35,[33.3432384,-112.0833093,33.590075,-111.883397],[6,156,284,35,7,108,119,11,84,147,339,48,63,27,45,168,201,195,65,253,378,32,133,38,181,39,40,203,328,26]
9WxjVJrYxNYyXwFVkSFoHw,33.4803555,-112.1530731,1,[33.4803555,-112.1530731,33.4803555,-112.1530731],[43,11]
jsj5waUYH-HFYU2MumkfiA,33.529830950000004,-112.06824915,9,[33.4517161,-112.0999146,33.6079458,-112.0365837],[7,108,142,194,71,72,26,11,57,39,145,84,147]
h0R9ECK6JEsXIKAO4Lkvrw,33.4471735,-112.073781,1,[33.4471735,-112.073781,33.4471735,-112.073781],[38,39]
_XP8ZlSoxCwqczUoCk0X-w,33.548732150000006,-112.12251475,8,[33.509517,-112.1834635,33.5879473,-112.061566],[168,169,11,88,38,39,298,13,6,99]
IAP_FL_VKSq_1OgzuiDyKw,33.4922985,-111.9245517,22,[33.4922985,-111.9245517,33.4922985,-111.9245517],[210,11]
sbDQLnrz2JyYodSA3WDXOg,33.2450306,-112.48659805,18,[32.9479262,-112.7128951,33.542135,-112.260301],[182,99,11,4,6,28,17,29,119,120]
5z0zQwZCFbeCefwZKPp78g,33.3358523,-111.8205495,1,[33.3358523,-111.8205495,33.3358523,-111.8205495],[109,38,48,39,11]
3E_e_AK5U6yYrlWKl9z3VQ,33.497568,-111.929223,3,[33.497568,-111.929223,33.497568,-111.929223],[109,38,48,39,11]
zgaLC9CgHVloyTtf6NCgUg,33.3059393,-111.9019797,1,[33.3059393,-111.9019797,33.3059393,-111.9019797],[26,11]
4hrVQL0nc9JHfzW1OZV48w,33.42182985,-111.9736225,17,[33.3055637,-112.260068,33.538096,-111.687177],[7,24,108,119,11,99,63,27,54,48,201,6,32,302,110,1,141,38,140,39,40,198,197,134,23,344,135]
s1e7gVzxaC8uryJVordhvQ,33.640488,-112.18688,1,[33.640488,-112.18688,33.640488,-112.18688],[229,11]
l_sARAmNLq7CAHVCCkRlCA,33.43539575,-112.00103684999999,111,[33.43475,-112.00644,33.4360415,-111.9956337],[28,240,241,170]
9wk48KAETbXMGi3xrgvNcw,33.46600575,-111.97847705000001,40,[33.4218047,-112.0272041,33.5102068,-111.92975],[48,11,33,119,99,109,38,39]
uVDCZnDBJd7KhBPdvbNEtw,33.5332607,-112.0567323,37,[33.384623,-112.2043438,33.6818984,-111.9091208],[57,39,145,63,27,11,49,146,341,10,24,212,361]
b3FS-kAadBMbi05rsERYPg,33.39363205,-111.99213455,9,[33.335548,-112.0764371,33.4517161,-111.907832],[57,39,145,7,142,49,146,445,80,59]
GdUW81FKhwY-6v_HSoKmPw,33.48645855,-112.1099686,46,[33.4596905,-112.2948244,33.5132266,-111.9251128],[57,327,101,38,26,39,11]
FqG1lUAOR9yTQTxIvwxoUQ,33.43900345,-111.9905084,8,[33.3656883,-112.0696,33.5123186,-111.9114168],[26,11,88,38,39,89,214,239,119,99]
wCvSVTTpwc4vLSdj_FW9_g,33.547619600000004,-112.06507435,2,[33.530141,-112.0737503,33.5650982,-112.0563984],[48,11,38,39]
nuy_yykGDerqnoE2S2gWaw,33.546,-111.96828,1,[33.546,-111.96828,33.546,-111.96828],[119,127,11]
rhOnhxFje9LyGiyLvw2Mjw,33.5717685,-112.1391935,21,[33.509702,-112.235873,33.633835,-112.042514],[26,11,185]
flzBUQOVroSHRoT10Qx5iA,33.6084987642781,-111.720464229584,2,[33.6084987642781,-111.720464229584,33.6084987642781,-111.720464229584],[27,11]
cQfnnQhGCFzd0P1MsJu21g,33.53026225,-111.98127775,200,[33.4130675,-112.0467405,33.647457,-111.915815],[28,17,29,170,7,142,127,11,224,57,327,38,119,109,39,24]
sih5J4HDcRMdcp8MehHAnA,33.396546365104854,-111.90210805,29,[33.2976955302097,-112.0010971,33.4953972,-111.803119],[7,98,10,9,11,261,54,55,266,24,63,27,212,126,97,99,127,48,400,119,292,201,26,43,162]
Kqvfep2mxS10S50FbVDi4Q,33.6515917,-112.2230437,200,[33.3369531,-112.7428224,33.9662303,-111.703265],[127,11,63,38,48,39,40,7,47,126,27,57,327,333,145,182,140,137,8,139,108,46,6,33,44,212,43,4,28,158,17,29,20,23,243,101,26,10,24,345,84,346,141,206,98,69,49,52,178,142,99,200,88,352,96,72,322,66,162,307,119,168,265,109,210,56,97,125,87,292,313,181,229,128,311,18,30,13,440,281,224,223,45,375,185,260,465,12,114,115,170,395,42,157,103,77,112,35,111,113,221,202,36]
mUQbkb7rHgJjib6ajULYNQ,33.4155019,-111.83768,5,[33.4155019,-111.83768,33.4155019,-111.83768],[61,13,6]
VZSt8Sj6maMnNl5epDD7_A,33.42783675,-111.85639295,30,[33.3550442,-111.9232551,33.5006293,-111.7895308],[185,11,27]
8d30IiVbirN3NeCBtLXMkA,33.6753306,-111.9633729,1,[33.6753306,-111.9633729,33.6753306,-111.9633729],[38,48,39,40,11]
INCKZcTpNamE5LfF6z-iqA,33.4931793,-111.9320931,5,[33.4931793,-111.9320931,33.4931793,-111.9320931],[39,26,127,11]
XaSqKLFeAYvPtTlaSycrnw,33.4952667,-112.0536538,32,[33.4073914,-112.1815188,33.583142,-111.9257888],[48,214,11,109,38,39,63,27,84,262,60,6,182,218,224]
VrOAeXVx-2XF0CZkzyi_Qw,33.49598848642805,-111.86980454886401,137,[33.409735,-111.882346097728,33.5822419728561,-111.857263],[7,98,10,9,11,38,26,39]
SNHOb-MeVoWGivUM_NWGxQ,33.39650125,-111.8464032,3,[33.3775316,-111.8596924,33.4154709,-111.833114],[210,181,11,26]
AvjnPmsfQWsUFJ4-M9wI1A,33.4803381,-111.9260246,1,[33.4803381,-111.9260246,33.4803381,-111.9260246],[7,108]
DBnsApQsd4XwRWB_AEsIew,33.4643554,-112.0981742,4,[33.4643554,-112.0981742,33.4643554,-112.0981742],[99,120,11]
yaqE9tzPaw8WlBphB9nHHQ,33.495108,-112.033029,3,[33.495108,-112.033029,33.495108,-112.033029],[113,6,77,35]
LED9zBqqA44suzCc34Rm2Q,33.501936,-112.082092,3,[33.501936,-112.082092,33.501936,-112.082092],[26,11]
-MT4pBq26tYibSs42UjX-w,33.5309665,-112.05247374999999,3,[33.5239431,-112.0570577,33.5379899,-112.0478898],[137,7,6,139,292,142]
kuG885n5SoP89TPG0NEYHw,33.47933955,-112.06023255,17,[33.449233,-112.0800705,33.5094461,-112.0403946],[63,27,24,11]
Rgo7cLOZie-EWwf0svm4sw,33.5019519,-111.9514403,1,[33.5019519,-111.9514403,33.5019519,-111.9514403],[265,11]
p9GGjP59wRjC6m-RTMG2Hg,33.4499845,-112.06999875,58,[33.4471735,-112.0745395,33.4527955,-112.065458],[26,127,11,99,201,10,48,27]
sf2pk_PdUvnvI-NmuFMiIQ,33.499499,-111.927402,25,[33.499499,-111.927402,33.499499,-111.927402],[48,11]
eWkFFGHQimihdQpFsO_Ffg,33.421617342644,-111.9466751753,7,[33.421617342644,-111.9466751753,33.421617342644,-111.9466751753],[63,27,11]
49z0RrcGk_MaP3Pw5HBhQQ,33.624403900000004,-112.2029852,4,[33.610028,-112.2387233,33.6387798,-112.1672471],[7,33,142,120,11,10,24]
LsTH20jpRTxRSYaZ3c-WSg,33.4655786,-111.9331774,46,[33.4655786,-111.9331774,33.4655786,-111.9331774],[71,72,297]
efGzk4N8KICNy-aN5slFxA,33.4371761,-111.7896544,7,[33.4371761,-111.7896544,33.4371761,-111.7896544],[27,11]
vecF6im58Xjbd-V0H0utvw,33.496341650000005,-111.92999205000001,16,[33.4931793,-111.9320931,33.499504,-111.927891],[39,26,127,11,48,24]
JxytDdximBz9C1phOrd7pQ,33.4514366,-111.98245495,16,[33.3933063,-112.0718179,33.5095669,-111.893092],[112,6,26,11,48,88,38,99,39,7,8,351,57,205,27,306,49,56,58,59,96,72,224]
BOJyIxTihOq6cR-UBXW-Cg,33.596591000000004,-112.1338315,2,[33.56721,-112.134316,33.625972,-112.133347],[120,11,10,24]
nhb0E39h1OD3I6yIzQCB-g,33.4202675,-111.9771604,5,[33.4202675,-111.9771604,33.4202675,-111.9771604],[28,17,29]
gfCWt_YncrOmJsU1IQUHbw,33.3633375,-111.9112218,2,[33.3633375,-111.9112218,33.3633375,-111.9112218],[43,11]
7rg0r-wAZh2oxEmw5d-dZA,33.3549553,-111.7897347,1,[33.3549553,-111.7897347,33.3549553,-111.7897347],[109,38,11,39,63]
Xt_Xj1jMYcQCuc5Pe-rKiw,33.3425209,-111.9103677,3,[33.321266,-111.911648,33.3637758,-111.9090874],[43,11,26]
hD0eyCkWLJwTOX8--urDJA,33.5134147,-112.01051515,7,[33.4881853,-112.0986063,33.5386441,-111.922424],[26,11,78,79,28,17,29]
n7Ee-cW9pOKyIcHPzgq5PA,33.541329400981155,-112.1346109,117,[33.4537869019623,-112.3768048,33.6288719,-111.892417],[63,27,11,57,327,279,54,182,172]
y7VFJ3Vlw6_HtmmKX1GNpw,33.49864285,-111.96112205,21,[33.4950947,-111.996292,33.502191,-111.9259521],[168,48,11,109,38,39,63,43]
p1SS0FVfDviUt50Hv-_3AA,33.457824,-111.92690905,9,[33.42141,-111.977849,33.494238,-111.8759691],[202,72,281,38,99,88,39,128,11]
n1nAz38-xiOOhOk4vDPcqQ,33.5839581,-111.9788671,3,[33.5839581,-111.9788671,33.5839581,-111.9788671],[11,63]
KVHOzkdJX4bznHmFk7UKLg,33.629356,-111.938205,195,[33.629356,-111.938205,33.629356,-111.938205],[28,17,29]
qcBEh_PFohFIJFcK9J23Sg,33.43536565,-111.922470575485,69,[33.0729619,-112.26167,33.7977694,-111.58327115097],[57,145,38,101,39,48,11,83,6,7,142,36,161,65,119,99,123,212,361,27,69,8,265,24,108,63,236,103,204,327,44,33,117,345,35,84,346,264,168,309,34,97,47,77,76,127,126,26,190,28,140,18,17,292,205,40,110,30,13,15,25,71,72,200,120,128]
vDJCiUlgd-9Xa-853egZLg,33.4272811,-111.9400902,5,[33.4272811,-111.9400902,33.4272811,-111.9400902],[119,48,11]
l4vEf3HEWjAuwABeI6ZOjg,33.4969177,-111.924017,19,[33.4969177,-111.924017,33.4969177,-111.924017],[28,17,29]
PhZWOkh_QeA0Xy12KDgnIQ,33.3777099,-111.7823475,1,[33.3777099,-111.7823475,33.3777099,-111.7823475],[96,72,71]
Hpn4daKlxC7Qr5Kouaib8Q,33.4943672,-112.0912518,1,[33.4943672,-112.0912518,33.4943672,-112.0912518],[177,140,24,11]
aijtSs7Ed_ozIW02WgpTxQ,33.45025185,-112.06970534999999,39,[33.4477082,-112.070093,33.4527955,-112.0693177],[168,265,99,11,48]
lBGy1Mbj93Ui7_poLnsIkg,33.6379215,-112.21906,2,[33.6379215,-112.21906,33.6379215,-112.21906],[123,65]
6uYJ-ixRxPMyf-iEbhoz2g,33.445682,-112.069322,138,[33.445682,-112.069322,33.445682,-112.069322],[10,11]
OVFf0V23qnvMAulEDvi5Tg,33.6242583,-112.3929814,1,[33.6242583,-112.3929814,33.6242583,-112.3929814],[6,45]
Nl8kUgXO4zbnuWa7hm_aWA,33.46501835,-112.18102865,200,[33.43475,-112.3556173,33.4952867,-112.00644],[28,170,49,178,17,29,48,11]
KiMQVNFmkQoSYnZtcfwjhA,33.588631899999996,-112.0137289,22,[33.308771,-112.1510418,33.8684928,-111.876416],[71,72,251,11,224,182,30,13,6]
1P19KvXyrBmxzXX-bJYlOQ,33.5100097,-112.0152845,9,[33.5100097,-112.0152845,33.5100097,-112.0152845],[48,11]
qJb1Z2tSTBu89IAE1mPx6A,33.53876,-112.063942,2,[33.53876,-112.063942,33.53876,-112.063942],[212,11]
4fl__BqgdV7Wf28AlgSivg,33.37753705,-111.866342,200,[33.3203241,-112.00644,33.43475,-111.726244],[185,11,28,170,24,7,108,119]
29qjF3e5PsPcPIBP0snVeg,33.48740225,-112.0210515,3,[33.42183,-112.1333594,33.5529745,-111.9087436],[7,8,138,139,97,11]
JFWWAOF-Mx_Mao_aqxQ8XQ,33.648895550000006,-111.9148682,5,[33.6241241,-111.9404813,33.673667,-111.8892551],[65,133,168,265,11,17,62]
9eeqmxfVfAT4oyA4y2WcNg,33.6175956,-111.9252298,64,[33.4194512,-112.0662996,33.81574,-111.78416],[26,11,265,7,142,8,49,52,66,251,108,119,38,109,39,47,48,98,33,117,24,4,13,6,160,99,5,43,231,208,130,32,35,30,322,57,88]
h0uynFf23RQGq0wskIEVVw,33.470796199999995,-112.21193905,7,[33.4495394,-112.3582136,33.492053,-112.0656645],[224,11,98,7,449,97,10]
tZd2nRXeT_kWMktN-_cdZg,33.431699050000006,-111.964098,24,[33.360804,-112.068359,33.5025941,-111.859837],[7,247,265,11,38,168,298,88,39,48,63,27,119,33,26,132,105,65,57,306,8,182,172,106,54,292,49,52,333,326]
LLIZnTRdgCf7ctUHjWB5YQ,33.716871,-112.270633,2,[33.716871,-112.270633,33.716871,-112.270633],[71,72,96]
3NlrLWgEsZUyPoCItSxnRw,33.49838575,-112.05016845,7,[33.4292429,-112.0737828,33.5675286,-112.0265541],[7,108,84,345,6,346,210,11,49,39,341,204,65,26]
u-3CM2Zf8EIxfClz_G4MoA,33.37977295098115,-111.9603195,8,[33.305759,-112.004102,33.4537869019623,-111.916537],[27,11,182,172,99,26]
w12Ooae5aVIz3VCxliYhjg,33.65316,-112.184993,1,[33.65316,-112.184993,33.65316,-112.184993],[54,317]
QT-7jpsEuCR-pFro59KBtQ,33.532578150000006,-112.0385336,103,[33.425938,-112.1530072,33.6392183,-111.92406],[38,210,26,39,11,49,80,59,167,65,119,63,24,251,224,7,162,195,82,109,27,377,30,13,6,284,35,126,33,43,140,192,323,139,98,375]
kb_gDoTlPHf_Pk-L9sGMtA,33.5090487,-112.0709232,6,[33.5090487,-112.0709232,33.5090487,-112.0709232],[6,32,35,75,76,77]
GZdYbAOHpRJLZ8Eu0K2bTQ,33.59543375,-112.15937405,4,[33.5240184,-112.2245556,33.6668491,-112.0941925],[296,11,26,27]
31LdrU3IuYa76bu41jcyvA,33.42619405,-112.1285445,5,[33.3156591,-112.264529,33.536729,-111.99256],[26,11,382,224,337,32]
4go5A90IUy-FRV6wfsRa-A,33.480203,-111.9825532,1,[33.480203,-111.9825532,33.480203,-111.9825532],[26,11]
0MhhKHNHH2oybjeofDnd-w,33.3211632757306,-111.879449026578,8,[33.3050485514612,-111.899807453156,33.337278,-111.8590906],[7,189,10,24,11,39,38,128,99]
rc17gj1nV4EHykU9_7sgwA,33.306896,-111.752395,134,[33.306896,-111.752395,33.306896,-111.752395],[126,48,11]
UVb4CqjIpotHDFuRPed6eQ,33.407561,-111.9475246,1,[33.407561,-111.9475246,33.407561,-111.9475246],[88,38,99,39,11]
BAfwYv36vAtvqeEI6OXRyA,33.621463,-111.8983054,1,[33.621463,-111.8983054,33.621463,-111.8983054],[126,229,43,11]
E89THW7mjOoRYZnnNEZtbg,33.6186335,-111.9804214,4,[33.59836,-111.9814078,33.638907,-111.979435],[177,140,11,43]
muNkVkah1fMB616plw1KUw,33.438423,-112.341202,51,[33.438423,-112.341202,33.438423,-112.341202],[123,65]
PRg0bnBOuNO9lXxIYAhuSw,33.581443,-112.170152,1,[33.581443,-112.170152,33.581443,-112.170152],[99,44,11]
_wWDuIIibeQFY-1e6DQ7Vg,33.6400995,-112.1201999,1,[33.6400995,-112.1201999,33.6400995,-112.1201999],[39,38,27,128,11]
lF2SWMHb0qNsJldWxUi7Cw,33.3781837,-112.0106146,7,[33.3781837,-112.0106146,33.3781837,-112.0106146],[39,38,99,128,11]
5fDdjGyEjwABq8f-Gz-tZg,33.43907825,-111.86958555000001,6,[33.3788385,-111.927164,33.499318,-111.8120071],[7,108,49,193,59,36,142,10,48,24,11]
-GUTaLvi4SP74R1y7G72Og,33.4919036,-112.2901631,1,[33.4919036,-112.2901631,33.4919036,-112.2901631],[11]
Wf1x15Wc6xuA5jtuWlTV8w,33.40727215,-111.96947779999999,19,[33.304492,-112.0653186,33.5100523,-111.873637],[206,11,26,7,162,108,182,172,15,6,191,224,10,24,63,212,43,119,48,44]
WXa16-5PH5PVxhmwvj4UWQ,33.3572165,-111.9430835,2,[33.320934,-111.986116,33.393499,-111.900051],[355,356,54,279]
00X2_x8_bAdMrpRge5Jx5Q,33.6380899,-112.2051629,200,[33.6380899,-112.2051629,33.6380899,-112.2051629],[57,27,91,11]
xdR9IMI8lnpFEwJW-W0dCw,33.57668735,-111.91601215,9,[33.5313657,-111.9274343,33.622009,-111.90459],[54,55,266,122,256,251,11]
Mgm6xZjahS3HD7qqOyGtbQ,33.447182850000004,-111.92289,37,[33.392384,-111.94542,33.5019817,-111.90036],[7,108,54,317,63,48,140,11,65,133,38,47,88,39,189,10,24,64,167,177,12,13,6,27]
laq3OI5EmYXtf8zaYqWMmA,33.4354553,-112.0739136,1,[33.4354553,-112.0739136,33.4354553,-112.0739136],[309,285,11]
bp4hydtZAEaY7euROoyz_Q,33.493907,-112.06732335,2,[33.4654529,-112.0824227,33.5223611,-112.052224],[7,162,71,72]
OgWNZVQdRrW624M8xWjvAw,33.425938,-111.940346,31,[33.425938,-111.940346,33.425938,-111.940346],[24,11]
dZ555iaTZ3Np-aacm0CxEQ,33.4279904,-111.99440535,2,[33.4212308,-112.00644,33.43475,-111.9823707],[37,32,90,28,170]
_w3nEzisBIdhonjIJt8RlQ,33.4771519,-111.926615,3,[33.4771519,-111.926615,33.4771519,-111.926615],[71,72]
C1WgDyCFXWuc7O8fYrGLYQ,33.4492448,-112.0765723,1,[33.4492448,-112.0765723,33.4492448,-112.0765723],[28,190]
piCOLLlRDtOm7usJ2pvPUA,33.6367691,-112.3516813,1,[33.6367691,-112.3516813,33.6367691,-112.3516813],[345,6,35,264]
sHljqWJrRBKFVpoTFCmlrw,33.4508268606962,-111.910204886139,6,[33.4508268606962,-111.910204886139,33.4508268606962,-111.910204886139],[71,72]
_F3Wl3UEkyCdZYBuIEiNWQ,33.49058726510485,-111.956917473938,11,[33.2976955302097,-112.012504,33.683479,-111.901330947876],[212,361,11,229,57,48,62,17,69,168,63,119,99,24,7,98,10,9,74,265]
dYtkphUrU7S2_bjif6k2uA,33.2897914,-112.10713494999999,200,[32.9437368,-112.7335799,33.635846,-111.48069],[88,38,39,298,11,63,27,99,185,26,296,33,7,72,148,154,128,265]
sZ2tEcGtlt3X3xffUCHy1Q,33.32522795,-111.85933285,4,[33.313774,-111.859677,33.3366819,-111.8589887],[26,11,43]
bgZ4vP_EiOJxbKisZCVp2A,33.47523545,-111.9262986,4,[33.471677,-111.926688,33.4787939,-111.9259092],[224,11,251]
SxA8GKT29oeLlTTKr3UI2A,33.501167,-111.907512,1,[33.501167,-111.907512,33.501167,-111.907512],[49,80,59]
IQ4BX95kMDWWE_fCIKl9Ow,33.444023099999995,-111.97827465,6,[33.3637758,-112.0474619,33.5242704,-111.9090874],[26,11,38,128,39,88,298,48]
q6xKFFZALads6IiWwEr0Bg,33.55232025,-111.9900418,108,[33.4342595,-112.0739136,33.670381,-111.90617],[212,11,7,142,265,309,285,27]
PZ9FB1czAYXuxLH7eegBvQ,33.57653685193495,-111.98208315,47,[33.4944525,-112.0670453,33.6586212038699,-111.897121],[202,72,49,445,66,52,99,11,182,48,140,7,162,119,80,82,59,108,38,265,39,185,26,40,210,27,117,88,63,6,33,109,57,69,47,44,46,212,97,417,77,35]
e8otpMFY6rx1oSQ-y18vmw,33.43475,-112.00644,2,[33.43475,-112.00644,33.43475,-112.00644],[28,170]
POtMTsOOnL0CyF4p-OdaUg,33.524992999999995,-112.119804,3,[33.511525,-112.18407,33.538461,-112.055538],[6,70,108,7,38,39,11,24]
ug_sSzPA34oW43zF0fLlBA,33.43475,-112.00644,17,[33.43475,-112.00644,33.43475,-112.00644],[28,170]
6DKIjprJCxwOewopfdgubg,33.637824,-111.896652,2,[33.637824,-111.896652,33.637824,-111.896652],[28,17,29]
xNaz6X9EW5rsIyGsqnAlgg,33.4876277,-112.0313385,1,[33.4876277,-112.0313385,33.4876277,-112.0313385],[109,38,39,206,11]
MXIEsE0ZAj47wonOiFShmA,33.506131249999996,-112.010682,16,[33.349795,-112.18689,33.6624675,-111.834474],[7,108,17,62,27,11,57,69,38,140,39,40,48,8,26]
QQ_OOsiVUWIxuNVRW4UulQ,33.4942939,-111.925316,24,[33.4942939,-111.925316,33.4942939,-111.925316],[26,11]
xbRiiLZVt6jnT1MJq0bIyA,33.451715,-112.091917,6,[33.451715,-112.091917,33.451715,-112.091917],[26,11]
KrqafLanxNm4iDxbC74R1g,33.2341019292333,-111.789879798889,2,[33.2341019292333,-111.789879798889,33.2341019292333,-111.789879798889],[43,11]
tdG8R6Iio2h8bUfS7Ya70w,33.47932305,-112.0589839,32,[33.4492,-112.0775732,33.5094461,-112.0403946],[7,108,38,48,39,11,109,63,27,40]
B931mipLDJYQvYuH0gnJHg,33.321269,-111.970802,6,[33.321269,-111.970802,33.321269,-111.970802],[99,11]
gFhmCel9lSMNmUsVNjqR7Q,33.4215846,-111.92494765000001,8,[33.3045733,-111.9842058,33.5385959,-111.8656895],[33,44,11,83,6,38,39]
h6l2siU2vftr4oFWwYDUUA,33.46242685,-112.15382465,5,[33.3906697,-112.174034,33.534184,-112.1336153],[159,32,43,11]
vj4TK1FVMfFwCnZ4O4QJBA,33.503024,-112.047179,1,[33.503024,-112.047179,33.503024,-112.047179],[219,218,41,11]
Qw8d16nV89Qe7J7K15f1FA,33.4646057,-111.9880997,4,[33.449233,-112.065458,33.4799784,-111.9107414],[27,11,212]
9Dgsf3_BkoGjkvreVuwreQ,33.3045866,-111.9006511,5,[33.3045866,-111.9006511,33.3045866,-111.9006511],[99,11]
v09OVnv2yU8z2-uok-07EQ,33.50844345,-111.97331258644499,6,[33.407088,-112.0362686,33.6097989,-111.91035657289],[126,97,11,63,49,54,242,82,59,182,48,140,24,404,451]
PwOVuP80TXXWx9uqp46MYw,33.4354618,-111.8693044,1,[33.4354618,-111.8693044,33.4354618,-111.8693044],[185,11]
QE27IxItjmiA7R3eITdAJw,33.5160662,-112.029562,1,[33.5160662,-112.029562,33.5160662,-112.029562],[161,28,65,17,29]
pdIFSFGHq6Q2R-ROHfEUMg,33.3350458,-111.877429,14,[33.3350458,-111.877429,33.3350458,-111.877429],[168,42,43,11]
usQuM5uPQdJbTCOzYnuqlw,33.626721,-111.92918135,3,[33.574827,-111.9776027,33.678615,-111.88076],[30,13,6,54,356,458,182,48,140,11]
p9-0l9USi1X9BzJcT7undQ,33.656005,-112.09836,7,[33.656005,-112.09836,33.656005,-112.09836],[26,11]
cMNHD4NWHvsKhmJlx5F3ag,33.600368658295196,-111.91005734999999,5,[33.5020036165904,-111.9301931,33.6987337,-111.8899216],[168,99,11,39,38,128,10,63,24,265]
XggBk7qU_-bIF0Ou6GcSJA,33.8000576,-111.9280264,183,[33.8000576,-111.9280264,33.8000576,-111.9280264],[65,158,17,28,161,29]
BTtFqNr361tDNwG6ZwjK0Q,33.565676251358795,-112.376570201964,8,[33.4920591027176,-112.4254321,33.6392934,-112.327708303928],[49,193,59,129,175,278,79,71,72]
RG2EQBNaVm4tCCS-fb1iUw,33.318857,-111.85065700000001,2,[33.274698,-111.8602,33.363016,-111.841114],[1,199,7,9]
RMej4sGVkwDOKhqkmJ8EgA,33.4170395,-112.00519605,8,[33.378216,-112.072167,33.455863,-111.9382251],[12,114,13,6,163,212,11]
IlCeN--3_-AzWxNZgZco2w,33.5303157,-112.1349059,4,[33.4657394,-112.222145,33.594892,-112.0476668],[224,11,97,98,7,10,192,138,8,139]
ob0BwUJZ29N5XIPBa6fAQw,33.428052,-111.945306,200,[33.378926,-111.964813,33.477178,-111.925799],[99,11,119,48,24]
R2l6dxNHK6hyWSCVPpSiUA,33.5609161,-112.0654251,1,[33.5609161,-112.0654251,33.5609161,-112.0654251],[185,11]
lLnBArluikBGDqrGmotJ-w,33.294403,-112.2942116,35,[32.9479262,-112.7128951,33.6408798,-111.8755281],[7,8,142,172,11,49,56,57,58,59,15,6,191,64,65,104,161,54,220,99,119,120,139,423,137,24,358,257,17,18]
GnZe47OK3xaRSZ-6O54TWQ,33.637072,-112.071339,1,[33.637072,-112.071339,33.637072,-112.071339],[38,11,128,39]
UdFFbZnPUPZMrZyx7cb0Tg,33.4923268,-112.05003930000001,27,[33.480716,-112.0999146,33.5039376,-112.000164],[7,142,108,194,38,39,293]
NqZ_YptHqZ8qtEj6FYd0Ow,33.5386176,-112.1025335,2,[33.5386176,-112.1025335,33.5386176,-112.1025335],[227,32]
0AtO57hwndBu5Tk9CZkedg,33.6241241,-111.9307637,10,[33.6241241,-111.9307637,33.6241241,-111.9307637],[168,265,11]
2Uwp8zQPFA652TCuygBu9g,33.406467,-111.926927,1,[33.406467,-111.926927,33.406467,-111.926927],[96,72]
AkMkbmcytZdlgc64uDXvjg,33.468656800000005,-112.03207545000001,4,[33.4423345,-112.0736563,33.4949791,-111.9904946],[38,39,40,11,84,112,6,254,339]
J3rNWRLRuZJ_0xsJalIhlA,33.4679462,-111.96387734999999,200,[33.43475,-112.00644,33.5011424,-111.9213147],[28,17,18,29,170]
