iAYXDcxstLggHKSz0XopHA,33.3791486,-111.805341,1,[33.3791486,-111.805341,33.3791486,-111.805341],[212,126,11]
o8J-ergbGYjrUy85I_rxzw,33.5087800284787,-112.01216120000001,180,[33.303233,-112.2698024,33.7143270569574,-111.75452],[108,229,7,18,62,194,17,11,141,6,27,142,292,338,382,206,101,38,39,36,162,99,119,26,12,114,13,451,137,139,33,44,88,47,15,191,10,250,404,63,24,225,14,57,91,322,120,185,98,192,182,145,298,41,48,362,20,23,168,181,89,49,193,59,128,296,117,43]
jPl_fIm16CLiV7M6yYigSQ,33.5553123,-111.9197963,13,[33.4740662,-111.9310456,33.6365584,-111.908547],[119,38,48,39,11,10,24,293,63,101,7,292,224,43,27,210,33,44]
CdF17wFTqHEiVEt7lNFutw,33.5827666,-112.0042883,6,[33.4869182,-112.0998386,33.678615,-111.908738],[98,7,11,137,8,139,39,119,26,38]
ys80nWbsc6NUaB_PLf4mmg,33.407866,-112.0204311,8,[33.321086,-112.0893682,33.494646,-111.951494],[88,38,39,89,11,43,33,7,142,98,49,51]
qJh9SHpaO8H7ltyuJGoldw,33.32688657013545,-111.93786785,14,[33.3057308,-111.979696,33.3480423402709,-111.8960397],[97,11,7,142,27,212,41,43]
k3QnAFD1Fuc9QJw7pFeidQ,33.6118028,-112.0743394,5,[33.584831,-112.1709674,33.6387746,-111.9777114],[99,120,11,175,129,79,121,7,72,148,154]
rSFjGVQBxHeinco6Ly5Q-Q,33.6071829,-111.9403254,51,[33.6071829,-111.9403254,33.6071829,-111.9403254],[210,11]
hIZuPZZKf7lev2Ot8HLafw,33.4261273,-112.0194602,157,[33.383123,-112.0744354,33.4691316,-111.964485],[224,11,99,26]
ewvsoOiFqN02y3O980VMvQ,33.47285145,-112.12416405,5,[33.4657629,-112.203776,33.47994,-112.0445521],[43,11,38,143,39,205]
_YTOJaWER-bPqO3Uxm7TXQ,33.6177796,-111.9258843,3,[33.6177796,-111.9258843,33.6177796,-111.9258843],[26,11]
oijTMVRAYB6DrSkhLlaHjA,33.565618482851505,-112.137967,12,[33.477933965703,-112.235818,33.653303,-112.040116],[33,117,24,11,149,7,142,224,26,126,108,229,18,62,194,17,27]
hYan-neMXHeOJolBcJQ8Dw,33.5668050728745,-111.92547082901,2,[33.5668050728745,-111.92547082901,33.5668050728745,-111.92547082901],[224,11]
EtKawtgTJvYzzCYRfcptFw,33.5638767,-111.9248132,3,[33.5638767,-111.9248132,33.5638767,-111.9248132],[28,17,29]
HFzJb1EnBsB6fD5s-9fXUA,33.48836675,-112.0416046,92,[33.3210491,-112.2226374,33.6556844,-111.8605718],[26,11,24,7,36,8,247,38,140,39,40,48,168,169,99,43,27,137,138,139,33,142,265,126,9,112,6,151,251,120,4,5,162,117,77,35,76,224,212,210,63,97,128,185,181,229,172,47,42,129,79,121,309,270,45,10,46,13,30]
XM4eixpB3VzbWAMSN6jRQQ,33.3545993,-111.7898391,2,[33.3545993,-111.7898391,33.3545993,-111.7898391],[119,99,11]
GGRj83BqBFG8MJymjKhTkA,33.305759,-111.993252,2,[33.305759,-111.993252,33.305759,-111.993252],[99,11]
qm2v8HOfxtDpBn1dHZAXBQ,33.5183691,-112.0047498,19,[33.5183691,-112.0047498,33.5183691,-112.0047498],[99,11]
SFVflk7n0ASb6eulF1Y5xw,33.43475,-112.00644,200,[33.43475,-112.00644,33.43475,-112.00644],[28,170]
JM6X0PJBcMkAjOuZqMaZsQ,33.4746472786595,-111.999826293245,18,[33.446885057319,-112.07107588649,33.5024095,-111.9285767],[99,11,112,6,248,111,113,17]
N37cYLoF_BQf15fcid35lQ,33.493385,-111.925028,28,[33.493385,-111.925028,33.493385,-111.925028],[7,139,24,11]
uyUfGVoOwQVtpBEhVCVcbw,33.611141,-112.165119,2,[33.611141,-112.165119,33.611141,-112.165119],[64,65]
-0heMfd5ngN1qm3vrVL83g,33.5394273,-111.9245481,1,[33.5394273,-111.9245481,33.5394273,-111.9245481],[26,11]
ntwsX7sKUV6-1rffsTDS1A,33.5035518,-111.99954245,2,[33.497828,-112.0718179,33.5092756,-111.927267],[48,11,109,38,201,39]
IGOoej2Vb-uO8yIkBmhx6w,33.5094461,-112.0403946,4,[33.5094461,-112.0403946,33.5094461,-112.0403946],[63,27,11]
bKAS27WcB3ZzOAUKCo9-ww,33.4902206786892,-112.06053196849649,3,[33.4566960573784,-112.072327136993,33.5237453,-112.0487368],[38,48,39,11,119]
2Xbx4aCivfjFpm_wlF38qw,33.36710355,-111.8681754,14,[33.3210491,-111.875779,33.413158,-111.8605718],[168,42,43,11,251,7,142,24]
an58BsRsqUrRv5ZtedsNqQ,33.548521808751204,-112.020946741104,100,[33.4566960573784,-112.072327136993,33.640347560124,-111.969566345215],[117,11,119,33]
muU7S-YE8D3FM5KgxOtFCw,33.522812,-112.0617862,41,[33.383949,-112.2797864,33.661675,-111.843786],[127,11,7,292,27,182,172,43,99,48,382,26,17,18,149,63,38,39,296,142,108,194,139,137,9,105,65,28,29,168,265,119]
zuBgMrFYA8Y8xtNQ6E4Gpg,33.4454632,-111.96306630000001,6,[33.4075613,-112.0719926,33.4833651,-111.85414],[26,11,38,39,181,40,7,36,57,145]
TzpK20G4eOSU3PKu7C28Dw,33.498707350000004,-111.98158235,6,[33.4957558,-112.04725,33.5016589,-111.9159147],[119,120,11,98,7,206]
AmhR6YqmYyxy-97wGP_t7g,33.4321397,-112.0420074,1,[33.4321397,-112.0420074,33.4321397,-112.0420074],[28,271]
s_dCojY_rhGDmMQBLYTkag,33.5019817,-111.9276185,11,[33.5019817,-111.9276185,33.5019817,-111.9276185],[99,48,11]
ZuhDACTgT4L-5Er7O-fdDw,33.3932472,-111.8622138,1,[33.3932472,-111.8622138,33.3932472,-111.8622138],[265,24,11]
PGdULSdDahRAGJ0RkF2OXw,33.5739639,-111.882427,1,[33.5739639,-111.882427,33.5739639,-111.882427],[106,54,107]
rDyCi5JmqlElPAmPGiN9fg,33.48379334501525,-112.10148889999999,16,[33.4645681900305,-112.2745209,33.5030185,-111.9284569],[98,7,177,500,140,192,11,224,251,142,108,119]
oWWOdgPZkEGcJOUe9E5tHQ,33.502049,-111.9182798,23,[33.502049,-111.9182798,33.502049,-111.9182798],[38,11,99,128,39]
JgMdtuDMxw3jocijUd18eQ,33.509884,-112.270429,35,[33.509884,-112.270429,33.509884,-112.270429],[28,17,29]
gYeqNxcEm75SZYM0oxZ4vA,33.4080477,-111.9343939,6,[33.383123,-111.964485,33.4329724,-111.9043028],[12,13,6,182,48,140,11,26,126,97,212,361]
W1B7CUkPaO8AOuzDEjra-g,33.4935073,-112.0267278,52,[33.4772147,-112.0736348,33.5097999,-111.9798208],[48,11,265,119]
X0AMlpHTQvm37p2CfQR8kA,33.38536745,-111.9759828,39,[33.2611314,-112.0915007,33.5096035,-111.8604649],[43,11,168,42,38,205,39,40,224,101,88,48,161,123,65]
Zq1J3jo27l5m2ntTZPOSgA,33.3813588786892,-111.9379635684965,31,[33.3060217,-112.072327136993,33.4566960573784,-111.8036],[32,95,222,26,11,88,38,99,39,119,27,49,50,52,7,8]
ZALzZWz4dYHyTGuBS8tFrQ,33.596501399999994,-112.05972495,16,[33.5097768,-112.12371,33.683226,-111.9957399],[38,48,39,11,98,7,239,97,185]
4TA4x0bgELIZ-MCj7PaEVQ,33.40575195,-111.9091988,9,[33.3774019,-111.9506847,33.434102,-111.8677129],[126,11,244,7,455,139,313,108,6,284,35]
R6qYiQhuMtLdLxCc_FFjSQ,33.2976955302097,-111.901330947876,174,[33.2976955302097,-111.901330947876,33.2976955302097,-111.901330947876],[7,98,10,9,11]
tfJarO4bWoF29vOlOnb_YQ,33.4234408327431,-111.939622163773,2,[33.4234408327431,-111.939622163773,33.4234408327431,-111.939622163773],[109,38,27,39,11]
X0J-_DqJoXZh84eAGp6GSQ,33.497633199999996,-111.92156795,2,[33.4957558,-111.9272212,33.4995106,-111.9159147],[109,38,11,39,440,98,7,206]
y9XZGwW65oELPyphF36aJg,33.49320065,-111.97376704999999,9,[33.3852846,-112.0719561,33.6011167,-111.875578],[30,13,6,46,7,292,108,115,372,103,421,65]
UHOFZkgIvb8sn3RSPMXMSQ,33.4441171,-112.00329575,24,[33.3050269,-112.0800705,33.5832073,-111.926521],[108,7,119,38,109,39,11,48,63,27,24,172,49,362,20,23,59,26,62,17,54,55,122,256,57,228,98,161,65]
aghkGEOQtsO1TWVXtETumg,33.4329724,-111.9043028,1,[33.4329724,-111.9043028,33.4329724,-111.9043028],[212,361,11]
TCD2zB8Afonf4Mij2AvC1w,33.4864283,-112.0901903,16,[33.42135,-112.2696392,33.5515066,-111.9107414],[88,38,39,298,11,27,43,109,440,48,244,172,224,212]
wUClZ1Ca3Ebg2hbCOQW8KA,33.53824295,-111.964005,2,[33.5016589,-112.04725,33.574827,-111.88076],[119,120,11,54,356,458]
1IEji01eh66KgRF5m3vorg,33.44757225,-111.97689315,19,[33.3931628,-112.079081,33.5019817,-111.8747053],[26,11,33,117,140,192,57,306,88,109,38,39,265,185,7,47,149,97,28,17,29,89,155,54,37,32,203,373]
6KVO8yTb7qqeRVlnGBzGtw,33.3365399,-111.8763382,30,[33.3365399,-111.8763382,33.3365399,-111.8763382],[7,108]
5C67U-yzuGjww48IkSf3dg,33.5779754455416,-112.2450941292845,6,[33.4480318,-112.478628158569,33.7079190910832,-112.0115601],[32,203,90,49,52]
5y9iP8-qSUc17xhnAhLtPg,33.8320999,-111.940942,2,[33.8320999,-111.940942,33.8320999,-111.940942],[57,6,186,35,372,76]
Zu9wLn2cDyCFOZ0BANlUeA,33.42032,-111.839576,2,[33.42032,-111.839576,33.42032,-111.839576],[7,36,38,39,109]
OZU7_5IsG2giCHTj_hwVjQ,33.50356385,-112.02104775000001,113,[33.4948091,-112.0467405,33.5123186,-111.995355],[38,119,109,39,11,24,40,99]
c8MROMPH5S7niGWbVpF-RA,33.54859035,-112.09724975,4,[33.457457,-112.1223355,33.6397237,-112.072164],[26,11,218,41]
Ea0-et3X8OrHsVBd-wzwTw,33.4643735,-111.9275459,1,[33.4643735,-111.9275459,33.4643735,-111.9275459],[149,11]
pUYD89iodWvkQwcEpeacMA,33.48988605,-111.92704665,59,[33.477178,-111.930037,33.5025941,-111.9240563],[119,48,24,11,38,39,7,313,57,18,109,209,17,182,99]
6wLZOtaAAOTSC01OnOo8dw,33.4660407,-112.0814642,1,[33.4660407,-112.0814642,33.4660407,-112.0814642],[24,11]
12IhQ6toyh_sPs_o-6pkhg,33.5599018,-111.97794970000001,8,[33.3929966,-112.1215834,33.726807,-111.834316],[7,8,168,99,11,26,265,185,33,142]
-DeCQuW9k4ty53ThD_bXkQ,33.4566960573784,-112.072327136993,2,[33.4566960573784,-112.072327136993,33.4566960573784,-112.072327136993],[119,11]
5VSUUzLdQxtXRCUMnCkSlw,33.44009525,-112.01235365,10,[33.3488775,-112.048106,33.531313,-111.9766013],[54,55,122,7,10,9,11]
1Mv2RNR_oV0IIHiX3L0gxw,33.6387561,-112.3891486,2,[33.6387561,-112.3891486,33.6387561,-112.3891486],[123,65]
PIN34hFkWBgC43Vb09ggYQ,33.4156823,-111.6701409,18,[33.4156823,-111.6701409,33.4156823,-111.6701409],[17,11,62,27,63]
paq9vQaLh_Zq-TLXuTZTpQ,33.5670375,-111.9184649,1,[33.5670375,-111.9184649,33.5670375,-111.9184649],[28,158,17,29]
NYzUTIPzT-lsmhb4npRmVg,33.566304,-112.142910558203,22,[33.449129,-112.359924316406,33.683479,-111.9258968],[26,11,7,8,44,97,98,138,139,24,64,65,119,201,161,28,29,17,63,27,129,175,332,79,121]
Tb9wutjuM6VciBJ95k_a7Q,33.47591355,-111.9963119925535,12,[33.449233,-112.065458,33.5025941,-111.927165985107],[182,172,11,27,99,48,265]
yO2H_T9jnDiBODnYgqh9Gg,33.251521499999996,-111.6168155,4,[33.247653,-111.62019,33.25539,-111.613441],[72,287,101,38,99,39,11]
SoKQ22W7b1U0vjsN5RviWw,33.4219276,-111.9273071,1,[33.4219276,-111.9273071,33.4219276,-111.9273071],[26,11]
rsrQ2PRJefKkoYrU93EO6g,33.4797420689751,-111.994993686676,5,[33.4797420689751,-111.994993686676,33.4797420689751,-111.994993686676],[33,99,11]
q904xpWOBDPkHqxZm9YulQ,33.5352701,-112.14903915,28,[33.4315119,-112.2619703,33.6390283,-112.036108],[4,6,99,120,11,7,139,225,375,36,26,98,8,224,68,366,117]
oanHCNCLByQdW_TIgJKzjg,33.5473803,-112.10638175,4,[33.4548476,-112.132693,33.639913,-112.0800705],[33,99,120,11,63,27,24]
UBJdjU9B-2jTC4XybItI7g,33.6696493,-112.1868299,2,[33.6696493,-112.1868299,33.6696493,-112.1868299],[126,97,11]
o9jlLuvoxJ3WyaJ12dtS2Q,33.58068485,-112.04961165,12,[33.449233,-112.2014742,33.7121367,-111.8977491],[64,65,133,49,445,66,52,61,13,6,218,11,224,212,27,58,57,56,59,63]
0x1UfVX58yb8zIgrhDHPtg,33.4076218,-111.9160366,1,[33.4076218,-111.9160366,33.4076218,-111.9160366],[26,11]
E46UwrImNhdSZnLCPv1x5w,33.306491,-111.857959,2,[33.306491,-111.857959,33.306491,-111.857959],[106,279,54]
4pwSMmPb489BMQi5KOuIug,33.439648,-112.026154,5,[33.439648,-112.026154,33.439648,-112.026154],[99,11]
WOnGGW6NMJln20EDDTfIXQ,33.597217400000005,-111.95055775,87,[33.4938414,-111.9776027,33.7005934,-111.9235128],[27,11,26,126,97,161,65]
a2yYBmJxshUSJyDOqio5cg,33.36715485,-111.8493493478025,58,[33.1793439,-112.1342532,33.5549658,-111.564445495605],[71,72,7,292,251,43,11,99,265,108,27,96,177,140,41,400,139,6,225,250,8,148,224,141,345,206,33,126,57,327,97,307,382,38,39]
hbWZgu_n3gH-o0CPe_m4Ag,33.42758295,-111.9312722,4,[33.4067888,-112.0740373,33.4483771,-111.7885071],[7,232,212,229,11,202,72,281,269]
K3X9C4tw582Ce8nMcpWwBg,33.57543185,-111.96756065,29,[33.4951793,-112.0050934,33.6556844,-111.9300279],[99,11,117]
U7hwN-2iIqk4iIQWDbBKsQ,33.4925020001075,-111.924118995667,1,[33.4925020001075,-111.924118995667,33.4925020001075,-111.924118995667],[119,99,11]
L6WImrph6RZyQN5hJ-jvQA,33.509172,-112.088808,164,[33.509172,-112.088808,33.509172,-112.088808],[224,11]
1ub6VcrsDYOzC2nsHpCdTg,33.406632,-111.908696,1,[33.406632,-111.908696,33.406632,-111.908696],[33,44,11]
Y2o4n7kftn3qwUm9zSRAWQ,33.552877,-112.132431,2,[33.552877,-112.132431,33.552877,-112.132431],[7,138,139,11]
M66GEHywwAIrTbzrLwTDGA,33.63976,-112.3594609,1,[33.63976,-112.3594609,33.63976,-112.3594609],[6,87]
jDzE0yzvFLoTX31hZjV5kQ,33.331773,-111.978279,105,[33.331773,-111.978279,33.331773,-111.978279],[126,11]
wUqP5bWR1iELuGt8dAWZ6g,33.6455682097528,-111.917118430138,91,[33.6455682097528,-111.917118430138,33.6455682097528,-111.917118430138],[28,158,17,29]
GV-qnNsx_I1vkIIjDJPpaA,33.455572,-112.0720214,2,[33.455572,-112.0720214,33.455572,-112.0720214],[38,181,39,40,11]
-lSUv9egzYVoJpl1F_WHYw,33.43714799999999,-112.0222690478335,28,[33.304894,-112.1204191,33.569402,-111.924118995667],[101,38,39,219,218,11,224,7,108,24,99,88,128,119,168,298,145,57,26,260,48,4,5,6,89]
GJ3EEoHf4vjFPqFae8rMkQ,33.5019817,-111.9276185,3,[33.5019817,-111.9276185,33.5019817,-111.9276185],[38,48,39,11]
tdHnpaZc5I-7rB8ElfX-dw,33.5505711,-112.07632100000001,118,[33.4194512,-112.236716,33.681691,-111.915926],[99,127,11,28,17,29,38,7,47,88,39,48,26,57,327]
olL2zxwhqDfn7sE0ay47Hw,33.3897438,-111.736418,1,[33.3897438,-111.736418,33.3897438,-111.736418],[54,55,122]
lU2poU69IZCvCBqPGlIfQA,33.659779,-112.373003,1,[33.659779,-112.373003,33.659779,-112.373003],[106,54,82,59,49,324]
J-0VMOt8jPlQu0V5sduKNQ,33.4922985,-111.9245517,1,[33.4922985,-111.9245517,33.4922985,-111.9245517],[210,11]
yo-w1updty1_jflZ8511Iw,33.4354634,-112.0069893,1,[33.4354634,-112.0069893,33.4354634,-112.0069893],[38,128,39]
nIoNz1Ykv9W7IGPFdXzkJw,33.4185305,-111.9376145,7,[33.414333,-111.951494,33.422728,-111.923735],[168,11,24]
qhuiYov7UwAPDibrlg_Cbw,33.49664045,-112.03448175,200,[33.4772147,-112.0736348,33.5160662,-111.9953287],[265,11,38,99,88,39,40,161,28,65,17,29]
0CRbVcph2RJnvX0QiBBhZw,33.449233,-112.065458,13,[33.449233,-112.065458,33.449233,-112.065458],[27,11]
lRoq6CHTrDBR9_hCgoGH2Q,33.4391409,-111.7362002,4,[33.4391409,-111.7362002,33.4391409,-111.7362002],[65,133]
qQo7djly8E4ymzi4rZi3vQ,33.49112,-112.079081,10,[33.49112,-112.079081,33.49112,-112.079081],[28,17,29]
NlEB4tZcB3ydxLFNgIZdmQ,33.43475,-112.00644,96,[33.43475,-112.00644,33.43475,-112.00644],[28,170]
Di9VOsqfHtmWBqErBuwCQQ,33.4951589,-112.0017024,3,[33.4951589,-112.0017024,33.4951589,-112.0017024],[84,147]
K1HsCgHbfpH7mkbflJYVog,33.3133545,-111.8492038,4,[33.304182,-111.8748826,33.322527,-111.823525],[7,8,27,11]
u6gRCUTD4K0g8LDx_kKkfg,33.379261,-111.940552,2,[33.379261,-111.940552,33.379261,-111.940552],[99,11]
-OZZ2_IqOVIyazlPLcZxcA,33.6272882,-112.2368451,4,[33.6272882,-112.2368451,33.6272882,-112.2368451],[27,11]
PUt8SNlLXzAydLPhjgliGw,33.6119413,-111.9987462,1,[33.6119413,-111.9987462,33.6119413,-111.9987462],[38,145,57,88,39,298,11]
K6Elc5Qxar1rcX8CVXczSQ,33.5560781,-111.8987064,1,[33.5560781,-111.8987064,33.5560781,-111.8987064],[39,38,26,127,11]
Pg_iomk0HOuWwLMVSlAvaQ,33.4483606,-111.9866864,32,[33.4483606,-111.9866864,33.4483606,-111.9866864],[28,17,29]
8aya5DXIyVkOqdJRkmeKnA,33.3480722,-111.9451471,24,[33.3480722,-111.9451471,33.3480722,-111.9451471],[224,251,11]
ogmsBDM_HBqJNYWua2SIXg,33.43823305,-111.93114215,12,[33.3786853,-112.0697308,33.4977808,-111.7925535],[57,306,265,99,185,11,48,120,134,135,20,23,443]
xvnexM4WysSi2VPv5nc7fw,33.5223039,-112.08956370000001,10,[33.4487268,-112.174034,33.595881,-112.0050934],[7,108,33,117,24,11,162,219,218,41,224,98,139,138]
D4qGUJRxMTI9FOBR0cSINQ,33.4948853,-112.0455993,1,[33.4948853,-112.0455993,33.4948853,-112.0455993],[185,11]
NiNAttdMnfrnRAV5oZ4o_A,33.47490765,-111.9954182,22,[33.4710214,-112.0649272,33.4787939,-111.9259092],[26,11,251]
PwUnB1okgVdWQDUehF7wDw,33.49200705,-111.907781,8,[33.4194512,-111.915926,33.5645629,-111.899636],[119,201,11,88,38,99,39,7,47,48,62,27,17]
HSJcEkMARxupZgeqogZAkQ,33.534607,-112.0694545,2,[33.503086,-112.07346,33.566128,-112.065449],[49,193,58,59,80]
g2RNaHDVlDUePR7rBDuhiQ,33.4796744,-112.0739818,2,[33.4796744,-112.0739818,33.4796744,-112.0739818],[185,11]
1Qe57jEXd6x2xXdwB7-BPQ,33.4977808,-112.0697308,1,[33.4977808,-112.0697308,33.4977808,-112.0697308],[49,333,52]
OZ7E1fJOZG7_7gNrUDcidQ,33.6128816,-111.9778065,1,[33.6128816,-111.9778065,33.6128816,-111.9778065],[43,11]
hmPbdRHKo7LmLtSKz0jD7g,33.4065733395384,-111.908111572266,1,[33.4065733395384,-111.908111572266,33.4065733395384,-111.908111572266],[63,48,140,11]
_HWRiGMD14EvmTik8EqP0Q,33.465419499999996,-111.97265110000001,32,[33.4206322,-112.0409994,33.5102068,-111.9043028],[13,6,115,372,49,50,52,79,97,11,182,172,27,30,7,98,10,9,126,64,133,65,48,38,99,128,39]
mXsX9ieJ1MsVtYqsIQvrKw,33.6272882,-112.2368451,1,[33.6272882,-112.2368451,33.6272882,-112.2368451],[27,11]
XwHFbEp79RStus8sUFVDLQ,33.445917050000006,-111.9883009,57,[33.373465,-112.0047498,33.5183691,-111.971852],[158,28,99,11]
8oHeUikcIfAf3B4SYFTn4A,33.499499,-111.927402,3,[33.499499,-111.927402,33.499499,-111.927402],[48,11]
-Jjvjxu4muglo50k-5--Vg,33.7111223734905,-112.111252129845,5,[33.7111223734905,-112.111252129845,33.7111223734905,-112.111252129845],[26,11]
q3U0L9fyTW2Inw4fvQh5dA,33.405446719285706,-111.94455,16,[33.304703,-111.981558,33.5061904385714,-111.907542],[218,41,11,12,114,13,6,22,7,72,148,154,36,26,48]
Cn1g1xAFB85ZPgZhDXPcIA,33.5044193,-112.0475633,2,[33.5044193,-112.0475633,33.5044193,-112.0475633],[206,11]
_b68RipnzLZ0gTtFh5ytzg,33.4512558,-112.0972094,1,[33.4512558,-112.0972094,33.4512558,-112.0972094],[26,11]
PV5Lv_xl3DDAcAchFJCbXQ,33.497281,-112.00185400000001,14,[33.449233,-112.079081,33.545329,-111.924627],[27,11,48,38,39,7,8,119,26,109,63,17,18,210,99,88,40,33]
HnlVxMJUFt0senwi9mYzuA,33.393182949999996,-111.96729690000001,59,[33.2475188,-112.0915007,33.5388471,-111.8430931],[38,48,39,11,223,145,57,205,101,88,40,26,7,36,177,192,142,128,43,47,218,41,32,95,222,33,117,309,119,285,99,27,400,259,260,6,186,10]
acuoEIpGPqKWvvFxWtDRVg,33.4598034,-112.3415576,126,[33.4598034,-112.3415576,33.4598034,-112.3415576],[119,11]
MtT6czDIN6ecqk6dKNsbgg,33.502191,-111.996292,157,[33.502191,-111.996292,33.502191,-111.996292],[109,38,11,39,63]
zHgmWv6NbwZepUSqA_FlLw,33.530833,-111.97800555,200,[33.37844,-112.1528921,33.683226,-111.803119],[251,11,224,126,229,43,97,149,212,28,158,17,29,210,7,142,169,185,265,48,292,27]
z4tnkTdPTryk-e77PMz_qQ,33.509554,-112.015207,1,[33.509554,-112.015207,33.509554,-112.015207],[168,265,11]
iuFYlCW_8pJPbfH9h7dsLQ,33.468157950000005,-112.0001399,85,[33.423546,-112.0740123,33.5127699,-111.9262675],[48,11,224,126,109,38,39,63]
w1eKP3FHBwsWAnMVIUcxkw,33.595715999999996,-112.015735,114,[33.507953,-112.065358,33.683479,-111.966112],[7,139,416,11,48,161,28,29,17,65]
EJeBInfAGoBiVWqXX2YTQg,33.534184,-112.174034,3,[33.534184,-112.174034,33.534184,-112.174034],[224,11]
bqOdnzSn0Dj7-a_SlLc8HQ,33.5894645,-111.835573,5,[33.5894645,-111.835573,33.5894645,-111.835573],[84,124]
kfCjjQYZz5IljlZFz4DxBw,33.4936893,-111.9306348,3,[33.4936893,-111.9306348,33.4936893,-111.9306348],[7,194]
Mo209rPmycajeQmAMV2haA,33.58133925,-112.13229885000001,5,[33.5218465,-112.19974,33.640832,-112.0648577],[126,11,210,265]
PyVTe527O1meo_d-_m3zSw,33.433326671322,-111.93624758765,14,[33.421617342644,-111.9466751753,33.445036,-111.92582],[28,17,29,63,27,11]
7ypEWn_Rb2l0rwVACmHjzA,33.6392062,-112.1534466,1,[33.6392062,-112.1534466,33.6392062,-112.1534466],[64,65]
zjM_3HCFhicnxfccPf6bUA,33.50827135,-111.8486084947295,22,[33.3824032,-111.942980289459,33.6341395,-111.7542367],[6,77,35,76,7,108,46,8,116,36,113,11,30,13,149,229,109,38,39,440,126,43,99,128,129,175,332,79,121]
0Dsxcigdb_5P6e9PHXN6sA,33.655418,-112.153592,2,[33.655418,-112.153592,33.655418,-112.153592],[137,7,8,138,139]
n01pGspPh_tUa5ItHRfvPQ,33.458871,-112.077177,1,[33.458871,-112.077177,33.458871,-112.077177],[11,206,63]
QUJYqfEZ-Be-kucHcGs4KQ,33.5100097,-112.0152845,2,[33.5100097,-112.0152845,33.5100097,-112.0152845],[48,11]
iNK9it3CduDY3qETmNAXPw,33.4561612,-112.0739325,1,[33.4561612,-112.0739325,33.4561612,-112.0739325],[7,292,27,11]
6mp9cXdI19oA29TEQM4H7g,33.4101511679125,-111.8524545,11,[33.307983735825,-111.995355,33.5123186,-111.709554],[32,314,7,24,108,119,11,71,72,27,63,126,99]
PRtRbjwrsz-c4VtYaAOh0w,33.4692621,-111.85960365,33,[33.3550442,-111.9296765,33.58348,-111.7895308],[265,48,11,185,7,142]
1-1RcasenaiBfY2ySUHpnw,33.3354566,-111.876337,2,[33.3354566,-111.876337,33.3354566,-111.876337],[7,162,43,11]
Ng30RvdLGn3wTKP4jZxUEA,33.4218047,-111.9533039,2,[33.4218047,-111.9533039,33.4218047,-111.9533039],[33,119,99,11]
T3j5VNpobFHUlaWTEyJhnQ,33.51315,-112.073765,3,[33.51315,-112.073765,33.51315,-112.073765],[11,63]
RAQIyWJgyHUdEFZsyQe3QA,33.247653,-111.613441,4,[33.247653,-111.613441,33.247653,-111.613441],[72,287]
R8oB2hiBkZYglo3zTB3CfQ,33.45,-112.07,1,[33.45,-112.07,33.45,-112.07],[28,170]
BMO1gWhuqtkkmH_X1sNxpg,33.5249692,-111.9804,10,[33.4106974,-112.079081,33.639241,-111.881719],[309,119,285,11,7,108,24,26,260,265]
c-0kF40A8XlNXnNZsfQzsw,33.463543,-112.341878,2,[33.463543,-112.341878,33.463543,-112.341878],[126,97,11]
RwCAqNrlg-odTdVyCYyLlg,33.3406452,-111.9701824,7,[33.3406452,-111.9701824,33.3406452,-111.9701824],[6,77,35,76]
ECZjzvEV4yY--FPs3ojGwA,33.494295,-111.924219,1,[33.494295,-111.924219,33.494295,-111.924219],[11,48,293,39]
z9QVdtpdSEmKAnM2PhJU9w,33.493947,-111.922301,200,[33.493947,-111.922301,33.493947,-111.922301],[28,17,29]
gnLYdnBRaTUk4LRSbTl8Ag,33.313286000000005,-111.99143000000001,7,[33.305824,-111.991549,33.320748,-111.991311],[26,11,7,108,338]
Q1LCcavv6-QEEP7kRaokxw,33.58348,-111.883526,21,[33.58348,-111.883526,33.58348,-111.883526],[7,142]
9qB4q1s6c5AEoperHdNLxw,33.529694,-112.0947944,200,[33.43475,-112.2619703,33.624638,-111.9276185],[27,11,33,44,141,6,48,4,46,57,69,15,98,7,108,24,8,119,28,170]
PkZzbg8KUgznRxx11fCVrQ,33.4403732286892,-112.0061994184965,200,[33.4240504,-112.072327136993,33.4566960573784,-111.9400717],[28,17,18,29,38,26,39,11,119]
2IbMDQWmzM-kY7bhjS87zw,33.45406085,-111.99921315,50,[33.4075498,-112.0741143,33.5005719,-111.924312],[26,11,28,17,29,63,7,108,311,88,38,39,89]
XU27cwPSg1rzyXd14m48pw,33.42468185,-111.91091145,18,[33.378116,-112.0650649,33.4712477,-111.756758],[48,11,104,105,65]
00IVoTJHcLi9EgDQsFJAiQ,33.4666298,-112.0040914,7,[33.420941,-112.0413088,33.5123186,-111.966874],[24,11,49,58,57,56,59,27,63,119,99,38,48,39]
HMoIIwONVOrfimNWTtuTZw,33.59157235,-111.9010208,26,[33.5437037,-111.9050726,33.639441,-111.896969],[43,11,28,17,29]
0fcfMAL5C0XGoMxageQXfg,33.674889699999994,-111.964779,64,[33.5175821,-112.064846,33.8321973,-111.864712],[26,11,10,119,63,27,43]
kYwhWKgj7x6tgeNC9uOu0w,33.632514,-112.15115499999999,2,[33.626933,-112.201579,33.638095,-112.100731],[71,72,96,212,26,11]
AcoLh7rsu9PfKg1oi6oAJA,33.380516,-111.724395,3,[33.380516,-111.724395,33.380516,-111.724395],[11,63]
eVq6OT3R-nRnZDfmtX9aOQ,33.4818475,-111.9914167,35,[33.3931281,-112.0962274,33.5705669,-111.886606],[7,108,34,6,35,32,95,222,8,119,11,26,139,63,126,97,33,99,333,292,48,120,36,43,182,140,200,224,251,84,124,125,10,229,168,265,30,13,109,38,39,212,46,40,206]
ly4f6M2sjgyMMfWsiukqSg,33.4942423,-111.9264472,1,[33.4942423,-111.9264472,33.4942423,-111.9264472],[39,119,48,38,11]
lAdpL97QMOn-o-DiA_jaKQ,33.5400879,-111.9260096,1,[33.5400879,-111.9260096,33.5400879,-111.9260096],[161,28,65,17,29]
-v2iR3tUIuaIimKqkdGyLw,33.4566960573784,-112.072327136993,36,[33.4566960573784,-112.072327136993,33.4566960573784,-112.072327136993],[119,11]
UxJAUCPPYELnVlhTST7q5w,33.677854,-111.978579,3,[33.677854,-111.978579,33.677854,-111.978579],[27,11]
AnRx7QIoAbY4sAkKupih-A,33.4726589,-112.0734644,200,[33.4726589,-112.0734644,33.4726589,-112.0734644],[322,57]
ZvhReNBTfoKG_o3zhAQYow,33.612845500000006,-111.9043391,16,[33.5846317,-111.977935,33.6410593,-111.8307432],[27,11,63]
d3VxqXGSVMg_RlCaJZosAA,33.495263,-111.928554,68,[33.495263,-111.928554,33.495263,-111.928554],[26,11]
fc96VizkiCNpgUL2wd1kpg,33.449233,-112.065458,1,[33.449233,-112.065458,33.449233,-112.065458],[27,11]
3fKdFRt8OfNhur3PmYEa0A,33.4593954,-112.0742496,3,[33.4593954,-112.0742496,33.4593954,-112.0742496],[7,142,292]
k_6N17UQd4IBnIey2d6-aQ,33.5515055,-112.2698024,5,[33.5515055,-112.2698024,33.5515055,-112.2698024],[7,108]
_XaulsDbn5ZGrNHG1NT5ug,33.495560258401,-111.978827286445,7,[33.407162416802,-112.047298,33.5839581,-111.91035657289],[182,218,307,11,26,7,98,108,117,404,451,119,120]
MoMcslEipXwL0yLbhErcDQ,33.61294935,-111.9122234,200,[33.3939372,-111.9471619,33.8319615,-111.8772849],[97,11,119,120]
28JjljXwGB17WwCCuqS-pQ,33.48155,-111.986389,14,[33.48155,-111.986389,33.48155,-111.986389],[95,374,32,164]
QPHpfg0JAGkjGTVg0ZlSaA,33.564471499999996,-112.0115775,91,[33.50201,-112.100731,33.626933,-111.922424],[48,11,212,26,265,28,17,29]
jYxfVfV9ND9LQ6DTPKsnXQ,33.552877,-112.132431,2,[33.552877,-112.132431,33.552877,-112.132431],[7,138,139,11]
ilZPPuTK4LHudUZ6F7r4ug,33.480678,-112.020834,14,[33.480678,-112.020834,33.480678,-112.020834],[99,43,11]
6jR9kI1x109HwEFGCpnQ3w,33.497828,-111.927267,3,[33.497828,-111.927267,33.497828,-111.927267],[352,48,11]
RyQKpMd_GPJy9BmA5FlJow,33.4787939,-111.9259092,12,[33.4787939,-111.9259092,33.4787939,-111.9259092],[309,119,285,11]
xgIJHomsvoAZdgCSngXkhQ,33.5715818,-112.0515111,3,[33.4657394,-112.0724302,33.6774242,-112.030592],[64,133,428,65,224,11]
sN0-ZKVRpw_CF0NHGEC3yw,33.5658386,-112.0046708,60,[33.508834,-112.083991,33.6228432,-111.9253506],[38,143,39,205,123,65]
ivqwyzKDX92pRl7BeyXJmg,33.3353204,-111.8224713,1,[33.3353204,-111.8224713,33.3353204,-111.8224713],[38,128,39]
vnZPrd4IUM_0oz4uV4dvLg,33.4566960573784,-112.072327136993,2,[33.4566960573784,-112.072327136993,33.4566960573784,-112.072327136993],[119,11]
o7NLSPKYo-TCCD2OtqLc2A,33.5618365,-111.9242405,2,[33.542167,-111.925061,33.581506,-111.92342],[109,38,11,39,63,128]
hHejE1-m1bWsOw68ww9Ktg,33.305824,-111.991311,3,[33.305824,-111.991311,33.305824,-111.991311],[26,11]
8WRRuemXJ4jEnfWX0gYXrg,33.492381,-111.9259469,2,[33.492381,-111.9259469,33.492381,-111.9259469],[265,48,11]
cq2Vu3g1auTQ4nlNOVjegA,33.519795200000004,-111.9885787,48,[33.5025941,-112.0474809,33.5369963,-111.9296765],[126,97,11,46,6]
yHYkqgm3F1LMIKIGebBk2w,33.321061644794,-111.723918914795,123,[33.321061644794,-111.723918914795,33.321061644794,-111.723918914795],[99,11]
XQKQlaWhoFT1Mko_JKLm4A,33.4552907,-111.9878697,143,[33.4552907,-111.9878697,33.4552907,-111.9878697],[43,11]
YnJuTJH5GI0Mo1FBkXgejg,33.4074413,-111.9099121,1,[33.4074413,-111.9099121,33.4074413,-111.9099121],[224,11]
6IqEegoaiQ6b2YZ7xW-rzg,33.304416,-111.842609,9,[33.304416,-111.842609,33.304416,-111.842609],[28,17,18,29]
ShCTrkKjauSmCawBB9LTeQ,33.4738270919008,-112.00391527243801,4,[33.4217931838016,-112.048124,33.525861,-111.959706544876],[10,27,11,185]
xFOmIPeiWe1tG-G_sbuDPg,33.44868305,-111.94444425,200,[33.25107,-112.0736825,33.6462961,-111.815206],[98,7,309,119,285,11,24,49,146,44,28,158,17,29,292,139,36,265,48,4,6,100,425,99,178,221,38,39,40]
kqSzpIDvYBSurhECjL-3vw,33.436293,-112.011827,1,[33.436293,-112.011827,33.436293,-112.011827],[99,11]
4HbpC0zG1dL0PWEQn02hGQ,33.509702,-112.042514,6,[33.509702,-112.042514,33.509702,-112.042514],[26,11]
wM32gNcp_GtJypM7iZKIcg,33.44280525,-111.8915767193955,8,[33.390007,-112.0999122,33.4956035,-111.683241238791],[7,292,24,11,185,27,108,8,98,99,48]
GAlQhDeOp9ERgrG1ZPjooA,33.382787199999996,-111.89724054999999,13,[33.3117903,-111.9532638,33.4537841,-111.8412173],[149,11,33,49,368]
BMaSKG7JmKK1-YumiegGTA,33.651285349999995,-111.92950395,7,[33.6272265,-111.9633667,33.6753442,-111.8956412],[48,11,251,7,47]
re__adaHUa4jKA17v7dmDw,33.4433571,-112.04214565000001,15,[33.3478272,-112.174034,33.538887,-111.9102573],[48,11,43,192,224,41,182,430]
RguhW7MRFVN3lnyPOfCKdA,33.324693,-112.003805,2,[33.324693,-112.003805,33.324693,-112.003805],[32,203]
WWq274nFFDaAz1rPkIAYIQ,33.551946900000004,-112.1315722,95,[33.5090018,-112.222145,33.594892,-112.0409994],[7,138,8,139,13,6,115,372]
RP4BXE-IW_NHkBZRge6cQA,33.511953399999996,-112.072147,122,[33.4471735,-112.132431,33.5767333,-112.011863],[49,80,82,59,48,11,99,127,27,7,138,139]
aD5LdGhkzESIhy8YRYW0sw,33.634555500000005,-112.100507,14,[33.626933,-112.100731,33.642178,-112.100283],[65,133,212,26,11]
n5Wu3SNlqEl5C0nD7nhSsQ,33.4643578,-112.3924499,6,[33.4643578,-112.3924499,33.4643578,-112.3924499],[7,142]
g45SLHghNez1OfXnl5m7FQ,33.4938414,-111.9268138,15,[33.4938414,-111.9268138,33.4938414,-111.9268138],[27,11]
4gAxr3H9L9AUKT3kz1czYw,33.5062577,-112.0388617,2,[33.5062577,-112.0388617,33.5062577,-112.0388617],[177,140,11]
hj8tleJrJW3PJQ7FMpYOIQ,33.3056888,-111.8973083,2,[33.3056888,-111.8973083,33.3056888,-111.8973083],[38,265,39,11]
X01EFxZ1-nNAXh5W5puMww,33.2812258,-111.83101375000001,6,[33.2135559,-111.9766015,33.3488957,-111.685426],[38,265,39,11,27,63,182,48,140,26,168,126,97]
jV5W4paAeGXgLOumJI2B5w,33.498028,-111.927951,9,[33.498028,-111.927951,33.498028,-111.927951],[352,48,11]
8eNEP7Yj7JwfOQPwgh4Prw,33.49863715,-112.05769155,112,[33.4585263,-112.0675746,33.538748,-112.0478085],[99,26,11,210,6,77,112,191,35,17,15,111,113]
tRBC8zo48KbWIJn_hEG4mA,33.59147195,-112.04957060000001,29,[33.4719589,-112.200326,33.710985,-111.8988152],[38,48,39,40,11,210,168,181,229,63,27,140,26,119,251,65,133,120,7,57,18,109,209,17]
_nt_6qJXQ2gOpzCy5ksU4A,33.5879473,-112.1164668,9,[33.5879473,-112.1164668,33.5879473,-112.1164668],[168,169,11]
oEo_9d6XX_8-G44yvo-8eA,33.4976274,-111.92165835,3,[33.4957558,-111.927402,33.499499,-111.9159147],[48,11,98,7,206]
4TNsxnEkWWarH305tNLleQ,33.4947792,-111.9175074,25,[33.4947792,-111.9175074,33.4947792,-111.9175074],[113,6,17,116]
VnMGxwqodXp5HdSk6js3tA,33.407694,-111.948507,1,[33.407694,-111.948507,33.407694,-111.948507],[32,433]
aPBV1zOr_RbM8ympvF36Yw,33.53778495,-112.142415,7,[33.4646902,-112.2797366,33.6108797,-112.0050934],[98,7,239,11,108,117,149,251,126,224]
zgCO0TnkvfohTmwPTwP7Ew,33.430199099999996,-111.98048265,143,[33.306107,-112.0999796,33.5542912,-111.8609857],[99,11,15,6,191,239,88,38,39,89,182,218,7,138,8,139,48,177,140,27,246,119,24,17,423,126,97,260,98,43,26,142,108,292,309,285,16,57,69,101,33,128,63,244,172,14,168,36,49,102,103,333,52,251,47,212,74,206,307,40,61,13,70,143,265,298,10,185,127,12,114,145,137,224,28,342,192,29,109,186,25,323,170]
CN2j7Wam7D2uylmaK14GeQ,33.390933072397004,-111.8358421573975,2,[33.321061644794,-111.9477654,33.4608045,-111.723918914795],[57,470,145,39,99,11]
-LbLdarIbmCq8qyNRQ_N1Q,33.4977299,-111.9263351,1,[33.4977299,-111.9263351,33.4977299,-111.9263351],[38,11,26,128,39]
P0TWdT510iiqGjvpEleJHQ,33.4969177,-111.924017,4,[33.4969177,-111.924017,33.4969177,-111.924017],[28,17,29]
wy9AIj-FTQaH7OAGg3xBfg,33.4505143,-112.07165605,17,[33.4482331,-112.0739944,33.4527955,-112.0693177],[38,99,128,39,296,11,26,48,10,24]
tPNndYGOnX0nQ7OymY_B-Q,33.415425,-111.77074959999999,6,[33.357997,-112.073781,33.472853,-111.4677182],[24,11,99,48]
NcqPlhOiiNUM0v0kwUtD_Q,33.535864000000004,-111.92267480000001,6,[33.393113,-111.9746066,33.678615,-111.870743],[192,11,43,7,137,8,139,9,10]
w4y8GSMDR0zfoQFpA_n4kw,33.4886988,-111.9955103,3,[33.4886988,-111.9955103,33.4886988,-111.9955103],[7,247]
5ryhL0VWvPKBXgp9UUx9dA,33.5650982,-112.0737503,1,[33.5650982,-112.0737503,33.5650982,-112.0737503],[48,11]
vnCEiR4dBJvqRkUJ8M5t6w,33.4956415,-111.9870918,1,[33.4956415,-111.9870918,33.4956415,-111.9870918],[6,45,65,7,148,204]
Z02XdD0muEz2FFQKPERMYQ,33.5568182,-112.0954825,53,[33.3986293,-112.3114297,33.7150071,-111.8795353],[27,11,119,26,120,48,168,24,109,38,39,63,98,7,182,140,36,8,247,181,229,292,139,416,99,129,277,278,79,43,265,33,44,10]
hh7PBewjJSmFuoYtoq5uAw,33.272043,-111.9802308,13,[33.272043,-111.9802308,33.272043,-111.9802308],[49,265,146,11]
7hLw3qNZPc8uQdLuTxg_hA,33.53677465,-112.0590949,17,[33.4039,-112.1868299,33.6696493,-111.9313599],[265,11,185,177,140,101,38,39,40,63,33,126,97,49,80,82,59]
JIBZVvSnZaxmdeOSEJABAA,33.5390281677246,-112.21800994873,2,[33.5390281677246,-112.21800994873,33.5390281677246,-112.21800994873],[224,11]
132m3lRoO1tw3rdlGvYF4A,33.42647945,-111.9952195,4,[33.3791269,-112.01336,33.473832,-111.977079],[26,11]
Zp1qjzHW7mabcSDRhJEzGg,33.3781589,-112.166828,3,[33.3781589,-112.166828,33.3781589,-112.166828],[44,11]
6zEFOuST_nA3vkKMj9BQ3A,33.73015505,-112.0755525,9,[33.595881,-112.184993,33.8644291,-111.966112],[44,26,11,144,185,212,229,33,117,24,251]
uK4puAO7FvLe1j09nl6MiA,33.49491655,-111.92210955,5,[33.4947329,-111.9286582,33.4951002,-111.9155609],[26,11,123,65]
Aec_J6CHZOuDka6F3eGexg,33.42251065,-111.9314449,2,[33.4219869,-111.9366872,33.4230344,-111.9262026],[33,11,99]
RsUNADZTrJ5xFXVMXJC1MQ,33.6128816,-111.9778065,2,[33.6128816,-111.9778065,33.6128816,-111.9778065],[177,140,11]
eBMG8g4qQZVZHtWiqkvOKg,33.4492414,-112.072854,2,[33.4492414,-112.072854,33.4492414,-112.072854],[38,39,40]
9TPNcHOHcBqJlEovdrCabw,33.4950535,-111.9958183,6,[33.4950535,-111.9958183,33.4950535,-111.9958183],[11,27,63]
us4_CBTIJgZvUr4pNiR9cg,33.5173991,-112.0824683,2,[33.5173991,-112.0824683,33.5173991,-112.0824683],[126,97,11]
r0vc3x6NjYxiYiuvhi7Q5Q,33.4772147,-112.0736348,6,[33.4772147,-112.0736348,33.4772147,-112.0736348],[265,11]
ZbbtggUAphY4EzSN9ejoQA,33.451324400000004,-111.87702655000001,12,[33.392609,-112.0764371,33.5100398,-111.677616],[57,39,145,33,38,11,129,175,278,79]
_iUJOb9V4Y6k7GqoSkpVkw,33.554825,-111.899636,3,[33.554825,-111.899636,33.554825,-111.899636],[119,201,11]
-rC0wI2U3N6LwtBqLtPuAA,33.34183535,-111.8200344,6,[33.3059804,-111.887184,33.3776903,-111.7528848],[7,142,6,204,65]
-CL7GQLQ1kOGCpstAkcLdQ,33.4259364,-111.97018025,3,[33.3197478,-111.9795005,33.532125,-111.96086],[6,118,48,11]
VJjOkdAXJCne6Ffpsdu9Ow,33.6411275,-112.231129,1,[33.6411275,-112.231129,33.6411275,-112.231129],[71,72]
UaQP0j7i6zznnLqQI0qg2w,33.506308149999995,-112.01135265,3,[33.5024095,-112.0272041,33.5102068,-111.9955012],[7,142,8,119,11]
dtD8qxaWO3VuOcJm-CUfvA,33.623019,-111.875449,8,[33.623019,-111.875449,33.623019,-111.875449],[43,11]
yAUdXU4BB0WHXP9f_QcmZQ,33.486807,-112.077012,3,[33.486807,-112.077012,33.486807,-112.077012],[28,17,29]
5StJwPvmlJj0yMHBj1PATw,33.4952867,-112.3556173,54,[33.4952867,-112.3556173,33.4952867,-112.3556173],[49,28,178,17,29]
07D36uafGBKYnxVd5L7Ufg,33.330435,-111.98029,1,[33.330435,-111.98029,33.330435,-111.98029],[88,38,39,11]
ofOuOdYdTtCu8I8ndKc9zg,33.42202818642805,-111.917254,7,[33.2618144,-111.977873,33.5822419728561,-111.856635],[177,11,7,98,10,9,26,63,27,140]
MswJHYhaVB6LrDpMggPnwQ,33.493947,-111.922301,2,[33.493947,-111.922301,33.493947,-111.922301],[28,17,29]
TR1c6ACvJQsw52JgwwEbcQ,33.4346646089965,-111.994210481644,135,[33.4346646089965,-111.994210481644,33.4346646089965,-111.994210481644],[48,11]
IOPKca_pNhb4g80H1bjCfQ,33.443012800000005,-112.0521718,8,[33.351089,-112.2613136,33.5349366,-111.84303],[404,451,11,127,149,126]
Ck1YBb7ufEt1zERJAy-V-Q,33.4653163,-112.2416908,1,[33.4653163,-112.2416908,33.4653163,-112.2416908],[26,11]
hLqijJ_TurlTezVC6rpxlw,33.626933,-112.100731,9,[33.626933,-112.100731,33.626933,-112.100731],[212,26,11]
rQWWOb5Bcl0U7hCGpTc3VA,33.3751825,-111.8782339,2,[33.3751825,-111.8782339,33.3751825,-111.8782339],[99,11]
8si1MT348c-rNZYDWCJvzQ,33.6034641,-112.1474418,6,[33.5674562,-112.2234146,33.639472,-112.071469],[99,11,218,224,41]
jDOIQn0VbdTMROy_yG4-aw,33.4329724,-111.9043028,4,[33.4329724,-111.9043028,33.4329724,-111.9043028],[57,99,91,11]
om7NNvV3StJiZ713Wvq52Q,33.493947,-111.922301,18,[33.493947,-111.922301,33.493947,-111.922301],[28,17,29]
jBhstBJoBoFe6T4fHcn-7g,33.504045950000005,-112.0562774,4,[33.4944525,-112.0734885,33.5136394,-112.0390663],[117,11,7,142,108,292]
7JpfUCN0c8Rozql5POu4ww,33.6128816,-111.9778062,1,[33.6128816,-111.9778062,33.6128816,-111.9778062],[84,339]
0xMiUUtkDBFRNkzZME0U0g,33.50745805,-111.96807945,26,[33.390792,-112.012504,33.6241241,-111.9236549],[168,265,11,109,38,48,39,99,40]
AOAabvijSpmDYFrPAE2DoA,33.224734,-111.73818,15,[33.2135559,-111.790934,33.2359121,-111.685426],[26,11,27,63,185]
8iKbL_CSXD1mRGYXRk2Syg,33.3318445,-111.858878,2,[33.326594,-111.85953,33.337095,-111.858226],[6,100,38,26,39,11]
lHzjNsEBdthU27lolvsM6w,33.4795094,-112.1125311,1,[33.4795094,-112.1125311,33.4795094,-112.1125311],[28,17,29]
_UhFmYeZOzi2GTFkSUuo8A,33.49112,-112.079081,23,[33.49112,-112.079081,33.49112,-112.079081],[28,17,29,26,11]
TdS2c9OGL2I9nWi9GPEhKg,33.400561499999995,-111.88010675000001,9,[33.306529,-112.004102,33.494594,-111.7561115],[7,24,47,27,11,88,38,99,39,10,63,119,26,108,48]
-0Ycl6yN0BsX1U70-SZOYw,33.5628844,-111.9067365,8,[33.5022311,-111.925553,33.6235377,-111.88792],[126,97,307,11,13,6,4,12,59,49,193,160,27]
3Abqb-MjQOhDqdhntBXKLA,33.4576081,-112.0070138,3,[33.2789582,-112.228106,33.636258,-111.7859216],[30,13,6,7,8]
m7ivTnwguCCT3IHsW2eIeQ,33.499923249999995,-112.0396936,4,[33.497437,-112.083886,33.5024095,-111.9955012],[7,108,27,11]
XjgKZKL2fHolCfZP_pj28A,33.2976955302097,-111.901330947876,1,[33.2976955302097,-111.901330947876,33.2976955302097,-111.901330947876],[7,98,10,9,11]
iImCGO_zGcDzDm9fyWpfKQ,33.483684,-111.987152,7,[33.483684,-111.987152,33.483684,-111.987152],[155,54]
hlRqMmotfAVD90fub0uWkA,33.42234995,-112.00482295,171,[33.34697,-112.0846008,33.4977299,-111.9250451],[49,52,63,27,11,7,142,57,470,145,39,38,26,128,28,17,29]
NGS5HG3M6xHKk4iB6eoUXw,33.49112,-112.079081,6,[33.49112,-112.079081,33.49112,-112.079081],[26,11]
hPPX39aHliCVVSd3dg2JDQ,33.55929705,-111.92749485,26,[33.49447,-111.9307637,33.6241241,-111.924226],[38,39,28,17,29,11,168,265]
JWTtKYVMvICWLlhdHQLocw,33.4932177,-111.92571,1,[33.4932177,-111.92571,33.4932177,-111.92571],[33,26,11]
vb9WYFQkiqFXTQIWBH8_Yg,33.4511945,-112.0000508,16,[33.4511945,-112.0000508,33.4511945,-112.0000508],[265,185,11]
vpd7jI9hbFoZMEocnYCA_w,33.574574364311545,-111.93103154482401,12,[33.4925020001075,-111.9955012,33.6566467285156,-111.866561889648],[27,11,119,99,7,194,13,6,65,167,204,12,84,343,63,251,224,212,43]
PDpWGp4PVts0rxK_h_2ntg,33.40253195,-112.013345,167,[33.304492,-112.153053,33.5005719,-111.873637],[7,108,99,11,33,119,98,10,9,38,39,27,24,128,185,26,212,43,101]
rWEzjsSvYb1IsRphYb9Ceg,33.46867925,-112.06870615,2,[33.4423345,-112.0736563,33.495024,-112.063756],[33,11,38,39,40]
jiXgwNOub4gCWnhn1Vk40g,33.567299,-112.066932,18,[33.567299,-112.066932,33.567299,-112.066932],[84,370]
5C9zb8R5qWC9sIpDdsyn_g,33.6753542414738,-111.965274810791,31,[33.6753542414738,-111.965274810791,33.6753542414738,-111.965274810791],[168,265,11]
vSOB5CPWFuHIWLImY0w-uw,33.56619555,-111.9192589,40,[33.5653536,-111.9200529,33.5670375,-111.9184649],[28,158,17,29,49,80,59]
GEbnNV09Yli0qWL7fTRTKw,33.57273875,-111.92222955,166,[33.499499,-111.927402,33.6459785,-111.9170571],[48,11,33,265]
ZZaPkWkk9NVTzNECzUTTag,33.4519001,-111.6968052,81,[33.4519001,-111.6968052,33.4519001,-111.6968052],[265,11]
iJUVamUkqL6VfEMfyQoujw,33.3335185,-111.8946884573975,135,[33.217804,-112.065458,33.449233,-111.723918914795],[7,142,99,11,244,38,47,88,39,48,33,108,138,8,139,27,251,43,177,140,446,224,26,296,24,6,116,36,113,373,196,10,292,182,218,42,98,212,63,185,126,77,35,76,109,149,119,219,127,247,17,62,153,57,91,49,80,82,59,137,12,13,22]
gk7y5FImwc1Yu9Tx1a1XKg,33.4486711,-112.0662996,1,[33.4486711,-112.0662996,33.4486711,-112.0662996],[322,57]
0d3vlF6zd049N-AZvLtXnQ,33.3932601,-111.8686061,14,[33.3932601,-111.8686061,33.3932601,-111.8686061],[24,11]
RRIJ3K04IS-qGHG16hNpVg,33.321486,-111.805265,2,[33.321486,-111.805265,33.321486,-111.805265],[39,38,99,128,11]
fuiRF0BnmV-RtX-cs6Xsgg,33.307325126378,-111.74171169729,2,[33.307325126378,-111.74171169729,33.307325126378,-111.74171169729],[265,11]
8EefXq-OSIKSqzyrpDNJMw,33.4647343,-111.99818644999999,28,[33.3480347,-112.1371245,33.5814339,-111.8592484],[119,99,11,27,214,7,108,24,117,63,224,239,142,210,44,127,39,212,293,88,38,298,48,181,296]
zlpj0gWMVq9uebJlquCAVg,33.4918756799029,-111.930513381958,3,[33.4918756799029,-111.930513381958,33.4918756799029,-111.930513381958],[98,7,292,17,62]
LfAsadzPnfDjcN3EGE_tCA,33.2905286,-111.80826049999999,10,[33.285218,-111.899491,33.2958392,-111.71703],[64,65,53,54,55]
njEydjx43XGUVptxzviN4Q,33.474064299999995,-111.942364386326,98,[33.3117903,-112.165567972652,33.6363383,-111.7191608],[195,65,373,196,43,11,126,161,7,162,149,308,54,177,140,251,224,212,42,449,97,28,442,241,153,26]
aFYbjcyomB_4wz7EqJw4xA,32.9479262,-112.7128951,13,[32.9479262,-112.7128951,32.9479262,-112.7128951],[119,99,120,11]
pbgv_cZcuFmpcxqcgGNY9Q,33.434116,-112.304277,2,[33.434116,-112.304277,33.434116,-112.304277],[43,11]
Ft-i74HyCpMDi3R7EDAUWA,33.4317002253347,-112.01695194999999,25,[33.2815753506694,-112.1250101,33.5818251,-111.9088938],[185,11,212,126,43,57,39,145,98,7,99,38,128,33,119,117,48,10,65,133]
AdVcNc_SH4d7ZRdOZ9bFEA,33.4979145,-112.06892115,3,[33.495024,-112.0740863,33.500805,-112.063756],[33,11,4,5,6]
5BUY3vy_usul8ijpimTr3Q,33.4720128,-112.04016999999999,200,[33.43475,-112.0739,33.5092756,-112.00644],[28,170,99,11,48]
v45tuxGFmWasQEBhQXwQLA,33.3893086,-111.92813100000001,2,[33.3637662,-111.9304053,33.414851,-111.9258567],[4,5,6,185,11]
AHEjsbiM-I3if_qbEa9eeQ,33.2475,-111.87918,9,[33.2475,-111.87918,33.2475,-111.87918],[48,11]
fmIzWem7dpmJN307hxTqjg,33.8000576,-111.9280264,91,[33.8000576,-111.9280264,33.8000576,-111.9280264],[65,158,17,28,161,29]
FdYomE5-hd7Z73_1R4ITjA,33.3134804,-111.9703172,1,[33.3134804,-111.9703172,33.3134804,-111.9703172],[130,32]
X-AOcuGqWACSwAusrjYIpQ,33.4875316,-111.98127345,8,[33.3193788,-112.0358927,33.6556844,-111.9266542],[11,27,63,4,5,6,127,109,38,39,99]
8tlZpRhW6ZobjEtchp61UQ,33.47118,-112.23758,4,[33.47118,-112.23758,33.47118,-112.23758],[26,11]
Bvf5pkTsVQMiG1r3QF_0Yg,33.6381341,-112.3373424,2,[33.6381341,-112.3373424,33.6381341,-112.3373424],[11,63]
tYFb3vrvji1-QSJmFIZSwQ,33.619137,-111.898964,1,[33.619137,-111.898964,33.619137,-111.898964],[54,55]
28_CYjfg1tQN0Jh5l72f0Q,33.603506,-112.036383,115,[33.603506,-112.036383,33.603506,-112.036383],[11]
YJtEydhRkddR5ox-O4c6sw,33.636206,-111.918352,2,[33.636206,-111.918352,33.636206,-111.918352],[26,11]
ARIT9F0X-hi73unv75kIWA,33.39381135,-111.86990575,14,[33.3088284,-112.0478085,33.4787943,-111.692003],[11,63,49,178,17,18,10,44,24,119,48,7,47,26]
4o7r-QSYhOkxpxRMqpXcCg,33.666840500000006,-111.82397505,39,[33.5336234,-111.9652641,33.8000576,-111.682686],[49,178,161,28,65,17,29]
1Lj9mKsFOUFlWE5dB1qf7A,33.5044193,-112.0475633,1,[33.5044193,-112.0475633,33.5044193,-112.0475633],[206,11]
D3sHXBMBeWR-naSuDnZZvA,33.3791269,-111.977079,2,[33.3791269,-111.977079,33.3791269,-111.977079],[26,11]
dYkP9apNmEFsk74cpoGD8A,33.63692754852815,-111.9126304746935,3,[33.619137,-111.926296949387,33.6547180970563,-111.898964],[32,95,222,7,137,8,139,54,55]
v1mDGpM1WSJTyJDi0UJv8A,33.3791738,-111.7571117,3,[33.3791738,-111.7571117,33.3791738,-111.7571117],[212,11]
K2q1PYnfV5BK81pUG3hWNQ,33.403257800000006,-111.9840974,2,[33.311379,-112.0012318,33.4951366,-111.966963],[48,11,71,72]
IhbboazAqdNxz9tg5T2rkw,33.4546816,-112.0584698,14,[33.3999435,-112.1371188,33.5094197,-111.9798208],[117,11,177,219,218,41,43,78,79,334,181,185,27,63]
Esi0LF6paDqj7W0LcDX4AA,33.49250247665735,-111.93251855,20,[33.362719,-111.9888982,33.6222859533147,-111.8761389],[33,117,48,11,219,218,41,7,189,10,24,62,27,17,26,98,206,28,29,323]
no79DWjboB4YErQbfxJ-KQ,33.551192900000004,-111.9617835,32,[33.3023282,-112.083991,33.8000576,-111.839576],[65,158,17,28,161,29,48,11,43,7,292,142,168,181,229,38,143,39,205,26,88,46,6,99,128,296,36,109,30,13,126,97]
t6u29OyVPTIDI-RUlmp-WA,33.43475,-112.00644,200,[33.43475,-112.00644,33.43475,-112.00644],[28,170]
KQnq1p-PlWUo-qPEtWtmMw,33.6390345,-111.9817311,17,[33.6390345,-111.9817311,33.6390345,-111.9817311],[30,13,6,45,85]
LPCKaTvipqr2miipL66FmQ,33.538927,-112.048079,25,[33.538927,-112.048079,33.538927,-112.048079],[26,11]
l9pvUVw8DShTeS_U92lj5Q,33.557344266605554,-112.1085410118605,11,[33.465454,-112.1858356,33.6492345332111,-112.031246423721],[49,50,52,26,11,98,7,10,192]
kB6f-Zn75n_FYf_aBetDBA,33.7789868,-111.9257692,1,[33.7789868,-111.9257692,33.7789868,-111.9257692],[33,117,11]
7HoLuOqQl6VGGf_auoKkkw,33.498028,-111.927951,13,[33.498028,-111.927951,33.498028,-111.927951],[352,48,11]
6m42gKu5UlWj-T0-on9tjw,33.5102068,-112.0272041,2,[33.5102068,-112.0272041,33.5102068,-112.0272041],[48,11]
D-oZAfAXFBDfq_Px-IBquA,33.55889065,-112.11875645,49,[33.444799,-112.347038,33.6729823,-111.8904749],[11,49,18,51,17,26,168,181,229,7,292,99,48,109,38,39,128,28,29,162,47,57,36,69,137,8,139,140,40,33,44,212,108,161,65,133,15,6,27,63,185,327,12,61,13,114,194]
gi2q1yKx7r8t7EjY7chLeA,33.4073914,-111.9467741,2,[33.4073914,-111.9467741,33.4073914,-111.9467741],[224,11]
p99cjyPiDOHRHyiSnNSp5g,33.5988406,-111.98118,2,[33.5988406,-111.98118,33.5988406,-111.98118],[7,139,416]
i0VauOs5HRwR4C1L0c9rbQ,33.6241241,-111.9307637,15,[33.6241241,-111.9307637,33.6241241,-111.9307637],[168,265,11]
_9ky52n1V2lnemIqG41BSw,33.5612589,-112.1156244,1,[33.5612589,-112.1156244,33.5612589,-112.1156244],[48,185,11]
__FXEOrWIjXMOElz2pGlBQ,33.60238605,-112.299126,9,[33.5349461,-112.358997,33.669826,-112.239255],[57,69,7,48,47,11,99,140]
_01X4a-sS1Oc2yZuMMuCEQ,33.54513921083185,-111.9835728362045,16,[33.4507344216637,-112.286067,33.639544,-111.681078672409],[218,11,33,27,307,181,224,10,44,24,7,142,120]
uAHa4eDqFri3k7WLhO6Ycg,33.3156591,-112.0048589,1,[33.3156591,-112.0048589,33.3156591,-112.0048589],[382,11]
ie2Nq6MKQL-A2GlKNXL4hg,33.449188,-112.0772,2,[33.449188,-112.0772,33.449188,-112.0772],[28,240,241]
0b-mORh60rfe6JOCW3vRfg,33.969064,-112.728991,14,[33.969064,-112.728991,33.969064,-112.728991],[185,11]
POVio1iSAaPDCsxpp2EmMQ,33.428949149999994,-111.94061615000001,6,[33.362719,-112.0050934,33.4951793,-111.8761389],[44,126,97,11,89,117,224]
H4KGzoofWDVgxJSXTOWMNA,33.390792,-112.012504,23,[33.390792,-112.012504,33.390792,-112.012504],[109,38,48,39,11]
r9eJDp1JXd5eCL1rjGcwsQ,33.4033669363438,-111.973214149475,2,[33.4033669363438,-111.973214149475,33.4033669363438,-111.973214149475],[28,17,29]
3avXhtZQc5CEJxUwezWvnQ,33.383949,-111.843786,2,[33.383949,-111.843786,33.383949,-111.843786],[119,99,11]
Isz7i9Cjrq5Ru0rAi8qrTw,33.4529480286892,-112.07483525,11,[33.4492,-112.0800705,33.4566960573784,-112.0696],[119,11,63,27,24,177,140]
qsyO7LAgVVFoLhxkdBwzGg,33.46547785,-112.1479834,28,[33.3794253,-112.342703,33.5515304,-111.9532638],[183,65,57,39,145,182,99,11,38,128,137,7,6,139,292,48,36,69,98,49,368,120,27]
ugqAsZopLqbiZSZVIUQLjQ,33.5100398,-112.0146407,6,[33.5100398,-112.0146407,33.5100398,-112.0146407],[33,38,39,11]
HS-L6EDERLmnmqPoCcuUQg,33.3571131,-112.04337715,7,[33.2475188,-112.3408385,33.4667074,-111.7459158],[182,218,11,224,41,26,99,27,400]
4-pytiNPM8PV9H9kPtfGDw,33.41068835,-111.90352905,3,[33.319395,-111.9320931,33.5019817,-111.874965],[39,26,127,11,182,48,140,99]
MulGeQ2d6Oce5zHpwVf8iA,33.5229858,-112.0476585,54,[33.5229858,-112.0476585,33.5229858,-112.0476585],[48,11]
C_nSEljKYdg6fN2KxwBIpA,33.480771,-112.09158,2,[33.480771,-112.09158,33.480771,-112.09158],[99,43,11]
aoV1XcvfoFTOnGES1sy2QQ,33.3490926,-111.9275461,1,[33.3490926,-111.9275461,33.3490926,-111.9275461],[195,65]
bBS2Qsf--DYRXbYe5q4CcQ,33.42185095,-111.9817424,17,[33.305759,-112.0744706,33.5379429,-111.8890142],[168,126,97,11,48,63,57,69,99,7,162,119,27,38,39,161,195,65,109]
jMDjPUwXbH2WS039x4mTeA,33.46360995,-111.93052515,6,[33.4247212,-111.9351556,33.5024987,-111.9258947],[149,229,11,7,292]
1cR5-LZcSYcACxhGe3DEVA,33.5448406,-111.9762225,199,[33.3624072,-112.100731,33.727274,-111.851714],[127,11,88,38,39,298,101,7,108,48,26,212,43,486,40,57,69,6,145,186,27,49,321,193,59,140,119,24,99,126,128,182,177,285,205,28,17,29,143,168,44]
ZEWT8LVdjXBVmsj4kW1QrQ,33.38066415,-111.82796024999999,6,[33.2587342,-111.9296765,33.5025941,-111.726244],[11,27,63,265,48,251,43,7,24,108,119]
06VnnZHSaSOGWLjHIbbqFA,33.30503765,-111.8701356,9,[33.304416,-111.8976622,33.3056593,-111.842609],[7,47,48,27,11,28,17,18,29]
KlYp8B9ZTDL2ZHd8slY21g,33.384940767126494,-111.89289382351501,7,[33.362719,-111.90964874703,33.407162534253,-111.8761389],[89,11,117]
FWnsCOYE_0DU8bsOg6g4bw,33.4552907,-111.9878697,5,[33.4552907,-111.9878697,33.4552907,-111.9878697],[43,11]
ast7yCfvhIwaD53OFSXoag,33.40438205,-111.9375619595,142,[33.30617,-112.0825915,33.5025941,-111.792532419],[54,55,122,192,140,11,30,13,6,38,143,39,205,7,108,32,95,222,137,8,139,99,48,296,77,35,76,204,65,162,24,119,49,80,82,59,177,251,28,170]
xvxRXIpwKlewySjGgJOz8g,33.500545,-111.9264093,7,[33.500545,-111.9264093,33.500545,-111.9264093],[119,99,11]
3Zi1udoY2iT9s8Q3X6tgZQ,33.597466722397,-112.1574736573975,187,[33.321061644794,-112.5910284,33.8738718,-111.723918914795],[33,11,43,99,120,63,185,265,126,97,37,32,26,7,108,27,307,57,91,229,142,189,10,24,109,38,39,49,52,12,114,13,6,115,69,46,372,30,309,285,251,138,8,139,44,98,119,162,48,47,181,296,113,116,224,168,41,128,292,212,293,28,170,9,36,149,150,17,65,133,326,127]
VMNs0sDjCBSwEn91O8zUQA,33.28401275,-111.88522435,4,[33.2612195,-111.88557,33.306806,-111.8848787],[177,140,192,11,109,38,27,39]
WoHJwdX0G5kI5ozU_ND7eQ,33.4154709,-111.833114,10,[33.4154709,-111.833114,33.4154709,-111.833114],[26,11]
jnkn81vycnvxEZoefQodFA,33.597132,-111.715264,1,[33.597132,-111.715264,33.597132,-111.715264],[84,336]
KEfDoo2m-zg1Vx8bE3Jmrg,33.5093758,-112.0742672,1,[33.5093758,-112.0742672,33.5093758,-112.0742672],[7,108]
44wFDkl4dM7GhFQY7wGtpg,33.4966128,-111.9302654,4,[33.4966128,-111.9302654,33.4966128,-111.9302654],[43,11]
UrjEdSRi5vry3bQ1NKyLuQ,33.5631724,-111.9255119,2,[33.501161,-111.925513,33.6251838,-111.9255108],[206,11,168,265]
qZpAuFuWTylKR5TGolI1uQ,33.492737,-112.380047,1,[33.492737,-112.380047,33.492737,-112.380047],[224,11]
RHLKZQWKlfraZcFNjJYxpQ,33.3260075,-111.9201688,29,[33.0241115,-112.0505478,33.6279035,-111.7897898],[223,11,27,41,57,69,48,126,119,24,7,365,139,229,43,97,108,26,455,63,117,120,33]
s9rONiyCuf9t5zL5PHs4wA,33.5337282011645,-111.91142208103,40,[33.4608045,-111.9798631,33.606651902329,-111.84298106206],[57,470,145,39,6,284,35,26,11,265,126,97,322,28,190]
MuiyYofyIa6flBVjfnHtjw,33.4214699,-111.98202855,11,[33.332733,-112.0272041,33.5102068,-111.936853],[7,139,6,225,250,168,126,97,11,84,339,177,192,78,79,21,359]
NlMbcdONGZbqjyf5uUIhgQ,33.688544,-112.109199,5,[33.688544,-112.109199,33.688544,-112.109199],[289,6,35,76]
bElUvsx6m3TkMvNa0o-OlA,33.425711,-111.94047,200,[33.425711,-111.94047,33.425711,-111.94047],[38,57,39,145]
RlxeGu0X6Hc7M8OqM39z5w,33.3574524,-112.4296587,1,[33.3574524,-112.4296587,33.3574524,-112.4296587],[119,11]
4E_nPWw89FLFHdNsEgMH-g,33.499377443519,-112.0217719,200,[33.266696887038,-112.359645,33.732058,-111.6838988],[7,8,88,38,99,39,11,185,126,48,63,12,114,13,6,115,168,212,43,57,91,36,65,22,167,373,182,41,206,224,265,28,29,17,142,49,52,97,307,27,172,109,110,89,128,251,119,98,139,138,292,103,177,140,293,40,33,24,440,54,55,122,26,69,56,4,160,170,96,72,309,285,204,30,120,333,84,339,117,298,45,46,77,35,76,145,149,127,169,181,327,44,133,341,483,137,66,202,200,395,18,101,32,203,388,394,290,241]
51c601DXEPbcZ2XmhbGsFg,33.6387989,-112.3582339,2,[33.6387989,-112.3582339,33.6387989,-112.3582339],[7,142]
Yvlc_M0VoSS3eD1RDx-PSQ,33.3478272,-111.9102573,1,[33.3478272,-111.9102573,33.3478272,-111.9102573],[7,292,98]
zuywrSTQyZ-WyIVAvg2R_A,33.40401585,-111.88592785,2,[33.3060217,-111.9313599,33.50201,-111.8404958],[265,11,26]
dnCSme3Ta8Wgyc6JzenLmg,33.495197,-111.906939,5,[33.495197,-111.906939,33.495197,-111.906939],[44,11]
q8fLGFqWX90yGQx-ro3WPw,33.3936881,-111.7531446,1,[33.3936881,-111.7531446,33.3936881,-111.7531446],[177,140,11]
qqRrEWKj0CP-47TKpM_eFg,33.42009444999999,-111.83930914999999,3,[33.3889034,-111.8403127,33.4512855,-111.8383056],[224,11,39,340,38]
GhDXfkJslFsqN43FSij0kw,33.446551,-112.290989,1,[33.446551,-112.290989,33.446551,-112.290989],[84,291]
Uz5_Mqh1lLaBB9zE3SWfGg,33.504416894079,-112.037321861415,2,[33.4951366,-112.07341192283,33.513697188158,-112.0012318],[48,11]
aAVAj-enm36K7O3kfM7L3w,33.431627322397,-111.805682,6,[33.321061644794,-111.925634,33.542193,-111.68573],[265,126,97,11,26,99]
yqipY7MD65WjeozJwoacow,33.40664093898085,-111.92065705,7,[33.3045866,-111.940663,33.5086952779617,-111.9006511],[212,361,11,99,223,140,177,192]
ndq2MsPqjZgf2qCk-Rd5Lg,33.5818597,-112.1319013,45,[33.5818597,-112.1319013,33.5818597,-112.1319013],[49,146]
5IeEgDaIIf4h3gctklJQOQ,33.4346646089965,-111.994210481644,200,[33.4346646089965,-111.994210481644,33.4346646089965,-111.994210481644],[48,11]
MGYI7Ip_hs6TIt4goS_mbA,33.57426180701305,-112.0048159058185,4,[33.4941704,-112.083579911637,33.6543532140261,-111.9260519],[219,218,11,177,140]
jCyt_ipwjh4Ng5aUAR2Aww,33.503246,-111.996302,4,[33.503246,-111.996302,33.503246,-111.996302],[78,79]
6dq-rKE_2kjC_orAAPjZ8A,33.5896884,-111.9166943,20,[33.5546172,-111.9329381,33.6247596,-111.9004505],[28,17,29,99,11]
GiklBA05pta8UpXd6JR7oQ,33.61263525,-111.8826116,5,[33.5874955,-111.926212,33.637775,-111.8390112],[11,63]
XU8ejzjJ_R9so2wg1rGHgQ,33.49794945,-111.93687065,7,[33.493947,-111.9514403,33.5019519,-111.922301],[28,17,29,161,113,6,65]
S1ZeBo_GlzRLLTyOfu-Qnw,33.41382,-111.9751648,4,[33.37844,-112.0739136,33.4492,-111.876416],[309,285,11,251,214,239]
LrgN8wINDJJAP75rMTXtyg,33.638996500000005,-112.175511,42,[33.637161,-112.19974,33.640832,-112.151282],[265,126,11]
yT5oZVtq1C40AtpbmX_eNQ,33.356524802837356,-111.941301492442,3,[33.3350531,-111.9445728,33.3779965056747,-111.938030184884],[33,119,24,11,27]
ODrWkIhDSRkLsFHt6Lg-Pw,33.4938414,-111.9268138,7,[33.4938414,-111.9268138,33.4938414,-111.9268138],[27,11]
TitVRXLQLoA_UOOLDXIiwQ,33.40588715,-111.9415784,6,[33.3023282,-112.0403946,33.5094461,-111.8427622],[98,7,24,11,63,27,292,142]
GdpDEUSJl1w-50k4H54anQ,33.6264628,-112.0111959,3,[33.6264628,-112.0111959,33.6264628,-112.0111959],[43,11]
TYdOKKLtA7LITxV7Y2_wjA,33.43475,-112.00644,200,[33.43475,-112.00644,33.43475,-112.00644],[28,170]
4Hx3TBSKs24K1YhSamFA5g,33.5879473,-112.1164668,3,[33.5879473,-112.1164668,33.5879473,-112.1164668],[168,169,11]
s3XYMuiQN4hPKKDqTD-X1g,33.491645,-112.073196,1,[33.491645,-112.073196,33.491645,-112.073196],[38,140,39,40,48,11]
a_y_kvUrpRqebrBUVAaDrQ,33.449233,-112.065458,1,[33.449233,-112.065458,33.449233,-112.065458],[27,11]
AZW2WYwCO5VluiuxGGJ2qA,33.348908,-111.874796,1,[33.348908,-111.874796,33.348908,-111.874796],[88,38,39,298,11]
LOHimHC3F2wumUrlRJDD_Q,33.464406,-112.391694,2,[33.464406,-112.391694,33.464406,-112.391694],[104,133,65]
kC-zcy_Iew-ordK9ABaPJg,33.498648,-111.9203645,5,[33.422788,-111.936439,33.574508,-111.90429],[43,11,7,229]
IAZt6MmGAkybHg7hu8OEhg,33.51508465,-111.97392210000001,17,[33.383123,-112.073346,33.6470463,-111.8744982],[26,11,382,43,99,7,98,10,9,212,292,48,120,39,38,128,44,296]
DGSv93KLu6TZ1sh9QZBrBg,33.4074111,-111.9389734,5,[33.4074111,-111.9389734,33.4074111,-111.9389734],[84,419]
Lu2a--7vGg3ewkW4gwhULQ,33.42,-111.82,2,[33.42,-111.82,33.42,-111.82],[328,32,203]
7IDrIE25THtD3Zy7QyFvLw,33.816882250000006,-111.9324292,26,[33.8000576,-111.936832,33.8337069,-111.9280264],[168,265,307,11,65,158,17,28,161,29]
k5U-0FBwvWUob8dlT6RvmA,33.508464000000004,-111.8985995,80,[33.21804,-112.128533,33.798888,-111.668666],[7,8,6,45,108,57,69,41,239,11,192,44,43,56,39,145,185,373,196,33,177,30,13,110,28,17,29,24,296,106,54,107,212,292,99,48,26,62,27,63,224]
vNx7F5bTO_rnh2ZlBUJ1Bw,33.5159869,-111.9934321,6,[33.4948977,-112.0637645,33.5370761,-111.9230997],[26,11,63,27,202,72,281]
g1NttG1uxGj6ktfSmxPwQA,33.5183691,-112.0047498,19,[33.5183691,-112.0047498,33.5183691,-112.0047498],[99,11]
Cfh5VIrwjWGB0v7FKuc36w,33.5086952779617,-111.927080154419,1,[33.5086952779617,-111.927080154419,33.5086952779617,-111.927080154419],[99,11]
hq-kagLrILYuUIx6ddkkbw,33.55668095,-111.99368154999999,9,[33.4770399,-112.0649071,33.636322,-111.922456],[265,11,39,38,26,128,63,27,24]
GEUB60m_nnllpbGSJV1oAw,33.638937,-112.3553813,16,[33.638937,-112.3553813,33.638937,-112.3553813],[126,97,11]
uBsHxG8iUtmFpCaDGaS8sQ,33.60222615,-111.96801264999999,7,[33.5044193,-112.0475633,33.700033,-111.888462],[48,206,11]
tE0EYGRy3rrxKjZw2Rc_JQ,33.3929966,-111.9130539,1,[33.3929966,-111.9130539,33.3929966,-111.9130539],[168,99,11]
tlpmhQ9a-CaNeFuBNfg-LA,33.566666749999996,-111.96608810000001,29,[33.4358405,-112.0686108,33.697493,-111.8635654],[49,80,59,4,5,6,367,251,11,119,337,32,212,43,127,38,48,39,40,7,9,10,142]
Wb5zf1LUVMfwvfNyWppDJQ,33.4512279,-112.0096163,4,[33.4512279,-112.0096163,33.4512279,-112.0096163],[28,17,29]
0wfbXo0JF9pmaDlKpIOFdw,33.530582949999996,-112.0829864,10,[33.4216219,-112.26167,33.639544,-111.9043028],[465,57,39,145,27,307,11,38,128,99,14,15,6,26,327]
6gt6iJB1hiFvSrms5RWxgA,33.5613765,-111.91421249999999,8,[33.502191,-111.996292,33.620562,-111.832133],[104,161,167,65,109,38,11,39,63,129,78,278,79]
rXNeonaEZUZJWCGUE_YzuQ,33.425077,-111.98091,26,[33.425077,-111.98091,33.425077,-111.98091],[11]
lDyL4LYmka9yf7Qp4QmwGg,33.3627309,-111.891304,14,[33.3627309,-111.891304,33.3627309,-111.891304],[101,38,39]
Wbrbk9iKudbQ3sO7P3-MIA,33.2125748081159,-111.67526753516,9,[33.2125748081159,-111.67526753516,33.2125748081159,-111.67526753516],[10,24,11]
13LgVHYcYunmqccARRlERw,33.566109,-111.9244817,8,[33.566109,-111.9244817,33.566109,-111.9244817],[7,292,338,206,11]
RNzDyVmAuDEGLy_xRJvyhQ,33.50201,-111.9313599,110,[33.50201,-111.9313599,33.50201,-111.9313599],[265,11]
aBF7fseOl_Bf3d8fHJb0Kw,33.335548,-111.907832,5,[33.335548,-111.907832,33.335548,-111.907832],[7,108]
_x_ZjMYJrxgaVWrv7W0aIQ,33.360355299999995,-111.94993245,3,[33.3055166,-111.9798699,33.415194,-111.919995],[474,11,218,219]
V3ITtKg7jkHNWOU0aod7eA,33.4188125,-112.02632415,14,[33.378697,-112.0739136,33.458928,-111.9787347],[7,108,309,285,11,119,26,27,43,36,8,162]
XTJM-IkRS0DC9fzJz4-Hig,33.5091203,-111.98666804999999,6,[33.4716326,-112.047023,33.546608,-111.9263131],[11,63,265,99,38,128,39]
JqC0mNSWJVR-5ST7g64bHw,33.4930514,-111.9339561,66,[33.4930514,-111.9339561,33.4930514,-111.9339561],[28,17,29]
VYCco413QK5IZ9cUhr_Bzw,33.5042170075615,-111.91623799999999,41,[33.384398,-111.973603,33.624036015123,-111.858873],[185,11,206,119]
8WV09GCvFbkKzwDJyx2cAg,33.40805265,-111.92290399999999,3,[33.3941184,-111.9366872,33.4219869,-111.9091208],[33,11,212,361]
D5mlAUZMCQ8yc0PxOgGpsQ,33.335917,-111.8088752,200,[33.335917,-111.8088752,33.335917,-111.8088752],[26,11]
M98ZP9vot75MQf46ulsh8g,33.5302696775354,-111.926350593567,6,[33.5302696775354,-111.926350593567,33.5302696775354,-111.926350593567],[109,38,265,39,11]
weBOpmQtMv8Z_L54gPs3hw,33.36130730405795,-111.84495411758,9,[33.2125748081159,-112.0146407,33.5100398,-111.67526753516],[10,24,11,38,7,47,88,39,48,33,126,224]
1Xxau4ghT7VWDdDwK9gjiw,33.32030705,-111.8118684073975,14,[33.3055833,-111.8998179,33.3350308,-111.723918914795],[126,97,11,99,7,142]
Asoc6yhjA6ijlLJjcI5ZCQ,33.489244,-111.88223335,51,[33.299873,-111.9746066,33.678615,-111.7898601],[33,119,11,27,24,63,168,42,43,38,26,39,7,313,251,8,138,218,139,98,10,9,48,47,182,140,365,142,292]
6QW6yjsq1dj-0RcCMttkMg,33.536066,-112.263551,57,[33.536066,-112.263551,33.536066,-112.263551],[7,48,47,11]
EF04i7lD4N5eWgcR2S7Xjg,33.43475,-112.00644,31,[33.43475,-112.00644,33.43475,-112.00644],[28,170]
R6OdqGQTtr2aDb-KWqHtxw,33.3334756,-111.8643889073975,8,[33.2475,-112.0048589,33.4194512,-111.723918914795],[74,24,11,382,109,38,39,63,99,128,48,7,47,88]
8w2ELjs9Nh8jJvqg3HGDiQ,33.570144850000005,-111.9588083,6,[33.503323,-111.995355,33.6369667,-111.9222616],[48,11,119,99,33,63,27,307]
mj_qFVTahppqpCbJDmwlIA,33.6400079,-112.0872865,1,[33.6400079,-112.0872865,33.6400079,-112.0872865],[26,11]
AcowPLNJxoxO6YTr-5hDGA,33.44881395,-112.07138835,6,[33.4484279,-112.0731767,33.4492,-112.0696],[26,11,214,239]
VGstN_bFOq-OPRlNdkfAJQ,33.413158,-111.875779,1,[33.413158,-111.875779,33.413158,-111.875779],[251,11]
JkHm-xBNa8KKNvWH5TKk4Q,33.479969,-112.04833135,22,[33.304682,-112.1862689,33.655256,-111.9103938],[33,119,24,11,63,27,65,133,99,7,108,172,126,97,4,13,6,115]
YmgbfJHRndznZqZ5630Dhw,33.491546,-111.923427,1,[33.491546,-111.923427,33.491546,-111.923427],[26,11]
IP_80RkCFvrzVuONT3TOqg,33.4654083,-111.8946884573975,30,[33.3156591,-112.065458,33.6151575,-111.723918914795],[382,11,57,69,56,48,62,17,224,27,39,145,63,322,33,99,44]
tXC5Uva3JH10ebousFdrhQ,33.2815660319081,-111.97295665741,2,[33.2815660319081,-111.97295665741,33.2815660319081,-111.97295665741],[57,145,258,39,28,17,29]
OD6SMin_wmhXpXDInoBBtg,33.640832,-112.151282,2,[33.640832,-112.151282,33.640832,-112.151282],[126,11]
W4Eb0EVBJMpdysK59rTaqA,33.545584950000006,-112.1622467,3,[33.5237137,-112.174034,33.5674562,-112.1504594],[224,11,27]
l3V8zKCutNU6y3VNVeLLjA,33.52369215,-112.15473255,98,[33.5092883,-112.2948244,33.538096,-112.0146407],[33,38,39,11,57,327,99,28,17,29]
MwfHpuf63RB_gHD7naMngA,33.349676,-111.947591,65,[33.349676,-111.947591,33.349676,-111.947591],[98,7,62,17,11,24]
Dl8ssN8MGZazTn5QAL3eJw,33.4257521,-111.6803532,4,[33.3996663,-111.7274256,33.4518379,-111.6332808],[11,63,201,7,36,38,39]
f4tkMY38LPnXcW17qPiApQ,33.6384876,-112.1897722,1,[33.6384876,-112.1897722,33.6384876,-112.1897722],[7,138,139,97,11]
ZbjapptUJi8MasT56fVILA,33.416355,-111.685046,1,[33.416355,-111.685046,33.416355,-111.685046],[185,11]
XiNEG3BWcWmTW5ISYJ9vCA,33.508053000000004,-112.00305415,29,[33.305121,-112.200326,33.710985,-111.8057823],[26,11,239,215,32,166,6,63,126]
LkQvy1Ow7YywKBq7W4T4vA,33.445126650000006,-111.90261955,34,[33.3051122,-112.0135521,33.5851411,-111.791687],[7,108,119,172,11,28,17,29,79,121,129,78,278]
lgM26rHv5vEpXTeAwIlsxA,33.5902438,-111.8342729,2,[33.5902438,-111.8342729,33.5902438,-111.8342729],[54,55,122]
uIDXAsOrG1sj03RYOdqALA,33.4779865,-111.96792155,6,[33.422274,-112.0272041,33.533699,-111.908639],[98,7,46,6,24,11,142,43]
8BIWPgRVf4ek0ZSOuqqE2Q,33.3348676,-111.7895811,1,[33.3348676,-111.7895811,33.3348676,-111.7895811],[7,292,185,11]
KlBaLaF320i15g3tNUBvmg,33.5564662339293,-112.00644529085551,3,[33.4548476,-112.0800705,33.6580848678586,-111.932820081711],[65,133,63,27,24,11]
QBQlErZajdIyXX84dvFUnQ,33.52235255,-111.99025465,111,[33.3317204,-112.1897722,33.7129847,-111.7907371],[11,27,63,88,7,38,47,39,119,265,168,126,97,48,185,99,322,57,145,26,10,162,210,24,33,36,182,140,9,98,142,292,12,13,6,22,4,100,425,138,139,117,169,43,49,52,109,44,181,229,40]
RKeoLfT_BVm7PWUdkACIFg,33.471677,-111.926688,1,[33.471677,-111.926688,33.471677,-111.926688],[224,11]
1NppMyL-2RXQvHUExIjxdA,33.43827195,-111.9841834184965,90,[33.3057308,-112.072327136993,33.5708131,-111.8960397],[97,11,119,26]
WmaiOmFaSWd3oPXNz7NAGQ,33.37714,-111.965209,7,[33.37714,-111.965209,33.37714,-111.965209],[28,17,29]
re0DJDticmhO6240NfuwEA,33.487812399999996,-112.06074699999999,46,[33.422728,-112.17,33.5528968,-111.951494],[26,11,7,108,84,147,38,181,39,40,6,57,56,112,254,12,13,22,177,140,24,88,89,114,166,339,175,129,121,79,127,98,17,62,65,133,48,113,116,215,32,43,340,49,193,80,59]
Ug7BGKcOSq5sXTss3SV6fg,33.5183691,-112.0047498,7,[33.5183691,-112.0047498,33.5183691,-112.0047498],[99,11]
uyigMABSmpNxVpmRqEGB3g,33.3046962,-111.9777693,4,[33.3046962,-111.9777693,33.3046962,-111.9777693],[74,24,11]
9UNGbiE9k0fvMpCMJp0Gww,33.462883424340504,-111.9549528,19,[33.304492,-112.0362686,33.621274848681,-111.873637],[224,11,32,95,222,88,38,39,89,127,212,43,99,49,50,52,7,142,26,407,106,408,54,24]
a9J2ezUfTEBp9LEFDhgiRg,33.5334862,-111.95546145,6,[33.5024095,-111.9955012,33.5645629,-111.9154217],[27,11,63]
LkGuica9f2zCmT9Kx0c81w,33.3061605,-111.8412502,2,[33.3061605,-111.8412502,33.3061605,-111.8412502],[161,65,11]
u7zHoqahKXyhaycdKkm-kw,33.496107,-111.929337,4,[33.496107,-111.929337,33.496107,-111.929337],[64,65]
QCgpWslmm1E-7uPgzp30fQ,33.46674031637155,-111.99127965,6,[33.4234408327431,-112.0718179,33.5100398,-111.9107414],[224,11,212,465,57,39,145,109,38,27,33,48]
EGx1fKrOdfe592CoOfEXHA,33.579798600000004,-112.0709348,7,[33.448587,-112.1142778,33.7110102,-112.0275918],[33,11,7,36,182,24,26,38,48,39,10,119,27]
zo0Xh9wZT6Ylvtk065a77g,33.51382995,-111.91839455,200,[33.4915779,-111.9339561,33.536082,-111.902833],[38,265,39,11,28,17,29,99,48,101,26,126,119]
_dIi1H1FQNTlqEVeLX9dpQ,33.420571,-111.942444,37,[33.420571,-111.942444,33.420571,-111.942444],[38,168,298,88,39,11]
rfqg9hQVINyYAdcAABhpzA,33.38133215,-111.87728245,17,[33.2748213,-112.0561119,33.487843,-111.698453],[26,11,7,24,108,119,43,177,140,27,10,44,99,33]
Ti6dAGHoBSsKsBrlFJ8Sig,33.378718,-111.8115838,1,[33.378718,-111.8115838,33.378718,-111.8115838],[39,38,99,128,11]
QER_EgC9JzOCg2jE90QSuw,33.4951559,-112.0629953,4,[33.4951559,-112.0629953,33.4951559,-112.0629953],[99,11]
xvZquiiO0HNUxxCb1BrsEQ,33.6761715,-112.0412355,2,[33.640098,-112.101899,33.712245,-111.980572],[7,11,117]
j8PTjR2NrqSOtM9zeJcVRQ,33.394030718551,-111.87501022136,14,[33.394030718551,-111.87501022136,33.394030718551,-111.87501022136],[63,27,11]
nIQV_n9EVzOO6yd2vqrqvg,33.5280427,-112.3753944,6,[33.425207,-112.5125131,33.6308784,-112.2382757],[6,250,26,11,38,109,39,63,27,265,99]
VwX1HB_cCMUddALaOAV7jg,33.6693312,-112.2029352,1,[33.6693312,-112.2029352,33.6693312,-112.2029352],[26,11]
VPIL0lyNa6yFPzoN4F3mSw,33.4537869019623,-111.927165985107,4,[33.4537869019623,-111.927165985107,33.4537869019623,-111.927165985107],[182,172,11]
wrBh9F4DtSYbAkwApov6zg,33.57883515,-112.17006549999999,8,[33.4798163,-112.361552,33.677854,-111.978579],[7,108,63,27,11,38,101,33,39,128,168,169,98,24]
AmtZkxe2x0fzI3ihOg7Biw,33.45699315,-111.89516785,8,[33.4224084,-111.925841,33.4915779,-111.8644947],[119,38,48,39,11,26]
_dSomu2s3PuVar57Zrpu6A,33.569482699999995,-111.9249997,60,[33.483281,-111.9300279,33.6556844,-111.9199715],[88,38,128,39,229,40,48,11,26,63,27,99]
MuM9jkYALhkGmtDRiLFzTA,33.5100523,-111.9963126,19,[33.5100523,-111.9963126,33.5100523,-111.9963126],[206,11]
