KOxd6rC7dtk5BmniPmHfTA,33.49827055,-111.93687065,15,[33.493947,-111.9514403,33.5025941,-111.922301],[161,113,6,65,104,204,28,17,29]
SLXw2rVo9ImOk2Nr_uinPQ,33.46732865,-112.05998775,11,[33.455863,-112.072167,33.4787943,-112.0478085],[26,11,212]
y5YxcvgbQX_uVW0UtHWKxA,33.662270250000006,-111.97309594999999,9,[33.4941704,-112.0474855,33.8303701,-111.8987064],[219,218,11,109,38,39,63,26,127,48,177,140,99]
yEgbX4C2onxKwSazWQF4rA,33.420939000000004,-111.93656045,147,[33.418332,-111.937394,33.423546,-111.9357269],[48,11,117]
cUudtsHl6XFGyekzjZCUqQ,33.41209875,-111.93096249999999,14,[33.3216034,-111.9626175,33.5025941,-111.8993075],[421,65,10,11,24,63,88,38,39,89,12,61,13,6,114,26,7,292,119,126,104,204,133]
QYwr-ijgYE6GsNUm6Nc81g,33.5633328082952,-111.8871341,6,[33.5020036165904,-111.943525,33.624662,-111.8307432],[65,133,168,99,11,63,119]
J3B5F2PMF7NQwmMqr3PFzg,33.7129847,-112.1114555,1,[33.7129847,-112.1114555,33.7129847,-112.1114555],[27,11]
ZVCZU_qbAzzP2qzqXAq17g,33.299873,-111.842586,4,[33.299873,-111.842586,33.299873,-111.842586],[33,119,11]
vi1CegNu2LoKDT3PLfsG0w,33.537908099999996,-112.13566415,2,[33.5082924,-112.1371245,33.5675238,-112.1342038],[71,72,39,212,293,239,11]
VBRx5JBmU-1RGOTwMR5z-g,33.49359,-112.3584222,1,[33.49359,-112.3584222,33.49359,-112.3584222],[192,11]
gst9ZZo44SwKzg9F1IHpSQ,33.479597,-111.929127,1,[33.479597,-111.929127,33.479597,-111.929127],[37,32]
X8qmeKH8nS5jvhJFdMvojw,33.4957558,-111.9159147,6,[33.4957558,-111.9159147,33.4957558,-111.9159147],[98,7,206,11]
bcAxFAPQrsLAQV0w4GpFBg,33.4103962,-111.90776495,17,[33.3111879,-112.0257401,33.5096045,-111.7897898],[26,11,39,38,99,296,224,182,219,218,41,192,377,88,89,63,7,108,48,323,126]
e9h2-uLcSslXvyUHaUuA2A,33.595881,-112.134443,1,[33.595881,-112.134443,33.595881,-112.134443],[33,117,24,11]
zLToLBt6Yc1NjDvSphbP7Q,33.50605145,-111.9643497,7,[33.337104,-112.0374763,33.6749989,-111.8912231],[7,36,88,38,39,298,11,60,6,65,133,26,182,48,140]
meqaaP_FVK062yEXpOf-xg,33.51802875,-111.9472676,11,[33.4900575,-111.96828,33.546,-111.9262552],[98,7,108,475,48,11,311,88,38,39]
umFUqmOQB6NjfCEEkuSjKQ,33.40767415283735,-111.828104942442,10,[33.3779965056747,-111.938030184884,33.4373518,-111.7181797],[99,24,11,30,8,13,6,7,110,63,27,33,119]
PtlkPnXDTWYEnP9aKp2KOw,33.3055793,-111.8999977,3,[33.3055793,-111.8999977,33.3055793,-111.8999977],[11,63]
kdUsSi5UdtbhFztn-g9-hw,33.530898654615356,-111.98161465,8,[33.4326053092307,-112.0737503,33.629192,-111.889479],[7,142,338,11,48,119,292,108,24,33,210,109,38,39]
_MdGXJe0azoWflTyERmnJQ,33.3947699,-111.9088938,5,[33.3947699,-111.9088938,33.3947699,-111.9088938],[84,339]
0iOmOCC_BKibzGxKQ-_faw,33.351401100000004,-111.77323089999999,34,[33.347758,-111.7895308,33.3550442,-111.756931],[185,11,43]
8URuhYN9feJbzqxm_oVTdQ,33.36903835,-111.89668424999999,134,[33.3027873,-111.9701824,33.4352894,-111.8231861],[451,11,99,44,26,212,43,157,103,33,24,177,140,127,63,27,117,7,194,168,144,142,189,10]
mU7uUqg1cDkdd6RoCp4u6g,33.5164594,-112.0054325,6,[33.3788924,-112.0821641,33.6540264,-111.9287009],[26,11,6,358,257,192,140]
m6MNYfEX-Akq5wdvCLof-w,33.626292,-112.393742,1,[33.626292,-112.393742,33.626292,-112.393742],[65,133]
ygZTPe52ZhK9jOBzS8GQ8g,33.42042465,-111.93413745000001,8,[33.4148812,-111.951494,33.4259681,-111.9167809],[251,11,27,26,88,38,39,89,224,24]
GLMX8Is_Ur6aIVV86Ok0Lw,33.5760631,-111.93627153103,157,[33.5160662,-112.029562,33.63606,-111.84298106206],[11,63,322,28,57,190,161,65,17,29,265]
CpbZ6rvHhgCR9d9VGRzxFw,33.342152,-111.89445105,52,[33.3056593,-111.8976622,33.3786447,-111.8912399],[101,38,57,39,145,7,47,48,27,11]
7I7MyfDacxyxr7acrVXqYw,33.581506,-111.92342,1,[33.581506,-111.92342,33.581506,-111.92342],[109,38,11,39,63]
XT0zTD3ZgpUzgD4KJb3yfg,33.5372167,-112.09849885,57,[33.43475,-112.2705607,33.6396834,-111.926437],[333,309,285,11,298,39,57,145,49,326,52,26,182,48,140,7,36,99,56,251,210,28,170,12,13,6,108,475,157,103]
3EIpKbEewyrfrvbGiV7MRg,33.4663627035007,-111.914194822311,14,[33.4663627035007,-111.914194822311,33.4663627035007,-111.914194822311],[54,317]
YCD8GwWOsKq6c2XLCHnwSw,33.54150129999999,-112.01313195,4,[33.4881846,-112.065439,33.594818,-111.9608249],[48,11,63,99]
pN94VEf8C-Ql25S1NFUKZA,33.5002335,-111.92311365,3,[33.499922,-111.9264093,33.500545,-111.919818],[33,38,48,39,11,26]
syF-6VzPdjmCXbTye6N9Eg,33.58619005,-112.09477365000001,10,[33.4593954,-112.238107,33.7129847,-111.9514403],[27,11,7,108,311,99,38,128,39,57,182,194,172,63,265]
xHVlq4taeCWMs2W6451_xw,33.31081,-111.772012,4,[33.31081,-111.772012,33.31081,-111.772012],[11,63]
WbrKDU7seDYK05VMHBa8RA,33.3518,-111.8036,3,[33.3518,-111.8036,33.3518,-111.8036],[27,11]
Y37Ms2Fg9nnq7Kevwj0ieg,33.426368,-111.9398551,2,[33.426368,-111.9398551,33.426368,-111.9398551],[88,38,39,298,11]
4g4Y0EoPGhMcsdWnoUEk-Q,33.394432,-111.875578,2,[33.394432,-111.875578,33.394432,-111.875578],[251,11]
oD0OOEP56ZPSMzHeYGgfsQ,33.510463,-112.02495395,5,[33.475597,-112.126253,33.545329,-111.9236549],[26,17,18,11,48,7,139,8,423,38,99,39,40]
xyWUirftVkipMmUIBp-yVg,33.3044612,-111.9945753,2,[33.3044612,-111.9945753,33.3044612,-111.9945753],[219,218,41,11]
VH4WzUvM4ToYRvMqUcwnTQ,33.390502999999995,-112.02186850000001,200,[33.331773,-112.065458,33.449233,-111.978279],[27,11,126]
HSp2hPTOsbBwMGepy4zRxA,33.3195186,-111.943127,2,[33.3051122,-111.99506,33.333925,-111.891194],[49,193,59,106,54,107]
oYiskdGb0XYT2NjRb-s_qg,33.5708497,-112.15262165,9,[33.5005719,-112.231129,33.6411275,-112.0741143],[30,8,13,6,7,110,108,71,72]
SxDgAEVfJ2dHRNEYTPJrxw,33.51853891933885,-111.976751798422,17,[33.496175,-112.0837798,33.5409028386777,-111.869723796844],[175,129,121,79,33,99,44,11,63,48,7,119,41]
wZWi6h360XalWtf5tYOTRw,33.6351639048764,-111.925028265069,80,[33.6247596,-111.9329381,33.6455682097528,-111.917118430138],[28,17,29,158]
xfz_Bb4RIYH7N3luWqbyHQ,33.53554525,-111.98453255,200,[33.443864,-112.0734239,33.6272265,-111.8956412],[168,99,11,38,39,128,185,48,296,7,292,27,28,17,29,47,126,97,63]
swifyokgyvkHmUudggsi3Q,33.4471735,-112.073781,5,[33.4471735,-112.073781,33.4471735,-112.073781],[48,11]
qIFjVmAN7u-g6bpXNMyCBg,33.6858665,-111.8607419,18,[33.621158,-111.875696,33.750575,-111.8457878],[265,185,11,33,38,117,39,27,26]
ZrEKGxpKMtKz4gBGZqum_g,33.49112,-112.079081,27,[33.49112,-112.079081,33.49112,-112.079081],[28,17,29]
ChcG0z8xGw2P4mbiyl4ajw,33.49833580000001,-111.98078609999999,3,[33.487298,-112.0409502,33.5093736,-111.920622],[39,38,99,128,11,54,55,122,256]
tQHSY56po_VrDzc9cIfcwA,33.4566899,-111.99158109999999,6,[33.4474542,-112.0745395,33.4659256,-111.9086227],[26,11,99,201,10,84,124,385]
pr_yRfH-neMv3ZLrCJerfw,33.495263,-111.928554,27,[33.495263,-111.928554,33.495263,-111.928554],[26,11]
edGFKLThqnXdlgB-dwB6tQ,33.4546665,-111.97535149999999,4,[33.413158,-112.074924,33.496175,-111.875779],[84,419,11,63,251,119]
m7XyiDBr2SyTjltHcTizrg,33.520022100000006,-111.84626030000001,34,[33.4368125,-111.9770187,33.6032317,-111.7155019],[99,11,38,48,39,127,168,26,109,265,7,379,210,108]
nkhJYqK24Plr9OHciX5FUw,33.4360415,-111.9956337,200,[33.4360415,-111.9956337,33.4360415,-111.9956337],[28,240,241]
2zsQosSiOFMaXhVTldgI4g,33.422728,-111.951494,1,[33.422728,-111.951494,33.422728,-111.951494],[88,38,39,89,11]
z8X0dTnLjK7oRQRpvx4byw,33.8321704,-111.9583011,19,[33.8321704,-111.9583011,33.8321704,-111.9583011],[48,11]
NxeYZjniNfaupH9OP2iDWg,33.482819899999996,-112.03741045000001,9,[33.455863,-112.079081,33.5097768,-111.9957399],[26,11,48,63,27,38,39,212]
GYxSNn0BIb1PeDXfybVY3w,33.482907600000004,-112.03636455,5,[33.4482331,-112.0764371,33.5175821,-111.996292],[109,38,11,39,63,10,119,57,145,26]
nxc30xPAtFklKL7-pdZT6g,33.304775,-111.947948,28,[33.304775,-111.947948,33.304775,-111.947948],[33,11]
dR1gUcA11nai8th5LgWukQ,33.3059969,-111.88516,2,[33.3059969,-111.88516,33.3059969,-111.88516],[26,11]
XaNWrqDedf2u-GT2aCOEUw,33.6390054,-112.12858175,7,[33.6382871,-112.134828,33.6397237,-112.1223355],[224,11,218,41]
whn2acpi8y3t02yLmy9IFw,33.5693997,-112.0740526,2,[33.5693997,-112.0740526,33.5693997,-112.0740526],[26,11]
oiF9CbyoEN6n08CEcdbrGw,33.2333299,-111.8580919,1,[33.2333299,-111.8580919,33.2333299,-111.8580919],[33,11]
RMmxoU1MMMdxnvF2DgpElg,33.348162,-111.9819,4,[33.348162,-111.9819,33.348162,-111.9819],[26,11]
S491UwhtkHOu9_jFjlSO-w,33.509827599999994,-111.92929155,2,[33.4930514,-111.9339561,33.5266038,-111.924627],[28,17,29,27,11]
IV-oUhz89UpbTE60smXlBg,33.385548,-111.7541801,2,[33.385548,-111.7541801,33.385548,-111.7541801],[126,97,11]
BsmcmwhKvm-EfnhWkWsvjQ,33.4844257,-111.9260822,2,[33.4787939,-111.9262552,33.4900575,-111.9259092],[311,88,38,39,11,251]
zrBldVRaLP0macN3jlmg3Q,33.6020554,-112.0014687,10,[33.49112,-112.1130158,33.7129908,-111.8899216],[7,292,265,11,26,142,108,212,229,127,175,129,79,465,168,39]
uuPsnpYyL8eJ0c41d4e_8A,33.66406275,-111.99618665,4,[33.4948142,-112.0536454,33.8333113,-111.9387279],[410,307,172,11,430,48]
Y-goTf_7hxYaGPdfL6vAyQ,33.5239431,-112.0478898,4,[33.5239431,-112.0478898,33.5239431,-112.0478898],[137,7,6,139]
E6ISoxbtkBfnmqoIz9YVVg,33.38120845,-111.906365,6,[33.3468019,-111.970434,33.415615,-111.842296],[6,35,264,71,72,297]
pgWFqsnLh4-yKc0-aVzzlg,33.52829055,-111.9261731,2,[33.5280302,-111.9264729,33.5285509,-111.9258733],[6,21,251,224,212,43,11]
bG4twhUBDiYjEtJp4GgA-w,33.5793892,-112.1195513,1,[33.5793892,-112.1195513,33.5793892,-112.1195513],[28,17,29]
rS2LR0niSxnQ4uCOTcSvTg,33.4741375,-112.0649666,3,[33.4741375,-112.0649666,33.4741375,-112.0649666],[7,108]
vWmsq293nNmyWbV9NW-4PA,33.60742515,-112.01302995,4,[33.5369963,-112.0474809,33.677854,-111.978579],[7,108,126,97,11]
Q5L7fQ71bB3p95EIr0dgvA,33.475656,-112.875482,1,[33.475656,-112.875482,33.475656,-112.875482],[120,11]
HCBo0Kvfm9yXErR-YuqVGA,33.54556985,-112.13618735,25,[33.4354553,-112.35646,33.6556844,-111.9159147],[177,140,11,98,7,119,24,48,206,309,285,218,340,251,26]
zntAequAiOL-W177aYDBLw,33.4587919,-112.0715044,5,[33.4587919,-112.0715044,33.4587919,-112.0715044],[57,145,38,39,40,48,11]
SHlGW0FZKFd3qnyS31-exg,33.53931060193495,-111.75127839846999,12,[33.42,-111.93255679694,33.6586212038699,-111.57],[6,200,7,8,45,9,201,11,57,69,306]
dLStjhEOfAmjV-6TJA2yaQ,33.5033716,-111.9256326,2,[33.5033716,-111.9256326,33.5033716,-111.9256326],[7,142]
iF2XOSlVLW69ptyU_5PAhQ,33.449233,-112.065458,1,[33.449233,-112.065458,33.449233,-112.065458],[27,11]
NyCsBwGvJWyoXrhE4PARfQ,33.5024095,-111.9955012,25,[33.5024095,-111.9955012,33.5024095,-111.9955012],[111,112,113,6,17]
ohr9Nwm1rD_KDO5Ghx-rVg,33.432014,-112.042844,6,[33.432014,-112.042844,33.432014,-112.042844],[28,271]
j5CFCMv_hI7XEHCHywXKLw,33.4149566,-111.8400473,2,[33.4149566,-111.8400473,33.4149566,-111.8400473],[119,99,11]
3z0xSwEI7GOfYH9FQpGtUg,33.6603937,-111.9095356,6,[33.620194,-111.9253792,33.7005934,-111.893692],[26,11,63,27,97]
ErSb86Rzw_lZw4Vfr_iWnQ,33.5301204,-111.9001569,200,[33.3492306,-112.1142778,33.7110102,-111.686036],[26,11,212,361,28,170,296,38,128,39,48,30,8,13,6,7,110,57,69]
oL6nP2v-vVeYTs4xj4-M-w,33.586656564995,-111.83645015013,17,[33.586656564995,-111.83645015013,33.586656564995,-111.83645015013],[27,11]
vGiipbycJDh2wCraKxaPRw,33.569402,-112.1204191,2,[33.569402,-112.1204191,33.569402,-112.1204191],[38,145,57,88,39,298,11]
DckitZbdmBVdjHUC8yuRlQ,33.4676889,-111.98922619999999,5,[33.4327837,-112.072167,33.5025941,-111.9062854],[212,11,46,6,168,63,27]
HEkGFGgyO7SSpMjyxU1Piw,33.51630455907305,-111.9837883601335,22,[33.4499,-112.0739,33.5827091181461,-111.893676720267],[7,33,44,142,11,99]
U_Ggu-0s5mn7VfnIlFAkkA,33.49464545,-112.0024257,19,[33.480087,-112.0629224,33.5092039,-111.941929],[33,99,44,11,117,26]
1uGPDbQfRHC1HbQg83h4HQ,33.3201271,-111.8977616,3,[33.3201271,-111.8977616,33.3201271,-111.8977616],[10,44,24,11]
8A6-A-X-hhfNiXNM04ePgg,33.4384287,-112.3410882,1,[33.4384287,-112.3410882,33.4384287,-112.3410882],[119,99,11]
aCEIROtbwx0Tdl3LPqSwUg,33.5381018,-111.9085143,11,[33.5381018,-111.9085143,33.5381018,-111.9085143],[126,97,11]
7o8ftQox8Usmik734CwGcQ,33.4632268,-111.9949067,14,[33.4149286,-112.0718179,33.511525,-111.9179955],[201,24,11,48,108,145,7,57,39,63,119,166,6,26,54,55,122,38,36,142]
g8VIu23eWi09GDfjdHrnaA,33.378046600000005,-111.79012904999999,15,[33.2649732,-112.1091081,33.49112,-111.47115],[99,11,7,98,10,9,26,27,63]
O5XLHIXuBWMtnL-4GOy2pQ,33.4734895,-111.92613800000001,4,[33.471677,-111.926688,33.475302,-111.925588],[181,11,224]
rGPI0G1w0bWrf1AU9PYdMg,33.57501655,-112.1941719,4,[33.5097147,-112.3594317,33.6403184,-112.0289121],[177,140,11,30,13,6,63]
TRl5jiNFI2m0wfH6CqO3_A,33.51030485,-111.9954499,21,[33.4800078,-112.0652672,33.5406019,-111.9256326],[99,11,7,142,61,34,13,6,35,30,12,22,33,44,27,63,137,8,139,340,109,38,48,39,26,117,479,113,333]
3-1aBK9ZJclMq7PI19nVoA,33.46488,-111.91692,48,[33.46488,-111.91692,33.46488,-111.91692],[57,6,322,188,23,270]
Q4c-HD4iycZGrAnNK6d0tw,33.451208,-111.94654865000001,44,[33.347591,-112.0040831,33.554825,-111.8890142],[38,99,39,11,119,46,6,63,40,48,88,352,7,47,26,185,182,140,57,145,128,201,69,210,89]
SlRP0wlWohWkMgnVF2D2hA,33.48124355,-111.987707,18,[33.3919202,-112.088808,33.5705669,-111.886606],[7,108,10,11,182,139,137,224,126,97,99,26]
5L2aTtkkZf5NAsedIdgibA,33.572301249999995,-111.96819535,13,[33.510394,-112.011028,33.6342085,-111.9253627],[264,6,77,35,34,21,167,65]
P6cYaqErTTxz4dm6KuRxwg,33.43659275,-112.01291905,200,[33.422728,-112.0743441,33.4504575,-111.951494],[39,298,57,145,11,88,38,89]
WX0IC48zMAuZv4rmzZtpCg,33.4985473,-111.92476475000001,2,[33.4973896,-111.927222,33.499705,-111.9223075],[48,11,39,205]
IVKjrVxbISXRcxNzzWpfHg,33.5074315,-112.08989255,25,[33.337009,-112.3040101,33.677854,-111.875775],[251,11,6,45,7,108,201,119,84,147,182,218,307,24,63,27,185,49,193,80,59,172,339,202,72,26]
VjsDxqfF5nK_Uh3z-AvI5w,33.4207679,-111.9334531,148,[33.4207679,-111.9334531,33.4207679,-111.9334531],[188,23]
-VAjRXWhlTkB-hu20Nakag,33.5284017,-111.87638055,2,[33.416355,-112.0677151,33.6404484,-111.685046],[185,11,27]
laa2bRF6WcupWhg-sEKYlg,33.637914,-112.0053283,25,[33.597213,-112.03605,33.678615,-111.9746066],[26,11]
tJu1rY0iWxmxDsIiCJn-aw,33.48270114092,-111.929181476755,9,[33.46339228184,-111.9313599,33.50201,-111.92700305351],[88,38,39,89,11,265]
mc5mitfrreuuf7eMe404Kg,33.4363582,-111.89662745000001,11,[33.3056789,-111.9184649,33.5670375,-111.87479],[11,63,251,224,7,138,8,139,24]
lX_zCZa9-X9mDW4yjp8QxQ,33.414073599999995,-111.95230635,57,[33.406538,-111.96167,33.4216092,-111.9429427],[28,17,29,26,11]
KQZjs9Pha5-ayFSFmnQ7AQ,33.555038,-111.894539,4,[33.555038,-111.894539,33.555038,-111.894539],[79]
KQ7p0PfCRVdrqzV3gLqrYQ,33.364158700000004,-111.9350122,4,[33.3488009,-111.9766013,33.3795165,-111.8934231],[49,80,59,7,10,9,11,224]
nXQvfeElK49no3UVrjvNuw,33.608959,-112.036675,1,[33.608959,-112.036675,33.608959,-112.036675],[64,65,133]
l4uFFd-MC4ei7JCM8V9qzQ,33.5053944,-111.98547500000001,2,[33.5020328,-112.045816,33.508756,-111.925134],[180,20,23,7,108]
o4FO1hIiS4W2-i2QImJu0Q,33.637536,-112.21106,1,[33.637536,-112.21106,33.637536,-112.21106],[374,32,95]
eIKlvEUU3UBk2JIK5lSmHw,33.868744,-112.138729,2,[33.868744,-112.138729,33.868744,-112.138729],[7,108,482]
5od0HsJgjLsymj8bL18_3A,33.5836731,-111.99036240000001,3,[33.5386441,-112.0986063,33.6287021,-111.8821185],[26,11,65,133]
ELzKYmr0EXuCUG-gKgBGpQ,33.4632721,-111.93694645,200,[33.4245625,-111.9477654,33.5019817,-111.9261275],[7,313,27,11,38,48,39,57,470,145,28,17,29,127]
lfevllDCdvqxDhv7tVQ8Sw,33.3550442,-111.7895308,2,[33.3550442,-111.7895308,33.3550442,-111.7895308],[185,11]
odHxIFe6yjIc42tKmuUsLQ,33.3473259,-111.9631291,3,[33.3473259,-111.9631291,33.3473259,-111.9631291],[38,99,273,39,128,11]
yUXiluDkclGhjca5_Bclaw,33.6028928,-112.21157769999999,5,[33.5384434,-112.2400695,33.6673422,-112.1830859],[99,11,27,311]
3oagcfHkln2lCnKeURN6CQ,33.5822419728561,-111.882346097728,200,[33.5822419728561,-111.882346097728,33.5822419728561,-111.882346097728],[7,98,10,9,11]
mv9Blulio6vZJalVjFe5Fw,33.34198405,-111.94541035,3,[33.320255,-111.9631397,33.3637131,-111.927681],[26,11,182,218]
gNKFTqOAZtHlJPgWhVITEw,33.540516499999995,-111.951188073454,164,[33.43475,-112.020561,33.646283,-111.881815146908],[28,170,119,11,465,168,265,39,63,27,38,99,7,108,17,29,106,54,142]
hXROrqJEOkyXDc3q9L2_oA,33.5499637,-112.0796676,2,[33.5240168,-112.0940252,33.5759106,-112.06531],[78,79,13,6,115]
ytF7_QtTHxSJMgTGfEkA7Q,33.3903699,-111.6987464,4,[33.3903699,-111.6987464,33.3903699,-111.6987464],[71,72]
F6d_GAFAEuvIEW1Zg5KPRw,33.61039005,-112.0996517,6,[33.5097951,-112.203627,33.710985,-111.9956764],[43,11,265,126,63,38,99,39]
kSWIE743Upf1fOzkbnBkrg,33.51218675,-112.06099655,200,[33.5006532,-112.0739689,33.5237203,-112.0480242],[27,63,24,11,26,127]
xGMHBVBsnJEdfVoTxjFL0Q,33.4444563,-111.93096249999999,4,[33.4218047,-111.9533039,33.4671079,-111.9086211],[33,48,11,119,99]
h2yQnqIrU4mldwJoJI06aA,33.477178,-111.925799,2,[33.477178,-111.925799,33.477178,-111.925799],[119,48,24,11]
fSm9o3KUUzWhrKR0JIhMPw,33.4373684849164,-112.002139091492,42,[33.4373684849164,-112.002139091492,33.4373684849164,-112.002139091492],[38,26,39,40,11]
9qp7HBzHeEdW8IvKSx9kIQ,33.482951299999996,-112.05062195,15,[33.4556958,-112.0740398,33.5102068,-112.0272041],[13,6,4,49,59,12,193,160,251,11,7,36,8,247]
sQ1SmJDqF5soZq9WCCSQlQ,33.4961,-111.929344,2,[33.4961,-111.929344,33.4961,-111.929344],[64,347,6,204,65]
2venYWARRoBdnfd3E32AFw,33.41559,-111.6666754,1,[33.41559,-111.6666754,33.41559,-111.6666754],[96,72,354,202]
Ev2yAkCO-VfpHuK9mYIeQw,33.4860023,-111.9264164,26,[33.4860023,-111.9264164,33.4860023,-111.9264164],[33,119,11]
On-9IBVKitc7-XTxTFulbA,33.32706095,-111.97871945,7,[33.3058378,-111.9927062,33.3482841,-111.9647327],[33,119,99,11,177,140,126,49,80,82,59]
1vIg1iRDdx8RokPAFNkFEw,33.4502747,-111.9265927,3,[33.420571,-111.942444,33.4799784,-111.9107414],[373,97,11,212,38,168,298,88,39]
PzmQupNEGn563I_qMOOmRw,33.4706567,-111.982567,3,[33.449233,-112.065458,33.4920804,-111.899676],[88,38,48,39,11,27,308,54,242,238]
7E7QOpXnt5s51Pfj0TWejw,33.5980404,-111.9790497,2,[33.5980404,-111.9790497,33.5980404,-111.9790497],[78,79]
Uh9m72COUBXRcuvi7MHfkw,33.45816765,-111.91622895,24,[33.456993,-112.3404129,33.4593423,-111.492045],[28,102,190,103,33,44,11]
PvtvXqde3Yaz7pLrEW2ZyA,33.393544,-111.948187,1,[33.393544,-111.948187,33.393544,-111.948187],[98,7,108,292]
KwiXdoxibRMdgRhIpqdkAQ,33.3059393,-111.9019797,3,[33.3059393,-111.9019797,33.3059393,-111.9019797],[26,11]
79V9pljyyzLrpKXQqt17Ww,33.4150067,-111.90338845,10,[33.4149725,-111.9126668,33.4150409,-111.8941101],[26,11,60,6]
E_FglP6CBH9YmNxSmZCmmw,33.4949416,-112.0019948,6,[33.4949416,-112.0019948,33.4949416,-112.0019948],[119,24,11]
Dkbm7KWrg01U0We4aVCKqA,33.38111205,-111.8967226,6,[33.313553,-112.0662996,33.4486711,-111.7271456],[340,201,11,26,14,15,6,54,55,122,322,57,43]
L0aLRB-OylGJV4mOmq15XA,33.57858385,-111.93583905,9,[33.5024987,-111.978898,33.654669,-111.8927801],[39,63,99,38,11,106,54,7,292]
LxHuHv67Vl0-Iw7a7LiufQ,33.58521595,-111.9357796,116,[33.4382789,-112.0178286,33.732153,-111.8537306],[28,271,17,29]
_HnOSKVfmq4HDhM0MZOCFA,33.594818,-112.065439,82,[33.594818,-112.065439,33.594818,-112.065439],[63,99,11]
Z4ME_0M7mjSzBokwRUxPMQ,33.517551,-112.03432000000001,38,[33.496175,-112.048079,33.538927,-112.020561],[26,11,63]
4yVZLUC_siQmWDkbKLM5YA,33.52399895,-111.9073821,3,[33.510055,-111.92575,33.5379429,-111.8890142],[57,69,38,11,99,128,39]
MkGILmPm860OfWfcPnNFQg,33.49112,-112.079081,17,[33.49112,-112.079081,33.49112,-112.079081],[26,11]
5i7-L5QUNxrA2fdEkKOA0w,33.5558014,-111.92527530000001,7,[33.4862787,-111.9403451,33.6253241,-111.9102055],[119,120,11,27,63]
Y1Q89zYXcz0mtzQTb-wcHA,33.45008455,-112.02251079999999,2,[33.4487652,-112.0714186,33.4514039,-111.973603],[38,11,99,128,39,185]
Xgz8dzRftJE3MkwSXUG31w,33.4535069,-112.0722782,15,[33.4535069,-112.0722782,33.4535069,-112.0722782],[43,11]
1pIk-SPH_Wve0CkyPgnqrA,33.5747394,-111.8619499,1,[33.5747394,-111.8619499,33.5747394,-111.8619499],[38,7,206,139,109,39,11]
xDivb3f8toeXocUkQDgecg,33.4881694,-112.0830997,1,[33.4881694,-112.0830997,33.4881694,-112.0830997],[64,65]
cabt8q9YVRwyK1xkwh1xiQ,33.3931452,-111.8744982,1,[33.3931452,-111.8744982,33.3931452,-111.8744982],[26,11]
kp5jfwVhIWQnBnYUN4EDLQ,33.5008018,-112.0824532,2,[33.5008018,-112.0824532,33.5008018,-112.0824532],[26,11]
bTmLd_LIQ5KjQ0KPuK_V7g,33.611403,-112.236825,1,[33.611403,-112.236825,33.611403,-112.236825],[33,11]
zwkL0VrsKejn6eN-ATmmHQ,33.3344463,-111.8463705,12,[33.3344463,-111.8463705,33.3344463,-111.8463705],[119,120,11]
A1HTpblemJwiE0FEwsxi9Q,33.426368,-111.9398551,2,[33.426368,-111.9398551,33.426368,-111.9398551],[88,38,39,298,11]
H1QyPcHN-MmKuGJhK4qPqA,33.3010396,-111.9457681,1,[33.3010396,-111.9457681,33.3010396,-111.9457681],[374,32,95]
fFzWhhISx-IXvV0zc6p-Xg,33.637775,-111.926212,39,[33.637775,-111.926212,33.637775,-111.926212],[38,11,99,128,39]
Oz0XuMILEjSFoQ8na4k0Wg,33.5507024,-111.9846628,22,[33.422756,-112.0800705,33.6786488,-111.8892551],[98,7,119,24,11,8,142,84,124,125,265,126,97,202,72,281,32,95,222,27,17,62,173,6,112,137,139,147,182,48,140,475,36,99,63]
e4TQFVfepzHf--hnBsjntg,33.563719,-111.960755,200,[33.306501,-112.134201,33.820937,-111.787309],[6,35,76,265,11,177,182,140,192,28,17,29,39,205,251,49,99,246,7,119,139,24,423,63,38,48,40,88,8,116,36,113,101,26,168,298,77,108,156,47,98,79,121,206,57,56,145,27,194,43,126,97,322,190,33,157,103,142,172,12,114,13,186,181,54,55,122,224,109,185,66,52,62,416,202,72,127,210,470,387,50,292,307,212,32,75,22,313,137,445,80,59,10,84,147,14,15,69,440,44,9,229,382,141,46]
1u_jzMe9q3rHLUr8wb_GdA,33.504790400000005,-111.99108635,17,[33.3931628,-112.0741143,33.616418,-111.9080584],[373,97,11,27,63,24,265,126,251,192,26,79,121,38,140,39,40,48,229,7,108]
fMBKxKHsZ2Vmw04Np8GEPQ,33.62762575,-111.9081508,8,[33.5808348,-111.9268582,33.6744167,-111.8894434],[57,69,48,11,33,307,32,95,222,26,109,38,265,39]
La_nfdna0eu1G8h9v5Gtkw,33.5908201,-111.9590393,4,[33.5095354,-112.0275918,33.6721048,-111.8904868],[109,38,39,126,11,33]
UY2RvuGjCgY1mqD9sjApzg,33.43475,-112.00644,17,[33.43475,-112.00644,33.43475,-112.00644],[28,170]
PoISdxVUSJBPzH8umBYaug,33.5385143,-112.050153,28,[33.5095,-112.0731019,33.5675286,-112.0272041],[48,11,7,36,182,24,108,137,6,139]
zuj68h_TlzZWcirGaaSgcg,33.4787943,-112.0478085,14,[33.4787943,-112.0478085,33.4787943,-112.0478085],[26,11]
ndapj1BktL3Lvp872sGXWA,33.6370916,-112.201447,1,[33.6370916,-112.201447,33.6370916,-112.201447],[43,11]
eqqR-P6wXrMRa2vPIivpyg,33.5158242,-111.82575130000001,9,[33.4152304,-111.92631,33.616418,-111.7251926],[265,126,97,11,72]
od3NuDejErv99GX52OfVwQ,33.470066900000006,-111.90556975,3,[33.3059943,-111.9253634,33.6341395,-111.8857761],[30,13,6]
bIoc-MEaeeO--kMQ08E_6g,33.538873,-111.865693,2,[33.538873,-111.865693,33.538873,-111.865693],[168,169,11]
LrsPU63ULj41WtedHWQ5Fw,33.7106075,-112.2679804,1,[33.7106075,-112.2679804,33.7106075,-112.2679804],[96,72]
bCFgufeXKLPogitfupFK3Q,33.5670375,-111.9184649,3,[33.5670375,-111.9184649,33.5670375,-111.9184649],[99,11]
C9Mf-gBnoVFBj9TA1J9bYw,33.6226255,-112.15527835,2,[33.5134849,-112.2628637,33.7317661,-112.047693],[120,11,28,17,29]
8SFpYIJed0i6NMr_2rYJhg,33.4582365,-111.9969496962,13,[33.407717,-112.067833,33.508756,-111.9260663924],[38,145,57,205,101,39,43,11,7,108,119,61,13,6,112]
yq2gyicHlJl0r0CMtsvzOQ,33.0720422474305,-112.03512842482,10,[33.068036494861,-112.04424584964,33.076048,-112.026011],[49,178,7,72,8,154]
X88kjTUQDLIaB2G_7mitvg,33.4741375,-112.0649666,1,[33.4741375,-112.0649666,33.4741375,-112.0649666],[119,201,11]
L_aMZqVjtvVLWcp7m_ITEg,33.65643515,-112.0972425,4,[33.639888,-112.3040101,33.6729823,-111.8904749],[63,27,307,11]
QKdkjr_Btg8igcpOclzTcQ,33.5097768,-111.9957399,5,[33.5097768,-111.9957399,33.5097768,-111.9957399],[38,48,39,11]
jFBFt0-P_7isF65m4ZGgQw,33.3358523,-111.8205495,3,[33.3358523,-111.8205495,33.3358523,-111.8205495],[109,38,48,39,11]
GeEHKyLzuhYEb7Gn-0cX_Q,33.3781183041353,-111.9458573447295,6,[33.334824,-111.9487344,33.4214126082706,-111.942980289459],[7,108,38,99,128,39,296,11]
NOyfIyoqSdFFLJC4G3Yngg,33.45991275,-112.00431225,200,[33.4245625,-112.0800705,33.495263,-111.928554],[63,27,24,11,26,119,17,18,28,29,127]
akvWl9VA-M28x9-J3vrw3Q,33.3049006,-111.741423,1,[33.3049006,-111.741423,33.3049006,-111.741423],[129,278,79]
XzGhCIscIQ_-P9XvYR1PhA,33.3052569,-112.0534109,1,[33.3052569,-112.0534109,33.3052569,-112.0534109],[104,64,105,65]
PcvV8zVgwpez9s6I-3Dykw,33.4461883,-112.0269574,200,[33.43475,-112.0474748,33.4576266,-112.00644],[28,170,168,26,11]
q1OLGrgq6p_Vyy0VzpppCA,33.4576445,-112.073845,1,[33.4576445,-112.073845,33.4576445,-112.073845],[64,61,13,6,65]
ndXawjjP_cKiT78LOjmubQ,33.5915372,-111.9781334,2,[33.5915372,-111.9781334,33.5915372,-111.9781334],[165,32,95]
ptkv168m5XsbYtfhXqxX-Q,33.4315119,-112.0561119,19,[33.4315119,-112.0561119,33.4315119,-112.0561119],[26,11]
NvkDEm08TsEarWozjZZY5w,33.495018,-111.975898,1,[33.495018,-111.975898,33.495018,-111.975898],[7,47,48,11]
zgD6Esf3DqSod6kFsudrow,33.536243725524,-112.185516357422,80,[33.536243725524,-112.185516357422,33.536243725524,-112.185516357422],[224,11]
4KRqj2BOoNzBOk-oCB1HDA,33.34205225,-111.8338043,5,[33.3344463,-111.8463705,33.3496582,-111.8212381],[26,11,377,323]
chi-QC1laIPj2H2fPFTESA,33.423973149999995,-111.9781047,8,[33.3501281,-112.0800705,33.4978182,-111.8761389],[218,41,11,89,7,108,446,99,246,119,139,24,17,423,63,27]
-Mz54voyGh3UUVhaBNr6IA,33.5645629,-111.9154217,1,[33.5645629,-111.9154217,33.5645629,-111.9154217],[88,38,99,39,11]
VNbugmjB9csYUUXq2IXGGw,33.5006293,-111.9232551,2,[33.5006293,-111.9232551,33.5006293,-111.9232551],[27,11]
zZ3V6qPihaKEIZiME1ZeeA,33.4527955,-112.0693177,3,[33.4527955,-112.0693177,33.4527955,-112.0693177],[38,99,128,39,296,11,26,127]
5mn4QIgawCizJ22UKqJbFg,33.6400995,-112.1201999,1,[33.6400995,-112.1201999,33.6400995,-112.1201999],[39,38,27,128,11]
iGxvCixBPxXwPujhX1MU1A,33.4742914,-112.0147786,5,[33.442375,-112.0739142,33.5062078,-111.955643],[168,181,229,11,26,14,15,6]
yhAAeh611cpCksu3PpHloA,33.8645537841385,-112.137740850449,26,[33.8645537841385,-112.137740850449,33.8645537841385,-112.137740850449],[224,11]
ijlU1jDQ5mptXQf3PNdKlQ,33.499499,-111.927402,24,[33.499499,-111.927402,33.499499,-111.927402],[48,11]
mgSV1kuLQ_mkFlX95gIDIA,33.442375,-112.03822,200,[33.43475,-112.07,33.45,-112.00644],[26,11,28,170]
gbwMr9czCSRj17ngXHdPGw,33.3344601,-111.73956039999999,11,[33.313876,-111.7895308,33.3550442,-111.68959],[53,54,55,185,11]
G_Qup54owJRH-lmkhs4bOw,33.5089901,-112.0438992,4,[33.5089901,-112.0438992,33.5089901,-112.0438992],[265,11]
xd0fvWA4yAed6MclXzxBdA,33.435429371322,-112.00635455,5,[33.421617342644,-112.072854,33.4492414,-111.9398551],[38,39,40,88,298,11,63,27]
t9bEvV6c_7WvyK6UB8IH6w,33.539947,-112.17344573882801,200,[33.439648,-112.3657018,33.640246,-111.981189677656],[43,11,7,98,10,9,63,123,65,6,204,48,41,28,17,29,224,46,38,101,33,39,128,26,126,97,182,99,120]
rF1CsSX6QHSwVIQ978bUvg,33.2333299,-111.8580919,3,[33.2333299,-111.8580919,33.2333299,-111.8580919],[33,11]
AU-EEpWRzuhq76iKTwgFWg,33.4952867,-112.3556173,3,[33.4952867,-112.3556173,33.4952867,-112.3556173],[49,28,178,17,29]
zgeH6eDV-Dh_8z6uw3Jxtg,33.480183600000004,-111.9384571,8,[33.3046962,-112.0649071,33.655671,-111.8120071],[7,108,74,11,10,119,24,33,48,185]
gwWEsyhOz3Ed95evHRAEwg,33.495380600000004,-111.92741645,12,[33.3547012,-112.0650431,33.63606,-111.7897898],[26,11,53,54,55,122,256,7,108,48,251,224,63]
8fjfy034BrOEZ6kVRMSE9A,33.4580232,-112.091418,2,[33.4580232,-112.091418,33.4580232,-112.091418],[26,11]
4oJs6wh-74yl6Q8-Gx7yIw,33.450811099999996,-112.0396585,5,[33.392187,-112.086757,33.5094352,-111.99256],[105,65,11,206,63,337,32,177,140]
k70661DGl6azJ_2G5GqBfQ,33.442345450000005,-111.9941408,12,[33.393113,-112.077177,33.4915779,-111.9111046],[119,38,48,39,11,7,137,8,139,206,63,61,13,6,57,69,40,36,99,27,145,186]
_THWnEpJp48u-ffNO8k8Uw,33.4493145,-112.0740474,138,[33.4493145,-112.0740474,33.4493145,-112.0740474],[224,11]
4OE4LgSGqo56D6n_4jWAEw,33.3898226,-111.78827935000001,3,[33.3799452,-111.7883,33.3997,-111.7882587],[7,9,62,10,17,11,161,105,195,65]
Z_-p4nt7Bl1pkzykXzhyMw,33.5381018,-111.9085143,1,[33.5381018,-111.9085143,33.5381018,-111.9085143],[126,97,11]
Xvhrk_Ygfav_nsX5oeFT7Q,33.3055423,-111.9778222,8,[33.3055423,-111.9778222,33.3055423,-111.9778222],[49,80,82,59]
EfzEyURlfmXs4b6IAVxNDw,33.4961,-111.929344,1,[33.4961,-111.929344,33.4961,-111.929344],[64,347,6,204,65]
ZnYpnxm3olMPP-Ptwig4wQ,33.32819345,-111.81080538053,11,[33.2812044,-111.8782339,33.3751825,-111.74337686106],[26,11,49,178,44,27]
31T1rQASb9XvaxVstwIHuQ,33.321061644794,-111.723918914795,2,[33.321061644794,-111.723918914795,33.321061644794,-111.723918914795],[99,11]
IKEiKPGgw_vk4CTNQHPf9g,33.6010809,-112.01769725,8,[33.3478272,-112.1251372,33.8543346,-111.9102573],[24,11,224,182,27,99,265,48,26,123,65]
P0Ki-xij91UU-_Hk4t6tGA,33.5881614,-111.8378867,2,[33.5881614,-111.8378867,33.5881614,-111.8378867],[43,11]
YLj_ZQg7i7oV9uHTR-TGVA,33.415690749999996,-111.89505879999999,8,[33.321864,-112.0638736,33.5095175,-111.726244],[7,108,98,206,11,48,24,119,322,57,56]
XdLXa4FjIEtCu1WaFYCGoQ,33.494488000000004,-112.05991445000001,2,[33.4795408,-112.0734213,33.5094352,-112.0464076],[10,24,11,33,120]
A9JiqcnhwmNnyFnfNPo9og,33.508756,-112.045816,8,[33.508756,-112.045816,33.508756,-112.045816],[177,285,140,11]
TObZs5bPfIw5u02e9XCPkQ,33.4586172,-111.97238525,19,[33.3488854,-112.079081,33.568349,-111.8656895],[38,11,109,39,27,63,26,10,24,99,79,121,57,258,40,168,129,278,119,120,48,244,172,210]
s2TTCqBt93zlnzns5Z0TBg,33.480115749999996,-112.34110534999999,18,[33.419866,-112.84284,33.5403655,-111.8393707],[119,99,11,265,24,212,361,84,336,33,117,177,140]
Cuikatx02woWw9pVRyftnw,33.3143747,-111.83264195000001,5,[33.308522,-111.8933909,33.3202274,-111.771893],[49,80,59,7,137,8,139]
28mNjM4cg0ZzOrsib5L64g,33.547708166633655,-112.01355221506901,37,[33.449799,-112.109986,33.6456173332673,-111.917118430138],[28,442,241,7,162,307,27,172,11,26,182,48,140,44,24,109,38,39,224,119,161,65,195,212,57,69,168,181,229,63]
EOzujBvH4ujkoM1znysPBQ,33.4384287,-112.3410882,1,[33.4384287,-112.3410882,33.4384287,-112.3410882],[119,99,11]
YswSM2KGR-VVStdT6Wxg6A,33.639342,-111.924724,22,[33.639342,-111.924724,33.639342,-111.924724],[99,11]
WsBMlEq2pPHE0fdgDHnW2A,33.648524949999995,-111.9945463,4,[33.620562,-112.0971866,33.6764879,-111.891906],[24,11,72,119]
6EvgGCHSr5tJiLyJ9dZn3w,33.414027,-111.918234,2,[33.414027,-111.918234,33.414027,-111.918234],[28,17,29]
zKOKtdCytj3wRoh3omSw8g,33.4726676,-111.9496148,4,[33.4514039,-111.973603,33.4939313,-111.9256266],[185,11]
f7amtjwWnMWOArqC7GMLnQ,33.3200774,-111.9622525,3,[33.3197658,-111.979811,33.320389,-111.944694],[38,39,11,261,54,55,122,256]
v6-cL7ttdTMh1jA0sfIbkw,33.4938219,-111.9259965,6,[33.4938219,-111.9259965,33.4938219,-111.9259965],[7,142]
cRHWwck-PlAo2-xXbG_V2g,33.55924555,-111.98157155,11,[33.4481291,-112.0778758,33.670362,-111.8852673],[177,11,119,99,44,309,285,24,212,361,57,69,43]
XjW6PHahvZrQXL3Wg3c1Mw,33.4360415,-111.9956337,39,[33.4360415,-111.9956337,33.4360415,-111.9956337],[28,240,241]
rZ6GbPiqLVHhN_wMzR0uLA,33.502049,-111.9182798,19,[33.502049,-111.9182798,33.502049,-111.9182798],[38,11,99,128,39]
Idr0-9GG90hanWJYRc_lTA,33.6753306,-111.9633729,1,[33.6753306,-111.9633729,33.6753306,-111.9633729],[38,48,39,40,11]
FrKslT9z4K-m5ljDXSTFbA,33.4483771,-112.0740373,2,[33.4483771,-112.0740373,33.4483771,-112.0740373],[169,11]
8fZ--atA7uQMb_WF9XNy4w,33.422988700000005,-112.0190061,8,[33.381622,-112.0981742,33.4643554,-111.939838],[43,11,74,27,88,38,39,89,99,120]
nhWH4QzGdHMx1IJu7Tx7tw,33.584299650000005,-112.04422918675249,54,[33.484487,-112.226631,33.6841123,-111.861827373505],[38,143,293,39,205,126,97,11,7,8,108,26,127,212,99,128,137,139,265]
4cT-aD8TCSleP7NDGKftrQ,33.4296694,-111.8711899,2,[33.4296694,-111.8711899,33.4296694,-111.8711899],[49,80,82,59]
LFJ5gpahkBCWvmS6ZFJeKQ,33.465665,-112.340224,200,[33.465665,-112.340224,33.465665,-112.340224],[212,11]
L_3BXe6sxgVResvLvRkAMA,33.534561249999996,-112.0079422,10,[33.4296505,-112.071469,33.639472,-111.9444154],[26,11,57,39,145,224]
1Am0pv3HWphO6QVycWHL1Q,33.470545200000004,-111.9940944,27,[33.4329724,-112.083886,33.508118,-111.9043028],[212,11,119,99,7,108,24,33,265,185,63,49,368,57,36,69,27,26,6,284,35]
mCE9nD2NnYrokWMMMDoEdw,33.629192,-111.889479,1,[33.629192,-111.889479,33.629192,-111.889479],[229,185,11]
uzz-TOssnlkSkkVZJTfzvA,33.383123,-111.964485,1,[33.383123,-111.964485,33.383123,-111.964485],[99,11]
jsp9nagK7q-PYrBRByD-1Q,33.6332723,-112.2793007,8,[33.6116901,-112.393776,33.6548545,-112.1648254],[7,292,99,48,11,27,251,26,108]
plTpn8WbZNNF9MC4xU2RRA,33.4377111,-112.4268472,1,[33.4377111,-112.4268472,33.4377111,-112.4268472],[126,11]
3wiMAs5-tiG9jbfhC2EUuQ,33.3344463,-111.8463705,1,[33.3344463,-111.8463705,33.3344463,-111.8463705],[101,38,99,39,11]
eq2hUuDLHkg7wuWhcJ5Jlg,33.4797102,-112.0449139,11,[33.4500832,-112.088808,33.5093372,-112.0010198],[212,63,97,11,26,224]
THN1gW3GtetokJZaQ_J0Tg,33.54423405,-112.0844159,34,[33.4327837,-112.264529,33.6556844,-111.9043028],[7,108,182,218,307,11,8,119,26,27,168,212,63,97,224,177,140,98,24,43,172]
sL6zr4XsrWW59DINdbvoKg,33.4951366,-112.0012318,6,[33.4951366,-112.0012318,33.4951366,-112.0012318],[48,11]
6LDL2B7XfIgOmjbE7y64sA,33.325948499999996,-111.8656972,20,[33.2587342,-111.9080584,33.3931628,-111.823336],[210,181,11,26,126,251,43,177,140,192]
xJoyEqP6LHllmPRnGsgavg,33.5019519,-111.9514403,24,[33.5019519,-111.9514403,33.5019519,-111.9514403],[265,11]
e57GR3Jt7fAK08yB9ccK5g,33.3638909,-111.9131101,2,[33.3638909,-111.9131101,33.3638909,-111.9131101],[26,11]
1fsqJUWFGsXoINOBHVdhGQ,33.4971932,-111.92661155,27,[33.4938414,-111.9268138,33.500545,-111.9264093],[27,11,119,99]
FTHuIbf-uuE8NjPF6PX7aA,33.6404031,-111.95146985,8,[33.6058073,-111.9778062,33.6749989,-111.9251335],[182,48,140,11,465,168,265,39,84,339,147,49,80,82,59]
MAH6yRKKOGhbYFtmAjnPXg,33.72107812576385,-112.03412548675249,24,[33.5747610515277,-112.2064236,33.8673952,-111.861827373505],[78,79,10,24,11,26,39,177,71,72,27,185,99,38,128]
uW7f3mKmlfIVZEv8yWZQ6A,33.6247596,-111.9329381,51,[33.6247596,-111.9329381,33.6247596,-111.9329381],[28,17,29]
fM-blcJqCF90MQvk04aAdg,33.576695099999995,-112.120097445485,33,[33.44238,-112.34971999097,33.7110102,-111.8904749],[33,38,39,11,206,260,40,259,48,205,7,36,109,26,126,202,72,12,114,13,6,22,97,99,63,127,108,265,148,27,140,143]
-pmz3h5p0qjXprkmaFco2g,33.49112,-112.079081,5,[33.49112,-112.079081,33.49112,-112.079081],[26,11]
USEf2W11duEn7rczy9Nl_w,33.586656564995,-111.83645015013,3,[33.586656564995,-111.83645015013,33.586656564995,-111.83645015013],[27,11]
0-p9IQ8MklmH16TzOJviVQ,33.62666475,-111.9931184,8,[33.5754755,-112.0651592,33.677854,-111.9210776],[7,108,201,119,11,361,63,267,182,172]
dGfOZWZbYaoTlFiW8EnAFw,33.44865085,-112.04423585,5,[33.4315119,-112.0561119,33.4657898,-112.0323598],[26,11]
43HVxBjM-mm24CqKEFTIdw,33.448587,-112.071756,16,[33.448587,-112.071756,33.448587,-112.071756],[38,48,39,11]
ZLuD4qrsNn68xBNRD9zWLQ,33.5964011,-112.1201741,2,[33.5964011,-112.1201741,33.5964011,-112.1201741],[43,11]
fDbWaIV9qhOrZfo9mSLo2w,33.6194705,-111.88188817697599,3,[33.611653,-111.899064353952,33.627288,-111.864712],[7,9,119,10,11,26,63]
4qQLKBLN2L0cLHC9Ey_x8g,33.3472348,-111.82629134999999,7,[33.2481975,-112.0893682,33.4462721,-111.5632145],[57,333,7,162,78,79,141,6]
umU7toPVnJwUO-umG28PLg,33.298212,-111.898601,6,[33.298212,-111.898601,33.298212,-111.898601],[185,11]
usVjrAeJ7uWuoU4EbR8uqw,33.5356788,-111.9388177,11,[33.4881846,-111.972125,33.583173,-111.9055104],[48,11,99,0,1,98,7]
UfPzhC27R744fh2GWvdkkQ,33.5013035,-112.08763694999999,11,[33.347758,-112.4183429,33.654849,-111.756931],[64,161,65,27,11,43,99,63,7,8,24]
iI7ff8BdlUrd7CCeGkGsFQ,33.5788693,-112.204539,2,[33.5788693,-112.204539,33.5788693,-112.204539],[49,80,82,59]
6esqsbvkJL6asXvOwvyLaw,33.4649645,-112.00474295000001,4,[33.362719,-112.133347,33.56721,-111.8761389],[89,11,10,24]
m9kXVTmi4AuECwP25IpoaA,33.48956055,-112.1033318,11,[33.421909,-112.2559789,33.5572121,-111.9506847],[244,11,49,80,59]
aaLAojJwjxV7NvaOvXzsbA,33.339395550000006,-111.93825269999999,11,[33.3053261,-111.9803928,33.373465,-111.8961126],[158,28,30,13,6,177,140,11]
6HgUj8DG7t6BcbSsgpFv9Q,33.4360415,-111.9956337,27,[33.4360415,-111.9956337,33.4360415,-111.9956337],[28,240,241]
ePhmc8t7envQKLE0wWmorQ,33.247921,-111.622563,6,[33.247921,-111.622563,33.247921,-111.622563],[54,317]
NFeL_FjxAuHrN7PwsanEmQ,33.52049625,-112.1498604,69,[33.4596905,-112.25351,33.581302,-112.0462108],[26,11]
fM6zztYtf9W5DsXUhy941Q,33.65991425,-111.9012511,71,[33.647582,-111.912038,33.6722465,-111.8904642],[7,162,108,28,17,29]
lkg88VwFxhzoxZlD2pDGig,33.4435032,-111.97405306849649,33,[33.3774019,-112.072327136993,33.5096045,-111.875779],[119,11,33,24,38,101,39,128,26,127,251,126,97,7,292,108,449,47,88,48,99,27,63,192,273,224]
q8Ommd0Wb4ElMebQRI9qzg,33.4533772753347,-111.948853670478,16,[33.2815753506694,-111.973588345289,33.6251792,-111.924118995667],[60,6,27,11,212,119,99]
wIbQ9j5IjgNjc6eFChPkfA,33.4749473,-112.07341145000001,38,[33.4492414,-112.0739689,33.5006532,-112.072854],[27,63,24,11,38,39,40]
J92aUGPKStpBIwx__yncfA,33.4079388,-111.9019947073975,200,[33.3058378,-112.0800705,33.5100398,-111.723918914795],[33,38,39,11,99,57,327,63,27,24,126,212,309,285]
FZ63o-y4Mf1TxhLYgZFc1g,33.4566960573784,-112.072327136993,1,[33.4566960573784,-112.072327136993,33.4566960573784,-112.072327136993],[119,11]
3qfbKG5xrLLj2X1wm8n36A,33.422728,-111.951494,11,[33.422728,-111.951494,33.422728,-111.951494],[88,38,39,89,11]
0PwuRIy-FHJVP2rDqo5KjQ,33.6236715,-111.9251782,1,[33.6236715,-111.9251782,33.6236715,-111.9251782],[38,48,39,40,11]
AWNHzn4IeFtBlD3s32OFpw,33.6384,-111.999907,1,[33.6384,-111.999907,33.6384,-111.999907],[198,23]
_JfevWKh_z7AUSyEfTRb1g,33.502239,-111.9325368,1,[33.502239,-111.9325368,33.502239,-111.9325368],[119,11]
g48B7IAwyO2Mv8g8RyA8Gg,33.6119413,-111.9987462,4,[33.6119413,-111.9987462,33.6119413,-111.9987462],[38,145,57,88,39,298,11]
lClvoNr2cNYM6hC_rG7yEg,33.414027,-111.918234,93,[33.414027,-111.918234,33.414027,-111.918234],[28,17,29]
ndGXrV6T3F1b6wU4gEyv9w,33.4176301,-111.9610982,4,[33.4176301,-111.9610982,33.4176301,-111.9610982],[108,7,62,24,11,17]
AXiqPnzwdVS1wUOXPFIRcQ,33.565531,-111.817543045658,8,[33.501821,-111.919938,33.629241,-111.715148091316],[265,185,11,72,154,7,98,10,9,49,326,52,84,30,8,13,6,110]
nSNugyrYFfwsEiwFxwzd4A,33.5555237,-111.8987034,1,[33.5555237,-111.8987034,33.5555237,-111.8987034],[218,11]
u8N7RSxa8_7cIqsXWaFNvg,33.600769,-111.978772,14,[33.600769,-111.978772,33.600769,-111.978772],[26,11]
NZvifUR_9b5aDdSV6P8L9w,33.4128613,-111.9457819,9,[33.3547012,-112.101774,33.4710214,-111.7897898],[7,108,48,11,26,119]
jeGU96alywG5iHWuj4Fazg,33.5879742,-111.9817782,26,[33.4772147,-112.0736348,33.6987337,-111.8899216],[265,11,168,352,48,465,39]
ZXljl8TwXYukERkgCIDhPA,33.55256,-112.2623,3,[33.55256,-112.2623,33.55256,-112.2623],[71,72]
cyaY_IdFzwJvSCRVs_cwcA,33.5358328,-112.26292129999999,6,[33.5349366,-112.264529,33.536729,-112.2613136],[26,11,127]
d1YdT46FoRu0hWgIIBPwSg,33.5083781,-111.9258659,1,[33.5083781,-111.9258659,33.5083781,-111.9258659],[161,28,65,17,29]
2xlbZgrIfb-khxurvT0QLQ,33.4856954,-112.0824404,17,[33.4770236,-112.0912518,33.4943672,-112.073629],[185,11,177,140,24,109,38,48,39]
G2OJICuHMwHC6E19Uqu2dQ,33.502075500000004,-111.925535,2,[33.422274,-111.925947,33.581877,-111.925123],[27,11,64,133,65]
cUmmzYZP4UIG6pvoeaS0wg,33.4548476,-112.0800705,5,[33.4548476,-112.0800705,33.4548476,-112.0800705],[63,27,24,11]
bNnZT8tfbYmcg4Pb3yr5nA,33.581154,-111.927268,2,[33.581154,-111.927268,33.581154,-111.927268],[84,345,6,346]
QmQQUKd6TbDGFRsQvwjcdg,33.592699100000004,-112.10810665,4,[33.5014106,-112.1161771,33.6839876,-112.1000362],[63,27,11,192]
X4UPvxa36O2k1wfzc2VuvQ,33.492962,-111.927751,7,[33.492962,-111.927751,33.492962,-111.927751],[224,11]
CliTwSFQKNlYau0kVUfGOg,33.5299053,-111.926437,108,[33.5299053,-111.926437,33.5299053,-111.926437],[265,11,483]
dW_qgI9UI-DdamarVCCbDA,33.6968334307204,-111.890323162079,1,[33.6968334307204,-111.890323162079,33.6968334307204,-111.890323162079],[175,129,79]
WkRILNpB3TmKiGnnJPPjag,33.5266038,-111.924627,13,[33.5266038,-111.924627,33.5266038,-111.924627],[27,11]
VPrEJaZKHJKAmiTuMnd6YA,33.457249,-112.0712298,1,[33.457249,-112.0712298,33.457249,-112.0712298],[57,69,38,40,39]
ysFbq2BSMDYsJ2ZmvOmtOw,33.6247911,-111.9257312,1,[33.6247911,-111.9257312,33.6247911,-111.9257312],[11,63]
qTVtLK1wxkHZuoNbgNMKgw,33.5737667,-111.9055104,2,[33.5737667,-111.9055104,33.5737667,-111.9055104],[98,7]
73eZuIuXVD5sif7GrIMfuQ,33.6185589,-112.17603729999999,3,[33.5674685,-112.1872492,33.6696493,-112.1648254],[251,11,24,126,97]
V2CV26ICkcnNgIz7O8sTQw,33.475855,-111.93987045,9,[33.4218047,-111.9533039,33.5299053,-111.926437],[109,38,27,39,11,104,161,195,65,48,265,483,33,119,99]
6EnwrmmZttvKNy4PLUtd7g,33.6462961,-111.9189477,3,[33.6462961,-111.9189477,33.6462961,-111.9189477],[26,11]
SkeJpeoVzXOQgH-Hnax__A,33.4883253,-111.96804895,13,[33.3926383,-112.0272041,33.5840123,-111.9088938],[7,108,182,48,140,11,38,143,39]
2NvBiUZnV_q3SDM-WSXzmA,33.4564268,-112.0704276,2,[33.4564268,-112.0704276,33.4564268,-112.0704276],[126,97,11]
kMTnfEn0-LmcmGHzFSOHTA,33.500545,-111.9264093,47,[33.500545,-111.9264093,33.500545,-111.9264093],[119,99,11]
YUrCL7lrdC_koQI4P6_W5w,33.6253241,-111.9403451,1,[33.6253241,-111.9403451,33.6253241,-111.9403451],[119,120,11]
KMCAR_uE71dneFc63vw7Xg,33.47240185,-112.0401167,15,[33.4354553,-112.0949464,33.5093484,-111.985287],[26,11,309,285,65,133,32,95,222,6,45,7,148,204,64]
fk8Q9nMuR4NmuvBTPq1cNQ,33.5530439,-112.08215595,14,[33.5102068,-112.1371078,33.595881,-112.0272041],[364,6,32,35,314,33,117,24,11,265,26,48,185]
EjTd8I0WwCIeWm73OC7y8A,33.335917,-111.8088752,2,[33.335917,-111.8088752,33.335917,-111.8088752],[26,11]
qPQCk4Jv7tMX732S9P0EMQ,33.52284895,-112.2399187,3,[33.484439,-112.364213,33.5612589,-112.1156244],[11,63,48,185]
Zd-bCTrMz3Q-a5luocfhVQ,33.4939313,-111.9256266,2,[33.4939313,-111.9256266,33.4939313,-111.9256266],[185,11]
OLVnFtE4TYCfsxlXN1fD2A,33.5023189,-111.9179955,1,[33.5023189,-111.9179955,33.5023189,-111.9179955],[54,55,122]
1R6wDvXIzmofopYllK_fpQ,33.46474705,-111.96553349999999,172,[33.304703,-112.00644,33.6247911,-111.924627],[11,63,46,6,33,28,170,265,48,26,119,120]
YParCZHEeRFb_Sv8FhpKWg,33.46579215,-112.0521516,7,[33.4656456,-112.081953,33.4659387,-112.0223502],[6,35,76,71,72]
nooJP5h3eeNyT8tcKaeHhw,33.3941755286892,-111.9742330184965,10,[33.331655,-112.072327136993,33.4566960573784,-111.8761389],[33,119,99,11,89,65,133]
CQjeQLCS8bdmWujZonlAgA,33.390792,-112.012504,7,[33.390792,-112.012504,33.390792,-112.012504],[119,11]
6GZxLQlAj7BiXzl5NbwWeQ,33.354349,-111.98832100000001,3,[33.317906,-112.012504,33.390792,-111.964138],[119,11,33]
H9e7Rhi50Dw6qsBIFqnNcw,33.5440915,-111.99784149999999,3,[33.45,-112.07,33.638183,-111.925683],[38,99,128,39,296,11,71,72,49,178]
9pW26TfIHW2GV1zxCfvT-g,33.492962,-111.927751,85,[33.492962,-111.927751,33.492962,-111.927751],[224,11]
kTZ7XCXPCpNK9i72y-pYGQ,33.4135276,-112.0088419,6,[33.4135276,-112.0088419,33.4135276,-112.0088419],[28,17,29]
vzNR1YL4UHPF5vNf9FYm6A,33.511325338767705,-111.9261487467835,86,[33.492381,-111.926350593567,33.5302696775354,-111.9259469],[265,48,11,109,38,39]
SsgqsNdR6PpAHqIi7T3JmA,33.451661,-112.075516,1,[33.451661,-112.075516,33.451661,-112.075516],[28,442,241]
XAOf1Qb3D-olwJi7mamQ7A,33.515350058401,-111.93248978644499,5,[33.407162416802,-111.954623,33.6235377,-111.91035657289],[404,451,11,27,119,99]
4sIK_74UwkKU9YQXIfgCdg,33.45219555,-111.90194034999999,143,[33.2487088,-112.180066,33.6556823,-111.6238147],[65,133,127,11,98,7,6,110,8,338,382,206,177,140,108,93,3,94,32,95,77,35,76,212,27,139,194,423,215,97,34,96,72,449,119,61,13,114,15,191,201,99,38,143,39,205,48,26,44,21,208,313,84,339,182,49,80,82,59,14,16,200,345,346,87,115,63,322,57,43,10,45,148,204,150,17,265,47,88,60,288,213,445,66,52,9,216,397,56,165,24,112,254,109,284,33,54,324,142]
VmiqL0RWqfqzxfHy17smoQ,33.4377111,-112.4268472,6,[33.4377111,-112.4268472,33.4377111,-112.4268472],[126,11]
Ch6CdTR2IVaVANr-RglMOg,33.5100097,-112.0152845,2,[33.5100097,-112.0152845,33.5100097,-112.0152845],[48,11]
jt24f_O0zfpKzWJnnER-vg,33.3344463,-111.8463705,1,[33.3344463,-111.8463705,33.3344463,-111.8463705],[377,323,11]
xN50XIGEjqSVs4YIatjY_Q,33.4150348,-111.9184724,1,[33.4150348,-111.9184724,33.4150348,-111.9184724],[182,48,140,11]
7q9_9ZNFJbFfYJblmsoNoQ,33.3324940069335,-111.75685435739749,6,[33.309943813867,-111.7897898,33.3550442,-111.723918914795],[33,11,99,185,7,108,48]
3XOhR1jeuvS7XO7sOgBSAg,33.6379017,-112.2330497,6,[33.6379017,-112.2330497,33.6379017,-112.2330497],[33,44,11]
Rg3RvTDa8APBFKfMq325ag,33.493298,-111.934032,1,[33.493298,-111.934032,33.493298,-111.934032],[212,11]
yPejZVwY1lvehq28pEGgpA,33.48829335,-111.99636275,3,[33.474605,-112.065107,33.5019817,-111.9276185],[48,11,120,38,39]
xAFD6qLYBDxr8qwx68W7QQ,33.44546885,-111.9977736,11,[33.3920227,-112.0827836,33.498915,-111.9127636],[38,39,40,119,48,11,206,7,36,273,9]
aFSuJyqQHd_Az5Ka2sPvoA,33.391334,-112.169054,1,[33.391334,-112.169054,33.391334,-112.169054],[7,142,185,11]
hNZ6Zpx841Pwla4HBUg3jA,33.409735,-111.857263,1,[33.409735,-111.857263,33.409735,-111.857263],[38,26,39,11]
4UypETvlv8cl0jKFxHh3Zw,33.49238210701305,-111.9370627058185,6,[33.330411,-112.083579911637,33.6543532140261,-111.7905455],[43,11,177,140,7,108,24]
-0stzn_U5HE0pkIaU1YKPA,33.4501203,-112.2610502,3,[33.4501203,-112.2610502,33.4501203,-112.2610502],[26,11]
rW_MeAPQaouqaZmw0I1nxA,33.75596315,-111.95666725000001,5,[33.678615,-111.9746066,33.8333113,-111.9387279],[410,307,172,11,373,182,41]
uEa6oypnFtwiJcFFFOsIBQ,33.45099775,-112.0697117,88,[33.4492,-112.0701057,33.4527955,-112.0693177],[48,11,26,127,7,108,119]
BOHcs9GXVYxYVFrVLgVhGg,33.683226,-112.092802,2,[33.683226,-112.092802,33.683226,-112.092802],[185,11]
tmTxuDadTVc-KFyhvPuseQ,33.4361422,-111.97518715000001,40,[33.3354566,-112.0740373,33.5368278,-111.876337],[168,48,11,180,20,23,167,65,7,162,43,84,147,38,99,39,40,33,133,57,56,119,126,98,292,17,62,206,117,109,63,195,105]
Of7nL643_6V3Igp9YG8WLw,33.4031558,-111.87061255,2,[33.3786776,-111.899966,33.427634,-111.8412591],[63,27,11,71,72,297]
KqemYCgDh0GunkBnfjgVfA,33.53256855,-112.00154330000001,4,[33.4532027,-112.07643,33.6119344,-111.9266566],[267,182,172,11,38,143,293,39,26,27,63]
6gKqjd34blACscrEq1nUBQ,33.3194165,-111.9652346,1,[33.3194165,-111.9652346,33.3194165,-111.9652346],[11,63]
9AuRtY1lLiRVVwZt6qJuRA,33.5173991,-112.0824683,2,[33.5173991,-112.0824683,33.5173991,-112.0824683],[126,97,11]
IMoeamqJqPKJTW7HXPeVEA,33.3637746,-111.9095295,2,[33.3637746,-111.9095295,33.3637746,-111.9095295],[11,63]
en0pB9_MfdxEUmcgcUNwrQ,33.5025941,-111.9296765,77,[33.5025941,-111.9296765,33.5025941,-111.9296765],[7,142]
QWDk_D9uBbhxEKYyvHmRkA,33.587025,-112.08698294999999,40,[33.492517,-112.2481,33.681533,-111.9258659],[6,21,38,7,57,18,109,209,17,39,53,54,55,161,28,65,29,49,193,59]
cJnYpzzaUt8FfRlpQ-BnuQ,33.495084,-111.999963,2,[33.495084,-111.999963,33.495084,-111.999963],[33,117,11]
5XJyl3DV7KZeOycmw0H1FQ,33.5175821,-112.064846,11,[33.5175821,-112.064846,33.5175821,-112.064846],[10,119,11]
_uPqvlRzNNUTjpuBS8kGYQ,33.5601225,-111.91269495,16,[33.491077,-111.9641728,33.629168,-111.8612171],[123,65,38,11,99,128,39,4,6,49,178,212,41,98,7,24,63,47,48,40,142,119]
zET-0gFfFypZPHSD-xoPZA,33.4526933,-112.0701129,9,[33.4526933,-112.0701129,33.4526933,-112.0701129],[28,17,29]
daVdKjKIszpKdVgcGQgl2w,33.7481406,-111.94310605,4,[33.6753442,-111.9633667,33.820937,-111.9228454],[48,11]
r0ZFiz2rQqKgE3HvfpWVZQ,33.50062,-111.9224013,2,[33.50062,-111.9224013,33.50062,-111.9224013],[104,105,65]
NUNVFFv_VEyVn3G7kg1V8g,33.4896884,-111.73081189999999,44,[33.2459893,-111.7845363,33.7333875,-111.6770875],[7,108,49,178,139,225,375]
c05uXVNJZIiCHCbXQG19zw,33.51409765,-111.94256865,4,[33.4860023,-111.9595033,33.542193,-111.925634],[48,11,265,126,97,33,119,99]
ddqduBK-kl_Csj9rTu7zLg,33.6011398823239,-112.002880971017,27,[33.5950968646478,-112.065436542034,33.6071829,-111.9403254],[210,11,28,17,29]
PgINUOMQqSpro4CF5xsziA,33.548870449999995,-112.0945338,19,[33.5005719,-112.1517866,33.597169,-112.037281],[7,8,99,11,41,108,43,30,13,6,110]
V4ZVTtfg1FW411zsFrW1tQ,33.6119344,-111.9271523,12,[33.6119344,-111.9271523,33.6119344,-111.9271523],[267,182,172,11]
4WtwchbAovqTuE4L1evxhw,33.3546892,-111.9534086,1,[33.3546892,-111.9534086,33.3546892,-111.9534086],[32,95,222]
cjG1kUEGJeyNVzTXyBrozg,33.542953,-112.080617,36,[33.449858,-112.241296,33.636048,-111.919938],[28,17,29,48,11,18,265,185,38,39]
StjJXwaUDs-K7f-SZACs3Q,33.3774019,-111.908621,1,[33.3774019,-111.908621,33.3774019,-111.908621],[7,108]
yq6s2wbND-sAX90oR2rpkA,33.46752845,-112.07192025,10,[33.4449277,-112.0739068,33.4901292,-112.0699337],[32,95,222,93,3,48,11]
LgKS6d0BrMC_eRcHaofKwg,33.38804005,-112.03356105,4,[33.3211123,-112.0791022,33.4549678,-111.9880199],[136,17,33,119,99,11]
j_iCJo501nkf5FJhwdi7oQ,33.3788145,-111.6016425,1,[33.3788145,-111.6016425,33.3788145,-111.6016425],[7,108,9]
yHfpNY57NXUZjEtHMrggjA,33.6227623,-111.8739177,3,[33.6227623,-111.8739177,33.6227623,-111.8739177],[98,7,8,137,139]
I0yXAdK4PIkvv3PF9uxPvQ,33.5922357,-112.2987693,1,[33.5922357,-112.2987693,33.5922357,-112.2987693],[201,11]
22Uc2DaP180qQg5CdRsk5w,33.491414394079,-111.999282,12,[33.4691316,-112.0740123,33.513697188158,-111.9245517],[251,11,109,38,39,63,210,26,48]
96qHRqrGbcovz733Z4J1Dg,33.43475,-112.00644,200,[33.43475,-112.00644,33.43475,-112.00644],[28,170]
PhLWho7zl_GWf1mlEliDCA,33.4683421,-112.01875135,3,[33.452835,-112.0473227,33.4838492,-111.99018],[24,11,101,38,39,40]
OLfMpDY-AuQ6wxYlI-BGZA,33.55849886565195,-112.144676287317,5,[33.4787939,-112.363443374634,33.6382038313039,-111.9259092],[251,212,11,309,119,285]
GAspTPBrDrAFjL360qJBfQ,33.49218,-112.287468,1,[33.49218,-112.287468,33.49218,-112.287468],[65,133]
iH09HVHFfkzBMg0nTtB3fA,33.554825,-111.899636,1,[33.554825,-111.899636,33.554825,-111.899636],[119,201,11]
1tES5f8gVY_G7Y7ELVCJeA,33.63236,-112.13216,1,[33.63236,-112.13216,33.63236,-112.13216],[49,319,80,82,59]
fmnY_ha1w_77lnomaWHheg,33.3932816,-111.6807231,5,[33.3932816,-111.6807231,33.3932816,-111.6807231],[202,72]
VPOF5l1TnCbHV9MICWyacQ,33.67176855,-112.23439275,8,[33.6116341,-112.3039728,33.731903,-112.1648127],[3,376,363,1,49,82,59]
szj_G0suXZIveT2cvNXLQQ,33.3304237,-111.81690595,6,[33.2812044,-111.878138,33.379643,-111.7556739],[27,11,44,7,137,8,139,43,13,6,21,35,22,26]
oz28Wm8RnQo9DMdR-1pOag,33.546,-111.96828,1,[33.546,-111.96828,33.546,-111.96828],[265,11]
hyuYinagTIsRk3nL2mmTGA,33.4287313,-111.9415049,2,[33.4287313,-111.9415049,33.4287313,-111.9415049],[28,342,240,241]
_L9oKO8FSCQ4emxTcxNZwA,33.60089375,-111.90276854999999,173,[33.581569,-111.931282,33.6202185,-111.8742551],[63,27,11,224]
WUG7SjK9WtfU-3Y2Ua-XJg,33.387299350000006,-111.82828445,14,[33.3060217,-111.9533039,33.468577,-111.703265],[27,11,224,43,97,33,63,119,99,98,7,24,185,26]
w3CreACCnjFKfvJa7zu46g,33.274062,-111.679307,2,[33.274062,-111.679307,33.274062,-111.679307],[288,32]
esWaM3NSLCwFzK7jzPa4BQ,33.493298,-111.934032,19,[33.493298,-111.934032,33.493298,-111.934032],[212,11]
lYAhB_vOYhy5Qa0zy_pfIw,33.5950968646478,-112.065436542034,5,[33.5950968646478,-112.065436542034,33.5950968646478,-112.065436542034],[28,17,29]
Vix00sRcbhiwA-DF3TKV-A,33.604413,-112.24656575,2,[33.575415,-112.427972,33.633411,-112.0651595],[1,263,33,11]
oCFQmDotqcyIYAY1JyKUPg,33.5846456,-111.8647095,200,[33.3370939,-112.026154,33.8321973,-111.703265],[182,172,11,38,7,47,88,39,48,313,89,98,10,9,119,140,224,24,27,57,69,26,63,99,49,146,341,137,8,139,127,142,265]
e3fwzqWn2EScYXgm6NRBWQ,33.378594,-111.8998355,6,[33.33563,-111.945394,33.421558,-111.854277],[27,11,182,48,140,373,97,41,43,30,13,6]
mZA3KS7nFfuY77iigfwRhw,33.57355805,-111.9228074,5,[33.5645629,-111.9301931,33.5825532,-111.9154217],[38,212,41,39,11,63]
fp-Nu1TpibeyigLa1R2NxQ,33.362439,-111.445693,2,[33.362439,-111.445693,33.362439,-111.445693],[49,178]
W25dEx5gto4opqm14eTQ3A,33.6451235,-112.13819050000001,21,[33.457863,-112.341878,33.832384,-111.934503],[38,48,39,11,126,97,57,145,99]
QCdhZy7FWq_4qXTEHPq9DQ,33.422728,-111.951494,2,[33.422728,-111.951494,33.422728,-111.951494],[43,11]
2-PGLtcgENN0wiiWfsKjjA,33.6693312,-112.2029352,1,[33.6693312,-112.2029352,33.6693312,-112.2029352],[26,11]
RwuMQEsnpT1hAoFPwTws7A,33.45739735,-111.96131235,29,[33.331773,-111.995355,33.5830217,-111.9272697],[64,65,126,11,119,99]
MTu3hVSZkK8nkPhqT2FIDQ,33.52579715,-112.059208,15,[33.4145027,-112.201447,33.6370916,-111.916969],[7,108,33,11,48,99,43,27,63,373,97,109,38,39]
hJBOxmNREXmMGTfXgMcGug,33.50688545,-111.98809,34,[33.3351559,-112.100731,33.678615,-111.875449],[33,99,44,11,27,38,39,126,97,10,74,24,26,63,43,119,7,142,177,140,352,309,285,117,48,185,382,212,361,88,298,265]
sQ5wPNZJ6kN2zosRdovAsg,33.45594295,-112.00670545,14,[33.304703,-112.1091081,33.6071829,-111.9043028],[109,38,11,39,63,48,210,26,27,169,99,127,33,265,185]
fpEknYCdbCRo5TtDk8pU3w,33.4951447,-112.0118398,1,[33.4951447,-112.0118398,33.4951447,-112.0118398],[43,11]
Q5VbgxIjaTODclxwKkc3Hw,33.494899700000005,-111.9920235,8,[33.3490394,-112.0740373,33.64076,-111.9100097],[265,126,97,11,15,6,191,251,49,80,82,59,57,69,28,170]
HTes5IRckYRQGr2wzH2w9Q,33.468898,-111.92582,1,[33.468898,-111.92582,33.468898,-111.92582],[71,72]
dR0HQmpqOzXPV39p-JYH-A,33.6235954,-112.0356821,7,[33.6071829,-112.1310388,33.6400079,-111.9403254],[26,11,39,63]
l0izzNMbD2lL9xcOnnMEag,33.4299464871295,-111.9223160573975,200,[33.277645474259,-112.1207132,33.5822475,-111.723918914795],[7,292,142,210,11,27,6,77,35,76,33,48,47,38,99,128,39,296,57,327,36,8,13,115,28,240,241]
voo1ybg-fOXCeqcFZuZZvA,33.434736,-111.924312,20,[33.434736,-111.924312,33.434736,-111.924312],[28,17,29]
6aHCz2iedvT6Vu1j-q90fg,33.258500999999995,-111.82627645,47,[32.879968,-111.9273079,33.637034,-111.725245],[24,11,26,28,17,29]
9aHk38i1ox9-PXmB_VwqBA,33.53955710625795,-111.9785775,8,[33.4518099,-112.073629,33.6273043125159,-111.883526],[28,17,29,109,38,48,39,11,57,69,43]
i9DSitx1CJCCONWAG1FVnA,33.4067139,-111.97854415,22,[33.304138,-112.0823438,33.5092898,-111.8747445],[7,189,10,24,11,138,8,139,38,39,40,161,28,65,17,29,57,145,142,69,169,99,32,203,43,210,26,423,140,48,98,62,41]
_S6yHI_0cApOYdutByNuZQ,33.829967,-111.932838,66,[33.829967,-111.932838,33.829967,-111.932838],[6,35]
29KJZQaq0I60dpzQbazT7A,33.4948197,-111.9798208,31,[33.4948197,-111.9798208,33.4948197,-111.9798208],[119,11]
XbR2Fx-waSWhLNPE5TK8Dg,33.4371266,-111.9527214,4,[33.4165461,-112.0686108,33.4577071,-111.836832],[7,49,108,193,59,212,43,11]
6iC4v2ze57oyxPp1DcW7VQ,33.6275125,-111.8954112,2,[33.6275125,-111.8954112,33.6275125,-111.8954112],[98,7,24,11]
HYF5q2sZjwMbaewUhutflQ,33.458295,-111.9997946,6,[33.311748,-112.036161,33.604842,-111.9634282],[49,409,4,6,71,72]
AUd7cddD3yNN0zWg26sx0g,33.6079458,-112.0365837,3,[33.6079458,-112.0365837,33.6079458,-112.0365837],[71,72]
CHTF4Vdzx5n14X2_LAuSfQ,33.603403,-111.910226,4,[33.5706,-111.918352,33.636206,-111.9021],[38,48,99,39,11,26]
G0kzbeTY_I9rQ6VWKLrz1g,33.4354634,-112.0069893,158,[33.4354634,-112.0069893,33.4354634,-112.0069893],[38,128,39]
qBXazAAyYi5OZUL7lBxHvw,33.4528292,-112.0685027,2,[33.4528292,-112.0685027,33.4528292,-112.0685027],[117,214,11]
ncUPNkRVmqMTjv660UZgPQ,33.4966934690674,-111.9240516708985,12,[33.4661903381348,-111.926503,33.5271966,-111.921600341797],[119,99,11,38,48,39,185,28,17,29,7,313,27,162]
5X5i0S1i_pfdt2d9s0Sd5g,33.757546,-111.990434,2,[33.757546,-111.990434,33.757546,-111.990434],[11]
ugrKRR9OSVe48gqNf0TVcA,33.5006293,-111.9232551,19,[33.5006293,-111.9232551,33.5006293,-111.9232551],[27,11]
DY4EePYj3kmsEmcsMYajOQ,33.822031,-111.90897,14,[33.822031,-111.90897,33.822031,-111.90897],[161,28,65,17,29]
gHi13kKa_uee9EShpahJxg,33.509096,-111.994831,5,[33.509096,-111.994831,33.509096,-111.994831],[202,72,281]
PwaZrooS2cFJup6vP8ZMAA,33.5670375,-111.9184649,18,[33.5670375,-111.9184649,33.5670375,-111.9184649],[28,158,17,29]
2haZVKns6YGKwKqXTM0-Nw,33.3010396,-111.9457681,1,[33.3010396,-111.9457681,33.3010396,-111.9457681],[374,32,95]
E4UYnshwJFa8qVmh8zSqeA,33.41461475,-111.84228404999999,2,[33.4078685,-111.850105,33.421361,-111.8344631],[117,26,11]
L7xLy_JFk4Es-aS_lfL_hQ,33.59133175,-111.91421235000001,3,[33.510874,-111.922424,33.6717895,-111.9060007],[28,17,29,27,11]
T0TmiPTEeq_VVoEMK1vmmQ,33.497129349999994,-111.9368709,149,[33.4922985,-111.9514408,33.5019602,-111.922301],[119,11,63,352,48,206,28,17,29,210,33]
jHwEOGkgl0yQ-oLWxiCAGg,33.415950699999996,-111.96210635,8,[33.3195828,-112.0649666,33.5123186,-111.8592461],[119,201,11,43,265,7,162,99,120]
2ze3l9B2SOzCXoHBpqkgJw,33.503466,-112.125903,3,[33.397272,-112.359602,33.60966,-111.892204],[84,147,339,32,203,211,75,381]
3OelvbzNK3KSmMdL0O9nRQ,33.61437709868195,-112.08022808063649,3,[33.5823408973639,-112.2365732,33.6464133,-111.923882961273],[26,11,265,126]
VnHX210vxr5iXfsEWBlhAw,33.52891575,-112.15462955,200,[33.392791,-112.5016551,33.6650405,-111.807604],[49,28,506,52,98,7,99,11,33,44,57,27,39,145]
3PPh2uJLpS5uSsIubuZn1Q,33.5050749,-111.95717965,8,[33.3054251,-112.004102,33.7047247,-111.9102573],[7,292,98,63,27,11,24,403,79]
2HMcKuSGY_ODn2KfEcEbTg,33.378705499999995,-111.89390449999999,14,[33.350139,-111.95115,33.407272,-111.836659],[113,6,71,72,84,125,35]
DJyOIdsQcvXTRCc6NdQpUw,33.654849,-112.373782,9,[33.654849,-112.373782,33.654849,-112.373782],[63,27,11]
_IIx4BPhKdYQx-e_wK-g0w,33.5708131,-112.0657374,5,[33.5708131,-112.0657374,33.5708131,-112.0657374],[26,11]
9UK28WYQvS7aXyNfa_hLCQ,33.401450800000006,-112.0369951054075,68,[33.3229096,-112.390394210815,33.479992,-111.683596],[48,120,11,7,8,49,146,445,80,59,27,57,327,98,99,26,71,72,73,33,368,24,142,44,119,108,13,6,65,133,38,47,88,39,137,139,307,172,63,181,229,265,12,61,114,128,269,185,30,110,162,129,332,79,140,117]
yHj-O-XxiSh4lubIHxq-IQ,33.439648,-112.026154,33,[33.439648,-112.026154,33.439648,-112.026154],[7,108]
_tBu-2i9uT6LFxh-TyEOHA,33.5134532,-112.06761574964901,7,[33.4514309,-112.0800705,33.5754755,-112.055160999298],[48,11,119,63,27,24,38,39,177,140]
muJAX5QzQTZGb0te0M8JUQ,33.4144215,-111.956693,9,[33.379643,-112.0696,33.4492,-111.843786],[26,11,7,98,10,9,119,99,24,177,140,224]
AHrK4xiaoZ9iuu2bUQqUiQ,33.452112650000004,-112.07284820000001,5,[33.4493777,-112.0800705,33.4548476,-112.0656259],[88,38,39,89,11,63,27,24]
LCSd5VlSg0CXn-BBgBVwKg,33.377437,-111.634661,2,[33.377437,-111.634661,33.377437,-111.634661],[26,11]
IwA0OycqDyZBajVGh5Z9-A,33.50195255,-112.01786165,20,[33.494459,-112.0403946,33.5094461,-111.9953287],[38,99,88,39,40,11,63,27]
FPUrnQI_fDKLR4_b7AOsVQ,33.5025941,-111.9296765,3,[33.5025941,-111.9296765,33.5025941,-111.9296765],[7,292,99,48,11]
97lM6JW0tGPh0cX1xdi0pA,33.3943472,-111.874864,1,[33.3943472,-111.874864,33.3943472,-111.874864],[126,11]
CMUO-uaUO_x3oSYDldDCVQ,33.5022311,-111.924255,18,[33.5022311,-111.924255,33.5022311,-111.924255],[126,97,307,11]
oGSzG4TlTFR38JtHUvsGyA,33.6151575,-111.9264331,4,[33.6151575,-111.9264331,33.6151575,-111.9264331],[123,65]
LnoQBXbZae3NF6_a4mVtJQ,33.522859,-111.855501,21,[33.466112,-111.927552,33.579606,-111.78345],[7,365,41,11,63,27,26,39,38,128,119,48,98,307,162,57,69,9,10,60,6]
5inF81QttrE1iXCX3Fyfvg,33.45726065,-111.80512494999999,53,[33.4155153,-111.926703,33.499006,-111.6835469],[11,39,212,126,293]
B9HOtucux0SS0mY3R9uViA,33.56693723898085,-111.9337807272095,2,[33.5086952779617,-111.9404813,33.6251792,-111.927080154419],[99,11]
k1iTMp7uW1CSQFCq4jl56g,33.40202055,-111.9241155,13,[33.303241,-111.970802,33.5008001,-111.877429],[99,11,65,133,126,26,13,6,115,39,205,168,42,43,63,110]
CrfCxMxs1gt5FWy-kFIK4Q,33.6547125,-112.0999963,2,[33.6547125,-112.0999963,33.6547125,-112.0999963],[364,6,35]
xSPrN-2-A4BJmCgz7JB5KQ,33.3366819,-111.8589887,1,[33.3366819,-111.8589887,33.3366819,-111.8589887],[26,11]
zbrKGMOiwZTOie0im0lGWA,33.510394,-112.011028,5,[33.510394,-112.011028,33.510394,-112.011028],[6,21]
wTDBtYKMWfOqQ0L51lGhBQ,33.50854855,-112.0641691,3,[33.3774137,-112.219969,33.6396834,-111.9083692],[38,128,39,182,48,140,11,97]
onL6S42j3dbsvilahfOycA,33.55870810701305,-112.21164415000001,12,[33.463063,-112.358704,33.6543532140261,-112.0645843],[97,11,39,38,27,128,149,26,288,32,212,119,177,140]
R4ev19drhZL8UKnz7_9PRg,33.7413011,-112.3207963,1,[33.7413011,-112.3207963,33.7413011,-112.3207963],[27,11]
9rCbgSsk4DZ-14bQ0MnUuA,33.5738374,-111.7142695,1,[33.5738374,-111.7142695,33.5738374,-111.7142695],[44,26,11]
_TWXVolZxzI3j3RveB4yZA,33.4458845,-111.86623334999999,3,[33.408085,-111.987152,33.483684,-111.7453147],[155,54,32,203]
erbP5yIs1tzCm8D4t-HGbQ,33.4162679,-111.94408125,10,[33.3022008,-112.047101,33.530335,-111.8410615],[7,9,126,97,11,26,117,162,108,119,43]
9BiiY4Ga2PR7y35BQg0VCQ,33.4673017,-112.0734116,1,[33.4673017,-112.0734116,33.4673017,-112.0734116],[322,57]
sPJm6X38Z1HcKmf01QVFlQ,33.4165461,-111.836832,139,[33.4165461,-111.836832,33.4165461,-111.836832],[7,49,108,193,59]
BVt0EPH93EWZyL6nyyOs6A,33.435139500000005,-112.0075142,12,[33.43475,-112.0085884,33.435529,-112.00644],[44,24,11,28,170]
ii1SGMTMCWs1hV3OPYUHLw,33.480203,-111.9825532,1,[33.480203,-111.9825532,33.480203,-111.9825532],[26,11]
EvZ8syraeQq-DIorclZk4g,33.43738045,-111.99965365,4,[33.394393,-112.072854,33.4803679,-111.9264533],[38,39,40,60,114,13,6,7,108,24,11,26]
ob1vYWEvAottJCiFNQiuDA,33.5071469,-112.0744706,1,[33.5071469,-112.0744706,33.5071469,-112.0744706],[48,11]
V7pppn-r6tL_Yb2_msQQFw,33.5235138,-112.01700315,190,[33.4352894,-112.1091081,33.6117382,-111.9248982],[11,63,119,26,27,24,33,44,7,98,10,9,117,148,48,201]
tCLJBVBcpzaYhHKW7yjPeQ,33.4092788617518,-111.865004966224,3,[33.3078616235036,-111.9865579,33.5106961,-111.743452032448],[352,11,185]
MPUEl8Bzqez4GLq-RDTcpQ,33.3359104,-111.9080449,1,[33.3359104,-111.9080449,33.3359104,-111.9080449],[11,63]
XdJCpK1RzKJxoc5Tmjc_7g,33.5984163,-111.9793285,7,[33.5984163,-111.9793285,33.5984163,-111.9793285],[41,361,11]
b7rSxbAN44bMoqp-sZaUqA,33.56027765,-112.0999845,10,[33.450611,-112.1866243,33.6699443,-112.0133447],[38,205,39,40,48,11,27,119,106,54,280,251,26,17,152,274,6,13,7,142,108,194]
FqUBSV2qvO9XEJk-aPiCNQ,33.513697188158,-112.07341192283,3,[33.513697188158,-112.07341192283,33.513697188158,-112.07341192283],[48,11]
XUxo3knfzuPLVcQQdb7EQQ,33.469968,-112.065431,200,[33.469968,-112.065431,33.469968,-112.065431],[7,98,108,172,11]
-ZMYfx_v9bfgHdlktYKR8w,33.450882,-112.059401,1,[33.450882,-112.059401,33.450882,-112.059401],[28,17,29]
GIaACL5hpIEBsjjx6zkHHA,33.492914,-111.933566,1,[33.492914,-111.933566,33.492914,-111.933566],[38,99,39,40,48,11]
bgewCb7PvLUR1yqcHI4cEA,33.51209625,-112.0525125,29,[33.448717,-112.073765,33.5754755,-112.03126],[63,27,11,38,210,26,39,119,37,32,203,126,97]
F7XrRNyVM5FWTPWPh7nTNA,33.9686412,-112.729622,34,[33.9686412,-112.729622,33.9686412,-112.729622],[7]
xVzMmyxDFo03u2SwVpK28g,33.4985836,-111.96772150000001,2,[33.4951572,-112.0040831,33.50201,-111.9313599],[265,11,63]
NxqcDEUm4FNDSxMYXlV6gA,33.4313869,-111.8740464573975,18,[33.2792938,-112.024174,33.58348,-111.723918914795],[20,23,243,49,146,97,11,99,183,421,65,6,45,7,142,292,43,48]
7I6PsVTcxijEisTKyAhWLg,33.5041296,-111.98572229999999,25,[33.4327837,-112.0651592,33.5754755,-111.9062854],[99,48,11,119,168,28,17,29]
kLWFbGsyzulQWU4CqYD7Dw,33.26169240405795,-111.7027886,4,[33.2125748081159,-111.772012,33.31081,-111.6335652],[10,44,24,11,7,63,43]
tCmalR4gJQIpajxH2ULNvg,33.5387604,-112.0917809,78,[33.5100523,-112.1872492,33.5674685,-111.9963126],[206,11,24]
AcErO3j0GFTXbdJHbuD2-Q,33.5462995,-111.90063482742701,47,[33.271662,-112.0800705,33.820937,-111.721199154854],[48,11,57,119,33,38,39,322,145,7,142,44,49,368,99,63,27,24,109,206,12,114,13,6,115,404,451,43,185,117,224,201]
0CHdcw3BTe4GZffBNa6a0Q,33.413158,-111.875779,1,[33.413158,-111.875779,33.413158,-111.875779],[251,11]
Q8rS_s9cyIM_l_KuZgakzg,33.4052312,-111.9787347,2,[33.4052312,-111.9787347,33.4052312,-111.9787347],[27,11]
