563,51,1
552,68,1
548,69,1
547,76,4
547,75,1
547,58,1
546,73,5
546,72,2
546,77,1
545,72,2
545,82,1
545,77,1
544,67,1
544,66,2
538,404,1
530,48,1
523,95,1
503,460,1
498,362,5
498,457,1
498,363,1
497,361,1
497,289,2
496,362,4
496,361,1
496,366,1
496,297,1
496,363,2
495,362,2
495,368,3
495,363,1
494,382,1
494,369,4
494,368,4
494,363,1
493,370,3
493,368,1
492,130,1
490,382,1
488,302,1
488,375,1
487,314,1
486,379,2
486,24,1
486,132,1
483,370,3
482,368,1
481,225,1
479,466,1
478,472,1
478,460,1
478,469,1
478,468,4
478,467,1
478,462,5
477,472,1
477,470,2
477,458,1
477,467,2
477,465,2
477,464,1
477,463,4
477,462,1
476,471,4
476,376,2
475,475,3
474,476,6
474,475,2
473,480,1
473,476,2
473,475,1
472,483,2
472,476,1
472,431,1
472,429,1
471,366,2
471,487,1
470,496,1
469,460,1
469,545,3
463,476,1
463,364,1
462,372,1
461,472,1
461,373,6
461,372,1
461,404,1
461,456,1
461,473,3
461,374,5
460,408,1
460,316,1
460,474,4
460,473,1
460,404,3
460,380,1
460,449,3
460,448,1
460,447,3
460,377,2
460,327,1
460,373,3
459,378,1
458,454,1
456,23,1
455,378,1
454,805,1
452,476,1
452,474,3
451,160,1
451,475,1
451,474,6
447,447,2
446,553,1
446,475,1
446,474,2
444,446,3
444,277,1
443,401,3
442,469,1
440,442,1
440,452,1
439,441,2
438,440,1
437,335,1
437,442,2
437,441,1
436,507,2
434,508,1
433,448,1
433,272,1
433,269,1
432,516,2
432,448,2
432,447,1
432,277,1
429,656,1
428,514,1
428,599,1
427,318,1
427,306,1
427,514,1
427,511,2
427,510,1
425,336,1
425,511,1
424,448,1
424,348,1
424,511,1
424,474,1
423,198,1
421,382,1
420,602,1
420,302,3
419,381,4
419,380,4
419,335,1
419,302,1
418,367,3
418,390,1
418,366,2
418,336,1
418,382,7
418,381,15
418,380,1
418,302,1
418,300,1
417,367,1
417,366,1
417,387,1
417,386,2
417,385,1
417,384,1
417,337,11
417,382,2
417,336,2
417,381,5
417,380,19
417,301,3
417,300,1
417,369,1
417,368,1
417,391,2
416,336,4
416,303,5
416,302,1
416,301,2
416,300,1
416,299,3
416,385,1
415,381,1
415,301,7
415,198,1
414,362,1
414,383,1
414,380,1
414,301,2
413,443,1
412,475,8
411,366,1
411,387,1
411,479,2
411,476,2
411,475,3
411,382,1
411,494,1
411,493,3
411,492,1
410,367,2
410,366,2
410,387,2
410,479,3
410,478,4
410,357,1
410,493,4
410,492,3
410,491,3
410,536,1
410,368,1
409,361,2
409,371,1
409,492,4
409,391,1
409,423,1
409,476,1
409,310,1
409,386,2
407,336,1
407,389,1
407,477,2
407,475,1
406,388,1
406,278,1
405,417,1
405,383,1
405,291,1
405,477,1
404,383,1
404,379,1
404,412,1
404,387,1
404,475,1
404,265,1
403,388,3
403,387,2
403,385,3
403,454,6
403,384,3
403,476,1
403,383,1
403,452,1
403,380,1
403,379,2
403,400,2
403,377,1
403,396,1
403,395,2
403,394,2
403,391,3
402,320,1
402,297,1
402,319,4
402,387,1
402,317,3
402,385,1
402,452,1
402,335,4
402,334,1
402,380,1
402,285,1
402,398,1
402,327,1
402,325,2
401,387,1
401,318,1
401,454,1
401,384,1
401,383,1
401,521,1
401,399,1
401,422,3
401,468,3
401,397,1
401,534,1
401,324,2
401,299,1
400,450,56
400,448,11
400,491,1
400,424,1
400,423,2
400,489,3
400,422,4
400,387,1
399,389,1
399,318,1
399,456,3
399,455,1
399,454,2
399,475,6
399,451,1
399,336,1
399,450,1
399,427,1
399,426,1
399,425,1
399,448,11
399,424,1
399,422,1
399,299,2
398,318,3
398,455,3
398,475,1
398,311,1
398,426,1
398,310,1
398,447,1
398,493,3
398,423,1
398,492,4
398,422,2
397,317,1
397,337,1
397,335,1
397,378,2
397,423,1
397,492,12
397,422,1
397,467,2
397,420,1
397,485,2
397,484,7
397,345,4
396,482,2
396,344,3
396,297,1
396,343,5
396,318,1
396,387,1
396,477,4
396,336,8
396,378,2
396,422,6
396,421,3
396,348,2
396,485,3
396,484,1
395,344,4
395,297,2
395,336,3
395,334,2
395,379,1
395,448,2
395,377,3
395,422,1
395,376,3
395,421,1
395,375,1
395,352,1
395,374,1
394,344,8
394,343,1
394,342,1
394,434,1
394,336,2
394,335,4
394,379,3
394,378,1
394,377,1
394,376,2
394,375,5
394,236,1
393,428,4
393,336,7
393,379,1
393,245,1
393,344,1
393,330,1
392,448,1
392,458,1
392,423,1
392,247,1
392,379,2
392,422,2
392,344,6
392,343,4
391,252,1
391,251,1
391,379,2
390,471,2
390,250,1
390,249,1
390,347,1
389,422,1
389,371,4
389,370,4
389,318,1
389,504,2
389,360,3
389,406,2
389,405,3
389,261,1
389,260,2
389,448,2
389,257,1
389,256,1
389,396,4
389,439,1
389,250,1
389,343,1
389,248,1
389,388,6
389,385,1
389,431,4
389,430,3
389,429,1
389,474,1
389,472,27
389,471,1
388,422,2
388,369,3
388,320,5
388,319,3
388,406,2
388,405,2
388,310,1
388,404,2
388,448,4
388,353,2
388,494,3
388,352,1
388,444,1
388,396,2
388,348,1
388,395,1
388,345,2
388,250,1
388,344,10
388,343,1
388,249,1
388,388,4
388,434,1
388,387,5
388,292,2
388,386,1
388,382,1
388,475,1
388,381,1
388,474,2
388,379,1
388,472,1
388,423,1
387,344,1
387,320,3
387,319,3
387,249,1
387,318,1
387,313,1
387,473,1
387,472,3
387,311,4
387,310,1
387,471,4
387,309,3
387,492,2
387,444,1
387,253,1
386,387,1
386,474,2
386,313,3
386,380,1
386,448,1
386,493,1
386,469,1
386,422,1
386,508,1
386,254,1
385,389,1
385,320,1
385,481,1
385,479,1
385,431,1
385,471,1
385,448,2
385,422,1
385,491,9
385,255,1
384,319,1
384,479,4
384,478,4
384,475,1
384,403,1
384,422,1
384,489,2
384,282,1
384,483,1
383,482,2
383,449,2
383,327,2
383,324,2
383,488,1
383,421,1
383,321,1
382,379,1
382,474,1
382,378,2
382,451,1
382,260,2
382,450,1
382,449,2
382,258,1
382,448,1
382,446,3
382,440,4
382,439,1
382,437,1
382,435,1
382,434,3
382,433,1
382,432,1
382,425,1
382,424,1
382,423,1
382,328,2
382,422,2
382,326,1
382,325,2
382,420,2
382,324,3
382,322,1
382,414,1
382,413,1
382,310,1
382,405,1
382,404,2
382,403,2
382,402,1
382,397,1
382,396,2
382,485,1
382,387,5
381,381,3
381,378,5
381,377,4
381,376,1
381,373,2
381,372,3
381,371,1
381,369,4
381,362,5
381,361,5
381,360,3
381,354,2
381,353,1
381,350,2
381,349,2
381,348,2
381,347,4
381,346,3
381,344,6
381,343,1
381,338,1
381,336,3
381,334,1
381,330,1
381,329,1
381,328,2
381,327,2
381,326,2
381,325,23
381,324,1
381,323,4
381,322,2
381,321,1
381,316,1
381,506,1
381,505,5
381,312,1
381,498,4
381,496,3
381,494,1
381,493,2
381,491,3
381,299,2
381,489,1
381,483,2
381,285,1
381,475,4
381,474,2
381,466,1
381,465,3
381,457,3
381,452,1
381,261,1
381,260,5
381,450,1
381,258,4
381,448,6
381,256,2
381,447,3
381,446,3
381,441,1
381,440,4
381,439,1
381,248,1
381,435,2
381,243,2
381,434,1
381,433,1
381,242,1
381,241,1
381,432,6
381,240,1
381,431,5
381,428,5
381,427,3
381,425,2
381,424,2
381,423,2
381,422,6
381,420,1
381,227,2
381,226,1
381,416,1
381,225,3
381,224,1
381,414,2
381,413,3
381,411,1
381,410,1
381,409,1
381,408,3
381,407,1
381,405,8
381,213,1
381,404,7
381,403,7
381,402,13
381,401,2
381,398,1
381,397,2
381,396,1
381,394,1
381,392,1
381,391,5
381,390,1
381,389,2
381,388,2
381,387,3
381,383,1
381,382,4
380,370,2
380,369,1
380,361,1
380,360,2
380,355,1
380,354,2
380,353,2
380,352,1
380,348,1
380,347,2
380,346,1
380,345,6
380,344,3
380,343,4
380,342,7
380,341,2
380,339,4
380,338,1
380,337,2
380,336,3
380,335,4
380,334,1
380,333,1
380,332,1
380,330,1
380,329,3
380,328,10
380,327,4
380,326,4
380,325,7
380,324,5
380,323,1
380,322,4
380,321,4
380,320,3
380,319,1
380,505,1
380,310,1
380,497,2
380,496,2
380,495,1
380,302,2
380,299,3
380,489,1
380,487,1
380,292,1
380,477,1
380,285,1
380,476,5
380,474,6
380,282,1
380,473,1
380,273,2
380,271,2
380,270,2
380,269,3
380,263,1
380,261,5
380,260,8
380,259,1
380,258,1
380,449,1
380,257,1
380,256,3
380,447,7
380,255,1
380,254,3
380,253,1
380,439,1
380,246,1
380,437,1
380,245,1
380,243,2
380,241,3
380,240,1
380,239,1
380,430,2
380,238,1
380,237,1
380,235,1
380,234,1
380,422,1
380,228,1
380,225,3
380,413,1
380,406,4
380,405,1
380,404,1
380,403,4
380,402,1
380,391,1
380,388,2
380,387,1
379,230,1
379,323,1
379,322,1
379,462,1
379,321,1
379,320,4
379,319,2
379,317,2
379,315,1
379,264,2
379,261,1
379,449,1
379,495,3
379,493,1
379,303,1
379,396,1
379,250,2
379,479,1
379,478,1
379,336,1
379,477,7
379,335,1
379,476,5
379,475,8
378,344,2
378,320,1
378,319,3
378,249,1
378,478,2
378,223,1
378,475,14
378,473,1
378,611,1
378,495,2
378,423,1
378,422,1
378,327,1
378,486,1
378,346,1
378,484,1
377,422,2
377,371,2
377,320,1
377,319,1
377,318,2
377,267,2
377,266,3
377,440,1
377,486,2
377,202,2
377,435,1
377,480,1
377,339,1
377,431,1
377,477,1
377,382,1
377,381,1
377,239,1
377,474,2
377,473,1
376,422,1
376,327,1
376,468,1
376,369,1
376,271,1
376,318,6
376,505,1
376,267,1
376,263,1
376,495,3
376,494,7
376,493,9
376,492,3
376,491,4
376,489,1
376,253,1
376,487,1
376,249,2
376,482,3
376,480,2
376,478,1
376,475,1
376,379,1
376,470,2
375,422,1
375,370,1
375,510,4
375,509,1
375,319,2
375,413,1
375,506,1
375,318,1
375,458,1
375,221,1
375,404,2
375,357,1
375,497,1
375,496,1
375,449,1
375,493,2
375,492,7
375,491,4
375,490,2
375,489,7
375,488,1
375,487,1
375,439,1
375,344,1
375,387,4
375,479,1
375,431,11
375,430,1
375,426,1
375,425,1
375,423,1
374,474,8
374,473,5
374,471,1
374,372,2
374,467,13
374,371,5
374,466,1
374,370,4
374,465,3
374,368,1
374,449,2
374,448,2
374,447,2
374,440,2
374,344,5
374,439,4
374,432,3
374,336,1
374,431,1
374,240,4
374,430,5
374,428,1
374,427,2
374,422,5
374,230,1
374,404,2
374,498,1
374,492,3
374,491,1
374,490,1
374,489,1
374,487,2
374,486,1
374,482,1
374,480,1
374,478,1
374,380,3
374,475,9
373,422,3
373,327,2
373,372,1
373,465,4
373,229,3
373,228,1
373,272,1
373,225,3
373,271,1
373,500,1
373,448,2
373,258,1
373,492,1
373,491,4
373,302,1
373,490,2
373,348,3
373,489,6
373,486,1
373,344,2
373,387,1
373,477,1
373,241,4
373,476,1
373,475,5
373,474,19
373,473,9
373,472,12
373,471,4
372,422,2
372,468,1
372,455,1
372,500,7
372,499,3
372,351,2
372,491,3
372,489,7
372,347,1
372,488,6
372,346,1
372,487,2
372,485,5
372,484,2
372,436,3
372,479,1
372,478,1
372,476,2
372,475,1
372,474,2
372,473,1
372,423,1
371,478,1
371,501,1
371,500,10
371,499,1
371,498,1
371,497,1
371,448,1
371,491,5
371,490,5
371,489,8
371,488,5
371,486,2
371,485,1
371,484,3
370,482,1
370,275,1
370,481,1
370,319,1
370,501,1
370,476,1
370,292,2
370,405,1
370,474,9
370,491,4
370,489,1
370,488,5
370,486,1
369,459,1
369,505,2
369,482,1
369,480,2
369,387,1
369,475,1
369,474,5
369,405,1
369,491,1
369,488,1
369,511,2
369,487,1
369,485,1
369,277,1
369,484,1
369,460,5
368,482,1
368,505,3
368,481,2
368,319,1
368,480,1
368,341,1
368,498,1
368,405,1
368,474,2
368,448,3
368,471,1
368,491,1
368,353,1
368,483,1
367,474,9
367,378,2
367,473,2
367,465,1
367,360,2
367,355,8
367,354,2
367,258,2
367,353,1
367,448,5
367,257,1
367,447,2
367,350,1
367,349,1
367,347,1
367,441,1
367,345,9
367,440,3
367,439,4
367,343,1
367,438,4
367,431,5
367,430,2
367,326,2
367,420,1
367,319,1
367,318,1
367,317,2
367,505,1
367,405,1
367,388,5
367,387,1
367,480,1
367,478,1
367,382,1
367,381,3
367,380,1
366,474,7
366,473,1
366,378,3
366,377,1
366,375,1
366,278,1
366,372,3
366,561,1
366,370,2
366,273,1
366,268,1
366,267,1
366,362,4
366,361,1
366,357,1
366,259,4
366,449,3
366,258,3
366,448,3
366,352,1
366,257,4
366,347,2
366,345,8
366,344,1
366,343,1
366,242,3
366,431,1
366,241,1
366,336,1
366,335,1
366,430,5
366,421,1
366,326,2
366,419,1
366,323,1
366,322,1
366,319,1
366,318,7
366,317,2
366,313,1
366,312,1
366,405,1
366,309,2
366,404,2
366,577,2
366,575,1
366,573,1
366,572,1
365,318,1
365,317,1
365,316,1
365,406,6
365,405,3
365,404,2
365,196,1
365,241,1
365,467,5
365,259,1
365,419,2
365,258,1
365,303,1
365,370,1
365,577,5
364,344,1
364,572,1
364,474,2
364,405,1
364,404,2
364,448,1
364,287,2
364,516,1
364,514,1
364,580,2
364,419,2
364,579,2
364,556,1
364,577,2
364,460,1
363,186,1
363,326,1
363,419,4
363,362,1
363,448,11
363,400,1
363,447,1
363,445,1
363,303,1
363,580,1
363,579,2
363,297,1
363,578,2
363,295,1
363,294,1
363,384,1
363,572,1
363,290,1
363,288,1
363,286,1
363,378,1
362,448,4
362,286,1
362,493,3
362,446,5
362,444,1
362,443,2
362,419,2
362,418,1
362,579,3
362,531,1
362,278,1
361,297,1
361,434,2
361,296,1
361,431,2
361,448,3
361,447,17
361,492,1
361,446,18
361,445,2
361,444,10
361,443,1
361,419,2
361,580,1
361,579,3
361,370,1
360,419,7
360,418,1
360,362,1
360,361,1
360,500,1
360,312,1
360,449,3
360,354,1
360,448,7
360,495,1
360,353,5
360,447,6
360,446,2
360,445,2
360,580,1
360,439,1
360,435,1
360,432,1
360,431,5
360,430,8
360,475,1
360,378,5
360,377,3
359,328,1
359,326,6
359,419,2
359,371,1
359,418,1
359,370,7
359,318,1
359,362,1
359,361,2
359,405,1
359,309,1
359,354,1
359,447,3
359,445,1
359,444,2
359,581,1
359,580,1
359,344,1
359,248,2
359,387,1
359,337,2
359,431,5
359,336,2
359,239,1
359,332,1
359,377,3
358,388,2
358,497,2
358,405,3
358,472,1
358,287,1
358,446,1
358,353,1
358,581,1
358,328,1
358,327,1
358,349,1
358,417,4
357,252,1
357,448,1
357,447,1
357,288,1
357,309,1
357,539,1
356,457,1
356,387,3
356,521,1
356,544,2
356,520,2
356,496,1
356,519,4
356,311,1
356,379,1
356,378,1
356,351,1
356,531,2
355,316,1
355,314,2
355,474,2
355,381,1
355,519,9
355,518,4
355,379,2
355,448,2
355,378,1
355,583,1
355,439,1
354,431,4
354,474,10
354,520,4
354,473,3
354,519,1
354,518,1
354,495,1
354,449,1
354,379,1
354,494,1
354,493,1
354,513,2
354,490,1
353,474,22
353,378,1
353,473,2
353,472,6
353,471,1
353,470,1
353,370,1
353,362,1
353,361,1
353,360,1
353,455,1
353,451,2
353,449,6
353,448,25
353,352,2
353,447,2
353,343,1
353,341,1
353,431,9
353,430,2
353,523,1
353,522,4
353,521,1
353,520,3
353,327,1
353,412,1
353,406,1
353,596,1
353,305,1
353,495,4
353,494,1
353,493,2
353,492,1
353,490,1
353,488,2
353,484,1
353,388,1
353,476,4
353,475,2
352,474,16
352,378,3
352,473,6
352,377,2
352,472,13
352,376,1
352,471,1
352,470,2
352,375,11
352,371,3
352,370,4
352,369,1
352,463,2
352,363,1
352,361,2
352,360,1
352,353,2
352,448,2
352,352,1
352,347,1
352,441,1
352,346,2
352,345,1
352,344,1
352,343,1
352,434,1
352,433,2
352,337,2
352,432,5
352,336,2
352,431,3
352,335,2
352,334,1
352,522,1
352,322,1
352,319,1
352,317,1
352,316,1
352,598,3
352,597,2
352,501,1
352,405,1
352,310,1
352,498,3
352,497,2
352,496,4
352,495,6
352,494,6
352,492,1
352,301,1
352,491,10
352,490,5
352,488,1
352,387,1
352,479,1
352,477,4
352,476,4
352,381,1
352,380,1
352,475,10
351,375,5
351,370,4
351,557,1
351,554,1
351,319,2
351,318,1
351,411,1
351,361,1
351,312,1
351,498,1
351,310,1
351,497,4
351,496,3
351,306,2
351,494,9
351,305,1
351,493,1
351,445,2
351,303,1
351,302,2
351,388,1
351,292,1
351,431,3
351,430,1
351,335,2
351,476,1
351,475,6
351,474,4
351,380,1
351,473,5
351,378,3
351,377,6
351,376,3
350,375,3
350,556,1
350,320,2
350,317,1
350,410,1
350,361,2
350,360,1
350,500,1
350,499,3
350,498,1
350,497,2
350,495,1
350,494,5
350,493,1
350,343,1
350,388,2
350,386,1
350,475,2
350,474,4
350,379,3
350,473,4
350,378,3
350,377,1
349,274,1
349,412,1
349,386,1
349,500,2
349,499,2
349,497,1
349,474,1
349,405,6
349,381,1
349,379,2
349,378,2
349,493,2
349,376,1
349,375,2
349,556,1
349,508,1
348,344,1
348,505,4
348,387,1
348,405,1
348,497,1
348,496,1
348,494,1
348,379,2
348,375,8
348,374,5
348,580,2
348,579,5
348,485,5
348,507,2
348,484,3
348,668,2
348,506,8
347,375,1
347,407,1
347,406,1
347,404,1
347,401,1
347,400,1
347,494,1
347,493,1
347,395,2
347,394,1
347,581,1
347,393,1
347,392,1
347,391,1
347,668,1
347,431,1
347,380,2
347,378,1
346,499,1
346,361,1
346,498,1
346,383,1
346,312,2
346,404,1
346,380,1
346,494,8
346,493,5
346,377,2
346,400,1
346,492,7
346,675,1
346,396,1
346,486,3
346,392,1
345,379,3
345,474,6
345,378,2
345,371,1
345,466,1
345,370,2
345,369,3
345,363,2
345,362,2
345,361,5
345,360,1
345,357,4
345,354,4
345,353,1
345,352,3
345,346,1
345,345,1
345,344,2
345,529,1
345,336,1
345,406,1
345,405,1
345,404,4
345,403,1
345,402,4
345,401,5
345,400,1
345,495,1
345,494,3
345,493,3
345,396,1
345,395,1
345,488,3
345,388,2
345,387,2
345,386,2
345,385,2
345,384,1
345,478,5
345,381,2
344,297,1
344,388,1
344,387,1
344,479,1
344,409,4
344,294,1
344,477,1
344,316,1
344,362,1
344,475,5
344,474,2
344,405,2
344,311,2
344,310,1
344,401,3
344,400,4
344,299,2
343,480,2
343,293,2
343,407,3
343,475,1
343,405,1
343,404,1
343,310,1
343,448,1
343,308,1
343,400,2
342,669,2
342,449,1
342,405,4
342,379,2
342,400,1
342,387,1
342,375,1
342,264,1
341,384,1
341,405,1
341,449,1
341,493,1
341,422,1
341,410,2
341,332,1
340,493,1
340,383,1
340,392,1
340,380,1
340,488,4
340,487,1
340,300,1
340,309,1
339,388,3
339,428,1
339,381,1
339,380,1
339,490,1
339,489,1
339,488,7
339,327,1
339,370,1
338,374,1
338,371,2
338,370,5
338,369,2
338,414,1
338,413,1
338,410,1
338,362,1
338,409,4
338,361,2
338,310,1
338,497,1
338,353,1
338,303,1
338,491,3
338,302,1
338,349,2
338,489,1
338,488,1
338,346,1
338,487,4
338,485,1
338,344,1
338,342,1
338,388,6
338,387,6
338,384,1
338,383,3
338,382,2
338,381,2
338,379,2
337,371,1
337,370,1
337,369,1
337,410,1
337,362,1
337,409,6
337,408,1
337,309,1
337,308,3
337,307,4
337,306,4
337,400,1
337,303,3
337,491,1
337,302,9
337,347,1
337,346,4
337,344,2
337,387,6
337,335,1
337,475,1
337,379,2
336,361,1
336,414,1
336,413,1
336,409,2
335,414,5
335,479,2
335,475,2
334,409,1
334,453,16
334,474,1
334,495,1
334,492,2
334,491,1
334,416,1
334,415,1
334,414,4
333,485,5
333,484,1
332,344,1
332,502,1
332,455,1
332,475,1
332,405,1
332,474,2
332,402,2
332,307,1
332,306,2
332,279,1
332,348,1
332,346,1
332,345,4
331,328,2
331,371,1
331,417,1
331,370,1
331,369,2
331,413,7
331,504,1
331,409,2
331,406,1
331,405,2
331,357,1
331,495,3
331,306,1
331,353,1
331,494,4
331,493,2
331,351,1
331,257,1
331,492,1
331,350,1
331,346,4
331,345,2
331,388,2
331,387,1
331,477,1
331,475,7
331,474,1
330,370,1
330,369,1
330,361,2
330,360,1
330,455,5
330,359,1
330,354,4
330,258,1
330,350,3
330,348,2
330,347,1
330,346,6
330,345,4
330,344,3
330,343,2
330,341,1
330,337,1
330,424,1
330,322,2
330,415,1
330,414,4
330,413,2
330,318,2
330,410,1
330,409,4
330,504,8
330,407,1
330,502,1
330,406,2
330,500,1
330,310,2
330,405,9
330,499,1
330,498,2
330,497,1
330,307,2
330,496,2
330,495,2
330,494,6
330,493,9
330,492,2
330,486,1
330,389,1
330,388,3
330,483,8
330,387,1
330,386,1
330,385,2
330,383,1
330,475,1
330,380,1
329,344,1
329,413,1
329,388,1
329,725,1
329,495,1
329,493,1
329,307,5
329,259,1
329,305,4
329,258,1
329,486,1
329,345,4
328,455,2
328,454,1
328,474,1
328,473,1
328,308,2
328,307,2
328,306,4
328,304,1
328,350,5
328,483,2
327,418,1
327,417,2
327,414,1
327,413,3
327,459,1
327,457,1
327,358,1
327,405,2
327,404,1
327,307,4
327,306,1
327,305,3
327,396,1
327,348,2
327,441,1
327,290,1
327,430,2
327,474,1
326,413,1
326,344,1
326,458,1
326,409,1
326,385,1
326,338,1
326,430,4
326,429,1
326,474,9
326,405,4
326,473,1
326,450,1
326,288,2
326,379,1
326,307,1
326,414,2
325,405,5
325,305,1
325,400,1
325,474,14
325,451,2
324,344,1
324,413,6
324,343,1
324,387,2
324,386,1
324,546,1
324,475,11
324,474,1
324,382,2
324,405,2
324,335,1
324,742,1
324,372,2
324,347,1
323,327,1
323,372,2
323,371,1
323,370,1
323,369,1
323,415,2
323,414,6
323,413,11
323,362,2
323,361,3
323,405,2
323,353,1
323,488,12
323,487,3
323,392,2
323,344,1
323,390,3
323,483,1
323,389,4
323,388,2
323,387,1
323,386,1
323,385,1
323,478,1
323,383,2
323,335,2
323,382,2
323,380,3
323,474,1
323,473,1
323,379,2
323,378,1
323,424,1
322,390,1
322,413,2
322,389,3
322,388,1
322,457,3
322,387,1
322,405,5
322,427,1
322,450,1
322,401,1
322,396,1
322,487,2
322,391,1
321,390,1
321,344,1
321,482,7
321,388,1
321,664,1
321,405,1
321,351,1
321,327,1
321,347,2
321,392,1
321,391,1
320,483,1
320,405,10
320,435,2
320,402,1
320,390,1
320,379,1
320,353,1
320,396,6
319,406,2
319,413,1
319,422,6
319,410,1
319,267,1
319,388,2
319,474,2
319,396,5
318,344,1
318,413,1
318,475,2
318,474,1
318,290,1
318,405,3
318,401,1
318,493,1
318,400,2
318,444,1
318,438,1
317,370,1
317,417,1
317,414,1
317,409,2
317,267,1
317,595,1
317,405,5
317,403,7
317,497,1
317,400,6
317,444,2
317,396,2
317,443,1
317,395,1
317,440,1
317,439,1
317,430,1
317,476,1
317,475,1
317,380,1
317,425,1
317,423,1
316,474,1
316,378,1
316,372,3
316,371,1
316,370,2
316,369,1
316,368,1
316,267,2
316,362,1
316,447,1
316,445,1
316,444,8
316,348,1
316,443,4
316,440,4
316,439,12
316,432,2
316,336,1
316,431,8
316,335,1
316,430,11
316,429,2
316,425,4
316,424,24
316,423,17
316,422,6
316,421,1
316,419,15
316,418,10
316,417,9
316,416,5
316,415,7
316,414,17
316,412,1
316,410,1
316,409,1
316,408,4
316,407,8
316,406,2
316,405,6
316,404,6
316,403,1
316,402,4
316,401,10
316,305,3
316,400,13
316,304,1
316,399,3
316,398,1
316,302,1
316,492,1
316,397,4
316,301,1
316,396,5
316,395,4
316,394,2
316,393,1
316,391,6
316,390,2
316,389,6
316,483,1
316,388,1
316,387,1
316,482,4
316,481,4
316,386,1
316,385,1
316,384,1
316,383,3
316,380,1
316,475,1
315,422,10
315,421,1
315,420,1
315,419,6
315,418,5
315,370,3
315,417,9
315,416,8
315,415,1
315,414,10
315,319,1
315,413,6
315,412,1
315,595,1
315,405,6
315,401,1
315,400,3
315,258,2
315,304,1
315,491,2
315,396,1
315,395,1
315,301,1
315,394,1
315,300,3
315,440,2
315,392,1
315,484,1
315,292,1
315,386,1
315,431,1
315,474,7
315,424,1
315,423,6
314,422,1
314,421,2
314,420,3
314,419,1
314,418,3
314,417,4
314,416,1
314,414,1
314,413,4
314,406,1
314,405,3
314,404,1
314,401,1
314,400,11
314,258,1
314,444,1
314,396,7
314,440,3
314,438,1
314,431,1
314,475,2
314,474,5
314,473,1
314,471,1
313,414,2
313,413,2
313,409,1
313,360,1
313,453,1
313,405,5
313,400,2
313,399,1
313,444,1
313,395,1
313,439,1
313,435,1
313,387,3
313,431,1
313,474,7
313,473,6
313,472,1
313,471,1
312,422,1
312,469,1
312,465,1
312,462,8
312,414,2
312,360,1
312,405,1
312,400,3
312,396,6
312,440,2
312,439,10
312,484,1
312,483,3
312,435,1
312,387,1
312,527,2
312,479,1
312,431,2
312,478,8
312,477,8
312,476,15
312,428,1
312,475,4
312,474,5
312,473,25
312,472,72
312,471,6
311,409,1
311,478,9
311,477,7
311,476,8
311,475,5
311,474,26
311,473,9
311,400,4
311,353,1
311,422,1
311,445,2
311,352,1
311,396,7
311,258,2
311,395,2
310,342,1
310,387,1
310,478,2
310,431,1
310,477,1
310,430,1
310,476,11
310,475,8
310,474,21
310,473,25
310,472,4
310,402,3
310,400,1
310,396,4
310,395,3
310,256,1
310,414,1
309,379,1
309,474,4
309,473,26
309,472,7
309,471,7
309,373,2
309,181,2
309,179,1
309,361,1
309,455,2
309,259,2
309,449,4
309,354,1
309,258,1
309,353,2
309,352,1
309,446,1
309,444,2
309,443,10
309,442,9
309,440,4
309,344,1
309,439,6
309,437,16
309,436,13
309,435,7
309,434,2
309,432,1
309,431,5
309,335,1
309,430,7
309,429,3
309,428,1
309,427,8
309,426,4
309,425,4
309,424,1
309,329,1
309,423,6
309,422,6
309,421,4
309,420,2
309,419,2
309,418,1
309,414,3
309,410,1
309,406,2
309,405,2
309,397,4
309,396,4
309,395,9
309,488,1
309,391,3
309,484,3
309,388,1
309,483,1
309,387,3
309,386,1
309,480,1
309,479,5
309,384,1
309,478,1
309,477,1
309,476,2
309,380,1
309,475,4
308,474,26
308,473,5
308,472,11
308,376,1
308,471,2
308,470,4
308,375,1
308,275,1
308,273,1
308,268,3
308,267,1
308,361,1
308,260,1
308,354,1
308,449,3
308,448,3
308,258,4
308,257,1
308,447,4
308,350,2
308,444,2
308,443,3
308,440,2
308,436,1
308,431,1
308,335,1
308,427,1
308,425,1
308,424,1
308,329,2
308,328,1
308,422,4
308,326,1
308,421,5
308,418,2
308,417,1
308,415,1
308,319,1
308,414,3
308,410,1
308,408,2
308,407,5
308,405,3
308,403,1
308,402,1
308,400,3
308,398,2
308,491,1
308,396,3
308,395,2
308,392,1
308,297,1
308,487,2
308,485,1
308,390,1
308,484,1
308,294,4
308,293,1
308,483,1
308,292,1
308,387,1
308,481,1
308,291,2
308,290,1
308,480,2
308,289,1
308,479,2
308,478,7
308,477,1
308,476,14
308,475,20
307,375,2
307,373,1
307,276,1
307,273,1
307,602,1
307,460,1
307,413,1
307,271,3
307,402,1
307,401,6
307,400,3
307,399,1
307,398,6
307,626,1
307,247,3
307,294,1
307,482,1
307,387,1
307,292,1
307,478,1
307,477,1
307,476,6
307,475,12
307,380,1
307,474,18
307,473,1
307,472,5
306,459,1
306,413,1
306,478,1
306,477,1
306,475,1
306,474,6
306,405,3
306,473,3
306,472,1
306,263,2
306,470,1
306,400,3
306,422,1
306,537,1
306,441,1
306,602,1
306,324,1
305,422,7
305,414,1
305,413,3
305,411,1
305,410,1
305,457,3
305,408,1
305,405,1
305,404,1
305,400,2
305,399,2
305,397,1
305,255,1
305,396,14
305,395,2
305,439,2
305,483,3
305,435,1
305,387,1
305,478,1
305,477,2
305,475,2
305,474,4
305,473,1
304,468,1
304,370,1
304,413,1
304,403,1
304,401,1
304,400,1
304,258,1
304,399,1
304,256,2
304,254,1
304,395,2
304,483,9
304,482,3
304,480,1
304,478,1
304,431,3
304,474,4
304,379,1
303,413,4
303,477,1
303,475,2
303,474,6
303,473,1
303,470,2
303,400,5
303,469,1
303,422,1
303,399,2
303,444,1
303,398,1
303,393,1
303,255,7
303,414,2
302,422,1
302,469,1
302,233,1
302,414,2
302,458,1
302,362,1
302,267,2
302,595,1
302,405,1
302,310,1
302,401,2
302,400,2
302,398,1
302,444,1
302,439,1
302,344,1
302,483,8
302,431,2
302,430,1
302,336,1
302,476,2
302,428,1
302,474,6
302,470,2
301,381,2
301,378,1
301,374,1
301,372,1
301,361,1
301,353,1
301,337,1
301,335,1
301,327,2
301,326,1
301,324,1
301,323,1
301,310,1
301,308,1
301,483,4
301,482,8
301,475,3
301,474,5
301,473,2
301,472,1
301,471,2
301,470,2
301,469,1
301,467,1
301,466,3
301,462,1
301,458,1
301,457,2
301,456,3
301,453,1
301,452,2
301,451,1
301,449,1
301,448,2
301,447,1
301,446,6
301,445,10
301,444,8
301,443,1
301,442,1
301,441,8
301,440,9
301,439,5
301,438,9
301,437,4
301,628,1
301,436,2
301,435,2
301,434,1
301,433,1
301,432,3
301,431,7
301,430,3
301,429,2
301,428,1
301,427,1
301,426,2
301,422,3
301,421,4
301,416,1
301,415,1
301,414,3
301,413,1
301,403,1
301,401,4
301,400,4
301,399,5
301,398,2
301,397,7
301,396,3
301,392,5
301,391,4
301,383,1
301,382,2
300,328,1
300,468,1
300,467,1
300,414,1
300,413,1
300,412,1
300,405,3
300,310,4
300,401,1
300,588,1
300,400,5
300,258,1
300,446,1
300,444,3
300,392,1
300,439,1
300,292,1
300,431,1
300,474,18
300,471,1
299,374,1
299,327,1
299,373,1
299,325,1
299,370,1
299,413,2
299,267,1
299,405,4
299,452,1
299,404,2
299,403,1
299,400,2
299,444,2
299,483,1
299,433,1
299,431,1
299,241,1
299,381,1
299,474,8
299,566,1
299,0,1
298,413,1
298,478,1
298,409,2
298,546,1
298,431,2
298,475,2
298,474,5
298,405,12
298,241,2
298,400,2
298,582,1
298,444,4
297,413,1
297,319,1
297,503,1
297,318,1
297,409,1
297,405,4
297,474,7
297,404,1
297,241,1
297,378,1
297,401,4
297,422,1
297,443,1
297,327,1
297,326,1
297,370,1
297,393,2
296,413,1
296,321,2
296,481,1
296,474,4
296,405,5
296,403,1
296,402,1
296,241,1
296,631,1
296,401,1
296,400,3
296,259,1
296,414,1
295,422,2
295,327,3
295,268,2
295,267,4
295,596,4
295,595,3
295,401,3
295,353,1
295,586,1
295,489,1
295,300,2
295,439,1
295,483,2
295,482,2
295,292,1
295,339,1
295,478,2
295,241,1
295,474,3
295,473,1
295,378,1
294,362,1
294,361,1
294,355,1
294,354,2
294,353,1
294,352,2
294,343,1
294,334,1
294,327,2
294,318,1
294,316,1
294,315,1
294,310,1
294,304,1
294,301,2
294,300,3
294,491,1
294,489,2
294,297,2
294,487,1
294,485,1
294,484,4
294,292,2
294,483,3
294,482,2
294,481,2
294,480,1
294,479,3
294,478,8
294,477,4
294,476,3
294,474,1
294,473,6
294,471,1
294,466,1
294,268,3
294,267,6
294,452,1
294,260,1
294,451,4
294,450,2
294,259,2
294,449,1
294,448,2
294,444,2
294,443,2
294,442,1
294,441,3
294,440,1
294,435,1
294,432,1
294,241,1
294,431,2
294,430,1
294,428,1
294,426,1
294,425,1
294,423,1
294,422,2
294,421,1
294,417,2
294,416,1
294,415,1
294,414,3
294,413,2
294,412,2
294,411,1
294,409,1
294,408,1
294,407,1
294,406,2
294,405,2
294,596,1
294,404,7
294,403,1
294,402,2
294,401,7
294,399,1
294,398,4
294,397,5
294,396,16
294,392,1
294,389,3
293,474,4
293,473,2
293,468,1
293,277,1
293,267,4
293,266,4
293,265,2
293,264,3
293,262,1
293,258,6
293,351,1
293,444,2
293,253,1
293,252,1
293,251,1
293,441,1
293,243,1
293,242,1
293,241,3
293,431,1
293,318,1
293,410,1
293,409,1
293,401,1
293,400,3
293,302,3
293,301,5
293,300,2
293,299,4
293,298,1
293,297,7
293,198,1
293,388,1
293,483,3
293,476,1
293,380,1
292,694,1
292,269,1
292,268,3
292,267,1
292,266,1
292,265,1
292,406,1
292,264,1
292,261,1
292,402,1
292,258,8
292,587,1
292,257,2
292,351,1
292,445,1
292,344,1
292,334,1
292,474,2
292,379,1
291,422,1
291,45,1
291,463,2
291,414,3
291,269,1
291,268,1
291,267,2
291,266,1
291,405,3
291,404,6
291,403,4
291,449,1
291,401,1
291,259,1
291,353,2
291,400,9
291,258,3
291,399,1
291,398,1
291,397,1
291,444,1
291,396,1
291,391,4
291,241,1
291,240,1
290,697,1
290,414,2
290,413,1
290,411,1
290,691,2
290,409,1
290,267,1
290,407,1
290,405,1
290,404,7
290,403,13
290,402,7
290,401,5
290,353,1
290,400,3
290,398,4
290,444,1
290,396,1
290,301,1
290,159,2
290,392,5
290,483,2
290,293,1
290,480,1
290,292,1
290,241,3
290,240,1
290,239,1
290,286,1
290,285,1
290,424,1
289,452,1
289,474,1
289,404,3
289,403,5
289,379,1
289,402,1
289,401,9
289,400,12
289,399,1
289,398,2
289,443,12
289,259,1
289,418,2
289,555,1
289,394,2
289,301,2
289,393,1
288,461,3
288,460,1
288,413,1
288,267,4
288,403,1
288,401,5
288,400,3
288,494,2
288,399,1
288,445,1
288,398,1
288,397,1
288,444,2
288,396,1
288,443,2
288,395,2
288,394,1
288,392,1
288,483,1
288,430,1
288,240,1
288,474,5
288,613,1
287,381,1
287,380,2
287,571,2
287,570,1
287,379,1
287,569,3
287,375,1
287,563,1
287,371,1
287,555,2
287,554,1
287,551,1
287,359,1
287,354,1
287,543,3
287,542,1
287,536,2
287,535,2
287,530,1
287,529,1
287,527,1
287,526,1
287,523,1
287,518,2
287,517,3
287,688,1
287,479,1
287,474,4
287,275,1
287,462,1
287,267,5
287,266,1
287,262,1
287,450,2
287,258,2
287,448,1
287,447,1
287,442,1
287,441,1
287,440,1
287,438,1
287,437,1
287,436,1
287,241,3
287,432,1
287,240,2
287,428,1
287,425,1
287,422,2
287,414,1
287,413,1
287,409,1
287,408,1
287,406,1
287,595,1
287,403,19
287,402,4
287,401,5
287,399,3
287,398,1
287,589,1
287,397,1
287,396,3
287,394,1
287,393,1
287,584,1
287,392,1
287,391,1
287,389,3
287,388,2
287,577,1
287,576,1
287,574,1
286,379,1
286,474,8
286,283,2
286,460,1
286,268,1
286,457,1
286,266,3
286,551,1
286,455,1
286,265,2
286,264,1
286,262,3
286,452,2
286,449,1
286,258,2
286,543,2
286,257,2
286,444,1
286,443,1
286,440,1
286,535,3
286,241,1
286,240,1
286,429,1
286,523,1
286,422,1
286,413,2
286,697,2
286,597,1
286,406,1
286,405,2
286,404,7
286,307,3
286,402,12
286,401,8
286,305,1
286,400,40
286,304,1
286,399,34
286,301,1
286,300,1
286,392,2
286,390,1
286,483,1
286,482,1
286,481,1
286,475,1
286,570,1
285,474,4
285,370,1
285,269,1
285,456,1
285,262,1
285,259,1
285,444,2
285,440,1
285,439,1
285,438,2
285,437,1
285,436,1
285,432,1
285,431,2
285,429,1
285,423,1
285,422,1
285,420,1
285,414,3
285,409,1
285,408,1
285,407,1
285,406,1
285,595,1
285,404,1
285,402,7
285,401,23
285,400,58
285,399,2
285,398,3
285,397,2
285,392,1
285,391,2
285,390,2
285,389,1
285,388,2
285,481,1
285,475,1
284,422,2
284,278,1
284,463,1
284,461,1
284,457,1
284,455,1
284,267,3
284,454,1
284,595,1
284,403,5
284,450,2
284,402,5
284,449,1
284,354,1
284,448,2
284,259,2
284,400,2
284,445,1
284,536,1
284,394,1
284,393,3
284,391,1
284,292,1
284,573,1
284,476,1
284,474,2
284,285,1
283,459,1
283,458,1
283,267,3
283,263,2
283,404,4
283,451,1
283,450,1
283,402,1
283,401,1
283,400,1
283,399,3
283,397,1
283,439,1
283,16,1
283,480,1
283,479,1
283,474,3
283,517,1
282,459,6
282,159,2
282,594,1
282,474,2
282,404,1
282,473,3
282,402,1
282,471,1
282,400,2
282,262,2
282,399,1
281,482,1
281,159,3
281,432,1
281,477,2
281,224,1
281,569,3
281,474,4
281,472,3
281,402,1
281,401,1
281,424,8
281,262,1
281,400,1
281,581,1
281,465,1
281,396,1
280,560,1
280,465,1
280,224,2
280,267,2
280,361,1
280,405,2
280,544,1
280,543,3
280,542,2
280,586,1
280,350,1
280,158,1
280,438,1
280,579,1
280,578,2
280,389,1
280,436,1
280,482,1
280,246,2
280,432,2
280,430,2
280,428,8
280,522,1
280,472,1
279,474,2
279,472,1
279,467,9
279,177,1
279,460,1
279,266,1
279,543,1
279,440,1
279,439,3
279,438,8
279,437,1
279,530,3
279,434,8
279,433,1
279,432,3
279,431,3
279,526,1
279,430,1
279,524,2
279,425,1
279,424,1
279,518,1
279,517,2
279,516,1
279,419,2
279,506,1
279,505,3
279,409,1
279,504,2
279,503,1
279,408,1
279,595,2
279,402,2
279,400,1
279,391,1
279,294,1
279,388,2
279,578,5
279,286,1
279,475,1
278,515,5
278,420,1
278,413,1
278,504,3
278,503,4
278,502,2
278,501,3
278,258,1
278,159,1
278,158,1
278,440,5
278,486,1
278,439,2
278,485,23
278,484,1
278,437,2
278,434,4
278,574,1
278,432,1
278,526,1
278,475,5
278,474,1
278,285,2
278,284,2
278,518,1
277,469,1
277,516,1
277,468,1
277,416,5
277,463,1
277,460,1
277,413,1
277,364,1
277,505,1
277,409,1
277,159,1
277,158,1
277,486,2
277,485,1
277,484,2
277,483,1
277,621,1
277,477,1
277,142,1
277,470,1
276,468,1
276,515,6
276,467,2
276,466,1
276,465,1
276,464,1
276,502,2
276,501,2
276,265,11
276,500,5
276,498,1
276,400,1
276,399,1
276,492,1
276,396,1
276,488,1
276,487,9
276,485,3
276,483,5
276,387,1
276,242,1
276,476,1
276,517,1
275,459,1
275,456,1
275,455,1
275,408,1
275,473,1
275,494,1
275,491,1
275,375,1
275,467,4
275,490,1
275,466,2
275,258,1
275,488,1
275,487,2
275,485,1
275,483,1
274,317,1
274,449,1
274,517,1
274,447,3
274,470,3
274,401,1
274,423,2
274,468,3
274,491,1
274,467,56
274,259,1
274,420,1
274,463,1
274,484,1
274,483,1
273,469,5
273,468,4
273,467,27
273,466,4
273,324,1
273,509,1
273,552,1
273,317,1
273,550,1
273,500,1
273,449,1
273,543,1
273,542,1
273,401,1
273,448,1
273,447,1
273,489,1
273,535,1
273,438,1
273,485,1
273,577,1
273,483,2
273,569,2
273,475,8
273,474,1
273,472,1
273,471,1
273,517,1
273,470,2
272,474,9
272,471,1
272,470,5
272,564,1
272,469,7
272,468,1
272,467,14
272,466,9
272,465,8
272,464,1
272,463,4
272,462,7
272,461,9
272,460,3
272,458,2
272,457,8
272,552,1
272,456,2
272,551,1
272,455,1
272,454,1
272,452,2
272,544,1
272,448,1
272,447,1
272,446,1
272,540,1
272,443,1
272,538,2
272,535,1
272,534,1
272,529,1
272,526,2
272,525,1
272,521,2
272,518,1
272,513,1
272,512,3
272,509,1
272,505,1
272,504,2
272,500,1
272,499,3
272,496,1
272,495,1
272,494,2
272,493,1
272,302,3
272,301,2
272,396,1
272,491,6
272,586,1
272,490,1
272,489,1
272,487,1
272,486,1
272,485,3
272,483,3
272,292,1
272,482,4
272,291,1
272,480,3
272,479,5
272,477,1
272,475,18
271,468,1
271,467,2
271,466,1
271,652,1
271,463,2
271,638,1
271,449,1
271,543,1
271,401,1
271,440,1
271,527,2
271,479,1
271,526,1
271,478,1
271,476,1
271,523,2
271,522,1
271,662,1
271,520,1
271,473,1
271,471,1
271,518,1
271,517,3
270,457,1
270,664,1
270,523,2
270,476,1
270,545,1
270,521,1
270,520,1
270,450,1
270,517,1
270,470,1
270,377,1
270,469,2
270,467,5
270,439,1
270,669,1
270,483,1
269,664,1
269,474,7
269,662,1
269,661,1
269,565,1
269,660,1
269,659,1
269,468,1
269,658,1
269,563,2
269,562,2
269,656,1
269,655,3
269,654,1
269,651,1
269,556,1
269,650,1
269,555,1
269,554,2
269,553,1
269,646,1
269,645,1
269,546,2
269,542,1
269,540,2
269,635,1
269,538,1
269,537,1
269,535,1
269,439,1
269,534,4
269,533,1
269,433,3
269,622,2
269,526,2
269,522,6
269,521,6
269,520,6
269,519,9
269,518,1
269,517,4
269,516,3
269,515,1
269,511,2
269,604,1
269,603,1
269,602,2
269,600,2
269,503,1
269,501,3
269,596,1
269,500,2
269,595,2
269,590,2
269,588,1
269,587,1
269,490,1
269,487,1
269,485,1
269,481,1
269,479,4
269,574,4
269,478,3
269,477,3
269,476,1
269,571,1
269,475,1
268,474,7
268,569,1
268,473,2
268,662,1
268,471,1
268,660,1
268,469,2
268,659,1
268,563,1
268,467,2
268,554,1
268,457,1
268,450,2
268,448,1
268,638,1
268,445,1
268,537,2
268,437,1
268,433,2
268,526,2
268,523,1
268,522,1
268,520,3
268,517,1
268,515,1
268,511,1
268,508,2
268,507,1
268,598,1
268,503,1
268,502,1
268,501,3
268,500,1
268,595,1
268,499,13
268,498,2
268,588,1
268,491,1
268,487,1
268,486,2
268,483,2
268,482,2
268,481,2
268,478,1
268,477,2
268,475,1
267,594,1
267,663,1
267,662,1
267,500,1
267,430,1
267,452,2
267,451,2
267,495,1
267,517,1
267,490,1
267,488,1
267,395,1
267,509,2
267,439,1
267,300,1
267,483,1
266,436,1
266,595,3
266,480,1
266,502,1
266,452,1
266,498,1
266,635,1
266,543,1
266,474,2
266,448,1
266,511,2
266,487,1
266,509,2
266,508,1
266,507,1
265,474,4
265,569,1
265,565,1
265,468,6
265,465,1
265,560,2
265,464,5
265,463,2
265,462,7
265,461,4
265,460,3
265,459,3
265,458,3
265,457,1
265,550,1
265,455,1
265,543,1
265,448,4
265,542,1
265,440,1
265,439,1
265,436,1
265,530,2
265,622,1
265,430,1
265,525,1
265,521,1
265,520,1
265,415,2
265,510,1
265,414,1
265,503,1
265,596,1
265,501,2
265,500,2
265,499,1
265,401,1
265,496,1
265,493,2
265,397,1
265,491,1
265,490,1
265,391,1
265,486,1
265,484,1
265,483,1
265,482,13
265,672,1
265,481,1
265,479,5
265,478,1
265,476,4
265,475,5
264,468,1
264,465,1
264,511,1
264,460,1
264,410,1
264,551,2
264,456,1
264,500,2
264,543,1
264,448,4
264,495,1
264,447,1
264,446,1
264,396,1
264,440,1
264,483,5
264,387,1
264,433,1
264,664,1
264,475,1
264,474,2
264,426,2
264,425,1
264,517,1
263,435,1
263,434,1
263,456,2
263,452,1
263,198,1
263,451,1
263,518,1
263,448,1
263,539,1
263,447,1
263,446,1
263,443,1
262,439,1
262,459,1
262,235,1
262,465,1
262,673,1
262,452,1
262,474,2
262,573,2
261,459,1
261,595,1
261,755,5
261,543,2
261,422,1
261,467,1
261,211,1
261,509,1
261,439,1
261,438,1
261,621,1
261,437,1
260,427,1
260,438,1
260,491,1
260,489,1
260,500,1
260,400,1
260,543,1
260,463,1
259,595,3
259,593,1
259,569,1
259,638,2
259,543,1
259,586,1
259,517,4
259,401,2
259,516,4
259,561,1
259,400,1
259,560,1
259,421,1
259,467,1
259,559,1
259,483,1
258,570,1
258,569,1
258,561,3
258,560,1
258,544,2
258,542,3
258,533,1
258,530,1
258,529,1
258,526,1
258,525,2
258,524,1
258,523,1
258,517,3
258,516,2
258,515,1
258,513,2
258,512,1
258,511,2
258,510,2
258,507,2
258,506,3
258,503,2
258,502,4
258,501,2
258,500,6
258,499,10
258,498,1
258,495,1
258,493,2
258,491,1
258,489,1
258,487,1
258,484,5
258,483,23
258,482,5
258,481,7
258,480,3
258,477,1
258,476,1
258,475,1
258,474,1
258,472,1
258,469,3
258,468,9
258,467,3
258,466,1
258,463,1
258,462,1
258,461,1
258,459,1
258,456,2
258,449,2
258,448,2
258,637,1
258,621,2
258,620,1
258,414,2
258,597,1
258,596,1
258,595,2
258,593,4
258,401,2
258,592,1
258,591,1
258,590,1
258,589,1
258,588,1
258,587,2
258,580,1
258,578,2
258,576,1
257,474,3
257,473,2
257,375,1
257,468,1
257,467,5
257,466,6
257,561,1
257,465,2
257,560,1
257,457,1
257,456,4
257,544,4
257,353,1
257,543,2
257,447,2
257,542,1
257,441,1
257,533,1
257,526,1
257,425,1
257,517,1
257,511,1
257,413,1
257,508,2
257,506,3
257,505,1
257,598,2
257,595,1
257,593,1
257,403,1
257,402,1
257,401,4
257,400,1
257,590,1
257,588,1
257,492,1
257,491,2
257,395,2
257,389,1
257,484,2
257,483,5
257,578,4
257,482,2
256,515,1
256,467,1
256,370,3
256,511,2
256,369,1
256,510,2
256,509,3
256,507,5
256,506,3
256,505,1
256,457,1
256,596,1
256,455,1
256,595,1
256,500,1
256,592,1
256,542,2
256,588,1
256,578,1
256,431,4
256,569,3
256,519,1
256,142,1
256,470,3
256,517,4
255,505,1
255,596,1
255,665,2
255,595,1
255,499,1
255,521,1
255,543,2
255,519,1
255,518,1
255,630,1
255,469,1
255,510,3
255,509,5
255,600,1
254,505,1
254,594,1
254,387,2
254,455,18
254,593,4
254,638,1
254,592,1
254,591,2
254,636,1
254,588,1
254,401,2
254,560,4
254,672,2
254,534,1
254,532,1
254,598,1
253,516,1
253,515,1
253,560,4
253,371,1
253,559,1
253,509,1
253,508,4
253,551,1
253,457,1
253,455,16
253,595,2
253,594,1
253,500,3
253,499,1
253,638,1
253,590,1
253,637,1
253,401,1
253,589,1
253,536,9
253,535,2
253,534,6
253,531,1
253,483,2
253,247,1
253,431,1
253,569,2
253,475,1
253,568,1
253,474,5
253,567,1
253,565,1
253,517,1
252,656,1
252,420,2
252,560,6
252,559,1
252,508,1
252,597,1
252,500,1
252,544,1
252,638,2
252,637,5
252,400,1
252,635,1
252,587,1
252,586,1
252,585,1
252,584,1
252,534,7
252,576,1
252,528,1
252,575,1
252,573,1
252,476,1
252,569,1
252,475,1
252,568,1
252,379,1
252,567,1
252,566,1
252,517,4
251,474,2
251,473,3
251,568,1
251,472,1
251,567,2
251,469,1
251,563,1
251,562,1
251,467,2
251,466,1
251,561,2
251,655,1
251,560,9
251,559,9
251,556,1
251,555,1
251,554,1
251,457,2
251,456,1
251,551,1
251,455,2
251,454,1
251,546,2
251,545,3
251,354,1
251,449,5
251,544,2
251,543,3
251,352,2
251,542,1
251,637,5
251,541,1
251,636,3
251,159,1
251,536,2
251,535,2
251,534,2
251,533,1
251,532,2
251,526,1
251,525,1
251,620,4
251,619,1
251,618,1
251,522,1
251,617,1
251,519,1
251,517,3
251,516,1
251,420,1
251,515,2
251,513,1
251,507,2
251,692,1
251,500,2
251,595,2
251,499,4
251,498,2
251,593,2
251,592,2
251,591,1
251,492,1
251,491,4
251,577,1
251,387,1
251,482,2
251,576,3
251,386,2
251,575,1
251,574,1
251,475,2
250,380,1
250,567,1
250,561,3
250,559,5
250,558,1
250,557,1
250,546,1
250,354,6
250,544,1
250,352,5
250,543,3
250,351,2
250,350,1
250,541,5
250,348,1
250,535,1
250,534,1
250,533,1
250,532,3
250,531,4
250,528,1
250,521,2
250,517,2
250,516,2
250,508,3
250,507,4
250,499,6
250,498,2
250,492,3
250,490,2
250,486,1
250,485,1
250,484,3
250,483,9
250,478,1
250,477,1
250,476,3
250,474,2
250,473,6
250,472,4
250,471,1
250,469,7
250,468,4
250,467,3
250,465,4
250,462,2
250,461,2
250,459,1
250,458,2
250,457,3
250,456,2
250,455,4
250,454,2
250,453,1
250,452,1
250,447,2
250,636,1
250,628,1
250,627,1
250,435,1
250,432,4
250,621,1
250,620,1
250,619,2
250,618,1
250,426,1
250,424,1
250,423,5
250,422,4
250,421,6
250,420,2
250,419,4
250,418,1
250,414,3
250,413,1
250,598,1
250,405,1
250,403,1
250,402,1
250,593,4
250,401,2
250,592,1
250,400,2
250,396,1
250,388,1
250,387,1
250,386,1
250,576,3
249,422,1
249,515,2
249,419,1
249,370,1
249,368,1
249,508,3
249,456,1
249,594,4
249,452,1
249,498,2
249,451,1
249,354,1
249,542,3
249,533,1
249,576,1
249,575,1
249,151,1
249,423,1
249,517,1
248,534,1
248,402,1
248,478,3
248,533,1
248,542,2
248,451,2
247,150,2
247,478,1
247,456,1
247,497,1
247,463,1
246,367,1
246,525,1
246,543,1
246,542,2
246,450,1
246,148,2
246,145,2
246,465,1
246,142,1
245,593,1
245,472,1
245,559,3
245,469,1
245,699,1
245,466,1
245,542,3
244,469,1
244,562,3
244,560,1
244,700,1
244,465,2
244,559,5
244,508,6
244,507,2
244,543,1
244,542,1
244,585,1
244,535,1
244,627,1
244,577,1
244,576,1
244,482,1
244,620,1
244,525,4
244,571,1
244,523,1
244,569,3
244,568,2
244,473,3
244,472,1
243,379,1
243,474,4
243,473,6
243,568,1
243,472,3
243,466,2
243,464,1
243,558,1
243,555,1
243,456,3
243,542,3
243,541,2
243,538,2
243,534,1
243,619,1
243,613,1
243,517,3
243,516,1
243,511,1
243,508,2
243,507,3
243,602,1
243,501,1
243,500,1
243,499,2
243,498,2
243,497,1
243,400,2
243,492,1
243,396,1
243,394,1
243,391,1
243,483,1
243,482,18
243,481,7
243,570,1
242,482,2
242,711,1
242,481,4
242,499,6
242,498,1
242,543,1
242,473,2
242,542,1
242,702,1
242,472,1
242,517,1
242,470,1
242,492,1
242,353,3
242,467,1
242,714,1
242,483,1
241,701,1
241,522,1
241,543,1
241,542,2
241,541,1
241,562,1
241,716,2
241,507,2
240,516,1
240,703,2
240,471,1
240,405,1
240,535,2
240,542,1
240,222,1
240,704,1
239,710,1
239,456,1
239,455,1
239,406,1
239,473,1
239,542,4
239,516,1
239,515,1
239,394,1
239,508,1
239,507,1
238,504,1
238,572,1
238,525,1
238,455,2
238,454,1
238,543,1
238,519,1
238,542,4
238,588,1
238,541,1
238,461,1
237,516,3
237,610,3
237,559,2
237,464,1
237,508,5
237,507,1
237,455,1
237,454,1
237,499,1
237,214,3
237,542,2
237,535,5
237,534,2
237,533,2
237,481,1
237,527,1
237,338,1
237,522,2
236,560,1
236,465,6
236,559,4
236,464,1
236,463,4
236,509,1
236,462,2
236,508,3
236,461,2
236,459,5
236,458,6
236,457,1
236,456,2
236,455,4
236,454,2
236,500,1
236,499,3
236,450,1
236,449,6
236,542,1
236,448,2
236,535,1
236,482,1
236,481,5
236,527,1
236,526,2
236,525,2
236,524,1
236,474,2
236,521,1
236,473,6
236,519,1
236,472,3
236,611,1
235,465,3
235,559,5
235,509,1
235,508,3
235,507,1
235,459,2
235,458,1
235,457,3
235,456,3
235,455,3
235,454,1
235,499,1
235,451,1
235,449,2
235,543,2
235,447,2
235,446,10
235,445,1
235,395,1
235,577,1
235,482,2
235,481,5
235,526,1
235,525,1
234,458,1
234,456,1
234,455,1
234,453,1
234,499,1
234,522,1
234,452,1
234,449,1
234,560,1
234,559,1
233,458,2
233,594,2
233,456,2
233,455,2
233,454,1
233,176,1
233,543,3
233,542,1
233,516,1
233,490,1
233,441,1
232,505,1
232,458,1
232,456,1
232,454,2
232,452,1
232,497,1
232,519,1
232,446,1
232,626,2
232,530,1
232,460,1
231,455,3
231,454,2
231,453,1
231,452,2
231,542,1
231,516,3
231,462,1
231,508,3
231,507,2
230,551,1
230,569,1
230,499,9
230,452,1
230,221,1
230,517,2
230,515,1
230,560,1
230,559,1
230,510,1
230,440,3
230,508,3
230,507,1
229,474,4
229,568,1
229,465,7
229,560,1
229,559,4
229,558,4
229,557,1
229,461,1
229,456,4
229,551,2
229,453,1
229,545,4
229,542,6
229,541,1
229,534,1
229,533,6
229,528,1
229,527,2
229,526,1
229,525,2
229,524,2
229,519,1
229,517,1
229,516,1
229,515,1
229,514,3
229,510,3
229,509,4
229,508,9
229,507,2
229,506,1
229,500,1
229,499,10
229,594,1
229,498,1
229,483,9
229,482,1
229,481,1
228,516,3
228,514,5
228,560,1
228,559,4
228,464,2
228,463,1
228,462,1
228,461,1
228,508,1
228,507,1
228,457,1
228,551,1
228,456,3
228,500,1
228,453,2
228,499,1
228,546,1
228,498,1
228,449,2
228,448,1
228,446,1
228,492,1
228,535,2
228,488,1
228,534,3
228,533,1
228,482,4
228,481,8
228,476,1
228,523,1
228,568,2
228,519,3
228,517,2
227,413,2
227,482,1
227,481,3
227,542,4
227,587,1
227,517,3
227,448,7
227,447,5
227,446,3
227,464,3
227,460,1
226,447,5
226,542,4
226,541,3
226,540,1
225,593,1
225,516,1
225,85,1
225,567,1
225,499,1
225,508,2
225,517,1
224,594,2
224,525,1
224,593,3
224,500,7
224,592,3
224,567,1
224,448,2
224,447,1
224,446,1
224,508,1
223,516,2
223,559,1
223,435,1
223,577,2
223,543,1
223,508,1
223,452,1
223,594,1
222,516,3
222,559,2
222,558,1
222,508,2
222,507,2
222,456,2
222,455,2
222,453,4
222,500,1
222,452,1
222,499,8
222,593,2
222,592,2
222,450,1
222,449,1
222,542,4
222,448,7
222,447,3
222,446,4
222,444,1
222,443,3
222,442,3
222,489,1
222,582,2
222,535,3
222,482,3
222,575,1
222,481,5
222,574,1
222,527,1
222,526,4
222,525,1
222,475,1
222,473,3
222,472,2
221,474,3
221,473,5
221,472,6
221,465,4
221,559,1
221,457,1
221,455,3
221,454,3
221,453,2
221,452,7
221,450,2
221,449,4
221,448,9
221,543,2
221,447,8
221,446,6
221,445,2
221,443,2
221,441,4
221,535,1
221,534,2
221,533,1
221,517,1
221,516,2
221,514,1
221,508,7
221,500,14
221,499,1
221,594,1
221,593,2
221,495,1
221,492,11
221,491,4
221,489,2
221,488,6
221,486,1
221,580,1
221,484,1
221,483,7
221,481,2
220,516,2
220,466,1
220,465,1
220,508,1
220,455,21
220,454,2
220,453,6
220,499,1
220,593,1
220,452,1
220,450,2
220,449,2
220,448,1
220,446,1
220,582,2
220,436,3
220,435,3
220,474,2
220,521,11
220,473,2
220,517,1
219,516,1
219,435,1
219,434,3
219,453,6
219,463,1
219,507,2
219,407,1
219,451,3
218,505,1
218,459,1
218,592,2
218,452,1
218,449,1
218,517,4
218,516,2
218,512,1
218,507,1
217,456,1
217,479,1
217,478,1
217,454,2
217,477,1
217,500,2
217,565,1
217,517,2
217,516,1
217,507,2
216,551,13
216,547,1
216,500,1
216,567,1
216,564,2
216,517,1
216,603,1
216,462,1
216,415,1
215,516,1
215,561,3
215,560,1
215,559,1
215,510,1
215,602,1
215,508,2
215,551,1
215,504,1
215,500,2
215,451,1
215,592,1
215,449,1
215,543,1
215,494,1
215,492,2
215,491,1
215,489,1
215,535,1
215,576,1
215,477,1
215,567,1
215,566,6
215,565,7
214,474,4
214,567,1
214,470,1
214,565,2
214,468,2
214,467,1
214,466,1
214,561,2
214,465,3
214,560,1
214,464,3
214,559,5
214,463,4
214,558,4
214,557,1
214,462,2
214,461,1
214,459,2
214,454,3
214,453,9
214,450,1
214,544,2
214,449,1
214,543,1
214,448,6
214,447,4
214,445,1
214,442,6
214,441,6
214,440,3
214,439,2
214,438,7
214,437,3
214,430,1
214,524,2
214,523,2
214,522,2
214,521,1
214,517,4
214,510,1
214,508,1
214,603,1
214,507,5
214,506,1
214,411,4
214,410,2
214,505,1
214,504,1
214,409,2
214,503,1
214,501,4
214,500,11
214,499,5
214,498,3
214,495,2
214,494,10
214,493,4
214,492,6
214,491,2
214,490,1
214,489,7
214,488,20
214,487,11
214,486,9
214,577,2
214,576,3
214,479,1
214,475,1
213,516,7
213,465,2
213,559,3
213,463,1
213,461,2
213,459,1
213,506,2
213,411,1
213,410,1
213,456,1
213,454,1
213,500,2
213,452,2
213,449,1
213,448,9
213,447,3
213,446,3
213,445,4
213,444,2
213,489,2
213,487,2
213,440,7
213,439,1
213,486,2
213,525,1
213,431,2
213,430,1
213,566,1
213,518,1
213,517,1
212,482,1
212,453,1
212,566,3
212,565,4
212,404,1
212,518,1
212,517,2
212,516,10
212,559,3
212,558,1
212,488,18
212,487,1
212,464,2
212,463,1
211,499,1
211,567,2
211,566,1
211,565,3
211,471,1
211,516,8
211,559,1
211,419,1
211,488,2
211,487,1
210,502,1
210,564,2
210,516,2
210,491,1
210,490,1
210,489,1
210,419,1
210,488,2
210,487,3
210,486,2
210,439,1
209,407,1
209,499,1
209,568,1
209,564,1
209,488,1
209,487,3
209,463,2
209,417,1
209,439,3
208,406,1
208,500,1
208,499,1
208,543,1
208,576,3
208,487,1
208,550,2
207,526,1
207,456,1
207,525,3
207,524,1
207,452,1
207,517,2
207,447,2
207,539,1
207,561,1
207,560,1
207,513,1
207,557,1
207,419,1
207,577,2
206,560,2
206,491,1
206,557,1
206,577,4
206,464,1
206,551,2
206,517,3
205,494,1
205,492,1
205,534,1
205,456,1
205,517,1
204,594,1
204,518,1
204,517,5
204,563,1
204,539,1
204,516,1
204,492,1
204,491,1
204,559,2
204,579,2
203,595,2
203,517,1
202,450,1
202,457,1
202,543,8
202,542,3
202,541,2
202,584,1
202,594,1
202,451,3
201,594,2
201,544,3
201,543,2
201,542,3
201,541,2
201,540,1
201,539,1
201,536,2
201,509,1
200,571,1
200,524,1
200,500,1
200,544,1
200,543,2
200,542,5
200,540,1
200,509,1
200,508,2
200,507,2
199,523,1
199,577,1
199,500,5
199,543,2
199,508,2
199,541,2
198,525,1
198,598,1
198,507,3
198,517,1
197,448,1
197,447,1
197,533,1
197,498,1
197,542,1
197,529,1
196,452,2
195,594,1
194,527,2
194,508,1
194,595,3
194,441,4
193,525,1
193,656,1
193,578,1
193,508,9
193,507,2
193,506,1
192,499,1
192,497,1
192,543,1
192,496,1
192,542,3
192,495,1
192,494,1
192,559,1
192,603,1
192,533,1
192,509,4
192,508,3
192,507,13
191,509,2
191,542,6
191,508,1
190,517,1
189,620,3
189,618,1
189,627,5
188,516,1
188,619,1
188,616,1
187,502,2
187,621,2
187,675,3
186,515,1
186,504,1
186,624,1
186,502,1
186,524,1
186,620,7
186,518,1
185,505,1
185,620,10
185,619,1
185,504,1
185,614,4
185,544,1
185,498,8
185,656,1
185,517,2
185,631,1
185,516,1
185,515,1
185,626,2
185,625,2
185,624,1
184,516,3
184,525,1
184,545,1
184,655,1
184,543,1
184,518,4
184,517,6
183,516,1
183,620,1
183,619,1
183,508,1
183,584,1
183,517,1
182,517,2
180,712,1
180,507,1
179,579,1
179,576,2
179,542,4
179,552,1
179,508,1
178,512,1
178,578,1
178,543,1
178,630,1
178,542,3
178,508,5
178,507,1
178,594,1
177,576,1
177,508,1
177,594,1
173,585,1
172,646,1
172,521,1
171,527,1
171,669,1
171,646,1
171,503,3
171,525,3
171,655,2
171,555,1
170,526,1
170,501,1
170,524,3
170,500,1
170,542,1
170,680,1
170,655,1
170,516,1
170,508,1
170,577,1
168,538,1
168,608,1
168,595,1
167,600,2
167,595,1
166,673,1
165,560,1
161,655,1
151,645,1
149,630,1
146,651,1
140,653,1
130,668,1
128,668,1
102,393,1
101,395,1
99,415,1
99,766,1
99,424,2
98,414,1
97,416,1
96,415,1
96,414,6
95,415,1
95,414,1
93,695,1
92,413,1
92,694,1
91,413,1
90,415,1
90,414,1
90,413,1
88,415,1
82,434,1
79,744,2
77,736,1
77,744,2
73,413,1
73,412,2
70,741,1
59,670,1
55,675,1
53,474,1
50,416,2
49,392,1
49,675,1
48,676,1
47,675,1
41,768,1
38,559,1
36,86,1
35,82,2
35,81,2
34,74,1
34,77,1
33,70,3
31,559,1
23,559,1
16,559,1
13,567,1
13,434,1
12,559,1
9,559,1
9,564,1
4,595,2
2,513,1
2,597,1
2,596,1
2,595,1
1,562,2
1,561,2
1,559,2
1,596,1
1,593,1
1,592,2
1,589,1
1,588,1
1,583,2
1,582,1
1,577,1
1,576,1
1,575,1
1,573,1
1,571,1
1,570,1
1,566,1
1,565,1
1,564,1
0,560,1
0,581,1
0,579,1
0,576,1
0,563,3
0,583,1
0,561,2
